-20 0 0 0 30 0
-19.9992 0.15 0 0.307704 29.9994 0
-19.9969 0.299991 0 0.615409 29.9962 0
-19.9931 0.449959 0 0.923111 29.9905 0
-19.9877 0.599892 0 1.23081 29.9822 0
-19.9808 0.749778 0 1.53849 29.9714 0
-19.9723 0.899603 0 1.84615 29.9581 0
-19.9623 1.04936 0 2.15379 29.9421 0
-19.9508 1.19902 0 2.46141 29.9236 0
-19.9377 1.34859 0 2.769 29.9026 0
-19.9231 1.49804 0 3.07656 29.8789 0
-19.9069 1.64737 0 3.38408 29.8526 0
-19.8892 1.79657 0 3.69157 29.8237 0
-19.87 1.94561 0 3.99902 29.7922 0
-19.8492 2.09448 0 4.30644 29.7581 0
-19.8269 2.24318 0 4.61382 29.7212 0
-19.8031 2.39169 0 4.92118 29.6817 0
-19.7777 2.54 0 5.22851 29.6394 0
-19.7508 2.68808 0 5.53583 29.5944 0
-19.7224 2.83594 0 5.84314 29.5466 0
-19.6924 2.98354 0 6.15048 29.4959 0
-19.6609 3.13089 0 6.45785 29.4425 0
-19.6278 3.27796 0 6.7653 29.386 0
-19.5932 3.42475 0 7.07285 29.3267 0
-19.5571 3.57123 0 7.38057 29.2643 0
-19.5194 3.71738 0 7.68851 29.1988 0
-19.4802 3.86321 0 7.99676 29.1302 0
-19.4394 4.00868 0 8.30543 29.0584 0
-19.3971 4.15379 0 8.61465 28.9833 0
-19.3533 4.29851 0 8.92459 28.9049 0
-19.3079 4.44283 0 9.23548 28.8232 0
-19.2609 4.58673 0 9.54757 28.7381 0
-19.2124 4.7302 0 9.86118 28.6497 0
-19.1623 4.87322 0 10.1767 28.5581 0
-19.1106 5.01578 0 10.4945 28.4636 0
-19.0574 5.15785 0 10.815 28.3666 0
-19.0025 5.29944 0 11.1386 28.2677 0
-18.946 5.44053 0 11.4654 28.1678 0
-18.8878 5.58112 0 11.7952 28.068 0
-18.828 5.72122 0 12.1276 27.9691 0
-18.7665 5.86083 0 12.4614 27.8721 0
-18.7034 5.99995 0 12.7953 27.7774 0
-18.6386 6.13861 0 13.1278 27.6848 0
-18.5721 6.27681 0 13.4576 27.5935 0
-18.504 6.41455 0 13.784 27.5026 0
-18.4343 6.55183 0 14.1066 27.4108 0
-18.363 6.68865 0 14.4254 27.3173 0
-18.2901 6.825 0 14.7409 27.2211 0
-18.2156 6.96086 0 15.0533 27.1218 0
-18.1395 7.09621 0 15.3632 27.0189 0
-18.0619 7.23104 0 15.6711 26.9123 0
-17.9828 7.36532 0 15.9772 26.8019 0
-17.9022 7.49905 0 16.2819 26.6876 0
-17.82 7.63219 0 16.5855 26.5696 0
-17.7363 7.76474 0 16.8881 26.4478 0
-17.6511 7.89666 0 17.1898 26.3223 0
-17.5644 8.02795 0 17.4909 26.1932 0
-17.4762 8.15859 0 17.7914 26.0605 0
-17.3865 8.28855 0 18.0912 25.9243 0
-17.2953 8.41783 0 18.3906 25.7846 0
-17.2026 8.5464 0 18.6895 25.6414 0
-17.1084 8.67424 0 18.988 25.4948 0
-17.0127 8.80134 0 19.286 25.3449 0
-16.9156 8.92768 0 19.5835 25.1916 0
-16.8169 9.05325 0 19.8807 25.0349 0
-16.7167 9.17803 0 20.1773 24.8749 0
-16.6151 9.30199 0 20.4736 24.7116 0
-16.512 9.42514 0 20.7694 24.545 0
-16.4074 9.54744 0 21.0647 24.375 0
-16.3014 9.66888 0 21.3595 24.2018 0
-16.1938 9.78945 0 21.6539 24.0252 0
-16.0848 9.90913 0 21.9477 23.8452 0
-15.9744 10.0279 0 22.241 23.662 0
-15.8624 10.1457 0 22.5338 23.4754 0
-15.749 10.2627 0 22.8259 23.2854 0
-15.6342 10.3786 0 23.1175 23.0921 0
-15.5178 10.4936 0 23.4085 22.8954 0
-15.4001 10.6075 0 23.6988 22.6952 0
-15.2809 10.7205 0 23.9885 22.4917 0
-15.1602 10.8325 0 24.2775 22.2846 0
-15.0381 10.9434 0 24.5657 22.0741 0
-14.9145 11.0532 0 24.8533 21.8602 0
-14.7896 11.162 0 25.1401 21.6427 0
-14.6631 11.2696 0 25.426 21.4216 0
-14.5353 11.3762 0 25.7112 21.197 0
-14.406 11.4816 0 25.9955 20.9688 0
-14.2753 11.5858 0 26.279 20.7369 0
-14.1432 11.6889 0 26.5615 20.5014 0
-14.0097 11.7909 0 26.8431 20.2622 0
-13.8748 11.8916 0 27.1238 20.0193 0
-13.7385 11.991 0 27.4034 19.7725 0
-13.6008 12.0893 0 27.6821 19.522 0
-13.4617 12.1863 0 27.9596 19.2676 0
-13.3212 12.282 0 28.2361 19.0094 0
-13.1793 12.3763 0 28.5115 18.7471 0
-13.0361 12.4694 0 28.7857 18.4809 0
-12.8915 12.5612 0 29.0588 18.2106 0
-12.7455 12.6515 0 29.3306 17.9363 0
-12.5982 12.7405 0 29.6013 17.6577 0
-12.4495 12.8281 0 29.8706 17.3749 0
-12.2994 12.9143 0 30.1387 17.0879 0
-12.1481 12.999 0 30.4055 16.7964 0
-11.9954 13.0822 0 30.671 16.5004 0
-11.8414 13.164 0 30.9352 16.1999 0
-11.686 13.2442 0 31.1981 15.8947 0
-11.5294 13.3229 0 31.4597 15.5847 0
-11.3714 13.4 0 31.7201 15.2698 0
-11.2122 13.4756 0 31.9795 14.9499 0
-11.0517 13.5495 0 32.2378 14.6248 0
-10.8898 13.6218 0 32.4953 14.2944 0
-10.7267 13.6925 0 32.7523 13.9586 0
-10.5623 13.7614 0 33.009 13.6173 0
-10.3966 13.8286 0 33.2659 13.2705 0
-10.2296 13.8941 0 33.5236 12.9185 0
-10.0614 13.9578 0 33.7826 12.5616 0
-9.8918 14.0197 0 34.0435 12.2004 0
-9.72092 14.0798 0 34.3068 11.8363 0
-9.54872 14.1381 0 34.5723 11.4705 0
-9.37519 14.1945 0 34.8393 11.1048 0
-9.20033 14.2491 0 35.1061 10.7404 0
-9.02414 14.3019 0 35.3705 10.3779 0
-8.84664 14.3529 0 35.6301 10.0166 0
-8.66786 14.4021 0 35.8832 9.65531 0
-8.48783 14.4495 0 36.129 9.29209 0
-8.30658 14.495 0 36.3674 8.92536 0
-8.12417 14.5387 0 36.5988 8.55386 0
-7.94061 14.5806 0 36.8237 8.17678 0
-7.75594 14.6205 0 37.043 7.79364 0
-7.57019 14.6585 0 37.257 7.40422 0
-7.38338 14.6945 0 37.4663 7.00847 0
-7.19553 14.7286 0 37.6711 6.60639 0
-7.00667 14.7606 0 37.8717 6.19806 0
-6.81682 14.7905 0 38.0682 5.78356 0
-6.62599 14.8184 0 38.2607 5.36298 0
-6.43422 14.8441 0 38.4492 4.9364 0
-6.24151 14.8678 0 38.6337 4.5039 0
-6.04789 14.8892 0 38.8143 4.06554 0
-5.85337 14.9084 0 38.9907 3.62139 0
-5.65798 14.9254 0 39.1631 3.17148 0
-5.46175 14.9401 0 39.3312 2.71585 0
-5.26468 14.9525 0 39.495 2.25455 0
-5.0668 14.9626 0 39.6543 1.78759 0
-4.86814 14.9704 0 39.8092 1.31501 0
-4.66872 14.9758 0 39.9593 0.836812 0
-4.46855 14.9788 0 40.1047 0.353021 0
-4.26768 14.9793 0 40.2451 -0.136351 0
-4.06611 14.9774 0 40.3805 -0.631291 0
-3.86388 14.973 0 40.5107 -1.13179 0
-3.66101 14.9661 0 40.6355 -1.63783 0
-3.45753 14.9566 0 40.7549 -2.14941 0
-3.25347 14.9446 0 40.8686 -2.66652 0
-3.04885 14.9299 0 40.9765 -3.18913 0
-2.84371 14.9127 0 41.0784 -3.71725 0
-2.63808 14.8928 0 41.1742 -4.25085 0
-2.43198 14.8702 0 41.2637 -4.78992 0
-2.22545 14.8449 0 41.3468 -5.33445 0
-2.01852 14.8168 0 41.4232 -5.8844 0
-1.81122 14.786 0 41.4928 -6.43977 0
-1.6036 14.7524 0 41.5554 -7.00052 0
-1.39568 14.716 0 41.6108 -7.56662 0
-1.1875 14.6767 0 41.6588 -8.13806 0
-0.979101 14.6346 0 41.6993 -8.71478 0
-0.770518 14.5896 0 41.732 -9.29676 0
-0.561792 14.5416 0 41.7567 -9.88396 0
-0.352962 14.4907 0 41.7732 -10.4763 0
-0.14407 14.4369 0 41.7814 -11.0738 0
0.064841 14.38 0 41.781 -11.6764 0
0.273728 14.3201 0 41.7718 -12.2839 0
0.482548 14.2571 0 41.7536 -12.8964 0
0.691253 14.1911 0 41.7262 -13.5139 0
0.899797 14.122 0 41.6892 -14.1361 0
1.10813 14.0497 0 41.6426 -14.7631 0
1.31621 13.9744 0 41.5861 -15.3947 0
1.52398 13.8958 0 41.5194 -16.0309 0
1.73139 13.814 0 41.4424 -16.6717 0
1.93839 13.7291 0 41.3547 -17.3169 0
2.14492 13.6409 0 41.2562 -17.9664 0
2.35094 13.5494 0 41.1466 -18.6201 0
2.55638 13.4547 0 41.0257 -19.278 0
2.76118 13.3566 0 40.8933 -19.94 0
2.96529 13.2553 0 40.7491 -20.6059 0
3.16866 13.1505 0 40.5929 -21.2756 0
3.37121 13.0425 0 40.4247 -21.9491 0
3.57289 12.9311 0 40.2441 -22.6263 0
3.77364 12.8162 0 40.0512 -23.307 0
3.97339 12.698 0 39.8458 -23.9912 0
4.17208 12.5763 0 39.6279 -24.6788 0
4.36965 12.4512 0 39.3977 -25.3695 0
4.56605 12.3226 0 39.1551 -26.0633 0
4.76119 12.1905 0 38.9007 -26.7599 0
4.95504 12.055 0 38.6346 -27.4589 0
5.14753 11.916 0 38.3575 -28.1597 0
5.33861 11.7734 0 38.0699 -28.8613 0
5.52822 11.6274 0 37.7721 -29.5624 0
5.71632 11.4778 0 37.4642 -30.2612 0
5.90285 11.3248 0 37.1454 -30.9557 0
6.08775 11.1683 0 36.8144 -31.6439 0
6.27097 11.0083 0 36.469 -32.3246 0
6.45242 10.845 0 36.1068 -32.9974 0
6.63201 10.6784 0 35.726 -33.663 0
6.80965 10.5084 0 35.3252 -34.3223 0
6.98523 10.3352 0 34.9041 -34.9762 0
7.15866 10.1586 0 34.4627 -35.6257 0
7.32983 9.9789 0 34.0014 -36.271 0
7.49865 9.79594 0 33.5207 -36.9123 0
7.66501 9.60978 0 33.0211 -37.5493 0
7.82883 9.42045 0 32.503 -38.1817 0
7.99002 9.22797 0 31.9668 -38.8091 0
8.14848 9.03237 0 31.4128 -39.4308 0
8.30412 8.83367 0 30.8413 -40.0464 0
8.45687 8.63191 0 30.2526 -40.655 0
8.60663 8.42713 0 29.6467 -41.2562 0
8.75331 8.21936 0 29.0238 -41.8493 0
8.89684 8.00865 0 28.3843 -42.4336 0
9.03714 7.79504 0 27.7282 -43.0086 0
9.17411 7.57858 0 27.0557 -43.5736 0
9.30767 7.35932 0 26.3671 -44.1279 0
9.43776 7.13731 0 25.6625 -44.6709 0
9.56428 6.91262 0 24.9422 -45.2021 0
9.68716 6.68531 0 24.2065 -45.7208 0
9.80632 6.45543 0 23.4556 -46.2265 0
9.9217 6.22306 0 22.6898 -46.7184 0
10.0332 5.98826 0 21.9095 -47.1962 0
10.1408 5.75112 0 21.115 -47.6591 0
10.2443 5.51169 0 20.3067 -48.1066 0
10.3438 5.27007 0 19.4849 -48.5382 0
10.4392 5.02633 0 18.6501 -48.9533 0
10.5303 4.78056 0 17.8028 -49.3514 0
10.6172 4.53284 0 16.9433 -49.7321 0
10.6997 4.28326 0 16.0723 -50.0948 0
10.7779 4.03191 0 15.1902 -50.4391 0
10.8516 3.77889 0 14.2975 -50.7646 0
10.9209 3.52429 0 13.3949 -51.0707 0
10.9856 3.26821 0 12.4828 -51.3571 0
11.0457 3.01075 0 11.562 -51.6235 0
11.1012 2.752 0 10.6331 -51.8694 0
11.152 2.49208 0 9.69659 -52.0945 0
11.1981 2.23108 0 8.75332 -52.2986 0
11.2395 1.96912 0 7.80396 -52.4812 0
11.2762 1.7063 0 6.84924 -52.6422 0
11.308 1.44272 0 5.88993 -52.7813 0
11.335 1.17851 0 4.92683 -52.8983 0
11.3573 0.913767 0 3.96073 -52.9931 0
11.3746 0.648606 0 2.99244 -53.0655 0
11.3872 0.383139 0 2.02279 -53.1156 0
11.3949 0.117478 0 1.05258 -53.1433 0
11.3977 -0.148266 0 0.0825999 -53.1485 0
11.3957 -0.41398 0 -0.886368 -53.1314 0
11.3889 -0.679553 0 -1.85356 -53.092 0
11.3772 -0.944873 0 -2.81822 -53.0305 0
11.3607 -1.20983 0 -3.77962 -52.947 0
11.3394 -1.47432 0 -4.73705 -52.8417 0
11.3133 -1.73822 0 -5.68978 -52.7147 0
11.2825 -2.00144 0 -6.63714 -52.5664 0
11.247 -2.26386 0 -7.57844 -52.3969 0
11.2067 -2.52538 0 -8.51302 -52.2066 0
11.1618 -2.7859 0 -9.44023 -51.9957 0
11.1123 -3.04531 0 -10.3594 -51.7647 0
11.0582 -3.30352 0 -11.27 -51.5139 0
10.9996 -3.56043 0 -12.1714 -51.2436 0
10.9365 -3.81593 0 -13.063 -50.9543 0
10.869 -4.06995 0 -13.9443 -50.6464 0
10.7971 -4.32238 0 -14.8146 -50.3205 0
10.7209 -4.57313 0 -15.6736 -49.9769 0
10.6404 -4.82212 0 -16.5207 -49.6162 0
10.5557 -5.06927 0 -17.3554 -49.2389 0
10.4669 -5.31449 0 -18.1774 -48.8456 0
10.3739 -5.55771 0 -18.986 -48.4368 0
10.277 -5.79884 0 -19.781 -48.013 0
10.1762 -6.03782 0 -20.562 -47.5749 0
10.0714 -6.27457 0 -21.3285 -47.123 0
9.96289 -6.50903 0 -22.0802 -46.6579 0
9.85064 -6.74113 0 -22.8168 -46.1803 0
9.73474 -6.97082 0 -23.5378 -45.6908 0
9.61528 -7.19803 0 -24.2429 -45.1899 0
9.49233 -7.4227 0 -24.9318 -44.6782 0
9.36598 -7.6448 0 -25.6041 -44.1564 0
9.23631 -7.86426 0 -26.2593 -43.6249 0
9.10341 -8.08103 0 -26.897 -43.0842 0
8.96737 -8.29509 0 -27.5168 -42.5348 0
8.82827 -8.50637 0 -28.1183 -41.9768 0
8.68621 -8.71484 0 -28.7009 -41.4103 0
8.54128 -8.92046 0 -29.2645 -40.8352 0
8.39359 -9.12318 0 -29.8088 -40.2511 0
8.24322 -9.32296 0 -30.3342 -39.6576 0
8.09028 -9.51975 0 -30.8414 -39.054 0
7.93484 -9.71349 0 -31.3315 -38.4402 0
7.77698 -9.90413 0 -31.8063 -37.8161 0
7.61679 -10.0916 0 -32.2673 -37.1828 0
7.45433 -10.2759 0 -32.716 -36.5415 0
7.28965 -10.457 0 -33.1533 -35.8939 0
7.12281 -10.6349 0 -33.5794 -35.2419 0
6.95386 -10.8094 0 -33.9942 -34.587 0
6.78287 -10.9807 0 -34.3974 -33.9304 0
6.6099 -11.1487 0 -34.7885 -33.2731 0
6.435 -11.3135 0 -35.1671 -32.6156 0
6.25824 -11.4749 0 -35.5326 -31.9586 0
6.07969 -11.6331 0 -35.8848 -31.3022 0
5.89941 -11.7879 0 -36.2236 -30.6467 0
5.71747 -11.9395 0 -36.5489 -29.9924 0
5.53394 -12.0879 0 -36.8605 -29.3394 0
5.34888 -12.2329 0 -37.1586 -28.6879 0
5.16237 -12.3747 0 -37.4433 -28.038 0
4.97446 -12.5133 0 -37.7147 -27.3898 0
4.78523 -12.6486 0 -37.973 -26.7436 0
4.59475 -12.7807 0 -38.2184 -26.0995 0
4.40307 -12.9096 0 -38.451 -25.4577 0
4.21025 -13.0353 0 -38.6711 -24.8182 0
4.01637 -13.1578 0 -38.879 -24.1813 0
3.82148 -13.2771 0 -39.0748 -23.5471 0
3.62564 -13.3933 0 -39.2588 -22.9157 0
3.42891 -13.5063 0 -39.4312 -22.2874 0
3.23134 -13.6162 0 -39.5922 -21.6621 0
3.033 -13.7229 0 -39.7422 -21.0402 0
2.83393 -13.8266 0 -39.8813 -20.4216 0
2.6342 -13.9272 0 -40.0097 -19.8065 0
2.43385 -14.0247 0 -40.1278 -19.1951 0
2.23294 -14.1191 0 -40.2356 -18.5874 0
2.03151 -14.2105 0 -40.3335 -17.9835 0
1.82962 -14.2989 0 -40.4216 -17.3836 0
1.62731 -14.3844 0 -40.5002 -16.7878 0
1.42463 -14.4668 0 -40.5695 -16.1961 0
1.22162 -14.5463 0 -40.6297 -15.6087 0
1.01834 -14.6229 0 -40.681 -15.0255 0
0.814823 -14.6966 0 -40.7237 -14.4468 0
0.611114 -14.7674 0 -40.7579 -13.8725 0
0.407255 -14.8353 0 -40.7838 -13.3027 0
0.203287 -14.9004 0 -40.8016 -12.7375 0
-0.000750396 -14.9627 0 -40.8116 -12.177 0
-0.204818 -15.0222 0 -40.8138 -11.6212 0
-0.408879 -15.0789 0 -40.8086 -11.0701 0
-0.612895 -15.1329 0 -40.796 -10.5238 0
-0.81683 -15.1842 0 -40.7763 -9.98238 0
-1.02065 -15.2327 0 -40.7496 -9.44583 0
-1.22432 -15.2786 0 -40.7161 -8.9142 0
-1.4278 -15.3219 0 -40.676 -8.38753 0
-1.63107 -15.3625 0 -40.6295 -7.86585 0
-1.83409 -15.4006 0 -40.5766 -7.3492 0
-2.03683 -15.436 0 -40.5175 -6.8376 0
-2.23926 -15.4689 0 -40.4525 -6.33107 0
-2.44134 -15.4993 0 -40.3816 -5.82966 0
-2.64306 -15.5272 0 -40.3049 -5.33339 0
-2.84439 -15.5527 0 -40.2227 -4.84227 0
-3.04528 -15.5757 0 -40.135 -4.35634 0
-3.24573 -15.5962 0 -40.0419 -3.87563 0
-3.4457 -15.6144 0 -39.9436 -3.40017 0
-3.64516 -15.6303 0 -39.8402 -2.92997 0
-3.84409 -15.6437 0 -39.7317 -2.46508 0
-4.04247 -15.6549 0 -39.6182 -2.00551 0
-4.24027 -15.6638 0 -39.4998 -1.55131 0
-4.43746 -15.6704 0 -39.3766 -1.10249 0
-4.63403 -15.6748 0 -39.2485 -0.659095 0
-4.82994 -15.677 0 -39.1155 -0.221136 0
-5.02518 -15.6771 0 -38.9777 0.211372 0
-5.21971 -15.6749 0 -38.8348 0.638436 0
-5.41352 -15.6707 0 -38.6869 1.06009 0
-5.60657 -15.6643 0 -38.5338 1.4764 0
-5.79885 -15.6559 0 -38.3752 1.88753 0
-5.99031 -15.6455 0 -38.2109 2.29371 0
-6.18095 -15.633 0 -38.0406 2.6953 0
-6.37071 -15.6185 0 -37.8642 3.09286 0
-6.55957 -15.6021 0 -37.6814 3.48712 0
-6.74751 -15.5837 0 -37.4923 3.87901 0
-6.93448 -15.5633 0 -37.2974 4.26958 0
-7.12047 -15.541 0 -37.0975 4.65982 0
-7.30545 -15.5167 0 -36.8939 5.05046 0
-7.4894 -15.4904 0 -36.6881 5.4417 0
-7.67233 -15.4622 0 -36.4818 5.83314 0
-7.85422 -15.4321 0 -36.276 6.22384 0
-8.03509 -15.4 0 -36.0716 6.61255 0
-8.21495 -15.366 0 -35.8687 6.99808 0
-8.39379 -15.33 0 -35.667 7.3794 0
-8.57162 -15.2922 0 -35.4661 7.75581 0
-8.74845 -15.2525 0 -35.2655 8.12689 0
-8.92428 -15.2109 0 -35.0646 8.49246 0
-9.0991 -15.1676 0 -34.8631 8.85247 0
-9.27291 -15.1224 0 -34.6605 9.207 0
-9.44571 -15.0755 0 -34.4567 9.55617 0
-9.61748 -15.0269 0 -34.2514 9.90013 0
-9.78822 -14.9765 0 -34.0445 10.239 0
-9.95792 -14.9245 0 -33.8359 10.573 0
-10.1266 -14.8708 0 -33.6257 10.9023 0
-10.2942 -14.8155 0 -33.4137 11.2269 0
-10.4607 -14.7585 0 -33.1999 11.547 0
-10.6262 -14.7 0 -32.9844 11.8627 0
-10.7906 -14.6399 0 -32.7672 12.1741 0
-10.9538 -14.5783 0 -32.5484 12.4813 0
-11.116 -14.5151 0 -32.3278 12.7843 0
-11.2771 -14.4504 0 -32.1057 13.0833 0
-11.4371 -14.3843 0 -31.882 13.3784 0
-11.5959 -14.3167 0 -31.6567 13.6695 0
-11.7537 -14.2476 0 -31.43 13.9567 0
-11.9102 -14.1771 0 -31.2018 14.2401 0
-12.0657 -14.1052 0 -30.9722 14.5198 0
-12.22 -14.0319 0 -30.7412 14.7957 0
-12.3731 -13.9572 0 -30.5089 15.068 0
-12.525 -13.8812 0 -30.2753 15.3366 0
-12.6758 -13.8039 0 -30.0404 15.6017 0
-12.8254 -13.7252 0 -29.8043 15.8632 0
-12.9739 -13.6452 0 -29.567 16.1212 0
-13.1211 -13.564 0 -29.3285 16.3757 0
-13.2672 -13.4815 0 -29.089 16.6268 0
-13.412 -13.3977 0 -28.8483 16.8745 0
-13.5556 -13.3128 0 -28.6066 17.1187 0
-13.6981 -13.2266 0 -28.3638 17.3596 0
-13.8393 -13.1392 0 -28.1201 17.5972 0
-13.9793 -13.0506 0 -27.8754 17.8315 0
-14.118 -12.9608 0 -27.6298 18.0625 0
-14.2556 -12.87 0 -27.3832 18.2902 0
-14.3919 -12.778 0 -27.1358 18.5147 0
-14.5269 -12.6848 0 -26.8875 18.736 0
-14.6607 -12.5906 0 -26.6384 18.9541 0
-14.7933 -12.4953 0 -26.3884 19.169 0
-14.9246 -12.3989 0 -26.1377 19.3808 0
-15.0547 -12.3015 0 -25.8861 19.5894 0
-15.1835 -12.203 0 -25.6338 19.7949 0
-15.311 -12.1035 0 -25.3808 19.9972 0
-15.4373 -12.0031 0 -25.1271 20.1965 0
-15.5623 -11.9016 0 -24.8726 20.3927 0
-15.686 -11.7991 0 -24.6174 20.5858 0
-15.8085 -11.6957 0 -24.3616 20.7759 0
-15.9296 -11.5914 0 -24.105 20.9628 0
-16.0495 -11.4861 0 -23.8478 21.1467 0
-16.1681 -11.3799 0 -23.5898 21.3276 0
-16.2854 -11.2728 0 -23.3312 21.5053 0
-16.4014 -11.1649 0 -23.0718 21.68 0
-16.5161 -11.056 0 -22.8117 21.8517 0
-16.6295 -10.9463 0 -22.5509 22.0202 0
-16.7416 -10.8358 0 -22.2893 22.1857 0
-16.8524 -10.7245 0 -22.0268 22.348 0
-16.9619 -10.6124 0 -21.7634 22.5073 0
-17.07 -10.4994 0 -21.4991 22.6634 0
-17.1769 -10.3857 0 -21.2337 22.8165 0
-17.2824 -10.2713 0 -20.967 22.9664 0
-17.3865 -10.1561 0 -20.6991 23.1133 0
-17.4894 -10.0401 0 -20.4296 23.2571 0
-17.5908 -9.9235 0 -20.1584 23.3979 0
-17.6909 -9.80617 0 -19.8852 23.536 0
-17.7897 -9.68815 0 -19.6097 23.6715 0
-17.887 -9.56946 0 -19.3317 23.8047 0
-17.983 -9.45011 0 -19.0509 23.936 0
-18.0775 -9.3301 0 -18.7672 24.0662 0
-18.1707 -9.20944 0 -18.4804 24.1958 0
-18.2623 -9.08814 0 -18.191 24.3259 0
-18.3526 -8.96618 0 -17.8994 24.4571 0
-18.4413 -8.84356 0 -17.6066 24.5903 0
-18.5286 -8.72027 0 -17.3138 24.7256 0
-18.6145 -8.59629 0 -17.0224 24.8629 0
-18.6989 -8.47163 0 -16.7335 25.0015 0
-18.7818 -8.34627 0 -16.4477 25.1403 0
-18.8633 -8.22023 0 -16.1656 25.2783 0
-18.9435 -8.09349 0 -15.8868 25.4145 0
-19.0222 -7.96609 0 -15.6111 25.548 0
-19.0996 -7.83802 0 -15.3379 25.6784 0
-19.1756 -7.70931 0 -15.0667 25.8053 0
-19.2503 -7.57997 0 -14.7971 25.9286 0
-19.3236 -7.45003 0 -14.5285 26.0484 0
-19.3956 -7.3195 0 -14.2608 26.1646 0
-19.4662 -7.18839 0 -13.9935 26.2774 0
-19.5355 -7.05673 0 -13.7266 26.3868 0
-19.6035 -6.92453 0 -13.4598 26.493 0
-19.6701 -6.79181 0 -13.1931 26.5962 0
-19.7354 -6.65857 0 -12.9263 26.6964 0
-19.7993 -6.52485 0 -12.6595 26.7937 0
-19.862 -6.39064 0 -12.3924 26.8882 0
-19.9233 -6.25597 0 -12.1252 26.98 0
-19.9832 -6.12085 0 -11.8578 27.0692 0
-20.0418 -5.98528 0 -11.5902 27.1558 0
-20.0991 -5.84929 0 -11.3223 27.2399 0
-20.1551 -5.71289 0 -11.0542 27.3215 0
-20.2097 -5.57608 0 -10.786 27.4008 0
-20.2629 -5.43888 0 -10.5174 27.4776 0
-20.3148 -5.30131 0 -10.2487 27.5521 0
-20.3654 -5.16336 0 -9.97974 27.6243 0
-20.4146 -5.02507 0 -9.71058 27.6942 0
-20.4625 -4.88643 0 -9.44122 27.7619 0
-20.5091 -4.74745 0 -9.17166 27.8273 0
-20.5542 -4.60816 0 -8.90192 27.8905 0
-20.5981 -4.46855 0 -8.63199 27.9515 0
-20.6406 -4.32864 0 -8.36189 28.0103 0
-20.6817 -4.18845 0 -8.09162 28.067 0
-20.7215 -4.04798 0 -7.82118 28.1215 0
-20.7599 -3.90724 0 -7.5506 28.1739 0
-20.797 -3.76624 0 -7.27986 28.2241 0
-20.8327 -3.625 0 -7.00898 28.2723 0
-20.8671 -3.48352 0 -6.73796 28.3183 0
-20.9001 -3.34182 0 -6.46681 28.3622 0
-20.9317 -3.1999 0 -6.19553 28.404 0
-20.962 -3.05778 0 -5.92413 28.4437 0
-20.991 -2.91547 0 -5.65261 28.4813 0
-21.0186 -2.77297 0 -5.38098 28.5169 0
-21.0448 -2.6303 0 -5.10923 28.5503 0
-21.0697 -2.48747 0 -4.83737 28.5817 0
-21.0932 -2.34449 0 -4.5654 28.611 0
-21.1153 -2.20136 0 -4.29333 28.6382 0
-21.1361 -2.05811 0 -4.02115 28.6632 0
-21.1555 -1.91473 0 -3.74886 28.6862 0
-21.1736 -1.77125 0 -3.47647 28.7071 0
-21.1903 -1.62766 0 -3.20396 28.7259 0
-21.2056 -1.48399 0 -2.93133 28.7426 0
-21.2196 -1.34024 0 -2.65859 28.7571 0
-21.2322 -1.19642 0 -2.38571 28.7695 0
-21.2435 -1.05255 0 -2.11269 28.7797 0
-21.2533 -0.908631 0 -1.83951 28.7878 0
-21.2618 -0.764676 0 -1.56617 28.7936 0
-21.269 -0.620698 0 -1.29263 28.7973 0
-21.2748 -0.476707 0 -1.01887 28.7987 0
-21.2792 -0.332715 0 -0.744851 28.7979 0
-21.2822 -0.188732 0 -0.470543 28.7948 0
-21.2839 -0.0447711 0 -0.19589 28.7893 0
-21.2842 0.0991569 0 0.0791708 28.7815 0
-21.2831 0.24304 0 0.354716 28.7714 0
-21.2806 0.386866 0 0.63084 28.7588 0
-21.2768 0.530623 0 0.907661 28.7438 0
-21.2716 0.6743 0 1.18532 28.7264 0
-21.2649 0.817882 0 1.464 28.7065 0
-21.2569 0.96136 0 1.74391 28.6842 0
-21.2475 1.10472 0 2.0253 28.6596 0
-21.2367 1.24795 0 2.30847 28.6327 0
-21.2244 1.39104 0 2.59374 28.6039 0
-21.2107 1.53399 0 2.88146 28.5735 0
-21.1956 1.67678 0 3.17192 28.5419 0
-21.179 1.81941 0 3.4653 28.51 0
-21.1609 1.96188 0 3.76157 28.4787 0
-21.1414 2.1042 0 4.06032 28.4488 0
-21.1203 2.24638 0 4.36068 28.4214 0
-21.0977 2.38843 0 4.66135 28.3971 0
-21.0737 2.53036 0 4.96075 28.3759 0
-21.0482 2.6722 0 5.25739 28.3571 0
-21.0211 2.81394 0 5.55018 28.3396 0
-20.9927 2.95559 0 5.83863 28.322 0
-20.9628 3.09716 0 6.12279 28.303 0
-20.9314 3.23862 0 6.40312 28.2816 0
-20.8987 3.37996 0 6.68024 28.2571 0
-20.8646 3.52118 0 6.95484 28.2292 0
-20.8292 3.66225 0 7.2275 28.1976 0
-20.7924 3.80315 0 7.49874 28.1624 0
-20.7542 3.94386 0 7.76896 28.1236 0
-20.7147 4.08438 0 8.03846 28.0814 0
-20.6738 4.22467 0 8.30747 28.036 0
-20.6316 4.36473 0 8.57616 27.9873 0
-20.5881 4.50454 0 8.84464 27.9357 0
-20.5432 4.64408 0 9.11301 27.8812 0
-20.4969 4.78335 0 9.38132 27.8238 0
-20.4494 4.92232 0 9.64961 27.7638 0
-20.4004 5.06098 0 9.91792 27.7011 0
-20.3502 5.19932 0 10.1862 27.6358 0
-20.2986 5.33733 0 10.4546 27.568 0
-20.2456 5.475 0 10.723 27.4977 0
-20.1913 5.61231 0 10.9914 27.425 0
-20.1357 5.74925 0 11.2599 27.3499 0
-20.0787 5.8858 0 11.5284 27.2724 0
-20.0204 6.02197 0 11.7969 27.1925 0
-19.9608 6.15773 0 12.0654 27.1104 0
-19.8998 6.29307 0 12.3339 27.0258 0
-19.8374 6.42798 0 12.6023 26.939 0
-19.7738 6.56245 0 12.8708 26.8499 0
-19.7087 6.69648 0 13.1392 26.7584 0
-19.6424 6.83004 0 13.4076 26.6647 0
-19.5747 6.96312 0 13.6759 26.5687 0
-19.5056 7.09572 0 13.9442 26.4703 0
-19.4352 7.22782 0 14.2123 26.3697 0
-19.3635 7.35941 0 14.4804 26.2667 0
-19.2904 7.49049 0 14.7484 26.1615 0
-19.216 7.62103 0 15.0163 26.0539 0
-19.1402 7.75102 0 15.284 25.9439 0
-19.0632 7.88046 0 15.5516 25.8317 0
-18.9847 8.00933 0 15.8191 25.7171 0
-18.905 8.13763 0 16.0864 25.6001 0
-18.8239 8.26533 0 16.3536 25.4807 0
-18.7414 8.39243 0 16.6206 25.359 0
-18.6577 8.51892 0 16.8874 25.2349 0
-18.5726 8.64478 0 17.154 25.1083 0
-18.4861 8.77 0 17.4204 24.9793 0
-18.3984 8.89457 0 17.6866 24.8478 0
-18.3093 9.01847 0 17.9526 24.7139 0
-18.2188 9.1417 0 18.2184 24.5774 0
-18.1271 9.26424 0 18.484 24.4385 0
-18.034 9.38608 0 18.7493 24.2969 0
-17.9396 9.50721 0 19.0143 24.1528 0
-17.8438 9.62761 0 19.2792 24.0061 0
-17.7468 9.74727 0 19.5437 23.8568 0
-17.6484 9.86617 0 19.8081 23.7048 0
-17.5487 9.98431 0 20.0721 23.5501 0
-17.4477 10.1017 0 20.336 23.3926 0
-17.3453 10.2182 0 20.5996 23.2323 0
-17.2417 10.334 0 20.863 23.0693 0
-17.1367 10.4489 0 21.1261 22.9033 0
-17.0304 10.563 0 21.3891 22.7344 0
-16.9228 10.6763 0 21.652 22.5624 0
-16.8139 10.7886 0 21.9148 22.3875 0
-16.7037 10.9001 0 22.1775 22.2093 0
-16.5921 11.0107 0 22.4403 22.028 0
-16.4793 11.1204 0 22.7032 21.8435 0
-16.3651 11.2292 0 22.9664 21.6556 0
-16.2496 11.337 0 23.2301 21.4643 0
-16.1328 11.4438 0 23.4945 21.2695 0
-16.0147 11.5496 0 23.7599 21.0714 0
-15.8952 11.6545 0 24.0266 20.8699 0
-15.7744 11.7583 0 24.2951 20.6652 0
-15.6522 11.8611 0 24.5659 20.4576 0
-15.5287 11.9629 0 24.8394 20.2478 0
-15.4038 12.0636 0 25.1161 20.0367 0
-15.2775 12.1633 0 25.396 19.8254 0
-15.1499 12.2619 0 25.6787 19.6154 0
-15.0208 12.3595 0 25.9629 19.4081 0
-14.8902 12.456 0 26.2466 19.2043 0
-14.7583 12.5515 0 26.5275 19.0037 0
-14.625 12.646 0 26.8035 18.8053 0
-14.4903 12.7396 0 27.0736 18.607 0
-14.3543 12.8321 0 27.3373 18.4068 0
-14.2169 12.9236 0 27.5953 18.2033 0
-14.0783 13.0141 0 27.8485 17.9952 0
-13.9385 13.1036 0 28.0977 17.7822 0
-13.7973 13.1919 0 28.3437 17.5639 0
-13.655 13.2792 0 28.5873 17.3405 0
-13.5115 13.3653 0 28.8289 17.1121 0
-13.3667 13.4503 0 29.0689 16.8788 0
-13.2208 13.5341 0 29.3074 16.6408 0
-13.0737 13.6167 0 29.5447 16.3982 0
-12.9253 13.6981 0 29.7809 16.1513 0
-12.7759 13.7782 0 30.0159 15.9001 0
-12.6252 13.8571 0 30.2499 15.6448 0
-12.4734 13.9347 0 30.4828 15.3854 0
-12.3204 14.0109 0 30.7147 15.122 0
-12.1662 14.0859 0 30.9454 14.8547 0
-12.0109 14.1595 0 31.175 14.5834 0
-11.8545 14.2317 0 31.4035 14.3083 0
-11.6969 14.3025 0 31.6307 14.0294 0
-11.5382 14.372 0 31.8567 13.7466 0
-11.3783 14.44 0 32.0814 13.4599 0
-11.2173 14.5066 0 32.3048 13.1695 0
-11.0553 14.5717 0 32.5268 12.8752 0
-10.8921 14.6353 0 32.7473 12.577 0
-10.7278 14.6975 0 32.9664 12.275 0
-10.5624 14.7581 0 33.1839 11.9692 0
-10.396 14.8171 0 33.3997 11.6595 0
-10.2284 14.8747 0 33.614 11.3459 0
-10.0598 14.9306 0 33.8265 11.0284 0
-9.89016 14.9849 0 34.0373 10.707 0
-9.71945 15.0377 0 34.2462 10.3816 0
-9.5477 15.0888 0 34.4533 10.0522 0
-9.37492 15.1382 0 34.6584 9.71885 0
-9.20112 15.1859 0 34.8615 9.38146 0
-9.0263 15.232 0 35.0625 9.04002 0
-8.85049 15.2763 0 35.2614 8.6945 0
-8.67369 15.3189 0 35.4581 8.34487 0
-8.49592 15.3598 0 35.6525 7.9911 0
-8.31717 15.3988 0 35.8447 7.63316 0
-8.13747 15.4361 0 36.0344 7.27102 0
-7.95683 15.4715 0 36.2216 6.90465 0
-7.77526 15.5051 0 36.4063 6.53402 0
-7.59277 15.5369 0 36.5883 6.15908 0
-7.40938 15.5667 0 36.7677 5.77981 0
-7.2251 15.5947 0 36.9443 5.39617 0
-7.03994 15.6207 0 37.1181 5.00812 0
-6.85392 15.6447 0 37.289 4.61563 0
-6.66705 15.6668 0 37.4568 4.21866 0
-6.47936 15.6869 0 37.6216 3.81715 0
-6.29084 15.705 0 37.7832 3.41108 0
-6.10153 15.721 0 37.9415 3.0004 0
-5.91143 15.735 0 38.0965 2.58506 0
-5.72057 15.7469 0 38.2481 2.165 0
-5.52895 15.7566 0 38.3962 1.74019 0
-5.33661 15.7643 0 38.5408 1.31056 0
-5.14355 15.7697 0 38.6816 0.876055 0
-4.9498 15.773 0 38.8187 0.436609 0
-4.75537 15.7741 0 38.9521 -0.00784311 0
-4.56028 15.7729 0 39.0815 -0.457375 0
-4.36456 15.7695 0 39.2071 -0.912065 0
-4.16822 15.7638 0 39.3286 -1.372 0
-3.97128 15.7558 0 39.4462 -1.83725 0
-3.77376 15.7454 0 39.5599 -2.30793 0
-3.57568 15.7327 0 39.6696 -2.78411 0
-3.37706 15.7176 0 39.7755 -3.26589 0
-3.17793 15.7 0 39.8777 -3.75331 0
-2.97829 15.68 0 39.9766 -4.24639 0
-2.77816 15.6576 0 40.0723 -4.74509 0
-2.57756 15.6326 0 40.1654 -5.24921 0
-2.37651 15.6051 0 40.2563 -5.75836 0
-2.175 15.575 0 40.3456 -6.27182 0
-1.97305 15.5423 0 40.4337 -6.78849 0
-1.77066 15.5071 0 40.5205 -7.30683 0
-1.56785 15.4693 0 40.6052 -7.82505 0
-1.36462 15.4289 0 40.686 -8.3416 0
-1.161 15.3859 0 40.7604 -8.85572 0
-0.957037 15.3403 0 40.8256 -9.36794 0
-0.75277 15.2922 0 40.8796 -9.87984 0
-0.548264 15.2415 0 40.9212 -10.3935 0
-0.343579 15.1883 0 40.9505 -10.9108 0
-0.138778 15.1324 0 40.968 -11.433 0
0.0660839 15.0739 0 40.9744 -11.961 0
0.270952 15.0128 0 40.9705 -12.4951 0
0.475776 14.949 0 40.9569 -13.0353 0
0.680509 14.8824 0 40.9341 -13.5814 0
0.885105 14.8131 0 40.9023 -14.1333 0
1.08952 14.7411 0 40.8616 -14.6907 0
1.29371 14.6662 0 40.8121 -15.2533 0
1.49763 14.5885 0 40.7539 -15.8209 0
1.70124 14.508 0 40.6867 -16.3933 0
1.90449 14.4246 0 40.6106 -16.9701 0
2.10733 14.3383 0 40.5254 -17.5512 0
2.30973 14.2491 0 40.4309 -18.1365 0
2.51163 14.1569 0 40.3269 -18.7256 0
2.71298 14.0618 0 40.2134 -19.3184 0
2.91375 13.9637 0 40.09 -19.9147 0
3.11387 13.8627 0 39.9567 -20.5143 0
3.3133 13.7586 0 39.8132 -21.1171 0
3.51199 13.6515 0 39.6593 -21.7228 0
3.70988 13.5414 0 39.4948 -22.3312 0
3.90692 13.4282 0 39.3196 -22.9421 0
4.10306 13.3119 0 39.1334 -23.5554 0
4.29824 13.1926 0 38.936 -24.1708 0
4.49241 13.0702 0 38.7272 -24.7882 0
4.6855 12.9447 0 38.5069 -25.4072 0
4.87746 12.8162 0 38.2748 -26.0277 0
5.06823 12.6845 0 38.0307 -26.6494 0
5.25775 12.5497 0 37.7745 -27.2722 0
5.44596 12.4117 0 37.506 -27.8956 0
5.6328 12.2707 0 37.2249 -28.5196 0
5.8182 12.1265 0 36.9312 -29.1437 0
6.00209 11.9793 0 36.6245 -29.7678 0
6.18442 11.8289 0 36.3048 -30.3916 0
6.36512 11.6754 0 35.9719 -31.0147 0
6.54413 11.5187 0 35.6257 -31.6369 0
6.72136 11.359 0 35.2659 -32.2578 0
6.89677 11.1961 0 34.8924 -32.8772 0
7.07027 11.0302 0 34.5052 -33.4946 0
7.2418 10.8612 0 34.104 -34.1098 0
7.41129 10.6891 0 33.6888 -34.7223 0
7.57867 10.514 0 33.2594 -35.3319 0
7.74387 10.3358 0 32.8158 -35.9382 0
7.90681 10.1546 0 32.3578 -36.5407 0
8.06743 9.9704 0 31.8854 -37.139 0
8.22565 9.78322 0 31.3986 -37.7328 0
8.3814 9.59308 0 30.8972 -38.3216 0
8.5346 9.40001 0 30.3814 -38.9051 0
8.68519 9.20404 0 29.8511 -39.4826 0
8.8331 9.00519 0 29.3063 -40.0539 0
8.97824 8.80351 0 28.7471 -40.6184 0
9.12055 8.59902 0 28.1736 -41.1756 0
9.25996 8.39176 0 27.5858 -41.7252 0
9.39639 8.18178 0 26.9839 -42.2666 0
9.52978 7.96911 0 26.3681 -42.7993 0
9.66005 7.75379 0 25.7383 -43.323 0
9.78715 7.53589 0 25.095 -43.8371 0
9.91099 7.31544 0 24.4381 -44.3411 0
10.0315 7.09249 0 23.768 -44.8347 0
10.1487 6.8671 0 23.0849 -45.3173 0
10.2623 6.63933 0 22.3889 -45.7885 0
10.3725 6.40923 0 21.6805 -46.2478 0
10.4791 6.17687 0 20.9598 -46.6947 0
10.5821 5.9423 0 20.2273 -47.1289 0
10.6814 5.7056 0 19.4832 -47.5499 0
10.7769 5.46682 0 18.7281 -47.9572 0
10.8687 5.22605 0 17.9622 -48.3503 0
10.9565 4.98334 0 17.1861 -48.7289 0
11.0405 4.73878 0 16.4003 -49.0924 0
11.1205 4.49244 0 15.6053 -49.4405 0
11.1966 4.24439 0 14.8017 -49.7725 0
11.2685 3.99473 0 13.9901 -50.0881 0
11.3365 3.74354 0 13.1712 -50.3867 0
11.4002 3.49089 0 12.3456 -50.6676 0
11.4599 3.23688 0 11.5139 -50.9304 0
11.5154 2.98161 0 10.6769 -51.1742 0
11.5667 2.72517 0 9.83487 -51.3983 0
11.6137 2.46766 0 8.98841 -51.6019 0
11.6565 2.20918 0 8.13771 -51.7843 0
11.6951 1.94984 0 7.28287 -51.9448 0
11.7294 1.68976 0 6.42381 -52.083 0
11.7593 1.42904 0 5.56037 -52.1986 0
11.785 1.1678 0 4.6924 -52.2917 0
11.8062 0.906157 0 3.81989 -52.3626 0
11.8232 0.644209 0 2.94301 -52.4119 0
11.8357 0.382067 0 2.06216 -52.4402 0
11.8438 0.119836 0 1.17797 -52.4482 0
11.8474 -0.142386 0 0.291228 -52.4363 0
11.8467 -0.4045 0 -0.597168 -52.4051 0
11.8415 -0.666411 0 -1.48628 -52.355 0
11.8318 -0.928025 0 -2.37516 -52.2863 0
11.8177 -1.18925 0 -3.26289 -52.1991 0
11.7992 -1.44999 0 -4.14859 -52.0937 0
11.7762 -1.71016 0 -5.03144 -51.9703 0
11.7489 -1.96967 0 -5.91063 -51.829 0
11.7171 -2.22843 0 -6.78543 -51.67 0
11.681 -2.48635 0 -7.65515 -51.4934 0
11.6406 -2.74334 0 -8.51911 -51.2995 0
11.5958 -2.99933 0 -9.37667 -51.0883 0
11.5468 -3.25421 0 -10.2272 -50.8603 0
11.4936 -3.50791 0 -11.0702 -50.6156 0
11.4361 -3.76034 0 -11.905 -50.3544 0
11.3745 -4.01143 0 -12.7311 -50.0771 0
11.3088 -4.2611 0 -13.548 -49.784 0
11.2391 -4.50925 0 -14.3553 -49.4753 0
11.1653 -4.75583 0 -15.1523 -49.1515 0
11.0876 -5.00075 0 -15.9388 -48.813 0
11.0059 -5.24394 0 -16.7142 -48.4601 0
10.9204 -5.48534 0 -17.4783 -48.0932 0
10.8312 -5.72486 0 -18.2307 -47.7127 0
10.7381 -5.96245 0 -18.9711 -47.3191 0
10.6415 -6.19804 0 -19.6992 -46.9129 0
10.5412 -6.43156 0 -20.4148 -46.4943 0
10.4373 -6.66297 0 -21.1176 -46.064 0
10.33 -6.89219 0 -21.8074 -45.6223 0
10.2193 -7.11918 0 -22.484 -45.1698 0
10.1052 -7.34387 0 -23.1474 -44.7068 0
9.98782 -7.56623 0 -23.7973 -44.2338 0
9.86723 -7.7862 0 -24.4335 -43.7512 0
9.7435 -8.00373 0 -25.0561 -43.2596 0
9.61669 -8.21879 0 -25.6649 -42.7593 0
9.48687 -8.43132 0 -26.2598 -42.2509 0
9.35411 -8.64129 0 -26.8407 -41.7348 0
9.21848 -8.84865 0 -27.4077 -41.2113 0
9.08005 -9.05339 0 -27.9608 -40.681 0
8.93889 -9.25546 0 -28.4997 -40.1443 0
8.79507 -9.45483 0 -29.0247 -39.6016 0
8.64866 -9.65147 0 -29.5357 -39.0534 0
8.49973 -9.84535 0 -30.0328 -38.5 0
8.34835 -10.0365 0 -30.5159 -37.9419 0
8.19459 -10.2248 0 -30.9852 -37.3795 0
8.03852 -10.4103 0 -31.4406 -36.8131 0
7.8802 -10.5929 0 -31.8823 -36.2432 0
7.71971 -10.7727 0 -32.3104 -35.6701 0
7.55711 -10.9496 0 -32.725 -35.0942 0
7.39248 -11.1236 0 -33.1261 -34.5159 0
7.22587 -11.2947 0 -33.5138 -33.9355 0
7.05736 -11.463 0 -33.8883 -33.3534 0
6.887 -11.6283 0 -34.2497 -32.7699 0
6.71488 -11.7907 0 -34.5982 -32.1853 0
6.54104 -11.9501 0 -34.9338 -31.6 0
6.36556 -12.1067 0 -35.2566 -31.0142 0
6.18849 -12.2603 0 -35.5669 -30.4283 0
6.0099 -12.411 0 -35.8647 -29.8427 0
5.82986 -12.5587 0 -36.1501 -29.2574 0
5.64842 -12.7035 0 -36.4233 -28.673 0
5.46564 -12.8454 0 -36.6844 -28.0896 0
5.28159 -12.9844 0 -36.9335 -27.5075 0
5.09632 -13.1205 0 -37.1707 -26.9269 0
4.9099 -13.2537 0 -37.396 -26.3481 0
4.72238 -13.384 0 -37.6095 -25.7714 0
4.53382 -13.5114 0 -37.8111 -25.1969 0
4.34428 -13.636 0 -38.001 -24.6248 0
4.15382 -13.7577 0 -38.1789 -24.0552 0
3.96251 -13.8765 0 -38.3448 -23.4882 0
3.77039 -13.9925 0 -38.4985 -22.9236 0
3.57754 -14.1058 0 -38.6399 -22.3614 0
3.38401 -14.2162 0 -38.7689 -21.8011 0
3.18987 -14.3238 0 -38.8854 -21.2421 0
2.99518 -14.4286 0 -38.9896 -20.6838 0
2.79999 -14.5306 0 -39.082 -20.1251 0
2.60438 -14.6298 0 -39.1637 -19.5651 0
2.40838 -14.7263 0 -39.2361 -19.0033 0
2.21203 -14.8199 0 -39.301 -18.4395 0
2.01538 -14.9106 0 -39.3602 -17.8744 0
1.81843 -14.9986 0 -39.4151 -17.3092 0
1.62122 -15.0837 0 -39.4666 -16.7454 0
1.42377 -15.166 0 -39.5147 -16.1846 0
1.22608 -15.2456 0 -39.5593 -15.628 0
1.02817 -15.3223 0 -39.5997 -15.0764 0
0.830079 -15.3963 0 -39.6354 -14.5303 0
0.631821 -15.4676 0 -39.6659 -13.9899 0
0.433425 -15.5363 0 -39.6906 -13.4553 0
0.23492 -15.6022 0 -39.7095 -12.9264 0
0.0363363 -15.6655 0 -39.7222 -12.403 0
-0.162295 -15.7262 0 -39.7287 -11.885 0
-0.360943 -15.7844 0 -39.7289 -11.3723 0
-0.559576 -15.84 0 -39.723 -10.8648 0
-0.758165 -15.893 0 -39.7109 -10.3622 0
-0.956678 -15.9436 0 -39.6928 -9.86464 0
-1.15509 -15.9917 0 -39.6688 -9.37188 0
-1.35336 -16.0373 0 -39.639 -8.88388 0
-1.55147 -16.0805 0 -39.6035 -8.40057 0
-1.74939 -16.1213 0 -39.5624 -7.92191 0
-1.94708 -16.1598 0 -39.516 -7.44784 0
-2.14454 -16.1958 0 -39.4642 -6.97832 0
-2.34172 -16.2296 0 -39.4073 -6.51332 0
-2.5386 -16.261 0 -39.3453 -6.0528 0
-2.73517 -16.2901 0 -39.2785 -5.59674 0
-2.93138 -16.3169 0 -39.2068 -5.1451 0
-3.12723 -16.3415 0 -39.1305 -4.69788 0
-3.32268 -16.3639 0 -39.0497 -4.25503 0
-3.51772 -16.3841 0 -38.9644 -3.81655 0
-3.71232 -16.4021 0 -38.8748 -3.3824 0
-3.90646 -16.4179 0 -38.7811 -2.95258 0
-4.10012 -16.4316 0 -38.6832 -2.52705 0
-4.29329 -16.4432 0 -38.5813 -2.10581 0
-4.48593 -16.4527 0 -38.4756 -1.68883 0
-4.67804 -16.4601 0 -38.3661 -1.2761 0
-4.86959 -16.4655 0 -38.2529 -0.86759 0
-5.06056 -16.4688 0 -38.1361 -0.463288 0
-5.25094 -16.4701 0 -38.0158 -0.0631756 0
-5.44071 -16.4694 0 -37.8921 0.332767 0
-5.62986 -16.4668 0 -37.7651 0.724557 0
-5.81836 -16.4622 0 -37.6348 1.11221 0
-6.0062 -16.4557 0 -37.5014 1.49575 0
-6.19337 -16.4472 0 -37.3649 1.8752 0
-6.37985 -16.4369 0 -37.2254 2.25056 0
-6.56562 -16.4247 0 -37.083 2.62186 0
-6.75067 -16.4107 0 -36.9377 2.98912 0
-6.93499 -16.3948 0 -36.7897 3.35235 0
-7.11857 -16.3772 0 -36.6389 3.71156 0
-7.30138 -16.3577 0 -36.4855 4.06678 0
-7.48342 -16.3365 0 -36.3295 4.41802 0
-7.66467 -16.3136 0 -36.171 4.76529 0
-7.84513 -16.2889 0 -36.0101 5.10861 0
-8.02477 -16.2625 0 -35.8467 5.448 0
-8.20359 -16.2344 0 -35.6809 5.78345 0
-8.38158 -16.2046 0 -35.5128 6.11499 0
-8.55871 -16.1732 0 -35.3425 6.44262 0
-8.735 -16.1402 0 -35.1699 6.76636 0
-8.91041 -16.1056 0 -34.995 7.08621 0
-9.08494 -16.0694 0 -34.818 7.40217 0
-9.25859 -16.0316 0 -34.6389 7.71426 0
-9.43133 -15.9922 0 -34.4575 8.02248 0
-9.60316 -15.9514 0 -34.2741 8.32683 0
-9.77407 -15.909 0 -34.0884 8.62733 0
-9.94404 -15.8651 0 -33.9006 8.92397 0
-10.1131 -15.8197 0 -33.7105 9.21677 0
-10.2811 -15.7729 0 -33.5182 9.50575 0
-10.4482 -15.7247 0 -33.3235 9.79093 0
-10.6144 -15.675 0 -33.1263 10.0724 0
-10.7795 -15.624 0 -32.9265 10.3501 0
-10.9436 -15.5715 0 -32.724 10.6242 0
-11.1067 -15.5177 0 -32.5186 10.895 0
-11.2688 -15.4626 0 -32.3101 11.1624 0
-11.4298 -15.4061 0 -32.0982 11.427 0
-11.5898 -15.3483 0 -31.8828 11.689 0
-11.7487 -15.2892 0 -31.6638 11.9491 0
-11.9064 -15.2288 0 -31.4411 12.2079 0
-12.0631 -15.1671 0 -31.2149 12.4661 0
-12.2186 -15.1042 0 -30.9859 12.7247 0
-12.3729 -15.0399 0 -30.7547 12.9842 0
-12.5261 -14.9743 0 -30.5226 13.2451 0
-12.6781 -14.9074 0 -30.2908 13.5072 0
-12.829 -14.8392 0 -30.0606 13.7702 0
-12.9787 -14.7697 0 -29.8327 14.0329 0
-13.1273 -14.6989 0 -29.6077 14.2944 0
-13.2748 -14.6268 0 -29.3856 14.5535 0
-13.4212 -14.5534 0 -29.1659 14.8094 0
-13.5665 -14.4787 0 -28.9483 15.0615 0
-13.7107 -14.4028 0 -28.7322 15.3094 0
-13.8538 -14.3256 0 -28.517 15.553 0
-13.9959 -14.2472 0 -28.3024 15.7922 0
-14.1369 -14.1677 0 -28.0879 16.0273 0
-14.2768 -14.087 0 -27.8732 16.2582 0
-14.4156 -14.0051 0 -27.6583 16.4852 0
-14.5533 -13.9221 0 -27.4428 16.7083 0
-14.69 -13.838 0 -27.2268 16.9278 0
-14.8256 -13.7529 0 -27.0101 17.1438 0
-14.9601 -13.6666 0 -26.7927 17.3564 0
-15.0935 -13.5793 0 -26.5745 17.5657 0
-15.2259 -13.491 0 -26.3556 17.7719 0
-15.3571 -13.4016 0 -26.136 17.9749 0
-15.4872 -13.3112 0 -25.9156 18.175 0
-15.6162 -13.2198 0 -25.6945 18.3721 0
-15.7442 -13.1275 0 -25.4726 18.5664 0
-15.871 -13.0342 0 -25.25 18.7579 0
-15.9967 -12.9399 0 -25.0268 18.9466 0
-16.1212 -12.8447 0 -24.8028 19.1326 0
-16.2447 -12.7486 0 -24.5782 19.3159 0
-16.367 -12.6516 0 -24.353 19.4967 0
-16.4882 -12.5536 0 -24.1271 19.6748 0
-16.6083 -12.4548 0 -23.9007 19.8504 0
-16.7272 -12.3551 0 -23.6736 20.0235 0
-16.845 -12.2546 0 -23.446 20.1941 0
-16.9617 -12.1532 0 -23.2178 20.3622 0
-17.0772 -12.051 0 -22.9891 20.5279 0
-17.1916 -11.9479 0 -22.7599 20.6911 0
-17.3048 -11.8441 0 -22.5302 20.852 0
-17.4169 -11.7394 0 -22.3 21.0105 0
-17.5278 -11.634 0 -22.0693 21.1667 0
-17.6376 -11.5277 0 -21.8382 21.3205 0
-17.7462 -11.4208 0 -21.6066 21.4721 0
-17.8536 -11.313 0 -21.3746 21.6213 0
-17.9599 -11.2045 0 -21.1421 21.7682 0
-18.065 -11.0953 0 -20.9093 21.9129 0
-18.169 -10.9854 0 -20.676 22.0553 0
-18.2718 -10.8748 0 -20.4424 22.1955 0
-18.3734 -10.7635 0 -20.2083 22.3335 0
-18.4739 -10.6515 0 -19.9739 22.4692 0
-18.5732 -10.5388 0 -19.7392 22.6027 0
-18.6713 -10.4254 0 -19.504 22.734 0
-18.7682 -10.3114 0 -19.2685 22.8631 0
-18.864 -10.1968 0 -19.0327 22.9901 0
-18.9585 -10.0815 0 -18.7965 23.1148 0
-19.0519 -9.96566 0 -18.56 23.2374 0
-19.1441 -9.84917 0 -18.3231 23.3578 0
-19.2352 -9.73209 0 -18.0858 23.476 0
-19.325 -9.61442 0 -17.8482 23.592 0
-19.4136 -9.49617 0 -17.6102 23.7059 0
-19.5011 -9.37736 0 -17.3718 23.8176 0
-19.5874 -9.258 0 -17.133 23.9271 0
-19.6724 -9.13809 0 -16.8938 24.0344 0
-19.7563 -9.01766 0 -16.6542 24.1395 0
-19.839 -8.8967 0 -16.4141 24.2425 0
-19.9204 -8.77524 0 -16.1735 24.3432 0
-20.0007 -8.65327 0 -15.9323 24.4417 0
-20.0798 -8.53082 0 -15.6905 24.538 0
-20.1576 -8.4079 0 -15.4481 24.6321 0
-20.2342 -8.28451 0 -15.2048 24.724 0
-20.3096 -8.16066 0 -14.9607 24.8136 0
-20.3838 -8.03637 0 -14.7156 24.9011 0
-20.4568 -7.91165 0 -14.4694 24.9864 0
-20.5285 -7.78651 0 -14.2218 25.0696 0
-20.599 -7.66096 0 -13.9727 25.1509 0
-20.6683 -7.53501 0 -13.7218 25.2303 0
-20.7362 -7.40866 0 -13.469 25.3081 0
-20.8029 -7.28193 0 -13.214 25.3847 0
-20.8684 -7.15482 0 -12.9565 25.4605 0
-20.9325 -7.02732 0 -12.6965 25.5362 0
-20.9953 -6.89945 0 -12.4341 25.6124 0
-21.0568 -6.77119 0 -12.1695 25.69 0
-21.117 -6.64254 0 -11.9036 25.7697 0
-21.1759 -6.51349 0 -11.6373 25.852 0
-21.2334 -6.38401 0 -11.3719 25.9371 0
-21.2896 -6.25411 0 -11.1087 26.0245 0
-21.3445 -6.12376 0 -10.8488 26.1135 0
-21.3981 -5.99297 0 -10.5928 26.2027 0
-21.4504 -5.86173 0 -10.3407 26.291 0
-21.5015 -5.73006 0 -10.0923 26.3774 0
-21.5514 -5.59797 0 -9.84708 26.4611 0
-21.6 -5.46546 0 -9.60438 26.5417 0
-21.6474 -5.33256 0 -9.3636 26.619 0
-21.6936 -5.19928 0 -9.1242 26.6929 0
-21.7386 -5.06564 0 -8.88576 26.7635 0
-21.7825 -4.93165 0 -8.64794 26.8308 0
-21.8251 -4.79734 0 -8.41047 26.8952 0
-21.8666 -4.66271 0 -8.17319 26.9566 0
-21.9069 -4.52777 0 -7.93594 27.0154 0
-21.9459 -4.39256 0 -7.69863 27.0715 0
-21.9838 -4.25706 0 -7.4612 27.1251 0
-22.0206 -4.12131 0 -7.22359 27.1764 0
-22.0561 -3.9853 0 -6.98579 27.2255 0
-22.0904 -3.84906 0 -6.74777 27.2723 0
-22.1236 -3.71258 0 -6.50952 27.3171 0
-22.1555 -3.57589 0 -6.27105 27.3598 0
-22.1863 -3.43899 0 -6.03234 27.4005 0
-22.2158 -3.30189 0 -5.79341 27.4392 0
-22.2442 -3.1646 0 -5.55426 27.4761 0
-22.2714 -3.02713 0 -5.31489 27.5111 0
-22.2973 -2.88949 0 -5.07532 27.5443 0
-22.3221 -2.75169 0 -4.83555 27.5756 0
-22.3457 -2.61374 0 -4.5956 27.6052 0
-22.3681 -2.47564 0 -4.35546 27.633 0
-22.3893 -2.33741 0 -4.11515 27.6591 0
-22.4092 -2.19905 0 -3.87467 27.6834 0
-22.428 -2.06058 0 -3.63404 27.706 0
-22.4456 -1.92199 0 -3.39325 27.7269 0
-22.4619 -1.78331 0 -3.15232 27.7461 0
-22.4771 -1.64454 0 -2.91126 27.7637 0
-22.491 -1.50568 0 -2.67007 27.7795 0
-22.5038 -1.36674 0 -2.42875 27.7937 0
-22.5153 -1.22774 0 -2.18731 27.8062 0
-22.5257 -1.08868 0 -1.94576 27.8171 0
-22.5348 -0.949573 0 -1.7041 27.8263 0
-22.5427 -0.810422 0 -1.46233 27.8338 0
-22.5494 -0.671237 0 -1.22046 27.8397 0
-22.5549 -0.532028 0 -0.978495 27.8439 0
-22.5592 -0.392801 0 -0.73643 27.8464 0
-22.5623 -0.253566 0 -0.49427 27.8473 0
-22.5641 -0.11433 0 -0.252017 27.8466 0
-22.5648 0.0248975 0 -0.00967065 27.8441 0
-22.5642 0.164109 0 0.232769 27.84 0
-22.5625 0.303295 0 0.475302 27.8342 0
-22.5595 0.442449 0 0.717931 27.8268 0
-22.5553 0.58156 0 0.960659 27.8176 0
-22.5499 0.720622 0 1.20349 27.8067 0
-22.5433 0.859625 0 1.44643 27.7941 0
-22.5354 0.998561 0 1.68949 27.7799 0
-22.5264 1.13742 0 1.93267 27.7638 0
-22.5161 1.2762 0 2.17599 27.746 0
-22.5046 1.41488 0 2.41945 27.7265 0
-22.4919 1.55346 0 2.66309 27.7051 0
-22.478 1.69193 0 2.90692 27.682 0
-22.4628 1.83028 0 3.15096 27.657 0
-22.4465 1.96849 0 3.39526 27.6302 0
-22.4289 2.10657 0 3.63984 27.6016 0
-22.4101 2.24451 0 3.88475 27.571 0
-22.39 2.38228 0 4.13006 27.5385 0
-22.3688 2.51989 0 4.37584 27.504 0
-22.3463 2.65732 0 4.62216 27.4676 0
-22.3225 2.79456 0 4.86915 27.4292 0
-22.2976 2.9316 0 5.11692 27.3887 0
-22.2714 3.06844 0 5.36564 27.3463 0
-22.2439 3.20506 0 5.61551 27.3019 0
-22.2152 3.34146 0 5.86674 27.2556 0
-22.1852 3.47762 0 6.1196 27.2075 0
-22.154 3.61353 0 6.37441 27.1578 0
-22.1215 3.74919 0 6.63148 27.1069 0
-22.0877 3.8846 0 6.89111 27.0552 0
-22.0526 4.01975 0 7.15352 27.0033 0
-22.0161 4.15464 0 7.41875 26.9522 0
-21.9784 4.28928 0 7.68648 26.9029 0
-21.9393 4.42368 0 7.95595 26.8563 0
-21.8988 4.55785 0 8.22587 26.8132 0
-21.857 4.69182 0 8.49458 26.7739 0
-21.8139 4.8256 0 8.76036 26.7376 0
-21.7694 4.9592 0 9.02189 26.7033 0
-21.7237 5.09263 0 9.27853 26.6692 0
-21.6766 5.22589 0 9.53034 26.6339 0
-21.6284 5.35896 0 9.77787 26.596 0
-21.5789 5.49184 0 10.0219 26.5549 0
-21.5282 5.6245 0 10.2633 26.5101 0
-21.4762 5.75693 0 10.5028 26.4616 0
-21.4231 5.88911 0 10.741 26.4093 0
-21.3688 6.02102 0 10.9783 26.3535 0
-21.3134 6.15264 0 11.2151 26.2943 0
-21.2567 6.28396 0 11.4515 26.232 0
-21.1988 6.41495 0 11.6878 26.1667 0
-21.1398 6.54562 0 11.9241 26.0986 0
-21.0796 6.67594 0 12.1604 26.0278 0
-21.0182 6.80589 0 12.3968 25.9545 0
-20.9556 6.93548 0 12.6333 25.8787 0
-20.8919 7.06468 0 12.8699 25.8006 0
-20.8269 7.19348 0 13.1066 25.7202 0
-20.7608 7.32187 0 13.3434 25.6376 0
-20.6935 7.44985 0 13.5804 25.5528 0
-20.625 7.5774 0 13.8174 25.4659 0
-20.5553 7.70451 0 14.0545 25.3769 0
-20.4845 7.83117 0 14.2917 25.2858 0
-20.4124 7.95736 0 14.529 25.1927 0
-20.3392 8.08309 0 14.7663 25.0976 0
-20.2647 8.20834 0 15.0036 25.0005 0
-20.1891 8.33309 0 15.241 24.9013 0
-20.1123 8.45735 0 15.4783 24.8002 0
-20.0343 8.58109 0 15.7157 24.697 0
-19.9552 8.70432 0 15.953 24.5919 0
-19.8748 8.82701 0 16.1903 24.4848 0
-19.7933 8.94916 0 16.4275 24.3757 0
-19.7105 9.07076 0 16.6647 24.2646 0
-19.6266 9.1918 0 16.9018 24.1515 0
-19.5415 9.31228 0 17.1388 24.0364 0
-19.4552 9.43217 0 17.3757 23.9193 0
-19.3678 9.55147 0 17.6125 23.8001 0
-19.2791 9.67016 0 17.8492 23.6789 0
-19.1893 9.78825 0 18.0858 23.5557 0
-19.0983 9.90572 0 18.3222 23.4304 0
-19.0061 10.0226 0 18.5585 23.3031 0
-18.9127 10.1387 0 18.7946 23.1737 0
-18.8181 10.2543 0 19.0305 23.0422 0
-18.7224 10.3692 0 19.2663 22.9085 0
-18.6254 10.4834 0 19.5019 22.7728 0
-18.5273 10.5969 0 19.7373 22.6349 0
-18.4281 10.7097 0 19.9725 22.4948 0
-18.3276 10.8218 0 20.2075 22.3525 0
-18.226 10.9332 0 20.4423 22.2081 0
-18.1232 11.0439 0 20.6769 22.0614 0
-18.0192 11.1538 0 20.9112 21.9124 0
-17.9141 11.263 0 21.1454 21.7612 0
-17.8078 11.3715 0 21.3792 21.6076 0
-17.7003 11.4791 0 21.6129 21.4517 0
-17.5916 11.586 0 21.8463 21.2935 0
-17.4818 11.692 0 22.0796 21.1328 0
-17.3709 11.7973 0 22.3125 20.9697 0
-17.2587 11.9017 0 22.5453 20.8041 0
-17.1454 12.0053 0 22.7779 20.636 0
-17.0309 12.1081 0 23.0104 20.4653 0
-16.9153 12.21 0 23.2426 20.292 0
-16.7985 12.311 0 23.4748 20.116 0
-16.6805 12.4111 0 23.707 19.9373 0
-16.5614 12.5104 0 23.9391 19.7558 0
-16.4412 12.6087 0 24.1714 19.5715 0
-16.3197 12.7061 0 24.4039 19.3842 0
-16.1971 12.8025 0 24.6367 19.1941 0
-16.0733 12.898 0 24.8701 19.0009 0
-15.9484 12.9925 0 25.1042 18.8048 0
-15.8223 13.0861 0 25.3394 18.6056 0
-15.695 13.1786 0 25.576 18.4037 0
-15.5665 13.2701 0 25.8145 18.1991 0
-15.4369 13.3606 0 26.0552 17.9923 0
-15.306 13.45 0 26.2986 17.7839 0
-15.1739 13.5384 0 26.5451 17.5748 0
