0 0.010000
1 0.039700
2 0.154072
3 0.545073
4 1.288978
5 0.171519
6 0.597819
7 1.319113
8 0.056273
9 0.215593
10 0.722931
11 1.323836
12 0.037717
13 0.146600
14 0.521926
15 1.270484
16 0.239548
17 0.786043
18 1.290581
19 0.165525
20 0.579904
21 1.310750
22 0.088804
23 0.331557
24 0.996437
25 1.007087
26 0.985675
27 1.028035
28 0.941572
29 1.106615
30 0.752670
31 1.311144
32 0.087282
33 0.326274
34 0.985731
35 1.027926
36 0.941807
37 1.106226
38 0.753696
39 1.310611
40 0.089341
41 0.333418
42 1.000169
43 0.999662
44 1.000676
45 0.998647
46 1.002701
47 0.994576
48 1.010759
49 0.978134
50 1.042297
51 0.910039
52 1.155644
53 0.616038
54 1.325644
55 0.030582
56 0.119521
57 0.435229
58 1.172643
59 0.565298
60 1.302507
61 0.120456
62 0.438294
63 1.176871
64 0.552407
65 1.294167
66 0.152062
67 0.538880
68 1.284345
69 0.188752
70 0.648127
71 1.332302
72 0.004122
73 0.016436
74 0.064934
75 0.247087
76 0.805193
77 1.275765
78 0.220332
79 0.735689
80 1.319041
81 0.056556
82 0.216626
83 0.725725
84 1.322870
85 0.041526
86 0.160930
87 0.566025
88 1.302947
89 0.118775
90 0.432776
91 1.169219
92 0.575656
93 1.308485
94 0.097543
95 0.361627
96 1.054186
97 0.882819
98 1.193168
99 0.501722
