-3.000000 0.710000
-2.990000 0.659932
-2.980000 0.610826
-2.970000 0.562676
-2.960000 0.515473
-2.950000 0.469208
-2.940000 0.423873
-2.930000 0.379461
-2.920000 0.335963
-2.910000 0.293371
-2.900000 0.251678
-2.890000 0.210874
-2.880000 0.170953
-2.870000 0.131906
-2.860000 0.093726
-2.850000 0.056404
-2.840000 0.019932
-2.830000 -0.015697
-2.820000 -0.050491
-2.810000 -0.084457
-2.800000 -0.117604
-2.790000 -0.149940
-2.780000 -0.181471
-2.770000 -0.212206
-2.760000 -0.242152
-2.750000 -0.271317
-2.740000 -0.299708
-2.730000 -0.327334
-2.720000 -0.354200
-2.710000 -0.380316
-2.700000 -0.405688
-2.690000 -0.430324
-2.680000 -0.454231
-2.670000 -0.477417
-2.660000 -0.499888
-2.650000 -0.521653
-2.640000 -0.542719
-2.630000 -0.563092
-2.620000 -0.582780
-2.610000 -0.601790
-2.600000 -0.620130
-2.590000 -0.637806
-2.580000 -0.654826
-2.570000 -0.671197
-2.560000 -0.686926
-2.550000 -0.702019
-2.540000 -0.716484
-2.530000 -0.730328
-2.520000 -0.743558
-2.510000 -0.756180
-2.500000 -0.768202
-2.490000 -0.779630
-2.480000 -0.790471
-2.470000 -0.800733
-2.460000 -0.810421
-2.450000 -0.819543
-2.440000 -0.828104
-2.430000 -0.836113
-2.420000 -0.843576
-2.410000 -0.850499
-2.400000 -0.856888
-2.390000 -0.862751
-2.380000 -0.868094
-2.370000 -0.872923
-2.360000 -0.877245
-2.350000 -0.881067
-2.340000 -0.884394
-2.330000 -0.887234
-2.320000 -0.889592
-2.310000 -0.891475
-2.300000 -0.892889
-2.290000 -0.893841
-2.280000 -0.894337
-2.270000 -0.894382
-2.260000 -0.893984
-2.250000 -0.893148
-2.240000 -0.891881
-2.230000 -0.890189
-2.220000 -0.888077
-2.210000 -0.885552
-2.200000 -0.882620
-2.190000 -0.879286
-2.180000 -0.875557
-2.170000 -0.871440
-2.160000 -0.866938
-2.150000 -0.862060
-2.140000 -0.856809
-2.130000 -0.851193
-2.120000 -0.845217
-2.110000 -0.838887
-2.100000 -0.832208
-2.090000 -0.825186
-2.080000 -0.817828
-2.070000 -0.810138
-2.060000 -0.802122
-2.050000 -0.793786
-2.040000 -0.785136
-2.030000 -0.776176
-2.020000 -0.766913
-2.010000 -0.757352
-2.000000 -0.747498
-1.990000 -0.737357
-1.980000 -0.726934
-1.970000 -0.716235
-1.960000 -0.705265
-1.950000 -0.694029
-1.940000 -0.682533
-1.930000 -0.670781
-1.920000 -0.658779
-1.910000 -0.646533
-1.900000 -0.634047
-1.890000 -0.621327
-1.880000 -0.608377
-1.870000 -0.595203
-1.860000 -0.581810
-1.850000 -0.568203
-1.840000 -0.554386
-1.830000 -0.540366
-1.820000 -0.526146
-1.810000 -0.511732
-1.800000 -0.497128
-1.790000 -0.482340
-1.780000 -0.467372
-1.770000 -0.452229
-1.760000 -0.436916
-1.750000 -0.421437
-1.740000 -0.405798
-1.730000 -0.390003
-1.720000 -0.374056
-1.710000 -0.357963
-1.700000 -0.341727
-1.690000 -0.325354
-1.680000 -0.308848
-1.670000 -0.292213
-1.660000 -0.275455
-1.650000 -0.258576
-1.640000 -0.241583
-1.630000 -0.224479
-1.620000 -0.207269
-1.610000 -0.189956
-1.600000 -0.172546
-1.590000 -0.155042
-1.580000 -0.137450
-1.570000 -0.119772
-1.560000 -0.102014
-1.550000 -0.084179
-1.540000 -0.066271
-1.530000 -0.048296
-1.520000 -0.030256
-1.510000 -0.012156
-1.500000 0.006000
-1.490000 0.024208
-1.480000 0.042464
-1.470000 0.060765
-1.460000 0.079106
-1.450000 0.097483
-1.440000 0.115893
-1.430000 0.134331
-1.420000 0.152794
-1.410000 0.171279
-1.400000 0.189780
-1.390000 0.208296
-1.380000 0.226821
-1.370000 0.245353
-1.360000 0.263888
-1.350000 0.282421
-1.340000 0.300950
-1.330000 0.319471
-1.320000 0.337981
-1.310000 0.356475
-1.300000 0.374951
-1.290000 0.393405
-1.280000 0.411833
-1.270000 0.430233
-1.260000 0.448601
-1.250000 0.466934
-1.240000 0.485228
-1.230000 0.503480
-1.220000 0.521687
-1.210000 0.539845
-1.200000 0.557952
-1.190000 0.576004
-1.180000 0.593999
-1.170000 0.611932
-1.160000 0.629802
-1.150000 0.647605
-1.140000 0.665338
-1.130000 0.682998
-1.120000 0.700582
-1.110000 0.718087
-1.100000 0.735510
-1.090000 0.752849
-1.080000 0.770101
-1.070000 0.787262
-1.060000 0.804331
-1.050000 0.821304
-1.040000 0.838178
-1.030000 0.854951
-1.020000 0.871621
-1.010000 0.888184
-1.000000 0.904638
-0.990000 0.920980
-0.980000 0.937209
-0.970000 0.953321
-0.960000 0.969313
-0.950000 0.985184
-0.940000 1.000931
-0.930000 1.016552
-0.920000 1.032044
-0.910000 1.047405
-0.900000 1.062632
-0.890000 1.077724
-0.880000 1.092677
-0.870000 1.107490
-0.860000 1.122161
-0.850000 1.136688
-0.840000 1.151067
-0.830000 1.165298
-0.820000 1.179377
-0.810000 1.193304
-0.800000 1.207076
-0.790000 1.220690
-0.780000 1.234146
-0.770000 1.247440
-0.760000 1.260572
-0.750000 1.273539
-0.740000 1.286339
-0.730000 1.298971
-0.720000 1.311433
-0.710000 1.323722
-0.700000 1.335838
-0.690000 1.347778
-0.680000 1.359541
-0.670000 1.371125
-0.660000 1.382529
-0.650000 1.393750
-0.640000 1.404788
-0.630000 1.415641
-0.620000 1.426306
-0.610000 1.436784
-0.600000 1.447072
-0.590000 1.457169
-0.580000 1.467073
-0.570000 1.476784
-0.560000 1.486299
-0.550000 1.495617
-0.540000 1.504738
-0.530000 1.513660
-0.520000 1.522381
-0.510000 1.530901
-0.500000 1.539218
-0.490000 1.547331
-0.480000 1.555240
-0.470000 1.562942
-0.460000 1.570437
-0.450000 1.577724
-0.440000 1.584801
-0.430000 1.591669
-0.420000 1.598325
-0.410000 1.604770
-0.400000 1.611001
-0.390000 1.617019
-0.380000 1.622822
-0.370000 1.628410
-0.360000 1.633782
-0.350000 1.638936
-0.340000 1.643873
-0.330000 1.648592
-0.320000 1.653092
-0.310000 1.657372
-0.300000 1.661432
-0.290000 1.665271
-0.280000 1.668889
-0.270000 1.672285
-0.260000 1.675458
-0.250000 1.678409
-0.240000 1.681137
-0.230000 1.683641
-0.220000 1.685920
-0.210000 1.687976
-0.200000 1.689807
-0.190000 1.691412
-0.180000 1.692793
-0.170000 1.693948
-0.160000 1.694878
-0.150000 1.695581
-0.140000 1.696059
-0.130000 1.696310
-0.120000 1.696335
-0.110000 1.696134
-0.100000 1.695707
-0.090000 1.695053
-0.080000 1.694173
-0.070000 1.693067
-0.060000 1.691735
-0.050000 1.690176
-0.040000 1.688392
-0.030000 1.686382
-0.020000 1.684147
-0.010000 1.681686
-0.000000 1.679000
0.010000 1.676089
0.020000 1.672954
0.030000 1.669595
0.040000 1.666012
0.050000 1.662205
0.060000 1.658176
0.070000 1.653924
0.080000 1.649450
0.090000 1.644755
0.100000 1.639839
0.110000 1.634702
0.120000 1.629346
0.130000 1.623770
0.140000 1.617976
0.150000 1.611964
0.160000 1.605734
0.170000 1.599289
0.180000 1.592628
0.190000 1.585752
0.200000 1.578661
0.210000 1.571358
0.220000 1.563843
0.230000 1.556116
0.240000 1.548179
0.250000 1.540032
0.260000 1.531677
0.270000 1.523114
0.280000 1.514345
0.290000 1.505371
0.300000 1.496192
0.310000 1.486810
0.320000 1.477227
0.330000 1.467443
0.340000 1.457459
0.350000 1.447277
0.360000 1.436898
0.370000 1.426324
0.380000 1.415555
0.390000 1.404593
0.400000 1.393440
0.410000 1.382096
0.420000 1.370564
0.430000 1.358845
0.440000 1.346940
0.450000 1.334851
0.460000 1.322579
0.470000 1.310127
0.480000 1.297495
0.490000 1.284685
0.500000 1.271700
0.510000 1.258540
0.520000 1.245207
0.530000 1.231704
0.540000 1.218031
0.550000 1.204192
0.560000 1.190187
0.570000 1.176019
0.580000 1.161689
0.590000 1.147199
0.600000 1.132552
0.610000 1.117749
0.620000 1.102793
0.630000 1.087685
0.640000 1.072427
0.650000 1.057022
0.660000 1.041472
0.670000 1.025779
0.680000 1.009945
0.690000 0.993972
0.700000 0.977863
0.710000 0.961620
0.720000 0.945244
0.730000 0.928740
0.740000 0.912108
0.750000 0.895352
0.760000 0.878473
0.770000 0.861474
0.780000 0.844358
0.790000 0.827127
0.800000 0.809784
0.810000 0.792331
0.820000 0.774771
0.830000 0.757106
0.840000 0.739339
0.850000 0.721474
0.860000 0.703511
0.870000 0.685455
0.880000 0.667308
0.890000 0.649073
0.900000 0.630752
0.910000 0.612349
0.920000 0.593866
0.930000 0.575306
0.940000 0.556673
0.950000 0.537968
0.960000 0.519196
0.970000 0.500359
0.980000 0.481460
0.990000 0.462503
1.000000 0.443490
1.010000 0.424424
1.020000 0.405309
1.030000 0.386148
1.040000 0.366945
1.050000 0.347701
1.060000 0.328421
1.070000 0.309108
1.080000 0.289766
1.090000 0.270397
1.100000 0.251005
1.110000 0.231594
1.120000 0.212166
1.130000 0.192726
1.140000 0.173277
1.150000 0.153823
1.160000 0.134366
1.170000 0.114911
1.180000 0.095461
1.190000 0.076020
1.200000 0.056592
1.210000 0.037180
1.220000 0.017788
1.230000 -0.001580
1.240000 -0.020921
1.250000 -0.040230
1.260000 -0.059505
1.270000 -0.078740
1.280000 -0.097932
1.290000 -0.117077
1.300000 -0.136171
1.310000 -0.155210
1.320000 -0.174190
1.330000 -0.193107
1.340000 -0.211957
1.350000 -0.230736
1.360000 -0.249440
1.370000 -0.268064
1.380000 -0.286605
1.390000 -0.305058
1.400000 -0.323418
1.410000 -0.341682
1.420000 -0.359846
1.430000 -0.377904
1.440000 -0.395853
1.450000 -0.413688
1.460000 -0.431405
1.470000 -0.448999
1.480000 -0.466466
1.490000 -0.483801
1.500000 -0.501000
1.510000 -0.518058
1.520000 -0.534971
1.530000 -0.551734
1.540000 -0.568342
1.550000 -0.584791
1.560000 -0.601076
1.570000 -0.617193
1.580000 -0.633135
1.590000 -0.648900
1.600000 -0.664481
1.610000 -0.679874
1.620000 -0.695074
1.630000 -0.710077
1.640000 -0.724877
1.650000 -0.739469
1.660000 -0.753848
1.670000 -0.768010
1.680000 -0.781949
1.690000 -0.795661
1.700000 -0.809139
1.710000 -0.822379
1.720000 -0.835376
1.730000 -0.848125
1.740000 -0.860620
1.750000 -0.872856
1.760000 -0.884828
1.770000 -0.896531
1.780000 -0.907958
1.790000 -0.919106
1.800000 -0.929968
1.810000 -0.940539
1.820000 -0.950814
1.830000 -0.960786
1.840000 -0.970451
1.850000 -0.979804
1.860000 -0.988838
1.870000 -0.997547
1.880000 -1.005927
1.890000 -1.013972
1.900000 -1.021675
1.910000 -1.029032
1.920000 -1.036036
1.930000 -1.042682
1.940000 -1.048964
1.950000 -1.054876
1.960000 -1.060413
1.970000 -1.065568
1.980000 -1.070335
1.990000 -1.074709
2.000000 -1.078683
2.010000 -1.082252
2.020000 -1.085410
2.030000 -1.088150
2.040000 -1.090467
2.050000 -1.092354
2.060000 -1.093805
2.070000 -1.094814
2.080000 -1.095375
2.090000 -1.095482
2.100000 -1.095128
2.110000 -1.094307
2.120000 -1.093013
2.130000 -1.091240
2.140000 -1.088981
2.150000 -1.086229
2.160000 -1.082979
2.170000 -1.079223
2.180000 -1.074956
2.190000 -1.070171
2.200000 -1.064861
2.210000 -1.059020
2.220000 -1.052641
2.230000 -1.045718
2.240000 -1.038243
2.250000 -1.030211
2.260000 -1.021614
2.270000 -1.012446
2.280000 -1.002700
2.290000 -0.992370
2.300000 -0.981448
2.310000 -0.969927
2.320000 -0.957801
2.330000 -0.945063
2.340000 -0.931706
2.350000 -0.917722
2.360000 -0.903106
2.370000 -0.887849
2.380000 -0.871945
2.390000 -0.855387
2.400000 -0.838168
2.410000 -0.820280
2.420000 -0.801717
2.430000 -0.782470
2.440000 -0.762534
2.450000 -0.741900
2.460000 -0.720562
2.470000 -0.698512
2.480000 -0.675742
2.490000 -0.652246
2.500000 -0.628016
2.510000 -0.603045
2.520000 -0.577325
2.530000 -0.550848
2.540000 -0.523608
2.550000 -0.495596
2.560000 -0.466806
2.570000 -0.437229
2.580000 -0.406857
2.590000 -0.375684
2.600000 -0.343702
2.610000 -0.310902
2.620000 -0.277278
2.630000 -0.242821
2.640000 -0.207523
2.650000 -0.171377
2.660000 -0.134375
2.670000 -0.096509
2.680000 -0.057771
2.690000 -0.018154
2.700000 0.022352
2.710000 0.063753
2.720000 0.106058
2.730000 0.149275
2.740000 0.193412
2.750000 0.238477
2.760000 0.284478
2.770000 0.331424
2.780000 0.379321
2.790000 0.428180
2.800000 0.478008
2.810000 0.528813
2.820000 0.580603
2.830000 0.633387
2.840000 0.687174
2.850000 0.741971
2.860000 0.797787
2.870000 0.854631
2.880000 0.912511
2.890000 0.971435
2.900000 1.031413
2.910000 1.092451
2.920000 1.154561
2.930000 1.217748
2.940000 1.282024
2.950000 1.347395
2.960000 1.413872
2.970000 1.481461
2.980000 1.550174
2.990000 1.620017
