-3.000000 0.162002
-2.990000 609.517658
-2.980000 1089.389521
-2.970000 1457.845928
-2.960000 1730.974212
-2.950000 1923.061615
-2.940000 2046.762091
-2.930000 2113.249920
-2.920000 2132.361066
-2.910000 2112.723096
-2.900000 2061.874475
-2.890000 1986.373974
-2.880000 1891.900894
-2.870000 1783.346764
-2.860000 1664.899138
-2.850000 1540.118050
-2.840000 1412.005705
-2.830000 1283.069869
-2.820000 1155.381477
-2.810000 1030.626869
-2.800000 910.155096
-2.790000 795.020668
-2.780000 686.022106
-2.770000 583.736654
-2.760000 488.551440
-2.750000 400.691400
-2.740000 320.244227
-2.730000 247.182603
-2.720000 181.383952
-2.710000 122.647918
-2.700000 70.711796
-2.690000 25.264081
-2.680000 -14.043681
-2.670000 -47.586581
-2.660000 -75.757421
-2.650000 -98.959051
-2.640000 -117.597824
-2.630000 -132.078067
-2.620000 -142.797460
-2.610000 -150.143216
-2.600000 -154.488984
-2.590000 -156.192387
-2.580000 -155.593115
-2.570000 -153.011522
-2.560000 -148.747645
-2.550000 -143.080594
-2.540000 -136.268281
-2.530000 -128.547403
-2.520000 -120.133682
-2.510000 -111.222286
-2.500000 -101.988424
-2.490000 -92.588066
-2.480000 -83.158779
-2.470000 -73.820638
-2.460000 -64.677201
-2.450000 -55.816530
-2.440000 -47.312232
-2.430000 -39.224520
-2.420000 -31.601269
-2.410000 -24.479064
-2.400000 -17.884228
-2.390000 -11.833819
-2.380000 -6.336606
-2.370000 -1.393991
-2.360000 2.999098
-2.350000 6.853367
-2.340000 10.184362
-2.330000 13.011721
-2.320000 15.358480
-2.310000 17.250428
-2.300000 18.715510
-2.290000 19.783284
-2.280000 20.484421
-2.270000 20.850261
-2.260000 20.912403
-2.250000 20.702350
-2.240000 20.251188
-2.230000 19.589316
-2.220000 18.746200
-2.210000 17.750171
-2.200000 16.628259
-2.190000 15.406054
-2.180000 14.107594
-2.170000 12.755284
-2.160000 11.369840
-2.150000 9.970250
-2.140000 8.573762
-2.130000 7.195886
-2.120000 5.850411
-2.110000 4.549440
-2.100000 3.303435
-2.090000 2.121277
-2.080000 1.010325
-2.070000 -0.023505
-2.060000 -0.975663
-2.050000 -1.842878
-2.040000 -2.623075
-2.030000 -3.315279
-2.020000 -3.919526
-2.010000 -4.436770
-2.000000 -4.868790
-1.990000 -5.218098
-1.980000 -5.487851
-1.970000 -5.681765
-1.960000 -5.804026
-1.950000 -5.859215
-1.940000 -5.852224
-1.930000 -5.788189
-1.920000 -5.672416
-1.910000 -5.510322
-1.900000 -5.307367
-1.890000 -5.069005
-1.880000 -4.800632
-1.870000 -4.507538
-1.860000 -4.194868
-1.850000 -3.867586
-1.840000 -3.530439
-1.830000 -3.187934
-1.820000 -2.844313
-1.810000 -2.503531
-1.800000 -2.169246
-1.790000 -1.844806
-1.780000 -1.533236
-1.770000 -1.237240
-1.760000 -0.959197
-1.750000 -0.701162
-1.740000 -0.464868
-1.730000 -0.251737
-1.720000 -0.062884
-1.710000 0.100869
-1.700000 0.238985
-1.690000 0.351193
-1.680000 0.437478
-1.670000 0.498062
-1.660000 0.533390
-1.650000 0.544110
-1.640000 0.531054
-1.630000 0.495225
-1.620000 0.437773
-1.610000 0.359981
-1.600000 0.263241
-1.590000 0.149044
-1.580000 0.018955
-1.570000 -0.125399
-1.560000 -0.282349
-1.550000 -0.450197
-1.540000 -0.627232
-1.530000 -0.811747
-1.520000 -1.002047
-1.510000 -1.196464
-1.500000 -1.393372
-1.490000 -1.591191
-1.480000 -1.788401
-1.470000 -1.983548
-1.460000 -2.175255
-1.450000 -2.362224
-1.440000 -2.543244
-1.430000 -2.717196
-1.420000 -2.883055
-1.410000 -3.039894
-1.400000 -3.186883
-1.390000 -3.323295
-1.380000 -3.448503
-1.370000 -3.561977
-1.360000 -3.663288
-1.350000 -3.752102
-1.340000 -3.828180
-1.330000 -3.891372
-1.320000 -3.941618
-1.310000 -3.978936
-1.300000 -4.003428
-1.290000 -4.015267
-1.280000 -4.014694
-1.270000 -4.002014
-1.260000 -3.977591
-1.250000 -3.941841
-1.240000 -3.895224
-1.230000 -3.838245
-1.220000 -3.771440
-1.210000 -3.695378
-1.200000 -3.610648
-1.190000 -3.517862
-1.180000 -3.417642
-1.170000 -3.310618
-1.160000 -3.197423
-1.150000 -3.078692
-1.140000 -2.955049
-1.130000 -2.827112
-1.120000 -2.695482
-1.110000 -2.560746
-1.100000 -2.423467
-1.090000 -2.284189
-1.080000 -2.143427
-1.070000 -2.001669
-1.060000 -1.859375
-1.050000 -1.716971
-1.040000 -1.574854
-1.030000 -1.433387
-1.020000 -1.292898
-1.010000 -1.153684
-1.000000 -1.016007
-0.990000 -0.880097
-0.980000 -0.746152
-0.970000 -0.614338
-0.960000 -0.484790
-0.950000 -0.357618
-0.940000 -0.232902
-0.930000 -0.110696
-0.920000 0.008967
-0.910000 0.126076
-0.900000 0.240639
-0.890000 0.352681
-0.880000 0.462243
-0.870000 0.569375
-0.860000 0.674139
-0.850000 0.776605
-0.840000 0.876845
-0.830000 0.974936
-0.820000 1.070955
-0.810000 1.164976
-0.800000 1.257071
-0.790000 1.347304
-0.780000 1.435732
-0.770000 1.522403
-0.760000 1.607352
-0.750000 1.690602
-0.740000 1.772163
-0.730000 1.852028
-0.720000 1.930174
-0.710000 2.006564
-0.700000 2.081139
-0.690000 2.153827
-0.680000 2.224533
-0.670000 2.293149
-0.660000 2.359546
-0.650000 2.423578
-0.640000 2.485083
-0.630000 2.543884
-0.620000 2.599787
-0.610000 2.652585
-0.600000 2.702059
-0.590000 2.747978
-0.580000 2.790101
-0.570000 2.828180
-0.560000 2.861962
-0.550000 2.891187
-0.540000 2.915595
-0.530000 2.934925
-0.520000 2.948918
-0.510000 2.957321
-0.500000 2.959885
-0.490000 2.956370
-0.480000 2.946550
-0.470000 2.930208
-0.460000 2.907145
-0.450000 2.877178
-0.440000 2.840146
-0.430000 2.795906
-0.420000 2.744341
-0.410000 2.685359
-0.400000 2.618895
-0.390000 2.544912
-0.380000 2.463404
-0.370000 2.374395
-0.360000 2.277942
-0.350000 2.174136
-0.340000 2.063102
-0.330000 1.944999
-0.320000 1.820022
-0.310000 1.688402
-0.300000 1.550402
-0.290000 1.406325
-0.280000 1.256505
-0.270000 1.101313
-0.260000 0.941150
-0.250000 0.776453
-0.240000 0.607687
-0.230000 0.435349
-0.220000 0.259963
-0.210000 0.082079
-0.200000 -0.097728
-0.190000 -0.278861
-0.180000 -0.460703
-0.170000 -0.642620
-0.160000 -0.823962
-0.150000 -1.004070
-0.140000 -1.182271
-0.130000 -1.357889
-0.120000 -1.530245
-0.110000 -1.698657
-0.100000 -1.862450
-0.090000 -2.020950
-0.080000 -2.173497
-0.070000 -2.319442
-0.060000 -2.458151
-0.050000 -2.589010
-0.040000 -2.711427
-0.030000 -2.824835
-0.020000 -2.928697
-0.010000 -3.022505
-0.000000 -3.105787
0.010000 -3.178107
0.020000 -3.239069
0.030000 -3.288318
0.040000 -3.325544
0.050000 -3.350484
0.060000 -3.362920
0.070000 -3.362688
0.080000 -3.349673
0.090000 -3.323812
0.100000 -3.285096
0.110000 -3.233573
0.120000 -3.169340
0.130000 -3.092556
0.140000 -3.003428
0.150000 -2.902224
0.160000 -2.789262
0.170000 -2.664915
0.180000 -2.529608
0.190000 -2.383817
0.200000 -2.228068
0.210000 -2.062932
0.220000 -1.889028
0.230000 -1.707017
0.240000 -1.517601
0.250000 -1.321517
0.260000 -1.119539
0.270000 -0.912471
0.280000 -0.701146
0.290000 -0.486418
0.300000 -0.269165
0.310000 -0.050279
0.320000 0.169336
0.330000 0.388766
0.340000 0.607095
0.350000 0.823407
0.360000 1.036792
0.370000 1.246346
0.380000 1.451182
0.390000 1.650430
0.400000 1.843243
0.410000 2.028801
0.420000 2.206314
0.430000 2.375028
0.440000 2.534227
0.450000 2.683240
0.460000 2.821442
0.470000 2.948257
0.480000 3.063163
0.490000 3.165695
0.500000 3.255447
0.510000 3.332073
0.520000 3.395293
0.530000 3.444893
0.540000 3.480724
0.550000 3.502707
0.560000 3.510833
0.570000 3.505162
0.580000 3.485825
0.590000 3.453023
0.600000 3.407026
0.610000 3.348173
0.620000 3.276871
0.630000 3.193590
0.640000 3.098866
0.650000 2.993295
0.660000 2.877532
0.670000 2.752286
0.680000 2.618318
0.690000 2.476437
0.700000 2.327494
0.710000 2.172381
0.720000 2.012023
0.730000 1.847374
0.740000 1.679414
0.750000 1.509138
0.760000 1.337558
0.770000 1.165689
0.780000 0.994548
0.790000 0.825149
0.800000 0.658493
0.810000 0.495563
0.820000 0.337319
0.830000 0.184693
0.840000 0.038577
0.850000 -0.100175
0.860000 -0.230758
0.870000 -0.352421
0.880000 -0.464472
0.890000 -0.566281
0.900000 -0.657289
0.910000 -0.737010
0.920000 -0.805034
0.930000 -0.861035
0.940000 -0.904771
0.950000 -0.936087
0.960000 -0.954918
0.970000 -0.961292
0.980000 -0.955332
0.990000 -0.937251
1.000000 -0.907359
1.010000 -0.866062
1.020000 -0.813854
1.030000 -0.751325
1.040000 -0.679151
1.050000 -0.598095
1.060000 -0.509001
1.070000 -0.412792
1.080000 -0.310465
1.090000 -0.203082
1.100000 -0.091767
1.110000 0.022300
1.120000 0.137896
1.130000 0.253755
1.140000 0.368584
1.150000 0.481066
1.160000 0.589874
1.170000 0.693679
1.180000 0.791158
1.190000 0.881010
1.200000 0.961960
1.210000 1.032777
1.220000 1.092279
1.230000 1.139347
1.240000 1.172937
1.250000 1.192088
1.260000 1.195936
1.270000 1.183722
1.280000 1.154803
1.290000 1.108664
1.300000 1.044924
1.310000 0.963344
1.320000 0.863841
1.330000 0.746488
1.340000 0.611525
1.350000 0.459361
1.360000 0.290582
1.370000 0.105952
1.380000 -0.093585
1.390000 -0.306904
1.400000 -0.532701
1.410000 -0.769490
1.420000 -1.015613
1.430000 -1.269242
1.440000 -1.528383
1.450000 -1.790891
1.460000 -2.054472
1.470000 -2.316700
1.480000 -2.575028
1.490000 -2.826804
1.500000 -3.069286
1.510000 -3.299661
1.520000 -3.515065
1.530000 -3.712604
1.540000 -3.889375
1.550000 -4.042496
1.560000 -4.169124
1.570000 -4.266486
1.580000 -4.331907
1.590000 -4.362838
1.600000 -4.356884
1.610000 -4.311836
1.620000 -4.225703
1.630000 -4.096738
1.640000 -3.923474
1.650000 -3.704751
1.660000 -3.439749
1.670000 -3.128015
1.680000 -2.769491
1.690000 -2.364543
1.700000 -1.913987
1.710000 -1.419108
1.720000 -0.881685
1.730000 -0.304009
1.740000 0.311105
1.750000 0.960299
1.760000 1.639672
1.770000 2.344768
1.780000 3.070582
1.790000 3.811559
1.800000 4.561608
1.810000 5.314118
1.820000 6.061973
1.830000 6.797584
1.840000 7.512921
1.850000 8.199554
1.860000 8.848696
1.870000 9.451258
1.880000 9.997913
1.890000 10.479159
1.900000 10.885399
1.910000 11.207019
1.920000 11.434480
1.930000 11.558418
1.940000 11.569744
1.950000 11.459757
1.960000 11.220262
1.970000 10.843691
1.980000 10.323239
1.990000 9.652989
2.000000 8.828059
2.010000 7.844740
2.020000 6.700644
2.030000 5.394845
2.040000 3.928033
2.050000 2.302658
2.060000 0.523073
2.070000 -1.404323
2.080000 -3.470951
2.090000 -5.665922
2.100000 -7.975918
2.110000 -10.385085
2.120000 -12.874934
2.130000 -15.424265
2.140000 -18.009101
2.150000 -20.602652
2.160000 -23.175292
2.170000 -25.694570
2.180000 -28.125249
2.190000 -30.429370
2.200000 -32.566364
2.210000 -34.493189
2.220000 -36.164519
2.230000 -37.532974
2.240000 -38.549393
2.250000 -39.163174
2.260000 -39.322648
2.270000 -38.975528
2.280000 -38.069411
2.290000 -36.552344
2.300000 -34.373458
2.310000 -31.483671
2.320000 -27.836458
2.330000 -23.388698
2.340000 -18.101591
2.350000 -11.941650
2.360000 -4.881770
2.370000 3.097637
2.380000 12.007429
2.390000 21.848455
2.400000 32.610207
2.410000 44.269418
2.420000 56.788598
2.430000 70.114525
2.440000 84.176706
2.450000 98.885794
2.460000 114.132011
2.470000 129.783556
2.480000 145.685044
2.490000 161.655973
2.500000 177.489269
2.510000 192.949902
2.520000 207.773636
2.530000 221.665923
2.540000 234.300993
2.550000 245.321172
2.560000 254.336486
2.570000 260.924590
2.580000 264.631096
2.590000 264.970348
2.600000 261.426731
2.610000 253.456576
2.620000 240.490757
2.630000 221.938075
2.640000 197.189521
2.650000 165.623544
2.660000 126.612434
2.670000 79.529965
2.680000 23.760430
2.690000 -41.290760
2.700000 -116.184756
2.710000 -201.435031
2.720000 -297.491032
2.730000 -404.719501
2.740000 -523.383226
2.750000 -653.616986
2.760000 -795.400393
2.770000 -948.527362
2.780000 -1112.571882
2.790000 -1286.849741
2.800000 -1470.375864
2.810000 -1661.816849
2.820000 -1859.438293
2.830000 -2061.046467
2.840000 -2263.923838
2.850000 -2464.757947
2.860000 -2659.563075
2.870000 -2843.594124
2.880000 -3011.252070
2.890000 -3155.980335
2.900000 -3270.151353
2.910000 -3344.942565
2.920000 -3370.201054
2.930000 -3334.295927
2.940000 -3223.957552
2.950000 -3024.102654
2.960000 -2717.644245
2.970000 -2285.285280
2.980000 -1705.294864
2.990000 -953.265780
