0 50 0 0 0 -49
-0.000146293 49.9998 -0.245122 -0.0585665 -0.0862494 -49.0488
-0.000585718 49.9991 -0.490488 -0.117253 -0.172673 -49.0975
-0.00131888 49.9981 -0.736097 -0.17606 -0.25927 -49.1462
-0.00234637 49.9965 -0.98195 -0.234987 -0.346043 -49.1948
-0.0036688 49.9946 -1.22805 -0.294036 -0.432991 -49.2434
-0.00528678 49.9922 -1.47438 -0.353206 -0.520116 -49.292
-0.00720091 49.9894 -1.72097 -0.412498 -0.607417 -49.3405
-0.00941181 49.9861 -1.96779 -0.471913 -0.694895 -49.3889
-0.0119201 49.9824 -2.21485 -0.53145 -0.782551 -49.4373
-0.0147264 49.9783 -2.46216 -0.59111 -0.870385 -49.4856
-0.0178313 49.9737 -2.70971 -0.650894 -0.958399 -49.5339
-0.0212354 49.9687 -2.9575 -0.710802 -1.04659 -49.5821
-0.0249393 49.9633 -3.20553 -0.770835 -1.13497 -49.6303
-0.0289438 49.9574 -3.4538 -0.830992 -1.22352 -49.6784
-0.0332493 49.951 -3.70231 -0.891275 -1.31225 -49.7265
-0.0378566 49.9443 -3.95107 -0.951683 -1.40117 -49.7745
-0.0427662 49.937 -4.20006 -1.01222 -1.49027 -49.8224
-0.0479788 49.9294 -4.44929 -1.07288 -1.57955 -49.8703
-0.053495 49.9212 -4.69876 -1.13367 -1.66902 -49.9182
-0.0593155 49.9127 -4.94847 -1.19458 -1.75867 -49.966
-0.0654409 49.9036 -5.19842 -1.25563 -1.84851 -50.0137
-0.0718719 49.8942 -5.44861 -1.3168 -1.93853 -50.0614
-0.078609 49.8843 -5.69904 -1.3781 -2.02874 -50.109
-0.0856529 49.8739 -5.9497 -1.43953 -2.11913 -50.1566
-0.0930043 49.8631 -6.2006 -1.50109 -2.20971 -50.2041
-0.100664 49.8518 -6.45174 -1.56278 -2.30048 -50.2515
-0.108632 49.8401 -6.70312 -1.6246 -2.39144 -50.2989
-0.11691 49.8279 -6.95473 -1.68655 -2.48259 -50.3463
-0.125498 49.8152 -7.20658 -1.74863 -2.57392 -50.3935
-0.134396 49.8021 -7.45866 -1.81084 -2.66545 -50.4408
-0.143606 49.7886 -7.71099 -1.87319 -2.75717 -50.4879
-0.153128 49.7746 -7.96354 -1.93567 -2.84908 -50.535
-0.162963 49.7601 -8.21634 -1.99828 -2.94119 -50.5821
-0.173111 49.7452 -8.46936 -2.06103 -3.03348 -50.6291
-0.183573 49.7298 -8.72263 -2.12391 -3.12597 -50.676
-0.19435 49.7139 -8.97612 -2.18692 -3.21866 -50.7228
-0.205443 49.6976 -9.22986 -2.25007 -3.31154 -50.7696
-0.216851 49.6808 -9.48382 -2.31336 -3.40461 -50.8164
-0.228576 49.6635 -9.73802 -2.37678 -3.49789 -50.863
-0.240619 49.6458 -9.99245 -2.44034 -3.59136 -50.9097
-0.25298 49.6276 -10.2471 -2.50403 -3.68502 -50.9562
-0.265659 49.609 -10.502 -2.56787 -3.77889 -51.0027
-0.278658 49.5898 -10.7571 -2.63184 -3.87295 -51.0491
-0.291978 49.5702 -11.0125 -2.69594 -3.96722 -51.0955
-0.305618 49.5502 -11.2681 -2.76019 -4.06168 -51.1418
-0.31958 49.5296 -11.5239 -2.82458 -4.15635 -51.188
-0.333864 49.5086 -11.78 -2.88911 -4.25122 -51.2342
-0.348471 49.4871 -12.0363 -2.95377 -4.34629 -51.2803
-0.363401 49.4651 -12.2928 -3.01858 -4.44156 -51.3263
-0.378657 49.4427 -12.5495 -3.08353 -4.53704 -51.3722
-0.394237 49.4198 -12.8065 -3.14862 -4.63272 -51.4181
-0.410143 49.3964 -13.0637 -3.21386 -4.72861 -51.464
-0.426375 49.3725 -13.3211 -3.27923 -4.8247 -51.5097
-0.442935 49.3481 -13.5788 -3.34475 -4.921 -51.5554
-0.459823 49.3233 -13.8367 -3.41042 -5.01751 -51.601
-0.47704 49.2979 -14.0948 -3.47623 -5.11423 -51.6466
-0.494585 49.2721 -14.3532 -3.54218 -5.21115 -51.6921
-0.512461 49.2458 -14.6117 -3.60828 -5.30829 -51.7375
-0.530668 49.219 -14.8705 -3.67452 -5.40563 -51.7828
-0.549207 49.1918 -15.1296 -3.74091 -5.50319 -51.8281
-0.568077 49.164 -15.3888 -3.80745 -5.60096 -51.8733
-0.587281 49.1358 -15.6483 -3.87414 -5.69894 -51.9184
-0.606819 49.107 -15.908 -3.94097 -5.79713 -51.9635
-0.626691 49.0778 -16.1679 -4.00795 -5.89554 -52.0085
-0.646898 49.0481 -16.4281 -4.07508 -5.99417 -52.0534
-0.667442 49.0178 -16.6885 -4.14236 -6.09301 -52.0982
-0.688322 48.9871 -16.9491 -4.20979 -6.19206 -52.143
-0.70954 48.9559 -17.2099 -4.27737 -6.29134 -52.1876
-0.731096 48.9242 -17.4709 -4.34511 -6.39083 -52.2322
-0.752991 48.892 -17.7322 -4.41299 -6.49054 -52.2768
-0.775226 48.8593 -17.9937 -4.48103 -6.59047 -52.3212
-0.797801 48.8261 -18.2554 -4.54922 -6.69062 -52.3656
-0.820718 48.7924 -18.5174 -4.61756 -6.79099 -52.4099
-0.843977 48.7582 -18.7795 -4.68606 -6.89158 -52.4541
-0.867579 48.7235 -19.0419 -4.75471 -6.9924 -52.4982
-0.891524 48.6883 -19.3045 -4.82351 -7.09344 -52.5423
-0.915814 48.6526 -19.5673 -4.89247 -7.1947 -52.5863
-0.940449 48.6163 -19.8304 -4.96159 -7.29619 -52.6302
-0.96543 48.5796 -20.0936 -5.03087 -7.39791 -52.674
-0.990758 48.5423 -20.3571 -5.1003 -7.49985 -52.7177
-1.01643 48.5046 -20.6208 -5.16989 -7.60202 -52.7614
-1.04246 48.4663 -20.8847 -5.23964 -7.70442 -52.8049
-1.06883 48.4275 -21.1489 -5.30954 -7.80705 -52.8484
-1.09555 48.3883 -21.4132 -5.37961 -7.90991 -52.8918
-1.12263 48.3484 -21.6778 -5.44984 -8.013 -52.9351
-1.15005 48.3081 -21.9426 -5.52023 -8.11632 -52.9784
-1.17783 48.2673 -22.2076 -5.59078 -8.21987 -53.0215
-1.20596 48.2259 -22.4728 -5.66149 -8.32366 -53.0646
-1.23444 48.184 -22.7382 -5.73236 -8.42768 -53.1075
-1.26328 48.1416 -23.0039 -5.8034 -8.53193 -53.1504
-1.29248 48.0987 -23.2697 -5.8746 -8.63643 -53.1932
-1.32203 48.0553 -23.5358 -5.94596 -8.74116 -53.2359
-1.35194 48.0113 -23.8021 -6.01749 -8.84613 -53.2785
-1.3822 47.9668 -24.0686 -6.08919 -8.95133 -53.3211
-1.41283 47.9218 -24.3353 -6.16105 -9.05678 -53.3635
-1.44381 47.8763 -24.6022 -6.23308 -9.16247 -53.4058
-1.47516 47.8302 -24.8693 -6.30527 -9.26839 -53.4481
-1.50687 47.7836 -25.1367 -6.37764 -9.37456 -53.4902
-1.53894 47.7364 -25.4042 -6.45017 -9.48098 -53.5323
-1.57137 47.6888 -25.672 -6.52287 -9.58764 -53.5743
-1.60416 47.6406 -25.94 -6.59574 -9.69454 -53.6162
-1.63733 47.5918 -26.2082 -6.66878 -9.80169 -53.6579
-1.67085 47.5425 -26.4766 -6.742 -9.90908 -53.6996
-1.70475 47.4927 -26.7452 -6.81538 -10.0167 -53.7412
-1.73901 47.4424 -27.014 -6.88894 -10.1246 -53.7827
-1.77364 47.3915 -27.283 -6.96267 -10.2328 -53.8241
-1.80863 47.34 -27.5522 -7.03657 -10.3412 -53.8654
-1.844 47.2881 -27.8216 -7.11065 -10.4498 -53.9065
-1.87974 47.2355 -28.0913 -7.1849 -10.5587 -53.9476
-1.91585 47.1825 -28.3611 -7.25933 -10.6678 -53.9886
-1.95233 47.1289 -28.6312 -7.33394 -10.7773 -54.0295
-1.98919 47.0747 -28.9014 -7.40872 -10.8869 -54.0703
-2.02642 47.02 -29.1719 -7.48368 -10.9968 -54.1109
-2.06403 46.9647 -29.4425 -7.55882 -11.107 -54.1515
-2.10201 46.9089 -29.7134 -7.63414 -11.2174 -54.192
-2.14037 46.8526 -29.9844 -7.70963 -11.3281 -54.2323
-2.1791 46.7956 -30.2557 -7.78531 -11.4391 -54.2726
-2.21822 46.7382 -30.5272 -7.86117 -11.5503 -54.3127
-2.25772 46.6801 -30.7988 -7.93721 -11.6618 -54.3528
-2.29759 46.6216 -31.0707 -8.01343 -11.7735 -54.3927
-2.33785 46.5624 -31.3428 -8.08983 -11.8855 -54.4325
-2.37849 46.5027 -31.615 -8.16642 -11.9978 -54.4722
-2.41952 46.4424 -31.8875 -8.2432 -12.1103 -54.5118
-2.46092 46.3816 -32.1601 -8.32015 -12.2231 -54.5513
-2.50272 46.3202 -32.433 -8.3973 -12.3362 -54.5906
-2.5449 46.2582 -32.706 -8.47463 -12.4495 -54.6299
-2.58746 46.1957 -32.9793 -8.55215 -12.5632 -54.669
-2.63042 46.1326 -33.2527 -8.62985 -12.677 -54.7081
-2.67376 46.0689 -33.5264 -8.70775 -12.7912 -54.747
-2.7175 46.0047 -33.8002 -8.78583 -12.9056 -54.7857
-2.76162 45.9399 -34.0742 -8.8641 -13.0203 -54.8244
-2.80614 45.8745 -34.3485 -8.94257 -13.1353 -54.863
-2.85105 45.8085 -34.6229 -9.02123 -13.2506 -54.9014
-2.89635 45.742 -34.8975 -9.10007 -13.3661 -54.9397
-2.94205 45.6749 -35.1723 -9.17912 -13.4819 -54.9779
-2.98814 45.6072 -35.4472 -9.25835 -13.598 -55.0159
-3.03463 45.5389 -35.7224 -9.33778 -13.7144 -55.0538
-3.08152 45.47 -35.9978 -9.41741 -13.8311 -55.0917
-3.1288 45.4006 -36.2733 -9.49723 -13.948 -55.1293
-3.17649 45.3305 -36.5491 -9.57725 -14.0652 -55.1669
-3.22458 45.2599 -36.825 -9.65746 -14.1827 -55.2043
-3.27307 45.1887 -37.1011 -9.73788 -14.3005 -55.2416
-3.32196 45.1169 -37.3774 -9.81849 -14.4186 -55.2788
-3.37125 45.0445 -37.6539 -9.8993 -14.537 -55.3158
-3.42095 44.9715 -37.9306 -9.98032 -14.6557 -55.3527
-3.47105 44.898 -38.2074 -10.0615 -14.7746 -55.3895
-3.52156 44.8238 -38.4845 -10.1429 -14.8939 -55.4261
-3.57248 44.749 -38.7617 -10.2246 -15.0134 -55.4626
-3.62381 44.6737 -39.0391 -10.3064 -15.1333 -55.4989
-3.67555 44.5977 -39.3167 -10.3884 -15.2534 -55.5352
-3.72769 44.5211 -39.5944 -10.4707 -15.3738 -55.5712
-3.78025 44.444 -39.8724 -10.5531 -15.4946 -55.6072
-3.83323 44.3662 -40.1505 -10.6357 -15.6156 -55.643
-3.88661 44.2878 -40.4288 -10.7186 -15.7369 -55.6786
-3.94041 44.2088 -40.7073 -10.8017 -15.8586 -55.7141
-3.99463 44.1292 -40.986 -10.8849 -15.9805 -55.7495
-4.04926 44.049 -41.2648 -10.9684 -16.1028 -55.7847
-4.10431 43.9682 -41.5438 -11.0521 -16.2253 -55.8198
-4.15978 43.8868 -41.823 -11.136 -16.3482 -55.8547
-4.21567 43.8047 -42.1024 -11.2201 -16.4713 -55.8895
-4.27198 43.722 -42.3819 -11.3045 -16.5948 -55.9241
-4.32872 43.6388 -42.6616 -11.389 -16.7186 -55.9586
-4.38587 43.5549 -42.9415 -11.4738 -16.8427 -55.9929
-4.44345 43.4703 -43.2215 -11.5587 -16.9671 -56.0271
-4.50146 43.3852 -43.5018 -11.6439 -17.0919 -56.0611
-4.55989 43.2994 -43.7821 -11.7294 -17.2169 -56.095
-4.61875 43.213 -44.0627 -11.815 -17.3423 -56.1287
-4.67804 43.126 -44.3434 -11.9008 -17.4679 -56.1622
-4.73776 43.0383 -44.6243 -11.9869 -17.5939 -56.1956
-4.79791 42.9501 -44.9054 -12.0732 -17.7203 -56.2288
-4.8585 42.8611 -45.1866 -12.1597 -17.8469 -56.2619
-4.91951 42.7716 -45.468 -12.2465 -17.9739 -56.2947
-4.98096 42.6814 -45.7496 -12.3334 -18.1012 -56.3275
-5.04284 42.5906 -46.0313 -12.4206 -18.2288 -56.36
-5.10517 42.4991 -46.3132 -12.508 -18.3567 -56.3924
-5.16792 42.407 -46.5952 -12.5957 -18.485 -56.4246
-5.23112 42.3143 -46.8774 -12.6835 -18.6136 -56.4567
-5.29476 42.2209 -47.1598 -12.7716 -18.7425 -56.4885
-5.35884 42.1268 -47.4423 -12.8599 -18.8718 -56.5202
-5.42336 42.0321 -47.725 -12.9485 -19.0014 -56.5517
-5.48832 41.9368 -48.0078 -13.0373 -19.1314 -56.5831
-5.55373 41.8408 -48.2908 -13.1263 -19.2616 -56.6142
-5.61959 41.7442 -48.5739 -13.2156 -19.3923 -56.6452
-5.68589 41.6469 -48.8573 -13.305 -19.5232 -56.676
-5.75264 41.549 -49.1407 -13.3948 -19.6545 -56.7066
-5.81984 41.4504 -49.4243 -13.4847 -19.7862 -56.7371
-5.88748 41.3511 -49.7081 -13.5749 -19.9182 -56.7673
-5.95558 41.2512 -49.992 -13.6653 -20.0505 -56.7974
-6.02414 41.1506 -50.2761 -13.756 -20.1832 -56.8272
-6.09315 41.0494 -50.5603 -13.8469 -20.3162 -56.8569
-6.16261 40.9474 -50.8446 -13.9381 -20.4496 -56.8864
-6.23253 40.8449 -51.1291 -14.0295 -20.5833 -56.9157
-6.3029 40.7416 -51.4138 -14.1211 -20.7174 -56.9448
-6.37374 40.6377 -51.6986 -14.213 -20.8518 -56.9737
-6.44503 40.5331 -51.9835 -14.3051 -20.9866 -57.0024
-6.51679 40.4278 -52.2686 -14.3975 -21.1218 -57.0308
-6.58901 40.3219 -52.5538 -14.4901 -21.2573 -57.0591
-6.66169 40.2152 -52.8392 -14.583 -21.3932 -57.0872
-6.73484 40.1079 -53.1247 -14.6761 -21.5294 -57.1151
-6.80845 39.9999 -53.4103 -14.7694 -21.666 -57.1428
-6.88253 39.8913 -53.6961 -14.8631 -21.803 -57.1702
-6.95708 39.7819 -53.982 -14.9569 -21.9403 -57.1975
-7.0321 39.6719 -54.2681 -15.0511 -22.078 -57.2245
-7.10759 39.5611 -54.5543 -15.1454 -22.2161 -57.2513
-7.18356 39.4497 -54.8406 -15.2401 -22.3545 -57.2779
-7.25999 39.3376 -55.1271 -15.335 -22.4934 -57.3043
-7.3369 39.2248 -55.4137 -15.4301 -22.6326 -57.3305
-7.41429 39.1113 -55.7004 -15.5255 -22.7721 -57.3564
-7.49216 38.9971 -55.9872 -15.6212 -22.9121 -57.3821
-7.57051 38.8821 -56.2742 -15.7171 -23.0524 -57.4076
-7.64933 38.7665 -56.5613 -15.8133 -23.1931 -57.4328
-7.72864 38.6502 -56.8485 -15.9097 -23.3342 -57.4579
-7.80843 38.5332 -57.1359 -16.0064 -23.4757 -57.4826
-7.8887 38.4155 -57.4233 -16.1034 -23.6175 -57.5072
-7.96946 38.297 -57.7109 -16.2007 -23.7598 -57.5315
-8.05071 38.1779 -57.9987 -16.2982 -23.9024 -57.5556
-8.13244 38.058 -58.2865 -16.396 -24.0455 -57.5794
-8.21467 37.9374 -58.5745 -16.494 -24.1889 -57.603
-8.29738 37.8161 -58.8625 -16.5923 -24.3327 -57.6264
-8.38059 37.6941 -59.1507 -16.6909 -24.4769 -57.6495
-8.46429 37.5713 -59.439 -16.7898 -24.6215 -57.6723
-8.54849 37.4479 -59.7274 -16.8889 -24.7666 -57.6949
-8.63318 37.3237 -60.016 -16.9884 -24.912 -57.7172
-8.71837 37.1987 -60.3046 -17.0881 -25.0578 -57.7393
-8.80406 37.0731 -60.5934 -17.188 -25.204 -57.7611
-8.89025 36.9467 -60.8822 -17.2883 -25.3506 -57.7827
-8.97695 36.8196 -61.1712 -17.3888 -25.4977 -57.804
-9.06414 36.6917 -61.4603 -17.4896 -25.6451 -57.825
-9.15184 36.5631 -61.7494 -17.5907 -25.793 -57.8458
-9.24005 36.4338 -62.0387 -17.6921 -25.9413 -57.8663
-9.32877 36.3037 -62.3281 -17.7938 -26.09 -57.8865
-9.41799 36.1729 -62.6176 -17.8958 -26.2391 -57.9064
-9.50772 36.0413 -62.9072 -17.998 -26.3886 -57.9261
-9.59797 35.909 -63.1968 -18.1005 -26.5385 -57.9455
-9.68873 35.7759 -63.4866 -18.2034 -26.6889 -57.9646
-9.78 35.6421 -63.7765 -18.3065 -26.8397 -57.9834
-9.87179 35.5075 -64.0665 -18.4099 -26.9909 -58.0019
-9.9641 35.3722 -64.3565 -18.5136 -27.1426 -58.0201
-10.0569 35.2361 -64.6467 -18.6176 -27.2947 -58.038
-10.1503 35.0993 -64.9369 -18.7219 -27.4472 -58.0557
-10.2441 34.9616 -65.2272 -18.8265 -27.6001 -58.073
-10.3385 34.8233 -65.5176 -18.9314 -27.7535 -58.09
-10.4335 34.6841 -65.8081 -19.0366 -27.9074 -58.1068
-10.5289 34.5442 -66.0987 -19.1421 -28.0616 -58.1232
-10.6249 34.4035 -66.3893 -19.2479 -28.2163 -58.1393
-10.7214 34.262 -66.6801 -19.354 -28.3715 -58.1551
-10.8184 34.1198 -66.9709 -19.4605 -28.5271 -58.1706
-10.916 33.9768 -67.2618 -19.5672 -28.6831 -58.1857
-11.0141 33.833 -67.5528 -19.6742 -28.8396 -58.2006
-11.1127 33.6884 -67.8438 -19.7816 -28.9966 -58.2151
-11.2119 33.543 -68.1349 -19.8893 -29.154 -58.2293
-11.3116 33.3968 -68.4261 -19.9972 -29.3118 -58.2431
-11.4119 33.2499 -68.7173 -20.1055 -29.4701 -58.2566
-11.5127 33.1021 -69.0087 -20.2142 -29.6289 -58.2698
-11.614 32.9536 -69.3 -20.3231 -29.7882 -58.2827
-11.7159 32.8042 -69.5915 -20.4324 -29.9479 -58.2951
-11.8184 32.6541 -69.883 -20.5419 -30.108 -58.3073
-11.9213 32.5032 -70.1745 -20.6518 -30.2687 -58.3191
-12.0249 32.3514 -70.4662 -20.7621 -30.4298 -58.3305
-12.129 32.1989 -70.7579 -20.8726 -30.5914 -58.3416
-12.2336 32.0455 -71.0496 -20.9835 -30.7534 -58.3523
-12.3388 31.8913 -71.3414 -21.0947 -30.916 -58.3627
-12.4445 31.7363 -71.6332 -21.2063 -31.079 -58.3727
-12.5509 31.5805 -71.9251 -21.3181 -31.2425 -58.3823
-12.6577 31.4239 -72.217 -21.4304 -31.4064 -58.3916
-12.7652 31.2665 -72.509 -21.5429 -31.5709 -58.4004
-12.8732 31.1082 -72.801 -21.6558 -31.7359 -58.4089
-12.9817 30.9491 -73.0931 -21.769 -31.9013 -58.417
-13.0908 30.7892 -73.3852 -21.8826 -32.0672 -58.4247
-13.2005 30.6284 -73.6774 -21.9965 -32.2337 -58.4321
-13.3108 30.4669 -73.9695 -22.1108 -32.4006 -58.439
-13.4216 30.3044 -74.2617 -22.2254 -32.568 -58.4455
-13.5331 30.1412 -74.554 -22.3404 -32.736 -58.4516
-13.6451 29.9771 -74.8463 -22.4557 -32.9044 -58.4573
-13.7576 29.8121 -75.1386 -22.5714 -33.0733 -58.4626
-13.8708 29.6463 -75.4309 -22.6874 -33.2428 -58.4675
-13.9845 29.4797 -75.7232 -22.8038 -33.4128 -58.472
-14.0988 29.3122 -76.0156 -22.9205 -33.5832 -58.476
-14.2137 29.1439 -76.308 -23.0376 -33.7542 -58.4797
-14.3292 28.9747 -76.6004 -23.1551 -33.9257 -58.4829
-14.4453 28.8046 -76.8928 -23.2729 -34.0978 -58.4856
-14.5619 28.6337 -77.1853 -23.3911 -34.2703 -58.4879
-14.6792 28.4619 -77.4777 -23.5097 -34.4434 -58.4898
-14.797 28.2893 -77.7702 -23.6286 -34.617 -58.4912
-14.9154 28.1157 -78.0626 -23.7479 -34.7912 -58.4922
-15.0345 27.9413 -78.3551 -23.8676 -34.9658 -58.4927
-15.1541 27.7661 -78.6475 -23.9877 -35.1411 -58.4928
-15.2744 27.5899 -78.94 -24.1081 -35.3168 -58.4923
-15.3952 27.4129 -79.2325 -24.2289 -35.4931 -58.4915
-15.5167 27.235 -79.5249 -24.3502 -35.6699 -58.4901
-15.6387 27.0562 -79.8174 -24.4718 -35.8473 -58.4883
-15.7614 26.8765 -80.1098 -24.5937 -36.0253 -58.486
-15.8846 26.696 -80.4022 -24.7161 -36.2038 -58.4832
-16.0085 26.5145 -80.6946 -24.8389 -36.3828 -58.4799
-16.133 26.3321 -80.987 -24.9621 -36.5624 -58.4761
-16.2582 26.1489 -81.2794 -25.0856 -36.7426 -58.4718
-16.3839 25.9647 -81.5717 -25.2096 -36.9233 -58.467
-16.5102 25.7796 -81.8641 -25.334 -37.1046 -58.4617
-16.6372 25.5937 -82.1564 -25.4587 -37.2864 -58.4559
-16.7648 25.4068 -82.4486 -25.5839 -37.4689 -58.4496
-16.8931 25.219 -82.7409 -25.7095 -37.6519 -58.4427
-17.0219 25.0303 -83.033 -25.8355 -37.8355 -58.4353
-17.1514 24.8406 -83.3252 -25.9619 -38.0197 -58.4274
-17.2816 24.6501 -83.6173 -26.0888 -38.2044 -58.419
-17.4123 24.4586 -83.9094 -26.216 -38.3897 -58.41
-17.5437 24.2662 -84.2014 -26.3437 -38.5757 -58.4004
-17.6758 24.0728 -84.4934 -26.4718 -38.7622 -58.3904
-17.8084 23.8785 -84.7853 -26.6003 -38.9493 -58.3797
-17.9418 23.6833 -85.0772 -26.7293 -39.137 -58.3685
-18.0757 23.4872 -85.369 -26.8587 -39.3253 -58.3567
-18.2103 23.2901 -85.6608 -26.9885 -39.5142 -58.3444
-18.3456 23.092 -85.9525 -27.1187 -39.7038 -58.3315
-18.4815 22.893 -86.2441 -27.2494 -39.8939 -58.318
-18.6181 22.6931 -86.5356 -27.3805 -40.0846 -58.3039
-18.7553 22.4922 -86.8271 -27.5121 -40.276 -58.2892
-18.8932 22.2903 -87.1185 -27.6441 -40.468 -58.2739
-19.0318 22.0875 -87.4099 -27.7765 -40.6605 -58.258
-19.171 21.8837 -87.7011 -27.9094 -40.8537 -58.2415
-19.3109 21.679 -87.9923 -28.0428 -41.0476 -58.2244
-19.4514 21.4732 -88.2833 -28.1766 -41.242 -58.2067
-19.5926 21.2665 -88.5743 -28.3108 -41.4371 -58.1883
-19.7345 21.0589 -88.8652 -28.4455 -41.6329 -58.1693
-19.8771 20.8502 -89.156 -28.5806 -41.8292 -58.1497
-20.0203 20.6406 -89.4467 -28.7162 -42.0262 -58.1294
-20.1643 20.43 -89.7373 -28.8523 -42.2239 -58.1085
-20.3089 20.2183 -90.0278 -28.9888 -42.4222 -58.0869
-20.4541 20.0057 -90.3182 -29.1258 -42.6211 -58.0646
-20.6001 19.7921 -90.6085 -29.2633 -42.8207 -58.0417
-20.7468 19.5775 -90.8986 -29.4012 -43.0209 -58.0181
-20.8941 19.3619 -91.1886 -29.5396 -43.2218 -57.9938
-21.0422 19.1453 -91.4785 -29.6785 -43.4234 -57.9688
-21.1909 18.9277 -91.7683 -29.8178 -43.6256 -57.9432
-21.3403 18.7091 -92.058 -29.9576 -43.8285 -57.9168
-21.4905 18.4894 -92.3475 -30.098 -44.032 -57.8897
-21.6413 18.2687 -92.6369 -30.2387 -44.2363 -57.8619
-21.7929 18.047 -92.9261 -30.38 -44.4412 -57.8333
-21.9451 17.8243 -93.2152 -30.5218 -44.6467 -57.8041
-22.0981 17.6006 -93.5042 -30.664 -44.853 -57.774
-22.2518 17.3758 -93.7929 -30.8067 -45.0599 -57.7433
-22.4062 17.15 -94.0816 -30.95 -45.2676 -57.7118
-22.5613 16.9231 -94.3701 -31.0937 -45.4759 -57.6795
-22.7171 16.6952 -94.6584 -31.2379 -45.6849 -57.6464
-22.8736 16.4663 -94.9465 -31.3826 -45.8946 -57.6126
-23.0309 16.2363 -95.2345 -31.5278 -46.105 -57.578
-23.1889 16.0052 -95.5223 -31.6736 -46.3161 -57.5426
-23.3477 15.7731 -95.8099 -31.8198 -46.5279 -57.5064
-23.5071 15.5399 -96.0974 -31.9665 -46.7405 -57.4694
-23.6673 15.3057 -96.3846 -32.1138 -46.9537 -57.4315
-23.8283 15.0704 -96.6717 -32.2616 -47.1677 -57.3929
-23.9899 14.834 -96.9586 -32.4098 -47.3823 -57.3534
-24.1524 14.5966 -97.2452 -32.5586 -47.5977 -57.3131
-24.3155 14.3581 -97.5317 -32.708 -47.8138 -57.2719
-24.4794 14.1184 -97.8179 -32.8578 -48.0307 -57.2298
-24.6441 13.8777 -98.104 -33.0082 -48.2483 -57.1869
-24.8095 13.636 -98.3898 -33.1591 -48.4666 -57.1431
-24.9757 13.3931 -98.6754 -33.3105 -48.6856 -57.0984
-25.1426 13.1491 -98.9608 -33.4625 -48.9054 -57.0528
-25.3103 12.904 -99.2459 -33.615 -49.126 -57.0063
-25.4788 12.6578 -99.5309 -33.768 -49.3472 -56.9589
-25.648 12.4106 -99.8155 -33.9216 -49.5693 -56.9106
-25.818 12.1622 -100.1 -34.0757 -49.7921 -56.8614
-25.9888 11.9126 -100.384 -34.2304 -50.0156 -56.8112
-26.1603 11.662 -100.668 -34.3856 -50.2399 -56.76
-26.3326 11.4102 -100.952 -34.5414 -50.465 -56.7079
-26.5057 11.1573 -101.235 -34.6977 -50.6908 -56.6548
-26.6796 10.9033 -101.518 -34.8546 -50.9175 -56.6007
-26.8543 10.6482 -101.801 -35.012 -51.1448 -56.5456
-27.0297 10.3919 -102.084 -35.17 -51.373 -56.4896
-27.206 10.1344 -102.366 -35.3285 -51.6019 -56.4325
-27.383 9.87586 -102.648 -35.4877 -51.8317 -56.3744
-27.5608 9.61612 -102.93 -35.6473 -52.0622 -56.3152
-27.7395 9.35523 -103.211 -35.8076 -52.2935 -56.255
-27.9189 9.09319 -103.492 -35.9684 -52.5256 -56.1938
-28.0992 8.82998 -103.773 -36.1298 -52.7585 -56.1315
-28.2802 8.5656 -104.054 -36.2918 -52.9922 -56.0681
-28.4621 8.30006 -104.334 -36.4544 -53.2267 -56.0036
-28.6448 8.03334 -104.614 -36.6175 -53.462 -55.938
-28.8283 7.76544 -104.893 -36.7813 -53.6981 -55.8713
-29.0126 7.49636 -105.172 -36.9456 -53.9351 -55.8034
-29.1977 7.22609 -105.451 -37.1105 -54.1728 -55.7344
-29.3837 6.95463 -105.73 -37.276 -54.4114 -55.6643
-29.5705 6.68197 -106.008 -37.4421 -54.6508 -55.593
-29.7581 6.40812 -106.286 -37.6088 -54.891 -55.5206
-29.9466 6.13306 -106.563 -37.7761 -55.1321 -55.4469
-30.1359 5.8568 -106.84 -37.9441 -55.374 -55.372
-30.326 5.57932 -107.117 -38.1126 -55.6167 -55.296
-30.517 5.30063 -107.393 -38.2817 -55.8603 -55.2187
-30.7088 5.02072 -107.669 -38.4514 -56.1047 -55.1401
-30.9015 4.73959 -107.945 -38.6218 -56.3499 -55.0603
-31.095 4.45722 -108.22 -38.7927 -56.596 -54.9793
-31.2894 4.17363 -108.494 -38.9643 -56.843 -54.8969
-31.4847 3.88879 -108.769 -39.1365 -57.0908 -54.8133
-31.6808 3.60272 -109.042 -39.3093 -57.3395 -54.7283
-31.8778 3.3154 -109.316 -39.4828 -57.589 -54.642
-32.0756 3.02683 -109.589 -39.6569 -57.8394 -54.5544
-32.2743 2.737 -109.861 -39.8316 -58.0907 -54.4654
-32.4739 2.44592 -110.134 -40.0069 -58.3428 -54.3751
-32.6744 2.15358 -110.405 -40.1829 -58.5959 -54.2834
-32.8758 1.85996 -110.676 -40.3595 -58.8498 -54.1903
-33.078 1.56508 -110.947 -40.5368 -59.1045 -54.0957
-33.2811 1.26892 -111.217 -40.7147 -59.3602 -53.9997
-33.4852 0.971476 -111.487 -40.8933 -59.6168 -53.9023
-33.6901 0.67275 -111.756 -41.0725 -59.8742 -53.8034
-33.8959 0.372734 -112.025 -41.2523 -60.1325 -53.7031
-34.1026 0.0714249 -112.293 -41.4328 -60.3918 -53.6012
-34.3102 -0.231183 -112.561 -41.614 -60.6519 -53.4978
-34.5187 -0.535094 -112.828 -41.7958 -60.9129 -53.3929
-34.7282 -0.840312 -113.095 -41.9783 -61.1748 -53.2865
-34.9385 -1.14684 -113.361 -42.1614 -61.4377 -53.1785
-35.1498 -1.45469 -113.627 -42.3452 -61.7014 -53.0689
-35.362 -1.76386 -113.892 -42.5297 -61.9661 -52.9577
-35.5751 -2.07435 -114.156 -42.7149 -62.2317 -52.8449
-35.7891 -2.38617 -114.42 -42.9007 -62.4982 -52.7304
-36.0041 -2.69933 -114.684 -43.0872 -62.7656 -52.6143
-36.22 -3.01383 -114.946 -43.2743 -63.0339 -52.4965
-36.4368 -3.32967 -115.209 -43.4622 -63.3032 -52.377
-36.6546 -3.64686 -115.47 -43.6507 -63.5734 -52.2559
-36.8733 -3.9654 -115.731 -43.8399 -63.8445 -52.1329
-37.093 -4.2853 -115.992 -44.0298 -64.1165 -52.0083
-37.3136 -4.60657 -116.251 -44.2204 -64.3895 -51.8818
-37.5352 -4.9292 -116.51 -44.4117 -64.6635 -51.7536
-37.7578 -5.2532 -116.769 -44.6036 -64.9383 -51.6235
-37.9812 -5.57858 -117.027 -44.7963 -65.2141 -51.4916
-38.2057 -5.90534 -117.284 -44.9896 -65.4909 -51.3578
-38.4311 -6.23349 -117.54 -45.1837 -65.7685 -51.2222
-38.6576 -6.56303 -117.796 -45.3784 -66.0472 -51.0847
-38.8849 -6.89396 -118.051 -45.5739 -66.3268 -50.9452
-39.1133 -7.2263 -118.305 -45.77 -66.6073 -50.8038
-39.3426 -7.56003 -118.559 -45.9669 -66.8888 -50.6604
-39.573 -7.89518 -118.812 -46.1644 -67.1712 -50.5151
-39.8043 -8.23175 -119.064 -46.3627 -67.4546 -50.3677
-40.0366 -8.56973 -119.316 -46.5617 -67.7389 -50.2183
-40.2699 -8.90914 -119.566 -46.7614 -68.0242 -50.0668
-40.5042 -9.24997 -119.816 -46.9618 -68.3105 -49.9132
-40.7395 -9.59224 -120.066 -47.1629 -68.5977 -49.7575
-40.9758 -9.93595 -120.314 -47.3647 -68.8859 -49.5997
-41.2132 -10.2811 -120.562 -47.5673 -69.175 -49.4397
-41.4515 -10.6277 -120.808 -47.7705 -69.4651 -49.2776
-41.6909 -10.9757 -121.054 -47.9745 -69.7562 -49.1132
-41.9312 -11.3253 -121.299 -48.1792 -70.0482 -48.9465
-42.1727 -11.6762 -121.544 -48.3847 -70.3412 -48.7776
-42.4151 -12.0287 -121.787 -48.5908 -70.6351 -48.6064
-42.6586 -12.3826 -122.03 -48.7977 -70.93 -48.4329
-42.9031 -12.738 -122.272 -49.0053 -71.2259 -48.257
-43.1486 -13.0948 -122.512 -49.2137 -71.5227 -48.0788
-43.3952 -13.4532 -122.752 -49.4227 -71.8205 -47.8981
-43.6428 -13.813 -122.991 -49.6325 -72.1192 -47.715
-43.8915 -14.1744 -123.23 -49.843 -72.4189 -47.5294
-44.1413 -14.5372 -123.467 -50.0543 -72.7196 -47.3413
-44.3921 -14.9016 -123.703 -50.2662 -73.0212 -47.1507
-44.6439 -15.2674 -123.938 -50.4789 -73.3238 -46.9575
-44.8969 -15.6348 -124.172 -50.6924 -73.6273 -46.7618
-45.1509 -16.0037 -124.406 -50.9065 -73.9318 -46.5634
-45.4059 -16.3741 -124.638 -51.1214 -74.2372 -46.3623
-45.6621 -16.7461 -124.869 -51.3371 -74.5436 -46.1586
-45.9193 -17.1196 -125.1 -51.5534 -74.851 -45.9521
-46.1776 -17.4946 -125.329 -51.7705 -75.1592 -45.7429
-46.437 -17.8712 -125.557 -51.9883 -75.4685 -45.5309
-46.6975 -18.2493 -125.784 -52.2069 -75.7786 -45.3161
-46.9591 -18.629 -126.01 -52.4262 -76.0897 -45.0984
-47.2218 -19.0102 -126.235 -52.6462 -76.4017 -44.8778
-47.4855 -19.393 -126.459 -52.8669 -76.7147 -44.6542
-47.7504 -19.7773 -126.682 -53.0884 -77.0286 -44.4277
-48.0164 -20.1633 -126.903 -53.3105 -77.3434 -44.1982
-48.2835 -20.5508 -127.124 -53.5335 -77.6591 -43.9657
-48.5518 -20.9398 -127.343 -53.7571 -77.9757 -43.73
-48.8211 -21.3305 -127.561 -53.9814 -78.2933 -43.4913
-49.0916 -21.7228 -127.778 -54.2065 -78.6117 -43.2493
-49.3632 -22.1166 -127.994 -54.4323 -78.931 -43.0042
-49.6359 -22.5121 -128.208 -54.6588 -79.2513 -42.7558
-49.9098 -22.9091 -128.421 -54.886 -79.5724 -42.5042
-50.1848 -23.3078 -128.633 -55.114 -79.8943 -42.2492
-50.4609 -23.7081 -128.844 -55.3426 -80.2172 -41.9908
-50.7382 -24.11 -129.053 -55.572 -80.5409 -41.7291
-51.0166 -24.5135 -129.261 -55.802 -80.8655 -41.4638
-51.2962 -24.9186 -129.468 -56.0328 -81.1909 -41.1951
-51.577 -25.3254 -129.673 -56.2643 -81.5171 -40.9228
-51.8589 -25.7338 -129.877 -56.4964 -81.8442 -40.6469
-52.1419 -26.1438 -130.079 -56.7292 -82.1721 -40.3674
-52.4262 -26.5555 -130.28 -56.9628 -82.5008 -40.0842
-52.7116 -26.9688 -130.48 -57.197 -82.8302 -39.7973
-52.9981 -27.3838 -130.678 -57.4319 -83.1605 -39.5066
-53.2859 -27.8005 -130.875 -57.6674 -83.4916 -39.212
-53.5748 -28.2187 -131.071 -57.9037 -83.8234 -38.9136
-53.8649 -28.6387 -131.264 -58.1406 -84.156 -38.6112
-54.1562 -29.0603 -131.457 -58.3781 -84.4893 -38.3048
-54.4487 -29.4836 -131.647 -58.6163 -84.8233 -37.9944
-54.7424 -29.9085 -131.837 -58.8552 -85.158 -37.68
-55.0372 -30.3352 -132.024 -59.0946 -85.4935 -37.3613
-55.3333 -30.7635 -132.21 -59.3348 -85.8296 -37.0385
-55.6306 -31.1935 -132.395 -59.5755 -86.1663 -36.7114
-55.9291 -31.6251 -132.577 -59.8169 -86.5038 -36.38
-56.2288 -32.0585 -132.758 -60.0589 -86.8418 -36.0442
-56.5297 -32.4935 -132.938 -60.3014 -87.1805 -35.704
-56.8318 -32.9303 -133.115 -60.5446 -87.5197 -35.3593
-57.1351 -33.3687 -133.291 -60.7884 -87.8595 -35.01
-57.4397 -33.8089 -133.466 -61.0327 -88.1999 -34.6561
-57.7454 -34.2507 -133.638 -61.2776 -88.5408 -34.2976
-58.0524 -34.6943 -133.808 -61.5231 -88.8822 -33.9343
-58.3607 -35.1396 -133.977 -61.7691 -89.2241 -33.5662
-58.6701 -35.5865 -134.144 -62.0157 -89.5664 -33.1933
-58.9808 -36.0352 -134.309 -62.2628 -89.9092 -32.8154
-59.2928 -36.4856 -134.472 -62.5104 -90.2524 -32.4325
-59.6059 -36.9377 -134.633 -62.7585 -90.596 -32.0445
-59.9204 -37.3916 -134.793 -63.0071 -90.9399 -31.6514
-60.236 -37.8471 -134.95 -63.2561 -91.2842 -31.2531
-60.5529 -38.3044 -135.105 -63.5057 -91.6287 -30.8495
-60.8711 -38.7634 -135.258 -63.7556 -91.9736 -30.4405
-61.1905 -39.2242 -135.41 -64.0061 -92.3186 -30.0261
-61.5111 -39.6866 -135.559 -64.2569 -92.6639 -29.6062
-61.833 -40.1508 -135.706 -64.5081 -93.0093 -29.1807
-62.1562 -40.6167 -135.851 -64.7598 -93.3548 -28.7496
-62.4806 -41.0843 -135.993 -65.0117 -93.7004 -28.3127
-62.8063 -41.5537 -136.134 -65.2641 -94.0461 -27.8699
-63.1333 -42.0248 -136.272 -65.5168 -94.3918 -27.4213
-63.4615 -42.4976 -136.408 -65.7697 -94.7374 -26.9666
-63.791 -42.9722 -136.542 -66.023 -95.083 -26.5059
-64.1217 -43.4485 -136.673 -66.2766 -95.4285 -26.039
-64.4538 -43.9265 -136.802 -66.5304 -95.7738 -25.5658
-64.787 -44.4062 -136.929 -66.7844 -96.1188 -25.0863
-65.1216 -44.8876 -137.053 -67.0386 -96.4636 -24.6003
-65.4574 -45.3708 -137.175 -67.293 -96.8081 -24.1078
-65.7945 -45.8557 -137.294 -67.5476 -97.1522 -23.6086
-66.1329 -46.3423 -137.411 -67.8022 -97.4959 -23.1028
-66.4726 -46.8307 -137.525 -68.057 -97.8391 -22.59
-66.8135 -47.3207 -137.637 -68.3119 -98.1817 -22.0704
-67.1557 -47.8125 -137.746 -68.5667 -98.5237 -21.5436
-67.4992 -48.306 -137.852 -68.8216 -98.8651 -21.0098
-67.8439 -48.8011 -137.956 -69.0765 -99.2056 -20.4686
-68.1899 -49.298 -138.057 -69.3313 -99.5454 -19.9201
-68.5372 -49.7966 -138.155 -69.586 -99.8843 -19.3641
-68.8858 -50.2969 -138.25 -69.8405 -100.222 -18.8004
-69.2356 -50.7988 -138.343 -70.0949 -100.559 -18.2291
-69.5867 -51.3024 -138.433 -70.3491 -100.895 -17.6498
-69.9391 -51.8078 -138.519 -70.603 -101.229 -17.0626
-70.2928 -52.3147 -138.603 -70.8566 -101.562 -16.4673
-70.6477 -52.8234 -138.684 -71.1099 -101.894 -15.8637
-71.0039 -53.3337 -138.762 -71.3627 -102.224 -15.2517
-71.3613 -53.8456 -138.837 -71.6151 -102.553 -14.6312
-71.72 -54.3592 -138.908 -71.867 -102.88 -14.0021
-72.08 -54.8744 -138.977 -72.1183 -103.205 -13.3641
-72.4412 -55.3913 -139.042 -72.3691 -103.529 -12.7171
-72.8037 -55.9097 -139.104 -72.6191 -103.85 -12.0611
-73.1674 -56.4297 -139.162 -72.8683 -104.169 -11.3957
-73.5324 -56.9514 -139.218 -73.1168 -104.485 -10.7208
-73.8986 -57.4746 -139.27 -73.3643 -104.8 -10.0363
-74.2661 -57.9994 -139.318 -73.6109 -105.111 -9.34205
-74.6347 -58.5257 -139.363 -73.8564 -105.42 -8.63775
-75.0046 -59.0536 -139.404 -74.1007 -105.727 -7.92327
-75.3757 -59.583 -139.442 -74.3438 -106.03 -7.1984
-75.7481 -60.1139 -139.476 -74.5855 -106.329 -6.46294
-76.1216 -60.6463 -139.507 -74.8258 -106.626 -5.71667
-76.4963 -61.1801 -139.533 -75.0645 -106.919 -4.95938
-76.8723 -61.7154 -139.556 -75.3016 -107.208 -4.19083
-77.2494 -62.2522 -139.575 -75.5368 -107.493 -3.41079
-77.6276 -62.7904 -139.59 -75.77 -107.774 -2.61901
-78.0071 -63.3299 -139.602 -76.0011 -108.051 -1.81523
-78.3877 -63.8709 -139.609 -76.2299 -108.323 -0.999185
-78.7694 -64.4132 -139.612 -76.4563 -108.591 -0.170593
-79.1522 -64.9568 -139.61 -76.68 -108.853 0.670839
-79.5362 -65.5017 -139.605 -76.9009 -109.11 1.52542
-79.9212 -66.0479 -139.595 -77.1187 -109.361 2.39346
-80.3074 -66.5953 -139.581 -77.3331 -109.606 3.2753
-80.6946 -67.1439 -139.562 -77.5439 -109.845 4.17129
-81.0828 -67.6937 -139.539 -77.7509 -110.077 5.08179
-81.4721 -68.2447 -139.511 -77.9536 -110.303 6.00718
-81.8624 -68.7967 -139.479 -78.1518 -110.521 6.94787
-82.2536 -69.3499 -139.442 -78.3451 -110.732 7.90428
-82.6458 -69.904 -139.4 -78.5329 -110.934 8.87684
-83.039 -70.4592 -139.353 -78.715 -111.128 9.86601
-83.433 -71.0153 -139.301 -78.8907 -111.314 10.8723
-83.8279 -71.5723 -139.244 -79.0594 -111.49 11.8961
-84.2236 -72.1302 -139.182 -79.2206 -111.656 12.9381
-84.6201 -72.6889 -139.115 -79.3736 -111.812 13.9987
-85.0173 -73.2483 -139.042 -79.5175 -111.957 15.0785
-85.4153 -73.8084 -138.964 -79.6515 -112.091 16.1781
-85.8139 -74.3692 -138.88 -79.7746 -112.213 17.298
-86.213 -74.9305 -138.791 -79.8859 -112.323 18.4389
-86.6127 -75.4924 -138.696 -79.984 -112.42 19.6014
-87.0129 -76.0547 -138.595 -80.0676 -112.503 20.7861
-87.4134 -76.6174 -138.488 -80.1354 -112.572 21.9935
-87.8142 -77.1804 -138.375 -80.1856 -112.627 23.2243
-88.2152 -77.7436 -138.255 -80.2164 -112.666 24.4789
-88.6163 -78.307 -138.13 -80.2258 -112.69 25.7579
-89.0174 -78.8705 -137.997 -80.2117 -112.698 27.0617
-89.4184 -79.4339 -137.859 -80.1715 -112.689 28.3904
-89.8191 -79.9973 -137.713 -80.1026 -112.663 29.7443
-90.2193 -80.5605 -137.561 -80.0022 -112.621 31.1233
-90.619 -81.1235 -137.402 -79.8672 -112.562 32.5271
-91.0179 -81.6861 -137.236 -79.6942 -112.487 33.9551
-91.4158 -82.2483 -137.062 -79.4798 -112.396 35.4065
-91.8125 -82.81 -136.881 -79.2204 -112.29 36.8798
-92.2078 -83.3712 -136.693 -78.9125 -112.17 38.3732
-92.6014 -83.9317 -136.497 -78.5526 -112.038 39.8844
-92.9931 -84.4915 -136.294 -78.1373 -111.896 41.4103
-93.3825 -85.0507 -136.083 -77.664 -111.747 42.9473
-93.7694 -85.609 -135.864 -77.1303 -111.594 44.4911
-94.1535 -86.1666 -135.638 -76.535 -111.441 46.0369
-94.5344 -86.7235 -135.403 -75.8776 -111.291 47.5793
-94.9118 -87.2796 -135.162 -75.1592 -111.149 49.1124
-95.2855 -87.8351 -134.912 -74.3824 -111.019 50.6303
-95.6552 -88.39 -134.655 -73.5512 -110.907 52.1271
-96.0206 -88.9443 -134.391 -72.6713 -110.815 53.5974
-96.3814 -89.4983 -134.119 -71.75 -110.749 55.0364
-96.7376 -90.0521 -133.84 -70.7957 -110.71 56.4401
-97.0889 -90.6057 -133.554 -69.8179 -110.701 57.8061
-97.4354 -91.1594 -133.262 -68.8263 -110.723 59.133
-97.7768 -91.7133 -132.963 -67.8311 -110.776 60.4209
-98.1133 -92.2675 -132.658 -66.8416 -110.858 61.6714
-98.4449 -92.8222 -132.346 -65.8666 -110.968 62.8871
-98.7717 -93.3776 -132.029 -64.9138 -111.102 64.0717
-99.0939 -93.9336 -131.705 -63.9894 -111.258 65.2296
-99.4115 -94.4905 -131.376 -63.0982 -111.43 66.3657
-99.7247 -95.0483 -131.042 -62.2437 -111.616 67.4849
-100.034 -95.607 -130.702 -61.4281 -111.811 68.5923
-100.339 -96.1667 -130.356 -60.6524 -112.011 69.6926
-100.64 -96.7274 -130.005 -59.9166 -112.212 70.7904
-100.938 -97.2891 -129.648 -59.2197 -112.411 71.8897
-101.233 -97.8517 -129.286 -58.5605 -112.604 72.9941
-101.524 -98.4153 -128.918 -57.9369 -112.79 74.1068
-101.812 -98.9798 -128.545 -57.3467 -112.964 75.2303
-102.097 -99.5451 -128.166 -56.7874 -113.125 76.3671
-102.38 -100.111 -127.781 -56.2565 -113.272 77.5188
-102.66 -100.678 -127.391 -55.7513 -113.402 78.687
-102.937 -101.245 -126.994 -55.2693 -113.513 79.8729
-103.213 -101.813 -126.592 -54.808 -113.606 81.0773
-103.486 -102.382 -126.183 -54.3649 -113.678 82.3008
-103.756 -102.95 -125.769 -53.9378 -113.728 83.544
-104.025 -103.519 -125.348 -53.5244 -113.757 84.807
-104.292 -104.088 -124.921 -53.1227 -113.762 86.09
-104.556 -104.657 -124.487 -52.7309 -113.744 87.3931
-104.819 -105.225 -124.047 -52.347 -113.701 88.716
-105.08 -105.794 -123.6 -51.9694 -113.634 90.0587
-105.339 -106.362 -123.146 -51.5967 -113.542 91.4209
-105.596 -106.929 -122.686 -51.2272 -113.423 92.8022
-105.851 -107.496 -122.218 -50.8598 -113.279 94.2023
-106.104 -108.062 -121.744 -50.493 -113.108 95.6207
-106.356 -108.627 -121.262 -50.1259 -112.909 97.0571
-106.606 -109.191 -120.773 -49.7572 -112.683 98.5109
-106.853 -109.754 -120.277 -49.3859 -112.43 99.9817
-107.099 -110.316 -119.773 -49.0112 -112.148 101.469
-107.344 -110.876 -119.262 -48.6321 -111.837 102.972
-107.586 -111.434 -118.743 -48.2478 -111.496 104.49
-107.826 -111.991 -118.217 -47.8575 -111.126 106.023
-108.064 -112.545 -117.683 -47.4605 -110.726 107.57
-108.301 -113.098 -117.141 -47.0561 -110.296 109.13
-108.535 -113.648 -116.592 -46.6436 -109.834 110.703
-108.767 -114.196 -116.034 -46.2225 -109.342 112.288
-108.997 -114.742 -115.469 -45.7921 -108.817 113.884
-109.225 -115.284 -114.896 -45.3518 -108.26 115.491
-109.451 -115.824 -114.314 -44.9013 -107.67 117.107
-109.674 -116.361 -113.724 -44.4399 -107.047 118.732
-109.895 -116.895 -113.127 -43.9672 -106.39 120.366
-110.114 -117.425 -112.521 -43.4827 -105.7 122.007
-110.33 -117.952 -111.907 -42.9861 -104.974 123.654
-110.544 -118.475 -111.284 -42.4769 -104.214 125.307
-110.755 -118.994 -110.654 -41.9548 -103.419 126.965
-110.963 -119.509 -110.015 -41.4194 -102.588 128.627
-111.169 -120.02 -109.367 -40.8703 -101.72 130.291
-111.372 -120.526 -108.712 -40.3073 -100.816 131.957
-111.572 -121.028 -108.048 -39.7301 -99.8749 133.623
-111.769 -121.525 -107.375 -39.1383 -98.8966 135.29
-111.963 -122.017 -106.695 -38.5318 -97.8805 136.955
-112.155 -122.504 -106.006 -37.9102 -96.8265 138.617
-112.343 -122.985 -105.309 -37.2734 -95.7342 140.276
-112.527 -123.461 -104.603 -36.6212 -94.6032 141.93
-112.709 -123.931 -103.889 -35.9534 -93.4334 143.577
-112.887 -124.396 -103.167 -35.2699 -92.2246 145.218
-113.061 -124.854 -102.437 -34.5705 -90.9764 146.85
-113.233 -125.305 -101.699 -33.8551 -89.6889 148.472
-113.4 -125.75 -100.953 -33.1237 -88.3617 150.083
-113.564 -126.189 -100.198 -32.3762 -86.9949 151.681
-113.724 -126.62 -99.4357 -31.6125 -85.5884 153.266
-113.88 -127.045 -98.6654 -30.8327 -84.1421 154.835
-114.032 -127.462 -97.8874 -30.0367 -82.6561 156.388
-114.18 -127.871 -97.1016 -29.2246 -81.1305 157.922
-114.324 -128.273 -96.3081 -28.3965 -79.5653 159.437
-114.464 -128.667 -95.5072 -27.5524 -77.9608 160.931
-114.6 -129.053 -94.6988 -26.6926 -76.3171 162.403
-114.731 -129.43 -93.8832 -25.817 -74.6346 163.851
-114.858 -129.799 -93.0603 -24.926 -72.9136 165.273
-114.98 -130.159 -92.2304 -24.0198 -71.1543 166.669
-115.098 -130.511 -91.3936 -23.0984 -69.3574 168.036
-115.211 -130.853 -90.5501 -22.1624 -67.5232 169.373
-115.32 -131.186 -89.6999 -21.2118 -65.6523 170.679
-115.424 -131.51 -88.8433 -20.2471 -63.7454 171.951
-115.522 -131.823 -87.9804 -19.2686 -61.8031 173.19
-115.616 -132.128 -87.1114 -18.2767 -59.8261 174.393
-115.705 -132.422 -86.2365 -17.2717 -57.8152 175.559
-115.789 -132.706 -85.3558 -16.2543 -55.7714 176.686
-115.868 -132.979 -84.4696 -15.2247 -53.6955 177.773
-115.941 -133.243 -83.5781 -14.1836 -51.5885 178.819
-116.01 -133.495 -82.6814 -13.1314 -49.4514 179.822
-116.073 -133.737 -81.7799 -12.0687 -47.2853 180.782
-116.13 -133.968 -80.8736 -10.9961 -45.0915 181.696
-116.183 -134.188 -79.9629 -9.91414 -42.871 182.564
-116.229 -134.397 -79.048 -8.82349 -40.6252 183.385
-116.271 -134.594 -78.129 -7.7248 -38.3554 184.157
-116.307 -134.78 -77.2064 -6.61873 -36.063 184.879
-116.337 -134.955 -76.2802 -5.50597 -33.7494 185.552
-116.362 -135.118 -75.3509 -4.38722 -31.416 186.172
-116.381 -135.269 -74.4185 -3.26322 -29.0643 186.741
-116.394 -135.409 -73.4834 -2.13471 -26.6959 187.257
-116.402 -135.536 -72.5459 -1.00242 -24.3124 187.719
-116.404 -135.652 -71.6063 0.132868 -21.9153 188.127
-116.401 -135.755 -70.6647 1.27039 -19.5064 188.48
-116.392 -135.847 -69.7214 2.40936 -17.0872 188.778
-116.377 -135.926 -68.7769 3.549 -14.6594 189.02
-116.356 -135.993 -67.8312 4.68851 -12.2248 189.207
-116.33 -136.048 -66.8848 5.82711 -9.78507 189.337
-116.298 -136.091 -65.9379 6.96402 -7.34187 189.411
-116.26 -136.122 -64.9907 8.09843 -4.89695 189.43
-116.217 -136.14 -64.0436 9.22958 -2.45201 189.391
-116.168 -136.146 -63.0968 10.3567 -0.0087818 189.297
-116.113 -136.14 -62.1506 11.479 2.43105 189.148
-116.053 -136.122 -61.2053 12.5957 4.86581 188.942
-115.987 -136.092 -60.2612 13.7062 7.29382 188.682
-115.916 -136.049 -59.3185 14.8096 9.71344 188.366
-115.839 -135.995 -58.3775 15.9052 12.1231 187.997
-115.757 -135.928 -57.4385 16.9924 14.5211 187.574
-115.669 -135.849 -56.5017 18.0706 16.906 187.098
-115.576 -135.759 -55.5675 19.1389 19.2762 186.57
-115.478 -135.657 -54.636 20.1969 21.6303 185.991
-115.374 -135.543 -53.7076 21.2438 23.9668 185.361
-115.266 -135.417 -52.7824 22.2791 26.2843 184.681
-115.152 -135.28 -51.8608 23.3023 28.5816 183.953
-115.033 -135.131 -50.9429 24.3128 30.8573 183.177
-114.908 -134.971 -50.029 25.3101 33.1102 182.355
-114.779 -134.8 -49.1193 26.2938 35.3391 181.487
-114.646 -134.618 -48.2141 27.2633 37.5428 180.576
-114.507 -134.425 -47.3136 28.2183 39.7204 179.621
-114.363 -134.221 -46.4179 29.1583 41.8708 178.624
-114.215 -134.006 -45.5273 30.083 43.993 177.587
-114.063 -133.781 -44.642 30.992 46.0861 176.51
-113.905 -133.545 -43.7622 31.8851 48.1494 175.396
-113.744 -133.299 -42.8881 32.7619 50.1821 174.245
-113.578 -133.043 -42.0198 33.6223 52.1833 173.059
-113.407 -132.777 -41.1575 34.4659 54.1526 171.839
-113.233 -132.502 -40.3014 35.2926 56.0892 170.586
-113.055 -132.216 -39.4516 36.1021 57.9926 169.302
-112.872 -131.922 -38.6083 36.8945 59.8624 167.988
-112.686 -131.618 -37.7717 37.6694 61.6981 166.646
-112.495 -131.305 -36.9419 38.4269 63.4993 165.276
-112.301 -130.983 -36.119 39.1669 65.2658 163.881
-112.104 -130.652 -35.3031 39.8893 66.9972 162.461
-111.902 -130.313 -34.4943 40.594 68.6933 161.018
-111.698 -129.965 -33.6929 41.2812 70.354 159.553
-111.49 -129.609 -32.8988 41.9507 71.9791 158.067
-111.278 -129.245 -32.1122 42.6027 73.5686 156.563
-111.064 -128.874 -31.3332 43.2371 75.1224 155.04
-110.846 -128.494 -30.5618 43.8541 76.6404 153.5
-110.625 -128.107 -29.7982 44.4537 78.1229 151.944
-110.401 -127.713 -29.0424 45.0361 79.5697 150.374
-110.175 -127.311 -28.2944 45.6013 80.9812 148.791
-109.945 -126.903 -27.5545 46.1495 82.3573 147.196
-109.713 -126.488 -26.8225 46.6808 83.6983 145.589
-109.478 -126.066 -26.0986 47.1955 85.0043 143.972
-109.241 -125.638 -25.3828 47.6936 86.2757 142.346
-109.001 -125.203 -24.6751 48.1753 87.5127 140.713
-108.759 -124.763 -23.9757 48.6409 88.7156 139.072
-108.515 -124.316 -23.2844 49.0904 89.8847 137.425
-108.269 -123.864 -22.6014 49.5243 91.0203 135.772
-108.02 -123.406 -21.9267 49.9425 92.1228 134.116
-107.769 -122.943 -21.2603 50.3454 93.1925 132.456
-107.516 -122.474 -20.6021 50.7332 94.2298 130.793
-107.262 -122 -19.9523 51.1061 95.2352 129.129
-107.005 -121.522 -19.3108 51.4644 96.2091 127.463
-106.747 -121.038 -18.6777 51.8083 97.1518 125.797
-106.487 -120.55 -18.0529 52.1379 98.0639 124.131
-106.226 -120.058 -17.4364 52.4537 98.9457 122.466
-105.963 -119.561 -16.8282 52.7558 99.7977 120.803
-105.698 -119.06 -16.2284 53.0444 100.62 119.142
-105.432 -118.554 -15.6368 53.3199 101.414 117.484
-105.165 -118.045 -15.0535 53.5824 102.18 115.829
-104.896 -117.533 -14.4785 53.8322 102.917 114.178
-104.627 -117.016 -13.9118 54.0696 103.628 112.532
-104.356 -116.496 -13.3532 54.2949 104.311 110.89
-104.084 -115.973 -12.8029 54.5082 104.967 109.254
-103.811 -115.447 -12.2607 54.7098 105.598 107.624
-103.537 -114.917 -11.7266 54.8999 106.204 106
-103.262 -114.385 -11.2007 55.0789 106.784 104.382
-102.986 -113.849 -10.6828 55.2469 107.34 102.772
-102.709 -113.311 -10.173 55.4042 107.871 101.169
-102.432 -112.771 -9.67112 55.551 108.379 99.573
-102.154 -112.227 -9.17724 55.6876 108.864 97.9854
-101.875 -111.682 -8.69127 55.8142 109.327 96.406
-101.596 -111.134 -8.21318 55.931 109.767 94.8351
-101.316 -110.584 -7.74293 56.0383 110.185 93.273
-101.035 -110.032 -7.28046 56.1363 110.583 91.7199
-100.754 -109.478 -6.82573 56.2251 110.959 90.176
-100.473 -108.923 -6.3787 56.3051 111.315 88.6416
-100.191 -108.365 -5.93932 56.3763 111.651 87.1167
-99.9091 -107.806 -5.50754 56.4392 111.968 85.6017
-99.6268 -107.246 -5.08331 56.4938 112.266 84.0966
-99.3442 -106.684 -4.66658 56.5403 112.545 82.6015
-99.0614 -106.12 -4.2573 56.579 112.806 81.1168
-98.7784 -105.555 -3.85542 56.61 113.049 79.6423
-98.4953 -104.99 -3.46088 56.6336 113.274 78.1784
-98.2121 -104.423 -3.07364 56.6499 113.483 76.725
-97.9288 -103.855 -2.69364 56.6592 113.675 75.2822
-97.6455 -103.286 -2.32082 56.6615 113.851 73.8502
-97.3622 -102.716 -1.95514 56.6571 114.011 72.429
-97.0789 -102.146 -1.59654 56.6462 114.156 71.0187
-96.7957 -101.575 -1.24496 56.6289 114.285 69.6193
-96.5126 -101.003 -0.900351 56.6054 114.4 68.2308
-96.2296 -100.431 -0.562657 56.5758 114.5 66.8533
-95.9468 -99.858 -0.231823 56.5404 114.586 65.4869
-95.6642 -99.2849 0.0922071 56.4992 114.659 64.1315
-95.3818 -98.7114 0.409487 56.4524 114.718 62.7871
-95.0997 -98.1377 0.720074 56.4003 114.764 61.4539
-94.8178 -97.5638 1.02402 56.3428 114.797 60.1316
-94.5363 -96.9897 1.32139 56.2802 114.818 58.8205
-94.255 -96.4156 1.61222 56.2127 114.827 57.5204
-93.9742 -95.8415 1.89658 56.1402 114.824 56.2313
-93.6936 -95.2674 2.17453 56.0631 114.809 54.9533
-93.4135 -94.6934 2.44611 55.9813 114.783 53.6863
-93.1338 -94.1196 2.71139 55.8951 114.746 52.4302
-92.8546 -93.5459 2.97041 55.8045 114.698 51.185
-92.5758 -92.9726 3.22323 55.7097 114.64 49.9508
-92.2975 -92.3995 3.46991 55.6108 114.572 48.7274
-92.0197 -91.8268 3.7105 55.5079 114.494 47.5148
-91.7424 -91.2546 3.94506 55.4011 114.406 46.313
-91.4657 -90.6828 4.17363 55.2906 114.308 45.1219
-91.1895 -90.1115 4.39627 55.1764 114.202 43.9415
-90.9139 -89.5408 4.61304 55.0586 114.086 42.7717
-90.6389 -88.9706 4.82399 54.9374 113.962 41.6124
-90.3645 -88.4011 5.02916 54.8128 113.829 40.4637
-90.0908 -87.8323 5.22862 54.6849 113.688 39.3254
-89.8177 -87.2643 5.42241 54.5539 113.539 38.1974
-89.5452 -86.697 5.61059 54.4198 113.382 37.0797
-89.2735 -86.1305 5.79321 54.2828 113.217 35.9723
-89.0024 -85.5648 5.97031 54.1428 113.044 34.8751
-88.7321 -85 6.14195 54 112.865 33.7879
-88.4624 -84.4361 6.30819 53.8544 112.678 32.7108
-88.1935 -83.8732 6.46906 53.7063 112.484 31.6437
-87.9254 -83.3113 6.62462 53.5555 112.284 30.5864
-87.658 -82.7504 6.77492 53.4022 112.077 29.5389
-87.3913 -82.1905 6.92001 53.2465 111.863 28.5012
-87.1255 -81.6318 7.05993 53.0885 111.643 27.4732
-86.8604 -81.0741 7.19473 52.9282 111.418 26.4547
-86.5962 -80.5176 7.32447 52.7656 111.186 25.4457
-86.3328 -79.9622 7.44919 52.6009 110.948 24.4462
-86.0702 -79.4081 7.56893 52.4341 110.705 23.456
-85.8085 -78.8552 7.68374 52.2653 110.456 22.4751
-85.5475 -78.3035 7.79368 52.0946 110.202 21.5034
-85.2875 -77.7532 7.89878 51.9219 109.943 20.5409
-85.0283 -77.2041 7.99908 51.7474 109.678 19.5873
-84.77 -76.6564 8.09465 51.5712 109.409 18.6428
-84.5126 -76.11 8.18551 51.3931 109.135 17.7071
-84.2561 -75.565 8.27171 51.2135 108.856 16.7802
-84.0005 -75.0215 8.35331 51.0321 108.573 15.8621
-83.7458 -74.4793 8.43033 50.8493 108.285 14.9526
-83.492 -73.9386 8.50283 50.6649 107.993 14.0516
-83.2391 -73.3994 8.57085 50.479 107.696 13.1592
-82.9872 -72.8617 8.63442 50.2917 107.396 12.2752
-82.7362 -72.3254 8.6936 50.103 107.091 11.3995
-82.4862 -71.7907 8.74841 49.9129 106.783 10.5321
-82.2371 -71.2576 8.79891 49.7216 106.471 9.67293
-81.989 -70.726 8.84514 49.529 106.155 8.82182
-81.7418 -70.1961 8.88713 49.3352 105.835 7.97875
-81.4956 -69.6677 8.92493 49.1403 105.513 7.14364
-81.2504 -69.1409 8.95856 48.9442 105.186 6.31642
-81.0062 -68.6158 8.98809 48.747 104.856 5.497
-80.7629 -68.0924 9.01353 48.5488 104.523 4.68531
-80.5207 -67.5706 9.03494 48.3495 104.187 3.88129
-80.2794 -67.0505 9.05234 48.1492 103.848 3.08486
-80.0392 -66.5321 9.06578 47.948 103.506 2.29594
-79.8 -66.0154 9.0753 47.7459 103.161 1.51446
-79.5617 -65.5005 9.08093 47.5429 102.813 0.740355
-79.3245 -64.9873 9.0827 47.339 102.463 -0.0264507
-79.0883 -64.4759 9.08066 47.1343 102.109 -0.786026
-78.8532 -63.9662 9.07484 46.9288 101.754 -1.53844
-78.6191 -63.4583 9.06527 46.7225 101.395 -2.28377
-78.386 -62.9523 9.052 46.5155 101.034 -3.02207
-78.1539 -62.448 9.03505 46.3077 100.671 -3.75342
-77.9229 -61.9456 9.01446 46.0993 100.305 -4.47788
-77.6929 -61.4449 8.99027 45.8902 99.9375 -5.19553
-77.464 -60.9462 8.96251 45.6805 99.5674 -5.90642
-77.2361 -60.4493 8.93121 45.4702 99.1952 -6.61062
-77.0093 -59.9542 8.8964 45.2593 98.8209 -7.3082
-76.7835 -59.4611 8.85812 45.0478 98.4445 -7.99923
-76.5588 -58.9698 8.81641 44.8357 98.0662 -8.68376
-76.3352 -58.4804 8.77128 44.6232 97.686 -9.36185
-76.1126 -57.9929 8.72279 44.4101 97.3038 -10.0336
-75.8911 -57.5074 8.67095 44.1966 96.9199 -10.699
-75.6706 -57.0237 8.61579 43.9826 96.5342 -11.3582
-75.4512 -56.542 8.55736 43.7682 96.1467 -12.0112
-75.2329 -56.0623 8.49568 43.5533 95.7576 -12.658
-75.0157 -55.5844 8.43078 43.3381 95.3669 -13.2988
-74.7995 -55.1086 8.36269 43.1224 94.9746 -13.9336
-74.5845 -54.6347 8.29144 42.9064 94.5807 -14.5624
-74.3705 -54.1628 8.21707 42.6901 94.1854 -15.1854
-74.1576 -53.6929 8.13959 42.4734 93.7886 -15.8025
-73.9457 -53.2249 8.05904 42.2564 93.3904 -16.4138
-73.735 -52.7589 7.97545 42.0391 92.9908 -17.0194
-73.5254 -52.295 7.88884 41.8215 92.5899 -17.6193
-73.3168 -51.8331 7.79925 41.6036 92.1877 -18.2136
-73.1093 -51.3731 7.70671 41.3855 91.7842 -18.8024
-72.9029 -50.9152 7.61123 41.1671 91.3795 -19.3856
-72.6977 -50.4593 7.51285 40.9486 90.9737 -19.9634
-72.4935 -50.0055 7.41159 40.7297 90.5666 -20.5358
-72.2904 -49.5537 7.30749 40.5107 90.1585 -21.1028
-72.0883 -49.1039 7.20057 40.2915 89.7492 -21.6645
-71.8874 -48.6562 7.09085 40.0722 89.339 -22.2209
-71.6876 -48.2105 6.97836 39.8526 88.9276 -22.7722
-71.4889 -47.7669 6.86312 39.6329 88.5153 -23.3183
-71.2913 -47.3254 6.74517 39.4131 88.102 -23.8592
-71.0948 -46.8859 6.62453 39.1931 87.6878 -24.3951
-70.8994 -46.4485 6.50122 38.973 87.2727 -24.926
-70.7051 -46.0132 6.37527 38.7528 86.8567 -25.4519
-70.5118 -45.5799 6.2467 38.5325 86.4398 -25.9729
-70.3197 -45.1488 6.11554 38.3121 86.0221 -26.4891
-70.1287 -44.7197 5.98181 38.0916 85.6036 -27.0003
-69.9388 -44.2927 5.84553 37.871 85.1843 -27.5068
-69.75 -43.8678 5.70674 37.6504 84.7643 -28.0086
-69.5623 -43.4451 5.56545 37.4297 84.3435 -28.5056
-69.3757 -43.0244 5.42168 37.209 83.922 -28.998
-69.1902 -42.6059 5.27547 36.9882 83.4998 -29.4857
-69.0058 -42.1894 5.12683 36.7674 83.0769 -29.9689
-68.8225 -41.7751 4.97578 36.5465 82.6534 -30.4475
-68.6404 -41.3629 4.82235 36.3257 82.2292 -30.9216
-68.4593 -40.9528 4.66656 36.1048 81.8045 -31.3913
-68.2793 -40.5448 4.50844 35.884 81.3791 -31.8565
-68.1005 -40.139 4.348 35.6631 80.9532 -32.3174
-67.9227 -39.7353 4.18526 35.4422 80.5267 -32.7739
-67.746 -39.3337 4.02026 35.2214 80.0997 -33.2261
-67.5705 -38.9343 3.853 35.0005 79.6721 -33.6741
-67.396 -38.537 3.68351 34.7797 79.2441 -34.1178
-67.2227 -38.1419 3.51182 34.559 78.8155 -34.5573
-67.0504 -37.7489 3.33794 34.3382 78.3865 -34.9926
-66.8793 -37.358 3.1619 34.1175 77.957 -35.4238
-66.7093 -36.9693 2.9837 33.8969 77.5271 -35.851
-66.5403 -36.5827 2.80339 33.6763 77.0967 -36.2741
-66.3725 -36.1983 2.62096 33.4557 76.6659 -36.6931
-66.2058 -35.8161 2.43645 33.2352 76.2347 -37.1082
-66.0401 -35.436 2.24988 33.0148 75.8031 -37.5193
-65.8756 -35.0581 2.06126 32.7945 75.3712 -37.9265
-65.7122 -34.6823 1.87061 32.5742 74.9389 -38.3298
-65.5499 -34.3087 1.67796 32.3539 74.5062 -38.7292
-65.3887 -33.9372 1.48332 32.1338 74.0731 -39.1248
-65.2285 -33.5679 1.28671 31.9137 73.6398 -39.5167
-65.0695 -33.2008 1.08816 31.6938 73.2061 -39.9047
-64.9116 -32.8359 0.887666 31.4739 72.7721 -40.289
-64.7548 -32.4731 0.685265 31.2541 72.3378 -40.6697
-64.5991 -32.1125 0.480969 31.0343 71.9032 -41.0466
-64.4444 -31.7541 0.274798 30.8147 71.4683 -41.4199
-64.2909 -31.3978 0.0667701 30.5952 71.0332 -41.7896
-64.1385 -31.0437 -0.143098 30.3757 70.5978 -42.1557
-63.9872 -30.6918 -0.354787 30.1564 70.1621 -42.5182
-63.8369 -30.3421 -0.56828 29.9372 69.7262 -42.8772
-63.6878 -29.9946 -0.78356 29.718 69.29 -43.2328
-63.5398 -29.6492 -1.00061 29.499 68.8536 -43.5848
-63.3928 -29.306 -1.21941 29.28 68.417 -43.9334
-63.247 -28.9651 -1.43994 29.0612 67.9802 -44.2786
-63.1022 -28.6262 -1.66219 28.8425 67.5431 -44.6203
-62.9585 -28.2896 -1.88615 28.6239 67.1059 -44.9587
-62.816 -27.9552 -2.11178 28.4053 66.6684 -45.2938
-62.6745 -27.6229 -2.33908 28.1869 66.2308 -45.6256
-62.5341 -27.2929 -2.56804 27.9686 65.793 -45.954
-62.3948 -26.965 -2.79862 27.7504 65.355 -46.2792
-62.2566 -26.6393 -3.03083 27.5324 64.9168 -46.6012
-62.1195 -26.3158 -3.26464 27.3144 64.4785 -46.92
-61.9834 -25.9945 -3.50003 27.0965 64.04 -47.2355
-61.8485 -25.6754 -3.73699 26.8788 63.6013 -47.5479
-61.7147 -25.3585 -3.97551 26.6611 63.1625 -47.8572
-61.5819 -25.0438 -4.21556 26.4436 62.7235 -48.1633
-61.4502 -24.7313 -4.45714 26.2261 62.2844 -48.4664
-61.3196 -24.421 -4.70023 26.0088 61.8452 -48.7663
-61.1901 -24.1128 -4.9448 25.7916 61.4058 -49.0633
-61.0617 -23.8069 -5.19086 25.5745 60.9664 -49.3572
-60.9344 -23.5032 -5.43838 25.3575 60.5267 -49.6481
-60.8081 -23.2017 -5.68734 25.1406 60.087 -49.936
-60.683 -22.9023 -5.93774 24.9238 59.6471 -50.221
-60.5589 -22.6052 -6.18955 24.7071 59.2072 -50.503
-60.4359 -22.3102 -6.44277 24.4905 58.7671 -50.7821
-60.314 -22.0175 -6.69737 24.2741 58.3269 -51.0583
-60.1932 -21.727 -6.95335 24.0577 57.8866 -51.3317
-60.0734 -21.4386 -7.21069 23.8414 57.4463 -51.6022
-59.9548 -21.1525 -7.46937 23.6253 57.0058 -51.8699
-59.8372 -20.8686 -7.72939 23.4092 56.5653 -52.1347
-59.7207 -20.5869 -7.99072 23.1932 56.1246 -52.3968
-59.6052 -20.3073 -8.25335 22.9774 55.6839 -52.6561
-59.4909 -20.03 -8.51728 22.7616 55.2431 -52.9127
-59.3776 -19.7549 -8.78248 22.5459 54.8022 -53.1665
-59.2654 -19.482 -9.04894 22.3304 54.3612 -53.4176
-59.1543 -19.2113 -9.31666 22.1149 53.9202 -53.6661
-59.0443 -18.9428 -9.58561 21.8995 53.4791 -53.9118
-58.9353 -18.6765 -9.85578 21.6843 53.0379 -54.155
-58.8274 -18.4124 -10.1272 21.4691 52.5967 -54.3954
-58.7206 -18.1505 -10.3997 21.254 52.1554 -54.6333
-58.6149 -17.8909 -10.6735 21.039 51.7141 -54.8685
-58.5102 -17.6334 -10.9484 20.8241 51.2727 -55.1012
-58.4067 -17.3781 -11.2245 20.6093 50.8312 -55.3313
-58.3042 -17.1251 -11.5017 20.3946 50.3897 -55.5589
-58.2027 -16.8743 -11.7801 20.18 49.9481 -55.7839
-58.1024 -16.6256 -12.0596 19.9655 49.5065 -56.0065
-58.0031 -16.3792 -12.3402 19.7511 49.0649 -56.2265
-57.9048 -16.135 -12.6218 19.5368 48.6232 -56.444
-57.8077 -15.893 -12.9046 19.3225 48.1814 -56.6591
-57.7116 -15.6532 -13.1884 19.1084 47.7396 -56.8718
