25 0 100 0 0 -49
24.9999 -6.14733e-05 99.7548 -0.0378051 -0.0246116 -49.0647
24.9996 -0.000246213 99.5094 -0.0757097 -0.0493069 -49.1296
24.9991 -0.00055464 99.2635 -0.113714 -0.0740863 -49.1945
24.9985 -0.000987174 99.0174 -0.151819 -0.0989501 -49.2594
24.9976 -0.00154424 98.7709 -0.190025 -0.123899 -49.3244
24.9966 -0.00222626 98.5242 -0.228332 -0.148932 -49.3895
24.9953 -0.00303366 98.2771 -0.266741 -0.174051 -49.4547
24.9939 -0.00396687 98.0296 -0.305251 -0.199256 -49.5199
24.9923 -0.00502632 97.7819 -0.343865 -0.224547 -49.5852
24.9905 -0.00621243 97.5338 -0.382581 -0.249924 -49.6506
24.9885 -0.00752565 97.2853 -0.421401 -0.275388 -49.7161
24.9863 -0.00896641 97.0366 -0.460324 -0.300939 -49.7816
24.9839 -0.0105351 96.7875 -0.499352 -0.326578 -49.8472
24.9813 -0.0122323 96.5381 -0.538485 -0.352304 -49.9128
24.9785 -0.0140583 96.2884 -0.577723 -0.378118 -49.9785
24.9755 -0.0160136 96.0383 -0.617067 -0.404021 -50.0443
24.9723 -0.0180986 95.788 -0.656516 -0.430013 -50.1102
24.9689 -0.0203138 95.5372 -0.696073 -0.456094 -50.1762
24.9653 -0.0226596 95.2862 -0.735736 -0.482265 -50.2422
24.9616 -0.0251366 95.0348 -0.775507 -0.508526 -50.3083
24.9576 -0.027745 94.7831 -0.815386 -0.534877 -50.3744
24.9534 -0.0304854 94.5311 -0.855374 -0.561318 -50.4407
24.949 -0.0333583 94.2787 -0.89547 -0.587851 -50.507
24.9445 -0.036364 94.026 -0.935676 -0.614475 -50.5733
24.9397 -0.0395031 93.773 -0.975992 -0.641191 -50.6398
24.9347 -0.042776 93.5196 -1.01642 -0.667999 -50.7063
24.9295 -0.0461832 93.2659 -1.05696 -0.694899 -50.7729
24.9241 -0.0497251 93.0119 -1.0976 -0.721893 -50.8396
24.9185 -0.0534022 92.7575 -1.13836 -0.748979 -50.9063
24.9127 -0.057215 92.5028 -1.17924 -0.77616 -50.9732
24.9068 -0.0611639 92.2478 -1.22022 -0.803434 -51.0401
24.9005 -0.0652495 91.9924 -1.26132 -0.830803 -51.107
24.8941 -0.0694721 91.7367 -1.30254 -0.858266 -51.1741
24.8875 -0.0738322 91.4807 -1.34386 -0.885825 -51.2412
24.8807 -0.0783304 91.2243 -1.38531 -0.91348 -51.3084
24.8737 -0.0829671 90.9676 -1.42686 -0.94123 -51.3757
24.8664 -0.0877428 90.7105 -1.46854 -0.969077 -51.443
24.859 -0.092658 90.4532 -1.51033 -0.997021 -51.5104
24.8513 -0.0977131 90.1954 -1.55223 -1.02506 -51.5779
24.8435 -0.102909 89.9374 -1.59426 -1.0532 -51.6455
24.8354 -0.108245 89.679 -1.6364 -1.08144 -51.7132
24.8271 -0.113723 89.4203 -1.67866 -1.10977 -51.7809
24.8186 -0.119343 89.1612 -1.72104 -1.1382 -51.8487
24.8099 -0.125105 88.9018 -1.76354 -1.16674 -51.9166
24.801 -0.131011 88.642 -1.80616 -1.19537 -51.9845
24.7918 -0.137059 88.3819 -1.84891 -1.2241 -52.0526
24.7825 -0.143252 88.1215 -1.89177 -1.25294 -52.1207
24.7729 -0.149589 87.8607 -1.93475 -1.28187 -52.1889
24.7631 -0.15607 87.5996 -1.97786 -1.31091 -52.2572
24.7531 -0.162698 87.3381 -2.02109 -1.34004 -52.3255
24.7429 -0.169471 87.0763 -2.06444 -1.36928 -52.394
24.7325 -0.176391 86.8142 -2.10792 -1.39862 -52.4625
24.7218 -0.183457 86.5517 -2.15152 -1.42807 -52.5311
24.711 -0.190671 86.2889 -2.19525 -1.45762 -52.5997
24.6999 -0.198034 86.0257 -2.2391 -1.48727 -52.6685
24.6886 -0.205544 85.7622 -2.28308 -1.51703 -52.7373
24.6771 -0.213204 85.4983 -2.32719 -1.54689 -52.8062
24.6653 -0.221013 85.2341 -2.37142 -1.57686 -52.8752
24.6533 -0.228973 84.9696 -2.41579 -1.60693 -52.9443
24.6411 -0.237083 84.7047 -2.46028 -1.63711 -53.0134
24.6287 -0.245344 84.4395 -2.5049 -1.66739 -53.0827
24.6161 -0.253757 84.1739 -2.54965 -1.69779 -53.152
24.6032 -0.262322 83.9079 -2.59453 -1.72829 -53.2214
24.5902 -0.27104 83.6417 -2.63955 -1.7589 -53.2908
24.5768 -0.279911 83.375 -2.68469 -1.78961 -53.3604
24.5633 -0.288936 83.1081 -2.72997 -1.82044 -53.43
24.5495 -0.298115 82.8407 -2.77538 -1.85138 -53.4998
24.5356 -0.30745 82.5731 -2.82092 -1.88242 -53.5696
24.5213 -0.31694 82.305 -2.8666 -1.91358 -53.6395
24.5069 -0.326586 82.0367 -2.91241 -1.94484 -53.7094
24.4922 -0.336388 81.7679 -2.95836 -1.97622 -53.7795
24.4773 -0.346348 81.4989 -3.00445 -2.00771 -53.8496
24.4622 -0.356465 81.2294 -3.05067 -2.03931 -53.9199
24.4468 -0.366741 80.9597 -3.09703 -2.07103 -53.9902
24.4312 -0.377176 80.6895 -3.14353 -2.10286 -54.0606
24.4154 -0.38777 80.4191 -3.19017 -2.1348 -54.131
24.3993 -0.398524 80.1482 -3.23694 -2.16686 -54.2016
24.383 -0.409439 79.877 -3.28386 -2.19903 -54.2722
24.3665 -0.420514 79.6055 -3.33092 -2.23132 -54.343
24.3497 -0.431752 79.3336 -3.37812 -2.26372 -54.4138
24.3327 -0.443152 79.0614 -3.42546 -2.29624 -54.4847
24.3154 -0.454714 78.7888 -3.47294 -2.32888 -54.5557
24.2979 -0.466441 78.5158 -3.52057 -2.36163 -54.6268
24.2802 -0.478331 78.2425 -3.56835 -2.39451 -54.6979
24.2623 -0.490386 77.9688 -3.61626 -2.4275 -54.7692
24.2441 -0.502606 77.6948 -3.66433 -2.46061 -54.8405
24.2256 -0.514992 77.4204 -3.71254 -2.49384 -54.9119
24.2069 -0.527544 77.1457 -3.7609 -2.52719 -54.9835
24.188 -0.540264 76.8706 -3.8094 -2.56066 -55.0551
24.1688 -0.553151 76.5951 -3.85806 -2.59425 -55.1267
24.1494 -0.566207 76.3193 -3.90686 -2.62796 -55.1985
24.1298 -0.579431 76.0432 -3.95581 -2.6618 -55.2704
24.1099 -0.592825 75.7666 -4.00492 -2.69576 -55.3423
24.0897 -0.606389 75.4897 -4.05417 -2.72984 -55.4144
24.0693 -0.620123 75.2125 -4.10358 -2.76405 -55.4865
24.0487 -0.634029 74.9349 -4.15314 -2.79838 -55.5587
24.0278 -0.648107 74.6569 -4.20286 -2.83284 -55.631
24.0067 -0.662358 74.3786 -4.25273 -2.86742 -55.7034
23.9853 -0.676782 74.0999 -4.30275 -2.90213 -55.7759
23.9636 -0.691379 73.8208 -4.35294 -2.93697 -55.8485
23.9417 -0.706151 73.5414 -4.40327 -2.97193 -55.9212
23.9196 -0.721099 73.2616 -4.45377 -3.00702 -55.9939
23.8972 -0.736222 72.9814 -4.50443 -3.04225 -56.0668
23.8746 -0.751521 72.7009 -4.55524 -3.0776 -56.1397
23.8516 -0.766998 72.42 -4.60621 -3.11308 -56.2128
23.8285 -0.782652 72.1388 -4.65735 -3.14869 -56.2859
23.8051 -0.798485 71.8572 -4.70865 -3.18443 -56.3591
23.7814 -0.814496 71.5752 -4.76011 -3.2203 -56.4324
23.7575 -0.830688 71.2929 -4.81173 -3.25631 -56.5059
23.7333 -0.84706 71.0101 -4.86352 -3.29245 -56.5794
23.7088 -0.863613 70.7271 -4.91547 -3.32873 -56.6529
23.6841 -0.880347 70.4436 -4.96759 -3.36513 -56.7266
23.6592 -0.897264 70.1598 -5.01987 -3.40168 -56.8004
23.6339 -0.914364 69.8756 -5.07232 -3.43836 -56.8743
23.6084 -0.931648 69.5911 -5.12495 -3.47517 -56.9483
23.5827 -0.949116 69.3061 -5.17774 -3.51213 -57.0223
23.5567 -0.966769 69.0208 -5.2307 -3.54922 -57.0965
23.5304 -0.984608 68.7352 -5.28383 -3.58644 -57.1707
23.5038 -1.00263 68.4491 -5.33713 -3.62381 -57.2451
23.477 -1.02085 68.1627 -5.39061 -3.66132 -57.3195
23.4499 -1.03925 67.8759 -5.44426 -3.69897 -57.3941
23.4226 -1.05784 67.5888 -5.49808 -3.73676 -57.4687
23.3949 -1.07661 67.3012 -5.55208 -3.77469 -57.5435
23.367 -1.09558 67.0133 -5.60626 -3.81276 -57.6183
23.3389 -1.11474 66.7251 -5.66061 -3.85098 -57.6932
23.3104 -1.13409 66.4364 -5.71514 -3.88934 -57.7682
23.2817 -1.15364 66.1474 -5.76985 -3.92785 -57.8434
23.2527 -1.17337 65.858 -5.82475 -3.9665 -57.9186
23.2235 -1.1933 65.5682 -5.87982 -4.00529 -57.9939
23.1939 -1.21342 65.278 -5.93507 -4.04424 -58.0693
23.1641 -1.23374 64.9875 -5.99051 -4.08333 -58.1448
23.134 -1.25426 64.6966 -6.04613 -4.12257 -58.2205
23.1037 -1.27497 64.4053 -6.10194 -4.16196 -58.2962
23.073 -1.29588 64.1136 -6.15793 -4.2015 -58.372
23.0421 -1.31698 63.8216 -6.21411 -4.24118 -58.4479
23.0109 -1.33829 63.5291 -6.27047 -4.28103 -58.5239
22.9794 -1.35979 63.2363 -6.32703 -4.32102 -58.6
22.9476 -1.3815 62.9431 -6.38378 -4.36116 -58.6763
22.9155 -1.40341 62.6496 -6.44071 -4.40146 -58.7526
22.8832 -1.42551 62.3556 -6.49784 -4.44192 -58.829
22.8506 -1.44783 62.0613 -6.55516 -4.48252 -58.9055
22.8176 -1.47034 61.7666 -6.61268 -4.52329 -58.9821
22.7844 -1.49306 61.4715 -6.67039 -4.56421 -59.0588
22.7509 -1.51598 61.176 -6.72829 -4.60529 -59.1357
22.7172 -1.53911 60.8801 -6.7864 -4.64653 -59.2126
22.6831 -1.56245 60.5838 -6.8447 -4.68793 -59.2896
22.6487 -1.58599 60.2872 -6.9032 -4.72948 -59.3668
22.614 -1.60974 59.9902 -6.9619 -4.7712 -59.444
22.5791 -1.6337 59.6928 -7.0208 -4.81308 -59.5213
22.5438 -1.65787 59.395 -7.0799 -4.85512 -59.5988
22.5083 -1.68225 59.0968 -7.13921 -4.89733 -59.6763
22.4724 -1.70685 58.7982 -7.19873 -4.9397 -59.754
22.4363 -1.73165 58.4992 -7.25844 -4.98224 -59.8317
22.3999 -1.75667 58.1999 -7.31837 -5.02494 -59.9096
22.3631 -1.7819 57.9001 -7.3785 -5.06781 -59.9876
22.3261 -1.80735 57.6 -7.43885 -5.11085 -60.0656
22.2887 -1.83301 57.2995 -7.4994 -5.15405 -60.1438
22.2511 -1.85889 56.9986 -7.56016 -5.19743 -60.2221
22.2131 -1.88498 56.6973 -7.62114 -5.24097 -60.3005
22.1749 -1.9113 56.3956 -7.68233 -5.28469 -60.379
22.1363 -1.93783 56.0935 -7.74374 -5.32858 -60.4576
22.0974 -1.96458 55.791 -7.80536 -5.37265 -60.5363
22.0582 -1.99156 55.4881 -7.8672 -5.41688 -60.6151
22.0188 -2.01875 55.1848 -7.92926 -5.4613 -60.6941
21.979 -2.04617 54.8812 -7.99154 -5.50589 -60.7731
21.9388 -2.07381 54.5771 -8.05404 -5.55065 -60.8523
21.8984 -2.10168 54.2726 -8.11676 -5.5956 -60.9315
21.8577 -2.12977 53.9678 -8.17971 -5.64072 -61.0109
21.8166 -2.15808 53.6625 -8.24288 -5.68603 -61.0903
21.7752 -2.18663 53.3569 -8.30627 -5.73151 -61.1699
21.7336 -2.2154 53.0508 -8.3699 -5.77718 -61.2496
21.6915 -2.2444 52.7444 -8.43375 -5.82303 -61.3294
21.6492 -2.27363 52.4375 -8.49783 -5.86906 -61.4093
21.6066 -2.30309 52.1303 -8.56214 -5.91528 -61.4893
21.5636 -2.33278 51.8226 -8.62669 -5.96169 -61.5695
21.5203 -2.36271 51.5146 -8.69147 -6.00828 -61.6497
21.4767 -2.39287 51.2062 -8.75649 -6.05506 -61.7301
21.4327 -2.42326 50.8973 -8.82174 -6.10204 -61.8105
21.3885 -2.45389 50.588 -8.88723 -6.1492 -61.8911
21.3439 -2.48475 50.2784 -8.95296 -6.19655 -61.9718
21.2989 -2.51585 49.9683 -9.01893 -6.2441 -62.0526
21.2537 -2.54719 49.6579 -9.08514 -6.29184 -62.1335
21.2081 -2.57877 49.347 -9.15159 -6.33977 -62.2145
21.1622 -2.61059 49.0357 -9.21829 -6.3879 -62.2957
21.1159 -2.64265 48.724 -9.28524 -6.43623 -62.3769
21.0693 -2.67495 48.4119 -9.35243 -6.48475 -62.4583
21.0224 -2.7075 48.0995 -9.41988 -6.53348 -62.5398
20.9751 -2.74029 47.7865 -9.48757 -6.5824 -62.6214
20.9275 -2.77332 47.4732 -9.55552 -6.63153 -62.7031
20.8796 -2.8066 47.1595 -9.62372 -6.68086 -62.7849
20.8313 -2.84013 46.8454 -9.69217 -6.73039 -62.8668
20.7826 -2.87391 46.5309 -9.76088 -6.78013 -62.9489
20.7337 -2.90793 46.2159 -9.82985 -6.83007 -63.0311
20.6843 -2.94221 45.9005 -9.89908 -6.88023 -63.1134
20.6347 -2.97673 45.5848 -9.96857 -6.93059 -63.1958
20.5846 -3.01151 45.2686 -10.0383 -6.98116 -63.2783
20.5343 -3.04655 44.952 -10.1083 -7.03194 -63.3609
20.4836 -3.08183 44.635 -10.1786 -7.08293 -63.4437
20.4325 -3.11738 44.3175 -10.2492 -7.13414 -63.5265
20.3811 -3.15317 43.9997 -10.32 -7.18557 -63.6095
20.3293 -3.18923 43.6815 -10.3911 -7.23721 -63.6926
20.2772 -3.22555 43.3628 -10.4624 -7.28906 -63.7758
20.2247 -3.26212 43.0437 -10.5341 -7.34114 -63.8592
20.1718 -3.29896 42.7242 -10.606 -7.39343 -63.9426
20.1186 -3.33606 42.4043 -10.6782 -7.44595 -64.0262
20.065 -3.37342 42.0839 -10.7506 -7.49869 -64.1099
20.0111 -3.41104 41.7632 -10.8234 -7.55166 -64.1937
19.9568 -3.44893 41.442 -10.8964 -7.60485 -64.2776
19.9021 -3.48709 41.1204 -10.9697 -7.65826 -64.3617
19.8471 -3.52552 40.7984 -11.0433 -7.71191 -64.4459
19.7917 -3.56421 40.4759 -11.1172 -7.76578 -64.5302
19.7359 -3.60318 40.1531 -11.1914 -7.81989 -64.6146
19.6798 -3.64241 39.8298 -11.2658 -7.87423 -64.6991
19.6233 -3.68192 39.5061 -11.3406 -7.9288 -64.7838
19.5664 -3.7217 39.1819 -11.4157 -7.98361 -64.8685
19.5091 -3.76175 38.8574 -11.491 -8.03865 -64.9534
19.4515 -3.80209 38.5324 -11.5666 -8.09394 -65.0384
19.3935 -3.84269 38.207 -11.6426 -8.14946 -65.1236
19.335 -3.88358 37.8812 -11.7188 -8.20522 -65.2088
19.2763 -3.92475 37.5549 -11.7954 -8.26123 -65.2942
19.2171 -3.96619 37.2282 -11.8723 -8.31748 -65.3797
19.1575 -4.00792 36.9011 -11.9494 -8.37397 -65.4653
19.0976 -4.04993 36.5736 -12.0269 -8.43072 -65.5511
19.0373 -4.09223 36.2456 -12.1047 -8.48771 -65.6369
18.9766 -4.13481 35.9172 -12.1828 -8.54495 -65.7229
18.9154 -4.17768 35.5884 -12.2612 -8.60245 -65.809
18.8539 -4.22083 35.2591 -12.3399 -8.66019 -65.8953
18.792 -4.26428 34.9294 -12.419 -8.7182 -65.9816
18.7298 -4.30802 34.5993 -12.4983 -8.77646 -66.0681
18.6671 -4.35204 34.2688 -12.578 -8.83498 -66.1547
18.604 -4.39637 33.9378 -12.6581 -8.89376 -66.2415
18.5405 -4.44098 33.6063 -12.7384 -8.9528 -66.3283
18.4766 -4.48589 33.2745 -12.8191 -9.0121 -66.4153
18.4123 -4.5311 32.9422 -12.9001 -9.07167 -66.5024
18.3476 -4.57661 32.6095 -12.9814 -9.1315 -66.5896
18.2825 -4.62242 32.2763 -13.0631 -9.19161 -66.677
18.217 -4.66853 31.9427 -13.1451 -9.25198 -66.7645
18.151 -4.71494 31.6086 -13.2275 -9.31263 -66.8521
18.0847 -4.76165 31.2742 -13.3102 -9.37355 -66.9398
18.0179 -4.80867 30.9392 -13.3932 -9.43474 -67.0276
17.9507 -4.856 30.6039 -13.4766 -9.49622 -67.1156
17.8832 -4.90364 30.2681 -13.5604 -9.55797 -67.2037
17.8151 -4.95158 29.9318 -13.6444 -9.62 -67.2919
17.7467 -4.99984 29.5952 -13.7289 -9.68232 -67.3803
17.6779 -5.0484 29.258 -13.8137 -9.74492 -67.4688
17.6086 -5.09729 28.9205 -13.8989 -9.8078 -67.5574
17.5389 -5.14648 28.5825 -13.9844 -9.87098 -67.6461
17.4687 -5.196 28.244 -14.0703 -9.93444 -67.735
17.3982 -5.24583 27.9051 -14.1565 -9.9982 -67.824
17.3272 -5.29598 27.5658 -14.2431 -10.0623 -67.9131
17.2557 -5.34645 27.226 -14.3301 -10.1266 -68.0023
17.1839 -5.39724 26.8858 -14.4175 -10.1912 -68.0917
17.1116 -5.44836 26.5451 -14.5052 -10.2562 -68.1811
17.0388 -5.49981 26.2039 -14.5933 -10.3214 -68.2708
16.9656 -5.55158 25.8624 -14.6818 -10.387 -68.3605
16.892 -5.60368 25.5203 -14.7707 -10.4529 -68.4504
16.8179 -5.65611 25.1779 -14.86 -10.519 -68.5404
16.7434 -5.70887 24.8349 -14.9496 -10.5855 -68.6305
16.6684 -5.76196 24.4916 -15.0396 -10.6523 -68.7207
16.593 -5.81539 24.1477 -15.1301 -10.7194 -68.8111
16.5171 -5.86916 23.8034 -15.2209 -10.7868 -68.9016
16.4408 -5.92326 23.4587 -15.3121 -10.8546 -68.9922
16.364 -5.9777 23.1135 -15.4038 -10.9226 -69.083
16.2867 -6.03248 22.7679 -15.4958 -10.991 -69.1739
16.209 -6.08761 22.4218 -15.5883 -11.0597 -69.2649
16.1309 -6.14308 22.0752 -15.6811 -11.1288 -69.356
16.0522 -6.1989 21.7282 -15.7744 -11.1981 -69.4473
15.9731 -6.25506 21.3808 -15.8681 -11.2678 -69.5387
15.8935 -6.31158 21.0328 -15.9622 -11.3379 -69.6302
15.8135 -6.36844 20.6845 -16.0567 -11.4082 -69.7218
15.733 -6.42566 20.3356 -16.1516 -11.4789 -69.8136
15.652 -6.48323 19.9863 -16.247 -11.55 -69.9055
15.5705 -6.54116 19.6366 -16.3428 -11.6214 -69.9975
15.4886 -6.59945 19.2863 -16.439 -11.6931 -70.0897
15.4061 -6.65809 18.9357 -16.5357 -11.7652 -70.1819
15.3232 -6.7171 18.5845 -16.6328 -11.8377 -70.2743
15.2398 -6.77647 18.2329 -16.7304 -11.9105 -70.3669
15.1559 -6.8362 17.8809 -16.8284 -11.9836 -70.4595
15.0715 -6.8963 17.5283 -16.9268 -12.0571 -70.5523
14.9866 -6.95677 17.1753 -17.0257 -12.131 -70.6452
14.9013 -7.01761 16.8219 -17.1251 -12.2052 -70.7382
14.8154 -7.07883 16.468 -17.2249 -12.2798 -70.8314
14.729 -7.14041 16.1136 -17.3252 -12.3548 -70.9247
14.6421 -7.20238 15.7587 -17.4259 -12.4301 -71.0181
14.5547 -7.26471 15.4034 -17.5271 -12.5059 -71.1116
14.4669 -7.32743 15.0476 -17.6288 -12.582 -71.2053
14.3785 -7.39053 14.6913 -17.731 -12.6584 -71.299
14.2895 -7.45402 14.3346 -17.8336 -12.7353 -71.393
14.2001 -7.51789 13.9774 -17.9368 -12.8125 -71.487
14.1102 -7.58214 13.6197 -18.0404 -12.8901 -71.5811
14.0197 -7.64679 13.2616 -18.1445 -12.9682 -71.6754
13.9287 -7.71183 12.903 -18.249 -13.0466 -71.7698
13.8372 -7.77725 12.5439 -18.3541 -13.1254 -71.8644
13.7452 -7.84308 12.1843 -18.4597 -13.2046 -71.959
13.6526 -7.9093 11.8243 -18.5658 -13.2842 -72.0538
13.5595 -7.97592 11.4638 -18.6724 -13.3642 -72.1487
13.4659 -8.04294 11.1028 -18.7795 -13.4446 -72.2437
13.3717 -8.11037 10.7414 -18.8871 -13.5254 -72.3388
13.277 -8.1782 10.3794 -18.9953 -13.6067 -72.4341
13.1818 -8.24643 10.017 -19.1039 -13.6883 -72.5295
13.086 -8.31508 9.65413 -19.2131 -13.7704 -72.625
12.9897 -8.38414 9.29077 -19.3228 -13.8529 -72.7206
12.8928 -8.45361 8.92693 -19.4331 -13.9358 -72.8164
12.7953 -8.5235 8.5626 -19.5439 -14.0191 -72.9122
12.6973 -8.5938 8.1978 -19.6552 -14.1029 -73.0082
12.5988 -8.66453 7.83252 -19.767 -14.1871 -73.1043
12.4997 -8.73567 7.46676 -19.8795 -14.2718 -73.2005
12.4 -8.80724 7.10052 -19.9924 -14.3568 -73.2969
12.2997 -8.87924 6.73379 -20.106 -14.4424 -73.3933
12.1989 -8.95167 6.36658 -20.22 -14.5284 -73.4899
12.0975 -9.02452 5.99889 -20.3347 -14.6148 -73.5866
11.9956 -9.09781 5.63072 -20.4499 -14.7017 -73.6834
11.893 -9.17154 5.26206 -20.5657 -14.789 -73.7803
11.7899 -9.2457 4.89291 -20.682 -14.8768 -73.8773
11.6862 -9.32031 4.52329 -20.799 -14.9651 -73.9745
11.5819 -9.39536 4.15317 -20.9165 -15.0538 -74.0717
11.477 -9.47085 3.78257 -21.0346 -15.143 -74.1691
11.3716 -9.54679 3.41148 -21.1533 -15.2327 -74.2666
11.2655 -9.62317 3.0399 -21.2726 -15.3228 -74.3642
11.1588 -9.70001 2.66784 -21.3926 -15.4135 -74.4618
11.0516 -9.77731 2.29528 -21.5131 -15.5046 -74.5596
10.9437 -9.85506 1.92224 -21.6342 -15.5962 -74.6576
10.8352 -9.93327 1.54871 -21.7559 -15.6883 -74.7556
10.7262 -10.0119 1.17468 -21.8783 -15.7809 -74.8537
10.6165 -10.0911 0.800171 -22.0013 -15.874 -74.9519
10.5061 -10.1707 0.425166 -22.1249 -15.9677 -75.0502
10.3952 -10.2508 0.0496687 -22.2491 -16.0618 -75.1487
10.2837 -10.3313 -0.326321 -22.374 -16.1564 -75.2472
10.1715 -10.4123 -0.702803 -22.4995 -16.2516 -75.3458
10.0587 -10.4938 -1.07978 -22.6257 -16.3473 -75.4445
9.94521 -10.5758 -1.45725 -22.7526 -16.4435 -75.5433
9.83113 -10.6583 -1.83521 -22.8801 -16.5402 -75.6423
9.71641 -10.7412 -2.21367 -23.0082 -16.6375 -75.7413
9.60105 -10.8246 -2.59262 -23.137 -16.7353 -75.8404
9.48504 -10.9086 -2.97207 -23.2665 -16.8337 -75.9396
9.36838 -10.993 -3.35202 -23.3967 -16.9326 -76.0388
9.25107 -11.0779 -3.73246 -23.5276 -17.032 -76.1382
9.13311 -11.1633 -4.1134 -23.6591 -17.132 -76.2377
9.01448 -11.2492 -4.49484 -23.7914 -17.2326 -76.3372
8.89519 -11.3356 -4.87677 -23.9243 -17.3337 -76.4368
8.77524 -11.4225 -5.25921 -24.058 -17.4355 -76.5366
8.65461 -11.51 -5.64214 -24.1924 -17.5377 -76.6364
8.53331 -11.5979 -6.02557 -24.3275 -17.6406 -76.7362
8.41134 -11.6864 -6.4095 -24.4633 -17.7441 -76.8362
8.28868 -11.7754 -6.79393 -24.5998 -17.8481 -76.9362
8.16534 -11.8649 -7.17886 -24.7371 -17.9527 -77.0363
8.04131 -11.9549 -7.5643 -24.8751 -18.058 -77.1365
7.91659 -12.0454 -7.95023 -25.0139 -18.1638 -77.2368
7.79117 -12.1365 -8.33666 -25.1534 -18.2703 -77.3371
7.66505 -12.2281 -8.7236 -25.2937 -18.3774 -77.4375
7.53823 -12.3203 -9.11104 -25.4348 -18.485 -77.538
7.41071 -12.413 -9.49898 -25.5766 -18.5934 -77.6385
7.28247 -12.5062 -9.88742 -25.7192 -18.7023 -77.7391
7.15351 -12.6 -10.2764 -25.8626 -18.8119 -77.8397
7.02384 -12.6943 -10.6658 -26.0068 -18.9221 -77.9404
6.89345 -12.7892 -11.0558 -26.1517 -19.033 -78.0412
6.76232 -12.8847 -11.4462 -26.2975 -19.1445 -78.142
6.63047 -12.9807 -11.8372 -26.4441 -19.2567 -78.2429
6.49788 -13.0772 -12.2287 -26.5915 -19.3695 -78.3438
6.36456 -13.1744 -12.6206 -26.7397 -19.483 -78.4447
6.23049 -13.2721 -13.0131 -26.8888 -19.5972 -78.5457
6.09567 -13.3703 -13.4061 -27.0387 -19.7121 -78.6468
5.9601 -13.4692 -13.7996 -27.1895 -19.8276 -78.7479
5.82377 -13.5686 -14.1936 -27.3411 -19.9439 -78.849
5.68669 -13.6686 -14.5881 -27.4935 -20.0608 -78.9502
5.54884 -13.7692 -14.9831 -27.6469 -20.1785 -79.0514
5.41022 -13.8704 -15.3786 -27.8011 -20.2968 -79.1526
5.27083 -13.9722 -15.7746 -27.9562 -20.4159 -79.2539
5.13066 -14.0746 -16.1711 -28.1121 -20.5357 -79.3551
4.98971 -14.1776 -16.5681 -28.269 -20.6562 -79.4564
4.84797 -14.2811 -16.9657 -28.4268 -20.7775 -79.5577
4.70544 -14.3853 -17.3637 -28.5855 -20.8995 -79.6591
4.56211 -14.4901 -17.7623 -28.7451 -21.0222 -79.7604
4.41799 -14.5956 -18.1613 -28.9056 -21.1457 -79.8618
4.27306 -14.7016 -18.5609 -29.0671 -21.27 -79.9631
4.12732 -14.8083 -18.961 -29.2295 -21.395 -80.0645
3.98076 -14.9155 -19.3615 -29.3929 -21.5209 -80.1658
3.83339 -15.0235 -19.7626 -29.5572 -21.6475 -80.2672
3.68519 -15.132 -20.1642 -29.7225 -21.7748 -80.3685
3.53616 -15.2412 -20.5663 -29.8887 -21.903 -80.4699
3.3863 -15.351 -20.9689 -30.056 -22.032 -80.5712
3.2356 -15.4615 -21.372 -30.2243 -22.1618 -80.6725
3.08406 -15.5727 -21.7756 -30.3935 -22.2924 -80.7738
2.93167 -15.6845 -22.1798 -30.5638 -22.4239 -80.875
2.77842 -15.7969 -22.5844 -30.7351 -22.5561 -80.9762
2.62432 -15.91 -22.9895 -30.9074 -22.6892 -81.0774
2.46935 -16.0238 -23.3952 -31.0807 -22.8232 -81.1785
2.31351 -16.1382 -23.8013 -31.2551 -22.958 -81.2796
2.1568 -16.2534 -24.208 -31.4306 -23.0937 -81.3807
1.9992 -16.3692 -24.6151 -31.6071 -23.2303 -81.4817
1.84072 -16.4857 -25.0228 -31.7847 -23.3677 -81.5826
1.68135 -16.6029 -25.4309 -31.9634 -23.506 -81.6835
1.52109 -16.7207 -25.8396 -32.1432 -23.6452 -81.7843
1.35992 -16.8393 -26.2488 -32.3241 -23.7854 -81.8851
1.19785 -16.9586 -26.6585 -32.5061 -23.9264 -81.9857
1.03486 -17.0786 -27.0686 -32.6892 -24.0684 -82.0863
0.870957 -17.1993 -27.4793 -32.8735 -24.2112 -82.1868
0.706127 -17.3207 -27.8905 -33.0589 -24.3551 -82.2872
0.540368 -17.4428 -28.3022 -33.2454 -24.4998 -82.3875
0.373673 -17.5657 -28.7144 -33.4331 -24.6456 -82.4877
0.206036 -17.6893 -29.1271 -33.6221 -24.7923 -82.5878
0.0374522 -17.8136 -29.5403 -33.8121 -24.9399 -82.6878
-0.132085 -17.9387 -29.9539 -34.0034 -25.0886 -82.7876
-0.302582 -18.0645 -30.3681 -34.1959 -25.2382 -82.8873
-0.474045 -18.1911 -30.7828 -34.3897 -25.3889 -82.9869
-0.646479 -18.3184 -31.198 -34.5846 -25.5405 -83.0864
-0.819891 -18.4465 -31.6137 -34.7808 -25.6932 -83.1857
-0.994288 -18.5753 -32.0299 -34.9783 -25.8469 -83.2848
-1.16967 -18.7049 -32.4465 -35.177 -26.0017 -83.3838
-1.34606 -18.8353 -32.8637 -35.377 -26.1575 -83.4827
-1.52344 -18.9665 -33.2814 -35.5783 -26.3143 -83.5813
-1.70184 -19.0985 -33.6995 -35.7809 -26.4723 -83.6798
-1.88125 -19.2312 -34.1182 -35.9848 -26.6313 -83.7781
-2.06169 -19.3648 -34.5373 -36.19 -26.7914 -83.8762
-2.24315 -19.4992 -34.9569 -36.3966 -26.9526 -83.974
-2.42565 -19.6343 -35.377 -36.6045 -27.1149 -84.0717
-2.6092 -19.7703 -35.7976 -36.8138 -27.2784 -84.1692
-2.79379 -19.9071 -36.2187 -37.0245 -27.443 -84.2664
-2.97944 -20.0447 -36.6403 -37.2365 -27.6087 -84.3634
-3.16616 -20.1832 -37.0624 -37.45 -27.7756 -84.4601
-3.35394 -20.3225 -37.4849 -37.6649 -27.9437 -84.5566
-3.54281 -20.4626 -37.9079 -37.8812 -28.1129 -84.6528
-3.73276 -20.6036 -38.3314 -38.0989 -28.2833 -84.7488
-3.9238 -20.7455 -38.7554 -38.3181 -28.455 -84.8444
-4.11594 -20.8882 -39.1799 -38.5388 -28.6278 -84.9398
-4.30919 -21.0317 -39.6048 -38.761 -28.8019 -85.0349
-4.50355 -21.1762 -40.0302 -38.9847 -28.9773 -85.1296
-4.69903 -21.3215 -40.4561 -39.2099 -29.1538 -85.2241
-4.89565 -21.4677 -40.8825 -39.4366 -29.3317 -85.3182
-5.0934 -21.6148 -41.3093 -39.6649 -29.5108 -85.4119
-5.2923 -21.7628 -41.7366 -39.8947 -29.6912 -85.5053
-5.49235 -21.9117 -42.1643 -40.1261 -29.873 -85.5983
-5.69356 -22.0616 -42.5926 -40.3591 -30.056 -85.691
-5.89594 -22.2123 -43.0212 -40.5937 -30.2404 -85.7833
-6.09949 -22.364 -43.4504 -40.8299 -30.4261 -85.8751
-6.30424 -22.5166 -43.88 -41.0677 -30.6132 -85.9666
-6.51017 -22.6701 -44.3101 -41.3073 -30.8016 -86.0576
-6.71731 -22.8246 -44.7406 -41.5484 -30.9914 -86.1482
-6.92566 -22.98 -45.1715 -41.7913 -31.1827 -86.2383
-7.13522 -23.1364 -45.603 -42.0359 -31.3753 -86.328
-7.34601 -23.2938 -46.0348 -42.2822 -31.5694 -86.4172
-7.55804 -23.4521 -46.4671 -42.5302 -31.7649 -86.5059
-7.77132 -23.6114 -46.8999 -42.78 -31.9619 -86.594
-7.98584 -23.7717 -47.3331 -43.0315 -32.1604 -86.6817
-8.20163 -23.933 -47.7667 -43.2849 -32.3603 -86.7688
-8.41869 -24.0953 -48.2008 -43.54 -32.5617 -86.8554
-8.63703 -24.2586 -48.6352 -43.797 -32.7647 -86.9413
-8.85666 -24.423 -49.0702 -44.0558 -32.9692 -87.0267
-9.07759 -24.5883 -49.5055 -44.3165 -33.1753 -87.1115
-9.29983 -24.7547 -49.9413 -44.5791 -33.3829 -87.1957
-9.52338 -24.9222 -50.3775 -44.8435 -33.5921 -87.2792
-9.74826 -25.0906 -50.8141 -45.1099 -33.8029 -87.3621
-9.97448 -25.2602 -51.2511 -45.3782 -34.0153 -87.4443
-10.202 -25.4308 -51.6885 -45.6485 -34.2294 -87.5258
-10.431 -25.6025 -52.1264 -45.9208 -34.4451 -87.6066
-10.6613 -25.7753 -52.5646 -46.195 -34.6625 -87.6867
-10.8929 -25.9491 -53.0032 -46.4713 -34.8816 -87.766
-11.126 -26.1241 -53.4422 -46.7496 -35.1024 -87.8446
-11.3604 -26.3001 -53.8817 -47.03 -35.3249 -87.9223
-11.5963 -26.4773 -54.3215 -47.3124 -35.5491 -87.9992
-11.8335 -26.6556 -54.7617 -47.5969 -35.7751 -88.0753
-12.0722 -26.8351 -55.2022 -47.8836 -36.0029 -88.1506
-12.3124 -27.0157 -55.6432 -48.1724 -36.2324 -88.2249
-12.554 -27.1974 -56.0845 -48.4634 -36.4638 -88.2984
-12.797 -27.3803 -56.5261 -48.7565 -36.697 -88.3709
-13.0415 -27.5644 -56.9682 -49.0519 -36.9321 -88.4425
-13.2875 -27.7496 -57.4106 -49.3495 -37.1691 -88.5131
-13.535 -27.9361 -57.8533 -49.6493 -37.4079 -88.5827
-13.784 -28.1237 -58.2964 -49.9515 -37.6487 -88.6512
-14.0345 -28.3125 -58.7398 -50.2559 -37.8913 -88.7187
-14.2866 -28.5026 -59.1836 -50.5626 -38.136 -88.7851
-14.5402 -28.6939 -59.6277 -50.8717 -38.3826 -88.8504
-14.7953 -28.8864 -60.0721 -51.1832 -38.6312 -88.9145
-15.052 -29.0802 -60.5168 -51.497 -38.8819 -88.9775
-15.3103 -29.2753 -60.9619 -51.8133 -39.1345 -89.0393
-15.5701 -29.4716 -61.4072 -52.132 -39.3893 -89.0998
-15.8316 -29.6691 -61.8529 -52.4532 -39.6461 -89.1591
-16.0947 -29.868 -62.2988 -52.7769 -39.905 -89.2171
-16.3594 -30.0682 -62.745 -53.1031 -40.166 -89.2737
-16.6257 -30.2697 -63.1915 -53.4318 -40.4292 -89.329
-16.8937 -30.4725 -63.6383 -53.7632 -40.6946 -89.3828
-17.1633 -30.6766 -64.0854 -54.0971 -40.9622 -89.4353
-17.4346 -30.8821 -64.5327 -54.4336 -41.2319 -89.4862
-17.7077 -31.0889 -64.9802 -54.7728 -41.504 -89.5357
-17.9824 -31.2971 -65.428 -55.1146 -41.7782 -89.5835
-18.2588 -31.5067 -65.8761 -55.4591 -42.0548 -89.6299
-18.537 -31.7177 -66.3243 -55.8064 -42.3337 -89.6745
-18.8169 -31.9301 -66.7728 -56.1565 -42.6149 -89.7175
-19.0985 -32.1438 -67.2215 -56.5093 -42.8985 -89.7588
-19.382 -32.3591 -67.6704 -56.8649 -43.1845 -89.7983
-19.6672 -32.5757 -68.1195 -57.2233 -43.4729 -89.8361
-19.9542 -32.7938 -68.5688 -57.5847 -43.7637 -89.872
-20.243 -33.0133 -69.0182 -57.9489 -44.057 -89.9059
-20.5337 -33.2344 -69.4678 -58.316 -44.3528 -89.938
-20.8262 -33.4569 -69.9176 -58.6861 -44.6511 -89.968
-21.1205 -33.6809 -70.3675 -59.0592 -44.9519 -89.9961
-21.4168 -33.9064 -70.8175 -59.4353 -45.2553 -90.022
-21.7149 -34.1334 -71.2677 -59.8144 -45.5613 -90.0458
-22.0149 -34.362 -71.718 -60.1966 -45.87 -90.0673
-22.3169 -34.5921 -72.1684 -60.5819 -46.1812 -90.0867
-22.6207 -34.8238 -72.6189 -60.9703 -46.4952 -90.1037
-22.9266 -35.0571 -73.0694 -61.3618 -46.8118 -90.1183
-23.2344 -35.2919 -73.52 -61.7566 -47.1312 -90.1306
-23.5441 -35.5284 -73.9707 -62.1546 -47.4533 -90.1403
-23.8559 -35.7665 -74.4214 -62.5558 -47.7782 -90.1475
-24.1697 -36.0062 -74.8722 -62.9603 -48.1059 -90.1521
-24.4855 -36.2475 -75.323 -63.368 -48.4365 -90.154
-24.8034 -36.4905 -75.7737 -63.7792 -48.7699 -90.1532
-25.1233 -36.7352 -76.2245 -64.1937 -49.1062 -90.1495
-25.4453 -36.9816 -76.6752 -64.6116 -49.4455 -90.143
-25.7694 -37.2297 -77.1259 -65.0329 -49.7877 -90.1335
-26.0956 -37.4795 -77.5766 -65.4577 -50.1328 -90.121
-26.424 -37.731 -78.0271 -65.8859 -50.481 -90.1054
-26.7545 -37.9843 -78.4776 -66.3177 -50.8322 -90.0866
-27.0872 -38.2393 -78.928 -66.7531 -51.1865 -90.0645
-27.422 -38.4961 -79.3783 -67.192 -51.5439 -90.0391
-27.7591 -38.7548 -79.8284 -67.6345 -51.9044 -90.0103
-28.0984 -39.0152 -80.2784 -68.0806 -52.2681 -89.978
-28.4399 -39.2774 -80.7282 -68.5305 -52.6349 -89.9421
-28.7837 -39.5415 -81.1778 -68.984 -53.005 -89.9025
-29.1297 -39.8075 -81.6272 -69.4413 -53.3783 -89.8592
-29.4781 -40.0753 -82.0764 -69.9023 -53.7549 -89.812
-29.8288 -40.345 -82.5253 -70.3671 -54.1347 -89.7608
-30.1818 -40.6167 -82.974 -70.8357 -54.5179 -89.7055
-30.5371 -40.8902 -83.4224 -71.3081 -54.9044 -89.6462
-30.8948 -41.1657 -83.8704 -71.7844 -55.2943 -89.5825
-31.255 -41.4432 -84.3182 -72.2647 -55.6876 -89.5145
-31.6175 -41.7226 -84.7656 -72.7488 -56.0844 -89.442
-31.9824 -42.004 -85.2126 -73.2369 -56.4846 -89.3649
-32.3499 -42.2874 -85.6592 -73.729 -56.8883 -89.2832
-32.7197 -42.5729 -86.1054 -74.2251 -57.2955 -89.1966
-33.0921 -42.8604 -86.5512 -74.7252 -57.7063 -89.1051
-33.467 -43.15 -86.9965 -75.2293 -58.1206 -89.0086
-33.8444 -43.4416 -87.4413 -75.7375 -58.5385 -88.9069
-34.2244 -43.7353 -87.8856 -76.2499 -58.96 -88.7999
-34.6069 -44.0312 -88.3293 -76.7663 -59.3852 -88.6875
-34.992 -44.3292 -88.7724 -77.2869 -59.8141 -88.5695
-35.3798 -44.6293 -89.215 -77.8117 -60.2466 -88.4458
-35.7701 -44.9317 -89.6569 -78.3406 -60.6828 -88.3163
-36.1632 -45.2362 -90.0981 -78.8737 -61.1228 -88.1809
-36.5589 -45.5429 -90.5387 -79.411 -61.5665 -88.0393
-36.9573 -45.8518 -90.9785 -79.9526 -62.014 -87.8915
-37.3584 -46.163 -91.4176 -80.4984 -62.4652 -87.7372
-37.7623 -46.4765 -91.8559 -81.0485 -62.9203 -87.5764
-38.1689 -46.7922 -92.2934 -81.6028 -63.3792 -87.4089
-38.5783 -47.1103 -92.73 -82.1614 -63.842 -87.2345
-38.9905 -47.4306 -93.1657 -82.7243 -64.3086 -87.0531
-39.4055 -47.7534 -93.6005 -83.2914 -64.779 -86.8644
-39.8234 -48.0784 -94.0344 -83.8629 -65.2534 -86.6684
-40.2442 -48.4059 -94.4672 -84.4387 -65.7316 -86.4648
-40.6678 -48.7358 -94.899 -85.0187 -66.2138 -86.2534
-41.0943 -49.068 -95.3297 -85.603 -66.6998 -86.0342
-41.5238 -49.4027 -95.7594 -86.1917 -67.1898 -85.8068
-41.9563 -49.7399 -96.1878 -86.7846 -67.6836 -85.5711
-42.3917 -50.0796 -96.6151 -87.3818 -68.1814 -85.327
-42.8301 -50.4217 -97.0411 -87.9832 -68.6831 -85.0742
-43.2715 -50.7664 -97.4658 -88.5889 -69.1887 -84.8125
-43.716 -51.1136 -97.8892 -89.1987 -69.6982 -84.5417
-44.1635 -51.4634 -98.3112 -89.8128 -70.2116 -84.2616
-44.6141 -51.8157 -98.7318 -90.4311 -70.729 -83.9719
-45.0678 -52.1707 -99.1509 -91.0535 -71.2501 -83.6726
-45.5246 -52.5282 -99.5685 -91.68 -71.7752 -83.3633
-45.9846 -52.8884 -99.9846 -92.3106 -72.3041 -83.0439
-46.4477 -53.2513 -100.399 -92.9453 -72.8368 -82.714
-46.9141 -53.6168 -100.812 -93.5839 -73.3733 -82.3736
-47.3836 -53.985 -101.223 -94.2265 -73.9136 -82.0222
-47.8563 -54.3559 -101.632 -94.873 -74.4576 -81.6598
-48.3323 -54.7296 -102.039 -95.5233 -75.0054 -81.286
-48.8115 -55.106 -102.445 -96.1773 -75.5568 -80.9006
-49.2941 -55.4852 -102.848 -96.8351 -76.1118 -80.5034
-49.7799 -55.8671 -103.25 -97.4965 -76.6704 -80.0941
-50.269 -56.2519 -103.649 -98.1614 -77.2325 -79.6725
-50.7615 -56.6394 -104.047 -98.8298 -77.7981 -79.2382
-51.2573 -57.0298 -104.442 -99.5016 -78.3671 -78.7911
-51.7565 -57.4231 -104.834 -100.177 -78.9395 -78.3309
-52.2591 -57.8192 -105.225 -100.855 -79.5151 -77.8572
-52.7651 -58.2183 -105.613 -101.536 -80.0939 -77.3699
-53.2745 -58.6202 -105.999 -102.22 -80.6758 -76.8687
-53.7873 -59.025 -106.382 -102.907 -81.2607 -76.3532
-54.3035 -59.4328 -106.762 -103.597 -81.8486 -75.8233
-54.8232 -59.8435 -107.14 -104.289 -82.4393 -75.2786
-55.3464 -60.2572 -107.515 -104.984 -83.0328 -74.7188
-55.8731 -60.6738 -107.887 -105.681 -83.6288 -74.1437
-56.4032 -61.0935 -108.256 -106.379 -84.2273 -73.553
-56.9369 -61.5161 -108.623 -107.08 -84.8282 -72.9464
-57.474 -61.9417 -108.986 -107.783 -85.4314 -72.3237
-58.0147 -62.3704 -109.346 -108.487 -86.0366 -71.6845
-58.5589 -62.8021 -109.703 -109.192 -86.6437 -71.0286
-59.1066 -63.2368 -110.056 -109.898 -87.2527 -70.3557
-59.6579 -63.6746 -110.406 -110.606 -87.8632 -69.6655
-60.2127 -64.1155 -110.753 -111.314 -88.4752 -68.9577
-60.771 -64.5594 -111.096 -112.022 -89.0885 -68.2321
-61.3329 -65.0064 -111.435 -112.73 -89.7028 -67.4884
-61.8983 -65.4564 -111.771 -113.439 -90.318 -66.7264
-62.4673 -65.9095 -112.102 -114.147 -90.9339 -65.9457
-63.0398 -66.3657 -112.43 -114.854 -91.5502 -65.1462
-63.6158 -66.825 -112.754 -115.56 -92.1668 -64.3275
-64.1954 -67.2874 -113.073 -116.265 -92.7833 -63.4895
-64.7784 -67.7529 -113.389 -116.968 -93.3995 -62.6319
-65.365 -68.2214 -113.7 -117.67 -94.0152 -61.7544
-65.9551 -68.693 -114.006 -118.369 -94.6302 -60.857
-66.5487 -69.1677 -114.308 -119.065 -95.2441 -59.9392
-67.1458 -69.6455 -114.606 -119.759 -95.8566 -59.001
-67.7463 -70.1263 -114.898 -120.449 -96.4675 -58.0422
-68.3503 -70.6101 -115.186 -121.135 -97.0764 -57.0626
-68.9576 -71.097 -115.469 -121.817 -97.683 -56.062
-69.5684 -71.587 -115.747 -122.494 -98.2871 -55.0403
-70.1826 -72.0799 -116.019 -123.166 -98.8883 -53.9974
-70.8001 -72.5758 -116.287 -123.833 -99.4861 -52.9331
-71.4209 -73.0748 -116.549 -124.494 -100.08 -51.8473
-72.045 -73.5766 -116.805 -125.149 -100.671 -50.7401
-72.6724 -74.0815 -117.056 -125.796 -101.257 -49.6112
-73.303 -74.5892 -117.301 -126.437 -101.838 -48.4607
-73.9367 -75.0998 -117.541 -127.069 -102.414 -47.2886
-74.5737 -75.6133 -117.774 -127.693 -102.984 -46.0948
-75.2137 -76.1297 -118.002 -128.309 -103.549 -44.8794
-75.8567 -76.6488 -118.223 -128.915 -104.107 -43.6425
-76.5028 -77.1707 -118.438 -129.511 -104.658 -42.3841
-77.1518 -77.6954 -118.647 -130.096 -105.203 -41.1042
-77.8038 -78.2228 -118.849 -130.671 -105.739 -39.8032
-78.4586 -78.7528 -119.045 -131.235 -106.268 -38.481
-79.1161 -79.2854 -119.234 -131.786 -106.788 -37.138
-79.7764 -79.8207 -119.416 -132.325 -107.299 -35.7742
-80.4394 -80.3584 -119.592 -132.851 -107.801 -34.39
-81.1049 -80.8987 -119.76 -133.363 -108.293 -32.9857
-81.773 -81.4413 -119.922 -133.861 -108.775 -31.5615
-82.4435 -81.9864 -120.076 -134.345 -109.246 -30.1177
-83.1164 -82.5338 -120.223 -134.813 -109.706 -28.6548
-83.7917 -83.0835 -120.362 -135.265 -110.154 -27.1732
-84.4691 -83.6353 -120.494 -135.702 -110.59 -25.6733
-85.1487 -84.1894 -120.619 -136.121 -111.014 -24.1556
-85.8303 -84.7455 -120.736 -136.523 -111.424 -22.6205
-86.5139 -85.3036 -120.845 -136.908 -111.822 -21.0686
-87.1994 -85.8637 -120.947 -137.274 -112.205 -19.5005
-87.8866 -86.4256 -121.04 -137.621 -112.575 -17.9168
-88.5756 -86.9894 -121.126 -137.95 -112.929 -16.318
-89.2661 -87.5549 -121.203 -138.258 -113.269 -14.7049
-89.9582 -88.1221 -121.273 -138.547 -113.594 -13.0782
-90.6516 -88.6909 -121.334 -138.815 -113.902 -11.4386
-91.3463 -89.2611 -121.387 -139.063 -114.195 -9.78674
-92.0422 -89.8328 -121.432 -139.289 -114.471 -8.12351
-92.7392 -90.4058 -121.469 -139.494 -114.731 -6.44967
-93.4371 -90.9801 -121.497 -139.677 -114.973 -4.76606
-94.136 -91.5556 -121.516 -139.838 -115.199 -3.07351
-94.8355 -92.1321 -121.527 -139.976 -115.406 -1.3729
-95.5357 -92.7096 -121.53 -140.092 -115.596 0.334883
-96.2364 -93.288 -121.524 -140.185 -115.768 2.04894
-96.9376 -93.8673 -121.509 -140.255 -115.921 3.76835
-97.639 -94.4473 -121.486 -140.303 -116.057 5.49217
-98.3406 -95.0278 -121.455 -140.327 -116.173 7.21946
-99.0423 -95.609 -121.414 -140.327 -116.271 8.94927
-99.7439 -96.1906 -121.365 -140.305 -116.35 10.6806
-100.445 -96.7725 -121.307 -140.259 -116.411 12.4126
-101.146 -97.3547 -121.241 -140.189 -116.452 14.1442
-101.847 -97.937 -121.166 -140.097 -116.474 15.8744
-102.547 -98.5194 -121.082 -139.981 -116.478 17.6023
-103.247 -99.1018 -120.99 -139.842 -116.462 19.327
-103.946 -99.684 -120.889 -139.68 -116.428 21.0474
-104.644 -100.266 -120.779 -139.496 -116.375 22.7627
-105.341 -100.848 -120.661 -139.289 -116.303 24.4718
-106.037 -101.429 -120.535 -139.06 -116.212 26.174
-106.731 -102.01 -120.4 -138.808 -116.104 27.8682
-107.425 -102.59 -120.256 -138.535 -115.977 29.5536
-108.117 -103.17 -120.104 -138.241 -115.831 31.2293
-108.807 -103.748 -119.944 -137.925 -115.668 32.8945
-109.496 -104.326 -119.775 -137.589 -115.488 34.5483
-110.183 -104.903 -119.598 -137.232 -115.29 36.19
-110.868 -105.479 -119.413 -136.855 -115.075 37.8187
-111.552 -106.054 -119.22 -136.459 -114.844 39.4338
-112.233 -106.628 -119.019 -136.044 -114.596 41.0345
-112.912 -107.2 -118.81 -135.61 -114.331 42.6201
-113.589 -107.771 -118.593 -135.158 -114.051 44.19
-114.264 -108.34 -118.368 -134.689 -113.756 45.7436
-114.936 -108.909 -118.135 -134.203 -113.446 47.2802
-115.606 -109.475 -117.895 -133.7 -113.121 48.7993
-116.273 -110.04 -117.647 -133.181 -112.782 50.3003
-116.938 -110.603 -117.392 -132.646 -112.429 51.7829
-117.599 -111.164 -117.129 -132.097 -112.063 53.2464
-118.258 -111.723 -116.86 -131.533 -111.684 54.6905
-118.915 -112.281 -116.583 -130.955 -111.292 56.1149
-119.568 -112.836 -116.298 -130.364 -110.888 57.519
-120.218 -113.39 -116.007 -129.761 -110.473 58.9027
-120.866 -113.941 -115.709 -129.145 -110.046 60.2656
-121.51 -114.49 -115.405 -128.518 -109.608 61.6074
-122.151 -115.037 -115.093 -127.88 -109.161 62.928
-122.789 -115.582 -114.775 -127.231 -108.703 64.2271
-123.423 -116.124 -114.451 -126.573 -108.236 65.5045
-124.054 -116.664 -114.12 -125.905 -107.76 66.7601
-124.682 -117.202 -113.784 -125.228 -107.275 67.9938
-125.307 -117.737 -113.44 -124.543 -106.782 69.2056
-125.928 -118.27 -113.091 -123.85 -106.282 70.3952
-126.545 -118.8 -112.737 -123.151 -105.774 71.5628
-127.159 -119.327 -112.376 -122.444 -105.26 72.7083
-127.77 -119.852 -112.009 -121.731 -104.739 73.8318
-128.376 -120.375 -111.638 -121.013 -104.212 74.9332
-128.98 -120.894 -111.26 -120.289 -103.679 76.0126
-129.579 -121.411 -110.877 -119.56 -103.141 77.0701
-130.175 -121.926 -110.489 -118.827 -102.598 78.1058
-130.768 -122.437 -110.096 -118.09 -102.051 79.1198
-131.356 -122.946 -109.698 -117.35 -101.499 80.1123
-131.941 -123.452 -109.295 -116.607 -100.944 81.0834
-132.522 -123.956 -108.887 -115.861 -100.386 82.0333
-133.1 -124.456 -108.475 -115.113 -99.824 82.9621
-133.673 -124.954 -108.058 -114.363 -99.2596 83.8701
-134.243 -125.449 -107.636 -113.611 -98.6927 84.7574
-134.81 -125.941 -107.21 -112.859 -98.1237 85.6243
-135.372 -126.43 -106.78 -112.105 -97.5528 86.471
-135.931 -126.917 -106.345 -111.351 -96.9804 87.2977
-136.486 -127.4 -105.907 -110.597 -96.4066 88.1047
-137.037 -127.881 -105.464 -109.843 -95.8319 88.8923
-137.584 -128.358 -105.018 -109.09 -95.2565 89.6606
-138.128 -128.833 -104.568 -108.337 -94.6805 90.41
-138.667 -129.305 -104.114 -107.586 -94.1042 91.1407
-139.203 -129.774 -103.656 -106.835 -93.528 91.8531
-139.736 -130.24 -103.195 -106.086 -92.9519 92.5473
-140.264 -130.704 -102.731 -105.339 -92.3762 93.2237
-140.789 -131.164 -102.263 -104.594 -91.8011 93.8826
-141.31 -131.622 -101.792 -103.851 -91.2267 94.5242
-141.828 -132.076 -101.318 -103.11 -90.6534 95.1489
-142.341 -132.528 -100.841 -102.372 -90.0812 95.7569
-142.851 -132.977 -100.36 -101.637 -89.5103 96.3485
-143.358 -133.423 -99.8772 -100.904 -88.9409 96.9241
-143.86 -133.867 -99.3911 -100.175 -88.3731 97.4839
-144.359 -134.307 -98.9023 -99.4487 -87.8071 98.0282
-144.855 -134.745 -98.4108 -98.7259 -87.243 98.5573
-145.347 -135.18 -97.9167 -98.0066 -86.681 99.0715
-145.835 -135.612 -97.4201 -97.2909 -86.1211 99.5711
-146.32 -136.041 -96.921 -96.579 -85.5635 100.056
-146.801 -136.467 -96.4196 -95.871 -85.0082 100.528
-147.278 -136.891 -95.9158 -95.1669 -84.4555 100.985
-147.752 -137.312 -95.4097 -94.4668 -83.9053 101.429
-148.223 -137.73 -94.9015 -93.771 -83.3578 101.86
-148.69 -138.145 -94.3911 -93.0793 -82.813 102.278
-149.154 -138.558 -93.8787 -92.392 -82.2711 102.683
-149.614 -138.968 -93.3643 -91.709 -81.7322 103.076
-150.071 -139.375 -92.8479 -91.0305 -81.1961 103.457
-150.524 -139.78 -92.3297 -90.3565 -80.6632 103.825
-150.974 -140.182 -91.8097 -89.687 -80.1333 104.183
-151.421 -140.581 -91.2879 -89.0221 -79.6066 104.529
-151.865 -140.978 -90.7644 -88.3619 -79.0831 104.864
-152.305 -141.372 -90.2392 -87.7064 -78.5629 105.188
-152.742 -141.764 -89.7125 -87.0555 -78.0459 105.501
-153.175 -142.153 -89.1842 -86.4095 -77.5323 105.804
-153.606 -142.539 -88.6545 -85.7682 -77.0221 106.097
-154.033 -142.923 -88.1233 -85.1317 -76.5153 106.38
-154.457 -143.304 -87.5907 -84.5 -76.0119 106.654
-154.878 -143.683 -87.0567 -83.8731 -75.5119 106.917
-155.296 -144.059 -86.5215 -83.2511 -75.0155 107.172
-155.711 -144.433 -85.985 -82.6339 -74.5225 107.418
-156.122 -144.804 -85.4473 -82.0215 -74.033 107.655
-156.531 -145.173 -84.9085 -81.414 -73.5471 107.883
-156.936 -145.54 -84.3685 -80.8114 -73.0647 108.103
-157.339 -145.904 -83.8274 -80.2136 -72.5859 108.315
-157.738 -146.266 -83.2853 -79.6206 -72.1106 108.519
-158.135 -146.625 -82.7422 -79.0325 -71.6388 108.715
-158.529 -146.982 -82.1982 -78.4492 -71.1706 108.903
-158.92 -147.337 -81.6532 -77.8706 -70.706 109.084
-159.308 -147.689 -81.1073 -77.2969 -70.2449 109.257
-159.693 -148.039 -80.5606 -76.728 -69.7874 109.424
-160.075 -148.387 -80.0131 -76.1638 -69.3334 109.584
-160.454 -148.733 -79.4648 -75.6044 -68.883 109.737
-160.831 -149.076 -78.9157 -75.0497 -68.4361 109.883
-161.205 -149.417 -78.366 -74.4996 -67.9927 110.023
-161.576 -149.756 -77.8155 -73.9543 -67.5529 110.156
-161.944 -150.093 -77.2644 -73.4136 -67.1165 110.284
-162.31 -150.427 -76.7127 -72.8775 -66.6836 110.406
-162.673 -150.759 -76.1603 -72.346 -66.2542 110.521
-163.033 -151.09 -75.6074 -71.8191 -65.8283 110.631
-163.391 -151.418 -75.054 -71.2967 -65.4058 110.736
-163.746 -151.744 -74.5001 -70.7788 -64.9867 110.835
-164.099 -152.068 -73.9457 -70.2654 -64.5711 110.929
-164.449 -152.389 -73.3908 -69.7564 -64.1588 111.018
-164.797 -152.709 -72.8355 -69.2519 -63.7499 111.101
-165.142 -153.027 -72.2798 -68.7517 -63.3443 111.18
-165.484 -153.343 -71.7237 -68.2559 -62.9421 111.255
-165.824 -153.656 -71.1672 -67.7643 -62.5432 111.324
-166.162 -153.968 -70.6104 -67.2771 -62.1475 111.389
-166.497 -154.278 -70.0533 -66.7941 -61.7552 111.45
-166.83 -154.586 -69.496 -66.3153 -61.366 111.506
-167.16 -154.891 -68.9383 -65.8407 -60.9801 111.558
-167.488 -155.195 -68.3804 -65.3703 -60.5974 111.606
-167.814 -155.497 -67.8222 -64.9039 -60.2179 111.65
-168.137 -155.798 -67.2639 -64.4416 -59.8415 111.69
-168.458 -156.096 -66.7053 -63.9833 -59.4682 111.726
-168.777 -156.392 -66.1466 -63.5291 -59.098 111.759
-169.093 -156.687 -65.5877 -63.0787 -58.7309 111.788
-169.408 -156.98 -65.0287 -62.6324 -58.3669 111.813
-169.72 -157.27 -64.4696 -62.1898 -58.0058 111.836
-170.03 -157.56 -63.9104 -61.7512 -57.6478 111.854
-170.337 -157.847 -63.3511 -61.3164 -57.2927 111.87
-170.643 -158.133 -62.7917 -60.8853 -56.9406 111.882
-170.946 -158.416 -62.2322 -60.458 -56.5914 111.891
-171.247 -158.698 -61.6728 -60.0344 -56.2451 111.898
-171.547 -158.979 -61.1133 -59.6144 -55.9017 111.901
-171.844 -159.257 -60.5537 -59.1981 -55.5611 111.902
-172.138 -159.534 -59.9942 -58.7854 -55.2234 111.899
-172.431 -159.81 -59.4348 -58.3762 -54.8884 111.894
-172.722 -160.083 -58.8753 -57.9706 -54.5562 111.887
-173.011 -160.355 -58.3159 -57.5684 -54.2267 111.876
-173.298 -160.626 -57.7565 -57.1697 -53.9 111.864
-173.583 -160.894 -57.1972 -56.7745 -53.5759 111.849
-173.866 -161.161 -56.638 -56.3826 -53.2546 111.831
-174.147 -161.427 -56.0789 -55.9941 -52.9358 111.811
-174.426 -161.691 -55.5199 -55.6088 -52.6197 111.789
-174.703 -161.953 -54.961 -55.2269 -52.3061 111.765
-174.978 -162.214 -54.4023 -54.8482 -51.9951 111.738
-175.251 -162.473 -53.8437 -54.4728 -51.6867 111.71
-175.523 -162.731 -53.2852 -54.1005 -51.3808 111.679
-175.792 -162.987 -52.7269 -53.7313 -51.0774 111.646
-176.06 -163.241 -52.1687 -53.3653 -50.7764 111.612
-176.326 -163.495 -51.6108 -53.0023 -50.4779 111.575
-176.59 -163.746 -51.053 -52.6424 -50.1818 111.537
-176.852 -163.996 -50.4954 -52.2856 -49.888 111.497
-177.113 -164.245 -49.938 -51.9317 -49.5967 111.456
-177.372 -164.492 -49.3808 -51.5807 -49.3077 111.412
-177.629 -164.738 -48.8239 -51.2327 -49.021 111.367
-177.884 -164.982 -48.2672 -50.8876 -48.7366 111.32
-178.137 -165.225 -47.7107 -50.5453 -48.4545 111.272
-178.389 -165.467 -47.1544 -50.2059 -48.1747 111.222
-178.64 -165.707 -46.5984 -49.8692 -47.8971 111.171
-178.888 -165.946 -46.0427 -49.5353 -47.6216 111.118
-179.135 -166.183 -45.4873 -49.2042 -47.3484 111.064
-179.38 -166.419 -44.9321 -48.8758 -47.0774 111.009
-179.624 -166.654 -44.3772 -48.5501 -46.8084 110.952
-179.866 -166.888 -43.8226 -48.227 -46.5416 110.894
-180.106 -167.12 -43.2682 -47.9065 -46.2769 110.835
-180.345 -167.35 -42.7142 -47.5887 -46.0143 110.774
-180.582 -167.58 -42.1605 -47.2734 -45.7537 110.712
-180.817 -167.808 -41.6071 -46.9606 -45.4952 110.649
-181.051 -168.035 -41.054 -46.6504 -45.2386 110.585
-181.284 -168.26 -40.5012 -46.3427 -44.9841 110.52
-181.515 -168.485 -39.9488 -46.0374 -44.7315 110.454
-181.744 -168.708 -39.3967 -45.7345 -44.4809 110.387
-181.972 -168.929 -38.8449 -45.4341 -44.2322 110.318
-182.199 -169.15 -38.2935 -45.136 -43.9854 110.249
-182.424 -169.369 -37.7424 -44.8403 -43.7405 110.179
-182.647 -169.587 -37.1917 -44.547 -43.4975 110.108
-182.869 -169.804 -36.6414 -44.2559 -43.2564 110.036
-183.09 -170.02 -36.0914 -43.9671 -43.017 109.963
-183.309 -170.234 -35.5417 -43.6806 -42.7795 109.889
-183.526 -170.448 -34.9925 -43.3963 -42.5438 109.815
-183.743 -170.66 -34.4436 -43.1143 -42.3099 109.739
-183.958 -170.871 -33.8951 -42.8344 -42.0777 109.663
-184.171 -171.081 -33.3469 -42.5567 -41.8473 109.586
-184.383 -171.289 -32.7992 -42.2811 -41.6186 109.509
-184.594 -171.497 -32.2519 -42.0076 -41.3915 109.43
-184.803 -171.703 -31.7049 -41.7362 -41.1662 109.351
-185.011 -171.908 -31.1583 -41.467 -40.9426 109.272
-185.218 -172.113 -30.6122 -41.1997 -40.7206 109.191
-185.423 -172.316 -30.0664 -40.9345 -40.5002 109.11
-185.627 -172.518 -29.5211 -40.6713 -40.2815 109.029
-185.83 -172.718 -28.9761 -40.4101 -40.0644 108.946
-186.031 -172.918 -28.4316 -40.1509 -39.8488 108.864
-186.231 -173.117 -27.8875 -39.8936 -39.6349 108.78
-186.43 -173.315 -27.3438 -39.6382 -39.4225 108.696
-186.628 -173.511 -26.8005 -39.3847 -39.2116 108.612
-186.824 -173.707 -26.2577 -39.1332 -39.0022 108.527
-187.019 -173.901 -25.7153 -38.8835 -38.7944 108.441
-187.213 -174.095 -25.1733 -38.6356 -38.588 108.356
-187.405 -174.287 -24.6317 -38.3896 -38.3832 108.269
-187.597 -174.478 -24.0906 -38.1453 -38.1798 108.182
-187.787 -174.669 -23.5499 -37.9029 -37.9778 108.095
-187.976 -174.858 -23.0096 -37.6622 -37.7773 108.007
-188.164 -175.047 -22.4698 -37.4233 -37.5782 107.919
-188.35 -175.234 -21.9305 -37.1861 -37.3805 107.831
-188.535 -175.42 -21.3915 -36.9507 -37.1842 107.742
-188.72 -175.606 -20.853 -36.7169 -36.9892 107.653
-188.903 -175.79 -20.315 -36.4849 -36.7957 107.563
-189.084 -175.974 -19.7774 -36.2545 -36.6035 107.473
-189.265 -176.156 -19.2403 -36.0257 -36.4126 107.383
-189.445 -176.338 -18.7036 -35.7986 -36.223 107.292
-189.623 -176.519 -18.1673 -35.573 -36.0348 107.201
-189.8 -176.698 -17.6316 -35.3491 -35.8478 107.11
-189.977 -176.877 -17.0962 -35.1268 -35.6621 107.019
-190.152 -177.055 -16.5614 -34.906 -35.4778 106.927
-190.326 -177.232 -16.027 -34.6868 -35.2946 106.835
-190.499 -177.408 -15.493 -34.4691 -35.1127 106.743
-190.67 -177.583 -14.9595 -34.253 -34.9321 106.65
-190.841 -177.757 -14.4265 -34.0383 -34.7526 106.557
-191.011 -177.931 -13.894 -33.8252 -34.5744 106.464
-191.179 -178.103 -13.3619 -33.6135 -34.3974 106.371
-191.347 -178.274 -12.8303 -33.4032 -34.2215 106.278
-191.513 -178.445 -12.2991 -33.1945 -34.0469 106.184
-191.679 -178.615 -11.7684 -32.9871 -33.8734 106.09
-191.843 -178.784 -11.2382 -32.7812 -33.701 105.996
-192.007 -178.952 -10.7085 -32.5766 -33.5298 105.902
-192.169 -179.119 -10.1792 -32.3735 -33.3597 105.808
-192.33 -179.286 -9.65037 -32.1717 -33.1908 105.713
-192.491 -179.451 -9.12204 -31.9713 -33.0229 105.619
-192.65 -179.616 -8.59418 -31.7722 -32.8562 105.524
-192.808 -179.78 -8.0668 -31.5745 -32.6905 105.429
-192.966 -179.943 -7.53989 -31.3781 -32.5259 105.334
-193.122 -180.105 -7.01346 -31.183 -32.3624 105.239
-193.278 -180.266 -6.4875 -30.9892 -32.1999 105.144
-193.432 -180.427 -5.96202 -30.7967 -32.0385 105.048
-193.586 -180.587 -5.43701 -30.6055 -31.8781 104.953
-193.738 -180.746 -4.91249 -30.4155 -31.7187 104.857
-193.89 -180.904 -4.38844 -30.2268 -31.5604 104.762
-194.04 -181.061 -3.86487 -30.0393 -31.4031 104.666
-194.19 -181.218 -3.34178 -29.853 -31.2467 104.57
-194.339 -181.374 -2.81917 -29.668 -31.0914 104.474
-194.487 -181.529 -2.29704 -29.4841 -30.937 104.378
-194.634 -181.683 -1.77538 -29.3015 -30.7836 104.282
-194.78 -181.837 -1.25421 -29.12 -30.6311 104.186
-194.925 -181.989 -0.733519 -28.9396 -30.4796 104.09
-195.069 -182.141 -0.213308 -28.7605 -30.3291 103.994
-195.213 -182.293 0.306423 -28.5825 -30.1795 103.898
-195.355 -182.443 0.825672 -28.4056 -30.0308 103.802
-195.497 -182.593 1.34444 -28.2298 -29.883 103.705
-195.637 -182.742 1.86273 -28.0552 -29.7361 103.609
-195.777 -182.89 2.38053 -27.8816 -29.5902 103.513
-195.916 -183.038 2.89786 -27.7092 -29.4451 103.417
-196.054 -183.185 3.4147 -27.5378 -29.3009 103.32
-196.192 -183.331 3.93106 -27.3675 -29.1576 103.224
-196.328 -183.476 4.44694 -27.1983 -29.0151 103.128
-196.464 -183.621 4.96233 -27.0301 -28.8735 103.031
-196.598 -183.765 5.47725 -26.863 -28.7328 102.935
-196.732 -183.908 5.99168 -26.6969 -28.5929 102.839
-196.865 -184.051 6.50563 -26.5318 -28.4538 102.742
-196.998 -184.193 7.0191 -26.3677 -28.3156 102.646
-197.129 -184.334 7.53209 -26.2047 -28.1782 102.55
-197.26 -184.475 8.0446 -26.0426 -28.0416 102.453
-197.389 -184.615 8.55663 -25.8816 -27.9058 102.357
-197.518 -184.754 9.06817 -25.7215 -27.7708 102.261
-197.647 -184.892 9.57924 -25.5623 -27.6366 102.165
-197.774 -185.03 10.0898 -25.4042 -27.5032 102.069
-197.901 -185.167 10.5999 -25.247 -27.3706 101.972
-198.026 -185.304 11.1095 -25.0907 -27.2387 101.876
-198.152 -185.44 11.6187 -24.9354 -27.1076 101.78
-198.276 -185.575 12.1273 -24.781 -26.9773 101.684
-198.399 -185.71 12.6355 -24.6275 -26.8477 101.588
-198.522 -185.843 13.1432 -24.4749 -26.7188 101.493
-198.644 -185.977 13.6505 -24.3233 -26.5907 101.397
-198.765 -186.109 14.1572 -24.1725 -26.4633 101.301
-198.886 -186.241 14.6635 -24.0226 -26.3367 101.205
-199.006 -186.373 15.1693 -23.8736 -26.2107 101.11
-199.125 -186.503 15.6746 -23.7255 -26.0855 101.014
-199.243 -186.634 16.1794 -23.5782 -25.961 100.919
-199.36 -186.763 16.6837 -23.4318 -25.8372 100.823
-199.477 -186.892 17.1876 -23.2863 -25.714 100.728
-199.593 -187.02 17.691 -23.1416 -25.5916 100.632
-199.709 -187.148 18.1939 -22.9977 -25.4699 100.537
-199.823 -187.275 18.6964 -22.8546 -25.3488 100.442
-199.937 -187.401 19.1984 -22.7124 -25.2284 100.347
-200.05 -187.527 19.6999 -22.571 -25.1086 100.252
-200.163 -187.652 20.2009 -22.4304 -24.9895 100.157
-200.275 -187.777 20.7014 -22.2906 -24.8711 100.062
-200.386 -187.901 21.2015 -22.1516 -24.7533 99.9675
-200.496 -188.025 21.7011 -22.0133 -24.6362 99.8729
-200.606 -188.148 22.2002 -21.8759 -24.5197 99.7783
-200.715 -188.27 22.6989 -21.7392 -24.4038 99.6838
-200.823 -188.392 23.1971 -21.6033 -24.2886 99.5895
-200.931 -188.513 23.6948 -21.4681 -24.1739 99.4952
-201.038 -188.633 24.192 -21.3337 -24.0599 99.401
-201.144 -188.753 24.6888 -21.2001 -23.9465 99.3069
-201.25 -188.873 25.1851 -21.0672 -23.8337 99.2129
-201.355 -188.992 25.6809 -20.935 -23.7216 99.119
-201.459 -189.11 26.1763 -20.8036 -23.61 99.0253
-201.563 -189.228 26.6712 -20.6729 -23.499 98.9316
-201.666 -189.345 27.1656 -20.5429 -23.3885 98.838
-201.768 -189.462 27.6596 -20.4136 -23.2787 98.7445
-201.87 -189.578 28.1531 -20.285 -23.1694 98.6511
-201.971 -189.693 28.6461 -20.1571 -23.0608 98.5579
-202.072 -189.808 29.1386 -20.0299 -22.9526 98.4647
-202.172 -189.923 29.6307 -19.9034 -22.8451 98.3717
-202.271 -190.037 30.1223 -19.7776 -22.7381 98.2787
-202.369 -190.15 30.6135 -19.6525 -22.6316 98.1859
-202.467 -190.263 31.1042 -19.528 -22.5257 98.0932
-202.565 -190.376 31.5944 -19.4042 -22.4204 98.0006
-202.661 -190.487 32.0842 -19.2811 -22.3155 97.9081
-202.757 -190.599 32.5735 -19.1586 -22.2113 97.8158
-202.853 -190.709 33.0624 -19.0368 -22.1075 97.7235
-202.948 -190.82 33.5508 -18.9156 -22.0043 97.6314
-203.042 -190.93 34.0387 -18.7951 -21.9016 97.5394
-203.136 -191.039 34.5262 -18.6751 -21.7994 97.4475
-203.229 -191.148 35.0132 -18.5559 -21.6978 97.3557
-203.321 -191.256 35.4997 -18.4372 -21.5966 97.264
-203.413 -191.363 35.9858 -18.3192 -21.496 97.1725
-203.504 -191.471 36.4714 -18.2018 -21.3958 97.0811
-203.595 -191.577 36.9566 -18.085 -21.2962 96.9898
-203.685 -191.684 37.4413 -17.9688 -21.197 96.8986
-203.775 -191.789 37.9256 -17.8532 -21.0984 96.8076
-203.864 -191.895 38.4094 -17.7382 -21.0002 96.7166
-203.952 -191.999 38.8928 -17.6238 -20.9025 96.6258
-204.04 -192.104 39.3757 -17.51 -20.8053 96.5352
-204.127 -192.207 39.8581 -17.3967 -20.7085 96.4446
-204.214 -192.311 40.3401 -17.2841 -20.6123 96.3542
-204.3 -192.414 40.8217 -17.172 -20.5165 96.2639
-204.386 -192.516 41.3028 -17.0605 -20.4212 96.1737
-204.471 -192.618 41.7834 -16.9495 -20.3263 96.0837
-204.555 -192.719 42.2636 -16.8391 -20.2319 95.9938
-204.639 -192.82 42.7433 -16.7293 -20.1379 95.904
-204.723 -192.921 43.2226 -16.62 -20.0444 95.8144
-204.805 -193.021 43.7015 -16.5113 -19.9514 95.7248
-204.888 -193.12 44.1799 -16.4031 -19.8588 95.6354
-204.969 -193.219 44.6578 -16.2955 -19.7666 95.5462
-205.051 -193.318 45.1353 -16.1884 -19.6748 95.457
-205.131 -193.416 45.6124 -16.0818 -19.5835 95.368
-205.211 -193.514 46.089 -15.9758 -19.4927 95.2792
-205.291 -193.611 46.5652 -15.8702 -19.4022 95.1904
