75 0 100 0 0 -49
74.9999 -4.17588e-05 99.7549 -0.0414296 -0.016714 -49.0479
74.9996 -0.000167212 99.5095 -0.0829417 -0.0334778 -49.0959
74.9991 -0.000376609 99.2639 -0.124537 -0.0502916 -49.1439
74.9983 -0.000670201 99.0181 -0.166215 -0.0671556 -49.1919
74.9974 -0.00104824 98.772 -0.207976 -0.08407 -49.2399
74.9963 -0.00151097 98.5257 -0.249821 -0.101035 -49.288
74.9949 -0.00205866 98.2791 -0.29175 -0.11805 -49.3361
74.9933 -0.00269155 98.0323 -0.333764 -0.135116 -49.3842
74.9916 -0.00340989 97.7853 -0.375862 -0.152233 -49.4324
74.9896 -0.00421396 97.538 -0.418044 -0.169402 -49.4805
74.9874 -0.00510399 97.2905 -0.460312 -0.186621 -49.5288
74.985 -0.00608024 97.0427 -0.502665 -0.203892 -49.577
74.9824 -0.00714298 96.7947 -0.545104 -0.221214 -49.6253
74.9795 -0.00829246 96.5465 -0.587629 -0.238589 -49.6736
74.9765 -0.00952894 96.298 -0.63024 -0.256015 -49.7219
74.9732 -0.0108527 96.0492 -0.672938 -0.273493 -49.7703
74.9698 -0.0122639 95.8003 -0.715722 -0.291023 -49.8187
74.9661 -0.013763 95.5511 -0.758594 -0.308606 -49.8671
74.9622 -0.0153501 95.3016 -0.801553 -0.326241 -49.9156
74.9581 -0.0170255 95.0519 -0.8446 -0.343929 -49.964
74.9537 -0.0187894 94.802 -0.887736 -0.361669 -50.0125
74.9492 -0.0206422 94.5518 -0.930959 -0.379463 -50.0611
74.9444 -0.0225841 94.3013 -0.974271 -0.39731 -50.1097
74.9394 -0.0246154 94.0507 -1.01767 -0.41521 -50.1583
74.9342 -0.0267363 93.7998 -1.06116 -0.433163 -50.2069
74.9288 -0.0289471 93.5486 -1.10474 -0.451171 -50.2556
74.9232 -0.0312481 93.2972 -1.14841 -0.469232 -50.3042
74.9173 -0.0336395 93.0456 -1.19217 -0.487347 -50.353
74.9113 -0.0361216 92.7937 -1.23602 -0.505516 -50.4017
74.905 -0.0386947 92.5415 -1.27997 -0.523739 -50.4505
74.8985 -0.0413591 92.2892 -1.324 -0.542017 -50.4993
74.8917 -0.044115 92.0366 -1.36812 -0.56035 -50.5481
74.8848 -0.0469627 91.7837 -1.41234 -0.578737 -50.597
74.8776 -0.0499024 91.5306 -1.45665 -0.59718 -50.6459
74.8702 -0.0529345 91.2772 -1.50105 -0.615677 -50.6948
74.8626 -0.0560593 91.0236 -1.54554 -0.63423 -50.7438
74.8548 -0.0592769 90.7698 -1.59013 -0.652838 -50.7928
74.8467 -0.0625877 90.5157 -1.63481 -0.671502 -50.8418
74.8384 -0.065992 90.2614 -1.67958 -0.690222 -50.8909
74.8299 -0.06949 90.0068 -1.72445 -0.708998 -50.9399
74.8212 -0.0730821 89.752 -1.76941 -0.727829 -50.989
74.8122 -0.0767684 89.4969 -1.81447 -0.746718 -51.0382
74.803 -0.0805493 89.2416 -1.85962 -0.765662 -51.0873
74.7936 -0.0844251 88.986 -1.90487 -0.784664 -51.1365
74.784 -0.088396 88.7302 -1.95021 -0.803722 -51.1858
74.7741 -0.0924624 88.4742 -1.99565 -0.822837 -51.235
74.764 -0.0966245 88.2179 -2.04119 -0.84201 -51.2843
74.7537 -0.100883 87.9613 -2.08682 -0.86124 -51.3336
74.7432 -0.105237 87.7045 -2.13255 -0.880527 -51.383
74.7324 -0.109688 87.4475 -2.17838 -0.899872 -51.4324
74.7214 -0.114236 87.1902 -2.2243 -0.919275 -51.4818
74.7101 -0.118881 86.9327 -2.27033 -0.938736 -51.5312
74.6987 -0.123623 86.6749 -2.31645 -0.958256 -51.5807
74.687 -0.128463 86.4169 -2.36267 -0.977834 -51.6302
74.675 -0.133402 86.1586 -2.40899 -0.99747 -51.6797
74.6629 -0.138438 85.9001 -2.45541 -1.01717 -51.7293
74.6505 -0.143573 85.6413 -2.50193 -1.03692 -51.7788
74.6379 -0.148807 85.3823 -2.54855 -1.05673 -51.8285
74.625 -0.154141 85.123 -2.59527 -1.07661 -51.8781
74.6119 -0.159574 84.8635 -2.64209 -1.09654 -51.9278
74.5986 -0.165106 84.6037 -2.68901 -1.11653 -51.9775
74.585 -0.170739 84.3437 -2.73604 -1.13658 -52.0272
74.5712 -0.176472 84.0835 -2.78316 -1.15669 -52.077
74.5572 -0.182306 83.823 -2.83039 -1.17687 -52.1268
74.5429 -0.188241 83.5622 -2.87772 -1.1971 -52.1766
74.5284 -0.194277 83.3012 -2.92516 -1.21739 -52.2265
74.5137 -0.200415 83.0399 -2.9727 -1.23775 -52.2764
74.4987 -0.206655 82.7784 -3.02034 -1.25816 -52.3263
74.4835 -0.212997 82.5167 -3.06808 -1.27864 -52.3763
74.468 -0.219441 82.2547 -3.11594 -1.29918 -52.4262
74.4523 -0.225988 81.9924 -3.16389 -1.31978 -52.4763
74.4364 -0.232639 81.7299 -3.21195 -1.34044 -52.5263
74.4202 -0.239393 81.4672 -3.26012 -1.36116 -52.5764
74.4038 -0.246251 81.2041 -3.30839 -1.38195 -52.6265
74.3871 -0.253212 80.9409 -3.35677 -1.40279 -52.6766
74.3702 -0.260279 80.6774 -3.40526 -1.4237 -52.7268
74.353 -0.26745 80.4136 -3.45385 -1.44468 -52.777
74.3357 -0.274725 80.1496 -3.50256 -1.46571 -52.8272
74.318 -0.282107 79.8854 -3.55137 -1.48681 -52.8774
74.3001 -0.289594 79.6208 -3.60028 -1.50798 -52.9277
74.282 -0.297187 79.3561 -3.64931 -1.5292 -52.978
74.2636 -0.304886 79.0911 -3.69845 -1.55049 -53.0284
74.245 -0.312692 78.8258 -3.7477 -1.57185 -53.0787
74.2262 -0.320604 78.5603 -3.79705 -1.59326 -53.1291
74.2071 -0.328624 78.2945 -3.84652 -1.61475 -53.1796
74.1877 -0.336752 78.0285 -3.8961 -1.63629 -53.23
74.1681 -0.344987 77.7622 -3.94579 -1.65791 -53.2805
74.1482 -0.353331 77.4957 -3.99559 -1.67958 -53.3311
74.1281 -0.361783 77.2289 -4.0455 -1.70132 -53.3816
74.1078 -0.370344 76.9619 -4.09553 -1.72313 -53.4322
74.0872 -0.379015 76.6946 -4.14566 -1.745 -53.4828
74.0663 -0.387794 76.427 -4.19592 -1.76694 -53.5335
74.0452 -0.396684 76.1592 -4.24628 -1.78895 -53.5842
74.0239 -0.405684 75.8912 -4.29676 -1.81102 -53.6349
74.0023 -0.414794 75.6229 -4.34736 -1.83316 -53.6856
73.9804 -0.424016 75.3543 -4.39806 -1.85536 -53.7364
73.9583 -0.433348 75.0855 -4.44889 -1.87763 -53.7872
73.9359 -0.442792 74.8165 -4.49983 -1.89997 -53.838
73.9133 -0.452348 74.5471 -4.55089 -1.92238 -53.8889
73.8904 -0.462016 74.2776 -4.60206 -1.94485 -53.9397
73.8673 -0.471796 74.0077 -4.65335 -1.96739 -53.9907
73.8439 -0.48169 73.7377 -4.70476 -1.99 -54.0416
73.8202 -0.491697 73.4673 -4.75629 -2.01268 -54.0926
73.7963 -0.501817 73.1967 -4.80793 -2.03542 -54.1436
73.7721 -0.512051 72.9259 -4.8597 -2.05824 -54.1947
73.7477 -0.522399 72.6548 -4.91158 -2.08112 -54.2457
73.723 -0.532862 72.3834 -4.96358 -2.10407 -54.2968
73.6981 -0.54344 72.1118 -5.01571 -2.12709 -54.348
73.6729 -0.554133 71.84 -5.06795 -2.15018 -54.3991
73.6474 -0.564942 71.5678 -5.12032 -2.17334 -54.4503
73.6217 -0.575867 71.2954 -5.1728 -2.19657 -54.5015
73.5957 -0.586908 71.0228 -5.22541 -2.21987 -54.5528
73.5694 -0.598065 70.7499 -5.27814 -2.24325 -54.6041
73.5429 -0.60934 70.4768 -5.331 -2.26669 -54.6554
73.5161 -0.620732 70.2034 -5.38398 -2.2902 -54.7067
73.489 -0.632242 69.9297 -5.43708 -2.31379 -54.7581
73.4617 -0.64387 69.6558 -5.49031 -2.33744 -54.8095
73.4341 -0.655617 69.3816 -5.54366 -2.36117 -54.861
73.4063 -0.667482 69.1072 -5.59713 -2.38497 -54.9124
73.3782 -0.679467 68.8325 -5.65074 -2.40884 -54.9639
73.3498 -0.691571 68.5575 -5.70446 -2.43278 -55.0154
73.3211 -0.703794 68.2823 -5.75832 -2.4568 -55.067
73.2922 -0.716139 68.0069 -5.8123 -2.48089 -55.1186
73.263 -0.728603 67.7311 -5.86641 -2.50505 -55.1702
73.2335 -0.741189 67.4552 -5.92065 -2.52929 -55.2219
73.2038 -0.753896 67.1789 -5.97502 -2.5536 -55.2735
73.1738 -0.766725 66.9024 -6.02951 -2.57798 -55.3252
73.1435 -0.779676 66.6257 -6.08414 -2.60244 -55.377
73.1129 -0.79275 66.3487 -6.1389 -2.62697 -55.4287
73.0821 -0.805946 66.0714 -6.19378 -2.65157 -55.4805
73.051 -0.819266 65.7939 -6.2488 -2.67625 -55.5324
73.0196 -0.832709 65.5161 -6.30395 -2.70101 -55.5842
72.988 -0.846276 65.238 -6.35923 -2.72584 -55.6361
72.956 -0.859967 64.9597 -6.41465 -2.75075 -55.688
72.9238 -0.873783 64.6811 -6.47019 -2.77573 -55.74
72.8913 -0.887725 64.4023 -6.52588 -2.80079 -55.792
72.8586 -0.901791 64.1232 -6.58169 -2.82593 -55.844
72.8255 -0.915984 63.8439 -6.63764 -2.85114 -55.896
72.7922 -0.930303 63.5643 -6.69373 -2.87643 -55.9481
72.7586 -0.944748 63.2844 -6.74995 -2.9018 -56.0002
72.7247 -0.959321 63.0042 -6.80631 -2.92724 -56.0523
72.6905 -0.974021 62.7239 -6.8628 -2.95276 -56.1045
72.6561 -0.988849 62.4432 -6.91943 -2.97836 -56.1567
72.6213 -1.0038 62.1623 -6.9762 -3.00404 -56.2089
72.5863 -1.01889 61.8811 -7.03311 -3.0298 -56.2611
72.551 -1.0341 61.5997 -7.09016 -3.05563 -56.3134
72.5154 -1.04945 61.318 -7.14734 -3.08155 -56.3657
72.4795 -1.06492 61.036 -7.20467 -3.10754 -56.4181
72.4433 -1.08052 60.7538 -7.26214 -3.13362 -56.4704
72.4069 -1.09625 60.4713 -7.31974 -3.15977 -56.5228
72.3701 -1.11212 60.1886 -7.37749 -3.18601 -56.5753
72.3331 -1.12811 59.9056 -7.43538 -3.21232 -56.6277
72.2958 -1.14424 59.6223 -7.49342 -3.23872 -56.6802
72.2582 -1.1605 59.3388 -7.5516 -3.2652 -56.7327
72.2203 -1.17689 59.055 -7.60992 -3.29176 -56.7853
72.1821 -1.19342 58.7709 -7.66839 -3.3184 -56.8378
72.1436 -1.21008 58.4866 -7.727 -3.34512 -56.8904
72.1048 -1.22687 58.202 -7.78575 -3.37192 -56.9431
72.0657 -1.2438 57.9172 -7.84466 -3.39881 -56.9958
72.0264 -1.26086 57.632 -7.90371 -3.42578 -57.0484
71.9867 -1.27806 57.3467 -7.96291 -3.45284 -57.1012
71.9467 -1.29539 57.061 -8.02225 -3.47998 -57.1539
71.9065 -1.31286 56.7751 -8.08174 -3.5072 -57.2067
71.8659 -1.33046 56.489 -8.14139 -3.5345 -57.2595
71.8251 -1.3482 56.2025 -8.20118 -3.56189 -57.3124
71.7839 -1.36608 55.9158 -8.26112 -3.58937 -57.3652
71.7425 -1.38409 55.6289 -8.32122 -3.61693 -57.4181
71.7007 -1.40225 55.3417 -8.38146 -3.64457 -57.4711
71.6586 -1.42054 55.0542 -8.44186 -3.67231 -57.524
71.6163 -1.43897 54.7664 -8.50241 -3.70012 -57.577
71.5736 -1.45754 54.4784 -8.56311 -3.72803 -57.63
71.5306 -1.47625 54.1901 -8.62397 -3.75602 -57.6831
71.4874 -1.4951 53.9016 -8.68498 -3.7841 -57.7361
71.4438 -1.51409 53.6128 -8.74615 -3.81226 -57.7893
71.3999 -1.53322 53.3237 -8.80747 -3.84052 -57.8424
71.3557 -1.5525 53.0343 -8.86895 -3.86886 -57.8955
71.3112 -1.57191 52.7447 -8.93059 -3.89729 -57.9487
71.2664 -1.59147 52.4549 -8.99238 -3.92581 -58.002
71.2213 -1.61117 52.1647 -9.05433 -3.95441 -58.0552
71.1759 -1.63101 51.8743 -9.11644 -3.98311 -58.1085
71.1301 -1.651 51.5836 -9.17871 -4.0119 -58.1618
71.0841 -1.67113 51.2927 -9.24114 -4.04078 -58.2151
71.0377 -1.69141 51.0015 -9.30373 -4.06974 -58.2685
70.991 -1.71183 50.71 -9.36649 -4.0988 -58.3219
70.9441 -1.7324 50.4183 -9.4294 -4.12795 -58.3753
70.8968 -1.75311 50.1262 -9.49248 -4.15719 -58.4287
70.8491 -1.77397 49.834 -9.55572 -4.18652 -58.4822
70.8012 -1.79498 49.5414 -9.61913 -4.21595 -58.5357
70.7529 -1.81613 49.2486 -9.6827 -4.24547 -58.5892
70.7044 -1.83743 48.9555 -9.74643 -4.27508 -58.6428
70.6555 -1.85888 48.6622 -9.81034 -4.30478 -58.6964
70.6063 -1.88048 48.3686 -9.87441 -4.33458 -58.75
70.5567 -1.90223 48.0747 -9.93864 -4.36447 -58.8037
70.5069 -1.92412 47.7805 -10.003 -4.39446 -58.8573
70.4567 -1.94617 47.4861 -10.0676 -4.42454 -58.911
70.4062 -1.96837 47.1914 -10.1324 -4.45472 -58.9647
70.3554 -1.99072 46.8965 -10.1973 -4.48499 -59.0185
70.3042 -2.01322 46.6012 -10.2624 -4.51536 -59.0723
70.2528 -2.03587 46.3057 -10.3276 -4.54582 -59.1261
70.201 -2.05868 46.01 -10.393 -4.57638 -59.1799
70.1488 -2.08164 45.7139 -10.4586 -4.60704 -59.2338
70.0964 -2.10475 45.4176 -10.5244 -4.6378 -59.2877
70.0436 -2.12801 45.1211 -10.5904 -4.66865 -59.3416
69.9905 -2.15143 44.8242 -10.6565 -4.6996 -59.3955
69.937 -2.17501 44.5271 -10.7228 -4.73065 -59.4495
69.8832 -2.19874 44.2297 -10.7893 -4.7618 -59.5035
69.8291 -2.22263 43.9321 -10.8559 -4.79305 -59.5575
69.7747 -2.24667 43.6341 -10.9228 -4.8244 -59.6116
69.7199 -2.27087 43.336 -10.9898 -4.85585 -59.6656
69.6648 -2.29523 43.0375 -11.057 -4.8874 -59.7197
69.6093 -2.31975 42.7388 -11.1243 -4.91905 -59.7739
69.5535 -2.34442 42.4398 -11.1919 -4.9508 -59.828
69.4974 -2.36925 42.1405 -11.2596 -4.98266 -59.8822
69.4409 -2.39425 41.8409 -11.3276 -5.01462 -59.9364
69.3841 -2.4194 41.5411 -11.3957 -5.04668 -59.9906
69.327 -2.44471 41.241 -11.4639 -5.07884 -60.0449
69.2695 -2.47019 40.9407 -11.5324 -5.11111 -60.0992
69.2117 -2.49583 40.64 -11.6011 -5.14348 -60.1535
69.1535 -2.52162 40.3391 -11.6699 -5.17595 -60.2078
69.095 -2.54759 40.038 -11.739 -5.20853 -60.2622
69.0361 -2.57371 39.7365 -11.8082 -5.24122 -60.3166
68.9769 -2.6 39.4348 -11.8776 -5.27401 -60.371
68.9173 -2.62645 39.1328 -11.9472 -5.30691 -60.4254
68.8574 -2.65307 38.8305 -12.017 -5.33992 -60.4799
68.7971 -2.67985 38.528 -12.0869 -5.37303 -60.5343
68.7365 -2.7068 38.2252 -12.1571 -5.40625 -60.5889
68.6756 -2.73391 37.9221 -12.2275 -5.43957 -60.6434
68.6143 -2.76119 37.6188 -12.298 -5.47301 -60.6979
68.5526 -2.78864 37.3151 -12.3688 -5.50656 -60.7525
68.4906 -2.81626 37.0112 -12.4398 -5.54021 -60.8071
68.4282 -2.84404 36.7071 -12.5109 -5.57398 -60.8617
68.3655 -2.872 36.4026 -12.5822 -5.60785 -60.9164
68.3024 -2.90012 36.0979 -12.6538 -5.64184 -60.9711
68.2389 -2.92842 35.7929 -12.7255 -5.67593 -61.0258
68.1751 -2.95688 35.4876 -12.7975 -5.71014 -61.0805
68.111 -2.98552 35.1821 -12.8696 -5.74446 -61.1352
68.0464 -3.01433 34.8763 -12.9419 -5.7789 -61.19
67.9815 -3.04331 34.5702 -13.0145 -5.81345 -61.2448
67.9163 -3.07246 34.2638 -13.0872 -5.84811 -61.2996
67.8507 -3.10179 33.9572 -13.1602 -5.88288 -61.3544
67.7847 -3.13129 33.6503 -13.2334 -5.91777 -61.4092
67.7183 -3.16097 33.3431 -13.3067 -5.95278 -61.4641
67.6516 -3.19082 33.0357 -13.3803 -5.9879 -61.519
67.5845 -3.22085 32.7279 -13.4541 -6.02313 -61.5739
67.5171 -3.25105 32.4199 -13.528 -6.05849 -61.6289
67.4492 -3.28143 32.1116 -13.6022 -6.09396 -61.6838
67.381 -3.31199 31.8031 -13.6767 -6.12955 -61.7388
67.3125 -3.34273 31.4942 -13.7513 -6.16526 -61.7938
67.2435 -3.37364 31.1851 -13.8261 -6.20108 -61.8488
67.1742 -3.40474 30.8758 -13.9011 -6.23703 -61.9039
67.1045 -3.43601 30.5661 -13.9764 -6.27309 -61.9589
67.0345 -3.46747 30.2562 -14.0519 -6.30928 -62.014
66.964 -3.49911 29.946 -14.1276 -6.34558 -62.0691
66.8932 -3.53092 29.6355 -14.2035 -6.38201 -62.1242
66.822 -3.56293 29.3247 -14.2796 -6.41856 -62.1793
66.7504 -3.59511 29.0137 -14.3559 -6.45523 -62.2345
66.6784 -3.62748 28.7024 -14.4325 -6.49202 -62.2897
66.6061 -3.66003 28.3908 -14.5093 -6.52894 -62.3449
66.5333 -3.69277 28.0789 -14.5863 -6.56598 -62.4001
66.4602 -3.72569 27.7668 -14.6635 -6.60315 -62.4553
66.3867 -3.7588 27.4544 -14.741 -6.64044 -62.5105
66.3128 -3.79209 27.1417 -14.8186 -6.67786 -62.5658
66.2385 -3.82558 26.8287 -14.8965 -6.7154 -62.6211
66.1638 -3.85925 26.5155 -14.9747 -6.75307 -62.6764
66.0887 -3.89311 26.2019 -15.053 -6.79087 -62.7317
66.0133 -3.92716 25.8882 -15.1316 -6.8288 -62.787
65.9374 -3.9614 25.5741 -15.2104 -6.86685 -62.8424
65.8612 -3.99583 25.2597 -15.2895 -6.90503 -62.8977
65.7845 -4.03045 24.9451 -15.3688 -6.94335 -62.9531
65.7075 -4.06526 24.6302 -15.4483 -6.98179 -63.0085
65.6301 -4.10027 24.315 -15.528 -7.02036 -63.0639
65.5522 -4.13546 23.9996 -15.608 -7.05907 -63.1193
65.474 -4.17086 23.6838 -15.6882 -7.0979 -63.1748
65.3953 -4.20644 23.3678 -15.7687 -7.13687 -63.2302
65.3163 -4.24222 23.0515 -15.8494 -7.17598 -63.2857
65.2368 -4.2782 22.735 -15.9303 -7.21521 -63.3412
65.157 -4.31438 22.4181 -16.0115 -7.25458 -63.3966
65.0767 -4.35075 22.101 -16.0929 -7.29409 -63.4521
64.9961 -4.38732 21.7836 -16.1745 -7.33373 -63.5077
64.915 -4.42409 21.4659 -16.2564 -7.3735 -63.5632
64.8335 -4.46105 21.148 -16.3386 -7.41342 -63.6187
64.7516 -4.49822 20.8297 -16.421 -7.45347 -63.6743
64.6693 -4.53559 20.5112 -16.5036 -7.49365 -63.7298
64.5866 -4.57316 20.1924 -16.5865 -7.53398 -63.7854
64.5034 -4.61093 19.8734 -16.6696 -7.57445 -63.841
64.4199 -4.6489 19.554 -16.753 -7.61505 -63.8966
64.3359 -4.68708 19.2344 -16.8367 -7.6558 -63.9522
64.2515 -4.72546 18.9145 -16.9206 -7.69668 -64.0078
64.1667 -4.76405 18.5943 -17.0047 -7.73771 -64.0634
64.0814 -4.80284 18.2739 -17.0891 -7.77888 -64.119
63.9958 -4.84183 17.9531 -17.1738 -7.82019 -64.1747
63.9097 -4.88104 17.6321 -17.2587 -7.86165 -64.2303
63.8232 -4.92045 17.3108 -17.3439 -7.90325 -64.286
63.7363 -4.96007 16.9893 -17.4293 -7.94499 -64.3416
63.6489 -4.9999 16.6674 -17.515 -7.98688 -64.3973
63.5611 -5.03994 16.3453 -17.601 -8.02891 -64.453
63.4729 -5.08019 16.0229 -17.6872 -8.07109 -64.5087
63.3842 -5.12065 15.7002 -17.7737 -8.11342 -64.5643
63.2952 -5.16132 15.3772 -17.8604 -8.1559 -64.62
63.2056 -5.20221 15.054 -17.9474 -8.19852 -64.6757
63.1157 -5.24331 14.7305 -18.0347 -8.24129 -64.7314
63.0253 -5.28462 14.4067 -18.1223 -8.28422 -64.7871
62.9345 -5.32615 14.0826 -18.2101 -8.32729 -64.8428
62.8432 -5.3679 13.7583 -18.2982 -8.37051 -64.8986
62.7515 -5.40986 13.4336 -18.3866 -8.41389 -64.9543
62.6593 -5.45204 13.1087 -18.4752 -8.45741 -65.01
62.5667 -5.49443 12.7835 -18.5641 -8.50109 -65.0657
62.4737 -5.53705 12.4581 -18.6533 -8.54492 -65.1214
62.3802 -5.57988 12.1323 -18.7428 -8.58891 -65.1772
62.2863 -5.62294 11.8063 -18.8325 -8.63306 -65.2329
62.1919 -5.66621 11.48 -18.9226 -8.67735 -65.2886
62.097 -5.70971 11.1534 -19.0129 -8.72181 -65.3443
62.0017 -5.75343 10.8265 -19.1035 -8.76642 -65.4
61.906 -5.79737 10.4994 -19.1944 -8.81119 -65.4557
61.8098 -5.84154 10.172 -19.2855 -8.85612 -65.5115
61.7131 -5.88593 9.84428 -19.377 -8.90121 -65.5672
61.616 -5.93055 9.5163 -19.4687 -8.94646 -65.6229
61.5185 -5.9754 9.18805 -19.5607 -8.99187 -65.6786
61.4204 -6.02047 8.85952 -19.653 -9.03744 -65.7343
61.3219 -6.06577 8.53071 -19.7456 -9.08317 -65.79
61.223 -6.1113 8.20162 -19.8385 -9.12907 -65.8457
61.1235 -6.15706 7.87225 -19.9317 -9.17513 -65.9013
61.0236 -6.20306 7.5426 -20.0252 -9.22135 -65.957
60.9233 -6.24928 7.21268 -20.119 -9.26775 -66.0127
60.8225 -6.29573 6.88248 -20.2131 -9.31431 -66.0683
60.7212 -6.34242 6.552 -20.3074 -9.36103 -66.124
60.6194 -6.38934 6.22124 -20.4021 -9.40792 -66.1796
60.5171 -6.4365 5.8902 -20.4971 -9.45499 -66.2353
60.4144 -6.48389 5.55888 -20.5924 -9.50222 -66.2909
60.3112 -6.53152 5.22729 -20.688 -9.54962 -66.3465
60.2075 -6.57939 4.89542 -20.7839 -9.5972 -66.4021
60.1034 -6.6275 4.56327 -20.8801 -9.64495 -66.4577
59.9987 -6.67584 4.23084 -20.9766 -9.69287 -66.5132
59.8936 -6.72442 3.89814 -21.0734 -9.74096 -66.5688
59.788 -6.77325 3.56515 -21.1705 -9.78923 -66.6243
59.6819 -6.82232 3.23189 -21.268 -9.83767 -66.6798
59.5753 -6.87163 2.89836 -21.3657 -9.88629 -66.7354
59.4682 -6.92118 2.56454 -21.4638 -9.93509 -66.7908
59.3607 -6.97098 2.23045 -21.5622 -9.98407 -66.8463
59.2526 -7.02102 1.89608 -21.6609 -10.0332 -66.9018
59.1441 -7.07131 1.56143 -21.7599 -10.0826 -66.9572
59.035 -7.12185 1.22651 -21.8593 -10.1321 -67.0126
58.9255 -7.17263 0.891304 -21.9589 -10.1818 -67.068
58.8154 -7.22366 0.555826 -22.0589 -10.2317 -67.1234
58.7049 -7.27495 0.22007 -22.1593 -10.2817 -67.1787
58.5938 -7.32648 -0.115962 -22.2599 -10.332 -67.234
58.4823 -7.37827 -0.45227 -22.3609 -10.3824 -67.2893
58.3702 -7.43031 -0.788855 -22.4622 -10.433 -67.3446
58.2577 -7.4826 -1.12572 -22.5639 -10.4838 -67.3998
58.1446 -7.53514 -1.46285 -22.6658 -10.5348 -67.4551
58.031 -7.58795 -1.80027 -22.7682 -10.586 -67.5103
57.9169 -7.641 -2.13796 -22.8708 -10.6374 -67.5654
57.8023 -7.69432 -2.47592 -22.9738 -10.6889 -67.6205
57.6872 -7.74789 -2.81416 -23.0771 -10.7407 -67.6757
57.5715 -7.80173 -3.15268 -23.1808 -10.7927 -67.7307
57.4554 -7.85582 -3.49147 -23.2848 -10.8448 -67.7858
57.3387 -7.91017 -3.83053 -23.3892 -10.8971 -67.8408
57.2215 -7.96479 -4.16988 -23.4939 -10.9497 -67.8957
57.1037 -8.01967 -4.50949 -23.599 -11.0024 -67.9507
56.9855 -8.07482 -4.84938 -23.7044 -11.0553 -68.0056
56.8667 -8.13022 -5.18955 -23.8101 -11.1084 -68.0604
56.7474 -8.1859 -5.52999 -23.9162 -11.1618 -68.1153
56.6275 -8.24184 -5.8707 -24.0227 -11.2153 -68.17
56.5072 -8.29805 -6.21169 -24.1295 -11.269 -68.2248
56.3862 -8.35453 -6.55295 -24.2367 -11.3229 -68.2795
56.2648 -8.41128 -6.89448 -24.3443 -11.3771 -68.3341
56.1428 -8.4683 -7.23629 -24.4522 -11.4314 -68.3888
56.0203 -8.5256 -7.57837 -24.5605 -11.486 -68.4433
55.8972 -8.58316 -7.92072 -24.6691 -11.5407 -68.4979
55.7736 -8.641 -8.26335 -24.7781 -11.5957 -68.5523
55.6494 -8.69912 -8.60625 -24.8875 -11.6508 -68.6068
55.5247 -8.75751 -8.94942 -24.9972 -11.7062 -68.6611
55.3994 -8.81618 -9.29286 -25.1073 -11.7618 -68.7155
55.2736 -8.87513 -9.63657 -25.2178 -11.8176 -68.7698
55.1473 -8.93436 -9.98056 -25.3287 -11.8736 -68.824
55.0203 -8.99387 -10.3248 -25.4399 -11.9298 -68.8782
54.8929 -9.05366 -10.6693 -25.5515 -11.9862 -68.9323
54.7648 -9.11373 -11.0141 -25.6635 -12.0429 -68.9864
54.6362 -9.17408 -11.3592 -25.7759 -12.0998 -69.0404
54.5071 -9.23473 -11.7045 -25.8887 -12.1568 -69.0943
54.3773 -9.29565 -12.0501 -26.0019 -12.2141 -69.1482
54.247 -9.35687 -12.396 -26.1154 -12.2717 -69.202
54.1162 -9.41837 -12.7422 -26.2293 -12.3294 -69.2558
53.9848 -9.48016 -13.0886 -26.3437 -12.3874 -69.3095
53.8528 -9.54224 -13.4353 -26.4584 -12.4456 -69.3631
53.7202 -9.60462 -13.7822 -26.5735 -12.504 -69.4167
53.587 -9.66728 -14.1294 -26.689 -12.5626 -69.4702
53.4533 -9.73024 -14.4769 -26.8049 -12.6215 -69.5236
53.319 -9.7935 -14.8247 -26.9213 -12.6806 -69.577
53.1841 -9.85705 -15.1727 -27.038 -12.7399 -69.6303
53.0486 -9.9209 -15.521 -27.1551 -12.7995 -69.6835
52.9125 -9.98505 -15.8695 -27.2727 -12.8593 -69.7367
52.7759 -10.0495 -16.2183 -27.3906 -12.9193 -69.7897
52.6386 -10.1142 -16.5674 -27.509 -12.9796 -69.8427
52.5008 -10.1793 -16.9168 -27.6277 -13.04 -69.8956
52.3623 -10.2446 -17.2664 -27.7469 -13.1008 -69.9484
52.2233 -10.3103 -17.6162 -27.8665 -13.1617 -70.0012
52.0837 -10.3763 -17.9664 -27.9866 -13.2229 -70.0539
51.9434 -10.4425 -18.3168 -28.107 -13.2844 -70.1064
51.8026 -10.5091 -18.6674 -28.2279 -13.3461 -70.1589
51.6612 -10.576 -19.0184 -28.3492 -13.408 -70.2113
51.5191 -10.6432 -19.3696 -28.4709 -13.4702 -70.2636
51.3764 -10.7107 -19.721 -28.5931 -13.5326 -70.3158
51.2332 -10.7785 -20.0727 -28.7156 -13.5952 -70.368
51.0893 -10.8466 -20.4247 -28.8387 -13.6581 -70.42
50.9448 -10.9151 -20.7769 -28.9621 -13.7213 -70.4719
50.7997 -10.9839 -21.1294 -29.086 -13.7847 -70.5238
50.6539 -11.0529 -21.4822 -29.2104 -13.8484 -70.5755
50.5076 -11.1223 -21.8352 -29.3351 -13.9123 -70.6271
50.3606 -11.1921 -22.1884 -29.4604 -13.9764 -70.6786
50.213 -11.2621 -22.5419 -29.586 -14.0408 -70.7301
50.0647 -11.3325 -22.8957 -29.7122 -14.1055 -70.7814
49.9158 -11.4032 -23.2498 -29.8387 -14.1705 -70.8326
49.7663 -11.4742 -23.6041 -29.9657 -14.2357 -70.8837
49.6162 -11.5455 -23.9586 -30.0932 -14.3011 -70.9346
49.4654 -11.6172 -24.3134 -30.2212 -14.3668 -70.9855
49.314 -11.6892 -24.6685 -30.3496 -14.4328 -71.0362
49.1619 -11.7615 -25.0238 -30.4784 -14.499 -71.0869
49.0092 -11.8342 -25.3793 -30.6078 -14.5656 -71.1374
48.8558 -11.9072 -25.7351 -30.7375 -14.6323 -71.1877
48.7018 -11.9805 -26.0912 -30.8678 -14.6994 -71.238
48.5471 -12.0542 -26.4475 -30.9985 -14.7667 -71.2881
48.3918 -12.1282 -26.8041 -31.1297 -14.8343 -71.3381
48.2358 -12.2025 -27.1609 -31.2614 -14.9021 -71.3879
48.0792 -12.2772 -27.518 -31.3936 -14.9703 -71.4377
47.9219 -12.3522 -27.8753 -31.5262 -15.0387 -71.4872
47.7639 -12.4276 -28.2328 -31.6594 -15.1074 -71.5367
47.6053 -12.5033 -28.5906 -31.793 -15.1764 -71.586
47.446 -12.5793 -28.9487 -31.9271 -15.2456 -71.6352
47.286 -12.6557 -29.307 -32.0617 -15.3151 -71.6842
47.1254 -12.7325 -29.6655 -32.1967 -15.385 -71.733
46.9641 -12.8096 -30.0243 -32.3323 -15.4551 -71.7818
46.8021 -12.887 -30.3833 -32.4684 -15.5255 -71.8303
46.6394 -12.9648 -30.7426 -32.605 -15.5961 -71.8787
46.476 -13.043 -31.1021 -32.7421 -15.6671 -71.927
46.312 -13.1215 -31.4619 -32.8796 -15.7384 -71.975
46.1472 -13.2004 -31.8219 -33.0177 -15.8099 -72.023
45.9818 -13.2796 -32.1821 -33.1563 -15.8818 -72.0707
45.8157 -13.3592 -32.5426 -33.2954 -15.9539 -72.1183
45.6488 -13.4391 -32.9033 -33.4351 -16.0264 -72.1657
45.4813 -13.5195 -33.2643 -33.5752 -16.0991 -72.213
45.3131 -13.6001 -33.6254 -33.7159 -16.1721 -72.26
45.1442 -13.6812 -33.9869 -33.8571 -16.2455 -72.3069
44.9745 -13.7626 -34.3485 -33.9988 -16.3192 -72.3536
44.8042 -13.8444 -34.7104 -34.141 -16.3931 -72.4001
44.6331 -13.9265 -35.0725 -34.2838 -16.4674 -72.4465
44.4613 -14.0091 -35.4349 -34.4271 -16.542 -72.4926
44.2888 -14.0919 -35.7974 -34.5709 -16.6169 -72.5386
44.1156 -14.1752 -36.1602 -34.7153 -16.6921 -72.5843
43.9417 -14.2589 -36.5233 -34.8602 -16.7676 -72.6299
43.767 -14.3429 -36.8865 -35.0057 -16.8434 -72.6752
43.5916 -14.4273 -37.25 -35.1517 -16.9196 -72.7204
43.4155 -14.5121 -37.6137 -35.2983 -16.9961 -72.7653
43.2386 -14.5973 -37.9777 -35.4454 -17.0729 -72.81
43.061 -14.6828 -38.3418 -35.5931 -17.15 -72.8545
42.8827 -14.7688 -38.7062 -35.7413 -17.2274 -72.8988
42.7036 -14.8551 -39.0708 -35.8901 -17.3052 -72.9429
42.5238 -14.9418 -39.4357 -36.0394 -17.3833 -72.9867
42.3432 -15.0289 -39.8007 -36.1893 -17.4618 -73.0303
42.1619 -15.1164 -40.166 -36.3398 -17.5405 -73.0737
41.9798 -15.2043 -40.5314 -36.4909 -17.6197 -73.1169
41.797 -15.2926 -40.8971 -36.6425 -17.6991 -73.1598
41.6134 -15.3813 -41.263 -36.7947 -17.7789 -73.2024
41.4291 -15.4704 -41.6291 -36.9475 -17.859 -73.2449
41.2439 -15.5599 -41.9955 -37.1008 -17.9395 -73.287
41.0581 -15.6498 -42.362 -37.2548 -18.0203 -73.329
40.8714 -15.7401 -42.7288 -37.4093 -18.1015 -73.3706
40.684 -15.8308 -43.0957 -37.5645 -18.183 -73.412
40.4958 -15.9219 -43.4629 -37.7202 -18.2649 -73.4532
40.3068 -16.0135 -43.8303 -37.8765 -18.3471 -73.494
40.117 -16.1054 -44.1978 -38.0334 -18.4297 -73.5346
39.9264 -16.1978 -44.5656 -38.191 -18.5127 -73.575
39.7351 -16.2905 -44.9336 -38.3491 -18.596 -73.615
39.5429 -16.3837 -45.3018 -38.5078 -18.6796 -73.6548
39.35 -16.4773 -45.6701 -38.6672 -18.7637 -73.6943
39.1563 -16.5714 -46.0387 -38.8272 -18.8481 -73.7335
38.9617 -16.6658 -46.4075 -38.9877 -18.9328 -73.7724
38.7664 -16.7607 -46.7764 -39.1489 -19.018 -73.811
38.5702 -16.856 -47.1456 -39.3108 -19.1035 -73.8492
38.3733 -16.9517 -47.5149 -39.4732 -19.1894 -73.8872
38.1755 -17.0479 -47.8844 -39.6363 -19.2756 -73.9249
37.9769 -17.1445 -48.2542 -39.8001 -19.3623 -73.9623
37.7775 -17.2415 -48.6241 -39.9644 -19.4493 -73.9993
37.5773 -17.339 -48.9942 -40.1294 -19.5367 -74.036
37.3762 -17.4369 -49.3644 -40.2951 -19.6245 -74.0724
37.1743 -17.5352 -49.7349 -40.4614 -19.7127 -74.1085
36.9716 -17.634 -50.1055 -40.6283 -19.8013 -74.1442
36.768 -17.7332 -50.4763 -40.7959 -19.8903 -74.1795
36.5636 -17.8329 -50.8473 -40.9641 -19.9797 -74.2146
36.3584 -17.933 -51.2185 -41.133 -20.0694 -74.2492
36.1523 -18.0336 -51.5898 -41.3026 -20.1596 -74.2836
35.9454 -18.1346 -51.9613 -41.4729 -20.2502 -74.3175
35.7376 -18.2361 -52.333 -41.6438 -20.3412 -74.3511
35.5289 -18.338 -52.7048 -41.8153 -20.4326 -74.3843
35.3194 -18.4404 -53.0768 -41.9876 -20.5244 -74.4172
35.1091 -18.5433 -53.449 -42.1605 -20.6166 -74.4496
34.8978 -18.6466 -53.8213 -42.3341 -20.7092 -74.4817
34.6857 -18.7504 -54.1938 -42.5084 -20.8023 -74.5134
34.4727 -18.8546 -54.5664 -42.6834 -20.8957 -74.5447
34.2589 -18.9593 -54.9392 -42.8591 -20.9896 -74.5755
34.0441 -19.0645 -55.3122 -43.0355 -21.084 -74.606
33.8285 -19.1702 -55.6853 -43.2125 -21.1787 -74.6361
33.612 -19.2763 -56.0586 -43.3903 -21.2739 -74.6657
33.3946 -19.3829 -56.432 -43.5688 -21.3695 -74.695
33.1763 -19.49 -56.8055 -43.748 -21.4656 -74.7238
32.9571 -19.5976 -57.1792 -43.9279 -21.5621 -74.7521
32.7371 -19.7056 -57.553 -44.1085 -21.659 -74.78
32.5161 -19.8142 -57.927 -44.2898 -21.7564 -74.8075
32.2942 -19.9232 -58.3011 -44.4719 -21.8542 -74.8345
32.0713 -20.0327 -58.6753 -44.6546 -21.9525 -74.8611
31.8476 -20.1427 -59.0497 -44.8381 -22.0512 -74.8872
31.623 -20.2532 -59.4242 -45.0224 -22.1504 -74.9129
31.3974 -20.3642 -59.7988 -45.2074 -22.25 -74.938
31.1709 -20.4757 -60.1736 -45.3931 -22.3501 -74.9627
30.9435 -20.5877 -60.5485 -45.5795 -22.4507 -74.9869
30.7151 -20.7002 -60.9235 -45.7667 -22.5517 -75.0106
30.4858 -20.8132 -61.2986 -45.9547 -22.6532 -75.0338
30.2555 -20.9268 -61.6738 -46.1434 -22.7551 -75.0565
30.0244 -21.0408 -62.0491 -46.3328 -22.8576 -75.0787
29.7922 -21.1553 -62.4246 -46.5231 -22.9605 -75.1003
29.5591 -21.2704 -62.8001 -46.714 -23.0638 -75.1215
29.3251 -21.386 -63.1758 -46.9058 -23.1677 -75.1421
29.0901 -21.5021 -63.5516 -47.0983 -23.2721 -75.1622
28.8541 -21.6187 -63.9274 -47.2916 -23.3769 -75.1817
28.6171 -21.7358 -64.3034 -47.4857 -23.4822 -75.2007
28.3792 -21.8535 -64.6794 -47.6805 -23.588 -75.2191
28.1403 -21.9717 -65.0556 -47.8761 -23.6943 -75.2369
27.9005 -22.0905 -65.4318 -48.0725 -23.8011 -75.2542
27.6596 -22.2097 -65.8081 -48.2698 -23.9084 -75.2709
27.4178 -22.3295 -66.1845 -48.4678 -24.0163 -75.287
27.1749 -22.4499 -66.561 -48.6666 -24.1246 -75.3025
26.9311 -22.5708 -66.9375 -48.8662 -24.2334 -75.3174
26.6863 -22.6922 -67.3142 -49.0666 -24.3427 -75.3317
26.4404 -22.8142 -67.6909 -49.2678 -24.4526 -75.3454
26.1936 -22.9368 -68.0676 -49.4698 -24.5629 -75.3584
25.9457 -23.0598 -68.4444 -49.6726 -24.6738 -75.3709
25.6969 -23.1835 -68.8213 -49.8763 -24.7852 -75.3826
25.447 -23.3077 -69.1983 -50.0807 -24.8971 -75.3938
25.1961 -23.4325 -69.5753 -50.286 -25.0096 -75.4043
24.9441 -23.5578 -69.9523 -50.4922 -25.1225 -75.4141
24.6911 -23.6837 -70.3294 -50.6991 -25.236 -75.4232
24.4371 -23.8102 -70.7065 -50.9069 -25.3501 -75.4317
24.1821 -23.9372 -71.0837 -51.1155 -25.4646 -75.4394
23.926 -24.0648 -71.4609 -51.325 -25.5798 -75.4465
23.6688 -24.193 -71.8382 -51.5353 -25.6954 -75.4529
23.4106 -24.3218 -72.2155 -51.7465 -25.8116 -75.4585
23.1514 -24.4511 -72.5928 -51.9585 -25.9284 -75.4634
22.891 -24.581 -72.9701 -52.1713 -26.0457 -75.4676
22.6296 -24.7116 -73.3474 -52.385 -26.1635 -75.4711
22.3672 -24.8427 -73.7248 -52.5996 -26.2819 -75.4738
22.1037 -24.9744 -74.1022 -52.8151 -26.4009 -75.4757
21.839 -25.1067 -74.4796 -53.0314 -26.5204 -75.4769
21.5733 -25.2396 -74.8569 -53.2485 -26.6405 -75.4773
21.3066 -25.3731 -75.2343 -53.4666 -26.7611 -75.4769
21.0387 -25.5072 -75.6117 -53.6855 -26.8824 -75.4757
20.7697 -25.6419 -75.9891 -53.9053 -27.0041 -75.4737
20.4996 -25.7772 -76.3665 -54.126 -27.1265 -75.4709
20.2284 -25.9132 -76.7438 -54.3476 -27.2494 -75.4672
19.9561 -26.0497 -77.1211 -54.57 -27.3729 -75.4627
19.6827 -26.1869 -77.4984 -54.7934 -27.497 -75.4574
19.4082 -26.3247 -77.8757 -55.0176 -27.6217 -75.4512
19.1326 -26.4631 -78.2529 -55.2427 -27.747 -75.4442
18.8558 -26.6022 -78.6301 -55.4688 -27.8728 -75.4362
18.5779 -26.7419 -79.0073 -55.6957 -27.9992 -75.4274
18.2988 -26.8822 -79.3844 -55.9235 -28.1262 -75.4177
18.0186 -27.0231 -79.7615 -56.1523 -28.2539 -75.407
17.7373 -27.1647 -80.1385 -56.3819 -28.3821 -75.3955
17.4548 -27.3069 -80.5154 -56.6125 -28.5109 -75.383
17.1712 -27.4498 -80.8923 -56.844 -28.6403 -75.3695
16.8864 -27.5933 -81.2691 -57.0764 -28.7703 -75.3551
16.6004 -27.7375 -81.6459 -57.3097 -28.9009 -75.3398
16.3133 -27.8823 -82.0225 -57.5439 -29.0321 -75.3234
16.025 -28.0278 -82.3991 -57.7791 -29.1639 -75.3061
15.7355 -28.174 -82.7756 -58.0152 -29.2964 -75.2878
15.4448 -28.3208 -83.152 -58.2522 -29.4294 -75.2684
15.153 -28.4683 -83.5283 -58.4902 -29.5631 -75.248
14.8599 -28.6164 -83.9045 -58.729 -29.6974 -75.2266
14.5657 -28.7653 -84.2805 -58.9689 -29.8323 -75.2041
14.2702 -28.9148 -84.6565 -59.2096 -29.9678 -75.1806
13.9736 -29.0649 -85.0323 -59.4513 -30.1039 -75.156
13.6757 -29.2158 -85.4081 -59.6939 -30.2407 -75.1302
13.3766 -29.3673 -85.7836 -59.9375 -30.3781 -75.1034
13.0763 -29.5196 -86.1591 -60.182 -30.5161 -75.0755
12.7748 -29.6725 -86.5344 -60.4275 -30.6547 -75.0464
12.4721 -29.8261 -86.9096 -60.6739 -30.794 -75.0162
12.1681 -29.9804 -87.2846 -60.9213 -30.9339 -74.9848
11.8629 -30.1355 -87.6594 -61.1696 -31.0745 -74.9523
11.5564 -30.2912 -88.0341 -61.4189 -31.2157 -74.9186
11.2487 -30.4476 -88.4086 -61.6691 -31.3575 -74.8836
10.9397 -30.6048 -88.7829 -61.9203 -31.5 -74.8475
10.6295 -30.7626 -89.1571 -62.1724 -31.6431 -74.8101
10.318 -30.9212 -89.531 -62.4255 -31.7868 -74.7715
10.0052 -31.0805 -89.9048 -62.6796 -31.9312 -74.7316
9.69117 -31.2405 -90.2783 -62.9346 -32.0762 -74.6905
9.37586 -31.4013 -90.6517 -63.1906 -32.2219 -74.648
9.05927 -31.5627 -91.0248 -63.4475 -32.3682 -74.6043
8.74138 -31.7249 -91.3977 -63.7054 -32.5152 -74.5592
8.42221 -31.8879 -91.7704 -63.9643 -32.6628 -74.5128
8.10174 -32.0516 -92.1429 -64.2241 -32.8111 -74.465
7.77997 -32.216 -92.5151 -64.4849 -32.9601 -74.4159
7.45689 -32.3812 -92.887 -64.7467 -33.1097 -74.3654
7.1325 -32.5471 -93.2587 -65.0094 -33.2599 -74.3135
6.8068 -32.7138 -93.6301 -65.2731 -33.4108 -74.2602
6.47977 -32.8812 -94.0013 -65.5377 -33.5624 -74.2054
6.15142 -33.0494 -94.3722 -65.8033 -33.7146 -74.1492
5.82174 -33.2183 -94.7428 -66.0699 -33.8674 -74.0915
5.49072 -33.3881 -95.1131 -66.3375 -34.021 -74.0323
5.15836 -33.5585 -95.4831 -66.606 -34.1752 -73.9717
4.82466 -33.7298 -95.8528 -66.8754 -34.33 -73.9095
4.48961 -33.9018 -96.2222 -67.1459 -34.4855 -73.8458
4.1532 -34.0747 -96.5913 -67.4172 -34.6417 -73.7805
3.81544 -34.2483 -96.96 -67.6896 -34.7985 -73.7136
3.47631 -34.4227 -97.3284 -67.9629 -34.956 -73.6452
3.13581 -34.5978 -97.6965 -68.2371 -35.1142 -73.5751
2.79394 -34.7738 -98.0642 -68.5124 -35.273 -73.5034
2.45069 -34.9506 -98.4315 -68.7885 -35.4325 -73.4301
2.10605 -35.1281 -98.7985 -69.0656 -35.5927 -73.3551
1.76003 -35.3065 -99.1651 -69.3437 -35.7535 -73.2784
1.41261 -35.4857 -99.5313 -69.6227 -35.915 -73.2
1.0638 -35.6656 -99.8971 -69.9027 -36.0771 -73.1199
0.713587 -35.8464 -100.262 -70.1836 -36.2399 -73.0381
0.361966 -36.028 -100.627 -70.4654 -36.4034 -72.9545
0.00893253 -36.2105 -100.992 -70.7482 -36.5675 -72.8691
-0.345517 -36.3937 -101.356 -71.032 -36.7323 -72.7818
-0.701387 -36.5778 -101.72 -71.3166 -36.8978 -72.6928
-1.05868 -36.7627 -102.083 -71.6022 -37.0639 -72.6019
-1.41741 -36.9484 -102.446 -71.8887 -37.2306 -72.5092
-1.77757 -37.135 -102.808 -72.1761 -37.3981 -72.4146
-2.13917 -37.3224 -103.17 -72.4645 -37.5662 -72.318
-2.50221 -37.5107 -103.531 -72.7537 -37.7349 -72.2196
-2.86671 -37.6997 -103.892 -73.0439 -37.9043 -72.1192
-3.23265 -37.8897 -104.253 -73.3349 -38.0744 -72.0168
-3.60006 -38.0805 -104.612 -73.6269 -38.2451 -71.9124
-3.96892 -38.2721 -104.972 -73.9198 -38.4164 -71.806
-4.33925 -38.4647 -105.33 -74.2135 -38.5884 -71.6976
-4.71106 -38.658 -105.689 -74.5082 -38.7611 -71.5871
-5.08434 -38.8523 -106.046 -74.8037 -38.9344 -71.4745
-5.45909 -39.0474 -106.403 -75.1001 -39.1084 -71.3598
-5.83534 -39.2434 -106.76 -75.3973 -39.2829 -71.243
-6.21307 -39.4402 -107.116 -75.6954 -39.4582 -71.1241
-6.59229 -39.6379 -107.471 -75.9944 -39.634 -71.0029
-6.97301 -39.8365 -107.826 -76.2942 -39.8105 -70.8796
-7.35523 -40.036 -108.18 -76.5949 -39.9877 -70.7541
-7.73896 -40.2364 -108.533 -76.8964 -40.1654 -70.6263
-8.1242 -40.4377 -108.886 -77.1987 -40.3438 -70.4962
-8.51095 -40.6399 -109.238 -77.5018 -40.5228 -70.3639
-8.89921 -40.8429 -109.59 -77.8058 -40.7025 -70.2292
-9.289 -41.0469 -109.941 -78.1105 -40.8827 -70.0922
-9.68032 -41.2517 -110.291 -78.416 -41.0636 -69.9529
-10.0732 -41.4575 -110.64 -78.7223 -41.2451 -69.8111
-10.4675 -41.6642 -110.989 -79.0294 -41.4272 -69.6669
-10.8635 -41.8718 -111.337 -79.3373 -41.6099 -69.5203
-11.2609 -42.0803 -111.684 -79.6459 -41.7931 -69.3713
-11.6599 -42.2897 -112.031 -79.9552 -41.977 -69.2197
-12.0605 -42.5001 -112.376 -80.2653 -42.1615 -69.0657
-12.4626 -42.7113 -112.721 -80.5761 -42.3465 -68.9091
-12.8662 -42.9235 -113.065 -80.8877 -42.5322 -68.7499
-13.2714 -43.1367 -113.409 -81.1999 -42.7184 -68.5881
-13.6782 -43.3507 -113.751 -81.5128 -42.9052 -68.4238
-14.0866 -43.5657 -114.093 -81.8264 -43.0925 -68.2568
-14.4965 -43.7816 -114.434 -82.1406 -43.2804 -68.0871
-14.908 -43.9985 -114.774 -82.4555 -43.4689 -67.9148
-15.321 -44.2163 -115.113 -82.771 -43.6579 -67.7397
-15.7357 -44.4351 -115.451 -83.0872 -43.8474 -67.5619
-16.1519 -44.6548 -115.789 -83.404 -44.0375 -67.3813
-16.5697 -44.8755 -116.125 -83.7213 -44.2281 -67.1979
-16.9891 -45.0971 -116.461 -84.0393 -44.4192 -67.0117
-17.4101 -45.3197 -116.795 -84.3578 -44.6109 -66.8227
-17.8327 -45.5432 -117.129 -84.6769 -44.8031 -66.6307
-18.2569 -45.7677 -117.461 -84.9965 -44.9957 -66.4359
-18.6827 -45.9932 -117.793 -85.3166 -45.1889 -66.2382
-19.1101 -46.2196 -118.124 -85.6372 -45.3825 -66.0375
-19.539 -46.447 -118.453 -85.9583 -45.5766 -65.8338
-19.9696 -46.6753 -118.782 -86.2799 -45.7712 -65.6271
-20.4018 -46.9047 -119.11 -86.6019 -45.9662 -65.4174
-20.8357 -47.135 -119.436 -86.9244 -46.1617 -65.2047
-21.2711 -47.3663 -119.762 -87.2473 -46.3576 -64.9888
-21.7081 -47.5986 -120.086 -87.5706 -46.554 -64.7698
-22.1468 -47.8318 -120.41 -87.8942 -46.7508 -64.5477
-22.5871 -48.0661 -120.732 -88.2182 -46.948 -64.3225
-23.029 -48.3013 -121.053 -88.5426 -47.1456 -64.094
-23.4725 -48.5375 -121.373 -88.8672 -47.3436 -63.8624
-23.9176 -48.7748 -121.691 -89.1922 -47.542 -63.6275
-24.3644 -49.013 -122.009 -89.5174 -47.7407 -63.3893
-24.8128 -49.2522 -122.325 -89.8429 -47.9398 -63.1478
-25.2629 -49.4924 -122.64 -90.1686 -48.1393 -62.9031
-25.7145 -49.7336 -122.954 -90.4946 -48.3391 -62.6549
-26.1678 -49.9758 -123.267 -90.8207 -48.5392 -62.4034
-26.6227 -50.2189 -123.578 -91.147 -48.7397 -62.1485
-27.0793 -50.4631 -123.888 -91.4734 -48.9404 -61.8902
-27.5374 -50.7084 -124.197 -91.7999 -49.1414 -61.6285
-27.9973 -50.9546 -124.505 -92.1265 -49.3427 -61.3632
-28.4587 -51.2018 -124.811 -92.4532 -49.5443 -61.0945
-28.9218 -51.45 -125.116 -92.7799 -49.7461 -60.8223
-29.3865 -51.6992 -125.419 -93.1066 -49.9481 -60.5465
-29.8529 -51.9495 -125.721 -93.4333 -50.1504 -60.2671
-30.3208 -52.2007 -126.022 -93.7599 -50.3528 -59.9842
-30.7905 -52.453 -126.321 -94.0865 -50.5555 -59.6976
-31.2617 -52.7063 -126.619 -94.413 -50.7583 -59.4074
-31.7346 -52.9606 -126.915 -94.7394 -50.9612 -59.1135
-32.2091 -53.2159 -127.21 -95.0656 -51.1644 -58.816
-32.6852 -53.4722 -127.503 -95.3916 -51.3676 -58.5147
-33.163 -53.7296 -127.795 -95.7174 -51.5709 -58.2097
-33.6424 -53.9879 -128.085 -96.043 -51.7744 -57.901
-34.1234 -54.2473 -128.374 -96.3683 -51.9779 -57.5885
-34.6061 -54.5077 -128.661 -96.6933 -52.1814 -57.2722
-35.0904 -54.7691 -128.947 -97.0179 -52.385 -56.952
-35.5763 -55.0316 -129.231 -97.3422 -52.5887 -56.6281
-36.0638 -55.295 -129.513 -97.6661 -52.7923 -56.3002
-36.5529 -55.5595 -129.794 -97.9895 -52.9959 -55.9686
-37.0437 -55.825 -130.073 -98.3125 -53.1994 -55.633
-37.5361 -56.0915 -130.35 -98.635 -53.4029 -55.2935
-38.03 -56.359 -130.626 -98.9569 -53.6063 -54.95
-38.5256 -56.6276 -130.9 -99.2783 -53.8097 -54.6027
-39.0228 -56.8971 -131.172 -99.599 -54.0129 -54.2513
-39.5216 -57.1677 -131.442 -99.9192 -54.2159 -53.896
-40.022 -57.4393 -131.711 -100.239 -54.4188 -53.5367
-40.524 -57.7119 -131.977 -100.557 -54.6215 -53.1734
-41.0276 -57.9855 -132.242 -100.875 -54.824 -52.806
-41.5328 -58.2601 -132.505 -101.193 -55.0263 -52.4346
-42.0395 -58.5357 -132.767 -101.509 -55.2283 -52.0591
-42.5479 -58.8124 -133.026 -101.825 -55.4301 -51.6796
-43.0578 -59.09 -133.284 -102.139 -55.6315 -51.296
-43.5692 -59.3687 -133.539 -102.453 -55.8327 -50.9083
-44.0823 -59.6484 -133.793 -102.766 -56.0334 -50.5165
-44.5969 -59.929 -134.044 -103.078 -56.2339 -50.1206
-45.1131 -60.2107 -134.294 -103.389 -56.4339 -49.7206
-45.6308 -60.4934 -134.541 -103.698 -56.6335 -49.3164
-46.1501 -60.777 -134.787 -104.007 -56.8326 -48.9081
-46.6709 -61.0617 -135.03 -104.314 -57.0313 -48.4956
-47.1932 -61.3474 -135.272 -104.621 -57.2295 -48.079
-47.7171 -61.634 -135.511 -104.926 -57.4271 -47.6583
-48.2425 -61.9216 -135.749 -105.229 -57.6242 -47.2333
-48.7694 -62.2102 -135.984 -105.532 -57.8208 -46.8042
-49.2978 -62.4998 -136.217 -105.833 -58.0167 -46.371
-49.8277 -62.7904 -136.447 -106.133 -58.212 -45.9335
-50.3591 -63.082 -136.676 -106.431 -58.4067 -45.4919
-50.892 -63.3745 -136.902 -106.728 -58.6006 -45.0461
-51.4264 -63.668 -137.126 -107.024 -58.7939 -44.5961
-51.9622 -63.9624 -137.348 -107.318 -58.9864 -44.142
-52.4996 -64.2578 -137.568 -107.61 -59.1782 -43.6836
-53.0383 -64.5542 -137.785 -107.901 -59.3691 -43.2211
-53.5786 -64.8515 -138 -108.19 -59.5593 -42.7544
-54.1202 -65.1498 -138.213 -108.477 -59.7486 -42.2836
-54.6633 -65.449 -138.423 -108.763 -59.937 -41.8086
-55.2079 -65.7492 -138.631 -109.047 -60.1246 -41.3295
-55.7538 -66.0502 -138.836 -109.33 -60.3112 -40.8462
-56.3012 -66.3523 -139.039 -109.61 -60.4968 -40.3587
-56.8499 -66.6552 -139.24 -109.889 -60.6815 -39.8671
-57.4 -66.9591 -139.438 -110.166 -60.8652 -39.3714
-57.9516 -67.2639 -139.633 -110.441 -61.0479 -38.8716
-58.5045 -67.5696 -139.827 -110.714 -61.2295 -38.3677
-59.0587 -67.8762 -140.017 -110.985 -61.41 -37.8597
-59.6143 -68.1837 -140.205 -111.254 -61.5894 -37.3476
-60.1712 -68.4921 -140.391 -111.521 -61.7677 -36.8315
-60.7295 -68.8013 -140.573 -111.787 -61.9449 -36.3112
-61.2891 -69.1115 -140.754 -112.05 -62.1209 -35.787
-61.85 -69.4225 -140.931 -112.311 -62.2958 -35.2587
-62.4122 -69.7345 -141.106 -112.57 -62.4694 -34.7264
-62.9757 -70.0472 -141.279 -112.827 -62.6419 -34.1901
-63.5405 -70.3609 -141.448 -113.082 -62.8131 -33.6498
-64.1065 -70.6754 -141.615 -113.335 -62.9831 -33.1055
-64.6738 -70.9907 -141.779 -113.586 -63.1518 -32.5573
-65.2424 -71.3069 -141.941 -113.834 -63.3194 -32.0051
-65.8122 -71.6239 -142.099 -114.081 -63.4856 -31.449
-66.3832 -71.9417 -142.255 -114.325 -63.6506 -30.889
-66.9554 -72.2604 -142.408 -114.567 -63.8144 -30.3251
-67.5289 -72.5799 -142.558 -114.808 -63.977 -29.7572
-68.1035 -72.9002 -142.706 -115.046 -64.1383 -29.1855
-68.6793 -73.2213 -142.85 -115.281 -64.2985 -28.61
-69.2563 -73.5432 -142.992 -115.515 -64.4575 -28.0305
-69.8345 -73.8659 -143.131 -115.747 -64.6153 -27.4472
-70.4138 -74.1893 -143.266 -115.976 -64.7721 -26.8601
-70.9942 -74.5136 -143.399 -116.204 -64.9278 -26.2691
-71.5758 -74.8386 -143.529 -116.429 -65.0825 -25.6742
-72.1585 -75.1644 -143.656 -116.652 -65.2363 -25.0756
-72.7424 -75.491 -143.78 -116.873 -65.3892 -24.473
-73.3273 -75.8183 -143.901 -117.092 -65.5414 -23.8666
-73.9133 -76.1464 -144.018 -117.309 -65.6929 -23.2564
-74.5004 -76.4752 -144.133 -117.524 -65.8438 -22.6423
-75.0885 -76.8048 -144.245 -117.736 -65.9942 -22.0243
-75.6777 -77.1352 -144.353 -117.946 -66.1443 -21.4024
-76.268 -77.4663 -144.459 -118.154 -66.2942 -20.7766
-76.8593 -77.7981 -144.561 -118.36 -66.4441 -20.1469
-77.4516 -78.1307 -144.66 -118.563 -66.5939 -19.5133
-78.0449 -78.4641 -144.756 -118.763 -66.7441 -18.8758
-78.6392 -78.7982 -144.849 -118.96 -66.8945 -18.2343
-79.2345 -79.133 -144.939 -119.155 -67.0455 -17.5889
-79.8307 -79.4686 -145.025 -119.346 -67.1972 -16.9396
-80.4279 -79.805 -145.108 -119.534 -67.3496 -16.2865
-81.0261 -80.1421 -145.188 -119.718 -67.5029 -15.6295
-81.6251 -80.48 -145.264 -119.898 -67.6572 -14.9687
-82.225 -80.8187 -145.338 -120.073 -67.8124 -14.3042
-82.8258 -81.1581 -145.407 -120.244 -67.9687 -13.6361
-83.4274 -81.4984 -145.474 -120.409 -68.1259 -12.9645
-84.0299 -81.8394 -145.537 -120.568 -68.284 -12.2896
-84.6331 -82.1812 -145.597 -120.722 -68.4428 -11.6115
-85.2371 -82.5238 -145.653 -120.869 -68.6021 -10.9305
-85.8418 -82.8672 -145.706 -121.009 -68.7617 -10.2467
-86.4472 -83.2114 -145.756 -121.141 -68.9212 -9.56039
-87.0532 -83.5564 -145.802 -121.266 -69.0804 -8.87185
-87.6598 -83.9022 -145.844 -121.383 -69.2388 -8.18133
-88.267 -84.2488 -145.884 -121.492 -69.396 -7.48908
-88.8747 -84.5962 -145.919 -121.593 -69.5516 -6.79538
-89.4829 -84.9443 -145.952 -121.685 -69.7052 -6.1005
-90.0916 -85.2932 -145.98 -121.769 -69.8563 -5.40467
-90.7006 -85.6429 -146.006 -121.845 -70.0046 -4.70815
-91.31 -85.9933 -146.027 -121.912 -70.1497 -4.01116
-91.9197 -86.3444 -146.046 -121.972 -70.2913 -3.31389
-92.5297 -86.6962 -146.061 -122.023 -70.429 -2.61654
-93.14 -87.0486 -146.072 -122.066 -70.5626 -1.91926
-93.7504 -87.4018 -146.08 -122.102 -70.6918 -1.22221
-94.361 -87.7555 -146.084 -122.13 -70.8165 -0.525501
-94.9717 -88.1099 -146.085 -122.151 -70.9366 0.170745
-95.5825 -88.4649 -146.082 -122.165 -71.0519 0.866437
-96.1933 -88.8204 -146.076 -122.173 -71.1624 1.56149
-96.8042 -89.1765 -146.067 -122.174 -71.268 2.25583
-97.4151 -89.5331 -146.054 -122.168 -71.3687 2.9494
-98.0259 -89.8902 -146.037 -122.157 -71.4645 3.64214
-98.6366 -90.2477 -146.017 -122.139 -71.5554 4.33399
-99.2473 -90.6057 -145.994 -122.116 -71.6415 5.02491
-99.8578 -90.9641 -145.967 -122.087 -71.7227 5.71486
-100.468 -91.323 -145.937 -122.052 -71.7993 6.4038
-101.078 -91.6821 -145.903 -122.012 -71.8711 7.09167
-101.688 -92.0417 -145.866 -121.967 -71.9383 7.77845
-102.298 -92.4015 -145.825 -121.917 -72.001 8.46408
-102.907 -92.7617 -145.781 -121.861 -72.0592 9.14853
-103.517 -93.1221 -145.734 -121.801 -72.1129 9.83174
-104.125 -93.4828 -145.683 -121.735 -72.1624 10.5137
-104.734 -93.8437 -145.629 -121.665 -72.2076 11.1943
-105.342 -94.2049 -145.571 -121.59 -72.2486 11.8736
-105.95 -94.5662 -145.51 -121.51 -72.2855 12.5514
-106.557 -94.9277 -145.446 -121.426 -72.3183 13.2278
-107.164 -95.2894 -145.378 -121.337 -72.3472 13.9027
-107.771 -95.6512 -145.307 -121.243 -72.3721 14.576
-108.377 -96.0131 -145.232 -121.145 -72.3932 15.2477
-108.982 -96.3751 -145.154 -121.043 -72.4105 15.9177
-109.587 -96.7372 -145.073 -120.936 -72.424 16.5859
-110.191 -97.0993 -144.988 -120.824 -72.4339 17.2524
-110.795 -97.4615 -144.9 -120.708 -72.4402 17.917
-111.398 -97.8237 -144.809 -120.588 -72.4429 18.5798
-112.001 -98.186 -144.714 -120.464 -72.4421 19.2406
-112.603 -98.5482 -144.617 -120.335 -72.4378 19.8993
-113.204 -98.9103 -144.516 -120.203 -72.4302 20.556
-113.805 -99.2725 -144.411 -120.066 -72.4191 21.2105
-114.405 -99.6345 -144.303 -119.924 -72.4047 21.8629
-115.004 -99.9965 -144.192 -119.779 -72.3871 22.513
-115.603 -100.358 -144.078 -119.63 -72.3663 23.1608
-116.201 -100.72 -143.961 -119.477 -72.3422 23.8062
-116.798 -101.082 -143.84 -119.319 -72.315 24.4491
-117.394 -101.443 -143.716 -119.158 -72.2848 25.0896
-117.989 -101.805 -143.589 -118.993 -72.2514 25.7276
-118.584 -102.166 -143.459 -118.824 -72.2151 26.3629
-119.178 -102.527 -143.326 -118.651 -72.1758 26.9956
-119.77 -102.888 -143.189 -118.475 -72.1335 27.6256
-120.362 -103.248 -143.049 -118.295 -72.0883 28.2529
-120.953 -103.608 -142.907 -118.111 -72.0403 28.8773
-121.543 -103.969 -142.761 -117.923 -71.9895 29.4988
-122.133 -104.328 -142.612 -117.732 -71.9359 30.1174
-122.721 -104.688 -142.459 -117.537 -71.8795 30.7331
-123.308 -105.047 -142.304 -117.339 -71.8205 31.3457
-123.894 -105.406 -142.146 -117.137 -71.7587 31.9552
-124.479 -105.765 -141.985 -116.931 -71.6944 32.5617
-125.063 -106.123 -141.82 -116.723 -71.6274 33.1649
-125.646 -106.481 -141.653 -116.511 -71.5579 33.765
-126.228 -106.839 -141.483 -116.296 -71.4859 34.3618
-126.809 -107.196 -141.309 -116.077 -71.4113 34.9553
-127.389 -107.553 -141.133 -115.855 -71.3344 35.5454
-127.968 -107.909 -140.954 -115.631 -71.255 36.1322
-128.546 -108.265 -140.772 -115.403 -71.1732 36.7155
-129.122 -108.621 -140.587 -115.172 -71.0891 37.2954
-129.697 -108.976 -140.399 -114.938 -71.0027 37.8718
-130.271 -109.331 -140.208 -114.701 -70.914 38.4446
-130.844 -109.685 -140.015 -114.461 -70.823 39.0139
-131.416 -110.039 -139.818 -114.218 -70.7299 39.5796
-131.986 -110.393 -139.619 -113.973 -70.6346 40.1416
-132.556 -110.746 -139.417 -113.725 -70.5372 40.7
-133.124 -111.098 -139.212 -113.474 -70.4377 41.2547
-133.69 -111.45 -139.004 -113.22 -70.3361 41.8056
-134.256 -111.801 -138.794 -112.964 -70.2325 42.3528
-134.82 -112.152 -138.581 -112.706 -70.1269 42.8962
-135.383 -112.503 -138.365 -112.444 -70.0194 43.4358
-135.945 -112.852 -138.146 -112.181 -69.9099 43.9716
-136.505 -113.202 -137.925 -111.915 -69.7985 44.5035
-137.064 -113.55 -137.701 -111.647 -69.6853 45.0316
-137.621 -113.899 -137.475 -111.376 -69.5703 45.5558
-138.177 -114.246 -137.246 -111.104 -69.4535 46.076
-138.732 -114.593 -137.014 -110.829 -69.3349 46.5923
-139.286 -114.94 -136.78 -110.552 -69.2147 47.1047
-139.838 -115.285 -136.543 -110.273 -69.0927 47.6132
-140.388 -115.63 -136.304 -109.991 -68.9691 48.1176
-140.938 -115.975 -136.062 -109.708 -68.8439 48.6181
-141.486 -116.319 -135.817 -109.423 -68.7171 49.1146
-142.032 -116.662 -135.571 -109.137 -68.5887 49.607
-142.577 -117.005 -135.321 -108.848 -68.4589 50.0955
-143.12 -117.347 -135.07 -108.557 -68.3275 50.5799
-143.663 -117.688 -134.815 -108.265 -68.1947 51.0603
-144.203 -118.029 -134.559 -107.972 -68.0605 51.5366
-144.742 -118.369 -134.3 -107.676 -67.9249 52.0089
-145.28 -118.708 -134.039 -107.379 -67.7879 52.4772
-145.816 -119.047 -133.775 -107.081 -67.6496 52.9414
-146.351 -119.384 -133.509 -106.781 -67.51 53.4016
-146.884 -119.722 -133.241 -106.479 -67.3692 53.8577
-147.415 -120.058 -132.971 -106.176 -67.2271 54.3097
-147.946 -120.394 -132.698 -105.872 -67.0839 54.7577
-148.474 -120.729 -132.423 -105.567 -66.9394 55.2017
-149.001 -121.063 -132.146 -105.26 -66.7939 55.6416
-149.527 -121.397 -131.867 -104.953 -66.6472 56.0774
-150.051 -121.73 -131.585 -104.644 -66.4994 56.5092
-150.573 -122.062 -131.302 -104.334 -66.3506 56.937
-151.094 -122.393 -131.016 -104.023 -66.2007 57.3608
-151.613 -122.724 -130.728 -103.71 -66.0499 57.7805
-152.131 -123.054 -130.438 -103.397 -65.8981 58.1962
-152.647 -123.383 -130.146 -103.083 -65.7454 58.6079
-153.162 -123.711 -129.852 -102.769 -65.5918 59.0156
-153.675 -124.039 -129.556 -102.453 -65.4372 59.4193
-154.187 -124.366 -129.258 -102.136 -65.2819 59.8191
-154.696 -124.692 -128.958 -101.819 -65.1257 60.2149
-155.205 -125.017 -128.656 -101.501 -64.9687 60.6067
-155.712 -125.341 -128.352 -101.182 -64.8109 60.9946
-156.217 -125.665 -128.046 -100.863 -64.6524 61.3785
-156.72 -125.988 -127.738 -100.543 -64.4931 61.7586
-157.222 -126.31 -127.428 -100.223 -64.3332 62.1347
-157.722 -126.631 -127.117 -99.9017 -64.1726 62.507
-158.221 -126.952 -126.803 -99.5802 -64.0113 62.8754
-158.718 -127.271 -126.488 -99.2582 -63.8494 63.24
-159.214 -127.59 -126.171 -98.9359 -63.6869 63.6007
-159.708 -127.908 -125.852 -98.6131 -63.5239 63.9576
-160.2 -128.225 -125.531 -98.2901 -63.3603 64.3107
-160.69 -128.542 -125.209 -97.9667 -63.1961 64.66
-161.179 -128.857 -124.885 -97.643 -63.0315 65.0055
-161.667 -129.172 -124.559 -97.3191 -62.8663 65.3474
-162.153 -129.486 -124.231 -96.9949 -62.7007 65.6854
-162.637 -129.799 -123.902 -96.6706 -62.5347 66.0198
-163.119 -130.111 -123.571 -96.3462 -62.3683 66.3505
-163.6 -130.423 -123.238 -96.0216 -62.2014 66.6775
-164.08 -130.733 -122.904 -95.6969 -62.0342 67.0009
-164.557 -131.043 -122.568 -95.3722 -61.8666 67.3207
-165.033 -131.352 -122.231 -95.0474 -61.6987 67.6368
-165.508 -131.66 -121.892 -94.7227 -61.5304 67.9494
-165.981 -131.967 -121.552 -94.3979 -61.3619 68.2584
-166.452 -132.274 -121.209 -94.0732 -61.1931 68.5639
-166.921 -132.579 -120.866 -93.7486 -61.024 68.8659
-167.389 -132.884 -120.521 -93.4242 -60.8547 69.1644
-167.855 -133.188 -120.174 -93.0998 -60.6852 69.4594
-168.32 -133.491 -119.826 -92.7756 -60.5154 69.751
-168.783 -133.793 -119.477 -92.4516 -60.3455 70.0391
-169.245 -134.094 -119.126 -92.1278 -60.1754 70.3239
-169.705 -134.395 -118.774 -91.8042 -60.0051 70.6053
-170.163 -134.694 -118.42 -91.4809 -59.8348 70.8833
-170.619 -134.993 -118.065 -91.1578 -59.6642 71.1581
-171.074 -135.291 -117.708 -90.8351 -59.4936 71.4295
-171.528 -135.588 -117.35 -90.5127 -59.3229 71.6976
-171.979 -135.884 -116.991 -90.1906 -59.1521 71.9625
-172.43 -136.179 -116.631 -89.8689 -58.9813 72.2242
-172.878 -136.474 -116.269 -89.5476 -58.8104 72.4826
-173.325 -136.768 -115.906 -89.2267 -58.6395 72.7379
-173.77 -137.06 -115.542 -88.9062 -58.4686 72.9901
-174.214 -137.352 -115.176 -88.5861 -58.2976 73.2391
-174.656 -137.643 -114.809 -88.2665 -58.1267 73.485
-175.097 -137.934 -114.441 -87.9474 -57.9558 73.7278
-175.536 -138.223 -114.072 -87.6288 -57.785 73.9676
-175.973 -138.511 -113.702 -87.3107 -57.6142 74.2043
-176.409 -138.799 -113.33 -86.9932 -57.4434 74.4381
-176.843 -139.086 -112.957 -86.6762 -57.2728 74.6688
-177.276 -139.372 -112.583 -86.3597 -57.1022 74.8967
-177.707 -139.657 -112.208 -86.0439 -56.9317 75.1216
-178.136 -139.941 -111.832 -85.7286 -56.7614 75.3436
-178.564 -140.224 -111.455 -85.4139 -56.5911 75.5627
-178.99 -140.507 -111.076 -85.0999 -56.421 75.7789
-179.415 -140.789 -110.697 -84.7865 -56.251 75.9924
-179.838 -141.07 -110.316 -84.4737 -56.0812 76.203
-180.26 -141.349 -109.935 -84.1616 -55.9116 76.4109
-180.68 -141.629 -109.552 -83.8502 -55.7421 76.616
-181.098 -141.907 -109.169 -83.5395 -55.5728 76.8184
-181.515 -142.184 -108.784 -83.2295 -55.4037 77.018
-181.93 -142.461 -108.399 -82.9202 -55.2349 77.2151
-182.344 -142.737 -108.012 -82.6116 -55.0662 77.4094
-182.757 -143.012 -107.624 -82.3038 -54.8977 77.6011
-183.167 -143.286 -107.236 -81.9967 -54.7295 77.7903
-183.577 -143.559 -106.847 -81.6904 -54.5615 77.9768
-183.984 -143.831 -106.456 -81.3848 -54.3938 78.1608
-184.39 -144.103 -106.065 -81.08 -54.2263 78.3422
-184.795 -144.374 -105.673 -80.776 -54.0591 78.5212
-185.198 -144.643 -105.28 -80.4728 -53.8921 78.6977
-185.6 -144.912 -104.886 -80.1704 -53.7255 78.8717
-186 -145.181 -104.491 -79.8688 -53.5591 79.0432
-186.398 -145.448 -104.095 -79.568 -53.393 79.2124
-186.796 -145.715 -103.699 -79.268 -53.2272 79.3792
-187.191 -145.98 -103.302 -78.9689 -53.0617 79.5436
-187.585 -146.245 -102.903 -78.6706 -52.8965 79.7056
-187.978 -146.509 -102.505 -78.3732 -52.7316 79.8654
-188.369 -146.773 -102.105 -78.0767 -52.5671 80.0228
-188.759 -147.035 -101.704 -77.781 -52.4029 80.178
-189.147 -147.297 -101.303 -77.4861 -52.239 80.3309
-189.533 -147.557 -100.901 -77.1922 -52.0755 80.4817
-189.919 -147.817 -100.498 -76.8991 -51.9123 80.6301
-190.302 -148.076 -100.095 -76.6069 -51.7495 80.7765
-190.685 -148.335 -99.6905 -76.3156 -51.587 80.9206
-191.066 -148.592 -99.2855 -76.0252 -51.4249 81.0626
