25 25 100 0 0 -49
24.9999 24.9999 99.7548 -0.0324713 -0.0280146 -49.0606
24.9997 24.9997 99.5094 -0.0650242 -0.0561115 -49.1213
24.9993 24.9994 99.2636 -0.097659 -0.0842909 -49.182
24.9987 24.9989 99.0176 -0.130376 -0.112553 -49.2427
24.998 24.9982 98.7712 -0.163175 -0.140899 -49.3035
24.9971 24.9975 98.5245 -0.196057 -0.169328 -49.3643
24.996 24.9965 98.2776 -0.229023 -0.197841 -49.4252
24.9948 24.9955 98.0303 -0.262071 -0.226438 -49.4862
24.9934 24.9943 97.7827 -0.295204 -0.255119 -49.5472
24.9918 24.9929 97.5348 -0.32842 -0.283885 -49.6082
24.9901 24.9914 97.2866 -0.361721 -0.312737 -49.6693
24.9882 24.9898 97.0381 -0.395107 -0.341674 -49.7304
24.9861 24.988 96.7893 -0.428578 -0.370696 -49.7916
24.9839 24.9861 96.5402 -0.462134 -0.399805 -49.8528
24.9815 24.984 96.2908 -0.495775 -0.429 -49.9141
24.979 24.9818 96.0411 -0.529503 -0.458282 -49.9754
24.9762 24.9794 95.791 -0.563317 -0.487652 -50.0368
24.9733 24.9769 95.5407 -0.597218 -0.517108 -50.0983
24.9703 24.9743 95.2901 -0.631206 -0.546653 -50.1597
24.967 24.9715 95.0391 -0.665281 -0.576285 -50.2213
24.9636 24.9685 94.7878 -0.699444 -0.606007 -50.2828
24.96 24.9654 94.5363 -0.733695 -0.635817 -50.3445
24.9563 24.9622 94.2844 -0.768035 -0.665716 -50.4061
24.9523 24.9588 94.0322 -0.802463 -0.695704 -50.4679
24.9482 24.9552 93.7797 -0.83698 -0.725783 -50.5297
24.944 24.9515 93.5269 -0.871587 -0.755952 -50.5915
24.9395 24.9476 93.2738 -0.906283 -0.786211 -50.6534
24.9349 24.9436 93.0204 -0.94107 -0.816562 -50.7153
24.9301 24.9395 92.7666 -0.975947 -0.847003 -50.7773
24.9252 24.9352 92.5126 -1.01092 -0.877537 -50.8393
24.92 24.9307 92.2583 -1.04597 -0.908162 -50.9014
24.9147 24.9261 92.0036 -1.08113 -0.93888 -50.9635
24.9092 24.9213 91.7486 -1.11637 -0.96969 -51.0257
24.9035 24.9164 91.4933 -1.1517 -1.00059 -51.088
24.8977 24.9113 91.2377 -1.18713 -1.03159 -51.1503
24.8917 24.9061 90.9818 -1.22265 -1.06268 -51.2126
24.8855 24.9007 90.7256 -1.25827 -1.09387 -51.275
24.8791 24.8951 90.4691 -1.29397 -1.12515 -51.3374
24.8725 24.8894 90.2122 -1.32978 -1.15652 -51.3999
24.8658 24.8836 89.9551 -1.36567 -1.18799 -51.4625
24.8589 24.8775 89.6976 -1.40166 -1.21956 -51.5251
24.8518 24.8714 89.4398 -1.43775 -1.25122 -51.5878
24.8445 24.865 89.1817 -1.47393 -1.28298 -51.6505
24.837 24.8585 88.9233 -1.51021 -1.31483 -51.7132
24.8294 24.8519 88.6646 -1.54659 -1.34679 -51.776
24.8216 24.8451 88.4056 -1.58306 -1.37884 -51.8389
24.8135 24.8381 88.1462 -1.61963 -1.41099 -51.9018
24.8054 24.831 87.8866 -1.6563 -1.44323 -51.9648
24.797 24.8237 87.6266 -1.69306 -1.47558 -52.0278
24.7884 24.8162 87.3663 -1.72992 -1.50802 -52.0909
24.7797 24.8086 87.1057 -1.76689 -1.54057 -52.1541
24.7708 24.8008 86.8447 -1.80395 -1.57321 -52.2173
24.7616 24.7929 86.5835 -1.84111 -1.60596 -52.2805
24.7523 24.7847 86.3219 -1.87837 -1.63881 -52.3438
24.7429 24.7765 86.06 -1.91573 -1.67175 -52.4072
24.7332 24.768 85.7979 -1.95319 -1.7048 -52.4706
24.7233 24.7594 85.5353 -1.99076 -1.73795 -52.534
24.7133 24.7506 85.2725 -2.02842 -1.77121 -52.5975
24.703 24.7417 85.0094 -2.06619 -1.80457 -52.6611
24.6926 24.7326 84.7459 -2.10406 -1.83803 -52.7247
24.682 24.7233 84.4821 -2.14203 -1.87159 -52.7884
24.6712 24.7139 84.218 -2.18011 -1.90526 -52.8522
24.6602 24.7043 83.9536 -2.21829 -1.93903 -52.9159
24.649 24.6945 83.6889 -2.25657 -1.97291 -52.9798
24.6376 24.6845 83.4238 -2.29496 -2.00689 -53.0437
24.6261 24.6744 83.1584 -2.33346 -2.04098 -53.1077
24.6143 24.6641 82.8927 -2.37206 -2.07518 -53.1717
24.6023 24.6537 82.6267 -2.41076 -2.10948 -53.2357
24.5902 24.643 82.3604 -2.44957 -2.14389 -53.2999
24.5778 24.6322 82.0937 -2.48849 -2.17841 -53.364
24.5653 24.6213 81.8267 -2.52752 -2.21304 -53.4283
24.5526 24.6101 81.5594 -2.56665 -2.24777 -53.4926
24.5396 24.5988 81.2918 -2.6059 -2.28261 -53.5569
24.5265 24.5873 81.0239 -2.64525 -2.31757 -53.6213
24.5132 24.5756 80.7556 -2.68471 -2.35263 -53.6858
24.4997 24.5637 80.487 -2.72428 -2.3878 -53.7503
24.4859 24.5517 80.2181 -2.76396 -2.42309 -53.8149
24.472 24.5395 79.9488 -2.80375 -2.45848 -53.8795
24.4579 24.5271 79.6793 -2.84365 -2.49399 -53.9442
24.4436 24.5146 79.4094 -2.88366 -2.52961 -54.009
24.4291 24.5018 79.1392 -2.92378 -2.56534 -54.0738
24.4144 24.4889 78.8687 -2.96402 -2.60119 -54.1387
24.3994 24.4758 78.5978 -3.00437 -2.63715 -54.2036
24.3843 24.4625 78.3266 -3.04483 -2.67322 -54.2686
24.369 24.4491 78.0551 -3.08541 -2.70941 -54.3336
24.3535 24.4355 77.7833 -3.1261 -2.74572 -54.3987
24.3377 24.4216 77.5111 -3.16691 -2.78213 -54.4639
24.3218 24.4076 77.2387 -3.20783 -2.81867 -54.5291
24.3056 24.3934 76.9658 -3.24887 -2.85532 -54.5944
24.2893 24.3791 76.6927 -3.29002 -2.89209 -54.6597
24.2727 24.3645 76.4193 -3.33129 -2.92898 -54.7251
24.256 24.3498 76.1455 -3.37268 -2.96598 -54.7905
24.239 24.3349 75.8713 -3.41419 -3.00311 -54.856
24.2218 24.3198 75.5969 -3.45581 -3.04035 -54.9216
24.2045 24.3045 75.3221 -3.49755 -3.07771 -54.9872
24.1869 24.289 75.047 -3.53942 -3.1152 -55.0529
24.1691 24.2733 74.7716 -3.5814 -3.1528 -55.1187
24.1511 24.2575 74.4958 -3.6235 -3.19053 -55.1845
24.1328 24.2414 74.2198 -3.66572 -3.22837 -55.2503
24.1144 24.2252 73.9433 -3.70807 -3.26634 -55.3163
24.0957 24.2087 73.6666 -3.75054 -3.30443 -55.3823
24.0769 24.1921 73.3895 -3.79313 -3.34265 -55.4483
24.0578 24.1753 73.1121 -3.83584 -3.38099 -55.5144
24.0385 24.1583 72.8344 -3.87868 -3.41945 -55.5806
24.019 24.1411 72.5563 -3.92164 -3.45804 -55.6468
23.9993 24.1237 72.2779 -3.96472 -3.49675 -55.7131
23.9794 24.1062 71.9992 -4.00793 -3.53559 -55.7794
23.9592 24.0884 71.7201 -4.05127 -3.57456 -55.8458
23.9389 24.0704 71.4407 -4.09473 -3.61365 -55.9123
23.9183 24.0522 71.161 -4.13832 -3.65287 -55.9788
23.8975 24.0339 70.8809 -4.18204 -3.69222 -56.0454
23.8765 24.0153 70.6005 -4.22588 -3.7317 -56.1121
23.8552 23.9966 70.3198 -4.26986 -3.77131 -56.1788
23.8338 23.9776 70.0387 -4.31396 -3.81105 -56.2456
23.8121 23.9585 69.7574 -4.35819 -3.85092 -56.3124
23.7902 23.9391 69.4756 -4.40255 -3.89092 -56.3793
23.7681 23.9195 69.1936 -4.44705 -3.93105 -56.4463
23.7457 23.8998 68.9112 -4.49167 -3.97131 -56.5133
23.7231 23.8798 68.6284 -4.53643 -4.01171 -56.5804
23.7004 23.8597 68.3454 -4.58132 -4.05224 -56.6475
23.6773 23.8393 68.0619 -4.62635 -4.0929 -56.7147
23.6541 23.8187 67.7782 -4.6715 -4.1337 -56.782
23.6306 23.798 67.4941 -4.7168 -4.17464 -56.8493
23.6069 23.777 67.2097 -4.76222 -4.21571 -56.9167
23.583 23.7558 66.925 -4.80779 -4.25691 -56.9842
23.5588 23.7344 66.6399 -4.85348 -4.29826 -57.0517
23.5345 23.7128 66.3544 -4.89932 -4.33974 -57.1193
23.5099 23.691 66.0687 -4.94529 -4.38136 -57.1869
23.485 23.669 65.7826 -4.99141 -4.42312 -57.2546
23.4599 23.6468 65.4961 -5.03766 -4.46502 -57.3224
23.4346 23.6244 65.2094 -5.08405 -4.50706 -57.3903
23.4091 23.6017 64.9222 -5.13058 -4.54924 -57.4582
23.3833 23.5789 64.6348 -5.17725 -4.59156 -57.5261
23.3573 23.5558 64.347 -5.22406 -4.63402 -57.5941
23.3311 23.5325 64.0588 -5.27102 -4.67663 -57.6622
23.3046 23.509 63.7703 -5.31812 -4.71938 -57.7304
23.2779 23.4853 63.4815 -5.36536 -4.76228 -57.7986
23.251 23.4614 63.1924 -5.41274 -4.80532 -57.8669
23.2238 23.4373 62.9029 -5.46027 -4.8485 -57.9352
23.1964 23.4129 62.613 -5.50795 -4.89183 -58.0037
23.1687 23.3884 62.3228 -5.55577 -4.93531 -58.0721
23.1408 23.3636 62.0323 -5.60373 -4.97893 -58.1407
23.1127 23.3386 61.7414 -5.65185 -5.02271 -58.2093
23.0843 23.3134 61.4502 -5.70011 -5.06663 -58.2779
23.0557 23.2879 61.1586 -5.74853 -5.1107 -58.3467
23.0268 23.2622 60.8667 -5.79709 -5.15493 -58.4155
22.9977 23.2364 60.5745 -5.8458 -5.1993 -58.4843
22.9683 23.2103 60.2819 -5.89466 -5.24382 -58.5533
22.9387 23.1839 59.9889 -5.94368 -5.2885 -58.6222
22.9089 23.1574 59.6957 -5.99284 -5.33333 -58.6913
22.8788 23.1306 59.402 -6.04216 -5.37832 -58.7604
22.8485 23.1036 59.1081 -6.09164 -5.42346 -58.8296
22.8179 23.0764 58.8137 -6.14126 -5.46875 -58.8989
22.7871 23.0489 58.5191 -6.19105 -5.5142 -58.9682
22.756 23.0212 58.2241 -6.24099 -5.55981 -59.0376
22.7247 22.9933 57.9287 -6.29108 -5.60557 -59.107
22.6931 22.9652 57.633 -6.34134 -5.6515 -59.1765
22.6612 22.9368 57.3369 -6.39175 -5.69758 -59.2461
22.6292 22.9082 57.0405 -6.44232 -5.74382 -59.3158
22.5968 22.8793 56.7438 -6.49305 -5.79022 -59.3855
22.5642 22.8503 56.4467 -6.54394 -5.83679 -59.4552
22.5314 22.821 56.1492 -6.59499 -5.88351 -59.5251
22.4983 22.7914 55.8514 -6.6462 -5.9304 -59.595
22.4649 22.7617 55.5533 -6.69758 -5.97745 -59.665
22.4313 22.7317 55.2548 -6.74912 -6.02467 -59.735
22.3974 22.7014 54.9559 -6.80082 -6.07205 -59.8051
22.3633 22.6709 54.6567 -6.85269 -6.1196 -59.8753
22.3289 22.6402 54.3572 -6.90473 -6.16731 -59.9455
22.2942 22.6093 54.0573 -6.95693 -6.2152 -60.0159
22.2593 22.5781 53.757 -7.0093 -6.26325 -60.0862
22.2242 22.5466 53.4564 -7.06184 -6.31147 -60.1567
22.1887 22.515 53.1554 -7.11455 -6.35986 -60.2272
22.153 22.483 52.8541 -7.16743 -6.40842 -60.2977
22.117 22.4509 52.5525 -7.22047 -6.45715 -60.3684
22.0808 22.4185 52.2504 -7.27369 -6.50606 -60.4391
22.0443 22.3858 51.9481 -7.32709 -6.55514 -60.5099
22.0075 22.3529 51.6453 -7.38065 -6.60439 -60.5807
21.9705 22.3198 51.3423 -7.43439 -6.65382 -60.6516
21.9332 22.2864 51.0388 -7.48831 -6.70342 -60.7226
21.8956 22.2527 50.735 -7.5424 -6.7532 -60.7936
21.8578 22.2188 50.4309 -7.59667 -6.80316 -60.8647
21.8196 22.1847 50.1264 -7.65111 -6.8533 -60.9359
21.7813 22.1503 49.8215 -7.70574 -6.90362 -61.0072
21.7426 22.1157 49.5163 -7.76054 -6.95411 -61.0785
21.7036 22.0808 49.2107 -7.81553 -7.00479 -61.1499
21.6644 22.0456 48.9048 -7.87069 -7.05565 -61.2213
21.6249 22.0102 48.5985 -7.92604 -7.1067 -61.2928
21.5852 21.9746 48.2919 -7.98157 -7.15793 -61.3644
21.5451 21.9386 47.9849 -8.03728 -7.20934 -61.436
21.5048 21.9025 47.6775 -8.09318 -7.26094 -61.5077
21.4642 21.866 47.3698 -8.14927 -7.31272 -61.5795
21.4233 21.8293 47.0617 -8.20554 -7.3647 -61.6514
21.3821 21.7924 46.7533 -8.262 -7.41686 -61.7233
21.3407 21.7552 46.4445 -8.31865 -7.46921 -61.7953
21.2989 21.7177 46.1353 -8.37549 -7.52175 -61.8673
21.2569 21.68 45.8258 -8.43252 -7.57449 -61.9394
21.2146 21.6419 45.516 -8.48974 -7.62741 -62.0116
21.172 21.6037 45.2057 -8.54715 -7.68053 -62.0839
21.1292 21.5651 44.8951 -8.60476 -7.73385 -62.1562
21.086 21.5263 44.5842 -8.66256 -7.78736 -62.2286
21.0425 21.4873 44.2728 -8.72055 -7.84107 -62.301
20.9988 21.4479 43.9611 -8.77874 -7.89497 -62.3736
20.9547 21.4083 43.6491 -8.83713 -7.94907 -62.4462
20.9104 21.3684 43.3367 -8.89572 -8.00338 -62.5188
20.8658 21.3283 43.0239 -8.95451 -8.05788 -62.5915
20.8209 21.2879 42.7108 -9.0135 -8.11258 -62.6643
20.7756 21.2472 42.3973 -9.07269 -8.16749 -62.7372
20.7301 21.2062 42.0834 -9.13208 -8.2226 -62.8101
20.6843 21.1649 41.7692 -9.19168 -8.27792 -62.8831
20.6382 21.1234 41.4546 -9.25148 -8.33344 -62.9562
20.5918 21.0816 41.1396 -9.31149 -8.38917 -63.0293
20.5451 21.0395 40.8243 -9.3717 -8.4451 -63.1025
20.4981 20.9971 40.5086 -9.43212 -8.50125 -63.1758
20.4508 20.9545 40.1925 -9.49275 -8.5576 -63.2491
20.4032 20.9116 39.8761 -9.55359 -8.61417 -63.3225
20.3552 20.8684 39.5593 -9.61464 -8.67095 -63.3959
20.307 20.8249 39.2421 -9.67591 -8.72794 -63.4695
20.2585 20.7811 38.9246 -9.73738 -8.78515 -63.5431
20.2096 20.737 38.6067 -9.79907 -8.84257 -63.6167
20.1605 20.6927 38.2884 -9.86098 -8.90021 -63.6905
20.111 20.648 37.9698 -9.9231 -8.95807 -63.7643
20.0613 20.6031 37.6508 -9.98545 -9.01614 -63.8381
20.0112 20.5578 37.3314 -10.048 -9.07444 -63.9121
19.9608 20.5123 37.0117 -10.1108 -9.13296 -63.9861
19.9101 20.4665 36.6915 -10.1738 -9.1917 -64.0601
19.859 20.4204 36.3711 -10.237 -9.25067 -64.1342
19.8077 20.374 36.0502 -10.3005 -9.30986 -64.2084
19.756 20.3273 35.729 -10.3641 -9.36927 -64.2827
19.7041 20.2803 35.4074 -10.428 -9.42892 -64.357
19.6518 20.233 35.0854 -10.4922 -9.48879 -64.4314
19.5991 20.1854 34.7631 -10.5565 -9.54889 -64.5059
19.5462 20.1375 34.4403 -10.6211 -9.60922 -64.5804
19.4929 20.0893 34.1173 -10.6859 -9.66979 -64.655
19.4393 20.0408 33.7938 -10.751 -9.73059 -64.7297
19.3854 19.992 33.47 -10.8163 -9.79162 -64.8044
19.3312 19.9429 33.1458 -10.8818 -9.8529 -64.8792
19.2766 19.8935 32.8212 -10.9475 -9.9144 -64.954
19.2217 19.8438 32.4962 -11.0135 -9.97615 -65.0289
19.1665 19.7937 32.1709 -11.0797 -10.0381 -65.1039
19.1109 19.7434 31.8452 -11.1462 -10.1004 -65.179
19.055 19.6927 31.5191 -11.2129 -10.1628 -65.2541
18.9988 19.6418 31.1926 -11.2799 -10.2256 -65.3293
18.9422 19.5905 30.8658 -11.3471 -10.2885 -65.4045
18.8853 19.5389 30.5386 -11.4145 -10.3517 -65.4798
18.8281 19.487 30.211 -11.4822 -10.4152 -65.5552
18.7705 19.4347 29.883 -11.5502 -10.4789 -65.6306
18.7126 19.3822 29.5547 -11.6183 -10.5428 -65.7061
18.6543 19.3293 29.226 -11.6868 -10.607 -65.7816
18.5957 19.2761 28.8969 -11.7555 -10.6715 -65.8573
18.5367 19.2226 28.5674 -11.8244 -10.7362 -65.933
18.4774 19.1687 28.2375 -11.8936 -10.8012 -66.0087
18.4178 19.1146 27.9073 -11.9631 -10.8664 -66.0845
18.3578 19.0601 27.5767 -12.0328 -10.9319 -66.1604
18.2975 19.0052 27.2457 -12.1027 -10.9977 -66.2363
18.2368 18.9501 26.9143 -12.173 -11.0637 -66.3123
18.1757 18.8946 26.5826 -12.2435 -11.13 -66.3884
18.1144 18.8388 26.2505 -12.3142 -11.1965 -66.4645
18.0526 18.7826 25.9179 -12.3853 -11.2633 -66.5407
17.9905 18.7262 25.5851 -12.4565 -11.3304 -66.6169
17.928 18.6693 25.2518 -12.5281 -11.3977 -66.6932
17.8652 18.6122 24.9181 -12.5999 -11.4653 -66.7696
17.802 18.5547 24.5841 -12.672 -11.5332 -66.846
17.7385 18.4969 24.2497 -12.7444 -11.6014 -66.9225
17.6746 18.4387 23.9149 -12.8171 -11.6698 -66.999
17.6103 18.3802 23.5797 -12.89 -11.7385 -67.0756
17.5457 18.3213 23.2441 -12.9632 -11.8075 -67.1523
17.4807 18.2621 22.9081 -13.0367 -11.8768 -67.229
17.4153 18.2025 22.5718 -13.1104 -11.9464 -67.3058
17.3496 18.1426 22.2351 -13.1845 -12.0162 -67.3826
17.2835 18.0824 21.898 -13.2588 -12.0863 -67.4595
17.217 18.0218 21.5605 -13.3334 -12.1568 -67.5365
17.1501 17.9608 21.2226 -13.4083 -12.2275 -67.6135
17.0829 17.8995 20.8844 -13.4835 -12.2985 -67.6905
17.0153 17.8378 20.5457 -13.559 -12.3697 -67.7677
16.9473 17.7758 20.2067 -13.6347 -12.4413 -67.8448
16.879 17.7134 19.8673 -13.7108 -12.5132 -67.9221
16.8102 17.6506 19.5275 -13.7872 -12.5854 -67.9994
16.7411 17.5875 19.1873 -13.8638 -12.6578 -68.0767
16.6716 17.5241 18.8467 -13.9408 -12.7306 -68.1541
16.6017 17.4602 18.5057 -14.018 -12.8037 -68.2316
16.5314 17.396 18.1644 -14.0956 -12.877 -68.3091
16.4607 17.3315 17.8226 -14.1735 -12.9507 -68.3866
16.3897 17.2665 17.4805 -14.2517 -13.0247 -68.4643
16.3182 17.2012 17.138 -14.3301 -13.099 -68.5419
16.2464 17.1355 16.7951 -14.4089 -13.1736 -68.6196
16.1741 17.0695 16.4518 -14.488 -13.2485 -68.6974
16.1015 17.003 16.1081 -14.5675 -13.3238 -68.7752
16.0284 16.9362 15.764 -14.6472 -13.3993 -68.8531
15.955 16.8691 15.4196 -14.7272 -13.4752 -68.931
15.8812 16.8015 15.0747 -14.8076 -13.5514 -69.009
15.8069 16.7335 14.7295 -14.8883 -13.6279 -69.087
15.7323 16.6652 14.3839 -14.9693 -13.7047 -69.1651
15.6572 16.5965 14.0378 -15.0507 -13.7819 -69.2432
15.5818 16.5274 13.6914 -15.1323 -13.8594 -69.3214
15.5059 16.4579 13.3446 -15.2143 -13.9372 -69.3996
15.4296 16.388 12.9974 -15.2967 -14.0154 -69.4779
15.353 16.3177 12.6499 -15.3793 -14.0938 -69.5562
15.2758 16.2471 12.3019 -15.4623 -14.1726 -69.6346
15.1983 16.176 11.9535 -15.5457 -14.2518 -69.713
15.1204 16.1046 11.6047 -15.6293 -14.3313 -69.7914
15.042 16.0327 11.2556 -15.7133 -14.4111 -69.8699
14.9633 15.9605 10.906 -15.7977 -14.4913 -69.9485
14.8841 15.8878 10.5561 -15.8824 -14.5718 -70.0271
14.8044 15.8147 10.2058 -15.9675 -14.6527 -70.1057
14.7244 15.7413 9.85505 -16.0528 -14.7339 -70.1843
14.6439 15.6674 9.50393 -16.1386 -14.8155 -70.2631
14.563 15.5931 9.15242 -16.2247 -14.8974 -70.3418
14.4817 15.5184 8.80051 -16.3111 -14.9796 -70.4206
14.3999 15.4433 8.44821 -16.398 -15.0623 -70.4994
14.3177 15.3678 8.09552 -16.4851 -15.1453 -70.5783
14.235 15.2919 7.74243 -16.5727 -15.2286 -70.6572
14.152 15.2155 7.38895 -16.6605 -15.3123 -70.7361
14.0684 15.1387 7.03507 -16.7488 -15.3964 -70.8151
13.9845 15.0615 6.6808 -16.8374 -15.4808 -70.8941
13.9001 14.9839 6.32613 -16.9264 -15.5657 -70.9732
13.8152 14.9059 5.97106 -17.0158 -15.6508 -71.0523
13.7299 14.8274 5.61561 -17.1055 -15.7364 -71.1314
13.6441 14.7485 5.25975 -17.1956 -15.8223 -71.2105
13.5579 14.6692 4.9035 -17.2861 -15.9086 -71.2897
13.4713 14.5894 4.54685 -17.377 -15.9953 -71.3689
13.3842 14.5092 4.18981 -17.4682 -16.0824 -71.4481
13.2966 14.4286 3.83237 -17.5598 -16.1699 -71.5274
13.2086 14.3475 3.47454 -17.6518 -16.2577 -71.6067
13.1201 14.266 3.11631 -17.7442 -16.346 -71.686
13.0311 14.1841 2.75768 -17.837 -16.4346 -71.7653
12.9417 14.1017 2.39865 -17.9302 -16.5236 -71.8447
12.8518 14.0188 2.03923 -18.0238 -16.6131 -71.924
12.7615 13.9356 1.67941 -18.1178 -16.7029 -72.0034
12.6707 13.8518 1.3192 -18.2122 -16.7931 -72.0828
12.5794 13.7676 0.958584 -18.3069 -16.8838 -72.1623
12.4876 13.683 0.597574 -18.4021 -16.9748 -72.2417
12.3953 13.5979 0.236167 -18.4977 -17.0662 -72.3212
12.3026 13.5123 -0.125638 -18.5937 -17.1581 -72.4007
12.2094 13.4263 -0.48784 -18.6901 -17.2504 -72.4802
12.1157 13.3398 -0.85044 -18.787 -17.3431 -72.5597
12.0215 13.2529 -1.21344 -18.8842 -17.4362 -72.6392
11.9269 13.1655 -1.57683 -18.9819 -17.5298 -72.7188
11.8317 13.0776 -1.94063 -19.08 -17.6237 -72.7983
11.7361 12.9892 -2.30482 -19.1785 -17.7181 -72.8779
11.6399 12.9004 -2.6694 -19.2774 -17.813 -72.9574
11.5433 12.8111 -3.03439 -19.3768 -17.9082 -73.037
11.4462 12.7213 -3.39977 -19.4766 -18.0039 -73.1165
11.3485 12.631 -3.76555 -19.5768 -18.1001 -73.1961
11.2504 12.5403 -4.13173 -19.6775 -18.1967 -73.2757
11.1517 12.4491 -4.49831 -19.7786 -18.2937 -73.3552
11.0526 12.3574 -4.86529 -19.8802 -18.3912 -73.4348
10.9529 12.2652 -5.23266 -19.9822 -18.4891 -73.5143
10.8528 12.1725 -5.60043 -20.0847 -18.5875 -73.5939
10.7521 12.0793 -5.9686 -20.1876 -18.6864 -73.6734
10.6509 11.9856 -6.33716 -20.2909 -18.7857 -73.753
10.5492 11.8914 -6.70613 -20.3948 -18.8854 -73.8325
10.447 11.7968 -7.07549 -20.499 -18.9857 -73.912
10.3442 11.7016 -7.44525 -20.6038 -19.0864 -73.9915
10.2409 11.6059 -7.8154 -20.709 -19.1875 -74.071
10.1371 11.5097 -8.18596 -20.8147 -19.2892 -74.1505
10.0328 11.413 -8.55691 -20.9208 -19.3913 -74.2299
9.9279 11.3158 -8.92826 -21.0275 -19.4939 -74.3093
9.82249 11.2181 -9.3 -21.1346 -19.597 -74.3887
9.71655 11.1198 -9.67214 -21.2422 -19.7006 -74.4681
9.61007 11.0211 -10.0447 -21.3502 -19.8047 -74.5475
9.50305 10.9218 -10.4176 -21.4588 -19.9093 -74.6268
9.39548 10.822 -10.791 -21.5678 -20.0143 -74.7061
9.28737 10.7216 -11.1647 -21.6774 -20.1199 -74.7853
9.17871 10.6208 -11.5388 -21.7874 -20.226 -74.8645
9.0695 10.5194 -11.9133 -21.898 -20.3325 -74.9437
8.95973 10.4174 -12.2882 -22.009 -20.4396 -75.0229
8.84941 10.315 -12.6636 -22.1206 -20.5472 -75.102
8.73852 10.212 -13.0393 -22.2326 -20.6554 -75.1811
8.62708 10.1084 -13.4154 -22.3452 -20.764 -75.2601
8.51507 10.0043 -13.7919 -22.4583 -20.8732 -75.3391
8.4025 9.89969 -14.1688 -22.5719 -20.9829 -75.418
8.28935 9.7945 -14.546 -22.6861 -21.0931 -75.4969
8.17564 9.68875 -14.9237 -22.8007 -21.2039 -75.5757
8.06134 9.58246 -15.3018 -22.9159 -21.3152 -75.6544
7.94648 9.4756 -15.6803 -23.0316 -21.427 -75.7331
7.83103 9.36819 -16.0591 -23.1479 -21.5394 -75.8118
7.715 9.26021 -16.4384 -23.2647 -21.6524 -75.8904
7.59838 9.15166 -16.818 -23.382 -21.7659 -75.9689
7.48118 9.04255 -17.1981 -23.4999 -21.8799 -76.0473
7.36338 8.93286 -17.5785 -23.6184 -21.9945 -76.1257
7.24499 8.8226 -17.9593 -23.7374 -22.1097 -76.204
7.12601 8.71177 -18.3405 -23.8569 -22.2254 -76.2822
7.00642 8.60035 -18.7222 -23.9771 -22.3418 -76.3603
6.88624 8.48835 -19.1041 -24.0978 -22.4587 -76.4384
6.76545 8.37576 -19.4865 -24.219 -22.5761 -76.5164
6.64405 8.26259 -19.8693 -24.3408 -22.6942 -76.5943
6.52204 8.14882 -20.2525 -24.4632 -22.8128 -76.672
6.39941 8.03446 -20.636 -24.5862 -22.9321 -76.7497
6.27617 7.9195 -21.02 -24.7098 -23.0519 -76.8273
6.15232 7.80394 -21.4043 -24.834 -23.1724 -76.9048
6.02783 7.68778 -21.789 -24.9587 -23.2934 -76.9822
5.90273 7.571 -22.1741 -25.0841 -23.415 -77.0595
5.77699 7.45362 -22.5596 -25.21 -23.5373 -77.1367
5.65063 7.33563 -22.9455 -25.3366 -23.6602 -77.2138
5.52363 7.21702 -23.3318 -25.4637 -23.7837 -77.2907
5.39599 7.09779 -23.7184 -25.5915 -23.9078 -77.3676
5.26771 6.97794 -24.1054 -25.7199 -24.0326 -77.4443
5.13879 6.85747 -24.4928 -25.8489 -24.158 -77.5209
5.00922 6.73636 -24.8806 -25.9785 -24.284 -77.5973
4.87901 6.61463 -25.2688 -26.1088 -24.4107 -77.6736
4.74814 6.49226 -25.6574 -26.2397 -24.538 -77.7498
4.61661 6.36925 -26.0463 -26.3712 -24.6659 -77.8259
4.48442 6.2456 -26.4356 -26.5034 -24.7946 -77.9018
4.35157 6.1213 -26.8253 -26.6363 -24.9239 -77.9775
4.21806 5.99636 -27.2154 -26.7697 -25.0538 -78.0531
4.08388 5.87076 -27.6059 -26.9039 -25.1844 -78.1285
3.94902 5.74451 -27.9967 -27.0387 -25.3157 -78.2038
3.81349 5.61761 -28.3879 -27.1741 -25.4477 -78.2789
3.67728 5.49004 -28.7795 -27.3102 -25.5804 -78.3539
3.54039 5.3618 -29.1714 -27.447 -25.7137 -78.4287
3.40281 5.2329 -29.5638 -27.5845 -25.8478 -78.5032
3.26454 5.10332 -29.9565 -27.7227 -25.9825 -78.5777
3.12558 4.97307 -30.3496 -27.8615 -26.118 -78.6519
2.98593 4.84214 -30.743 -28.0011 -26.2541 -78.7259
2.84557 4.71053 -31.1368 -28.1413 -26.391 -78.7998
2.70451 4.57823 -31.531 -28.2822 -26.5286 -78.8734
2.56275 4.44525 -31.9255 -28.4239 -26.6669 -78.9468
2.42028 4.31156 -32.3205 -28.5662 -26.806 -79.0201
2.27709 4.17719 -32.7157 -28.7093 -26.9458 -79.0931
2.13318 4.04211 -33.1114 -28.8531 -27.0863 -79.1659
1.98856 3.90632 -33.5074 -28.9976 -27.2276 -79.2384
1.84321 3.76983 -33.9038 -29.1428 -27.3696 -79.3108
1.69713 3.63263 -34.3005 -29.2888 -27.5124 -79.3829
1.55032 3.49471 -34.6976 -29.4356 -27.6559 -79.4547
1.40277 3.35607 -35.0951 -29.583 -27.8002 -79.5263
1.25449 3.21671 -35.4929 -29.7312 -27.9453 -79.5977
1.10546 3.07662 -35.891 -29.8802 -28.0911 -79.6688
0.955685 2.93579 -36.2896 -30.03 -28.2378 -79.7397
0.80516 2.79424 -36.6884 -30.1805 -28.3852 -79.8102
0.653881 2.65194 -37.0877 -30.3318 -28.5334 -79.8805
0.501843 2.5089 -37.4872 -30.4838 -28.6824 -79.9506
0.349042 2.36512 -37.8872 -30.6367 -28.8323 -80.0203
0.195476 2.22058 -38.2874 -30.7903 -28.9829 -80.0898
0.0411394 2.07529 -38.6881 -30.9447 -29.1344 -80.1589
-0.113971 1.92924 -39.089 -31.0999 -29.2867 -80.2278
-0.26986 1.78242 -39.4903 -31.256 -29.4398 -80.2963
-0.426531 1.63484 -39.892 -31.4128 -29.5937 -80.3645
-0.583988 1.48648 -40.294 -31.5705 -29.7485 -80.4324
-0.742236 1.33735 -40.6963 -31.729 -29.9042 -80.5
-0.901278 1.18744 -41.099 -31.8883 -30.0607 -80.5672
-1.06112 1.03675 -41.502 -32.0484 -30.218 -80.6341
-1.22176 0.885261 -41.9053 -32.2094 -30.3762 -80.7007
-1.38321 0.732983 -42.309 -32.3712 -30.5353 -80.7668
-1.54547 0.579907 -42.713 -32.5339 -30.6953 -80.8326
-1.70855 0.426029 -43.1173 -32.6975 -30.8562 -80.8981
-1.87245 0.271345 -43.522 -32.8619 -31.0179 -80.9632
-2.03717 0.115849 -43.927 -33.0271 -31.1806 -81.0278
-2.20272 -0.0404614 -44.3323 -33.1933 -31.3442 -81.0921
-2.3691 -0.197592 -44.7379 -33.3603 -31.5086 -81.156
-2.53632 -0.355548 -45.1438 -33.5283 -31.674 -81.2194
-2.70439 -0.514333 -45.5501 -33.6971 -31.8403 -81.2825
-2.8733 -0.673952 -45.9566 -33.8668 -32.0076 -81.3451
-3.04305 -0.834409 -46.3635 -34.0374 -32.1758 -81.4073
-3.21367 -0.99571 -46.7707 -34.209 -32.3449 -81.469
-3.38514 -1.15786 -47.1782 -34.3814 -32.515 -81.5303
-3.55748 -1.32086 -47.586 -34.5548 -32.6861 -81.5912
-3.73069 -1.48472 -47.9941 -34.7291 -32.8581 -81.6515
-3.90478 -1.64944 -48.4025 -34.9044 -33.0311 -81.7114
-4.07974 -1.81503 -48.8112 -35.0806 -33.205 -81.7708
-4.25558 -1.98149 -49.2202 -35.2578 -33.38 -81.8297
-4.43231 -2.14883 -49.6295 -35.4359 -33.556 -81.888
-4.60994 -2.31705 -50.0391 -35.615 -33.7329 -81.9459
-4.78846 -2.48616 -50.449 -35.795 -33.9109 -82.0033
-4.96789 -2.65616 -50.8591 -35.9761 -34.0899 -82.0601
-5.14823 -2.82706 -51.2696 -36.1581 -34.2699 -82.1163
-5.32947 -2.99886 -51.6803 -36.3411 -34.4509 -82.172
-5.51164 -3.17157 -52.0913 -36.5252 -34.633 -82.2271
-5.69472 -3.34519 -52.5026 -36.7102 -34.8162 -82.2817
-5.87874 -3.51973 -52.9141 -36.8963 -35.0004 -82.3357
-6.06369 -3.69519 -53.3259 -37.0833 -35.1856 -82.389
-6.24957 -3.87159 -53.738 -37.2714 -35.3719 -82.4418
-6.4364 -4.04891 -54.1504 -37.4606 -35.5593 -82.4939
-6.62418 -4.22718 -54.563 -37.6508 -35.7478 -82.5454
-6.81291 -4.40639 -54.9758 -37.842 -35.9374 -82.5963
-7.0026 -4.58655 -55.3889 -38.0343 -36.1281 -82.6465
-7.19325 -4.76767 -55.8023 -38.2276 -36.3199 -82.696
-7.38487 -4.94975 -56.2159 -38.4221 -36.5128 -82.7449
-7.57747 -5.1328 -56.6297 -38.6176 -36.7068 -82.7931
-7.77105 -5.31682 -57.0438 -38.8142 -36.902 -82.8405
-7.96561 -5.50182 -57.4581 -39.0119 -37.0983 -82.8873
-8.16117 -5.68781 -57.8727 -39.2107 -37.2958 -82.9333
-8.35772 -5.87478 -58.2875 -39.4106 -37.4944 -82.9785
-8.55527 -6.06275 -58.7025 -39.6116 -37.6942 -83.023
-8.75384 -6.25172 -59.1177 -39.8138 -37.8952 -83.0668
-8.95341 -6.4417 -59.5331 -40.017 -38.0973 -83.1097
-9.15401 -6.6327 -59.9488 -40.2215 -38.3007 -83.1519
-9.35563 -6.82471 -60.3647 -40.427 -38.5052 -83.1932
-9.55828 -7.01775 -60.7807 -40.6338 -38.711 -83.2337
-9.76196 -7.21182 -61.197 -40.8417 -38.918 -83.2734
-9.96669 -7.40693 -61.6135 -41.0507 -39.1262 -83.3122
-10.1725 -7.60308 -62.0301 -41.261 -39.3356 -83.3501
-10.3793 -7.80028 -62.447 -41.4724 -39.5463 -83.3872
-10.5872 -7.99854 -62.864 -41.685 -39.7582 -83.4233
-10.7962 -8.19787 -63.2812 -41.8989 -39.9714 -83.4585
-11.0062 -8.39826 -63.6986 -42.1139 -40.1858 -83.4928
-11.2173 -8.59972 -64.1161 -42.3302 -40.4016 -83.5262
-11.4295 -8.80227 -64.5338 -42.5477 -40.6186 -83.5585
-11.6428 -9.00591 -64.9517 -42.7664 -40.8369 -83.5899
-11.8572 -9.21064 -65.3697 -42.9864 -41.0565 -83.6203
-12.0726 -9.41648 -65.7879 -43.2076 -41.2775 -83.6497
-12.2892 -9.62342 -66.2062 -43.4301 -41.4997 -83.678
-12.5069 -9.83147 -66.6247 -43.6538 -41.7233 -83.7053
-12.7258 -10.0407 -67.0433 -43.8788 -41.9483 -83.7314
-12.9457 -10.251 -67.462 -44.1051 -42.1745 -83.7565
-13.1668 -10.4624 -67.8808 -44.3327 -42.4022 -83.7805
-13.389 -10.675 -68.2998 -44.5616 -42.6312 -83.8034
-13.6124 -10.8887 -68.7189 -44.7918 -42.8616 -83.8251
-13.837 -11.1036 -69.1381 -45.0233 -43.0933 -83.8456
-14.0627 -11.3196 -69.5573 -45.2562 -43.3265 -83.8649
-14.2895 -11.5369 -69.9767 -45.4904 -43.561 -83.8831
-14.5176 -11.7553 -70.3962 -45.7259 -43.797 -83.9
-14.7468 -11.9748 -70.8157 -45.9627 -44.0344 -83.9156
-14.9772 -12.1956 -71.2353 -46.2009 -44.2732 -83.93
-15.2088 -12.4176 -71.655 -46.4405 -44.5135 -83.943
-15.4416 -12.6407 -72.0747 -46.6815 -44.7552 -83.9548
-15.6756 -12.8651 -72.4945 -46.9238 -44.9984 -83.9652
-15.9108 -13.0907 -72.9144 -47.1675 -45.243 -83.9742
-16.1473 -13.3175 -73.3343 -47.4126 -45.4891 -83.9819
-16.385 -13.5456 -73.7542 -47.6592 -45.7367 -83.9881
-16.6239 -13.7749 -74.1742 -47.9071 -45.9858 -83.9929
-16.864 -14.0055 -74.5941 -48.1564 -46.2364 -83.9962
-17.1054 -14.2373 -75.0141 -48.4072 -46.4885 -83.9981
-17.3481 -14.4703 -75.4341 -48.6594 -46.7421 -83.9984
-17.592 -14.7047 -75.8541 -48.9131 -46.9972 -83.9972
-17.8372 -14.9403 -76.2741 -49.1682 -47.2539 -83.9945
-18.0837 -15.1772 -76.6941 -49.4247 -47.5121 -83.9901
-18.3315 -15.4154 -77.114 -49.6828 -47.7719 -83.9842
-18.5805 -15.655 -77.5339 -49.9423 -48.0332 -83.9766
-18.8309 -15.8958 -77.9538 -50.2033 -48.2962 -83.9673
-19.0826 -16.1379 -78.3736 -50.4657 -48.5607 -83.9563
-19.3356 -16.3814 -78.7933 -50.7297 -48.8267 -83.9436
-19.5899 -16.6262 -79.213 -50.9952 -49.0944 -83.9292
-19.8455 -16.8723 -79.6326 -51.2621 -49.3637 -83.9129
-20.1025 -17.1198 -80.0521 -51.5306 -49.6346 -83.8948
-20.3608 -17.3687 -80.4716 -51.8006 -49.9071 -83.8749
-20.6205 -17.6189 -80.8909 -52.0722 -50.1813 -83.8532
-20.8815 -17.8705 -81.3101 -52.3453 -50.457 -83.8295
-21.144 -18.1235 -81.7292 -52.6199 -50.7345 -83.8038
-21.4077 -18.3778 -82.1481 -52.8961 -51.0136 -83.7762
-21.6729 -18.6336 -82.5669 -53.1738 -51.2943 -83.7466
-21.9395 -18.8908 -82.9856 -53.4531 -51.5767 -83.7149
-22.2074 -19.1494 -83.4041 -53.734 -51.8608 -83.6812
-22.4768 -19.4094 -83.8224 -54.0164 -52.1466 -83.6454
-22.7476 -19.6708 -84.2405 -54.3004 -52.4341 -83.6074
-23.0198 -19.9337 -84.6585 -54.586 -52.7232 -83.5673
-23.2935 -20.1981 -85.0762 -54.8732 -53.0141 -83.5249
-23.5686 -20.4639 -85.4937 -55.162 -53.3067 -83.4803
-23.8451 -20.7311 -85.911 -55.4524 -53.601 -83.4334
-24.1231 -20.9999 -86.3281 -55.7444 -53.897 -83.3841
-24.4025 -21.2701 -86.7449 -56.0381 -54.1947 -83.3326
-24.6835 -21.5418 -87.1614 -56.3333 -54.4942 -83.2786
-24.9659 -21.815 -87.5776 -56.6302 -54.7954 -83.2221
-25.2498 -22.0898 -87.9936 -56.9287 -55.0984 -83.1632
-25.5352 -22.366 -88.4093 -57.2288 -55.4031 -83.1018
-25.8221 -22.6438 -88.8246 -57.5305 -55.7096 -83.0378
-26.1105 -22.9231 -89.2397 -57.8339 -56.0179 -82.9712
-26.4004 -23.204 -89.6543 -58.139 -56.3279 -82.9019
-26.6919 -23.4864 -90.0687 -58.4456 -56.6397 -82.83
-26.9848 -23.7704 -90.4826 -58.754 -56.9533 -82.7553
-27.2794 -24.0559 -90.8962 -59.0639 -57.2686 -82.6779
-27.5755 -24.3431 -91.3094 -59.3756 -57.5858 -82.5976
-27.8731 -24.6318 -91.7222 -59.6889 -57.9047 -82.5145
-28.1724 -24.9221 -92.1346 -60.0038 -58.2254 -82.4285
-28.4732 -25.214 -92.5465 -60.3204 -58.5479 -82.3395
-28.7756 -25.5076 -92.958 -60.6386 -58.8722 -82.2475
-29.0796 -25.8028 -93.369 -60.9585 -59.1983 -82.1524
-29.3852 -26.0996 -93.7795 -61.2801 -59.5262 -82.0543
-29.6924 -26.398 -94.1895 -61.6033 -59.8559 -81.953
-30.0012 -26.6981 -94.599 -61.9282 -60.1874 -81.8485
-30.3117 -26.9999 -95.008 -62.2547 -60.5207 -81.7407
-30.6237 -27.3033 -95.4164 -62.5829 -60.8558 -81.6296
-30.9375 -27.6085 -95.8243 -62.9128 -61.1927 -81.5152
-31.2529 -27.9153 -96.2316 -63.2443 -61.5315 -81.3974
-31.5699 -28.2238 -96.6383 -63.5774 -61.872 -81.2761
-31.8886 -28.534 -97.0443 -63.9122 -62.2143 -81.1514
-32.209 -28.8459 -97.4498 -64.2487 -62.5584 -81.023
-32.5311 -29.1596 -97.8546 -64.5867 -62.9043 -80.891
-32.8549 -29.475 -98.2587 -64.9264 -63.252 -80.7554
-33.1804 -29.7921 -98.6621 -65.2678 -63.6015 -80.616
-33.5076 -30.111 -99.0648 -65.6107 -63.9527 -80.4728
-33.8365 -30.4316 -99.4668 -65.9553 -64.3058 -80.3258
-34.1671 -30.754 -99.8681 -66.3015 -64.6606 -80.1749
-34.4995 -31.0782 -100.269 -66.6492 -65.0172 -80.02
-34.8336 -31.4042 -100.668 -66.9986 -65.3755 -79.8611
-35.1695 -31.732 -101.067 -67.3496 -65.7356 -79.6981
-35.5071 -32.0616 -101.465 -67.7021 -66.0975 -79.5309
-35.8465 -32.393 -101.863 -68.0562 -66.4611 -79.3596
-36.1877 -32.7262 -102.259 -68.4119 -66.8264 -79.184
-36.5306 -33.0612 -102.654 -68.7691 -67.1934 -79.004
-36.8754 -33.3981 -103.049 -69.1278 -67.5622 -78.8197
-37.2219 -33.7368 -103.443 -69.488 -67.9326 -78.6309
-37.5703 -34.0774 -103.835 -69.8498 -68.3047 -78.4375
-37.9204 -34.4199 -104.227 -70.213 -68.6785 -78.2396
-38.2724 -34.7642 -104.618 -70.5777 -69.0539 -78.037
-38.6262 -35.1104 -105.007 -70.9439 -69.431 -77.8297
-38.9818 -35.4585 -105.396 -71.3115 -69.8097 -77.6176
-39.3393 -35.8085 -105.783 -71.6805 -70.1901 -77.4007
-39.6986 -36.1604 -106.17 -72.0509 -70.572 -77.1788
-40.0598 -36.5142 -106.555 -72.4228 -70.9554 -76.952
-40.4229 -36.87 -106.939 -72.7959 -71.3405 -76.7201
-40.7878 -37.2276 -107.322 -73.1705 -71.7271 -76.483
-41.1546 -37.5872 -107.704 -73.5463 -72.1152 -76.2408
-41.5232 -37.9488 -108.085 -73.9234 -72.5047 -75.9933
-41.8938 -38.3123 -108.464 -74.3018 -72.8958 -75.7404
-42.2663 -38.6777 -108.842 -74.6815 -73.2883 -75.4821
-42.6406 -39.0452 -109.219 -75.0623 -73.6822 -75.2184
-43.0169 -39.4146 -109.594 -75.4444 -74.0775 -74.9491
-43.3951 -39.7859 -109.969 -75.8276 -74.4741 -74.6741
-43.7752 -40.1593 -110.341 -76.2119 -74.8721 -74.3935
-44.1572 -40.5347 -110.712 -76.5974 -75.2714 -74.1071
-44.5411 -40.912 -111.082 -76.9839 -75.672 -73.8148
-44.927 -41.2914 -111.451 -77.3714 -76.0738 -73.5167
-45.3148 -41.6728 -111.817 -77.7599 -76.4768 -73.2125
-45.7046 -42.0562 -112.183 -78.1494 -76.8809 -72.9022
-46.0963 -42.4416 -112.546 -78.5398 -77.2862 -72.5859
-46.49 -42.829 -112.909 -78.9311 -77.6926 -72.2633
-46.8856 -43.2185 -113.269 -79.3232 -78.1001 -71.9344
-47.2832 -43.61 -113.628 -79.7161 -78.5085 -71.5991
-47.6828 -44.0036 -113.985 -80.1098 -78.918 -71.2575
-48.0843 -44.3992 -114.34 -80.5041 -79.3283 -70.9093
-48.4878 -44.7969 -114.694 -80.8992 -79.7396 -70.5545
-48.8933 -45.1966 -115.046 -81.2948 -80.1516 -70.1931
-49.3008 -45.5984 -115.396 -81.691 -80.5645 -69.8249
-49.7102 -46.0022 -115.744 -82.0877 -80.9781 -69.4499
-50.1217 -46.4082 -116.091 -82.4849 -81.3923 -69.0681
-50.5351 -46.8162 -116.435 -82.8825 -81.8072 -68.6793
-50.9505 -47.2262 -116.777 -83.2805 -82.2227 -68.2835
-51.3679 -47.6384 -117.118 -83.6787 -82.6387 -67.8807
-51.7873 -48.0526 -117.456 -84.0771 -83.0551 -67.4706
-52.2087 -48.4689 -117.793 -84.4758 -83.4719 -67.0534
-52.632 -48.8873 -118.127 -84.8745 -83.8891 -66.6288
-53.0574 -49.3078 -118.459 -85.2733 -84.3066 -66.1969
-53.4848 -49.7304 -118.789 -85.6721 -84.7242 -65.7575
-53.9141 -50.1551 -119.116 -86.0708 -85.142 -65.3107
-54.3455 -50.5818 -119.442 -86.4693 -85.5599 -64.8563
-54.7788 -51.0107 -119.765 -86.8676 -85.9777 -64.3943
-55.2141 -51.4416 -120.086 -87.2656 -86.3955 -63.9246
-55.6515 -51.8746 -120.404 -87.6632 -86.8131 -63.4471
-56.0908 -52.3097 -120.72 -88.0604 -87.2306 -62.9618
-56.5321 -52.7469 -121.034 -88.457 -87.6477 -62.4687
-56.9753 -53.1862 -121.345 -88.8531 -88.0644 -61.9676
-57.4206 -53.6276 -121.653 -89.2484 -88.4807 -61.4586
-57.8678 -54.071 -121.959 -89.643 -88.8964 -60.9415
-58.317 -54.5165 -122.263 -90.0367 -89.3115 -60.4164
-58.7682 -54.9641 -122.564 -90.4294 -89.7258 -59.8831
-59.2213 -55.4138 -122.862 -90.8212 -90.1394 -59.3416
-59.6764 -55.8655 -123.157 -91.2118 -90.5521 -58.7919
-60.1334 -56.3193 -123.45 -91.6011 -90.9637 -58.234
-60.5924 -56.7751 -123.739 -91.9892 -91.3743 -57.6677
-61.0533 -57.233 -124.026 -92.3759 -91.7837 -57.0931
-61.5162 -57.693 -124.31 -92.761 -92.1918 -56.5101
-61.9809 -58.155 -124.591 -93.1446 -92.5985 -55.9187
-62.4476 -58.619 -124.87 -93.5264 -93.0038 -55.3189
-62.9162 -59.085 -125.145 -93.9065 -93.4074 -54.7105
-63.3867 -59.553 -125.417 -94.2846 -93.8094 -54.0937
-63.859 -60.0231 -125.686 -94.6607 -94.2095 -53.4684
-64.3333 -60.4951 -125.951 -95.0347 -94.6078 -52.8345
-64.8094 -60.9692 -126.214 -95.4065 -95.004 -52.192
-65.2874 -61.4452 -126.473 -95.7759 -95.3981 -51.541
-65.7672 -61.9231 -126.729 -96.1429 -95.79 -50.8814
-66.2488 -62.4031 -126.982 -96.5073 -96.1795 -50.2133
-66.7322 -62.8849 -127.231 -96.8691 -96.5665 -49.5365
-67.2175 -63.3687 -127.477 -97.228 -96.951 -48.8512
-67.7045 -63.8544 -127.72 -97.5841 -97.3327 -48.1573
-68.1933 -64.3421 -127.959 -97.9371 -97.7116 -47.4549
-68.6839 -64.8316 -128.195 -98.287 -98.0876 -46.7439
-69.1762 -65.3229 -128.426 -98.6336 -98.4605 -46.0244
-69.6702 -65.8162 -128.655 -98.9768 -98.8302 -45.2963
-70.1659 -66.3112 -128.879 -99.3166 -99.1966 -44.5599
-70.6634 -66.8081 -129.1 -99.6527 -99.5596 -43.8149
-71.1625 -67.3068 -129.318 -99.9851 -99.919 -43.0616
-71.6632 -67.8073 -129.531 -100.314 -100.275 -42.2999
-72.1656 -68.3096 -129.741 -100.638 -100.627 -41.5299
-72.6696 -68.8136 -129.946 -100.958 -100.974 -40.7516
-73.1752 -69.3193 -130.148 -101.275 -101.318 -39.9651
-73.6823 -69.8268 -130.346 -101.586 -101.658 -39.1705
-74.1911 -70.3359 -130.54 -101.894 -101.993 -38.3678
-74.7013 -70.8467 -130.73 -102.197 -102.324 -37.5571
-75.213 -71.3591 -130.915 -102.495 -102.651 -36.7384
-75.7262 -71.8732 -131.097 -102.788 -102.972 -35.9119
-76.2409 -72.3888 -131.274 -103.076 -103.289 -35.0776
-76.757 -72.9061 -131.448 -103.359 -103.601 -34.2357
-77.2745 -73.4249 -131.617 -103.637 -103.908 -33.3862
-77.7934 -73.9452 -131.782 -103.909 -104.209 -32.5292
-78.3136 -74.4669 -131.942 -104.176 -104.505 -31.6648
-78.8351 -74.9902 -132.098 -104.438 -104.796 -30.7932
-79.358 -75.5149 -132.25 -104.694 -105.081 -29.9144
-79.8821 -76.041 -132.397 -104.944 -105.361 -29.0286
-80.4074 -76.5685 -132.54 -105.188 -105.635 -28.136
-80.9339 -77.0974 -132.679 -105.426 -105.902 -27.2366
-81.4616 -77.6275 -132.813 -105.658 -106.164 -26.3305
-81.9905 -78.159 -132.942 -105.883 -106.42 -25.418
-82.5205 -78.6917 -133.067 -106.103 -106.669 -24.4992
-83.0515 -79.2257 -133.187 -106.316 -106.912 -23.5743
-83.5836 -79.7608 -133.303 -106.522 -107.148 -22.6433
-84.1167 -80.2972 -133.414 -106.721 -107.378 -21.7065
-84.6508 -80.8346 -133.52 -106.914 -107.601 -20.764
-85.1859 -81.3732 -133.621 -107.1 -107.817 -19.816
-85.7218 -81.9128 -133.718 -107.279 -108.027 -18.8626
-86.2587 -82.4534 -133.81 -107.451 -108.229 -17.9042
-86.7964 -82.9951 -133.897 -107.616 -108.424 -16.9408
-87.3348 -83.5377 -133.979 -107.773 -108.612 -15.9726
-87.8741 -84.0812 -134.057 -107.924 -108.793 -14.9999
-88.4141 -84.6256 -134.129 -108.067 -108.967 -14.0228
-88.9548 -85.1709 -134.197 -108.202 -109.133 -13.0415
-89.4961 -85.7169 -134.26 -108.33 -109.291 -12.0563
-90.0381 -86.2638 -134.317 -108.451 -109.442 -11.0673
-90.5806 -86.8113 -134.37 -108.563 -109.585 -10.0748
-91.1237 -87.3596 -134.418 -108.668 -109.721 -9.07893
-91.6673 -87.9086 -134.461 -108.766 -109.849 -8.08
-92.2113 -88.4581 -134.499 -108.855 -109.969 -7.07819
-92.7558 -89.0082 -134.532 -108.937 -110.081 -6.07372
-93.3007 -89.5589 -134.56 -109.01 -110.185 -5.06682
-93.8459 -90.1101 -134.583 -109.076 -110.282 -4.05773
-94.3915 -90.6617 -134.6 -109.134 -110.37 -3.04667
-94.9373 -91.2138 -134.613 -109.184 -110.45 -2.03387
-95.4833 -91.7662 -134.621 -109.225 -110.522 -1.01957
-96.0295 -92.319 -134.623 -109.259 -110.586 -0.00399701
-96.5759 -92.8721 -134.621 -109.285 -110.642 1.0126
-97.1224 -93.4254 -134.613 -109.302 -110.69 2.03
-97.6689 -93.979 -134.6 -109.312 -110.729 3.04796
-98.2155 -94.5327 -134.583 -109.313 -110.761 4.06623
-98.762 -95.0866 -134.56 -109.306 -110.784 5.08459
-99.3085 -95.6406 -134.532 -109.292 -110.799 6.1028
-99.855 -96.1946 -134.499 -109.269 -110.806 7.12061
-100.401 -96.7486 -134.461 -109.238 -110.805 8.1378
-100.947 -97.3026 -134.417 -109.199 -110.796 9.15413
-101.493 -97.8566 -134.369 -109.152 -110.778 10.1694
-102.039 -98.4104 -134.316 -109.097 -110.753 11.1833
-102.584 -98.9641 -134.257 -109.034 -110.719 12.1956
-103.129 -99.5176 -134.194 -108.963 -110.678 13.2061
-103.674 -100.071 -134.125 -108.884 -110.628 14.2147
-104.218 -100.624 -134.052 -108.798 -110.571 15.2209
-104.762 -101.177 -133.973 -108.704 -110.505 16.2248
-105.305 -101.729 -133.889 -108.602 -110.432 17.2259
-105.848 -102.281 -133.801 -108.492 -110.351 18.2241
-106.39 -102.832 -133.707 -108.374 -110.262 19.2192
-106.932 -103.384 -133.608 -108.25 -110.165 20.211
-107.472 -103.934 -133.505 -108.117 -110.061 21.1992
-108.013 -104.484 -133.397 -107.977 -109.949 22.1837
-108.552 -105.034 -133.283 -107.83 -109.83 23.1642
-109.091 -105.582 -133.165 -107.676 -109.703 24.1406
-109.629 -106.131 -133.042 -107.514 -109.569 25.1126
-110.166 -106.678 -132.914 -107.346 -109.428 26.0801
-110.702 -107.225 -132.781 -107.17 -109.28 27.0429
-111.238 -107.771 -132.643 -106.988 -109.124 28.0008
-111.772 -108.316 -132.501 -106.798 -108.962 28.9537
-112.306 -108.861 -132.354 -106.602 -108.792 29.9013
-112.838 -109.404 -132.202 -106.4 -108.616 30.8434
-113.37 -109.947 -132.045 -106.19 -108.433 31.78
-113.9 -110.488 -131.884 -105.975 -108.244 32.7109
-114.43 -111.029 -131.718 -105.753 -108.048 33.6359
-114.958 -111.569 -131.548 -105.525 -107.846 34.5548
-115.485 -112.108 -131.373 -105.29 -107.637 35.4676
-116.011 -112.645 -131.193 -105.05 -107.422 36.374
-116.535 -113.182 -131.009 -104.804 -107.201 37.274
-117.059 -113.717 -130.82 -104.552 -106.974 38.1675
-117.581 -114.252 -130.627 -104.295 -106.742 39.0542
-118.102 -114.785 -130.43 -104.032 -106.503 39.9341
-118.621 -115.317 -130.228 -103.763 -106.259 40.807
-119.139 -115.847 -130.022 -103.489 -106.01 41.673
-119.656 -116.377 -129.811 -103.211 -105.755 42.5318
-120.171 -116.905 -129.596 -102.927 -105.494 43.3833
-120.685 -117.432 -129.377 -102.638 -105.229 44.2275
-121.198 -117.957 -129.154 -102.344 -104.959 45.0643
-121.709 -118.481 -128.927 -102.045 -104.683 45.8936
-122.218 -119.004 -128.695 -101.742 -104.403 46.7153
-122.726 -119.525 -128.46 -101.435 -104.118 47.5294
-123.233 -120.045 -128.22 -101.123 -103.829 48.3358
-123.737 -120.564 -127.976 -100.807 -103.535 49.1343
-124.241 -121.08 -127.729 -100.487 -103.237 49.925
-124.742 -121.596 -127.477 -100.163 -102.935 50.7079
-125.242 -122.11 -127.222 -99.8353 -102.629 51.4828
-125.741 -122.622 -126.962 -99.5036 -102.318 52.2497
-126.237 -123.133 -126.699 -99.1684 -102.004 53.0085
-126.732 -123.642 -126.432 -98.8297 -101.687 53.7594
-127.226 -124.15 -126.161 -98.4876 -101.365 54.5021
-127.717 -124.656 -125.887 -98.1422 -101.04 55.2367
-128.207 -125.16 -125.609 -97.7937 -100.712 55.9631
-128.695 -125.663 -125.327 -97.4422 -100.38 56.6815
-129.182 -126.164 -125.042 -97.0878 -100.046 57.3916
-129.666 -126.663 -124.754 -96.7306 -99.7079 58.0935
-130.149 -127.161 -124.461 -96.3706 -99.3673 58.7873
-130.63 -127.657 -124.166 -96.0081 -99.0238 59.4728
-131.109 -128.151 -123.867 -95.6432 -98.6777 60.1502
-131.586 -128.644 -123.564 -95.2758 -98.3289 60.8193
-132.062 -129.135 -123.258 -94.9063 -97.9777 61.4803
-132.535 -129.624 -122.949 -94.5345 -97.6241 62.1331
-133.007 -130.111 -122.637 -94.1608 -97.2683 62.7778
-133.477 -130.596 -122.322 -93.7851 -96.9102 63.4143
-133.945 -131.08 -122.003 -93.4075 -96.5501 64.0426
-134.411 -131.562 -121.681 -93.0282 -96.188 64.6629
-134.875 -132.042 -121.356 -92.6472 -95.8241 65.2751
-135.337 -132.52 -121.028 -92.2647 -95.4583 65.8792
-135.798 -132.997 -120.698 -91.8808 -95.0909 66.4753
-136.256 -133.471 -120.364 -91.4955 -94.7219 67.0635
-136.713 -133.944 -120.027 -91.1089 -94.3514 67.6436
-137.167 -134.415 -119.687 -90.7211 -93.9795 68.2159
-137.62 -134.884 -119.345 -90.3322 -93.6063 68.7803
-138.071 -135.351 -118.999 -89.9423 -93.2318 69.3368
-138.519 -135.816 -118.651 -89.5515 -92.8562 69.8856
-138.966 -136.279 -118.301 -89.1599 -92.4795 70.4266
-139.411 -136.741 -117.947 -88.7675 -92.1019 70.9599
-139.854 -137.2 -117.591 -88.3744 -91.7233 71.4855
-140.295 -137.658 -117.232 -87.9807 -91.344 72.0036
-140.734 -138.114 -116.871 -87.5864 -90.9639 72.5141
-141.171 -138.568 -116.507 -87.1917 -90.5831 73.0171
-141.606 -139.019 -116.141 -86.7966 -90.2017 73.5127
-142.039 -139.47 -115.772 -86.4012 -89.8198 74.0009
-142.47 -139.918 -115.401 -86.0056 -89.4374 74.4817
-142.899 -140.364 -115.027 -85.6098 -89.0547 74.9553
-143.326 -140.808 -114.651 -85.2138 -88.6716 75.4217
-143.751 -141.251 -114.273 -84.8179 -88.2883 75.8809
-144.174 -141.691 -113.892 -84.4219 -87.9047 76.3331
-144.595 -142.13 -113.51 -84.026 -87.5211 76.7782
-145.014 -142.566 -113.125 -83.6302 -87.1374 77.2164
-145.431 -143.001 -112.737 -83.2346 -86.7537 77.6476
-145.846 -143.434 -112.348 -82.8393 -86.37 78.072
-146.26 -143.865 -111.957 -82.4443 -85.9865 78.4897
-146.671 -144.294 -111.563 -82.0496 -85.6031 78.9006
-147.08 -144.721 -111.168 -81.6553 -85.2199 79.305
-147.487 -145.146 -110.77 -81.2615 -84.8369 79.7027
-147.893 -145.569 -110.371 -80.8682 -84.4543 80.0939
-148.296 -145.99 -109.969 -80.4754 -84.0721 80.4787
-148.698 -146.41 -109.566 -80.0832 -83.6902 80.8571
-149.097 -146.827 -109.161 -79.6917 -83.3089 81.2293
-149.494 -147.243 -108.754 -79.3008 -82.928 81.5951
-149.89 -147.657 -108.345 -78.9106 -82.5477 81.9549
-150.284 -148.068 -107.934 -78.5213 -82.1679 82.3085
-150.675 -148.478 -107.522 -78.1327 -81.7888 82.6561
-151.065 -148.886 -107.108 -77.7449 -81.4103 82.9977
-151.453 -149.292 -106.692 -77.358 -81.0326 83.3334
-151.838 -149.697 -106.274 -76.9721 -80.6556 83.6633
-152.222 -150.099 -105.855 -76.587 -80.2793 83.9874
-152.604 -150.499 -105.434 -76.203 -79.9039 84.3059
-152.984 -150.898 -105.012 -75.8199 -79.5293 84.6187
-153.363 -151.295 -104.588 -75.4379 -79.1556 84.9259
-153.739 -151.69 -104.163 -75.057 -78.7828 85.2277
-154.113 -152.083 -103.736 -74.6771 -78.4109 85.524
-154.486 -152.474 -103.307 -74.2984 -78.04 85.815
-154.856 -152.863 -102.878 -73.9208 -77.6701 86.1007
-155.225 -153.25 -102.446 -73.5443 -77.3012 86.3811
-155.592 -153.636 -102.014 -73.1691 -76.9334 86.6564
-155.956 -154.02 -101.58 -72.7951 -76.5666 86.9266
-156.32 -154.402 -101.145 -72.4223 -76.2009 87.1918
-156.681 -154.782 -100.708 -72.0508 -75.8363 87.452
-157.04 -155.16 -100.27 -71.6805 -75.4729 87.7073
-157.397 -155.536 -99.8309 -71.3116 -75.1106 87.9578
-157.753 -155.911 -99.3905 -70.9439 -74.7495 88.2035
-158.107 -156.284 -98.9489 -70.5776 -74.3896 88.4445
-158.459 -156.655 -98.5061 -70.2127 -74.0309 88.6808
-158.809 -157.024 -98.0621 -69.8491 -73.6734 88.9125
-159.157 -157.392 -97.6169 -69.4869 -73.3172 89.1397
-159.504 -157.757 -97.1707 -69.126 -72.9623 89.3625
-159.849 -158.121 -96.7233 -68.7666 -72.6086 89.5808
-160.192 -158.484 -96.2749 -68.4086 -72.2562 89.7948
-160.533 -158.844 -95.8254 -68.0521 -71.9052 90.0045
-160.872 -159.203 -95.3748 -67.697 -71.5554 90.21
-161.21 -159.56 -94.9233 -67.3433 -71.207 90.4113
-161.546 -159.915 -94.4707 -66.9911 -70.86 90.6085
-161.88 -160.268 -94.0172 -66.6404 -70.5143 90.8016
-162.212 -160.62 -93.5627 -66.2911 -70.1699 90.9907
-162.543 -160.97 -93.1073 -65.9434 -69.827 91.1759
-162.871 -161.318 -92.6509 -65.5971 -69.4854 91.3572
-163.199 -161.665 -92.1937 -65.2524 -69.1452 91.5347
-163.524 -162.01 -91.7356 -64.9091 -68.8065 91.7084
-163.848 -162.353 -91.2766 -64.5674 -68.4691 91.8783
-164.17 -162.694 -90.8168 -64.2272 -68.1332 92.0446
-164.49 -163.034 -90.3562 -63.8885 -67.7986 92.2072
-164.808 -163.372 -89.8947 -63.5514 -67.4656 92.3663
-165.125 -163.709 -89.4325 -63.2158 -67.1339 92.5219
-165.441 -164.044 -88.9695 -62.8817 -66.8037 92.674
-165.754 -164.377 -88.5058 -62.5492 -66.4749 92.8226
-166.066 -164.708 -88.0413 -62.2182 -66.1476 92.968
-166.376 -165.038 -87.5761 -61.8888 -65.8217 93.1099
-166.685 -165.367 -87.1102 -61.5609 -65.4973 93.2486
-166.992 -165.693 -86.6436 -61.2345 -65.1744 93.3841
-167.297 -166.018 -86.1763 -60.9098 -64.8529 93.5164
-167.601 -166.342 -85.7084 -60.5865 -64.5328 93.6456
-167.903 -166.664 -85.2399 -60.2648 -64.2143 93.7717
-168.204 -166.984 -84.7707 -59.9447 -63.8972 93.8948
-168.503 -167.303 -84.3009 -59.6261 -63.5815 94.0148
-168.8 -167.62 -83.8306 -59.3091 -63.2674 94.1319
-169.096 -167.935 -83.3596 -58.9936 -62.9547 94.2461
-169.39 -168.249 -82.8881 -58.6797 -62.6435 94.3574
-169.683 -168.562 -82.416 -58.3673 -62.3337 94.4659
-169.974 -168.873 -81.9434 -58.0565 -62.0254 94.5716
-170.263 -169.182 -81.4703 -57.7472 -61.7186 94.6746
-170.551 -169.49 -80.9967 -57.4395 -61.4133 94.7749
-170.838 -169.796 -80.5226 -57.1333 -61.1094 94.8725
-171.122 -170.101 -80.048 -56.8286 -60.807 94.9675
-171.406 -170.404 -79.5729 -56.5255 -60.506 95.0599
-171.688 -170.706 -79.0974 -56.2239 -60.2065 95.1498
-171.968 -171.006 -78.6214 -55.9238 -59.9084 95.2372
-172.247 -171.305 -78.145 -55.6253 -59.6119 95.3221
-172.524 -171.602 -77.6682 -55.3282 -59.3167 95.4046
-172.8 -171.898 -77.191 -55.0327 -59.023 95.4847
-173.075 -172.193 -76.7133 -54.7387 -58.7308 95.5624
-173.348 -172.485 -76.2353 -54.4462 -58.44 95.6378
-173.619 -172.777 -75.757 -54.1552 -58.1506 95.7109
-173.889 -173.067 -75.2782 -53.8657 -57.8627 95.7818
-174.158 -173.356 -74.7991 -53.5777 -57.5762 95.8505
-174.425 -173.643 -74.3197 -53.2912 -57.2912 95.917
-174.691 -173.928 -73.84 -53.0062 -57.0075 95.9813
-174.955 -174.213 -73.3599 -52.7227 -56.7253 96.0435
-175.218 -174.496 -72.8795 -52.4406 -56.4445 96.1036
-175.479 -174.777 -72.3989 -52.16 -56.1651 96.1617
-175.739 -175.057 -71.9179 -51.8808 -55.8871 96.2177
-175.998 -175.336 -71.4367 -51.6031 -55.6105 96.2718
-176.256 -175.613 -70.9552 -51.3269 -55.3354 96.3239
-176.511 -175.889 -70.4735 -51.0521 -55.0616 96.374
-176.766 -176.164 -69.9915 -50.7787 -54.7892 96.4223
-177.019 -176.437 -69.5092 -50.5068 -54.5181 96.4687
-177.271 -176.709 -69.0268 -50.2363 -54.2485 96.5132
-177.522 -176.98 -68.5441 -49.9672 -53.9802 96.5559
-177.771 -177.249 -68.0612 -49.6996 -53.7133 96.5969
-178.019 -177.517 -67.5781 -49.4333 -53.4477 96.636
-178.265 -177.784 -67.0949 -49.1684 -53.1835 96.6735
-178.51 -178.049 -66.6114 -48.905 -52.9207 96.7092
-178.754 -178.313 -66.1278 -48.6429 -52.6592 96.7433
-178.997 -178.575 -65.644 -48.3822 -52.399 96.7757
-179.238 -178.837 -65.16 -48.1229 -52.1401 96.8064
-179.478 -179.097 -64.6759 -47.8649 -51.8826 96.8356
-179.717 -179.356 -64.1916 -47.6084 -51.6264 96.8632
-179.954 -179.613 -63.7073 -47.3531 -51.3715 96.8892
-180.19 -179.869 -63.2228 -47.0992 -51.1179 96.9137
-180.425 -180.124 -62.7381 -46.8467 -50.8657 96.9367
-180.659 -180.378 -62.2534 -46.5955 -50.6147 96.9582
-180.891 -180.63 -61.7685 -46.3456 -50.365 96.9782
-181.122 -180.882 -61.2836 -46.097 -50.1166 96.9968
-181.352 -181.132 -60.7986 -45.8498 -49.8694 97.014
-181.581 -181.38 -60.3135 -45.6038 -49.6235 97.0298
-181.808 -181.628 -59.8283 -45.3592 -49.3789 97.0442
-182.034 -181.874 -59.343 -45.1158 -49.1356 97.0573
-182.259 -182.119 -58.8577 -44.8737 -48.8935 97.069
-182.483 -182.363 -58.3723 -44.6329 -48.6526 97.0794
-182.705 -182.606 -57.8869 -44.3934 -48.413 97.0886
-182.927 -182.847 -57.4014 -44.1551 -48.1746 97.0964
-183.147 -183.087 -56.9159 -43.9181 -47.9374 97.103
-183.366 -183.327 -56.4304 -43.6824 -47.7014 97.1084
-183.584 -183.564 -55.9449 -43.4479 -47.4667 97.1126
-183.801 -183.801 -55.4593 -43.2146 -47.2331 97.1156
-184.016 -184.037 -54.9737 -42.9825 -47.0008 97.1174
-184.23 -184.271 -54.4881 -42.7517 -46.7696 97.118
-184.444 -184.504 -54.0025 -42.5221 -46.5396 97.1175
-184.656 -184.737 -53.5169 -42.2937 -46.3108 97.1159
-184.866 -184.968 -53.0314 -42.0664 -46.0832 97.1132
-185.076 -185.197 -52.5458 -41.8404 -45.8568 97.1094
-185.285 -185.426 -52.0603 -41.6156 -45.6314 97.1045
-185.492 -185.654 -51.5748 -41.3919 -45.4073 97.0986
-185.699 -185.88 -51.0893 -41.1694 -45.1843 97.0916
-185.904 -186.106 -50.6038 -40.9481 -44.9624 97.0836
-186.108 -186.33 -50.1184 -40.7279 -44.7417 97.0746
-186.311 -186.553 -49.6331 -40.5089 -44.522 97.0647
-186.513 -186.775 -49.1478 -40.291 -44.3035 97.0537
-186.714 -186.996 -48.6626 -40.0743 -44.0861 97.0418
-186.914 -187.216 -48.1774 -39.8587 -43.8699 97.029
-187.113 -187.435 -47.6923 -39.6442 -43.6547 97.0152
-187.311 -187.652 -47.2072 -39.4308 -43.4406 97.0005
-187.507 -187.869 -46.7223 -39.2185 -43.2276 96.9849
-187.703 -188.085 -46.2374 -39.0074 -43.0156 96.9684
-187.897 -188.299 -45.7526 -38.7973 -42.8048 96.9511
-188.091 -188.513 -45.2679 -38.5883 -42.595 96.9329
-188.283 -188.725 -44.7833 -38.3804 -42.3863 96.9138
-188.474 -188.937 -44.2987 -38.1736 -42.1786 96.8939
-188.665 -189.147 -43.8143 -37.9678 -41.9719 96.8732
-188.854 -189.356 -43.33 -37.7631 -41.7663 96.8517
-189.042 -189.565 -42.8458 -37.5595 -41.5618 96.8295
-189.23 -189.772 -42.3617 -37.3569 -41.3582 96.8064
-189.416 -189.978 -41.8777 -37.1553 -41.1557 96.7825
-189.601 -190.184 -41.3939 -36.9548 -40.9542 96.7579
-189.786 -190.388 -40.9102 -36.7553 -40.7537 96.7326
-189.969 -190.591 -40.4266 -36.5568 -40.5543 96.7065
-190.151 -190.793 -39.9431 -36.3594 -40.3558 96.6797
-190.332 -190.995 -39.4598 -36.1629 -40.1583 96.6522
-190.513 -191.195 -38.9766 -35.9674 -39.9618 96.6241
-190.692 -191.394 -38.4935 -35.773 -39.7662 96.5952
-190.871 -191.593 -38.0106 -35.5795 -39.5717 96.5656
-191.048 -191.79 -37.5279 -35.387 -39.3781 96.5354
-191.224 -191.986 -37.0453 -35.1955 -39.1854 96.5045
-191.4 -192.182 -36.5628 -35.005 -38.9937 96.473
-191.574 -192.376 -36.0805 -34.8154 -38.803 96.4408
-191.748 -192.57 -35.5984 -34.6268 -38.6132 96.4081
-191.921 -192.762 -35.1164 -34.4391 -38.4243 96.3747
-192.092 -192.954 -34.6347 -34.2524 -38.2364 96.3407
-192.263 -193.145 -34.153 -34.0666 -38.0494 96.3061
-192.433 -193.335 -33.6716 -33.8817 -37.8633 96.2709
-192.602 -193.523 -33.1903 -33.6978 -37.6781 96.2352
-192.77 -193.711 -32.7092 -33.5148 -37.4939 96.1988
-192.937 -193.898 -32.2283 -33.3327 -37.3105 96.162
-193.103 -194.085 -31.7476 -33.1515 -37.128 96.1246
-193.269 -194.27 -31.2671 -32.9712 -36.9465 96.0866
-193.433 -194.454 -30.7868 -32.7918 -36.7658 96.0481
-193.597 -194.637 -30.3066 -32.6133 -36.5859 96.0091
-193.759 -194.82 -29.8267 -32.4357 -36.407 95.9696
-193.921 -195.001 -29.3469 -32.259 -36.2289 95.9295
-194.082 -195.182 -28.8674 -32.0831 -36.0517 95.889
-194.242 -195.362 -28.388 -31.9082 -35.8753 95.848
-194.401 -195.541 -27.9089 -31.734 -35.6998 95.8065
-194.559 -195.719 -27.43 -31.5608 -35.5251 95.7645
