0 75 100 0 0 -49
-5.56912e-05 74.9999 99.7549 -0.0222972 -0.0409544 -49.0506
-0.00022299 74.9996 99.5095 -0.044643 -0.0819915 -49.1012
-0.000502138 74.9991 99.2639 -0.0670374 -0.123112 -49.1518
-0.000893381 74.9984 99.018 -0.0894807 -0.164315 -49.2024
-0.00139696 74.9974 98.7718 -0.111973 -0.205602 -49.2531
-0.00201313 74.9963 98.5254 -0.134514 -0.246973 -49.3039
-0.00274212 74.995 98.2788 -0.157105 -0.288428 -49.3546
-0.0035842 74.9934 98.0319 -0.179745 -0.329967 -49.4054
-0.00453959 74.9917 97.7847 -0.202435 -0.371592 -49.4562
-0.00560856 74.9897 97.5373 -0.225174 -0.413301 -49.5071
-0.00679135 74.9875 97.2897 -0.247963 -0.455095 -49.558
-0.00808821 74.9852 97.0418 -0.270802 -0.496975 -49.6089
-0.00949939 74.9826 96.7936 -0.293692 -0.538941 -49.6599
-0.0110251 74.9798 96.5452 -0.316631 -0.580994 -49.7109
-0.0126657 74.9768 96.2965 -0.339621 -0.623132 -49.7619
-0.0144214 74.9735 96.0475 -0.362662 -0.665358 -49.813
-0.0162924 74.9701 95.7983 -0.385754 -0.70767 -49.8641
-0.0182789 74.9665 95.5489 -0.408896 -0.75007 -49.9152
-0.0203813 74.9626 95.2992 -0.432089 -0.792558 -49.9664
-0.0225998 74.9585 95.0492 -0.455334 -0.835134 -50.0176
-0.0249347 74.9542 94.799 -0.47863 -0.877798 -50.0688
-0.0273861 74.9498 94.5485 -0.501977 -0.92055 -50.1201
-0.0299545 74.945 94.2978 -0.525376 -0.963392 -50.1714
-0.0326399 74.9401 94.0468 -0.548827 -1.00632 -50.2227
-0.0354428 74.935 93.7956 -0.57233 -1.04934 -50.2741
-0.0383632 74.9296 93.5441 -0.595884 -1.09245 -50.3255
-0.0414016 74.9241 93.2923 -0.619492 -1.13565 -50.3769
-0.0445582 74.9183 93.0403 -0.643151 -1.17894 -50.4284
-0.0478331 74.9123 92.7881 -0.666863 -1.22233 -50.4799
-0.0512268 74.906 92.5355 -0.690628 -1.2658 -50.5314
-0.0547394 74.8996 92.2827 -0.714446 -1.30936 -50.583
-0.0583713 74.893 92.0297 -0.738317 -1.35302 -50.6346
-0.0621226 74.8861 91.7764 -0.762241 -1.39677 -50.6862
-0.0659937 74.879 91.5228 -0.786219 -1.44061 -50.7379
-0.0699848 74.8717 91.269 -0.81025 -1.48454 -50.7896
-0.0740962 74.8641 91.0149 -0.834335 -1.52857 -50.8413
-0.0783282 74.8564 90.7606 -0.858474 -1.57269 -50.8931
-0.082681 74.8484 90.506 -0.882667 -1.6169 -50.9449
-0.0871549 74.8402 90.2512 -0.906914 -1.66121 -50.9968
-0.0917501 74.8318 89.996 -0.931215 -1.70561 -51.0487
-0.096467 74.8232 89.7407 -0.955571 -1.75011 -51.1006
-0.101306 74.8143 89.485 -0.979982 -1.7947 -51.1525
-0.106267 74.8052 89.2291 -1.00445 -1.83938 -51.2045
-0.11135 74.7959 88.973 -1.02897 -1.88417 -51.2565
-0.116557 74.7864 88.7166 -1.05354 -1.92905 -51.3086
-0.121886 74.7766 88.4599 -1.07818 -1.97402 -51.3607
-0.127338 74.7666 88.203 -1.10286 -2.01909 -51.4128
-0.132914 74.7564 87.9458 -1.1276 -2.06426 -51.4649
-0.138614 74.746 87.6883 -1.1524 -2.10953 -51.5171
-0.144438 74.7353 87.4306 -1.17726 -2.15489 -51.5693
-0.150387 74.7244 87.1726 -1.20217 -2.20036 -51.6216
-0.15646 74.7133 86.9144 -1.22714 -2.24592 -51.6739
-0.162658 74.702 86.6559 -1.25216 -2.29158 -51.7262
-0.168982 74.6904 86.3971 -1.27724 -2.33734 -51.7786
-0.175431 74.6786 86.1381 -1.30238 -2.3832 -51.831
-0.182006 74.6666 85.8788 -1.32757 -2.42916 -51.8834
-0.188707 74.6543 85.6193 -1.35283 -2.47521 -51.9359
-0.195534 74.6418 85.3595 -1.37814 -2.52137 -51.9884
-0.202488 74.6291 85.0994 -1.4035 -2.56764 -52.0409
-0.209569 74.6161 84.839 -1.42893 -2.614 -52.0935
-0.216777 74.603 84.5784 -1.45441 -2.66046 -52.1461
-0.224113 74.5895 84.3176 -1.47995 -2.70703 -52.1987
-0.231577 74.5759 84.0565 -1.50555 -2.7537 -52.2514
-0.239169 74.562 83.7951 -1.53121 -2.80047 -52.3041
-0.246889 74.5479 83.5334 -1.55693 -2.84734 -52.3568
-0.254738 74.5335 83.2715 -1.58271 -2.89432 -52.4096
-0.262716 74.5189 83.0093 -1.60854 -2.94141 -52.4624
-0.270823 74.5041 82.7469 -1.63444 -2.98859 -52.5153
-0.27906 74.4891 82.4842 -1.66039 -3.03589 -52.5682
-0.287427 74.4738 82.2212 -1.68641 -3.08328 -52.6211
-0.295924 74.4582 81.958 -1.71248 -3.13079 -52.674
-0.304552 74.4425 81.6945 -1.73862 -3.17839 -52.727
-0.313311 74.4264 81.4307 -1.76481 -3.22611 -52.78
-0.3222 74.4102 81.1667 -1.79107 -3.27393 -52.8331
-0.331221 74.3937 80.9024 -1.81739 -3.32186 -52.8862
-0.340374 74.377 80.6378 -1.84376 -3.3699 -52.9393
-0.349659 74.36 80.373 -1.8702 -3.41804 -52.9925
-0.359076 74.3428 80.1079 -1.8967 -3.46629 -53.0457
-0.368626 74.3253 79.8425 -1.92326 -3.51466 -53.0989
-0.378309 74.3076 79.5769 -1.94989 -3.56313 -53.1521
-0.388125 74.2897 79.311 -1.97657 -3.61171 -53.2054
-0.398075 74.2715 79.0448 -2.00332 -3.6604 -53.2588
-0.408158 74.2531 78.7784 -2.03013 -3.7092 -53.3121
-0.418376 74.2344 78.5117 -2.057 -3.75811 -53.3655
-0.428728 74.2155 78.2447 -2.08394 -3.80713 -53.419
-0.439215 74.1964 77.9775 -2.11093 -3.85627 -53.4725
-0.449837 74.177 77.71 -2.138 -3.90551 -53.526
-0.460595 74.1573 77.4423 -2.16512 -3.95487 -53.5795
-0.471489 74.1374 77.1742 -2.19231 -4.00434 -53.6331
-0.482518 74.1173 76.9059 -2.21956 -4.05393 -53.6867
-0.493684 74.0969 76.6374 -2.24688 -4.10363 -53.7403
-0.504987 74.0762 76.3685 -2.27426 -4.15344 -53.794
-0.516427 74.0553 76.0994 -2.3017 -4.20336 -53.8477
-0.528004 74.0342 75.83 -2.32921 -4.25341 -53.9015
-0.539719 74.0128 75.5604 -2.35679 -4.30356 -53.9553
-0.551572 73.9912 75.2905 -2.38443 -4.35384 -54.0091
-0.563563 73.9693 75.0203 -2.41213 -4.40423 -54.0629
-0.575693 73.9471 74.7499 -2.43991 -4.45473 -54.1168
-0.587962 73.9247 74.4791 -2.46774 -4.50536 -54.1707
-0.600371 73.9021 74.2082 -2.49565 -4.5561 -54.2247
-0.612919 73.8792 73.9369 -2.52361 -4.60696 -54.2787
-0.625607 73.856 73.6654 -2.55165 -4.65794 -54.3327
-0.638435 73.8326 73.3936 -2.57975 -4.70904 -54.3868
-0.651404 73.8089 73.1215 -2.60792 -4.76025 -54.4409
-0.664515 73.785 72.8492 -2.63616 -4.81159 -54.495
-0.677766 73.7608 72.5766 -2.66446 -4.86304 -54.5492
-0.691159 73.7363 72.3037 -2.69283 -4.91462 -54.6034
-0.704694 73.7116 72.0305 -2.72127 -4.96632 -54.6576
-0.718372 73.6867 71.7571 -2.74978 -5.01814 -54.7119
-0.732192 73.6615 71.4834 -2.77836 -5.07009 -54.7662
-0.746156 73.636 71.2094 -2.807 -5.12215 -54.8205
-0.760262 73.6102 70.9352 -2.83572 -5.17434 -54.8749
-0.774513 73.5842 70.6607 -2.8645 -5.22665 -54.9293
-0.788907 73.558 70.3859 -2.89335 -5.27909 -54.9837
-0.803446 73.5314 70.1108 -2.92227 -5.33165 -55.0382
-0.81813 73.5047 69.8355 -2.95126 -5.38434 -55.0927
-0.832959 73.4776 69.5599 -2.98033 -5.43715 -55.1473
-0.847933 73.4503 69.284 -3.00946 -5.49009 -55.2018
-0.863054 73.4227 69.0079 -3.03866 -5.54315 -55.2564
-0.87832 73.3949 68.7315 -3.06793 -5.59634 -55.3111
-0.893733 73.3667 68.4548 -3.09728 -5.64966 -55.3658
-0.909293 73.3384 68.1778 -3.12669 -5.70311 -55.4205
-0.925 73.3097 67.9006 -3.15618 -5.75668 -55.4752
-0.940855 73.2808 67.6231 -3.18574 -5.81039 -55.53
-0.956857 73.2516 67.3453 -3.21537 -5.86422 -55.5848
-0.973008 73.2221 67.0672 -3.24507 -5.91819 -55.6397
-0.989308 73.1924 66.7889 -3.27485 -5.97228 -55.6946
-1.00576 73.1624 66.5103 -3.3047 -6.02651 -55.7495
-1.02235 73.1322 66.2314 -3.33462 -6.08086 -55.8044
-1.0391 73.1016 65.9522 -3.36462 -6.13535 -55.8594
-1.056 73.0708 65.6728 -3.39468 -6.18998 -55.9145
-1.07305 73.0397 65.3931 -3.42483 -6.24473 -55.9695
-1.09025 73.0084 65.1131 -3.45504 -6.29962 -56.0246
-1.1076 72.9767 64.8328 -3.48534 -6.35464 -56.0797
-1.1251 72.9448 64.5523 -3.5157 -6.4098 -56.1349
-1.14276 72.9126 64.2715 -3.54614 -6.46509 -56.1901
-1.16056 72.8802 63.9904 -3.57666 -6.52052 -56.2453
-1.17852 72.8474 63.709 -3.60725 -6.57609 -56.3005
-1.19664 72.8144 63.4274 -3.63792 -6.63179 -56.3558
-1.2149 72.7811 63.1455 -3.66867 -6.68763 -56.4112
-1.23332 72.7475 62.8633 -3.69949 -6.74361 -56.4665
-1.2519 72.7137 62.5808 -3.73038 -6.79972 -56.5219
-1.27063 72.6795 62.2981 -3.76136 -6.85598 -56.5773
-1.28951 72.6451 62.015 -3.79241 -6.91237 -56.6328
-1.30855 72.6104 61.7317 -3.82354 -6.96891 -56.6883
-1.32775 72.5754 61.4482 -3.85475 -7.02558 -56.7438
-1.3471 72.5401 61.1643 -3.88603 -7.0824 -56.7994
-1.36661 72.5046 60.8802 -3.91739 -7.13936 -56.855
-1.38627 72.4688 60.5958 -3.94884 -7.19646 -56.9106
-1.4061 72.4326 60.3111 -3.98036 -7.2537 -56.9662
-1.42608 72.3962 60.0261 -4.01196 -7.31109 -57.0219
-1.44622 72.3595 59.7408 -4.04364 -7.36862 -57.0777
-1.46651 72.3225 59.4553 -4.0754 -7.4263 -57.1334
-1.48697 72.2853 59.1695 -4.10724 -7.48412 -57.1892
-1.50759 72.2477 58.8834 -4.13916 -7.54209 -57.245
-1.52836 72.2098 58.5971 -4.17116 -7.6002 -57.3009
-1.5493 72.1717 58.3104 -4.20324 -7.65847 -57.3568
-1.57039 72.1332 58.0235 -4.23541 -7.71688 -57.4127
-1.59165 72.0945 57.7363 -4.26765 -7.77543 -57.4686
-1.61307 72.0555 57.4488 -4.29998 -7.83414 -57.5246
-1.63465 72.0162 57.161 -4.33239 -7.893 -57.5806
-1.65639 71.9766 56.873 -4.36488 -7.952 -57.6367
-1.6783 71.9367 56.5847 -4.39746 -8.01116 -57.6928
-1.70037 71.8965 56.2961 -4.43012 -8.07047 -57.7489
-1.7226 71.856 56.0072 -4.46286 -8.12993 -57.805
-1.745 71.8152 55.718 -4.49569 -8.18954 -57.8612
-1.76756 71.7741 55.4286 -4.5286 -8.24931 -57.9174
-1.79028 71.7327 55.1388 -4.5616 -8.30923 -57.9737
-1.81317 71.691 54.8488 -4.59468 -8.3693 -58.0299
-1.83623 71.649 54.5585 -4.62784 -8.42953 -58.0862
-1.85945 71.6067 54.268 -4.6611 -8.48991 -58.1426
-1.88284 71.5641 53.9771 -4.69443 -8.55046 -58.1989
-1.9064 71.5212 53.686 -4.72786 -8.61116 -58.2553
-1.93012 71.478 53.3946 -4.76137 -8.67201 -58.3118
-1.95401 71.4344 53.1029 -4.79497 -8.73303 -58.3682
-1.97807 71.3906 52.8109 -4.82865 -8.7942 -58.4247
-2.0023 71.3465 52.5186 -4.86242 -8.85553 -58.4813
-2.02669 71.3021 52.2261 -4.89628 -8.91703 -58.5378
-2.05126 71.2573 51.9332 -4.93023 -8.97868 -58.5944
-2.076 71.2123 51.6401 -4.96427 -9.0405 -58.651
-2.1009 71.1669 51.3467 -4.9984 -9.10248 -58.7077
-2.12598 71.1213 51.0531 -5.03261 -9.16462 -58.7643
-2.15123 71.0753 50.7591 -5.06692 -9.22692 -58.821
-2.17665 71.029 50.4648 -5.10131 -9.28939 -58.8778
-2.20224 70.9824 50.1703 -5.1358 -9.35203 -58.9345
-2.22801 70.9355 49.8755 -5.17038 -9.41483 -58.9913
-2.25395 70.8882 49.5804 -5.20505 -9.4778 -59.0482
-2.28006 70.8407 49.285 -5.23981 -9.54093 -59.105
-2.30634 70.7928 48.9893 -5.27466 -9.60423 -59.1619
-2.3328 70.7446 48.6934 -5.3096 -9.6677 -59.2188
-2.35944 70.6962 48.3972 -5.34464 -9.73134 -59.2758
-2.38625 70.6473 48.1006 -5.37977 -9.79515 -59.3328
-2.41324 70.5982 47.8038 -5.415 -9.85913 -59.3898
-2.4404 70.5487 47.5067 -5.45031 -9.92329 -59.4468
-2.46774 70.499 47.2094 -5.48573 -9.98761 -59.5039
-2.49526 70.4489 46.9117 -5.52123 -10.0521 -59.561
-2.52295 70.3984 46.6138 -5.55683 -10.1168 -59.6181
-2.55083 70.3477 46.3155 -5.59253 -10.1816 -59.6752
-2.57888 70.2966 46.017 -5.62832 -10.2466 -59.7324
-2.60711 70.2452 45.7182 -5.66421 -10.3118 -59.7896
-2.63552 70.1935 45.4191 -5.7002 -10.3772 -59.8468
-2.66411 70.1415 45.1197 -5.73628 -10.4428 -59.9041
-2.69288 70.0891 44.8201 -5.77246 -10.5085 -59.9614
-2.72184 70.0364 44.5201 -5.80874 -10.5744 -60.0187
-2.75097 69.9833 44.2199 -5.84512 -10.6405 -60.0761
-2.78029 69.93 43.9194 -5.88159 -10.7068 -60.1334
-2.80979 69.8763 43.6185 -5.91816 -10.7732 -60.1908
-2.83947 69.8222 43.3174 -5.95484 -10.8398 -60.2483
-2.86933 69.7679 43.0161 -5.99161 -10.9066 -60.3057
-2.89938 69.7132 42.7144 -6.02848 -10.9736 -60.3632
-2.92962 69.6581 42.4124 -6.06546 -11.0408 -60.4207
-2.96004 69.6028 42.1102 -6.10253 -11.1082 -60.4783
-2.99064 69.5471 41.8076 -6.13971 -11.1757 -60.5358
-3.02144 69.491 41.5048 -6.17699 -11.2435 -60.5934
-3.05241 69.4346 41.2017 -6.21437 -11.3114 -60.651
-3.08358 69.3779 40.8983 -6.25186 -11.3795 -60.7087
-3.11493 69.3208 40.5946 -6.28944 -11.4478 -60.7663
-3.14647 69.2634 40.2906 -6.32714 -11.5163 -60.824
-3.1782 69.2057 39.9864 -6.36493 -11.585 -60.8817
-3.21012 69.1476 39.6818 -6.40283 -11.6539 -60.9395
-3.24223 69.0891 39.377 -6.44084 -11.7229 -60.9973
-3.27453 69.0303 39.0719 -6.47895 -11.7922 -61.0551
-3.30702 68.9712 38.7664 -6.51716 -11.8617 -61.1129
-3.3397 68.9117 38.4607 -6.55549 -11.9313 -61.1707
-3.37258 68.8519 38.1547 -6.59392 -12.0012 -61.2286
-3.40564 68.7917 37.8484 -6.63246 -12.0712 -61.2865
-3.4389 68.7312 37.5419 -6.6711 -12.1415 -61.3444
-3.47235 68.6703 37.235 -6.70986 -12.2119 -61.4023
-3.506 68.6091 36.9278 -6.74872 -12.2825 -61.4603
-3.53984 68.5475 36.6204 -6.78769 -12.3534 -61.5183
-3.57388 68.4855 36.3127 -6.82677 -12.4244 -61.5763
-3.60811 68.4232 36.0046 -6.86597 -12.4957 -61.6343
-3.64254 68.3606 35.6963 -6.90527 -12.5671 -61.6924
-3.67716 68.2976 35.3877 -6.94468 -12.6387 -61.7504
-3.71198 68.2342 35.0788 -6.98421 -12.7106 -61.8085
-3.747 68.1704 34.7696 -7.02385 -12.7827 -61.8667
-3.78222 68.1064 34.4601 -7.0636 -12.8549 -61.9248
-3.81764 68.0419 34.1504 -7.10346 -12.9274 -61.983
-3.85326 67.9771 33.8403 -7.14344 -13.0001 -62.0412
-3.88907 67.9119 33.53 -7.18353 -13.073 -62.0994
-3.92509 67.8463 33.2193 -7.22374 -13.1461 -62.1576
-3.96131 67.7804 32.9084 -7.26406 -13.2194 -62.2158
-3.99773 67.7142 32.5972 -7.3045 -13.2929 -62.2741
-4.03436 67.6475 32.2856 -7.34505 -13.3667 -62.3324
-4.07118 67.5805 31.9738 -7.38573 -13.4406 -62.3907
-4.10821 67.5131 31.6617 -7.42651 -13.5148 -62.449
-4.14545 67.4453 31.3493 -7.46742 -13.5892 -62.5074
-4.18289 67.3772 31.0367 -7.50845 -13.6638 -62.5657
-4.22053 67.3087 30.7237 -7.54959 -13.7386 -62.6241
-4.25838 67.2398 30.4104 -7.59085 -13.8136 -62.6825
-4.29644 67.1706 30.0969 -7.63224 -13.8889 -62.741
-4.33471 67.1009 29.783 -7.67374 -13.9644 -62.7994
-4.37318 67.0309 29.4689 -7.71537 -14.0401 -62.8579
-4.41186 66.9605 29.1544 -7.75712 -14.116 -62.9163
-4.45075 66.8898 28.8397 -7.79899 -14.1921 -62.9748
-4.48985 66.8186 28.5247 -7.84098 -14.2685 -63.0333
-4.52916 66.7471 28.2094 -7.88309 -14.3451 -63.0919
-4.56868 66.6752 27.8938 -7.92534 -14.4219 -63.1504
-4.60841 66.6029 27.5779 -7.9677 -14.499 -63.209
-4.64836 66.5302 27.2617 -8.01019 -14.5763 -63.2675
-4.68852 66.4571 26.9452 -8.05281 -14.6538 -63.3261
-4.72889 66.3836 26.6284 -8.09555 -14.7315 -63.3847
-4.76947 66.3098 26.3113 -8.13842 -14.8095 -63.4433
-4.81027 66.2355 25.994 -8.18142 -14.8877 -63.502
-4.85129 66.1609 25.6763 -8.22454 -14.9662 -63.5606
-4.89252 66.0859 25.3584 -8.26779 -15.0448 -63.6193
-4.93396 66.0105 25.0401 -8.31118 -15.1237 -63.678
-4.97563 65.9346 24.7216 -8.35469 -15.2029 -63.7367
-5.01751 65.8584 24.4028 -8.39834 -15.2823 -63.7954
-5.05961 65.7818 24.0836 -8.44211 -15.3619 -63.8541
-5.10193 65.7048 23.7642 -8.48602 -15.4418 -63.9128
-5.14447 65.6274 23.4445 -8.53006 -15.5219 -63.9715
-5.18723 65.5496 23.1245 -8.57423 -15.6023 -64.0303
-5.23021 65.4714 22.8042 -8.61854 -15.6829 -64.0891
-5.27342 65.3928 22.4836 -8.66298 -15.7637 -64.1478
-5.31684 65.3137 22.1627 -8.70756 -15.8448 -64.2066
-5.36049 65.2343 21.8416 -8.75227 -15.9262 -64.2654
-5.40437 65.1545 21.5201 -8.79712 -16.0078 -64.3242
-5.44846 65.0742 21.1983 -8.84211 -16.0896 -64.383
-5.49279 64.9936 20.8763 -8.88723 -16.1717 -64.4419
-5.53734 64.9125 20.5539 -8.9325 -16.2541 -64.5007
-5.58211 64.831 20.2312 -8.9779 -16.3367 -64.5595
-5.62712 64.7491 19.9083 -9.02344 -16.4195 -64.6184
-5.67235 64.6668 19.5851 -9.06913 -16.5026 -64.6772
-5.71781 64.5841 19.2615 -9.11495 -16.586 -64.7361
-5.7635 64.501 18.9377 -9.16092 -16.6696 -64.795
-5.80942 64.4174 18.6136 -9.20703 -16.7535 -64.8538
-5.85557 64.3334 18.2892 -9.25328 -16.8377 -64.9127
-5.90195 64.249 17.9645 -9.29968 -16.9221 -64.9716
-5.94856 64.1642 17.6394 -9.34622 -17.0068 -65.0305
-5.99541 64.079 17.3141 -9.39291 -17.0917 -65.0894
-6.04249 63.9933 16.9886 -9.43974 -17.1769 -65.1483
-6.08981 63.9072 16.6627 -9.48672 -17.2624 -65.2072
-6.13736 63.8207 16.3365 -9.53385 -17.3481 -65.2661
-6.18515 63.7337 16.01 -9.58113 -17.4341 -65.3251
-6.23317 63.6463 15.6832 -9.62856 -17.5204 -65.384
-6.28143 63.5585 15.3562 -9.67613 -17.607 -65.4429
-6.32993 63.4703 15.0288 -9.72386 -17.6938 -65.5018
-6.37867 63.3816 14.7011 -9.77174 -17.7809 -65.5608
-6.42765 63.2925 14.3732 -9.81977 -17.8683 -65.6197
-6.47687 63.2029 14.0449 -9.86795 -17.9559 -65.6786
-6.52633 63.1129 13.7164 -9.91629 -18.0439 -65.7376
-6.57603 63.0225 13.3876 -9.96478 -18.1321 -65.7965
-6.62598 62.9316 13.0584 -10.0134 -18.2206 -65.8554
-6.67617 62.8403 12.729 -10.0622 -18.3093 -65.9143
-6.7266 62.7485 12.3993 -10.1112 -18.3984 -65.9733
-6.77728 62.6563 12.0693 -10.1603 -18.4877 -66.0322
-6.8282 62.5636 11.739 -10.2096 -18.5774 -66.0911
-6.87937 62.4705 11.4084 -10.259 -18.6673 -66.15
-6.93079 62.3769 11.0775 -10.3086 -18.7575 -66.209
-6.98246 62.2829 10.7463 -10.3583 -18.848 -66.2679
-7.03438 62.1885 10.4148 -10.4083 -18.9388 -66.3268
-7.08654 62.0935 10.083 -10.4583 -19.0298 -66.3857
-7.13896 61.9982 9.75094 -10.5086 -19.1212 -66.4446
-7.19163 61.9023 9.41857 -10.559 -19.2129 -66.5035
-7.24455 61.806 9.08591 -10.6095 -19.3048 -66.5623
-7.29772 61.7093 8.75295 -10.6602 -19.3971 -66.6212
-7.35115 61.6121 8.41969 -10.7111 -19.4896 -66.6801
-7.40483 61.5144 8.08615 -10.7622 -19.5825 -66.7389
-7.45877 61.4162 7.7523 -10.8134 -19.6757 -66.7978
-7.51297 61.3176 7.41817 -10.8648 -19.7691 -66.8566
-7.56742 61.2185 7.08374 -10.9163 -19.8629 -66.9154
-7.62213 61.119 6.74901 -10.968 -19.9569 -66.9742
-7.6771 61.019 6.414 -11.0199 -20.0513 -67.033
-7.73233 60.9185 6.07868 -11.072 -20.146 -67.0918
-7.78782 60.8175 5.74308 -11.1242 -20.241 -67.1506
-7.84357 60.7161 5.40718 -11.1766 -20.3363 -67.2094
-7.89959 60.6142 5.07098 -11.2292 -20.4319 -67.2681
-7.95586 60.5118 4.7345 -11.2819 -20.5279 -67.3268
-8.01241 60.4089 4.39772 -11.3348 -20.6241 -67.3855
-8.06921 60.3055 4.06064 -11.3879 -20.7207 -67.4442
-8.12629 60.2017 3.72327 -11.4412 -20.8175 -67.5029
-8.18363 60.0973 3.38561 -11.4946 -20.9148 -67.5615
-8.24123 59.9925 3.04766 -11.5483 -21.0123 -67.6201
-8.29911 59.8872 2.70941 -11.6021 -21.1101 -67.6787
-8.35725 59.7814 2.37087 -11.656 -21.2083 -67.7373
-8.41567 59.6751 2.03204 -11.7102 -21.3068 -67.7959
-8.47435 59.5684 1.69291 -11.7645 -21.4056 -67.8544
-8.53331 59.4611 1.3535 -11.819 -21.5048 -67.9129
-8.59255 59.3533 1.01378 -11.8737 -21.6043 -67.9714
-8.65205 59.245 0.673781 -11.9286 -21.7041 -68.0298
-8.71183 59.1363 0.333486 -11.9837 -21.8043 -68.0883
-8.77189 59.027 -0.00710111 -12.0389 -21.9048 -68.1467
-8.83222 58.9172 -0.34798 -12.0944 -22.0056 -68.205
-8.89283 58.8069 -0.689151 -12.15 -22.1068 -68.2634
-8.95372 58.6961 -1.03061 -12.2058 -22.2083 -68.3217
-9.01489 58.5849 -1.37237 -12.2618 -22.3101 -68.3799
-9.07634 58.473 -1.71441 -12.318 -22.4123 -68.4382
-9.13807 58.3607 -2.05675 -12.3744 -22.5149 -68.4964
-9.20008 58.2479 -2.39938 -12.4309 -22.6178 -68.5546
-9.26238 58.1346 -2.7423 -12.4877 -22.721 -68.6127
-9.32496 58.0207 -3.0855 -12.5446 -22.8246 -68.6708
-9.38783 57.9063 -3.429 -12.6018 -22.9285 -68.7289
-9.45098 57.7914 -3.77279 -12.6591 -23.0328 -68.7869
-9.51442 57.676 -4.11687 -12.7167 -23.1375 -68.8449
-9.57814 57.56 -4.46124 -12.7744 -23.2425 -68.9028
-9.64216 57.4436 -4.8059 -12.8323 -23.3479 -68.9607
-9.70647 57.3265 -5.15085 -12.8905 -23.4536 -69.0185
-9.77107 57.209 -5.49609 -12.9488 -23.5597 -69.0763
-9.83596 57.091 -5.84161 -13.0073 -23.6662 -69.1341
-9.90114 56.9724 -6.18743 -13.066 -23.773 -69.1918
-9.96662 56.8532 -6.53353 -13.125 -23.8802 -69.2495
-10.0324 56.7336 -6.87992 -13.1841 -23.9878 -69.3071
-10.0985 56.6133 -7.2266 -13.2434 -24.0957 -69.3647
-10.1648 56.4926 -7.57357 -13.303 -24.204 -69.4222
-10.2315 56.3713 -7.92082 -13.3627 -24.3127 -69.4797
-10.2985 56.2495 -8.26836 -13.4227 -24.4218 -69.5371
-10.3657 56.1271 -8.61619 -13.4829 -24.5312 -69.5944
-10.4333 56.0042 -8.96431 -13.5432 -24.641 -69.6517
-10.5011 55.8807 -9.31271 -13.6038 -24.7512 -69.709
-10.5693 55.7566 -9.6614 -13.6646 -24.8618 -69.7661
-10.6378 55.6321 -10.0104 -13.7256 -24.9728 -69.8233
-10.7066 55.5069 -10.3596 -13.7869 -25.0842 -69.8803
-10.7757 55.3812 -10.7092 -13.8483 -25.196 -69.9373
-10.8451 55.255 -11.059 -13.91 -25.3081 -69.9942
-10.9148 55.1281 -11.4091 -13.9718 -25.4207 -70.0511
-10.9848 55.0007 -11.7595 -14.0339 -25.5336 -70.1079
-11.0551 54.8728 -12.1102 -14.0962 -25.6469 -70.1646
-11.1257 54.7443 -12.4612 -14.1588 -25.7607 -70.2213
-11.1967 54.6152 -12.8124 -14.2215 -25.8748 -70.2779
-11.268 54.4855 -13.1639 -14.2845 -25.9894 -70.3344
-11.3395 54.3553 -13.5158 -14.3477 -26.1043 -70.3909
-11.4114 54.2245 -13.8678 -14.4111 -26.2197 -70.4472
-11.4836 54.0931 -14.2202 -14.4748 -26.3355 -70.5035
-11.5562 53.9611 -14.5729 -14.5386 -26.4517 -70.5597
-11.629 53.8286 -14.9258 -14.6027 -26.5683 -70.6159
-11.7022 53.6954 -15.279 -14.6671 -26.6853 -70.6719
-11.7757 53.5617 -15.6325 -14.7316 -26.8027 -70.7279
-11.8495 53.4274 -15.9863 -14.7964 -26.9206 -70.7838
-11.9237 53.2925 -16.3404 -14.8615 -27.0389 -70.8396
-11.9981 53.157 -16.6947 -14.9267 -27.1576 -70.8953
-12.0729 53.0209 -17.0493 -14.9922 -27.2767 -70.9509
-12.1481 52.8843 -17.4042 -15.058 -27.3963 -71.0065
-12.2235 52.747 -17.7594 -15.1239 -27.5163 -71.0619
-12.2993 52.6091 -18.1148 -15.1901 -27.6367 -71.1173
-12.3754 52.4706 -18.4706 -15.2566 -27.7576 -71.1725
-12.4519 52.3315 -18.8266 -15.3233 -27.8789 -71.2277
-12.5286 52.1918 -19.1828 -15.3902 -28.0006 -71.2827
-12.6058 52.0515 -19.5394 -15.4574 -28.1228 -71.3377
-12.6832 51.9106 -19.8962 -15.5248 -28.2454 -71.3925
-12.761 51.7691 -20.2533 -15.5925 -28.3685 -71.4472
-12.8391 51.6269 -20.6107 -15.6604 -28.492 -71.5019
-12.9176 51.4841 -20.9683 -15.7286 -28.616 -71.5564
-12.9964 51.3408 -21.3263 -15.797 -28.7404 -71.6108
-13.0756 51.1967 -21.6844 -15.8657 -28.8653 -71.6651
-13.1551 51.0521 -22.0429 -15.9346 -28.9906 -71.7193
-13.2349 50.9068 -22.4016 -16.0038 -29.1164 -71.7734
-13.3151 50.7609 -22.7606 -16.0732 -29.2427 -71.8273
-13.3957 50.6144 -23.1199 -16.1429 -29.3694 -71.8812
-13.4766 50.4672 -23.4795 -16.2128 -29.4966 -71.9349
-13.5578 50.3194 -23.8393 -16.283 -29.6243 -71.9885
-13.6394 50.171 -24.1993 -16.3535 -29.7524 -72.0419
-13.7213 50.0219 -24.5597 -16.4242 -29.8811 -72.0953
-13.8036 49.8722 -24.9203 -16.4952 -30.0101 -72.1485
-13.8863 49.7218 -25.2812 -16.5665 -30.1397 -72.2015
-13.9693 49.5708 -25.6423 -16.638 -30.2698 -72.2545
-14.0527 49.4191 -26.0037 -16.7098 -30.4003 -72.3073
-14.1364 49.2668 -26.3654 -16.7819 -30.5313 -72.3599
-14.2205 49.1138 -26.7273 -16.8542 -30.6628 -72.4124
-14.3049 48.9602 -27.0895 -16.9268 -30.7948 -72.4648
-14.3897 48.8059 -27.452 -16.9997 -30.9273 -72.517
-14.4749 48.6509 -27.8147 -17.0728 -31.0603 -72.5691
-14.5605 48.4953 -28.1777 -17.1463 -31.1938 -72.621
-14.6464 48.339 -28.5409 -17.22 -31.3278 -72.6728
-14.7327 48.182 -28.9044 -17.294 -31.4623 -72.7244
-14.8193 48.0243 -29.2681 -17.3683 -31.5973 -72.7759
-14.9064 47.866 -29.6321 -17.4428 -31.7328 -72.8271
-14.9938 47.707 -29.9964 -17.5177 -31.8688 -72.8783
-15.0815 47.5473 -30.3609 -17.5928 -32.0053 -72.9292
-15.1697 47.3869 -30.7257 -17.6682 -32.1424 -72.98
-15.2582 47.2259 -31.0907 -17.7439 -32.28 -73.0306
-15.3471 47.0641 -31.456 -17.8199 -32.4181 -73.0811
-15.4364 46.9017 -31.8215 -17.8962 -32.5567 -73.1314
-15.5261 46.7386 -32.1873 -17.9728 -32.6958 -73.1814
-15.6161 46.5748 -32.5533 -18.0496 -32.8355 -73.2314
-15.7066 46.4102 -32.9196 -18.1268 -32.9757 -73.2811
-15.7974 46.245 -33.2862 -18.2043 -33.1164 -73.3306
-15.8886 46.0791 -33.6529 -18.2821 -33.2577 -73.3799
-15.9802 45.9124 -34.02 -18.3601 -33.3995 -73.4291
-16.0722 45.7451 -34.3872 -18.4385 -33.5419 -73.478
-16.1646 45.577 -34.7547 -18.5172 -33.6848 -73.5268
-16.2574 45.4082 -35.1225 -18.5962 -33.8283 -73.5753
-16.3506 45.2387 -35.4905 -18.6755 -33.9723 -73.6237
-16.4442 45.0685 -35.8587 -18.7551 -34.1169 -73.6718
-16.5381 44.8975 -36.2272 -18.835 -34.262 -73.7197
-16.6325 44.7259 -36.5959 -18.9153 -34.4077 -73.7674
-16.7273 44.5535 -36.9649 -18.9958 -34.5539 -73.8149
-16.8225 44.3803 -37.3341 -19.0767 -34.7007 -73.8622
-16.9181 44.2065 -37.7035 -19.1579 -34.8481 -73.9092
-17.014 44.0319 -38.0732 -19.2394 -34.9961 -73.956
-17.1104 43.8565 -38.4431 -19.3212 -35.1446 -74.0026
-17.2073 43.6804 -38.8132 -19.4034 -35.2937 -74.049
-17.3045 43.5036 -39.1836 -19.4859 -35.4434 -74.0951
-17.4021 43.326 -39.5541 -19.5687 -35.5937 -74.1409
-17.5002 43.1476 -39.925 -19.6519 -35.7445 -74.1866
-17.5986 42.9685 -40.296 -19.7354 -35.896 -74.2319
-17.6975 42.7887 -40.6673 -19.8192 -36.048 -74.277
-17.7968 42.608 -41.0388 -19.9033 -36.2007 -74.3219
-17.8966 42.4267 -41.4105 -19.9878 -36.3539 -74.3665
-17.9967 42.2445 -41.7824 -20.0727 -36.5078 -74.4108
-18.0973 42.0616 -42.1546 -20.1578 -36.6622 -74.4549
-18.1983 41.8779 -42.527 -20.2434 -36.8173 -74.4987
-18.2997 41.6934 -42.8996 -20.3292 -36.9729 -74.5422
-18.4016 41.5082 -43.2724 -20.4154 -37.1292 -74.5855
-18.5039 41.3221 -43.6455 -20.502 -37.2861 -74.6284
-18.6066 41.1353 -44.0187 -20.5889 -37.4436 -74.6711
-18.7098 40.9477 -44.3922 -20.6762 -37.6017 -74.7135
-18.8134 40.7593 -44.7658 -20.7639 -37.7605 -74.7556
-18.9174 40.5701 -45.1397 -20.8518 -37.9199 -74.7974
-19.0219 40.3801 -45.5138 -20.9402 -38.0799 -74.8389
-19.1268 40.1893 -45.8881 -21.0289 -38.2406 -74.8801
-19.2322 39.9977 -46.2626 -21.118 -38.4019 -74.9209
-19.338 39.8053 -46.6373 -21.2075 -38.5638 -74.9615
-19.4442 39.612 -47.0122 -21.2973 -38.7264 -75.0017
-19.551 39.418 -47.3873 -21.3875 -38.8897 -75.0416
-19.6581 39.2231 -47.7626 -21.478 -39.0536 -75.0812
-19.7657 39.0275 -48.1381 -21.569 -39.2181 -75.1205
-19.8738 38.831 -48.5138 -21.6603 -39.3833 -75.1594
-19.9823 38.6336 -48.8897 -21.752 -39.5492 -75.1979
-20.0913 38.4355 -49.2658 -21.8441 -39.7158 -75.2361
-20.2008 38.2365 -49.6421 -21.9366 -39.883 -75.274
-20.3107 38.0366 -50.0186 -22.0294 -40.0509 -75.3115
-20.4211 37.836 -50.3952 -22.1227 -40.2194 -75.3487
-20.5319 37.6344 -50.7721 -22.2163 -40.3887 -75.3855
-20.6432 37.4321 -51.1491 -22.3103 -40.5586 -75.4219
-20.755 37.2289 -51.5263 -22.4048 -40.7292 -75.4579
-20.8673 37.0248 -51.9036 -22.4996 -40.9005 -75.4936
-20.98 36.8198 -52.2812 -22.5948 -41.0725 -75.5288
-21.0932 36.6141 -52.6589 -22.6905 -41.2452 -75.5637
-21.2069 36.4074 -53.0368 -22.7865 -41.4185 -75.5982
-21.3211 36.1999 -53.4149 -22.883 -41.5926 -75.6323
-21.4358 35.9915 -53.7932 -22.9798 -41.7674 -75.6659
-21.5509 35.7822 -54.1716 -23.0771 -41.943 -75.6992
-21.6665 35.572 -54.5502 -23.1748 -42.1192 -75.732
-21.7826 35.361 -54.9289 -23.2729 -42.2961 -75.7644
-21.8993 35.1491 -55.3078 -23.3715 -42.4738 -75.7964
-22.0164 34.9363 -55.6869 -23.4704 -42.6522 -75.828
-22.134 34.7226 -56.0661 -23.5698 -42.8313 -75.8591
-22.2521 34.508 -56.4455 -23.6696 -43.0111 -75.8898
-22.3707 34.2924 -56.825 -23.7699 -43.1917 -75.92
-22.4898 34.076 -57.2047 -23.8705 -43.373 -75.9497
-22.6094 33.8587 -57.5845 -23.9717 -43.5551 -75.979
-22.7295 33.6405 -57.9644 -24.0732 -43.7379 -76.0079
-22.8501 33.4213 -58.3446 -24.1752 -43.9215 -76.0362
-22.9712 33.2013 -58.7248 -24.2776 -44.1058 -76.0641
-23.0929 32.9803 -59.1052 -24.3805 -44.2909 -76.0915
-23.215 32.7584 -59.4857 -24.4838 -44.4767 -76.1183
-23.3377 32.5355 -59.8664 -24.5876 -44.6633 -76.1447
-23.4609 32.3117 -60.2472 -24.6919 -44.8507 -76.1706
-23.5846 32.087 -60.6281 -24.7966 -45.0388 -76.196
-23.7089 31.8613 -61.0091 -24.9017 -45.2278 -76.2208
-23.8336 31.6347 -61.3903 -25.0073 -45.4175 -76.2451
-23.9589 31.4072 -61.7716 -25.1134 -45.6079 -76.2689
-24.0848 31.1786 -62.153 -25.2199 -45.7992 -76.2922
-24.2111 30.9492 -62.5345 -25.327 -45.9913 -76.3149
-24.338 30.7187 -62.9161 -25.4344 -46.1841 -76.337
-24.4655 30.4873 -63.2979 -25.5424 -46.3778 -76.3586
-24.5935 30.255 -63.6797 -25.6508 -46.5722 -76.3796
-24.722 30.0216 -64.0617 -25.7598 -46.7675 -76.4001
-24.8511 29.7873 -64.4437 -25.8691 -46.9635 -76.4199
-24.9807 29.552 -64.8259 -25.979 -47.1604 -76.4392
-25.1109 29.3157 -65.2081 -26.0894 -47.3581 -76.4579
-25.2416 29.0784 -65.5904 -26.2003 -47.5566 -76.476
-25.3729 28.8401 -65.9729 -26.3116 -47.7559 -76.4934
-25.5047 28.6008 -66.3554 -26.4235 -47.9561 -76.5103
-25.6371 28.3606 -66.738 -26.5358 -48.1571 -76.5265
-25.7701 28.1193 -67.1206 -26.6487 -48.3589 -76.5421
-25.9036 27.877 -67.5034 -26.762 -48.5616 -76.557
-26.0377 27.6336 -67.8862 -26.8759 -48.7651 -76.5713
-26.1723 27.3893 -68.2691 -26.9903 -48.9694 -76.5849
-26.3076 27.144 -68.6521 -27.1051 -49.1746 -76.5979
-26.4434 26.8976 -69.0351 -27.2205 -49.3807 -76.6102
-26.5798 26.6501 -69.4182 -27.3364 -49.5876 -76.6218
-26.7168 26.4017 -69.8013 -27.4529 -49.7954 -76.6327
-26.8543 26.1522 -70.1845 -27.5698 -50.004 -76.6429
-26.9925 25.9016 -70.5677 -27.6873 -50.2135 -76.6524
-27.1312 25.6501 -70.951 -27.8053 -50.4239 -76.6612
-27.2705 25.3974 -71.3343 -27.9238 -50.6351 -76.6692
-27.4104 25.1437 -71.7177 -28.0429 -50.8472 -76.6765
-27.5509 24.8889 -72.1011 -28.1625 -51.0602 -76.6831
-27.6921 24.6331 -72.4845 -28.2827 -51.2741 -76.6889
-27.8338 24.3762 -72.868 -28.4033 -51.4889 -76.694
-27.9761 24.1182 -73.2515 -28.5246 -51.7046 -76.6983
-28.119 23.8591 -73.635 -28.6463 -51.9211 -76.7017
-28.2625 23.599 -74.0185 -28.7686 -52.1386 -76.7045
-28.4067 23.3378 -74.402 -28.8915 -52.357 -76.7064
-28.5515 23.0754 -74.7856 -29.0149 -52.5762 -76.7074
-28.6968 22.812 -75.1691 -29.1389 -52.7964 -76.7077
-28.8429 22.5475 -75.5526 -29.2634 -53.0175 -76.7071
-28.9895 22.2818 -75.9362 -29.3885 -53.2395 -76.7057
-29.1367 22.0151 -76.3197 -29.5142 -53.4624 -76.7035
-29.2846 21.7472 -76.7032 -29.6404 -53.6863 -76.7004
-29.4331 21.4782 -77.0867 -29.7672 -53.911 -76.6964
-29.5823 21.2081 -77.4702 -29.8946 -54.1367 -76.6915
-29.7321 20.9368 -77.8536 -30.0225 -54.3634 -76.6857
-29.8825 20.6645 -78.237 -30.151 -54.5909 -76.679
-30.0336 20.3909 -78.6204 -30.2801 -54.8194 -76.6714
-30.1853 20.1163 -79.0037 -30.4097 -55.0489 -76.6629
-30.3377 19.8404 -79.387 -30.54 -55.2793 -76.6534
-30.4907 19.5635 -79.7703 -30.6708 -55.5106 -76.643
-30.6444 19.2853 -80.1535 -30.8022 -55.7429 -76.6316
-30.7987 19.006 -80.5366 -30.9342 -55.9761 -76.6193
-30.9537 18.7256 -80.9197 -31.0668 -56.2103 -76.6059
-31.1094 18.4439 -81.3026 -31.2 -56.4454 -76.5916
-31.2657 18.1611 -81.6856 -31.3338 -56.6815 -76.5762
-31.4228 17.8771 -82.0684 -31.4682 -56.9186 -76.5598
-31.5804 17.5919 -82.4512 -31.6032 -57.1566 -76.5424
-31.7388 17.3056 -82.8338 -31.7388 -57.3956 -76.524
-31.8978 17.018 -83.2164 -31.875 -57.6356 -76.5044
-32.0575 16.7292 -83.5989 -32.0118 -57.8766 -76.4838
-32.2179 16.4392 -83.9812 -32.1492 -58.1185 -76.4622
-32.379 16.148 -84.3635 -32.2872 -58.3614 -76.4394
-32.5408 15.8556 -84.7456 -32.4258 -58.6053 -76.4155
-32.7033 15.562 -85.1277 -32.5651 -58.8501 -76.3904
-32.8665 15.2671 -85.5095 -32.7049 -59.096 -76.3643
-33.0303 14.971 -85.8913 -32.8454 -59.3428 -76.337
-33.1949 14.6737 -86.2729 -32.9865 -59.5907 -76.3085
-33.3602 14.3751 -86.6544 -33.1283 -59.8395 -76.2788
-33.5262 14.0753 -87.0357 -33.2706 -60.0893 -76.2479
-33.6929 13.7742 -87.4169 -33.4136 -60.3401 -76.2158
-33.8603 13.4719 -87.7979 -33.5572 -60.5919 -76.1825
-34.0285 13.1683 -88.1787 -33.7014 -60.8447 -76.148
-34.1973 12.8634 -88.5593 -33.8463 -61.0985 -76.1122
-34.3669 12.5573 -88.9398 -33.9918 -61.3533 -76.0751
-34.5373 12.2499 -89.3201 -34.1379 -61.6091 -76.0367
-34.7083 11.9412 -89.7002 -34.2847 -61.8659 -75.997
-34.8801 11.6312 -90.0801 -34.4321 -62.1238 -75.956
-35.0526 11.32 -90.4597 -34.5801 -62.3826 -75.9137
-35.2259 11.0074 -90.8392 -34.7288 -62.6424 -75.87
-35.3999 10.6935 -91.2184 -34.8782 -62.9032 -75.825
-35.5747 10.3784 -91.5974 -35.0281 -63.1651 -75.7786
-35.7502 10.0619 -91.9762 -35.1788 -63.4279 -75.7308
-35.9265 9.7441 -92.3548 -35.33 -63.6918 -75.6815
-36.1035 9.42498 -92.733 -35.4819 -63.9567 -75.6309
-36.2813 9.10453 -93.1111 -35.6345 -64.2226 -75.5787
-36.4599 8.78275 -93.4888 -35.7877 -64.4895 -75.5251
-36.6392 8.45963 -93.8663 -35.9416 -64.7574 -75.4701
-36.8193 8.13518 -94.2435 -36.0961 -65.0263 -75.4135
-37.0001 7.80937 -94.6204 -36.2513 -65.2963 -75.3554
-37.1818 7.48221 -94.9971 -36.4071 -65.5672 -75.2958
-37.3642 7.1537 -95.3734 -36.5636 -65.8392 -75.2346
-37.5474 6.82382 -95.7494 -36.7207 -66.1121 -75.1718
-37.7314 6.49258 -96.1251 -36.8785 -66.3861 -75.1074
-37.9162 6.15996 -96.5005 -37.037 -66.6611 -75.0415
-38.1018 5.82597 -96.8755 -37.1961 -66.9371 -74.9739
-38.2882 5.49059 -97.2502 -37.3559 -67.2141 -74.9046
-38.4753 5.15383 -97.6246 -37.5163 -67.4921 -74.8337
-38.6633 4.81567 -97.9986 -37.6774 -67.7711 -74.7611
-38.8521 4.47611 -98.3722 -37.8392 -68.0511 -74.6868
-39.0417 4.13516 -98.7454 -38.0016 -68.3322 -74.6107
-39.2321 3.79279 -99.1183 -38.1647 -68.6142 -74.5329
-39.4234 3.44901 -99.4908 -38.3284 -68.8972 -74.4534
-39.6154 3.10382 -99.8628 -38.4928 -69.1812 -74.372
-39.8083 2.7572 -100.234 -38.6579 -69.4662 -74.2888
-40.002 2.40916 -100.606 -38.8236 -69.7522 -74.2039
-40.1965 2.05968 -100.977 -38.99 -70.0392 -74.117
-40.3919 1.70877 -101.347 -39.1571 -70.3272 -74.0283
-40.5881 1.35641 -101.717 -39.3248 -70.6161 -73.9377
-40.7851 1.0026 -102.086 -39.4932 -70.9061 -73.8451
-40.983 0.647348 -102.455 -39.6622 -71.197 -73.7507
-41.1818 0.290635 -102.824 -39.8319 -71.4888 -73.6543
-41.3814 -0.0675402 -103.192 -40.0022 -71.7817 -73.5558
-41.5818 -0.427182 -103.559 -40.1733 -72.0755 -73.4554
-41.7831 -0.788295 -103.926 -40.3449 -72.3702 -73.353
-41.9852 -1.15088 -104.293 -40.5173 -72.666 -73.2485
-42.1883 -1.51495 -104.659 -40.6903 -72.9626 -73.142
-42.3921 -1.88051 -105.024 -40.8639 -73.2602 -73.0333
-42.5969 -2.24756 -105.389 -41.0382 -73.5588 -72.9225
-42.8025 -2.6161 -105.754 -41.2131 -73.8583 -72.8096
-43.009 -2.98614 -106.117 -41.3887 -74.1587 -72.6946
-43.2164 -3.35769 -106.48 -41.565 -74.46 -72.5773
-43.4247 -3.73074 -106.843 -41.7419 -74.7623 -72.4578
-43.6338 -4.10531 -107.205 -41.9194 -75.0654 -72.3361
-43.8439 -4.48139 -107.566 -42.0976 -75.3695 -72.2121
-44.0548 -4.859 -107.927 -42.2765 -75.6744 -72.0859
-44.2666 -5.23814 -108.287 -42.4559 -75.9803 -71.9573
-44.4794 -5.61881 -108.647 -42.6361 -76.287 -71.8264
-44.693 -6.00101 -109.006 -42.8168 -76.5946 -71.6931
-44.9075 -6.38475 -109.364 -42.9982 -76.903 -71.5575
-45.123 -6.77004 -109.721 -43.1802 -77.2123 -71.4194
-45.3393 -7.15687 -110.078 -43.3629 -77.5225 -71.2789
-45.5566 -7.54526 -110.434 -43.5461 -77.8335 -71.136
-45.7748 -7.93521 -110.789 -43.73 -78.1453 -70.9905
-45.9939 -8.32672 -111.144 -43.9145 -78.4579 -70.8426
-46.2139 -8.71979 -111.498 -44.0997 -78.7714 -70.6921
-46.4349 -9.11443 -111.851 -44.2854 -79.0856 -70.5391
-46.6568 -9.51064 -112.203 -44.4717 -79.4006 -70.3834
-46.8796 -9.90844 -112.555 -44.6587 -79.7164 -70.2252
-47.1034 -10.3078 -112.905 -44.8463 -80.033 -70.0643
-47.3281 -10.7088 -113.255 -45.0344 -80.3503 -69.9007
-47.5537 -11.1113 -113.604 -45.2232 -80.6683 -69.7344
-47.7803 -11.5154 -113.953 -45.4125 -80.9871 -69.5654
-48.0079 -11.9212 -114.3 -45.6024 -81.3066 -69.3937
-48.2363 -12.3285 -114.646 -45.7929 -81.6268 -69.2192
-48.4658 -12.7375 -114.992 -45.984 -81.9477 -69.0419
-48.6962 -13.148 -115.337 -46.1756 -82.2692 -68.8617
-48.9275 -13.5601 -115.681 -46.3679 -82.5914 -68.6787
-49.1599 -13.9739 -116.024 -46.5606 -82.9143 -68.4928
-49.3931 -14.3893 -116.366 -46.7539 -83.2378 -68.304
-49.6274 -14.8063 -116.707 -46.9478 -83.5618 -68.1123
-49.8626 -15.2249 -117.047 -47.1422 -83.8865 -67.9176
-50.0988 -15.6451 -117.386 -47.3372 -84.2118 -67.7198
-50.336 -16.067 -117.724 -47.5327 -84.5376 -67.5191
-50.5741 -16.4905 -118.061 -47.7287 -84.864 -67.3153
-50.8133 -16.9157 -118.397 -47.9252 -85.1909 -67.1085
-51.0534 -17.3424 -118.732 -48.1222 -85.5183 -66.8985
-51.2945 -17.7708 -119.066 -48.3198 -85.8462 -66.6854
-51.5366 -18.2009 -119.399 -48.5178 -86.1746 -66.4692
-51.7797 -18.6326 -119.731 -48.7163 -86.5034 -66.2497
-52.0238 -19.0659 -120.062 -48.9153 -86.8326 -66.0271
-52.2688 -19.5009 -120.391 -49.1148 -87.1623 -65.8012
-52.5149 -19.9376 -120.72 -49.3148 -87.4923 -65.572
-52.762 -20.3758 -121.047 -49.5152 -87.8228 -65.3395
-53.0101 -20.8158 -121.373 -49.716 -88.1535 -65.1037
-53.2591 -21.2574 -121.698 -49.9173 -88.4846 -64.8646
-53.5092 -21.7006 -122.022 -50.119 -88.816 -64.6221
-53.7603 -22.1455 -122.344 -50.3212 -89.1477 -64.3761
-54.0124 -22.5921 -122.665 -50.5237 -89.4796 -64.1267
-54.2656 -23.0403 -122.985 -50.7267 -89.8117 -63.8739
-54.5197 -23.4902 -123.304 -50.9301 -90.1441 -63.6176
-54.7749 -23.9418 -123.622 -51.1338 -90.4766 -63.3578
-55.031 -24.395 -123.938 -51.3379 -90.8093 -63.0944
-55.2882 -24.8499 -124.252 -51.5424 -91.1421 -62.8274
-55.5465 -25.3064 -124.566 -51.7473 -91.4751 -62.5569
-55.8057 -25.7646 -124.878 -51.9524 -91.808 -62.2827
-56.066 -26.2245 -125.189 -52.158 -92.1411 -62.0049
-56.3273 -26.686 -125.498 -52.3638 -92.4741 -61.7234
-56.5896 -27.1492 -125.806 -52.57 -92.8072 -61.4383
-56.853 -27.6141 -126.112 -52.7764 -93.1402 -61.1494
-57.1174 -28.0806 -126.417 -52.9832 -93.4731 -60.8567
-57.3828 -28.5488 -126.721 -53.1902 -93.8059 -60.5603
-57.6493 -29.0187 -127.023 -53.3975 -94.1386 -60.2601
-57.9168 -29.4902 -127.324 -53.6051 -94.4711 -59.956
-58.1854 -29.9634 -127.623 -53.8129 -94.8034 -59.6482
-58.4549 -30.4382 -127.92 -54.0209 -95.1355 -59.3364
-58.7256 -30.9148 -128.216 -54.2292 -95.4673 -59.0208
-58.9972 -31.3929 -128.51 -54.4376 -95.7989 -58.7012
-59.2699 -31.8727 -128.803 -54.6463 -96.1301 -58.3777
-59.5437 -32.3542 -129.094 -54.8551 -96.4609 -58.0502
-59.8185 -32.8374 -129.384 -55.0641 -96.7913 -57.7188
-60.0943 -33.3221 -129.671 -55.2732 -97.1213 -57.3833
-60.3712 -33.8086 -129.957 -55.4825 -97.4508 -57.0439
-60.6492 -34.2966 -130.242 -55.692 -97.7798 -56.7004
-60.9281 -34.7864 -130.524 -55.9015 -98.1083 -56.3528
-61.2082 -35.2777 -130.805 -56.1111 -98.4362 -56.0011
-61.4893 -35.7707 -131.084 -56.3209 -98.7634 -55.6453
-61.7714 -36.2654 -131.362 -56.5307 -99.09 -55.2854
-62.0546 -36.7616 -131.637 -56.7406 -99.4159 -54.9214
-62.3388 -37.2595 -131.911 -56.9505 -99.7411 -54.5532
-62.6241 -37.759 -132.183 -57.1605 -100.065 -54.1808
-62.9104 -38.2602 -132.453 -57.3705 -100.389 -53.8042
-63.1978 -38.7629 -132.721 -57.5805 -100.712 -53.4234
-63.4862 -39.2673 -132.987 -57.7905 -101.033 -53.0384
-63.7757 -39.7733 -133.251 -58.0004 -101.354 -52.6492
-64.0662 -40.2808 -133.513 -58.2104 -101.674 -52.2556
-64.3578 -40.79 -133.774 -58.4203 -101.993 -51.8579
-64.6504 -41.3008 -134.032 -58.6302 -102.311 -51.4558
-64.9441 -41.8131 -134.288 -58.84 -102.627 -51.0494
-65.2388 -42.327 -134.543 -59.0497 -102.943 -50.6387
-65.5346 -42.8425 -134.795 -59.2593 -103.257 -50.2237
-65.8314 -43.3596 -135.045 -59.4688 -103.57 -49.8043
-66.1293 -43.8782 -135.293 -59.6783 -103.882 -49.3806
-66.4282 -44.3984 -135.539 -59.8876 -104.192 -48.9526
-66.7281 -44.9202 -135.782 -60.0967 -104.501 -48.5202
-67.0291 -45.4434 -136.024 -60.3057 -104.809 -48.0834
-67.3312 -45.9683 -136.263 -60.5146 -105.115 -47.6422
-67.6343 -46.4946 -136.5 -60.7233 -105.42 -47.1966
-67.9384 -47.0225 -136.735 -60.9318 -105.723 -46.7466
-68.2436 -47.5518 -136.968 -61.1401 -106.024 -46.2922
-68.5498 -48.0827 -137.198 -61.3483 -106.324 -45.8334
-68.8571 -48.6151 -137.426 -61.5563 -106.622 -45.3702
-69.1654 -49.1489 -137.652 -61.764 -106.919 -44.9025
-69.4747 -49.6843 -137.875 -61.9716 -107.213 -44.4304
-69.7851 -50.2211 -138.096 -62.1789 -107.506 -43.9538
-70.0965 -50.7593 -138.315 -62.386 -107.797 -43.4729
-70.409 -51.299 -138.531 -62.5929 -108.086 -42.9874
-70.7224 -51.8402 -138.744 -62.7996 -108.373 -42.4975
-71.037 -52.3828 -138.956 -63.0061 -108.659 -42.0032
-71.3525 -52.9268 -139.164 -63.2124 -108.942 -41.5044
-71.6691 -53.4722 -139.371 -63.4184 -109.223 -41.0011
-71.9867 -54.019 -139.575 -63.6242 -109.502 -40.4934
-72.3053 -54.5672 -139.776 -63.8298 -109.779 -39.9811
-72.625 -55.1168 -139.974 -64.0352 -110.053 -39.4644
-72.9457 -55.6677 -140.17 -64.2404 -110.326 -38.9433
-73.2674 -56.22 -140.364 -64.4454 -110.596 -38.4176
-73.5901 -56.7737 -140.555 -64.6503 -110.864 -37.8874
-73.9139 -57.3287 -140.743 -64.8549 -111.129 -37.3528
-74.2387 -57.885 -140.928 -65.0595 -111.392 -36.8136
-74.5645 -58.4426 -141.111 -65.2638 -111.653 -36.27
-74.8913 -59.0015 -141.291 -65.4681 -111.912 -35.7218
-75.2192 -59.5617 -141.468 -65.6722 -112.168 -35.169
-75.548 -60.1232 -141.642 -65.8762 -112.421 -34.6118
-75.8779 -60.6859 -141.814 -66.0802 -112.672 -34.0499
-76.2088 -61.2499 -141.983 -66.2842 -112.921 -33.4835
-76.5408 -61.8152 -142.149 -66.4881 -113.167 -32.9126
-76.8737 -62.3816 -142.312 -66.692 -113.411 -32.337
-77.2077 -62.9493 -142.472 -66.8959 -113.652 -31.7568
-77.5427 -63.5181 -142.63 -67.1 -113.891 -31.1719
-77.8787 -64.0882 -142.784 -67.3041 -114.127 -30.5824
-78.2157 -64.6594 -142.935 -67.5083 -114.361 -29.9881
-78.5538 -65.2318 -143.084 -67.7127 -114.593 -29.3891
-78.8928 -65.8053 -143.229 -67.9173 -114.822 -28.7853
-79.2329 -66.38 -143.372 -68.1221 -115.048 -28.1767
-79.5741 -66.9558 -143.511 -68.3271 -115.273 -27.5633
-79.9162 -67.5328 -143.647 -68.5325 -115.495 -26.9449
-80.2594 -68.1108 -143.781 -68.7381 -115.714 -26.3215
-80.6036 -68.6899 -143.911 -68.9441 -115.932 -25.693
-80.9488 -69.2701 -144.038 -69.1504 -116.148 -25.0594
-81.2951 -69.8514 -144.161 -69.357 -116.361 -24.4207
-81.6424 -70.4337 -144.282 -69.5641 -116.573 -23.7766
-81.9907 -71.0171 -144.399 -69.7715 -116.783 -23.1272
-82.3401 -71.6016 -144.513 -69.9793 -116.991 -22.4723
-82.6905 -72.1871 -144.624 -70.1874 -117.197 -21.8119
-83.042 -72.7736 -144.731 -70.3958 -117.402 -21.1458
-83.3945 -73.3611 -144.835 -70.6044 -117.606 -20.4738
-83.748 -73.9496 -144.936 -70.8133 -117.809 -19.796
-84.1026 -74.5392 -145.033 -71.0222 -118.011 -19.1121
-84.4582 -75.1298 -145.127 -71.2311 -118.212 -18.4221
-84.8149 -75.7213 -145.217 -71.4398 -118.413 -17.7258
-85.1726 -76.3139 -145.304 -71.6481 -118.613 -17.0231
-85.5313 -76.9075 -145.388 -71.8558 -118.813 -16.3139
-85.8911 -77.502 -145.467 -72.0627 -119.012 -15.598
-86.2519 -78.0976 -145.544 -72.2685 -119.213 -14.8754
-86.6138 -78.6942 -145.616 -72.4728 -119.413 -14.146
-86.9767 -79.2917 -145.685 -72.6752 -119.614 -13.4096
-87.3405 -79.8903 -145.75 -72.8753 -119.816 -12.6664
-87.7054 -80.4899 -145.812 -73.0727 -120.018 -11.9162
-88.0712 -81.0905 -145.869 -73.2668 -120.222 -11.159
-88.438 -81.6921 -145.923 -73.457 -120.426 -10.395
-88.8058 -82.2948 -145.973 -73.6428 -120.632 -9.62431
-89.1744 -82.8985 -146.02 -73.8235 -120.839 -8.847
-89.544 -83.5032 -146.062 -73.9984 -121.046 -8.06333
-89.9144 -84.1089 -146.1 -74.167 -121.255 -7.27359
-90.2856 -84.7157 -146.135 -74.3285 -121.463 -6.47811
-90.6576 -85.3236 -146.165 -74.4822 -121.673 -5.67729
-91.0304 -85.9324 -146.192 -74.6277 -121.882 -4.87158
-91.4039 -86.5424 -146.214 -74.7642 -122.091 -4.06151
-91.778 -87.1533 -146.232 -74.8912 -122.298 -3.24762
-92.1528 -87.7653 -146.246 -75.0084 -122.505 -2.43052
-92.5281 -88.3784 -146.257 -75.1152 -122.709 -1.61083
-92.9039 -88.9924 -146.263 -75.2115 -122.911 -0.789213
-93.2802 -89.6075 -146.265 -75.297 -123.109 0.0336829
-93.6568 -90.2235 -146.262 -75.3715 -123.304 0.857202
-94.0339 -90.8405 -146.256 -75.4352 -123.494 1.6807
-94.4112 -91.4584 -146.246 -75.4881 -123.679 2.50357
-94.7887 -92.0772 -146.231 -75.5303 -123.858 3.32523
-95.1665 -92.697 -146.212 -75.5621 -124.031 4.14513
-95.5443 -93.3175 -146.19 -75.5838 -124.197 4.96279
-95.9223 -93.9389 -146.163 -75.5957 -124.356 5.77775
-96.3003 -94.5611 -146.132 -75.5984 -124.507 6.58964
-96.6783 -95.184 -146.097 -75.5921 -124.65 7.39811
-97.0562 -95.8075 -146.058 -75.5774 -124.785 8.20288
-97.4341 -96.4318 -146.015 -75.5547 -124.911 9.00371
-97.8118 -97.0566 -145.968 -75.5245 -125.029 9.80042
-98.1893 -97.6821 -145.917 -75.4873 -125.137 10.5929
-98.5667 -98.308 -145.862 -75.4435 -125.237 11.3809
-98.9438 -98.9344 -145.803 -75.3936 -125.327 12.1645
-99.3206 -99.5612 -145.74 -75.338 -125.408 12.9436
-99.6972 -100.188 -145.674 -75.277 -125.48 13.7182
-100.073 -100.816 -145.603 -75.2111 -125.543 14.4882
-100.449 -101.444 -145.529 -75.1405 -125.597 15.2538
-100.825 -102.072 -145.451 -75.0656 -125.642 16.0149
-101.2 -102.7 -145.369 -74.9867 -125.679 16.7715
-101.575 -103.329 -145.283 -74.9041 -125.706 17.5237
-101.949 -103.957 -145.194 -74.8179 -125.725 18.2715
-102.323 -104.586 -145.1 -74.7283 -125.736 19.0151
-102.696 -105.215 -145.004 -74.6357 -125.738 19.7544
-103.069 -105.843 -144.903 -74.54 -125.733 20.4895
-103.442 -106.472 -144.799 -74.4416 -125.719 21.2204
-103.814 -107.101 -144.691 -74.3405 -125.697 21.9472
-104.185 -107.729 -144.579 -74.2368 -125.668 22.6699
-104.556 -108.357 -144.464 -74.1306 -125.631 23.3886
-104.926 -108.985 -144.345 -74.0221 -125.587 24.1033
-105.296 -109.613 -144.223 -73.9114 -125.536 24.8141
-105.666 -110.241 -144.097 -73.7984 -125.477 25.5209
-106.034 -110.868 -143.968 -73.6833 -125.412 26.2238
-106.402 -111.495 -143.835 -73.5661 -125.339 26.9227
-106.77 -112.121 -143.699 -73.4468 -125.261 27.6178
-107.137 -112.747 -143.559 -73.3256 -125.175 28.309
-107.503 -113.373 -143.416 -73.2025 -125.083 28.9964
-107.869 -113.998 -143.269 -73.0774 -124.985 29.6798
-108.234 -114.623 -143.119 -72.9505 -124.881 30.3594
-108.598 -115.247 -142.965 -72.8217 -124.77 31.0351
-108.962 -115.871 -142.808 -72.6912 -124.654 31.707
-109.325 -116.494 -142.648 -72.5588 -124.532 32.3749
-109.688 -117.116 -142.485 -72.4247 -124.404 33.0389
-110.05 -117.738 -142.318 -72.2888 -124.271 33.699
-110.411 -118.359 -142.148 -72.1512 -124.132 34.3552
-110.771 -118.979 -141.974 -72.012 -123.988 35.0074
-111.131 -119.598 -141.798 -71.871 -123.839 35.6557
-111.49 -120.217 -141.618 -71.7284 -123.684 36.3
-111.848 -120.835 -141.435 -71.5841 -123.525 36.9402
-112.206 -121.453 -141.248 -71.4383 -123.36 37.5764
-112.563 -122.069 -141.059 -71.2908 -123.191 38.2086
-112.919 -122.684 -140.866 -71.1418 -123.017 38.8366
-113.274 -123.299 -140.67 -70.9912 -122.838 39.4606
-113.629 -123.913 -140.472 -70.839 -122.655 40.0804
-113.982 -124.526 -140.27 -70.6854 -122.467 40.696
-114.335 -125.138 -140.065 -70.5302 -122.275 41.3075
-114.688 -125.748 -139.857 -70.3736 -122.079 41.9148
-115.039 -126.358 -139.645 -70.2155 -121.878 42.5178
-115.39 -126.967 -139.431 -70.056 -121.673 43.1166
-115.74 -127.575 -139.214 -69.8951 -121.464 43.7111
-116.089 -128.182 -138.994 -69.7327 -121.252 44.3013
-116.437 -128.788 -138.771 -69.569 -121.035 44.8871
-116.784 -129.392 -138.545 -69.404 -120.815 45.4687
-117.131 -129.996 -138.317 -69.2377 -120.591 46.0458
-117.477 -130.598 -138.085 -69.07 -120.363 46.6186
-117.822 -131.199 -137.85 -68.9011 -120.132 47.1869
-118.166 -131.799 -137.613 -68.7309 -119.897 47.7508
-118.509 -132.398 -137.373 -68.5595 -119.659 48.3102
-118.851 -132.996 -137.13 -68.3869 -119.418 48.8652
-119.193 -133.592 -136.884 -68.2131 -119.174 49.4157
-119.534 -134.188 -136.636 -68.0382 -118.926 49.9617
-119.873 -134.782 -136.385 -67.8622 -118.676 50.5032
-120.212 -135.374 -136.131 -67.6851 -118.422 51.0402
-120.55 -135.966 -135.874 -67.5069 -118.165 51.5726
-120.887 -136.556 -135.615 -67.3277 -117.906 52.1005
-121.223 -137.145 -135.353 -67.1474 -117.644 52.6238
-121.559 -137.733 -135.089 -66.9662 -117.379 53.1425
-121.893 -138.319 -134.822 -66.784 -117.112 53.6567
-122.227 -138.904 -134.552 -66.6009 -116.842 54.1662
-122.559 -139.487 -134.28 -66.4168 -116.57 54.6712
-122.891 -140.069 -134.006 -66.2319 -116.295 55.1716
-123.221 -140.65 -133.728 -66.0462 -116.018 55.6674
-123.551 -141.23 -133.449 -65.8596 -115.739 56.1585
-123.88 -141.808 -133.167 -65.6722 -115.457 56.6451
-124.208 -142.384 -132.882 -65.4841 -115.174 57.1271
-124.535 -142.959 -132.596 -65.2952 -114.888 57.6044
-124.861 -143.533 -132.306 -65.1056 -114.601 58.0772
-125.186 -144.105 -132.015 -64.9153 -114.311 58.5453
-125.51 -144.676 -131.721 -64.7244 -114.02 59.0089
-125.833 -145.246 -131.425 -64.5328 -113.727 59.4679
-126.155 -145.813 -131.126 -64.3406 -113.432 59.9223
-126.477 -146.38 -130.826 -64.1479 -113.135 60.3721
-126.797 -146.945 -130.523 -63.9546 -112.837 60.8173
-127.116 -147.508 -130.217 -63.7608 -112.538 61.258
-127.435 -148.07 -129.91 -63.5664 -112.236 61.6941
-127.752 -148.631 -129.6 -63.3717 -111.934 62.1257
-128.068 -149.19 -129.289 -63.1764 -111.63 62.5528
-128.384 -149.747 -128.975 -62.9807 -111.325 62.9753
-128.698 -150.303 -128.659 -62.7847 -111.018 63.3934
-129.011 -150.857 -128.341 -62.5883 -110.711 63.8069
-129.324 -151.41 -128.021 -62.3915 -110.402 64.216
-129.635 -151.961 -127.699 -62.1944 -110.092 64.6207
-129.946 -152.511 -127.375 -61.997 -109.781 65.0209
-130.255 -153.059 -127.049 -61.7993 -109.469 65.4166
-130.564 -153.605 -126.721 -61.6014 -109.156 65.808
-130.871 -154.15 -126.391 -61.4033 -108.843 66.195
-131.178 -154.694 -126.059 -61.2049 -108.528 66.5776
-131.483 -155.236 -125.725 -61.0064 -108.213 66.9558
-131.788 -155.776 -125.389 -60.8077 -107.897 67.3298
-132.091 -156.315 -125.051 -60.6089 -107.58 67.6994
-132.394 -156.852 -124.712 -60.41 -107.263 68.0648
-132.696 -157.387 -124.371 -60.211 -106.945 68.4259
-132.996 -157.921 -124.028 -60.0119 -106.627 68.7828
-133.296 -158.454 -123.683 -59.8127 -106.308 69.1354
-133.594 -158.984 -123.336 -59.6136 -105.989 69.4839
-133.892 -159.514 -122.988 -59.4144 -105.669 69.8282
-134.188 -160.041 -122.638 -59.2152 -105.349 70.1684
-134.484 -160.567 -122.286 -59.0161 -105.028 70.5045
-134.779 -161.091 -121.933 -58.817 -104.708 70.8364
-135.072 -161.614 -121.578 -58.618 -104.387 71.1644
-135.365 -162.135 -121.221 -58.419 -104.065 71.4883
-135.656 -162.655 -120.863 -58.2202 -103.744 71.8082
-135.947 -163.173 -120.503 -58.0215 -103.423 72.1241
-136.237 -163.689 -120.142 -57.8229 -103.101 72.436
-136.525 -164.204 -119.779 -57.6245 -102.779 72.7441
-136.813 -164.717 -119.415 -57.4263 -102.458 73.0483
-137.099 -165.228 -119.049 -57.2282 -102.136 73.3486
-137.385 -165.738 -118.681 -57.0304 -101.815 73.645
-137.67 -166.246 -118.312 -56.8328 -101.493 73.9377
-137.953 -166.753 -117.942 -56.6354 -101.172 74.2266
-138.236 -167.258 -117.57 -56.4383 -100.85 74.5117
-138.518 -167.762 -117.197 -56.2414 -100.529 74.7932
-138.799 -168.263 -116.822 -56.0448 -100.208 75.0709
-139.078 -168.764 -116.446 -55.8485 -99.8878 75.345
-139.357 -169.262 -116.068 -55.6526 -99.5674 75.6155
-139.635 -169.759 -115.69 -55.4569 -99.2473 75.8824
-139.912 -170.255 -115.31 -55.2616 -98.9275 76.1457
-140.187 -170.749 -114.928 -55.0666 -98.608 76.4055
-140.462 -171.241 -114.546 -54.872 -98.2889 76.6618
-140.736 -171.731 -114.162 -54.6777 -97.9702 76.9146
-141.009 -172.221 -113.776 -54.4839 -97.652 77.164
-141.281 -172.708 -113.39 -54.2904 -97.3341 77.41
-141.552 -173.194 -113.002 -54.0973 -97.0167 77.6526
-141.822 -173.678 -112.613 -53.9047 -96.6998 77.8919
-142.091 -174.161 -112.223 -53.7124 -96.3835 78.1279
-142.359 -174.642 -111.832 -53.5207 -96.0676 78.3605
-142.626 -175.122 -111.44 -53.3293 -95.7523 78.5899
-142.892 -175.6 -111.046 -53.1384 -95.4376 78.8161
-143.158 -176.076 -110.652 -52.948 -95.1234 79.0392
-143.422 -176.551 -110.256 -52.7581 -94.8099 79.259
-143.685 -177.024 -109.859 -52.5686 -94.497 79.4757
-143.948 -177.496 -109.461 -52.3796 -94.1847 79.6894
-144.209 -177.966 -109.062 -52.1912 -93.8731 79.8999
-144.469 -178.434 -108.662 -52.0032 -93.5622 80.1075
-144.729 -178.902 -108.261 -51.8158 -93.252 80.312
-144.988 -179.367 -107.859 -51.6288 -92.9425 80.5135
-145.245 -179.831 -107.456 -51.4424 -92.6337 80.7121
-145.502 -180.293 -107.052 -51.2566 -92.3257 80.9078
-145.758 -180.754 -106.647 -51.0713 -92.0184 81.1006
-146.013 -181.214 -106.241 -50.8865 -91.7119 81.2906
-146.267 -181.671 -105.834 -50.7023 -91.4062 81.4777
-146.52 -182.128 -105.426 -50.5187 -91.1013 81.6621
-146.772 -182.582 -105.017 -50.3356 -90.7972 81.8437
-147.023 -183.036 -104.608 -50.1531 -90.4939 82.0225
-147.273 -183.487 -104.197 -49.9711 -90.1915 82.1986
-147.523 -183.937 -103.786 -49.7898 -89.8899 82.3721
-147.771 -184.386 -103.373 -49.6091 -89.5892 82.5429
-148.019 -184.833 -102.96 -49.4289 -89.2893 82.7111
-148.266 -185.279 -102.546 -49.2493 -88.9903 82.8767
-148.511 -185.723 -102.131 -49.0704 -88.6922 83.0398
-148.756 -186.166 -101.716 -48.892 -88.395 83.2003
-149 -186.607 -101.299 -48.7143 -88.0987 83.3583
-149.243 -187.047 -100.882 -48.5371 -87.8033 83.5138
-149.486 -187.485 -100.464 -48.3606 -87.5089 83.6669
-149.727 -187.922 -100.046 -48.1847 -87.2153 83.8176
-149.968 -188.357 -99.6262 -48.0095 -86.9228 83.9658
-150.207 -188.791 -99.206 -47.8348 -86.6311 84.1117
-150.446 -189.224 -98.785 -47.6608 -86.3404 84.2553
-150.684 -189.655 -98.3634 -47.4874 -86.0507 84.3965
-150.921 -190.084 -97.9411 -47.3147 -85.762 84.5355
-151.157 -190.512 -97.5181 -47.1426 -85.4742 84.6722
-151.392 -190.939 -97.0944 -46.9711 -85.1874 84.8066
-151.627 -191.364 -96.67 -46.8003 -84.9016 84.9389
-151.86 -191.788 -96.245 -46.6301 -84.6167 85.0689
-152.093 -192.21 -95.8193 -46.4606 -84.3329 85.1968
-152.325 -192.631 -95.393 -46.2917 -84.0501 85.3226
-152.556 -193.051 -94.9661 -46.1235 -83.7682 85.4463
-152.786 -193.469 -94.5385 -45.9559 -83.4874 85.5678
-153.015 -193.886 -94.1104 -45.7889 -83.2076 85.6874
-153.244 -194.301 -93.6817 -45.6226 -82.9288 85.8048
-153.472 -194.715 -93.2523 -45.457 -82.651 85.9203
-153.699 -195.128 -92.8225 -45.292 -82.3742 86.0338
-153.925 -195.539 -92.392 -45.1277 -82.0985 86.1453
-154.15 -195.949 -91.961 -44.964 -81.8238 86.2549
-154.374 -196.357 -91.5295 -44.801 -81.5501 86.3626
-154.598 -196.764 -91.0974 -44.6386 -81.2775 86.4684
-154.821 -197.17 -90.6648 -44.4769 -81.0058 86.5723
