25 75 100 0 0 -49
24.9999 74.9999 99.7549 -0.0224229 -0.0372773 -49.0473
24.9998 74.9996 99.5095 -0.0448946 -0.0746234 -49.0946
24.9995 74.9992 99.2639 -0.0674154 -0.112039 -49.1419
24.9991 74.9985 99.0181 -0.0899852 -0.149523 -49.1892
24.9986 74.9977 98.772 -0.112604 -0.187077 -49.2366
24.998 74.9966 98.5257 -0.135273 -0.224701 -49.284
24.9972 74.9954 98.2792 -0.157991 -0.262395 -49.3314
24.9964 74.994 98.0324 -0.180759 -0.300159 -49.3788
24.9954 74.9924 97.7854 -0.203577 -0.337993 -49.4263
24.9944 74.9906 97.5382 -0.226445 -0.375898 -49.4738
24.9932 74.9887 97.2907 -0.249363 -0.413874 -49.5213
24.9919 74.9865 97.043 -0.272332 -0.451921 -49.5688
24.9904 74.9841 96.795 -0.295351 -0.490039 -49.6164
24.9889 74.9816 96.5468 -0.318421 -0.528229 -49.6639
24.9873 74.9789 96.2984 -0.341542 -0.56649 -49.7115
24.9855 74.9759 96.0497 -0.364714 -0.604824 -49.7592
24.9836 74.9728 95.8008 -0.387937 -0.64323 -49.8068
24.9816 74.9695 95.5516 -0.411212 -0.681708 -49.8545
24.9795 74.966 95.3022 -0.434538 -0.72026 -49.9022
24.9773 74.9623 95.0526 -0.457916 -0.758884 -49.9499
24.9749 74.9584 94.8027 -0.481345 -0.797581 -49.9977
24.9725 74.9543 94.5526 -0.504827 -0.836352 -50.0454
24.9699 74.95 94.3023 -0.528361 -0.875196 -50.0932
24.9672 74.9456 94.0517 -0.551947 -0.914115 -50.1411
24.9644 74.9409 93.8009 -0.575586 -0.953107 -50.1889
24.9614 74.936 93.5498 -0.599278 -0.992174 -50.2368
24.9584 74.931 93.2985 -0.623022 -1.03132 -50.2847
24.9552 74.9257 93.0469 -0.646819 -1.07053 -50.3326
24.9519 74.9203 92.7952 -0.67067 -1.10982 -50.3805
24.9485 74.9146 92.5431 -0.694574 -1.14919 -50.4285
24.9449 74.9088 92.2909 -0.718532 -1.18863 -50.4765
24.9413 74.9027 92.0384 -0.742543 -1.22815 -50.5245
24.9375 74.8965 91.7856 -0.766609 -1.26775 -50.5725
24.9336 74.8901 91.5326 -0.790728 -1.30742 -50.6206
24.9296 74.8834 91.2794 -0.814902 -1.34717 -50.6687
24.9255 74.8766 91.026 -0.83913 -1.38699 -50.7168
24.9212 74.8696 90.7723 -0.863413 -1.42689 -50.7649
24.9168 74.8623 90.5183 -0.88775 -1.46687 -50.8131
24.9123 74.8549 90.2641 -0.912143 -1.50693 -50.8613
24.9077 74.8473 90.0097 -0.936591 -1.54706 -50.9095
24.903 74.8394 89.755 -0.961094 -1.58728 -50.9577
24.8981 74.8314 89.5001 -0.985652 -1.62757 -51.006
24.8931 74.8231 89.245 -1.01027 -1.66794 -51.0543
24.888 74.8147 88.9896 -1.03494 -1.70839 -51.1026
24.8828 74.8061 88.7339 -1.05966 -1.74892 -51.1509
24.8774 74.7972 88.4781 -1.08444 -1.78952 -51.1992
24.8719 74.7882 88.2219 -1.10928 -1.83021 -51.2476
24.8663 74.7789 87.9656 -1.13418 -1.87098 -51.296
24.8606 74.7695 87.709 -1.15913 -1.91183 -51.3444
24.8547 74.7598 87.4521 -1.18414 -1.95275 -51.3929
24.8487 74.7499 87.1951 -1.20921 -1.99376 -51.4414
24.8426 74.7399 86.9377 -1.23433 -2.03485 -51.4898
24.8364 74.7296 86.6802 -1.25951 -2.07603 -51.5384
24.83 74.7191 86.4223 -1.28475 -2.11728 -51.5869
24.8236 74.7084 86.1643 -1.31005 -2.15861 -51.6355
24.8169 74.6975 85.906 -1.3354 -2.20003 -51.6841
24.8102 74.6864 85.6475 -1.36081 -2.24153 -51.7327
24.8033 74.6751 85.3887 -1.38629 -2.28311 -51.7813
24.7963 74.6636 85.1296 -1.41182 -2.32478 -51.83
24.7892 74.6518 84.8704 -1.43741 -2.36653 -51.8787
24.782 74.6399 84.6109 -1.46305 -2.40836 -51.9274
24.7746 74.6278 84.3511 -1.48876 -2.45028 -51.9761
24.7671 74.6154 84.0911 -1.51453 -2.49228 -52.0249
24.7594 74.6028 83.8308 -1.54036 -2.53436 -52.0737
24.7517 74.5901 83.5704 -1.56624 -2.57653 -52.1225
24.7438 74.5771 83.3096 -1.59219 -2.61879 -52.1713
24.7358 74.5639 83.0486 -1.61819 -2.66113 -52.2202
24.7276 74.5505 82.7874 -1.64426 -2.70355 -52.269
24.7193 74.5368 82.526 -1.67039 -2.74606 -52.3179
24.7109 74.523 82.2642 -1.69658 -2.78866 -52.3669
24.7023 74.5089 82.0023 -1.72283 -2.83135 -52.4158
24.6937 74.4947 81.7401 -1.74914 -2.87412 -52.4648
24.6849 74.4802 81.4776 -1.77551 -2.91698 -52.5138
24.6759 74.4655 81.2149 -1.80194 -2.95992 -52.5628
24.6668 74.4506 80.952 -1.82844 -3.00295 -52.6118
24.6576 74.4355 80.6888 -1.855 -3.04607 -52.6609
24.6483 74.4201 80.4254 -1.88162 -3.08928 -52.71
24.6388 74.4046 80.1617 -1.9083 -3.13258 -52.7591
24.6292 74.3888 79.8978 -1.93505 -3.17597 -52.8083
24.6195 74.3728 79.6336 -1.96185 -3.21944 -52.8574
24.6096 74.3566 79.3692 -1.98872 -3.26301 -52.9066
24.5996 74.3402 79.1046 -2.01566 -3.30666 -52.9558
24.5894 74.3236 78.8397 -2.04266 -3.35041 -53.005
24.5791 74.3067 78.5745 -2.06972 -3.39424 -53.0543
24.5687 74.2896 78.3091 -2.09684 -3.43817 -53.1036
24.5582 74.2723 78.0435 -2.12403 -3.48219 -53.1529
24.5475 74.2548 77.7776 -2.15129 -3.52629 -53.2022
24.5367 74.2371 77.5115 -2.17861 -3.57049 -53.2516
24.5257 74.2191 77.2451 -2.20599 -3.61479 -53.3009
24.5146 74.2009 76.9785 -2.23344 -3.65917 -53.3503
24.5034 74.1825 76.7116 -2.26095 -3.70365 -53.3998
24.492 74.1639 76.4445 -2.28853 -3.74822 -53.4492
24.4805 74.145 76.1771 -2.31618 -3.79288 -53.4987
24.4688 74.1259 75.9095 -2.34389 -3.83764 -53.5482
24.457 74.1066 75.6416 -2.37166 -3.88249 -53.5977
24.4451 74.0871 75.3735 -2.39951 -3.92743 -53.6472
24.433 74.0674 75.1051 -2.42742 -3.97247 -53.6968
24.4208 74.0474 74.8365 -2.45539 -4.01761 -53.7464
24.4085 74.0272 74.5677 -2.48344 -4.06283 -53.796
24.396 74.0068 74.2986 -2.51155 -4.10816 -53.8456
24.3834 73.9861 74.0292 -2.53973 -4.15358 -53.8952
24.3706 73.9652 73.7596 -2.56797 -4.1991 -53.9449
24.3577 73.9441 73.4898 -2.59629 -4.24471 -53.9946
24.3446 73.9228 73.2197 -2.62467 -4.29042 -54.0443
24.3315 73.9012 72.9493 -2.65312 -4.33623 -54.0941
24.3181 73.8794 72.6787 -2.68164 -4.38213 -54.1439
24.3046 73.8574 72.4079 -2.71023 -4.42814 -54.1936
24.291 73.8351 72.1368 -2.73888 -4.47424 -54.2435
24.2772 73.8127 71.8655 -2.76761 -4.52044 -54.2933
24.2633 73.7899 71.5939 -2.79641 -4.56674 -54.3432
24.2493 73.767 71.322 -2.82527 -4.61313 -54.393
24.2351 73.7438 71.0499 -2.85421 -4.65963 -54.4429
24.2207 73.7204 70.7776 -2.88321 -4.70623 -54.4929
24.2063 73.6967 70.505 -2.91229 -4.75293 -54.5428
24.1916 73.6729 70.2322 -2.94144 -4.79972 -54.5928
24.1768 73.6487 69.9591 -2.97066 -4.84662 -54.6428
24.1619 73.6244 69.6857 -2.99995 -4.89363 -54.6928
24.1468 73.5998 69.4121 -3.02931 -4.94073 -54.7428
24.1316 73.575 69.1383 -3.05874 -4.98793 -54.7929
24.1162 73.5499 68.8642 -3.08825 -5.03524 -54.843
24.1007 73.5246 68.5899 -3.11782 -5.08265 -54.8931
24.0851 73.4991 68.3153 -3.14747 -5.13016 -54.9432
24.0693 73.4733 68.0404 -3.1772 -5.17778 -54.9934
24.0533 73.4473 67.7654 -3.20699 -5.2255 -55.0435
24.0372 73.4211 67.49 -3.23686 -5.27333 -55.0937
24.0209 73.3946 67.2144 -3.2668 -5.32126 -55.144
24.0045 73.3679 66.9386 -3.29682 -5.36929 -55.1942
23.988 73.3409 66.6625 -3.32691 -5.41743 -55.2445
23.9713 73.3137 66.3861 -3.35707 -5.46568 -55.2947
23.9544 73.2862 66.1095 -3.38731 -5.51403 -55.3451
23.9374 73.2585 65.8327 -3.41762 -5.56249 -55.3954
23.9202 73.2306 65.5556 -3.44801 -5.61106 -55.4457
23.9029 73.2024 65.2782 -3.47848 -5.65973 -55.4961
23.8854 73.174 65.0006 -3.50902 -5.70851 -55.5465
23.8678 73.1454 64.7228 -3.53963 -5.7574 -55.5969
23.85 73.1164 64.4446 -3.57032 -5.8064 -55.6473
23.8321 73.0873 64.1663 -3.60109 -5.8555 -55.6978
23.814 73.0579 63.8877 -3.63194 -5.90472 -55.7483
23.7958 73.0282 63.6088 -3.66286 -5.95405 -55.7988
23.7774 72.9983 63.3297 -3.69386 -6.00348 -55.8493
23.7588 72.9682 63.0503 -3.72493 -6.05303 -55.8998
23.7401 72.9378 62.7707 -3.75608 -6.10268 -55.9504
23.7213 72.9072 62.4908 -3.78732 -6.15245 -56.001
23.7023 72.8763 62.2107 -3.81863 -6.20233 -56.0516
23.6831 72.8452 61.9303 -3.85001 -6.25232 -56.1022
23.6638 72.8138 61.6496 -3.88148 -6.30243 -56.1529
23.6443 72.7821 61.3688 -3.91303 -6.35264 -56.2035
23.6246 72.7502 61.0876 -3.94465 -6.40298 -56.2542
23.6048 72.7181 60.8062 -3.97636 -6.45342 -56.3049
23.5849 72.6857 60.5246 -4.00814 -6.50398 -56.3557
23.5648 72.6531 60.2427 -4.04001 -6.55465 -56.4064
23.5445 72.6202 59.9605 -4.07196 -6.60544 -56.4572
23.524 72.587 59.6781 -4.10398 -6.65634 -56.508
23.5034 72.5536 59.3954 -4.13609 -6.70736 -56.5588
23.4827 72.5199 59.1125 -4.16828 -6.7585 -56.6096
23.4618 72.486 58.8293 -4.20055 -6.80975 -56.6605
23.4407 72.4518 58.5459 -4.2329 -6.86112 -56.7114
23.4194 72.4174 58.2622 -4.26534 -6.9126 -56.7623
23.398 72.3827 57.9783 -4.29786 -6.96421 -56.8132
23.3764 72.3478 57.6941 -4.33046 -7.01593 -56.8641
23.3547 72.3126 57.4096 -4.36314 -7.06777 -56.9151
23.3328 72.2771 57.1249 -4.39591 -7.11973 -56.966
23.3108 72.2414 56.84 -4.42876 -7.17181 -57.017
23.2885 72.2054 56.5548 -4.46169 -7.22401 -57.068
23.2661 72.1691 56.2693 -4.49471 -7.27633 -57.1191
23.2436 72.1326 55.9836 -4.52782 -7.32877 -57.1701
23.2209 72.0958 55.6976 -4.56101 -7.38134 -57.2212
23.198 72.0588 55.4114 -4.59428 -7.43402 -57.2723
23.1749 72.0215 55.1249 -4.62764 -7.48683 -57.3234
23.1517 71.9839 54.8381 -4.66109 -7.53976 -57.3745
23.1283 71.9461 54.5511 -4.69462 -7.59281 -57.4257
23.1047 71.908 54.2639 -4.72824 -7.64599 -57.4768
23.081 71.8696 53.9763 -4.76194 -7.69929 -57.528
23.0571 71.831 53.6886 -4.79573 -7.75271 -57.5792
23.0331 71.7921 53.4006 -4.82961 -7.80627 -57.6304
23.0088 71.7529 53.1123 -4.86358 -7.85994 -57.6817
22.9844 71.7135 52.8237 -4.89763 -7.91374 -57.7329
22.9599 71.6738 52.5349 -4.93178 -7.96767 -57.7842
22.9351 71.6338 52.2459 -4.96601 -8.02173 -57.8355
22.9102 71.5936 51.9566 -5.00033 -8.07591 -57.8868
22.8851 71.5531 51.667 -5.03474 -8.13022 -57.9382
22.8598 71.5123 51.3772 -5.06924 -8.18466 -57.9895
22.8344 71.4712 51.0871 -5.10383 -8.23923 -58.0409
22.8088 71.4299 50.7968 -5.13852 -8.29393 -58.0923
22.783 71.3883 50.5062 -5.17329 -8.34875 -58.1437
22.7571 71.3464 50.2154 -5.20815 -8.40371 -58.1951
22.7309 71.3042 49.9243 -5.2431 -8.4588 -58.2465
22.7046 71.2618 49.6329 -5.27815 -8.51402 -58.298
22.6782 71.2191 49.3413 -5.31329 -8.56937 -58.3495
22.6515 71.1761 49.0494 -5.34852 -8.62485 -58.4009
22.6247 71.1329 48.7573 -5.38384 -8.68047 -58.4524
22.5977 71.0893 48.4649 -5.41926 -8.73622 -58.504
22.5705 71.0455 48.1722 -5.45477 -8.7921 -58.5555
22.5431 71.0014 47.8793 -5.49037 -8.84812 -58.6071
22.5156 70.957 47.5862 -5.52607 -8.90427 -58.6586
22.4879 70.9124 47.2927 -5.56186 -8.96056 -58.7102
22.46 70.8674 46.9991 -5.59774 -9.01698 -58.7618
22.4319 70.8222 46.7051 -5.63373 -9.07354 -58.8134
22.4036 70.7767 46.4109 -5.6698 -9.13023 -58.8651
22.3752 70.7309 46.1165 -5.70598 -9.18707 -58.9167
22.3466 70.6848 45.8218 -5.74225 -9.24404 -58.9684
22.3178 70.6384 45.5268 -5.77861 -9.30115 -59.0201
22.2888 70.5918 45.2316 -5.81507 -9.3584 -59.0718
22.2596 70.5449 44.9361 -5.85163 -9.41578 -59.1235
22.2303 70.4976 44.6403 -5.88829 -9.47331 -59.1752
22.2007 70.4501 44.3443 -5.92505 -9.53098 -59.227
22.171 70.4023 44.0481 -5.9619 -9.58879 -59.2787
22.1411 70.3542 43.7515 -5.99885 -9.64674 -59.3305
22.111 70.3059 43.4547 -6.03591 -9.70483 -59.3823
22.0808 70.2572 43.1577 -6.07306 -9.76306 -59.4341
22.0503 70.2082 42.8604 -6.11031 -9.82144 -59.4859
22.0197 70.159 42.5628 -6.14766 -9.87996 -59.5377
21.9888 70.1094 42.265 -6.18511 -9.93863 -59.5896
21.9578 70.0596 41.967 -6.22267 -9.99744 -59.6414
21.9266 70.0095 41.6686 -6.26032 -10.0564 -59.6933
21.8952 69.959 41.37 -6.29808 -10.1155 -59.7452
21.8636 69.9083 41.0712 -6.33594 -10.1747 -59.7971
21.8318 69.8573 40.772 -6.3739 -10.2341 -59.849
21.7999 69.806 40.4727 -6.41196 -10.2937 -59.9009
21.7677 69.7543 40.173 -6.45013 -10.3534 -59.9529
21.7354 69.7024 39.8731 -6.4884 -10.4132 -60.0048
21.7028 69.6502 39.573 -6.52678 -10.4732 -60.0568
21.6701 69.5977 39.2726 -6.56526 -10.5333 -60.1087
21.6372 69.5449 38.9719 -6.60384 -10.5936 -60.1607
21.6041 69.4918 38.671 -6.64253 -10.6541 -60.2127
21.5708 69.4383 38.3698 -6.68133 -10.7147 -60.2647
21.5373 69.3846 38.0683 -6.72023 -10.7754 -60.3168
21.5036 69.3306 37.7666 -6.75924 -10.8363 -60.3688
21.4697 69.2762 37.4646 -6.79836 -10.8974 -60.4208
21.4356 69.2216 37.1624 -6.83758 -10.9586 -60.4729
21.4013 69.1667 36.8599 -6.87691 -11.0199 -60.5249
21.3668 69.1114 36.5572 -6.91635 -11.0814 -60.577
21.3321 69.0558 36.2541 -6.9559 -11.1431 -60.6291
21.2972 69 35.9509 -6.99556 -11.2049 -60.6812
21.2622 68.9438 35.6473 -7.03533 -11.2669 -60.7333
21.2269 68.8873 35.3435 -7.0752 -11.329 -60.7854
21.1914 68.8305 35.0395 -7.11519 -11.3913 -60.8376
21.1557 68.7734 34.7352 -7.15529 -11.4538 -60.8897
21.1199 68.716 34.4306 -7.1955 -11.5164 -60.9418
21.0838 68.6582 34.1257 -7.23582 -11.5792 -60.994
21.0475 68.6002 33.8206 -7.27625 -11.6421 -61.0461
21.011 68.5418 33.5153 -7.3168 -11.7052 -61.0983
20.9743 68.4831 33.2097 -7.35746 -11.7685 -61.1505
20.9374 68.4241 32.9038 -7.39823 -11.8319 -61.2027
20.9004 68.3648 32.5976 -7.43912 -11.8955 -61.2549
20.8631 68.3052 32.2912 -7.48012 -11.9592 -61.3071
20.8255 68.2452 31.9846 -7.52123 -12.0232 -61.3593
20.7878 68.1849 31.6776 -7.56246 -12.0872 -61.4115
20.7499 68.1243 31.3704 -7.60381 -12.1515 -61.4637
20.7118 68.0634 31.063 -7.64527 -12.2159 -61.516
20.6735 68.0022 30.7553 -7.68685 -12.2805 -61.5682
20.6349 67.9406 30.4473 -7.72854 -12.3452 -61.6204
20.5962 67.8787 30.1391 -7.77036 -12.4101 -61.6727
20.5572 67.8165 29.8306 -7.81229 -12.4752 -61.7249
20.5181 67.754 29.5218 -7.85434 -12.5405 -61.7772
20.4787 67.6911 29.2128 -7.89651 -12.6059 -61.8295
20.4391 67.6279 28.9035 -7.9388 -12.6715 -61.8817
20.3993 67.5644 28.594 -7.98121 -12.7373 -61.934
20.3593 67.5005 28.2842 -8.02374 -12.8032 -61.9863
20.3191 67.4364 27.9741 -8.06639 -12.8693 -62.0386
20.2786 67.3718 27.6638 -8.10916 -12.9356 -62.0909
20.238 67.307 27.3532 -8.15205 -13.002 -62.1432
20.1971 67.2418 27.0424 -8.19507 -13.0687 -62.1955
20.156 67.1763 26.7313 -8.2382 -13.1355 -62.2478
20.1147 67.1105 26.4199 -8.28147 -13.2025 -62.3001
20.0732 67.0443 26.1083 -8.32485 -13.2696 -62.3524
20.0315 66.9778 25.7964 -8.36836 -13.337 -62.4047
19.9895 66.9109 25.4842 -8.412 -13.4045 -62.457
19.9474 66.8437 25.1718 -8.45576 -13.4722 -62.5093
19.905 66.7762 24.8591 -8.49964 -13.5401 -62.5616
19.8624 66.7083 24.5462 -8.54366 -13.6081 -62.614
19.8195 66.6401 24.233 -8.5878 -13.6764 -62.6663
19.7765 66.5716 23.9195 -8.63206 -13.7448 -62.7186
19.7332 66.5027 23.6058 -8.67646 -13.8134 -62.7709
19.6897 66.4334 23.2918 -8.72098 -13.8822 -62.8232
19.646 66.3638 22.9776 -8.76564 -13.9512 -62.8755
19.6021 66.2939 22.6631 -8.81042 -14.0203 -62.9279
19.5579 66.2236 22.3483 -8.85533 -14.0897 -62.9802
19.5135 66.153 22.0333 -8.90038 -14.1592 -63.0325
19.4689 66.0821 21.718 -8.94555 -14.2289 -63.0848
19.424 66.0107 21.4024 -8.99086 -14.2989 -63.1371
19.379 65.9391 21.0866 -9.0363 -14.3689 -63.1895
19.3337 65.867 20.7705 -9.08187 -14.4392 -63.2418
19.2882 65.7947 20.4542 -9.12758 -14.5097 -63.2941
19.2424 65.7219 20.1376 -9.17342 -14.5804 -63.3464
19.1964 65.6489 19.8207 -9.21939 -14.6512 -63.3987
19.1502 65.5754 19.5036 -9.2655 -14.7223 -63.451
19.1038 65.5016 19.1862 -9.31175 -14.7935 -63.5033
19.0571 65.4275 18.8686 -9.35813 -14.865 -63.5556
19.0102 65.353 18.5506 -9.40465 -14.9366 -63.6079
18.963 65.2781 18.2325 -9.4513 -15.0084 -63.6602
18.9157 65.2029 17.914 -9.4981 -15.0805 -63.7124
18.8681 65.1273 17.5954 -9.54503 -15.1527 -63.7647
18.8202 65.0514 17.2764 -9.5921 -15.2251 -63.817
18.7721 64.9751 16.9572 -9.63932 -15.2977 -63.8692
18.7238 64.8984 16.6377 -9.68667 -15.3705 -63.9215
18.6753 64.8214 16.318 -9.73416 -15.4436 -63.9738
18.6265 64.744 15.998 -9.7818 -15.5168 -64.026
18.5775 64.6662 15.6777 -9.82958 -15.5902 -64.0782
18.5282 64.5881 15.3572 -9.87749 -15.6638 -64.1305
18.4787 64.5096 15.0364 -9.92556 -15.7377 -64.1827
18.4289 64.4307 14.7154 -9.97376 -15.8117 -64.2349
18.3789 64.3515 14.3941 -10.0221 -15.8859 -64.2871
18.3287 64.2718 14.0725 -10.0706 -15.9604 -64.3393
18.2782 64.1918 13.7507 -10.1192 -16.035 -64.3915
18.2275 64.1115 13.4286 -10.168 -16.1099 -64.4437
18.1766 64.0307 13.1062 -10.217 -16.1849 -64.4959
18.1254 63.9496 12.7836 -10.266 -16.2602 -64.548
18.0739 63.8681 12.4607 -10.3153 -16.3357 -64.6002
18.0222 63.7863 12.1376 -10.3646 -16.4114 -64.6523
17.9703 63.704 11.8142 -10.4142 -16.4873 -64.7044
17.9181 63.6214 11.4906 -10.4638 -16.5634 -64.7565
17.8656 63.5384 11.1667 -10.5137 -16.6397 -64.8086
17.8129 63.455 10.8425 -10.5636 -16.7163 -64.8607
17.76 63.3712 10.518 -10.6138 -16.793 -64.9128
17.7068 63.2871 10.1934 -10.664 -16.87 -64.9649
17.6533 63.2025 9.8684 -10.7144 -16.9472 -65.0169
17.5996 63.1176 9.54318 -10.765 -17.0246 -65.0689
17.5457 63.0323 9.21771 -10.8157 -17.1022 -65.121
17.4915 62.9466 8.89197 -10.8666 -17.18 -65.173
17.437 62.8605 8.56598 -10.9177 -17.2581 -65.2249
17.3823 62.774 8.23972 -10.9688 -17.3363 -65.2769
17.3273 62.6871 7.91321 -11.0202 -17.4148 -65.3289
17.2721 62.5999 7.58644 -11.0717 -17.4935 -65.3808
17.2166 62.5122 7.2594 -11.1233 -17.5725 -65.4327
17.1609 62.4241 6.93211 -11.1751 -17.6516 -65.4846
17.1049 62.3357 6.60456 -11.2271 -17.731 -65.5365
17.0486 62.2468 6.27674 -11.2792 -17.8106 -65.5883
16.9921 62.1576 5.94867 -11.3315 -17.8905 -65.6402
16.9353 62.0679 5.62034 -11.384 -17.9705 -65.692
16.8782 61.9779 5.29175 -11.4366 -18.0508 -65.7438
16.8209 61.8874 4.9629 -11.4893 -18.1313 -65.7955
16.7633 61.7965 4.6338 -11.5422 -18.2121 -65.8473
16.7055 61.7053 4.30443 -11.5953 -18.2931 -65.899
16.6474 61.6136 3.97481 -11.6486 -18.3743 -65.9507
16.589 61.5215 3.64493 -11.702 -18.4557 -66.0023
16.5304 61.4291 3.31478 -11.7555 -18.5374 -66.054
16.4715 61.3362 2.98439 -11.8093 -18.6193 -66.1056
16.4123 61.2429 2.65373 -11.8632 -18.7014 -66.1572
16.3528 61.1492 2.32281 -11.9172 -18.7838 -66.2088
16.2931 61.055 1.99164 -11.9714 -18.8664 -66.2603
16.2331 60.9605 1.66021 -12.0258 -18.9493 -66.3118
16.1728 60.8655 1.32852 -12.0804 -19.0324 -66.3633
16.1123 60.7702 0.996578 -12.1351 -19.1157 -66.4147
16.0515 60.6744 0.664376 -12.19 -19.1993 -66.4661
15.9904 60.5782 0.331917 -12.2451 -19.2831 -66.5175
15.929 60.4816 -0.000799094 -12.3003 -19.3671 -66.5689
15.8674 60.3845 -0.333772 -12.3557 -19.4514 -66.6202
15.8055 60.287 -0.667001 -12.4112 -19.5359 -66.6715
15.7433 60.1891 -1.00049 -12.467 -19.6207 -66.7228
15.6808 60.0908 -1.33423 -12.5229 -19.7058 -66.774
15.6181 59.9921 -1.66823 -12.579 -19.791 -66.8252
15.555 59.8929 -2.00248 -12.6352 -19.8766 -66.8763
15.4917 59.7933 -2.33699 -12.6916 -19.9623 -66.9274
15.4281 59.6933 -2.67175 -12.7482 -20.0484 -66.9785
15.3642 59.5928 -3.00677 -12.805 -20.1346 -67.0295
15.3001 59.4919 -3.34205 -12.862 -20.2212 -67.0805
15.2356 59.3906 -3.67758 -12.9191 -20.308 -67.1315
15.1709 59.2889 -4.01336 -12.9764 -20.395 -67.1824
15.1058 59.1867 -4.3494 -13.0339 -20.4823 -67.2333
15.0405 59.084 -4.6857 -13.0915 -20.5698 -67.2841
14.9749 58.981 -5.02224 -13.1494 -20.6576 -67.3349
14.909 58.8775 -5.35904 -13.2074 -20.7457 -67.3856
14.8429 58.7735 -5.6961 -13.2656 -20.834 -67.4363
14.7764 58.6691 -6.03341 -13.324 -20.9226 -67.487
14.7096 58.5643 -6.37097 -13.3825 -21.0114 -67.5376
14.6426 58.459 -6.70878 -13.4413 -21.1005 -67.5882
14.5752 58.3533 -7.04685 -13.5002 -21.1899 -67.6387
14.5076 58.2471 -7.38517 -13.5593 -21.2795 -67.6891
14.4396 58.1405 -7.72374 -13.6186 -21.3694 -67.7396
14.3714 58.0334 -8.06257 -13.678 -21.4596 -67.7899
14.3028 57.9259 -8.40164 -13.7377 -21.55 -67.8402
14.234 57.8179 -8.74097 -13.7975 -21.6407 -67.8905
14.1649 57.7095 -9.08055 -13.8576 -21.7317 -67.9407
14.0954 57.6006 -9.42038 -13.9178 -21.8229 -67.9909
14.0257 57.4913 -9.76046 -13.9782 -21.9144 -68.041
13.9556 57.3815 -10.1008 -14.0388 -22.0062 -68.091
13.8853 57.2712 -10.4414 -14.0996 -22.0982 -68.141
13.8146 57.1605 -10.7822 -14.1605 -22.1905 -68.1909
13.7437 57.0493 -11.1233 -14.2217 -22.2831 -68.2408
13.6724 56.9376 -11.4646 -14.2831 -22.376 -68.2906
13.6008 56.8255 -11.8062 -14.3446 -22.4692 -68.3404
13.529 56.713 -12.148 -14.4063 -22.5626 -68.3901
13.4568 56.5999 -12.4901 -14.4683 -22.6563 -68.4397
13.3843 56.4864 -12.8324 -14.5304 -22.7503 -68.4893
13.3115 56.3724 -13.175 -14.5927 -22.8446 -68.5388
13.2384 56.2579 -13.5178 -14.6552 -22.9392 -68.5882
13.1649 56.143 -13.8609 -14.7179 -23.034 -68.6376
13.0912 56.0276 -14.2042 -14.7809 -23.1291 -68.6869
13.0171 55.9117 -14.5477 -14.844 -23.2245 -68.7361
12.9427 55.7954 -14.8915 -14.9073 -23.3202 -68.7853
12.868 55.6785 -15.2356 -14.9708 -23.4162 -68.8344
12.793 55.5612 -15.5799 -15.0345 -23.5125 -68.8834
12.7177 55.4434 -15.9244 -15.0984 -23.6091 -68.9323
12.642 55.3251 -16.2692 -15.1625 -23.7059 -68.9812
12.5661 55.2063 -16.6142 -15.2268 -23.8031 -69.03
12.4898 55.0871 -16.9595 -15.2913 -23.9006 -69.0787
12.4132 54.9673 -17.305 -15.356 -23.9983 -69.1274
12.3362 54.8471 -17.6508 -15.4209 -24.0963 -69.1759
12.259 54.7264 -17.9968 -15.486 -24.1947 -69.2244
12.1814 54.6051 -18.343 -15.5514 -24.2933 -69.2728
12.1034 54.4834 -18.6895 -15.6169 -24.3923 -69.3212
12.0252 54.3612 -19.0362 -15.6826 -24.4915 -69.3694
11.9466 54.2385 -19.3832 -15.7486 -24.591 -69.4175
11.8677 54.1153 -19.7304 -15.8147 -24.6909 -69.4656
11.7885 53.9916 -20.0778 -15.8811 -24.791 -69.5136
11.7089 53.8674 -20.4255 -15.9477 -24.8915 -69.5615
11.629 53.7427 -20.7735 -16.0145 -24.9922 -69.6093
11.5487 53.6175 -21.1216 -16.0815 -25.0933 -69.657
11.4682 53.4918 -21.47 -16.1487 -25.1947 -69.7046
11.3873 53.3655 -21.8187 -16.2161 -25.2964 -69.7521
11.306 53.2388 -22.1676 -16.2837 -25.3984 -69.7995
11.2244 53.1116 -22.5167 -16.3516 -25.5007 -69.8468
11.1425 52.9838 -22.866 -16.4196 -25.6033 -69.8941
11.0602 52.8555 -23.2156 -16.4879 -25.7062 -69.9412
10.9776 52.7267 -23.5654 -16.5564 -25.8095 -69.9882
10.8947 52.5974 -23.9155 -16.6251 -25.9131 -70.0351
10.8114 52.4676 -24.2658 -16.6941 -26.017 -70.0819
10.7277 52.3373 -24.6163 -16.7632 -26.1212 -70.1286
10.6437 52.2064 -24.9671 -16.8326 -26.2257 -70.1752
10.5594 52.075 -25.3181 -16.9022 -26.3305 -70.2217
10.4747 51.9431 -25.6693 -16.972 -26.4357 -70.2681
10.3897 51.8106 -26.0207 -17.042 -26.5412 -70.3144
10.3043 51.6777 -26.3724 -17.1123 -26.647 -70.3605
10.2186 51.5442 -26.7243 -17.1828 -26.7532 -70.4066
10.1325 51.4101 -27.0765 -17.2535 -26.8597 -70.4525
10.046 51.2756 -27.4289 -17.3244 -26.9665 -70.4983
9.95922 51.1405 -27.7815 -17.3956 -27.0736 -70.544
9.87206 51.0048 -28.1343 -17.4669 -27.1811 -70.5895
9.78455 50.8687 -28.4874 -17.5386 -27.2889 -70.6349
9.69668 50.7319 -28.8407 -17.6104 -27.3971 -70.6802
9.60845 50.5947 -29.1942 -17.6825 -27.5055 -70.7254
9.51985 50.4569 -29.5479 -17.7548 -27.6143 -70.7705
9.4309 50.3186 -29.9019 -17.8273 -27.7235 -70.8154
9.34158 50.1797 -30.2561 -17.9001 -27.833 -70.8601
9.2519 50.0402 -30.6105 -17.9731 -27.9428 -70.9048
9.16185 49.9002 -30.9651 -18.0463 -28.053 -70.9493
9.07144 49.7597 -31.32 -18.1198 -28.1635 -70.9937
8.98065 49.6186 -31.6751 -18.1935 -28.2744 -71.0379
8.8895 49.4769 -32.0304 -18.2674 -28.3856 -71.082
8.79798 49.3347 -32.3859 -18.3416 -28.4971 -71.1259
8.70608 49.192 -32.7416 -18.416 -28.609 -71.1697
8.61382 49.0487 -33.0976 -18.4906 -28.7213 -71.2133
8.52118 48.9048 -33.4537 -18.5655 -28.8339 -71.2568
8.42816 48.7603 -33.8101 -18.6407 -28.9468 -71.3001
8.33477 48.6153 -34.1667 -18.7161 -29.0601 -71.3433
8.241 48.4697 -34.5236 -18.7917 -29.1738 -71.3863
8.14685 48.3236 -34.8806 -18.8675 -29.2878 -71.4292
8.05233 48.1768 -35.2379 -18.9437 -29.4022 -71.4719
7.95742 48.0295 -35.5953 -19.02 -29.5169 -71.5144
7.86213 47.8817 -35.953 -19.0966 -29.632 -71.5567
7.76645 47.7332 -36.3109 -19.1735 -29.7475 -71.5989
7.67039 47.5842 -36.669 -19.2506 -29.8633 -71.6409
7.57395 47.4346 -37.0273 -19.3279 -29.9795 -71.6828
7.47711 47.2844 -37.3858 -19.4055 -30.0961 -71.7244
7.37989 47.1336 -37.7445 -19.4834 -30.213 -71.7659
7.28228 46.9823 -38.1035 -19.5615 -30.3303 -71.8072
7.18427 46.8303 -38.4626 -19.6398 -30.448 -71.8484
7.08588 46.6778 -38.822 -19.7185 -30.566 -71.8893
6.98709 46.5247 -39.1815 -19.7973 -30.6844 -71.93
6.88791 46.3709 -39.5413 -19.8765 -30.8032 -71.9706
6.78833 46.2166 -39.9012 -19.9559 -30.9223 -72.0109
6.68835 46.0617 -40.2614 -20.0355 -31.0419 -72.0511
6.58797 45.9062 -40.6217 -20.1154 -31.1618 -72.0911
6.48719 45.7501 -40.9823 -20.1956 -31.2821 -72.1308
6.38601 45.5934 -41.343 -20.2761 -31.4028 -72.1704
6.28443 45.4361 -41.704 -20.3568 -31.5238 -72.2097
6.18245 45.2781 -42.0651 -20.4377 -31.6453 -72.2488
6.08005 45.1196 -42.4265 -20.519 -31.7671 -72.2878
5.97726 44.9605 -42.788 -20.6005 -31.8893 -72.3265
5.87405 44.8007 -43.1497 -20.6823 -32.0119 -72.365
5.77043 44.6404 -43.5117 -20.7643 -32.1349 -72.4032
5.66641 44.4794 -43.8738 -20.8467 -32.2583 -72.4413
5.56197 44.3178 -44.2361 -20.9293 -32.3821 -72.4791
5.45711 44.1556 -44.5986 -21.0121 -32.5063 -72.5167
5.35184 43.9927 -44.9612 -21.0953 -32.6309 -72.554
5.24616 43.8292 -45.3241 -21.1787 -32.7558 -72.5911
5.14006 43.6652 -45.6872 -21.2624 -32.8812 -72.628
5.03353 43.5004 -46.0504 -21.3464 -33.007 -72.6646
4.92659 43.3351 -46.4138 -21.4307 -33.1332 -72.701
4.81923 43.1691 -46.7774 -21.5153 -33.2598 -72.7372
4.71144 43.0025 -47.1412 -21.6001 -33.3868 -72.773
4.60323 42.8352 -47.5051 -21.6853 -33.5142 -72.8087
4.49459 42.6673 -47.8693 -21.7707 -33.642 -72.844
4.38552 42.4988 -48.2336 -21.8564 -33.7702 -72.8792
4.27602 42.3296 -48.598 -21.9424 -33.8989 -72.914
4.16609 42.1598 -48.9627 -22.0287 -34.0279 -72.9486
4.05573 41.9894 -49.3275 -22.1154 -34.1574 -72.9829
3.94494 41.8183 -49.6925 -22.2023 -34.2873 -73.0169
3.83371 41.6465 -50.0577 -22.2895 -34.4176 -73.0507
3.72205 41.4741 -50.423 -22.377 -34.5484 -73.0842
3.60994 41.301 -50.7885 -22.4648 -34.6795 -73.1174
3.4974 41.1273 -51.1542 -22.5529 -34.8111 -73.1503
3.38441 40.9529 -51.52 -22.6413 -34.9432 -73.1829
3.27098 40.7778 -51.886 -22.73 -35.0756 -73.2153
3.15711 40.6021 -52.2522 -22.819 -35.2085 -73.2473
3.04279 40.4258 -52.6185 -22.9084 -35.3418 -73.279
2.92803 40.2487 -52.985 -22.998 -35.4755 -73.3105
2.81281 40.071 -53.3516 -23.088 -35.6097 -73.3416
2.69715 39.8926 -53.7184 -23.1783 -35.7443 -73.3724
2.58103 39.7136 -54.0853 -23.2689 -35.8794 -73.4029
2.46446 39.5338 -54.4524 -23.3599 -36.0149 -73.4331
2.34743 39.3534 -54.8197 -23.4511 -36.1509 -73.4629
2.22995 39.1723 -55.1871 -23.5427 -36.2873 -73.4925
2.112 38.9905 -55.5546 -23.6346 -36.4241 -73.5217
1.9936 38.8081 -55.9223 -23.7268 -36.5614 -73.5506
1.87474 38.6249 -56.2901 -23.8194 -36.6991 -73.5791
1.75541 38.4411 -56.6581 -23.9123 -36.8373 -73.6074
1.63561 38.2566 -57.0262 -24.0055 -36.976 -73.6352
1.51535 38.0713 -57.3944 -24.0991 -37.1151 -73.6628
1.39462 37.8854 -57.7628 -24.193 -37.2547 -73.6899
1.27342 37.6988 -58.1313 -24.2873 -37.3947 -73.7168
1.15175 37.5115 -58.5 -24.3819 -37.5352 -73.7433
1.0296 37.3234 -58.8688 -24.4768 -37.6762 -73.7694
0.90698 37.1347 -59.2377 -24.5721 -37.8176 -73.7951
0.783881 36.9453 -59.6067 -24.6677 -37.9595 -73.8205
0.660302 36.7551 -59.9759 -24.7637 -38.1019 -73.8456
0.536243 36.5642 -60.3452 -24.8601 -38.2447 -73.8702
0.411701 36.3727 -60.7146 -24.9568 -38.388 -73.8945
0.286675 36.1804 -61.0841 -25.0538 -38.5318 -73.9184
0.161163 35.9873 -61.4538 -25.1512 -38.6761 -73.9419
0.0351628 35.7936 -61.8235 -25.249 -38.8208 -73.965
-0.0913271 35.5991 -62.1934 -25.3471 -38.966 -73.9878
-0.218309 35.4039 -62.5634 -25.4456 -39.1117 -74.0101
-0.345784 35.208 -62.9335 -25.5445 -39.2579 -74.0321
-0.473754 35.0114 -63.3037 -25.6437 -39.4046 -74.0536
-0.602221 34.814 -63.674 -25.7433 -39.5518 -74.0748
-0.731188 34.6158 -64.0445 -25.8433 -39.6995 -74.0955
-0.860655 34.417 -64.415 -25.9437 -39.8476 -74.1159
-0.990625 34.2174 -64.7856 -26.0444 -39.9963 -74.1358
-1.1211 34.017 -65.1564 -26.1455 -40.1454 -74.1553
-1.25208 33.8159 -65.5272 -26.247 -40.2951 -74.1743
-1.38357 33.6141 -65.8981 -26.3489 -40.4453 -74.193
-1.51557 33.4115 -66.2691 -26.4511 -40.5959 -74.2112
-1.64808 33.2081 -66.6402 -26.5538 -40.7471 -74.229
-1.78111 33.004 -67.0114 -26.6568 -40.8987 -74.2463
-1.91465 32.7991 -67.3827 -26.7602 -41.0509 -74.2632
-2.04871 32.5935 -67.754 -26.8641 -41.2036 -74.2797
-2.18329 32.3871 -68.1255 -26.9683 -41.3568 -74.2957
-2.31839 32.1799 -68.497 -27.0729 -41.5105 -74.3113
-2.45402 31.972 -68.8686 -27.1779 -41.6647 -74.3264
-2.59017 31.7633 -69.2402 -27.2833 -41.8194 -74.3411
-2.72685 31.5538 -69.612 -27.3891 -41.9747 -74.3552
-2.86406 31.3435 -69.9838 -27.4953 -42.1305 -74.369
-3.00181 31.1325 -70.3557 -27.6019 -42.2868 -74.3822
-3.14008 30.9206 -70.7276 -27.7089 -42.4436 -74.395
-3.27889 30.708 -71.0996 -27.8163 -42.6009 -74.4073
-3.41824 30.4946 -71.4717 -27.9241 -42.7588 -74.4191
-3.55814 30.2804 -71.8438 -28.0323 -42.9172 -74.4304
-3.69857 30.0655 -72.216 -28.141 -43.0761 -74.4413
-3.83955 29.8497 -72.5882 -28.25 -43.2356 -74.4516
-3.98107 29.6331 -72.9605 -28.3595 -43.3956 -74.4615
-4.12314 29.4157 -73.3328 -28.4694 -43.5561 -74.4708
-4.26576 29.1975 -73.7052 -28.5797 -43.7171 -74.4796
-4.40894 28.9786 -74.0776 -28.6904 -43.8787 -74.488
-4.55267 28.7588 -74.4501 -28.8016 -44.0409 -74.4958
-4.69695 28.5381 -74.8226 -28.9131 -44.2035 -74.5031
-4.8418 28.3167 -75.1951 -29.0251 -44.3667 -74.5098
-4.98721 28.0945 -75.5677 -29.1375 -44.5305 -74.5161
-5.13317 27.8714 -75.9403 -29.2503 -44.6948 -74.5218
-5.27971 27.6475 -76.3129 -29.3636 -44.8596 -74.5269
-5.42681 27.4228 -76.6856 -29.4773 -45.025 -74.5316
-5.57448 27.1973 -77.0582 -29.5914 -45.191 -74.5357
-5.72273 26.9709 -77.4309 -29.7059 -45.3574 -74.5392
-5.87154 26.7437 -77.8036 -29.8209 -45.5245 -74.5422
-6.02093 26.5157 -78.1763 -29.9362 -45.6921 -74.5446
-6.1709 26.2868 -78.5491 -30.0521 -45.8602 -74.5464
-6.32146 26.0571 -78.9218 -30.1683 -46.0289 -74.5477
-6.47259 25.8265 -79.2945 -30.285 -46.1981 -74.5485
-6.62431 25.5951 -79.6673 -30.4021 -46.3679 -74.5486
-6.77661 25.3628 -80.04 -30.5197 -46.5382 -74.5481
-6.9295 25.1297 -80.4128 -30.6376 -46.7091 -74.5471
-7.08299 24.8957 -80.7855 -30.7561 -46.8806 -74.5455
-7.23706 24.6609 -81.1582 -30.8749 -47.0526 -74.5433
-7.39174 24.4252 -81.5309 -30.9942 -47.2252 -74.5404
-7.54701 24.1886 -81.9036 -31.1139 -47.3983 -74.537
-7.70288 23.9512 -82.2763 -31.2341 -47.572 -74.533
-7.85935 23.7129 -82.649 -31.3547 -47.7463 -74.5283
-8.01642 23.4738 -83.0216 -31.4757 -47.9211 -74.523
-8.17411 23.2337 -83.3942 -31.5972 -48.0965 -74.5171
-8.3324 22.9928 -83.7668 -31.7191 -48.2724 -74.5105
-8.4913 22.751 -84.1393 -31.8414 -48.4489 -74.5033
-8.65081 22.5083 -84.5118 -31.9642 -48.626 -74.4955
-8.81094 22.2647 -84.8842 -32.0875 -48.8036 -74.487
-8.97169 22.0203 -85.2567 -32.2111 -48.9818 -74.4779
-9.13305 21.7749 -85.629 -32.3352 -49.1606 -74.468
-9.29504 21.5287 -86.0013 -32.4598 -49.3399 -74.4576
-9.45765 21.2815 -86.3736 -32.5848 -49.5198 -74.4464
-9.62089 21.0335 -86.7458 -32.7102 -49.7003 -74.4346
-9.78475 20.7845 -87.1179 -32.8361 -49.8813 -74.4221
-9.94925 20.5346 -87.49 -32.9624 -50.0629 -74.4089
-10.1144 20.2839 -87.862 -33.0891 -50.2451 -74.395
-10.2801 20.0322 -88.234 -33.2163 -50.4278 -74.3804
-10.4465 19.7796 -88.6058 -33.344 -50.6112 -74.365
-10.6136 19.5261 -88.9776 -33.472 -50.795 -74.349
-10.7813 19.2716 -89.3493 -33.6005 -50.9795 -74.3323
-10.9496 19.0163 -89.7209 -33.7295 -51.1645 -74.3148
-11.1186 18.76 -90.0925 -33.8589 -51.35 -74.2966
-11.2882 18.5028 -90.4639 -33.9887 -51.5362 -74.2776
-11.4584 18.2446 -90.8352 -34.119 -51.7229 -74.2579
-11.6294 17.9856 -91.2065 -34.2497 -51.9102 -74.2375
-11.8009 17.7255 -91.5776 -34.3808 -52.098 -74.2162
-11.9732 17.4646 -91.9486 -34.5124 -52.2864 -74.1943
-12.1461 17.2027 -92.3196 -34.6444 -52.4754 -74.1715
-12.3196 16.9398 -92.6904 -34.7769 -52.665 -74.148
-12.4938 16.676 -93.061 -34.9098 -52.8551 -74.1237
-12.6687 16.4113 -93.4316 -35.0431 -53.0458 -74.0985
-12.8443 16.1456 -93.802 -35.1769 -53.237 -74.0726
-13.0205 15.8789 -94.1723 -35.3111 -53.4288 -74.0459
-13.1974 15.6113 -94.5425 -35.4458 -53.6212 -74.0184
-13.3749 15.3427 -94.9125 -35.5808 -53.8141 -73.99
-13.5532 15.0731 -95.2824 -35.7164 -54.0076 -73.9609
-13.7321 14.8026 -95.6521 -35.8523 -54.2017 -73.9308
-13.9117 14.5311 -96.0217 -35.9887 -54.3963 -73.9
-14.092 14.2587 -96.3911 -36.1255 -54.5915 -73.8683
-14.273 13.9852 -96.7604 -36.2627 -54.7873 -73.8357
-14.4546 13.7108 -97.1295 -36.4004 -54.9836 -73.8023
-14.637 13.4354 -97.4984 -36.5385 -55.1804 -73.768
-14.82 13.159 -97.8672 -36.677 -55.3778 -73.7329
-15.0037 12.8816 -98.2357 -36.8159 -55.5758 -73.6968
-15.1882 12.6032 -98.6041 -36.9553 -55.7743 -73.6599
-15.3733 12.3238 -98.9723 -37.0951 -55.9734 -73.622
-15.5591 12.0435 -99.3403 -37.2353 -56.173 -73.5833
-15.7456 11.7621 -99.7082 -37.3759 -56.3732 -73.5436
-15.9329 11.4798 -100.076 -37.517 -56.5739 -73.503
-16.1208 11.1964 -100.443 -37.6584 -56.7752 -73.4615
-16.3095 10.912 -100.81 -37.8003 -56.977 -73.4191
-16.4988 10.6266 -101.177 -37.9426 -57.1793 -73.3757
-16.6889 10.3402 -101.544 -38.0853 -57.3822 -73.3313
-16.8797 10.0528 -101.911 -38.2285 -57.5857 -73.286
-17.0712 9.76435 -102.277 -38.372 -57.7896 -73.2397
-17.2634 9.47489 -102.643 -38.5159 -57.9942 -73.1925
-17.4563 9.18441 -103.009 -38.6603 -58.1992 -73.1443
-17.65 8.8929 -103.375 -38.805 -58.4048 -73.0951
-17.8444 8.60036 -103.74 -38.9502 -58.6109 -73.0448
-18.0395 8.30679 -104.105 -39.0957 -58.8175 -72.9936
-18.2353 8.01219 -104.47 -39.2417 -59.0246 -72.9414
-18.4319 7.71654 -104.834 -39.388 -59.2323 -72.8881
-18.6292 7.41986 -105.199 -39.5348 -59.4405 -72.8338
-18.8273 7.12214 -105.563 -39.6819 -59.6492 -72.7785
-19.026 6.82337 -105.926 -39.8294 -59.8584 -72.7221
-19.2256 6.52355 -106.29 -39.9773 -60.0681 -72.6647
-19.4258 6.22269 -106.653 -40.1256 -60.2783 -72.6062
-19.6268 5.92077 -107.016 -40.2742 -60.4891 -72.5466
-19.8286 5.6178 -107.379 -40.4233 -60.7003 -72.486
-20.0311 5.31377 -107.741 -40.5727 -60.912 -72.4243
-20.2343 5.00868 -108.103 -40.7225 -61.1242 -72.3615
-20.4383 4.70253 -108.464 -40.8726 -61.3369 -72.2975
-20.643 4.39531 -108.826 -41.0232 -61.5501 -72.2325
-20.8485 4.08702 -109.187 -41.174 -61.7638 -72.1664
-21.0548 3.77767 -109.547 -41.3253 -61.9779 -72.0991
-21.2618 3.46724 -109.908 -41.4769 -62.1926 -72.0307
-21.4695 3.15574 -110.268 -41.6288 -62.4077 -71.9611
-21.6781 2.84317 -110.627 -41.7811 -62.6232 -71.8904
-21.8873 2.52951 -110.987 -41.9337 -62.8392 -71.8186
-22.0974 2.21478 -111.346 -42.0867 -63.0557 -71.7456
-22.3082 1.89896 -111.704 -42.24 -63.2726 -71.6714
-22.5198 1.58205 -112.062 -42.3937 -63.49 -71.596
-22.7321 1.26405 -112.42 -42.5477 -63.7078 -71.5194
-22.9453 0.944971 -112.778 -42.702 -63.9261 -71.4416
-23.1592 0.624794 -113.135 -42.8566 -64.1448 -71.3626
-23.3738 0.303523 -113.491 -43.0115 -64.3639 -71.2824
-23.5893 -0.0188452 -113.847 -43.1668 -64.5834 -71.201
-23.8055 -0.342312 -114.203 -43.3223 -64.8034 -71.1184
-24.0225 -0.666879 -114.559 -43.4782 -65.0237 -71.0345
-24.2403 -0.992549 -114.913 -43.6343 -65.2445 -70.9493
-24.4589 -1.31932 -115.268 -43.7908 -65.4656 -70.8629
-24.6782 -1.64721 -115.622 -43.9475 -65.6872 -70.7753
-24.8983 -1.9762 -115.976 -44.1045 -65.9091 -70.6864
-25.1192 -2.3063 -116.329 -44.2618 -66.1315 -70.5961
-25.3409 -2.63751 -116.682 -44.4193 -66.3542 -70.5046
-25.5634 -2.96984 -117.034 -44.5772 -66.5772 -70.4119
-25.7867 -3.30328 -117.386 -44.7353 -66.8006 -70.3178
-26.0108 -3.63785 -117.737 -44.8936 -67.0244 -70.2224
-26.2357 -3.97353 -118.088 -45.0522 -67.2485 -70.1256
-26.4613 -4.31033 -118.438 -45.211 -67.473 -70.0276
-26.6878 -4.64826 -118.788 -45.3701 -67.6977 -69.9282
-26.915 -4.98731 -119.138 -45.5293 -67.9228 -69.8275
-27.1431 -5.32749 -119.487 -45.6889 -68.1483 -69.7254
-27.3719 -5.66879 -119.835 -45.8486 -68.374 -69.622
-27.6015 -6.01123 -120.183 -46.0085 -68.6 -69.5172
-27.832 -6.35479 -120.53 -46.1687 -68.8263 -69.411
-28.0632 -6.69949 -120.877 -46.329 -69.0529 -69.3035
-28.2953 -7.04532 -121.223 -46.4895 -69.2798 -69.1946
-28.5281 -7.39229 -121.569 -46.6502 -69.5069 -69.0843
-28.7618 -7.74039 -121.914 -46.8111 -69.7343 -68.9725
-28.9962 -8.08963 -122.259 -46.9721 -69.9619 -68.8594
-29.2315 -8.44001 -122.603 -47.1333 -70.1898 -68.7449
-29.4676 -8.79153 -122.946 -47.2946 -70.4178 -68.6289
-29.7045 -9.14419 -123.289 -47.4561 -70.6461 -68.5116
-29.9421 -9.49799 -123.631 -47.6177 -70.8746 -68.3927
-30.1806 -9.85294 -123.973 -47.7795 -71.1033 -68.2725
-30.4199 -10.209 -124.314 -47.9413 -71.3322 -68.1508
-30.66 -10.5663 -124.654 -48.1033 -71.5613 -68.0276
-30.901 -10.9246 -124.994 -48.2653 -71.7905 -67.903
-31.1427 -11.2842 -125.333 -48.4275 -72.0198 -67.777
-31.3852 -11.6448 -125.672 -48.5897 -72.2493 -67.6494
-31.6286 -12.0067 -126.01 -48.752 -72.479 -67.5204
-31.8728 -12.3696 -126.347 -48.9143 -72.7087 -67.3899
-32.1177 -12.7337 -126.684 -49.0767 -72.9386 -67.2579
-32.3635 -13.099 -127.02 -49.2392 -73.1685 -67.1244
-32.6101 -13.4654 -127.355 -49.4016 -73.3985 -66.9895
-32.8576 -13.833 -127.69 -49.5641 -73.6286 -66.853
-33.1058 -14.2017 -128.024 -49.7266 -73.8587 -66.715
-33.3548 -14.5716 -128.357 -49.8891 -74.0888 -66.5755
-33.6047 -14.9426 -128.689 -50.0515 -74.319 -66.4344
-33.8553 -15.3148 -129.021 -50.214 -74.5492 -66.2919
-34.1068 -15.6881 -129.352 -50.3764 -74.7794 -66.1478
-34.3591 -16.0626 -129.683 -50.5388 -75.0096 -66.0022
-34.6122 -16.4382 -130.012 -50.7011 -75.2397 -65.8551
-34.8661 -16.815 -130.341 -50.8633 -75.4698 -65.7064
-35.1208 -17.1929 -130.669 -51.0254 -75.6998 -65.5561
-35.3764 -17.572 -130.997 -51.1875 -75.9297 -65.4044
-35.6327 -17.9522 -131.323 -51.3494 -76.1595 -65.251
-35.8899 -18.3336 -131.649 -51.5112 -76.3893 -65.0961
-36.1478 -18.7161 -131.974 -51.6729 -76.6188 -64.9397
-36.4066 -19.0998 -132.299 -51.8344 -76.8483 -64.7817
-36.6662 -19.4846 -132.622 -51.9958 -77.0775 -64.6221
-36.9266 -19.8705 -132.945 -52.157 -77.3066 -64.461
-37.1877 -20.2576 -133.267 -52.318 -77.5355 -64.2983
-37.4497 -20.6459 -133.588 -52.4788 -77.7642 -64.134
-37.7125 -21.0353 -133.908 -52.6394 -77.9926 -63.9682
-37.9761 -21.4258 -134.228 -52.7998 -78.2208 -63.8007
-38.2405 -21.8175 -134.546 -52.9599 -78.4487 -63.6317
-38.5057 -22.2103 -134.864 -53.1197 -78.6763 -63.4611
-38.7717 -22.6043 -135.181 -53.2793 -78.9035 -63.289
-39.0385 -22.9993 -135.497 -53.4386 -79.1305 -63.1152
-39.3061 -23.3956 -135.812 -53.5975 -79.357 -62.9399
-39.5745 -23.7929 -136.126 -53.7562 -79.5832 -62.763
-39.8437 -24.1914 -136.439 -53.9145 -79.809 -62.5845
-40.1137 -24.591 -136.752 -54.0725 -80.0344 -62.4044
-40.3844 -24.9917 -137.064 -54.2301 -80.2594 -62.2227
-40.656 -25.3936 -137.374 -54.3873 -80.4838 -62.0395
-40.9283 -25.7966 -137.684 -54.5441 -80.7078 -61.8546
-41.2014 -26.2007 -137.993 -54.7005 -80.9312 -61.6682
-41.4753 -26.6059 -138.301 -54.8565 -81.1542 -61.4802
-41.75 -27.0122 -138.608 -55.012 -81.3765 -61.2906
-42.0254 -27.4197 -138.914 -55.167 -81.5983 -61.0995
-42.3016 -27.8282 -139.219 -55.3216 -81.8194 -60.9067
-42.5786 -28.2379 -139.523 -55.4756 -82.0399 -60.7124
-42.8564 -28.6486 -139.826 -55.6291 -82.2598 -60.5165
-43.1349 -29.0605 -140.128 -55.7821 -82.479 -60.319
-43.4142 -29.4734 -140.429 -55.9345 -82.6974 -60.12
-43.6943 -29.8874 -140.729 -56.0864 -82.9151 -59.9193
-43.9751 -30.3026 -141.028 -56.2377 -83.132 -59.7171
-44.2566 -30.7188 -141.326 -56.3883 -83.3481 -59.5134
-44.539 -31.136 -141.623 -56.5384 -83.5634 -59.3081
-44.822 -31.5544 -141.919 -56.6877 -83.7779 -59.1012
-45.1058 -31.9738 -142.214 -56.8364 -83.9914 -58.8928
-45.3904 -32.3943 -142.508 -56.9845 -84.2041 -58.6828
-45.6757 -32.8159 -142.801 -57.1318 -84.4158 -58.4712
-45.9617 -33.2385 -143.093 -57.2784 -84.6265 -58.2581
-46.2485 -33.6621 -143.384 -57.4243 -84.8362 -58.0435
-46.536 -34.0868 -143.673 -57.5694 -85.0448 -57.8273
-46.8242 -34.5126 -143.962 -57.7137 -85.2524 -57.6096
-47.1131 -34.9394 -144.249 -57.8573 -85.4589 -57.3904
-47.4027 -35.3672 -144.536 -58 -85.6643 -57.1696
-47.6931 -35.796 -144.821 -58.1419 -85.8685 -56.9473
-47.9842 -36.2259 -145.105 -58.2829 -86.0715 -56.7235
-48.2759 -36.6567 -145.388 -58.4231 -86.2732 -56.4982
-48.5684 -37.0886 -145.67 -58.5624 -86.4737 -56.2713
-48.8616 -37.5215 -145.951 -58.7008 -86.6728 -56.043
-49.1554 -37.9553 -146.231 -58.8382 -86.8707 -55.8131
-49.4499 -38.3902 -146.509 -58.9747 -87.0671 -55.5818
-49.7452 -38.826 -146.786 -59.1103 -87.2622 -55.349
-50.041 -39.2628 -147.063 -59.2448 -87.4558 -55.1146
-50.3376 -39.7006 -147.338 -59.3784 -87.6479 -54.8788
-50.6348 -40.1393 -147.611 -59.5109 -87.8385 -54.6415
-50.9327 -40.5789 -147.884 -59.6425 -88.0275 -54.4028
-51.2313 -41.0196 -148.155 -59.7729 -88.215 -54.1625
-51.5304 -41.4611 -148.426 -59.9023 -88.4008 -53.9208
-51.8303 -41.9036 -148.695 -60.0307 -88.5849 -53.6777
-52.1308 -42.3469 -148.962 -60.1579 -88.7673 -53.433
-52.4319 -42.7912 -149.229 -60.284 -88.948 -53.187
-52.7336 -43.2364 -149.494 -60.4089 -89.1269 -52.9394
-53.036 -43.6825 -149.758 -60.5328 -89.304 -52.6905
-53.3389 -44.1295 -150.021 -60.6554 -89.4793 -52.4401
-53.6425 -44.5773 -150.283 -60.7769 -89.6526 -52.1882
-53.9467 -45.026 -150.543 -60.8972 -89.824 -51.9349
-54.2515 -45.4755 -150.802 -61.0163 -89.9934 -51.6802
-54.5569 -45.9259 -151.06 -61.1342 -90.1609 -51.4241
-54.8628 -46.3772 -151.316 -61.2508 -90.3262 -51.1665
-55.1694 -46.8292 -151.572 -61.3662 -90.4895 -50.9075
-55.4765 -47.2821 -151.826 -61.4803 -90.6507 -50.6471
-55.7842 -47.7357 -152.078 -61.5932 -90.8097 -50.3852
-56.0924 -48.1902 -152.329 -61.7048 -90.9665 -50.122
-56.4012 -48.6454 -152.579 -61.8151 -91.121 -49.8573
-56.7106 -49.1014 -152.828 -61.9241 -91.2733 -49.5912
-57.0205 -49.5581 -153.075 -62.0318 -91.4233 -49.3237
-57.3309 -50.0156 -153.321 -62.1382 -91.5709 -49.0548
-57.6418 -50.4738 -153.566 -62.2432 -91.7162 -48.7845
-57.9533 -50.9328 -153.809 -62.347 -91.859 -48.5128
-58.2653 -51.3924 -154.051 -62.4494 -91.9994 -48.2396
-58.5778 -51.8528 -154.291 -62.5504 -92.1373 -47.9651
-58.8908 -52.3138 -154.531 -62.6501 -92.2726 -47.6891
-59.2043 -52.7755 -154.768 -62.7484 -92.4055 -47.4117
-59.5183 -53.2378 -155.005 -62.8454 -92.5357 -47.133
-59.8328 -53.7008 -155.24 -62.941 -92.6633 -46.8528
-60.1477 -54.1645 -155.473 -63.0353 -92.7883 -46.5712
-60.4631 -54.6287 -155.705 -63.1282 -92.9107 -46.2881
-60.779 -55.0936 -155.936 -63.2197 -93.0303 -46.0037
-61.0953 -55.559 -156.165 -63.3098 -93.1472 -45.7178
-61.4121 -56.0251 -156.393 -63.3986 -93.2613 -45.4305
-61.7293 -56.4916 -156.62 -63.486 -93.3726 -45.1418
-62.047 -56.9588 -156.845 -63.5721 -93.4812 -44.8517
-62.365 -57.4265 -157.068 -63.6568 -93.5869 -44.5602
-62.6835 -57.8947 -157.29 -63.7401 -93.6898 -44.2672
-63.0024 -58.3634 -157.511 -63.822 -93.7898 -43.9728
-63.3217 -58.8325 -157.73 -63.9027 -93.8869 -43.6769
-63.6414 -59.3022 -157.948 -63.9819 -93.9812 -43.3796
-63.9616 -59.7724 -158.164 -64.0598 -94.0725 -43.0809
-64.282 -60.2429 -158.379 -64.1364 -94.1608 -42.7807
-64.6029 -60.714 -158.592 -64.2117 -94.2462 -42.4791
-64.9242 -61.1854 -158.803 -64.2856 -94.3287 -42.1761
-65.2458 -61.6572 -159.014 -64.3582 -94.4082 -41.8716
-65.5677 -62.1295 -159.222 -64.4296 -94.4847 -41.5656
-65.8901 -62.6021 -159.429 -64.4996 -94.5582 -41.2583
-66.2127 -63.0751 -159.635 -64.5683 -94.6287 -40.9494
-66.5357 -63.5484 -159.839 -64.6357 -94.6962 -40.6391
-66.8591 -64.022 -160.041 -64.7019 -94.7607 -40.3274
-67.1828 -64.496 -160.242 -64.7668 -94.8222 -40.0142
-67.5068 -64.9702 -160.441 -64.8305 -94.8807 -39.6996
-67.8311 -65.4448 -160.639 -64.8929 -94.9362 -39.3835
-68.1557 -65.9196 -160.835 -64.9541 -94.9887 -39.0659
-68.4806 -66.3947 -161.03 -65.0141 -95.0382 -38.747
-68.8058 -66.87 -161.223 -65.0729 -95.0847 -38.4265
-69.1313 -67.3455 -161.414 -65.1305 -95.1283 -38.1047
-69.4571 -67.8212 -161.604 -65.1869 -95.1688 -37.7814
-69.7832 -68.2972 -161.792 -65.2422 -95.2064 -37.4566
-70.1095 -68.7733 -161.978 -65.2963 -95.241 -37.1305
-70.4362 -69.2496 -162.163 -65.3493 -95.2727 -36.8029
-70.763 -69.726 -162.346 -65.4011 -95.3014 -36.4739
-71.0902 -70.2026 -162.528 -65.4518 -95.3273 -36.1435
-71.4175 -70.6793 -162.708 -65.5014 -95.3502 -35.8117
-71.7452 -71.1561 -162.886 -65.5499 -95.3703 -35.4785
-72.073 -71.633 -163.063 -65.5974 -95.3874 -35.144
-72.4011 -72.11 -163.237 -65.6438 -95.4018 -34.808
-72.7295 -72.587 -163.411 -65.6891 -95.4133 -34.4707
-73.058 -73.0641 -163.582 -65.7334 -95.422 -34.1321
-73.3868 -73.5412 -163.752 -65.7766 -95.428 -33.7921
-73.7158 -74.0183 -163.92 -65.8189 -95.4312 -33.4508
-74.045 -74.4955 -164.087 -65.8601 -95.4316 -33.1082
-74.3744 -74.9727 -164.251 -65.9003 -95.4294 -32.7643
-74.704 -75.4498 -164.414 -65.9396 -95.4245 -32.4191
-75.0338 -75.9269 -164.575 -65.9779 -95.4169 -32.0727
-75.3638 -76.4039 -164.735 -66.0152 -95.4067 -31.725
-75.6939 -76.8809 -164.893 -66.0516 -95.3939 -31.3761
-76.0243 -77.3579 -165.049 -66.087 -95.3785 -31.026
-76.3548 -77.8347 -165.203 -66.1215 -95.3605 -30.6747
-76.6855 -78.3115 -165.355 -66.1551 -95.3401 -30.3222
-77.0163 -78.7881 -165.506 -66.1878 -95.3172 -29.9686
-77.3474 -79.2646 -165.655 -66.2195 -95.2918 -29.6139
-77.6785 -79.741 -165.802 -66.2504 -95.2639 -29.258
-78.0099 -80.2172 -165.948 -66.2804 -95.2337 -28.9011
-78.3413 -80.6933 -166.091 -66.3095 -95.2011 -28.5431
-78.673 -81.1692 -166.233 -66.3378 -95.1662 -28.1841
-79.0047 -81.645 -166.373 -66.3652 -95.129 -27.8241
-79.3366 -82.1205 -166.511 -66.3917 -95.0895 -27.4631
-79.6686 -82.5959 -166.648 -66.4174 -95.0477 -27.1012
-80.0008 -83.071 -166.782 -66.4422 -95.0038 -26.7383
-80.3331 -83.5459 -166.915 -66.4662 -94.9576 -26.3745
-80.6654 -84.0205 -167.046 -66.4894 -94.9093 -26.0098
-80.9979 -84.495 -167.175 -66.5118 -94.8589 -25.6443
-81.3306 -84.9691 -167.303 -66.5333 -94.8064 -25.2779
-81.6633 -85.443 -167.428 -66.5541 -94.7518 -24.9108
-81.9961 -85.9166 -167.552 -66.574 -94.6952 -24.5428
-82.329 -86.3899 -167.674 -66.5931 -94.6366 -24.1742
-82.662 -86.863 -167.794 -66.6114 -94.576 -23.8048
-82.9951 -87.3357 -167.912 -66.629 -94.5135 -23.4347
-83.3283 -87.8081 -168.028 -66.6457 -94.449 -23.064
-83.6616 -88.2802 -168.142 -66.6617 -94.3827 -22.6927
-83.9949 -88.7519 -168.255 -66.6769 -94.3145 -22.3207
-84.3284 -89.2233 -168.366 -66.6913 -94.2444 -21.9482
-84.6618 -89.6943 -168.474 -66.705 -94.1726 -21.5752
-84.9954 -90.165 -168.581 -66.7178 -94.099 -21.2016
-85.329 -90.6353 -168.686 -66.7299 -94.0236 -20.8276
-85.6627 -91.1052 -168.79 -66.7413 -93.9465 -20.4531
-85.9964 -91.5747 -168.891 -66.7518 -93.8678 -20.0781
-86.3302 -92.0439 -168.99 -66.7617 -93.7873 -19.7028
-86.664 -92.5126 -169.088 -66.7707 -93.7052 -19.3271
-86.9979 -92.9809 -169.184 -66.779 -93.6215 -18.9511
-87.3318 -93.4488 -169.277 -66.7866 -93.5362 -18.5748
-87.6658 -93.9163 -169.369 -66.7934 -93.4493 -18.1982
-87.9998 -94.3833 -169.459 -66.7995 -93.3609 -17.8213
-88.3338 -94.8499 -169.548 -66.8048 -93.271 -17.4442
-88.6678 -95.316 -169.634 -66.8094 -93.1796 -17.0669
-89.0019 -95.7816 -169.718 -66.8132 -93.0867 -16.6895
-89.336 -96.2468 -169.801 -66.8163 -92.9923 -16.3119
-89.67 -96.7115 -169.881 -66.8187 -92.8965 -15.9342
-90.0041 -97.1758 -169.96 -66.8204 -92.7993 -15.5564
-90.3382 -97.6395 -170.037 -66.8213 -92.7008 -15.1785
-90.6724 -98.1028 -170.112 -66.8214 -92.6008 -14.8006
-91.0065 -98.5655 -170.185 -66.8209 -92.4996 -14.4227
-91.3406 -99.0278 -170.256 -66.8196 -92.397 -14.0448
-91.6747 -99.4895 -170.325 -66.8176 -92.2931 -13.667
-92.0087 -99.9507 -170.393 -66.8149 -92.1879 -13.2892
-92.3428 -100.411 -170.458 -66.8114 -92.0815 -12.9115
-92.6769 -100.871 -170.522 -66.8072 -91.9738 -12.534
-93.0109 -101.331 -170.584 -66.8024 -91.8649 -12.1565
-93.3449 -101.79 -170.644 -66.7968 -91.7548 -11.7792
-93.6789 -102.249 -170.701 -66.7904 -91.6436 -11.4022
-94.0128 -102.707 -170.758 -66.7834 -91.5311 -11.0253
-94.3467 -103.164 -170.812 -66.7757 -91.4175 -10.6486
-94.6806 -103.621 -170.864 -66.7672 -91.3028 -10.2722
-95.0144 -104.077 -170.914 -66.7581 -91.187 -9.89613
-95.3481 -104.533 -170.963 -66.7482 -91.0701 -9.52032
-95.6819 -104.988 -171.01 -66.7377 -90.9521 -9.14482
-96.0155 -105.442 -171.054 -66.7264 -90.8331 -8.76966
-96.3491 -105.896 -171.097 -66.7145 -90.713 -8.39485
-96.6827 -106.349 -171.138 -66.7018 -90.5918 -8.02043
-97.0161 -106.802 -171.178 -66.6885 -90.4697 -7.64641
-97.3495 -107.254 -171.215 -66.6745 -90.3466 -7.2728
-97.6829 -107.705 -171.25 -66.6597 -90.2225 -6.89963
-98.0161 -108.156 -171.284 -66.6443 -90.0974 -6.52692
-98.3493 -108.606 -171.316 -66.6282 -89.9714 -6.15468
-98.6824 -109.056 -171.345 -66.6115 -89.8445 -5.78293
-99.0154 -109.505 -171.373 -66.594 -89.7167 -5.41168
-99.3484 -109.953 -171.4 -66.5759 -89.5879 -5.04097
-99.6812 -110.401 -171.424 -66.5571 -89.4583 -4.67079
-100.014 -110.847 -171.446 -66.5376 -89.3278 -4.30118
-100.347 -111.294 -171.467 -66.5175 -89.1964 -3.93214
-100.679 -111.739 -171.486 -66.4967 -89.0642 -3.56369
-101.012 -112.184 -171.502 -66.4752 -88.9311 -3.19584
-101.344 -112.629 -171.517 -66.4531 -88.7973 -2.82861
-101.676 -113.072 -171.531 -66.4303 -88.6626 -2.46202
-102.008 -113.515 -171.542 -66.4069 -88.5272 -2.09608
-102.34 -113.958 -171.552 -66.3828 -88.3909 -1.7308
-102.672 -114.399 -171.559 -66.358 -88.2539 -1.3662
-103.004 -114.84 -171.565 -66.3327 -88.1162 -1.00229
-103.335 -115.28 -171.569 -66.3066 -87.9777 -0.639076
-103.667 -115.72 -171.572 -66.28 -87.8385 -0.276581
-103.998 -116.159 -171.572 -66.2527 -87.6986 0.0851852
-104.329 -116.597 -171.571 -66.2247 -87.558 0.446212
-104.66 -117.034 -171.568 -66.1962 -87.4167 0.806487
-104.991 -117.471 -171.563 -66.167 -87.2747 1.166
-105.322 -117.907 -171.556 -66.1371 -87.1321 1.52474
-105.653 -118.342 -171.548 -66.1067 -86.9888 1.88269
-105.983 -118.777 -171.537 -66.0756 -86.8449 2.23984
-106.313 -119.211 -171.525 -66.044 -86.7004 2.59619
-106.644 -119.644 -171.511 -66.0117 -86.5552 2.95173
-106.974 -120.076 -171.496 -65.9788 -86.4094 3.30643
-107.303 -120.508 -171.478 -65.9453 -86.2631 3.66031
-107.633 -120.939 -171.459 -65.9112 -86.1161 4.01333
-107.962 -121.369 -171.438 -65.8765 -85.9686 4.3655
-108.292 -121.799 -171.415 -65.8412 -85.8206 4.71681
-108.621 -122.227 -171.391 -65.8053 -85.672 5.06725
-108.95 -122.655 -171.365 -65.7688 -85.5228 5.41681
-109.279 -123.083 -171.337 -65.7317 -85.3731 5.76547
-109.607 -123.509 -171.307 -65.6941 -85.223 6.11325
-109.936 -123.935 -171.276 -65.6558 -85.0723 6.46011
-110.264 -124.36 -171.242 -65.617 -84.9211 6.80607
-110.592 -124.784 -171.208 -65.5777 -84.7694 7.15111
-110.92 -125.208 -171.171 -65.5377 -84.6173 7.49522
-111.247 -125.63 -171.133 -65.4972 -84.4647 7.8384
-111.574 -126.052 -171.093 -65.4561 -84.3116 8.18064
-111.902 -126.473 -171.051 -65.4145 -84.1581 8.52194
-112.229 -126.894 -171.007 -65.3723 -84.0042 8.86228
-112.555 -127.313 -170.962 -65.3296 -83.8499 9.20167
-112.882 -127.732 -170.915 -65.2863 -83.6951 9.54009
-113.208 -128.15 -170.867 -65.2424 -83.5399 9.87754
-113.534 -128.568 -170.817 -65.1981 -83.3844 10.214
-113.86 -128.984 -170.765 -65.1532 -83.2284 10.5495
-114.186 -129.4 -170.711 -65.1077 -83.0721 10.884
-114.511 -129.815 -170.656 -65.0617 -82.9154 11.2175
-114.837 -130.229 -170.599 -65.0152 -82.7584 11.5501
-115.161 -130.642 -170.54 -64.9682 -82.601 11.8816
-115.486 -131.055 -170.48 -64.9206 -82.4433 12.2121
-115.811 -131.467 -170.418 -64.8725 -82.2852 12.5416
-116.135 -131.878 -170.355 -64.8239 -82.1268 12.8701
-116.459 -132.288 -170.289 -64.7748 -81.9681 13.1975
-116.783 -132.698 -170.223 -64.7252 -81.8091 13.524
-117.106 -133.106 -170.154 -64.675 -81.6499 13.8494
-117.429 -133.514 -170.084 -64.6244 -81.4903 14.1738
-117.752 -133.921 -170.012 -64.5733 -81.3304 14.4972
-118.075 -134.327 -169.939 -64.5216 -81.1703 14.8195
-118.398 -134.733 -169.864 -64.4695 -81.0099 15.1408
-118.72 -135.137 -169.788 -64.4169 -80.8493 15.461
-119.042 -135.541 -169.71 -64.3638 -80.6884 15.7802
-119.364 -135.944 -169.63 -64.3102 -80.5273 16.0983
-119.685 -136.347 -169.549 -64.2561 -80.3659 16.4154
-120.006 -136.748 -169.466 -64.2016 -80.2043 16.7314
-120.327 -137.149 -169.381 -64.1465 -80.0425 17.0464
-120.648 -137.548 -169.295 -64.091 -79.8805 17.3603
-120.968 -137.947 -169.208 -64.035 -79.7183 17.6731
-121.288 -138.346 -169.119 -63.9786 -79.556 17.9849
-121.608 -138.743 -169.028 -63.9217 -79.3934 18.2956
-121.927 -139.14 -168.936 -63.8643 -79.2306 18.6052
-122.246 -139.535 -168.842 -63.8065 -79.0677 18.9138
-122.565 -139.93 -168.746 -63.7482 -78.9046 19.2213
-122.884 -140.324 -168.65 -63.6895 -78.7413 19.5277
-123.202 -140.718 -168.551 -63.6303 -78.5779 19.833
-123.52 -141.11 -168.451 -63.5707 -78.4144 20.1372
-123.838 -141.502 -168.35 -63.5106 -78.2507 20.4404
-124.155 -141.893 -168.247 -63.4501 -78.0869 20.7424
-124.472 -142.283 -168.142 -63.3892 -77.923 21.0434
-124.789 -142.672 -168.036 -63.3278 -77.7589 21.3433
-125.106 -143.06 -167.929 -63.266 -77.5947 21.6421
-125.422 -143.448 -167.82 -63.2037 -77.4304 21.9398
-125.738 -143.835 -167.71 -63.141 -77.2661 22.2365
-126.053 -144.22 -167.598 -63.0779 -77.1016 22.532
