100 75 100 0 0 -49
99.9999 75 99.7549 -0.0321711 0.0140891 -49.0308
99.9997 75.0001 99.5097 -0.0643875 0.02814 -49.0616
99.9993 75.0003 99.2643 -0.0966492 0.0421533 -49.0925
99.9987 75.0006 99.0188 -0.128956 0.0561295 -49.1233
99.998 75.0009 98.7731 -0.161309 0.0700691 -49.1541
99.9971 75.0013 98.5272 -0.193707 0.0839728 -49.185
99.996 75.0017 98.2812 -0.22615 0.0978411 -49.2158
99.9948 75.0022 98.0351 -0.258639 0.111675 -49.2467
99.9935 75.0028 97.7888 -0.291173 0.125474 -49.2775
99.9919 75.0035 97.5423 -0.323752 0.139239 -49.3084
99.9902 75.0042 97.2957 -0.356377 0.152971 -49.3393
99.9884 75.005 97.0489 -0.389048 0.166671 -49.3702
99.9863 75.0059 96.802 -0.421764 0.180339 -49.401
99.9841 75.0068 96.5549 -0.454525 0.193975 -49.4319
99.9818 75.0078 96.3076 -0.487332 0.20758 -49.4628
99.9793 75.0089 96.0603 -0.520185 0.221155 -49.4937
99.9766 75.01 95.8127 -0.553083 0.2347 -49.5246
99.9737 75.0113 95.565 -0.586026 0.248215 -49.5555
99.9707 75.0125 95.3171 -0.619016 0.261702 -49.5865
99.9676 75.0139 95.0691 -0.65205 0.275161 -49.6174
99.9642 75.0153 94.821 -0.685131 0.288593 -49.6483
99.9607 75.0168 94.5727 -0.718257 0.301997 -49.6792
99.957 75.0183 94.3242 -0.751429 0.315375 -49.7101
99.9532 75.0199 94.0756 -0.784646 0.328728 -49.7411
99.9492 75.0216 93.8268 -0.817909 0.342055 -49.772
99.945 75.0233 93.5778 -0.851217 0.355357 -49.803
99.9407 75.0251 93.3287 -0.884572 0.368635 -49.8339
99.9362 75.027 93.0795 -0.917972 0.381889 -49.8649
99.9315 75.029 92.8301 -0.951418 0.395121 -49.8958
99.9266 75.031 92.5805 -0.984909 0.40833 -49.9268
99.9216 75.033 92.3308 -1.01845 0.421518 -49.9577
99.9165 75.0352 92.081 -1.05203 0.434684 -49.9887
99.9111 75.0374 91.8309 -1.08566 0.447829 -50.0196
99.9056 75.0397 91.5808 -1.11933 0.460954 -50.0506
99.8999 75.042 91.3304 -1.15305 0.47406 -50.0816
99.8941 75.0444 91.0799 -1.18682 0.487147 -50.1126
99.8881 75.0469 90.8293 -1.22063 0.500216 -50.1435
99.8819 75.0494 90.5785 -1.25449 0.513266 -50.1745
99.8755 75.052 90.3276 -1.28839 0.5263 -50.2055
99.869 75.0547 90.0764 -1.32234 0.539317 -50.2365
99.8623 75.0574 89.8252 -1.35634 0.552318 -50.2675
99.8554 75.0602 89.5738 -1.39038 0.565304 -50.2984
99.8484 75.063 89.3222 -1.42446 0.578275 -50.3294
99.8412 75.066 89.0705 -1.4586 0.591232 -50.3604
99.8338 75.069 88.8186 -1.49277 0.604175 -50.3914
99.8262 75.072 88.5666 -1.527 0.617105 -50.4224
99.8185 75.0751 88.3144 -1.56127 0.630023 -50.4534
99.8106 75.0783 88.062 -1.59558 0.64293 -50.4844
99.8026 75.0816 87.8095 -1.62995 0.655825 -50.5154
99.7943 75.0849 87.5569 -1.66435 0.668709 -50.5464
99.7859 75.0882 87.3041 -1.69881 0.681584 -50.5774
99.7773 75.0917 87.0511 -1.73331 0.694449 -50.6084
99.7686 75.0952 86.798 -1.76785 0.707306 -50.6394
99.7597 75.0988 86.5447 -1.80245 0.720155 -50.6704
99.7506 75.1024 86.2913 -1.83708 0.732996 -50.7013
99.7413 75.1061 86.0377 -1.87177 0.745831 -50.7323
99.7319 75.1099 85.7839 -1.9065 0.75866 -50.7633
99.7222 75.1137 85.5301 -1.94127 0.771483 -50.7943
99.7124 75.1176 85.276 -1.97609 0.784301 -50.8253
99.7025 75.1215 85.0218 -2.01096 0.797115 -50.8563
99.6923 75.1255 84.7674 -2.04587 0.809926 -50.8873
99.682 75.1296 84.5129 -2.08083 0.822734 -50.9183
99.6715 75.1338 84.2583 -2.11584 0.835539 -50.9493
99.6609 75.138 84.0034 -2.15089 0.848343 -50.9803
99.65 75.1423 83.7485 -2.18598 0.861146 -51.0113
99.639 75.1466 83.4933 -2.22113 0.873949 -51.0423
99.6278 75.151 83.238 -2.25632 0.886753 -51.0733
99.6164 75.1555 82.9826 -2.29155 0.899557 -51.1042
99.6049 75.16 82.727 -2.32683 0.912363 -51.1352
99.5932 75.1646 82.4712 -2.36216 0.925172 -51.1662
99.5813 75.1692 82.2153 -2.39753 0.937984 -51.1972
99.5692 75.174 81.9593 -2.43295 0.9508 -51.2282
99.5569 75.1787 81.703 -2.46841 0.963621 -51.2591
99.5445 75.1836 81.4467 -2.50392 0.976447 -51.2901
99.5319 75.1885 81.1901 -2.53948 0.989279 -51.3211
99.5191 75.1935 80.9335 -2.57508 1.00212 -51.352
99.5061 75.1985 80.6766 -2.61073 1.01496 -51.383
99.493 75.2036 80.4196 -2.64642 1.02782 -51.414
99.4797 75.2088 80.1625 -2.68216 1.04068 -51.4449
99.4662 75.214 79.9052 -2.71795 1.05355 -51.4759
99.4525 75.2193 79.6477 -2.75378 1.06644 -51.5068
99.4386 75.2247 79.3901 -2.78965 1.07933 -51.5378
99.4246 75.2301 79.1323 -2.82558 1.09224 -51.5687
99.4104 75.2356 78.8744 -2.86155 1.10516 -51.5996
99.396 75.2412 78.6163 -2.89756 1.11809 -51.6306
99.3814 75.2468 78.3581 -2.93362 1.13104 -51.6615
99.3667 75.2525 78.0997 -2.96973 1.144 -51.6924
99.3517 75.2583 77.8412 -3.00588 1.15697 -51.7233
99.3366 75.2641 77.5825 -3.04208 1.16997 -51.7543
99.3213 75.27 77.3236 -3.07832 1.18298 -51.7852
99.3058 75.2759 77.0646 -3.11461 1.19601 -51.8161
99.2901 75.2819 76.8055 -3.15094 1.20906 -51.847
99.2743 75.288 76.5462 -3.18732 1.22212 -51.8779
99.2583 75.2941 76.2867 -3.22375 1.23521 -51.9087
99.2421 75.3003 76.0271 -3.26022 1.24832 -51.9396
99.2257 75.3066 75.7673 -3.29674 1.26146 -51.9705
99.2091 75.313 75.5074 -3.3333 1.27461 -52.0014
99.1923 75.3194 75.2473 -3.36991 1.28779 -52.0322
99.1754 75.3258 74.987 -3.40656 1.30099 -52.0631
99.1583 75.3324 74.7267 -3.44326 1.31422 -52.0939
99.141 75.339 74.4661 -3.48 1.32748 -52.1248
99.1235 75.3457 74.2054 -3.51679 1.34076 -52.1556
99.1058 75.3524 73.9445 -3.55363 1.35407 -52.1864
99.0879 75.3592 73.6835 -3.59051 1.36741 -52.2172
99.0699 75.3661 73.4224 -3.62743 1.38078 -52.248
99.0517 75.373 73.1611 -3.6644 1.39419 -52.2788
99.0332 75.38 72.8996 -3.70142 1.40762 -52.3096
99.0146 75.3871 72.638 -3.73848 1.42109 -52.3404
98.9959 75.3942 72.3762 -3.77559 1.43459 -52.3712
98.9769 75.4014 72.1142 -3.81274 1.44812 -52.402
98.9577 75.4087 71.8522 -3.84994 1.46169 -52.4327
98.9384 75.416 71.5899 -3.88718 1.4753 -52.4635
98.9189 75.4234 71.3275 -3.92447 1.48895 -52.4942
98.8991 75.4309 71.065 -3.9618 1.50263 -52.5249
98.8792 75.4385 70.8023 -3.99918 1.51635 -52.5556
98.8592 75.4461 70.5394 -4.0366 1.53012 -52.5864
98.8389 75.4538 70.2764 -4.07406 1.54392 -52.6171
98.8184 75.4615 70.0132 -4.11158 1.55777 -52.6477
98.7978 75.4694 69.7499 -4.14913 1.57166 -52.6784
98.7769 75.4772 69.4865 -4.18673 1.5856 -52.7091
98.7559 75.4852 69.2228 -4.22438 1.59958 -52.7397
98.7347 75.4932 68.9591 -4.26207 1.61361 -52.7704
98.7133 75.5013 68.6951 -4.2998 1.62769 -52.801
98.6917 75.5095 68.4311 -4.33758 1.64181 -52.8316
98.6699 75.5178 68.1668 -4.3754 1.65599 -52.8622
98.6479 75.5261 67.9024 -4.41327 1.67022 -52.8928
98.6258 75.5345 67.6379 -4.45118 1.6845 -52.9234
98.6034 75.5429 67.3732 -4.48914 1.69883 -52.954
98.5809 75.5515 67.1083 -4.52714 1.71322 -52.9846
98.5581 75.5601 66.8433 -4.56518 1.72767 -53.0151
98.5352 75.5687 66.5782 -4.60327 1.74217 -53.0456
98.5121 75.5775 66.3129 -4.6414 1.75673 -53.0761
98.4888 75.5863 66.0474 -4.67958 1.77135 -53.1067
98.4653 75.5952 65.7818 -4.7178 1.78603 -53.1371
98.4416 75.6042 65.5161 -4.75606 1.80077 -53.1676
98.4178 75.6132 65.2501 -4.79437 1.81557 -53.1981
98.3937 75.6223 64.9841 -4.83272 1.83044 -53.2285
98.3694 75.6315 64.7179 -4.87111 1.84538 -53.259
98.345 75.6408 64.4515 -4.90955 1.86038 -53.2894
98.3203 75.6501 64.185 -4.94803 1.87545 -53.3198
98.2955 75.6595 63.9183 -4.98656 1.89059 -53.3502
98.2705 75.669 63.6515 -5.02512 1.9058 -53.3805
98.2452 75.6786 63.3845 -5.06373 1.92108 -53.4109
98.2198 75.6882 63.1173 -5.10238 1.93644 -53.4412
98.1942 75.698 62.8501 -5.14108 1.95187 -53.4715
98.1684 75.7077 62.5826 -5.17982 1.96738 -53.5018
98.1424 75.7176 62.315 -5.2186 1.98297 -53.5321
98.1162 75.7276 62.0473 -5.25742 1.99864 -53.5624
98.0898 75.7376 61.7794 -5.29629 2.01438 -53.5927
98.0633 75.7477 61.5114 -5.33519 2.03021 -53.6229
98.0365 75.7579 61.2432 -5.37414 2.04613 -53.6531
98.0095 75.7682 60.9748 -5.41313 2.06213 -53.6833
97.9824 75.7785 60.7064 -5.45217 2.07821 -53.7135
97.955 75.789 60.4377 -5.49124 2.09439 -53.7436
97.9275 75.7995 60.1689 -5.53036 2.11065 -53.7738
97.8997 75.8101 59.9 -5.56952 2.12701 -53.8039
97.8718 75.8207 59.6309 -5.60872 2.14346 -53.834
97.8436 75.8315 59.3616 -5.64796 2.16 -53.8641
97.8153 75.8424 59.0922 -5.68724 2.17664 -53.8941
97.7867 75.8533 58.8227 -5.72656 2.19338 -53.9241
97.758 75.8643 58.553 -5.76593 2.21022 -53.9542
97.7291 75.8754 58.2831 -5.80533 2.22716 -53.9842
97.7 75.8866 58.0131 -5.84478 2.24421 -54.0141
97.6706 75.8978 57.743 -5.88426 2.26136 -54.0441
97.6411 75.9092 57.4727 -5.92379 2.27861 -54.074
97.6114 75.9206 57.2023 -5.96335 2.29598 -54.1039
97.5815 75.9321 56.9317 -6.00296 2.31345 -54.1338
97.5514 75.9437 56.6609 -6.0426 2.33104 -54.1636
97.5211 75.9554 56.39 -6.08228 2.34875 -54.1935
97.4905 75.9672 56.119 -6.12201 2.36657 -54.2233
97.4598 75.9791 55.8478 -6.16177 2.38451 -54.2531
97.4289 75.9911 55.5765 -6.20157 2.40257 -54.2828
97.3978 76.0031 55.305 -6.24141 2.42075 -54.3125
97.3665 76.0153 55.0333 -6.28129 2.43906 -54.3423
97.335 76.0275 54.7615 -6.32121 2.45749 -54.3719
97.3033 76.0399 54.4896 -6.36116 2.47605 -54.4016
97.2714 76.0523 54.2175 -6.40115 2.49474 -54.4312
97.2393 76.0648 53.9453 -6.44118 2.51357 -54.4608
97.207 76.0774 53.6729 -6.48125 2.53253 -54.4904
97.1745 76.0901 53.4004 -6.52136 2.55163 -54.5199
97.1418 76.1029 53.1277 -6.5615 2.57087 -54.5495
97.1089 76.1158 52.8549 -6.60168 2.59025 -54.5789
97.0758 76.1288 52.5819 -6.64189 2.60978 -54.6084
97.0424 76.1419 52.3088 -6.68215 2.62945 -54.6378
97.0089 76.1551 52.0355 -6.72243 2.64927 -54.6672
96.9752 76.1684 51.7621 -6.76276 2.66924 -54.6966
96.9413 76.1818 51.4886 -6.80312 2.68937 -54.7259
96.9072 76.1953 51.2149 -6.84351 2.70965 -54.7552
96.8729 76.2089 50.941 -6.88394 2.7301 -54.7845
96.8383 76.2226 50.667 -6.92441 2.7507 -54.8138
96.8036 76.2364 50.3929 -6.96491 2.77147 -54.843
96.7687 76.2503 50.1186 -7.00544 2.79241 -54.8722
96.7336 76.2644 49.8442 -7.046 2.81352 -54.9013
96.6982 76.2785 49.5696 -7.08661 2.8348 -54.9304
96.6627 76.2927 49.2948 -7.12724 2.85625 -54.9595
96.627 76.307 49.02 -7.1679 2.87789 -54.9885
96.591 76.3215 48.745 -7.2086 2.8997 -55.0176
96.5549 76.336 48.4698 -7.24933 2.9217 -55.0465
96.5185 76.3507 48.1945 -7.2901 2.94389 -55.0755
96.482 76.3655 47.919 -7.33089 2.96627 -55.1044
96.4452 76.3804 47.6434 -7.37172 2.98884 -55.1332
96.4083 76.3954 47.3677 -7.41257 3.01161 -55.1621
96.3711 76.4105 47.0918 -7.45346 3.03458 -55.1908
96.3337 76.4257 46.8158 -7.49438 3.05775 -55.2196
96.2962 76.4411 46.5396 -7.53533 3.08113 -55.2483
96.2584 76.4565 46.2633 -7.5763 3.10472 -55.277
96.2204 76.4721 45.9869 -7.61731 3.12852 -55.3056
96.1822 76.4878 45.7103 -7.65834 3.15254 -55.3342
96.1438 76.5036 45.4335 -7.6994 3.17678 -55.3627
96.1052 76.5196 45.1566 -7.74049 3.20124 -55.3912
96.0664 76.5356 44.8796 -7.7816 3.22593 -55.4197
96.0274 76.5518 44.6024 -7.82275 3.25086 -55.4481
95.9882 76.5682 44.3251 -7.86392 3.27602 -55.4765
95.9488 76.5846 44.0477 -7.90511 3.30141 -55.5048
95.9091 76.6012 43.7701 -7.94633 3.32706 -55.5331
95.8693 76.6179 43.4923 -7.98757 3.35295 -55.5614
95.8292 76.6347 43.2144 -8.02884 3.37909 -55.5896
95.789 76.6517 42.9364 -8.07013 3.40548 -55.6177
95.7485 76.6688 42.6583 -8.11145 3.43214 -55.6458
95.7079 76.686 42.38 -8.15279 3.45906 -55.6739
95.667 76.7034 42.1015 -8.19415 3.48625 -55.7019
95.6259 76.7209 41.8229 -8.23553 3.51372 -55.7298
95.5847 76.7385 41.5442 -8.27693 3.54146 -55.7577
95.5432 76.7563 41.2654 -8.31835 3.56949 -55.7856
95.5015 76.7742 40.9864 -8.35979 3.5978 -55.8134
95.4596 76.7922 40.7072 -8.40125 3.6264 -55.8412
95.4175 76.8104 40.428 -8.44273 3.65531 -55.8689
95.3751 76.8288 40.1485 -8.48423 3.68451 -55.8965
95.3326 76.8473 39.869 -8.52574 3.71403 -55.9241
95.2899 76.8659 39.5893 -8.56727 3.74385 -55.9516
95.2469 76.8847 39.3095 -8.60882 3.774 -55.9791
95.2038 76.9037 39.0295 -8.65038 3.80446 -56.0065
95.1604 76.9228 38.7494 -8.69195 3.83526 -56.0339
95.1169 76.942 38.4692 -8.73354 3.8664 -56.0612
95.0731 76.9614 38.1888 -8.77514 3.89787 -56.0884
95.0291 76.981 37.9083 -8.81675 3.92969 -56.1156
94.9849 77.0007 37.6276 -8.85837 3.96187 -56.1427
94.9405 77.0206 37.3468 -8.90001 3.9944 -56.1698
94.8959 77.0407 37.0659 -8.94165 4.0273 -56.1968
94.8511 77.0609 36.7849 -8.9833 4.06057 -56.2237
94.8061 77.0813 36.5037 -9.02495 4.09422 -56.2506
94.7609 77.1019 36.2224 -9.06662 4.12826 -56.2774
94.7154 77.1226 35.9409 -9.10828 4.16268 -56.3041
94.6698 77.1435 35.6593 -9.14996 4.19751 -56.3308
94.6239 77.1646 35.3776 -9.19163 4.23275 -56.3574
94.5779 77.1858 35.0957 -9.23331 4.2684 -56.3839
94.5316 77.2072 34.8138 -9.27499 4.30447 -56.4104
94.4851 77.2289 34.5316 -9.31667 4.34097 -56.4368
94.4384 77.2507 34.2494 -9.35835 4.3779 -56.4631
94.3915 77.2726 33.967 -9.40002 4.41528 -56.4893
94.3444 77.2948 33.6845 -9.44169 4.45312 -56.5154
94.2971 77.3172 33.4019 -9.48336 4.49142 -56.5415
94.2496 77.3397 33.1191 -9.52502 4.53018 -56.5675
94.2019 77.3625 32.8362 -9.56668 4.56943 -56.5934
94.1539 77.3854 32.5531 -9.60832 4.60917 -56.6193
94.1058 77.4086 32.27 -9.64996 4.6494 -56.645
94.0574 77.4319 31.9867 -9.69158 4.69014 -56.6707
94.0089 77.4555 31.7033 -9.73319 4.73139 -56.6963
93.9601 77.4792 31.4197 -9.77479 4.77318 -56.7218
93.9111 77.5032 31.136 -9.81637 4.8155 -56.7472
93.8619 77.5274 30.8522 -9.85794 4.85836 -56.7725
93.8125 77.5518 30.5683 -9.89948 4.90179 -56.7978
93.7629 77.5764 30.2843 -9.94101 4.94578 -56.8229
93.7131 77.6012 30.0001 -9.98251 4.99035 -56.8479
93.6631 77.6263 29.7158 -10.024 5.03552 -56.8729
93.6129 77.6516 29.4314 -10.0654 5.08129 -56.8977
93.5625 77.6771 29.1468 -10.1069 5.12767 -56.9225
93.5118 77.7029 28.8621 -10.1483 5.17468 -56.9471
93.461 77.7289 28.5773 -10.1896 5.22233 -56.9716
93.4099 77.7551 28.2924 -10.2309 5.27063 -56.9961
93.3587 77.7816 28.0074 -10.2722 5.3196 -57.0204
93.3072 77.8083 27.7222 -10.3135 5.36925 -57.0446
93.2555 77.8353 27.4369 -10.3547 5.4196 -57.0687
93.2037 77.8625 27.1515 -10.3959 5.47065 -57.0927
93.1516 77.89 26.866 -10.437 5.52243 -57.1166
93.0993 77.9177 26.5803 -10.4781 5.57495 -57.1403
93.0468 77.9457 26.2946 -10.5191 5.62822 -57.164
92.9941 77.974 26.0087 -10.5601 5.68227 -57.1875
92.9412 78.0026 25.7227 -10.601 5.7371 -57.2109
92.8881 78.0314 25.4366 -10.6418 5.79273 -57.2341
92.8348 78.0605 25.1504 -10.6826 5.84919 -57.2572
92.7813 78.0899 24.864 -10.7234 5.90649 -57.2802
92.7275 78.1196 24.5775 -10.764 5.96465 -57.3031
92.6736 78.1495 24.291 -10.8046 6.02369 -57.3258
92.6195 78.1798 24.0043 -10.8451 6.08362 -57.3484
92.5652 78.2104 23.7175 -10.8856 6.14448 -57.3708
92.5106 78.2412 23.4306 -10.9259 6.20627 -57.3931
92.4559 78.2724 23.1435 -10.9662 6.26902 -57.4152
92.401 78.3039 22.8564 -11.0064 6.33276 -57.4372
92.3458 78.3358 22.5692 -11.0465 6.3975 -57.459
92.2905 78.3679 22.2818 -11.0865 6.46327 -57.4806
92.235 78.4004 21.9944 -11.1264 6.5301 -57.5021
92.1792 78.4332 21.7068 -11.1662 6.59801 -57.5234
92.1233 78.4664 21.4191 -11.2058 6.66702 -57.5445
92.0672 78.4999 21.1313 -11.2454 6.73716 -57.5655
92.0109 78.5338 20.8435 -11.2848 6.80847 -57.5863
91.9543 78.568 20.5555 -11.3242 6.88096 -57.6069
91.8976 78.6026 20.2674 -11.3633 6.95467 -57.6272
91.8407 78.6375 19.9792 -11.4024 7.02964 -57.6474
91.7836 78.6729 19.6909 -11.4413 7.10588 -57.6674
91.7263 78.7086 19.4025 -11.4801 7.18344 -57.6872
91.6688 78.7447 19.114 -11.5187 7.26234 -57.7068
91.6111 78.7812 18.8254 -11.5571 7.34263 -57.7262
91.5532 78.8181 18.5368 -11.5954 7.42434 -57.7453
91.4952 78.8555 18.248 -11.6335 7.50751 -57.7642
91.4369 78.8932 17.9591 -11.6714 7.59217 -57.7829
91.3784 78.9314 17.6701 -11.7091 7.67837 -57.8013
91.3198 78.97 17.3811 -11.7466 7.76615 -57.8194
91.261 79.0091 17.0919 -11.784 7.85556 -57.8374
91.202 79.0486 16.8027 -11.8211 7.94663 -57.855
91.1428 79.0885 16.5134 -11.8579 8.03942 -57.8724
91.0834 79.129 16.224 -11.8946 8.13398 -57.8895
91.0238 79.1699 15.9345 -11.931 8.23035 -57.9063
90.9641 79.2113 15.6449 -11.9671 8.3286 -57.9228
90.9041 79.2532 15.3553 -12.003 8.42877 -57.939
90.844 79.2956 15.0655 -12.0386 8.53092 -57.9549
90.7838 79.3385 14.7757 -12.0739 8.63512 -57.9704
90.7233 79.3819 14.4858 -12.1089 8.74142 -57.9856
90.6627 79.4259 14.1958 -12.1436 8.8499 -58.0005
90.6019 79.4704 13.9058 -12.1779 8.96061 -58.015
90.5409 79.5155 13.6157 -12.2119 9.07364 -58.0291
90.4797 79.5612 13.3255 -12.2456 9.18905 -58.0428
90.4184 79.6074 13.0352 -12.2788 9.30692 -58.0562
90.3569 79.6542 12.7449 -12.3117 9.42734 -58.0691
90.2953 79.7017 12.4545 -12.3442 9.55039 -58.0816
90.2335 79.7498 12.1641 -12.3762 9.67616 -58.0936
90.1715 79.7985 11.8736 -12.4078 9.80474 -58.1052
90.1094 79.8478 11.583 -12.4388 9.93624 -58.1162
90.0472 79.8978 11.2924 -12.4694 10.0707 -58.1268
89.9847 79.9485 11.0018 -12.4995 10.2084 -58.1369
89.9222 79.9999 10.711 -12.529 10.3492 -58.1464
89.8594 80.052 10.4203 -12.558 10.4935 -58.1553
89.7966 80.1049 10.1295 -12.5863 10.6412 -58.1637
89.7336 80.1584 9.83863 -12.6141 10.7925 -58.1714
89.6704 80.2128 9.54775 -12.6411 10.9476 -58.1785
89.6072 80.2679 9.25684 -12.6675 11.1066 -58.185
89.5438 80.3239 8.96589 -12.6931 11.2696 -58.1907
89.4802 80.3806 8.67492 -12.7179 11.4369 -58.1957
89.4166 80.4383 8.38392 -12.7419 11.6086 -58.1999
89.3528 80.4967 8.0929 -12.7651 11.7848 -58.2033
89.2889 80.5561 7.80187 -12.7873 11.9659 -58.2059
89.2249 80.6164 7.51083 -12.8086 12.1519 -58.2075
89.1608 80.6776 7.21978 -12.8289 12.3432 -58.2083
89.0966 80.7399 6.92873 -12.8481 12.5399 -58.208
89.0324 80.8031 6.63769 -12.8661 12.7423 -58.2067
88.968 80.8673 6.34665 -12.883 12.9507 -58.2043
88.9035 80.9326 6.05563 -12.8986 13.1653 -58.2008
88.839 80.999 5.76462 -12.9128 13.3866 -58.196
88.7744 81.0665 5.47365 -12.9255 13.6147 -58.19
88.7097 81.1351 5.1827 -12.9367 13.8501 -58.1825
88.645 81.205 4.8918 -12.9463 14.0931 -58.1736
88.5803 81.2761 4.60095 -12.9541 14.3441 -58.1632
88.5155 81.3484 4.31015 -12.9601 14.6036 -58.1511
88.4507 81.4221 4.01941 -12.964 14.8721 -58.1372
88.3858 81.4972 3.72875 -12.9658 15.1501 -58.1215
88.321 81.5737 3.43817 -12.9652 15.4381 -58.1038
88.2562 81.6516 3.14769 -12.9622 15.7367 -58.0839
88.1914 81.7311 2.85731 -12.9565 16.0467 -58.0616
88.1266 81.8121 2.56705 -12.9479 16.3687 -58.0369
88.0619 81.8948 2.27691 -12.9362 16.7035 -58.0095
87.9973 81.9792 1.98692 -12.9211 17.052 -57.9792
87.9327 82.0653 1.69709 -12.9023 17.4151 -57.9457
87.8682 82.1533 1.40743 -12.8794 17.7939 -57.9089
87.8039 82.2433 1.11796 -12.8522 18.1896 -57.8682
87.7397 82.3353 0.828707 -12.8202 18.6034 -57.8236
87.6757 82.4294 0.539686 -12.783 19.0367 -57.7744
87.6119 82.5257 0.25092 -12.7399 19.4913 -57.7204
87.5483 82.6244 -0.0375639 -12.6904 19.9688 -57.6609
87.485 82.7255 -0.325738 -12.6338 20.4713 -57.5955
87.422 82.8291 -0.613571 -12.5693 21.0012 -57.5235
87.3593 82.9355 -0.901028 -12.4959 21.5609 -57.444
87.297 83.0448 -1.18807 -12.4126 22.1535 -57.3562
87.2352 83.1572 -1.47465 -12.318 22.7824 -57.259
87.1738 83.2727 -1.76073 -12.2108 23.4515 -57.1513
87.1131 83.3918 -2.04624 -12.089 24.1655 -57.0314
87.0529 83.5145 -2.33113 -11.9504 24.9297 -56.8977
86.9936 83.6412 -2.61531 -11.7926 25.7505 -56.7479
86.935 83.7722 -2.8987 -11.6122 26.6355 -56.5795
86.8775 83.9077 -3.18121 -11.4053 27.5939 -56.3891
86.821 84.0483 -3.46272 -11.1669 28.6367 -56.1727
86.7658 84.1943 -3.74307 -10.8905 29.7777 -55.9249
86.7121 84.3463 -4.02212 -10.5679 31.0341 -55.6391
86.6602 84.505 -4.29964 -10.1883 32.4275 -55.3061
86.6103 84.671 -4.57537 -9.73671 33.986 -54.914
86.5629 84.8453 -4.849 -9.19282 35.7469 -54.4458
86.5185 85.029 -5.1201 -8.52735 37.7605 -53.8776
86.4778 85.2236 -5.38809 -7.69686 40.0971 -53.1736
86.4418 85.4309 -5.65221 -6.63383 42.8583 -52.278
86.4118 85.6535 -5.91133 -5.22681 46.1985 -51.0986
86.3901 85.8948 -6.16376 -3.27722 50.3649 -49.4703
86.3802 86.1599 -6.40674 -0.391635 55.7838 -47.0633
86.3885 86.4572 -6.63523 4.33915 63.2599 -43.1043
86.4293 86.8015 -6.83847 13.5975 74.4366 -35.2413
86.5452 87.2232 -6.98549 39.4297 90.6555 -11.9387
86.9957 87.7478 -6.91239 81.8844 43.4018 34.5661
87.3501 87.7574 -6.80879 55.97 -13.3417 12.528
87.592 87.652 -6.78442 40.6825 -25.5147 -0.760482
87.7731 87.5108 -6.8107 31.5233 -30.0066 -9.06581
87.9157 87.3545 -6.87136 25.2664 -32.061 -14.9086
88.0309 87.191 -6.95733 20.6186 -33.0849 -19.3421
88.1252 87.0238 -7.06306 16.9679 -33.5964 -22.8813
88.2029 86.8549 -7.18488 13.9848 -33.8256 -25.8105
88.2669 86.6853 -7.3202 11.4748 -33.8879 -28.301
88.3191 86.5158 -7.46712 9.31482 -33.8466 -30.4629
88.3611 86.3466 -7.62421 7.42243 -33.7385 -32.371
88.3942 86.1781 -7.79032 5.7403 -33.5865 -34.0779
88.4193 86.0105 -7.96456 4.22703 -33.4048 -35.6219
88.4372 85.8439 -8.14618 2.85186 -33.2031 -37.0318
88.4484 85.6782 -8.33456 1.5914 -32.9876 -38.3296
88.4536 85.5138 -8.52919 0.427463 -32.763 -39.5326
88.4531 85.3504 -8.72964 -0.654302 -32.5321 -40.6545
88.4474 85.1882 -8.93552 -1.66543 -32.2971 -41.7064
88.4368 85.0273 -9.14651 -2.61532 -32.0597 -42.6974
88.4216 84.8675 -9.36232 -3.51169 -31.8208 -43.635
88.402 84.7089 -9.5827 -4.36098 -31.5812 -44.5254
88.3782 84.5515 -9.80742 -5.16862 -31.3414 -45.374
88.3505 84.3953 -10.0363 -5.93921 -31.1018 -46.1853
88.319 84.2403 -10.2692 -6.67666 -30.8627 -46.9633
88.284 84.0865 -10.5058 -7.38437 -30.6242 -47.7112
88.2454 83.9339 -10.7462 -8.06527 -30.3863 -48.432
88.2035 83.7825 -10.99 -8.72194 -30.1491 -49.1282
88.1583 83.6323 -11.2373 -9.35662 -29.9125 -49.8022
88.1101 83.4833 -11.488 -9.9713 -29.6764 -50.456
88.0588 83.3354 -11.7418 -10.5678 -29.4409 -51.0912
88.0045 83.1887 -11.9988 -11.1476 -29.2058 -51.7097
87.9474 83.0432 -12.2588 -11.7121 -28.9709 -52.3126
87.8876 82.8989 -12.5219 -12.2627 -28.7362 -52.9015
87.8249 82.7558 -12.7878 -12.8004 -28.5015 -53.4774
87.7597 82.6138 -13.0566 -13.3264 -28.2667 -54.0415
87.6918 82.473 -13.3281 -13.8415 -28.0316 -54.5947
87.6214 82.3334 -13.6025 -14.3466 -27.796 -55.1379
87.5484 82.1949 -13.8795 -14.8426 -27.5598 -55.672
87.473 82.0577 -14.1591 -15.3301 -27.3228 -56.1978
87.3952 81.9216 -14.4414 -15.8099 -27.0849 -56.7159
87.315 81.7867 -14.7262 -16.2826 -26.8457 -57.2271
87.2325 81.653 -15.0136 -16.7487 -26.6053 -57.7319
87.1476 81.5205 -15.3035 -17.2088 -26.3633 -58.2311
87.0605 81.3893 -15.5959 -17.6634 -26.1196 -58.7251
86.9711 81.2592 -15.8907 -18.1131 -25.874 -59.2145
86.8794 81.1304 -16.188 -18.5582 -25.6262 -59.6998
86.7856 81.0029 -16.4877 -18.9993 -25.376 -60.1815
86.6895 80.8766 -16.7898 -19.4367 -25.1232 -60.66
86.5913 80.7515 -17.0942 -19.8708 -24.8675 -61.1359
86.4909 80.6278 -17.4011 -20.302 -24.6087 -61.6095
86.3884 80.5053 -17.7103 -20.7307 -24.3466 -62.0814
86.2837 80.3842 -18.0219 -21.1573 -24.0808 -62.5518
86.1769 80.2644 -18.3358 -21.582 -23.8111 -63.0214
86.0679 80.146 -18.652 -22.0053 -23.5371 -63.4904
85.9569 80.029 -18.9707 -22.4275 -23.2585 -63.9592
85.8437 79.9133 -19.2916 -22.8489 -22.975 -64.4284
85.7285 79.7991 -19.6149 -23.2698 -22.6863 -64.8983
85.6111 79.6863 -19.9406 -23.6906 -22.3918 -65.3694
85.4916 79.5751 -20.2686 -24.1117 -22.0913 -65.8421
85.37 79.4653 -20.599 -24.5332 -21.7842 -66.3167
85.2463 79.3571 -20.9317 -24.9557 -21.4701 -66.7939
85.1205 79.2505 -21.2669 -25.3794 -21.1484 -67.274
84.9926 79.1455 -21.6044 -25.8046 -20.8187 -67.7575
84.8626 79.0422 -21.9444 -26.2319 -20.4803 -68.245
84.7304 78.9406 -22.2869 -26.6614 -20.1325 -68.7369
84.596 78.8407 -22.6318 -27.0936 -19.7747 -69.2339
84.4595 78.7427 -22.9792 -27.529 -19.406 -69.7365
84.3208 78.6465 -23.3291 -27.9679 -19.0257 -70.2453
84.1799 78.5523 -23.6816 -28.4108 -18.6328 -70.7611
84.0367 78.4601 -24.0367 -28.8582 -18.2263 -71.2845
83.8914 78.3699 -24.3944 -29.3105 -17.8051 -71.8163
83.7437 78.2819 -24.7548 -29.7684 -17.3678 -72.3573
83.5937 78.1961 -25.118 -30.2323 -16.9132 -72.9085
83.4415 78.1126 -25.4839 -30.7029 -16.4396 -73.4708
83.2868 78.0315 -25.8527 -31.181 -15.9453 -74.0453
83.1297 77.9529 -26.2244 -31.6671 -15.4284 -74.6333
82.9702 77.877 -26.599 -32.1621 -14.8866 -75.236
82.8082 77.8039 -26.9767 -32.667 -14.3174 -75.8549
82.6436 77.7336 -27.3576 -33.1825 -13.718 -76.4916
82.4764 77.6665 -27.7416 -33.7099 -13.0849 -77.148
82.3066 77.6026 -28.129 -34.2503 -12.4143 -77.8263
82.134 77.5421 -28.5199 -34.805 -11.7018 -78.5286
81.9586 77.4853 -28.9143 -35.3755 -10.9422 -79.2578
81.7803 77.4324 -29.3125 -35.9635 -10.1291 -80.017
81.599 77.3837 -29.7145 -36.5709 -9.2551 -80.8098
81.4146 77.3395 -30.1206 -37.1997 -8.31137 -81.6404
81.2271 77.3002 -30.531 -37.8526 -7.28694 -82.5138
81.0362 77.2663 -30.9458 -38.5324 -6.16839 -83.4359
80.8418 77.2381 -31.3654 -39.2422 -4.9389 -84.4139
80.6438 77.2164 -31.7901 -39.9859 -3.57716 -85.4564
80.442 77.2018 -32.2201 -40.7677 -2.05561 -86.574
80.2362 77.1952 -32.656 -41.5927 -0.337885 -87.7799
80.0261 77.1978 -33.0982 -42.4664 1.62511 -89.0906
79.8116 77.2107 -33.5472 -43.3948 3.90164 -90.5275
79.5922 77.2359 -34.0038 -44.3835 6.58987 -92.1179
79.3676 77.2755 -34.469 -45.436 9.83698 -93.8975
79.1376 77.3329 -34.9437 -46.5484 13.8755 -95.9127
78.9018 77.4127 -35.4294 -47.6943 19.098 -98.2196
78.6601 77.522 -35.928 -48.7773 26.2276 -100.869
78.4128 77.6727 -36.4419 -49.4548 36.7586 -103.805
78.163 77.8877 -36.9739 -48.316 54.2392 -106.21
77.9248 78.2204 -37.5241 -37.9121 86.7119 -101.363
77.8095 78.8504 -38.0497 -3.50755 118.107 -74.6672
78.1021 79.1075 -38.1697 52.5145 18.307 -4.09704
78.3122 79.038 -38.196 23.4953 -37.5608 -5.03367
78.3774 78.7866 -38.253 -6.57176 -62.6458 -19.9725
78.3002 78.443 -38.3899 -34.258 -72.32 -40.763
78.0888 78.069 -38.6359 -59.7804 -68.9248 -66.8124
77.7518 77.7283 -39.0218 -80.1233 -47.3838 -98.2319
77.3159 77.5217 -39.5853 -80.2145 -0.677359 -125.041
76.9106 77.626 -40.3334 -54.7502 41.3703 -130.448
77.0477 78.1236 -41.0242 31.9517 90.4334 -117.851
77.226 78.4118 -41.4677 34.2415 50.4051 -80.328
77.38 78.6071 -41.8345 28.8101 34.1173 -69.133
77.5101 78.7473 -42.1652 24.1666 24.4579 -63.6397
77.6199 78.8497 -42.4752 20.3283 17.7266 -60.3691
77.7126 78.9239 -42.772 17.0815 12.6109 -58.2148
77.7904 78.9756 -43.0596 14.2675 8.50514 -56.7061
77.8551 79.009 -43.3408 11.7785 5.08316 -55.6068
77.9081 79.0266 -43.6171 9.53989 2.15074 -54.7846
77.9506 79.0307 -43.8898 7.49864 -0.416469 -54.1593
77.9832 79.0227 -44.1597 5.61588 -2.70251 -53.6797
78.0069 79.0039 -44.4274 3.86236 -4.76663 -53.3111
78.022 78.9753 -44.6935 2.21556 -6.65207 -53.0297
78.0292 78.9376 -44.9583 0.657716 -8.39132 -52.818
78.0288 78.8916 -45.2223 -0.825383 -10.0093 -52.6636
78.0212 78.8377 -45.4855 -2.24535 -11.5257 -52.5569
78.0066 78.7765 -45.7483 -3.61179 -12.9561 -52.4906
77.9852 78.7084 -46.0108 -4.93281 -14.3133 -52.4591
77.9574 78.6336 -46.2732 -6.21528 -15.6078 -52.4581
77.9233 78.5525 -46.5357 -7.46518 -16.8483 -52.4841
77.883 78.4653 -46.7984 -8.68769 -18.0422 -52.5343
77.8366 78.3723 -47.0614 -9.88745 -19.1959 -52.6066
77.7843 78.2736 -47.3248 -11.0686 -20.3149 -52.6991
77.7262 78.1694 -47.5887 -12.2348 -21.4039 -52.8106
77.6622 78.0597 -47.8531 -13.3896 -22.4672 -52.9398
77.5925 77.9449 -48.1183 -14.5362 -23.5085 -53.086
77.5171 77.8249 -48.3842 -15.6776 -24.5311 -53.2484
77.436 77.6998 -48.651 -16.8165 -25.5382 -53.4266
77.3491 77.5697 -48.9187 -17.9558 -26.5326 -53.6203
77.2566 77.4346 -49.1874 -19.0981 -27.5167 -53.8292
77.1584 77.2947 -49.4572 -20.2459 -28.493 -54.0533
77.0545 77.1499 -49.7281 -21.4019 -29.4637 -54.2926
76.9447 77.0003 -50.0003 -22.5685 -30.431 -54.5473
76.8291 76.8458 -50.2738 -23.7484 -31.3966 -54.8176
76.7075 76.6865 -50.5486 -24.944 -32.3627 -55.104
76.5799 76.5224 -50.825 -26.1582 -33.3308 -55.407
76.4462 76.3535 -51.1029 -27.3934 -34.3028 -55.7272
76.3063 76.1796 -51.3824 -28.6527 -35.2804 -56.0656
76.1601 76.0009 -51.6637 -29.939 -36.2651 -56.423
76.0073 75.8172 -51.9467 -31.2553 -37.2586 -56.8009
75.8479 75.6286 -52.2318 -32.6053 -38.2625 -57.2006
75.6817 75.4349 -52.5189 -33.9925 -39.2785 -57.6243
75.5085 75.2361 -52.8081 -35.4212 -40.3081 -58.0742
75.328 75.0321 -53.0997 -36.8961 -41.3534 -58.5534
75.1401 74.8229 -53.3937 -38.4227 -42.4161 -59.0655
74.9444 74.6083 -53.6904 -40.0076 -43.4985 -59.6153
74.7407 74.3883 -53.99 -41.6584 -44.6032 -60.2087
74.5285 74.1627 -54.2925 -43.3845 -45.7331 -60.8532
74.3076 73.9314 -54.5985 -45.1977 -46.8915 -61.5587
74.0774 73.6942 -54.9081 -47.1122 -48.0826 -62.3376
73.8375 73.451 -55.2218 -49.1467 -49.3115 -63.2063
73.5871 73.2016 -55.5401 -51.325 -50.584 -64.1866
73.3255 72.9457 -55.8635 -53.6783 -51.9076 -65.3078
73.0518 72.6832 -56.1929 -56.2491 -53.291 -66.6104
72.7647 72.4135 -56.5293 -59.0956 -54.7447 -68.1523
72.4629 72.1365 -56.8739 -62.3012 -56.2808 -70.0188
72.1443 71.8515 -57.2286 -65.99 -57.911 -72.3434
71.8064 71.5583 -57.5961 -70.3572 -59.6418 -75.3474
71.4452 71.2561 -57.9801 -75.7315 -61.4551 -79.4336
71.0553 70.9447 -58.3871 -82.7225 -63.2335 -85.4316
70.6277 70.6242 -58.8281 -92.6052 -64.3979 -95.4062
70.1459 70.2984 -59.3272 -108.204 -61.2945 -116.268
69.5777 69.9915 -59.9509 -117.793 -16.9329 -171.225
68.9524 69.9369 -60.9338 -99.3713 0.952099 -176.51
69.1455 70.0693 -61.7518 40.5328 24.862 -146.624
69.33 70.1185 -62.3142 34.8896 7.48771 -103.512
69.4772 70.1259 -62.7786 27.0176 -0.497606 -87.4467
69.5921 70.1061 -63.1894 20.7254 -5.57032 -78.4936
69.6801 70.0664 -63.5656 15.5663 -9.28778 -72.5861
69.7453 70.0111 -63.9174 11.185 -12.2307 -68.3132
69.7905 69.9428 -64.2507 7.35798 -14.6764 -65.0376
69.8179 69.8634 -64.5695 3.94087 -16.7785 -62.4235
69.8293 69.7743 -64.8764 0.835972 -18.6306 -60.2749
69.8259 69.6766 -65.1735 -2.02575 -20.2942 -58.4689
69.8088 69.5711 -65.4623 -4.69488 -21.8116 -56.924
69.7789 69.4583 -65.7439 -7.20968 -23.2134 -55.5838
69.7367 69.3387 -66.0192 -9.59997 -24.5223 -54.4081
69.6829 69.2129 -66.2889 -11.8896 -25.7556 -53.3672
69.618 69.0811 -66.5537 -14.0979 -26.9273 -52.4388
69.5421 68.9436 -66.8141 -16.2414 -28.0482 -51.6061
69.4557 68.8006 -67.0705 -18.3341 -29.1276 -50.8557
69.359 68.6523 -67.3234 -20.3883 -30.1731 -50.1775
69.2521 68.4988 -67.573 -22.415 -31.1913 -49.5634
69.1352 68.3403 -67.8197 -24.4247 -32.1881 -49.0071
69.0082 68.177 -68.0637 -26.4269 -33.1686 -48.5037
68.8713 68.0087 -68.3054 -28.4312 -34.1376 -48.0495
68.7243 67.8356 -68.5449 -30.447 -35.0998 -47.6421
68.5672 67.6578 -68.7824 -32.4841 -36.0594 -47.2796
68.3999 67.4751 -69.0183 -34.5527 -37.0209 -46.9616
68.2222 67.2876 -69.2527 -36.6639 -37.9887 -46.6882
68.0339 67.0953 -69.4858 -38.83 -38.9674 -46.4608
67.8346 66.8981 -69.7179 -41.0649 -39.9621 -46.282
67.6239 66.6958 -69.9492 -43.3847 -40.9783 -46.1559
67.4015 66.4884 -70.1801 -45.8085 -42.0223 -46.0882
67.1667 66.2758 -70.4108 -48.3594 -43.1012 -46.0874
66.9189 66.0576 -70.6416 -51.0661 -44.2237 -46.1652
66.6573 65.8338 -70.8731 -53.9647 -45.4002 -46.3381
66.3807 65.6039 -71.1057 -57.1027 -46.6435 -46.6296
66.0879 65.3676 -71.3401 -60.543 -47.9701 -47.0742
65.7773 65.1245 -71.5772 -64.3734 -49.4012 -47.7239
65.4467 64.8741 -71.818 -68.72 -50.9652 -48.6607
65.0933 64.6154 -72.0644 -73.7743 -52.7009 -50.0215
64.7132 64.3477 -72.3187 -79.8457 -54.6613 -52.0535
64.3009 64.0697 -72.5849 -87.4784 -56.916 -55.2556
63.8477 63.7797 -72.87 -97.7461 -59.5235 -60.8148
63.339 63.4756 -73.1882 -113.091 -62.2228 -72.433
62.7468 63.1567 -73.5762 -137.821 -59.9838 -108.357
62.0216 62.8486 -74.1781 -86.8959 -14.2283 -167.948
61.6209 62.7911 -75.2482 -65.4662 -8.79779 -196.736
61.5866 62.6685 -75.9928 -3.23792 -24.1154 -138.208
61.599 62.5257 -76.5673 3.39358 -28.5176 -107.157
61.6147 62.3719 -77.0362 2.9665 -30.8196 -87.5596
61.6207 62.2102 -77.4271 0.418691 -32.4138 -72.7571
61.6107 62.0422 -77.7538 -3.25602 -33.6862 -60.3423
61.58 61.8687 -78.0239 -7.87212 -34.7915 -49.1548
61.5236 61.69 -78.2409 -13.5674 -35.8068 -38.4774
61.4352 61.5062 -78.4061 -20.7672 -36.774 -27.7329
61.3057 61.3173 -78.5181 -30.3922 -37.7013 -16.2922
61.1193 61.123 -78.5727 -44.6332 -38.4953 -3.21744
60.8455 60.9231 -78.5627 -70.6031 -38.3745 13.3772
60.4066 60.7199 -78.4795 -161.709 -22.0238 30.7162
59.4449 60.5884 -78.3907 -156.724 -21.5841 -10.9595
58.7055 60.4568 -78.5689 -138.039 -26.2365 -40.2823
58.051 60.3181 -78.8049 -125.995 -27.8827 -49.0105
57.4428 60.175 -79.0644 -118.592 -28.7455 -52.846
56.8643 60.0291 -79.3363 -113.565 -29.3068 -54.9507
56.3069 59.881 -79.6157 -109.897 -29.7189 -56.2639
55.7654 59.7313 -79.9001 -107.085 -30.0449 -57.1532
55.2362 59.5801 -80.188 -104.849 -30.3161 -57.7905
54.717 59.4278 -80.4786 -103.024 -30.5501 -58.2664
54.206 59.2744 -80.7711 -101.502 -30.7574 -58.6331
53.702 59.12 -81.0652 -100.212 -30.9449 -58.9226
53.204 58.9648 -81.3606 -99.1046 -31.1172 -59.1556
52.7111 58.8087 -81.657 -98.1424 -31.2777 -59.3461
52.2226 58.6519 -81.9543 -97.299 -31.4286 -59.5039
51.7381 58.4944 -82.2522 -96.5539 -31.5718 -59.636
51.2571 58.3361 -82.5508 -95.8912 -31.7087 -59.7476
50.7793 58.1772 -82.8498 -95.2985 -31.8403 -59.8425
50.3042 58.0177 -83.1493 -94.7657 -31.9675 -59.9237
49.8316 57.8575 -83.4491 -94.2847 -32.0908 -59.9935
49.3614 57.6967 -83.7493 -93.8489 -32.211 -60.0538
48.8932 57.5354 -84.0497 -93.4526 -32.3284 -60.106
48.4269 57.3734 -84.3504 -93.0913 -32.4435 -60.1512
47.9623 57.2109 -84.6513 -92.761 -32.5565 -60.1905
47.4993 57.0478 -84.9523 -92.4585 -32.6677 -60.2246
47.0377 56.8842 -85.2536 -92.1808 -32.7774 -60.2542
46.5775 56.72 -85.5549 -91.9255 -32.8857 -60.2798
46.1185 56.5553 -85.8564 -91.6906 -32.9928 -60.3019
45.6606 56.3901 -86.158 -91.474 -33.0989 -60.3209
45.2038 56.2243 -86.4596 -91.2743 -33.204 -60.3371
44.7479 56.058 -86.7614 -91.0899 -33.3084 -60.3508
44.2929 55.8912 -87.0632 -90.9196 -33.4121 -60.3622
43.8387 55.7239 -87.365 -90.7622 -33.5152 -60.3715
43.3853 55.556 -87.6669 -90.6168 -33.6178 -60.379
42.9326 55.3877 -87.9688 -90.4825 -33.7199 -60.3848
42.4805 55.2188 -88.2708 -90.3584 -33.8217 -60.389
42.029 55.0495 -88.5727 -90.2438 -33.9231 -60.3918
41.578 54.8796 -88.8747 -90.1381 -34.0243 -60.3933
41.1276 54.7092 -89.1767 -90.0407 -34.1252 -60.3935
40.6776 54.5383 -89.4786 -89.951 -34.2259 -60.3925
40.2281 54.367 -89.7806 -89.8686 -34.3266 -60.3905
39.779 54.1951 -90.0826 -89.7929 -34.4271 -60.3875
39.3302 54.0227 -90.3845 -89.7236 -34.5275 -60.3835
38.8817 53.8498 -90.6864 -89.6603 -34.6279 -60.3787
38.4336 53.6764 -90.9883 -89.6027 -34.7283 -60.3729
37.9857 53.5025 -91.2901 -89.5505 -34.8287 -60.3664
37.5381 53.3281 -91.592 -89.5032 -34.9291 -60.3591
37.0907 53.1532 -91.8937 -89.4608 -35.0296 -60.3511
36.6435 52.9778 -92.1955 -89.4228 -35.1302 -60.3424
36.1965 52.8019 -92.4972 -89.3892 -35.2308 -60.333
35.7496 52.6255 -92.7988 -89.3597 -35.3316 -60.323
35.3029 52.4486 -93.1004 -89.334 -35.4326 -60.3123
34.8563 52.2712 -93.4019 -89.312 -35.5336 -60.301
34.4098 52.0932 -93.7034 -89.2935 -35.6349 -60.2892
33.9633 51.9148 -94.0048 -89.2784 -35.7363 -60.2767
33.517 51.7359 -94.3062 -89.2665 -35.8379 -60.2638
33.0707 51.5564 -94.6075 -89.2577 -35.9397 -60.2503
32.6244 51.3765 -94.9087 -89.2518 -36.0418 -60.2362
32.1782 51.196 -95.2099 -89.2487 -36.144 -60.2217
31.7319 51.015 -95.5109 -89.2483 -36.2465 -60.2066
31.2857 50.8335 -95.8119 -89.2504 -36.3493 -60.191
30.8394 50.6515 -96.1128 -89.2551 -36.4523 -60.175
30.3931 50.469 -96.4137 -89.2621 -36.5556 -60.1585
29.9468 50.286 -96.7144 -89.2714 -36.6591 -60.1414
29.5004 50.1024 -97.0151 -89.2829 -36.763 -60.124
29.054 49.9183 -97.3157 -89.2965 -36.8671 -60.106
28.6075 49.7337 -97.6162 -89.3121 -36.9715 -60.0876
28.1609 49.5486 -97.9166 -89.3297 -37.0762 -60.0688
27.7142 49.363 -98.2168 -89.3492 -37.1813 -60.0494
27.2674 49.1768 -98.517 -89.3705 -37.2867 -60.0297
26.8205 48.9901 -98.8171 -89.3936 -37.3923 -60.0095
26.3734 48.8029 -99.1171 -89.4184 -37.4984 -59.9888
25.9263 48.6151 -99.417 -89.4448 -37.6047 -59.9677
25.479 48.4268 -99.7168 -89.4728 -37.7114 -59.9462
25.0316 48.238 -100.017 -89.5024 -37.8185 -59.9242
24.584 48.0486 -100.316 -89.5334 -37.9259 -59.9017
24.1362 47.8587 -100.616 -89.5659 -38.0336 -59.8789
23.6883 47.6683 -100.915 -89.5998 -38.1418 -59.8555
23.2402 47.4773 -101.214 -89.6351 -38.2503 -59.8318
22.792 47.2858 -101.513 -89.6717 -38.3591 -59.8076
22.3435 47.0937 -101.812 -89.7095 -38.4684 -59.7829
21.8949 46.9011 -102.111 -89.7486 -38.578 -59.7579
21.446 46.708 -102.41 -89.7889 -38.688 -59.7323
20.997 46.5142 -102.708 -89.8304 -38.7984 -59.7063
20.5477 46.32 -103.007 -89.873 -38.9092 -59.6799
20.0983 46.1251 -103.305 -89.9167 -39.0204 -59.653
19.6486 45.9298 -103.603 -89.9615 -39.132 -59.6257
19.1986 45.7338 -103.901 -90.0074 -39.2441 -59.5979
18.7485 45.5373 -104.199 -90.0542 -39.3565 -59.5697
18.2981 45.3403 -104.497 -90.1021 -39.4693 -59.541
17.8475 45.1426 -104.795 -90.1509 -39.5826 -59.5118
17.3966 44.9444 -105.092 -90.2007 -39.6962 -59.4822
16.9455 44.7457 -105.39 -90.2513 -39.8103 -59.4521
16.4941 44.5463 -105.687 -90.3029 -39.9248 -59.4216
16.0424 44.3464 -105.984 -90.3554 -40.0398 -59.3906
15.5905 44.1459 -106.281 -90.4087 -40.1551 -59.3591
15.1384 43.9449 -106.577 -90.4628 -40.271 -59.3271
14.6859 43.7432 -106.874 -90.5177 -40.3872 -59.2947
14.2332 43.541 -107.17 -90.5735 -40.5039 -59.2617
13.7802 43.3382 -107.467 -90.63 -40.621 -59.2283
13.3269 43.1348 -107.763 -90.6873 -40.7386 -59.1944
12.8733 42.9308 -108.058 -90.7453 -40.8566 -59.16
12.4194 42.7262 -108.354 -90.804 -40.9751 -59.1251
11.9653 42.521 -108.65 -90.8634 -41.094 -59.0897
11.5108 42.3153 -108.945 -90.9235 -41.2134 -59.0539
11.056 42.1089 -109.24 -90.9843 -41.3333 -59.0175
10.601 41.9019 -109.535 -91.0457 -41.4536 -58.9805
10.1456 41.6944 -109.83 -91.1078 -41.5744 -58.9431
9.68988 41.4862 -110.125 -91.1705 -41.6956 -58.9052
9.23387 41.2774 -110.419 -91.2338 -41.8173 -58.8667
8.77754 41.068 -110.713 -91.2978 -41.9395 -58.8277
8.32089 40.858 -111.007 -91.3623 -42.0621 -58.7882
7.86392 40.6474 -111.301 -91.4274 -42.1853 -58.7481
7.40662 40.4362 -111.595 -91.493 -42.3089 -58.7075
6.94899 40.2243 -111.888 -91.5592 -42.4329 -58.6664
6.49103 40.0118 -112.182 -91.6259 -42.5575 -58.6247
6.03273 39.7987 -112.475 -91.6932 -42.6825 -58.5825
5.5741 39.585 -112.767 -91.761 -42.8081 -58.5397
5.11512 39.3706 -113.06 -91.8292 -42.9341 -58.4964
4.65581 39.1557 -113.352 -91.898 -43.0606 -58.4524
4.19614 38.94 -113.644 -91.9673 -43.1876 -58.408
3.73613 38.7238 -113.936 -92.037 -43.3151 -58.3629
3.27577 38.5069 -114.228 -92.1072 -43.443 -58.3173
2.81506 38.2894 -114.52 -92.1778 -43.5715 -58.2711
2.354 38.0712 -114.811 -92.2489 -43.7005 -58.2242
1.89257 37.8524 -115.102 -92.3204 -43.8299 -58.1769
1.43079 37.6329 -115.393 -92.3923 -43.9599 -58.1289
0.968652 37.4128 -115.683 -92.4646 -44.0903 -58.0803
0.506148 37.192 -115.973 -92.5374 -44.2213 -58.0311
0.0432789 36.9705 -116.263 -92.6105 -44.3528 -57.9813
-0.419957 36.7484 -116.553 -92.684 -44.4847 -57.9308
-0.883561 36.5257 -116.843 -92.7579 -44.6172 -57.8798
-1.34754 36.3023 -117.132 -92.8322 -44.7502 -57.8281
-1.81188 36.0782 -117.421 -92.9068 -44.8837 -57.7758
-2.2766 35.8534 -117.71 -92.9818 -45.0177 -57.7228
-2.7417 35.628 -117.998 -93.0571 -45.1522 -57.6693
-3.20717 35.4019 -118.286 -93.1328 -45.2872 -57.615
-3.67303 35.1751 -118.574 -93.2087 -45.4228 -57.5601
-4.13926 34.9477 -118.862 -93.285 -45.5588 -57.5046
-4.60588 34.7195 -119.149 -93.3617 -45.6954 -57.4484
-5.07288 34.4907 -119.437 -93.4386 -45.8325 -57.3915
-5.54026 34.2612 -119.723 -93.5158 -45.9701 -57.334
-6.00803 34.031 -120.01 -93.5932 -46.1082 -57.2758
-6.47619 33.8001 -120.296 -93.671 -46.2468 -57.2169
-6.94474 33.5686 -120.582 -93.7491 -46.386 -57.1573
-7.41368 33.3363 -120.868 -93.8274 -46.5257 -57.097
-7.88302 33.1033 -121.153 -93.9059 -46.6659 -57.036
-8.35274 32.8696 -121.438 -93.9847 -46.8066 -56.9743
-8.82286 32.6352 -121.723 -94.0638 -46.9478 -56.9119
-9.29338 32.4001 -122.007 -94.1431 -47.0896 -56.8488
-9.76429 32.1643 -122.291 -94.2226 -47.2318 -56.785
-10.2356 31.9278 -122.575 -94.3023 -47.3746 -56.7204
-10.7073 31.6906 -122.858 -94.3822 -47.518 -56.6551
-11.1794 31.4526 -123.142 -94.4624 -47.6618 -56.5891
-11.6519 31.214 -123.424 -94.5427 -47.8062 -56.5223
-12.1249 30.9746 -123.707 -94.6233 -47.9511 -56.4548
-12.5982 30.7345 -123.989 -94.704 -48.0965 -56.3865
-13.0719 30.4936 -124.271 -94.7849 -48.2424 -56.3175
-13.546 30.252 -124.552 -94.866 -48.3889 -56.2476
-14.0206 30.0097 -124.833 -94.9472 -48.5359 -56.1771
-14.4955 29.7667 -125.114 -95.0286 -48.6834 -56.1057
-14.9708 29.5229 -125.394 -95.1101 -48.8315 -56.0336
-15.4466 29.2784 -125.674 -95.1918 -48.98 -55.9607
-15.9228 29.0331 -125.954 -95.2736 -49.1291 -55.8869
-16.3993 28.7871 -126.233 -95.3555 -49.2787 -55.8124
-16.8763 28.5403 -126.512 -95.4376 -49.4288 -55.7371
-17.3537 28.2928 -126.79 -95.5198 -49.5795 -55.661
-17.8315 28.0445 -127.069 -95.6021 -49.7307 -55.584
-18.3097 27.7955 -127.346 -95.6844 -49.8824 -55.5062
-18.7884 27.5457 -127.624 -95.7669 -50.0346 -55.4276
-19.2674 27.2951 -127.901 -95.8495 -50.1873 -55.3482
-19.7468 27.0438 -128.177 -95.9321 -50.3406 -55.2679
-20.2267 26.7917 -128.453 -96.0148 -50.4943 -55.1868
-20.707 26.5389 -128.729 -96.0976 -50.6486 -55.1048
-21.1877 26.2852 -129.004 -96.1804 -50.8034 -55.022
-21.6688 26.0308 -129.279 -96.2633 -50.9588 -54.9383
-22.1503 25.7757 -129.554 -96.3462 -51.1146 -54.8537
-22.6323 25.5197 -129.828 -96.4291 -51.2709 -54.7683
-23.1146 25.2629 -130.101 -96.5121 -51.4278 -54.682
-23.5974 25.0054 -130.375 -96.5951 -51.5852 -54.5948
-24.0806 24.7471 -130.647 -96.6781 -51.7431 -54.5067
-24.5642 24.488 -130.92 -96.7611 -51.9015 -54.4177
-25.0482 24.2281 -131.191 -96.8441 -52.0603 -54.3278
-25.5326 23.9674 -131.463 -96.9272 -52.2197 -54.237
-26.0174 23.7059 -131.734 -97.0102 -52.3796 -54.1452
-26.5027 23.4436 -132.004 -97.0931 -52.5401 -54.0526
-26.9884 23.1805 -132.274 -97.1761 -52.701 -53.959
-27.4745 22.9166 -132.544 -97.259 -52.8624 -53.8645
-27.961 22.6519 -132.813 -97.3418 -53.0243 -53.7691
-28.4479 22.3863 -133.082 -97.4246 -53.1866 -53.6727
-28.9352 22.12 -133.35 -97.5074 -53.3495 -53.5754
-29.423 21.8528 -133.617 -97.59 -53.5129 -53.4771
-29.9111 21.5849 -133.885 -97.6726 -53.6768 -53.3778
-30.3997 21.3161 -134.151 -97.7551 -53.8411 -53.2776
-30.8887 21.0465 -134.417 -97.8376 -54.0059 -53.1764
-31.3781 20.776 -134.683 -97.9199 -54.1712 -53.0742
-31.8679 20.5047 -134.948 -98.0021 -54.337 -52.9711
-32.3581 20.2326 -135.213 -98.0842 -54.5033 -52.867
-32.8487 19.9597 -135.477 -98.1662 -54.67 -52.7618
-33.3397 19.6859 -135.74 -98.248 -54.8372 -52.6557
-33.8312 19.4113 -136.003 -98.3297 -55.0048 -52.5486
-34.323 19.1359 -136.266 -98.4113 -55.173 -52.4404
-34.8153 18.8596 -136.528 -98.4927 -55.3415 -52.3313
-35.308 18.5825 -136.789 -98.574 -55.5106 -52.2211
-35.801 18.3045 -137.05 -98.655 -55.6801 -52.1099
-36.2945 18.0257 -137.31 -98.7359 -55.85 -51.9977
-36.7884 17.746 -137.57 -98.8166 -56.0204 -51.8844
-37.2827 17.4655 -137.829 -98.8971 -56.1912 -51.7701
-37.7774 17.1841 -138.088 -98.9775 -56.3625 -51.6548
-38.2725 16.9018 -138.346 -99.0575 -56.5342 -51.5384
-38.7679 16.6187 -138.603 -99.1374 -56.7063 -51.4209
-39.2638 16.3348 -138.86 -99.2171 -56.8788 -51.3024
-39.7601 16.05 -139.116 -99.2965 -57.0518 -51.1828
-40.2568 15.7643 -139.372 -99.3756 -57.2252 -51.0621
-40.7539 15.4777 -139.627 -99.4545 -57.399 -50.9404
-41.2513 15.1903 -139.881 -99.5332 -57.5732 -50.8176
-41.7492 14.902 -140.135 -99.6116 -57.7478 -50.6937
-42.2474 14.6128 -140.388 -99.6897 -57.9229 -50.5687
-42.7461 14.3227 -140.64 -99.7675 -58.0983 -50.4427
-43.2451 14.0318 -140.892 -99.845 -58.2741 -50.3155
-43.7445 13.74 -141.144 -99.9222 -58.4503 -50.1872
-44.2443 13.4473 -141.394 -99.999 -58.6268 -50.0578
-44.7445 13.1537 -141.644 -100.076 -58.8038 -49.9273
-45.2451 12.8593 -141.893 -100.152 -58.9811 -49.7957
-45.7461 12.5639 -142.142 -100.228 -59.1588 -49.663
-46.2474 12.2677 -142.39 -100.303 -59.3368 -49.5292
-46.7491 11.9706 -142.637 -100.378 -59.5152 -49.3942
-47.2512 11.6725 -142.884 -100.453 -59.6939 -49.2581
-47.7536 11.3736 -143.13 -100.528 -59.873 -49.1209
-48.2564 11.0738 -143.375 -100.602 -60.0524 -48.9825
-48.7596 10.7731 -143.62 -100.675 -60.2321 -48.843
-49.2632 10.4715 -143.864 -100.748 -60.4122 -48.7023
-49.7671 10.169 -144.107 -100.821 -60.5926 -48.5605
-50.2714 9.86556 -144.349 -100.894 -60.7732 -48.4176
-50.7761 9.56124 -144.591 -100.966 -60.9542 -48.2735
-51.2811 9.25602 -144.832 -101.037 -61.1355 -48.1282
-51.7864 8.94989 -145.072 -101.108 -61.3171 -47.9818
-52.2921 8.64285 -145.312 -101.179 -61.499 -47.8342
-52.7982 8.3349 -145.551 -101.249 -61.6811 -47.6854
-53.3046 8.02604 -145.789 -101.319 -61.8635 -47.5355
-53.8114 7.71627 -146.026 -101.388 -62.0462 -47.3844
-54.3185 7.40558 -146.263 -101.456 -62.2291 -47.2322
-54.826 7.09398 -146.498 -101.524 -62.4122 -47.0787
-55.3337 6.78146 -146.733 -101.592 -62.5956 -46.9241
-55.8419 6.46802 -146.968 -101.659 -62.7793 -46.7683
-56.3503 6.15366 -147.201 -101.726 -62.9631 -46.6114
-56.8591 5.83839 -147.434 -101.792 -63.1472 -46.4532
-57.3683 5.52219 -147.666 -101.857 -63.3315 -46.2939
-57.8777 5.20507 -147.897 -101.922 -63.516 -46.1334
-58.3875 4.88703 -148.127 -101.986 -63.7007 -45.9717
-58.8976 4.56807 -148.356 -102.05 -63.8855 -45.8088
-59.408 4.24818 -148.585 -102.113 -64.0706 -45.6447
-59.9187 3.92736 -148.813 -102.175 -64.2558 -45.4794
-60.4297 3.60562 -149.04 -102.237 -64.4411 -45.313
-60.9411 3.28295 -149.266 -102.299 -64.6266 -45.1453
-61.4527 2.95935 -149.491 -102.359 -64.8123 -44.9765
-61.9647 2.63483 -149.716 -102.419 -64.998 -44.8064
-62.4769 2.30937 -149.939 -102.478 -65.1839 -44.6352
-62.9894 1.98299 -150.162 -102.537 -65.3699 -44.4628
-63.5023 1.65567 -150.384 -102.595 -65.556 -44.2892
-64.0154 1.32743 -150.605 -102.652 -65.7422 -44.1144
-64.5288 0.998253 -150.825 -102.709 -65.9285 -43.9384
-65.0425 0.668144 -151.044 -102.765 -66.1149 -43.7612
-65.5564 0.337104 -151.263 -102.82 -66.3013 -43.5829
-66.0707 0.00513148 -151.48 -102.874 -66.4878 -43.4033
-66.5852 -0.327774 -151.697 -102.928 -66.6743 -43.2226
-67.1 -0.661611 -151.912 -102.981 -66.8609 -43.0407
-67.615 -0.996382 -152.127 -103.033 -67.0475 -42.8576
-68.1303 -1.33209 -152.341 -103.085 -67.2341 -42.6733
-68.6458 -1.66872 -152.554 -103.135 -67.4207 -42.4878
-69.1616 -2.00629 -152.766 -103.185 -67.6072 -42.3012
-69.6777 -2.34479 -152.977 -103.234 -67.7938 -42.1133
-70.194 -2.68423 -153.187 -103.283 -67.9804 -41.9243
-70.7105 -3.0246 -153.396 -103.33 -68.1669 -41.7342
-71.2273 -3.3659 -153.604 -103.377 -68.3533 -41.5428
-71.7443 -3.70813 -153.812 -103.423 -68.5397 -41.3503
-72.2615 -4.0513 -154.018 -103.468 -68.7261 -41.1567
-72.779 -4.39539 -154.223 -103.512 -68.9123 -40.9619
-73.2966 -4.74042 -154.427 -103.555 -69.0984 -40.7659
-73.8145 -5.08638 -154.631 -103.598 -69.2845 -40.5688
-74.3326 -5.43326 -154.833 -103.639 -69.4704 -40.3705
-74.8509 -5.78108 -155.034 -103.68 -69.6562 -40.1711
-75.3694 -6.12982 -155.235 -103.72 -69.8419 -39.9705
-75.8881 -6.4795 -155.434 -103.759 -70.0274 -39.7688
-76.407 -6.8301 -155.632 -103.797 -70.2127 -39.566
-76.9261 -7.18162 -155.83 -103.834 -70.3979 -39.3621
-77.4453 -7.53408 -156.026 -103.87 -70.5829 -39.157
-77.9648 -7.88745 -156.221 -103.905 -70.7677 -38.9508
-78.4844 -8.24175 -156.416 -103.939 -70.9522 -38.7435
-79.0042 -8.59697 -156.609 -103.973 -71.1366 -38.5351
-79.5241 -8.95312 -156.801 -104.005 -71.3207 -38.3256
-80.0442 -9.31018 -156.992 -104.036 -71.5046 -38.1151
-80.5645 -9.66816 -157.182 -104.067 -71.6882 -37.9034
-81.0849 -10.0271 -157.371 -104.096 -71.8716 -37.6907
-81.6054 -10.3869 -157.559 -104.125 -72.0546 -37.4768
-82.1261 -10.7476 -157.746 -104.152 -72.2374 -37.262
-82.647 -11.1093 -157.932 -104.179 -72.4199 -37.046
-83.1679 -11.4718 -158.116 -104.204 -72.602 -36.829
-83.689 -11.8353 -158.3 -104.228 -72.7838 -36.611
-84.2102 -12.1996 -158.482 -104.252 -72.9653 -36.3919
-84.7315 -12.5649 -158.664 -104.274 -73.1464 -36.1719
-85.2529 -12.9311 -158.844 -104.296 -73.3272 -35.9507
-85.7745 -13.2982 -159.023 -104.316 -73.5076 -35.7286
-86.2961 -13.6662 -159.201 -104.335 -73.6875 -35.5055
-86.8178 -14.0351 -159.378 -104.353 -73.8671 -35.2814
-87.3396 -14.4049 -159.554 -104.37 -74.0463 -35.0563
-87.8615 -14.7755 -159.729 -104.386 -74.225 -34.8302
-88.3835 -15.1471 -159.903 -104.401 -74.4033 -34.6031
-88.9055 -15.5196 -160.075 -104.415 -74.5811 -34.3751
-89.4276 -15.8929 -160.246 -104.428 -74.7585 -34.1462
-89.9498 -16.2671 -160.416 -104.439 -74.9354 -33.9163
-90.472 -16.6423 -160.585 -104.45 -75.1118 -33.6855
-90.9943 -17.0183 -160.753 -104.459 -75.2877 -33.4537
-91.5166 -17.3951 -160.92 -104.468 -75.463 -33.2211
-92.039 -17.7729 -161.086 -104.475 -75.6379 -32.9876
-92.5614 -18.1515 -161.25 -104.481 -75.8122 -32.7531
-93.0838 -18.531 -161.413 -104.486 -75.986 -32.5178
-93.6062 -18.9114 -161.575 -104.49 -76.1591 -32.2817
-94.1287 -19.2926 -161.736 -104.492 -76.3318 -32.0447
-94.6512 -19.6747 -161.896 -104.494 -76.5038 -31.8068
-95.1736 -20.0576 -162.054 -104.494 -76.6752 -31.5681
-95.6961 -20.4415 -162.211 -104.493 -76.846 -31.3286
-96.2186 -20.8261 -162.367 -104.491 -77.0162 -31.0883
-96.741 -21.2116 -162.522 -104.488 -77.1857 -30.8472
-97.2634 -21.598 -162.676 -104.484 -77.3546 -30.6054
-97.7858 -21.9852 -162.828 -104.479 -77.5229 -30.3627
-98.3082 -22.3732 -162.979 -104.472 -77.6904 -30.1193
-98.8306 -22.7621 -163.129 -104.464 -77.8573 -29.8752
-99.3529 -23.1518 -163.278 -104.455 -78.0235 -29.6303
-99.8751 -23.5423 -163.426 -104.445 -78.189 -29.3847
-100.397 -23.9337 -163.572 -104.434 -78.3537 -29.1384
-100.919 -24.3258 -163.717 -104.421 -78.5177 -28.8915
-101.442 -24.7188 -163.861 -104.408 -78.681 -28.6438
-101.964 -25.1126 -164.003 -104.393 -78.8436 -28.3955
-102.485 -25.5073 -164.145 -104.377 -79.0053 -28.1465
-103.007 -25.9027 -164.285 -104.359 -79.1663 -27.8969
-103.529 -26.2989 -164.424 -104.341 -79.3265 -27.6467
-104.051 -26.696 -164.561 -104.321 -79.4859 -27.3959
-104.572 -27.0938 -164.698 -104.301 -79.6445 -27.1445
-105.094 -27.4924 -164.833 -104.279 -79.8023 -26.8925
-105.615 -27.8918 -164.967 -104.255 -79.9593 -26.6399
-106.136 -28.292 -165.099 -104.231 -80.1154 -26.3868
-106.657 -28.693 -165.231 -104.205 -80.2706 -26.1332
-107.178 -29.0947 -165.361 -104.178 -80.425 -25.879
-107.699 -29.4972 -165.489 -104.15 -80.5786 -25.6244
-108.22 -29.9005 -165.617 -104.121 -80.7312 -25.3692
-108.74 -30.3045 -165.743 -104.091 -80.883 -25.1136
-109.261 -30.7093 -165.868 -104.059 -81.0339 -24.8575
-109.781 -31.1149 -165.992 -104.027 -81.1838 -24.601
-110.301 -31.5212 -166.114 -103.993 -81.3329 -24.344
-110.821 -31.9282 -166.235 -103.957 -81.481 -24.0867
-111.341 -32.336 -166.355 -103.921 -81.6282 -23.8289
-111.86 -32.7445 -166.473 -103.884 -81.7744 -23.5708
-112.379 -33.1537 -166.591 -103.845 -81.9197 -23.3123
-112.899 -33.5637 -166.706 -103.805 -82.064 -23.0535
-113.417 -33.9744 -166.821 -103.764 -82.2074 -22.7943
-113.936 -34.3857 -166.934 -103.722 -82.3498 -22.5348
-114.455 -34.7978 -167.046 -103.678 -82.4912 -22.275
-114.973 -35.2107 -167.157 -103.634 -82.6316 -22.0149
-115.491 -35.6242 -167.267 -103.588 -82.771 -21.7545
-116.009 -36.0384 -167.375 -103.541 -82.9093 -21.4939
-116.526 -36.4533 -167.482 -103.493 -83.0467 -21.2331
-117.044 -36.8688 -167.587 -103.444 -83.1831 -20.972
-117.561 -37.2851 -167.691 -103.393 -83.3184 -20.7107
-118.078 -37.702 -167.794 -103.342 -83.4526 -20.4493
-118.594 -38.1196 -167.896 -103.289 -83.5859 -20.1876
-119.111 -38.5379 -167.996 -103.235 -83.718 -19.9258
-119.627 -38.9568 -168.095 -103.18 -83.8492 -19.6639
-120.142 -39.3764 -168.193 -103.124 -83.9792 -19.4018
-120.658 -39.7966 -168.289 -103.067 -84.1082 -19.1397
-121.173 -40.2174 -168.384 -103.008 -84.2361 -18.8774
-121.688 -40.6389 -168.478 -102.949 -84.3629 -18.6151
-122.203 -41.0611 -168.57 -102.888 -84.4887 -18.3527
-122.717 -41.4838 -168.661 -102.827 -84.6133 -18.0902
-123.231 -41.9072 -168.751 -102.764 -84.7369 -17.8277
