50 50 0 0 0 -49
49.9998 49.9999 -0.245066 -0.0606817 -0.0580706 -49.0265
49.9994 49.9994 -0.490265 -0.121452 -0.116228 -49.053
49.9986 49.9987 -0.735596 -0.18231 -0.174472 -49.0794
49.9976 49.9977 -0.981059 -0.243258 -0.232803 -49.1058
49.9962 49.9964 -1.22665 -0.304295 -0.291221 -49.1322
49.9945 49.9948 -1.47238 -0.36542 -0.349726 -49.1584
49.9925 49.9929 -1.71824 -0.426635 -0.408318 -49.1847
49.9903 49.9907 -1.96423 -0.48794 -0.466999 -49.2108
49.9877 49.9882 -2.21035 -0.549334 -0.525767 -49.2369
49.9848 49.9854 -2.4566 -0.610818 -0.584623 -49.263
49.9816 49.9824 -2.70298 -0.672393 -0.643567 -49.289
49.978 49.979 -2.94949 -0.734057 -0.702599 -49.315
49.9742 49.9753 -3.19613 -0.795812 -0.76172 -49.3409
49.9701 49.9714 -3.44289 -0.857658 -0.82093 -49.3667
49.9656 49.9671 -3.68979 -0.919594 -0.880228 -49.3925
49.9609 49.9626 -3.93682 -0.981621 -0.939615 -49.4182
49.9558 49.9577 -4.18397 -1.04374 -0.999092 -49.4439
49.9505 49.9526 -4.43126 -1.10595 -1.05866 -49.4695
49.9448 49.9471 -4.67867 -1.16825 -1.11831 -49.4951
49.9388 49.9414 -4.92621 -1.23064 -1.17806 -49.5206
49.9325 49.9354 -5.17388 -1.29313 -1.23789 -49.5461
49.9258 49.929 -5.42167 -1.35571 -1.29782 -49.5715
49.9189 49.9224 -5.66959 -1.41838 -1.35783 -49.5968
49.9117 49.9154 -5.91764 -1.48114 -1.41794 -49.6221
49.9041 49.9082 -6.16581 -1.54399 -1.47814 -49.6474
49.8962 49.9007 -6.41411 -1.60694 -1.53842 -49.6725
49.888 49.8928 -6.66254 -1.66998 -1.5988 -49.6977
49.8795 49.8847 -6.91109 -1.73312 -1.65927 -49.7227
49.8707 49.8762 -7.15976 -1.79634 -1.71983 -49.7477
49.8616 49.8675 -7.40856 -1.85966 -1.78048 -49.7727
49.8521 49.8584 -7.65749 -1.92308 -1.84123 -49.7976
49.8423 49.8491 -7.90654 -1.98659 -1.90206 -49.8224
49.8322 49.8394 -8.15571 -2.05019 -1.96299 -49.8472
49.8218 49.8294 -8.40501 -2.11389 -2.02401 -49.8719
49.8111 49.8192 -8.65443 -2.17768 -2.08512 -49.8965
49.8 49.8086 -8.90398 -2.24157 -2.14633 -49.9211
49.7887 49.7977 -9.15364 -2.30555 -2.20763 -49.9457
49.777 49.7865 -9.40343 -2.36963 -2.26902 -49.9701
49.765 49.775 -9.65334 -2.4338 -2.3305 -49.9945
49.7526 49.7632 -9.90338 -2.49807 -2.39208 -50.0189
49.74 49.7511 -10.1535 -2.56243 -2.45375 -50.0432
49.727 49.7387 -10.4038 -2.62689 -2.51552 -50.0674
49.7137 49.7259 -10.6542 -2.69145 -2.57738 -50.0916
49.7001 49.7129 -10.9047 -2.7561 -2.63933 -50.1157
49.6862 49.6995 -11.1554 -2.82085 -2.70138 -50.1397
49.6719 49.6859 -11.4061 -2.8857 -2.76352 -50.1637
49.6573 49.6719 -11.657 -2.95064 -2.82576 -50.1877
49.6424 49.6576 -11.908 -3.01568 -2.88809 -50.2115
49.6272 49.643 -12.1591 -3.08082 -2.95051 -50.2353
49.6116 49.6281 -12.4104 -3.14605 -3.01304 -50.2591
49.5957 49.6129 -12.6617 -3.21138 -3.07565 -50.2827
49.5795 49.5973 -12.9132 -3.27681 -3.13837 -50.3063
49.5629 49.5815 -13.1648 -3.34234 -3.20118 -50.3299
49.546 49.5653 -13.4165 -3.40797 -3.26408 -50.3534
49.5288 49.5489 -13.6683 -3.4737 -3.32708 -50.3768
49.5113 49.5321 -13.9202 -3.53952 -3.39018 -50.4001
49.4934 49.515 -14.1723 -3.60545 -3.45338 -50.4234
49.4753 49.4975 -14.4245 -3.67147 -3.51667 -50.4466
49.4567 49.4798 -14.6768 -3.73759 -3.58006 -50.4698
49.4379 49.4617 -14.9292 -3.80381 -3.64355 -50.4929
49.4187 49.4434 -15.1817 -3.87014 -3.70713 -50.5159
49.3992 49.4247 -15.4343 -3.93656 -3.77081 -50.5389
49.3793 49.4056 -15.6871 -4.00308 -3.83459 -50.5618
49.3591 49.3863 -15.94 -4.0697 -3.89847 -50.5846
49.3386 49.3667 -16.1929 -4.13643 -3.96245 -50.6074
49.3178 49.3467 -16.446 -4.20325 -4.02652 -50.63
49.2966 49.3264 -16.6992 -4.27018 -4.09069 -50.6527
49.2751 49.3058 -16.9526 -4.3372 -4.15497 -50.6752
49.2532 49.2848 -17.206 -4.40433 -4.21934 -50.6977
49.231 49.2636 -17.4595 -4.47156 -4.28381 -50.7201
49.2085 49.242 -17.7132 -4.53889 -4.34838 -50.7425
49.1857 49.2201 -17.967 -4.60633 -4.41305 -50.7648
49.1624 49.1979 -18.2208 -4.67386 -4.47782 -50.787
49.1389 49.1753 -18.4748 -4.7415 -4.54269 -50.8091
49.115 49.1525 -18.7289 -4.80924 -4.60766 -50.8312
49.0908 49.1293 -18.9831 -4.87709 -4.67273 -50.8532
49.0663 49.1057 -19.2375 -4.94504 -4.73791 -50.8751
49.0414 49.0819 -19.4919 -5.01309 -4.80318 -50.897
49.0161 49.0577 -19.7464 -5.08124 -4.86855 -50.9188
48.9906 49.0332 -20.0011 -5.1495 -4.93403 -50.9405
48.9646 49.0084 -20.2558 -5.21787 -4.99961 -50.9622
48.9384 48.9832 -20.5107 -5.28633 -5.06529 -50.9837
48.9118 48.9577 -20.7657 -5.35491 -5.13107 -51.0052
48.8848 48.9319 -21.0207 -5.42358 -5.19695 -51.0267
48.8575 48.9057 -21.2759 -5.49236 -5.26294 -51.048
48.8299 48.8792 -21.5312 -5.56125 -5.32903 -51.0693
48.8019 48.8524 -21.7866 -5.63024 -5.39522 -51.0905
48.7736 48.8253 -22.0421 -5.69934 -5.46152 -51.1117
48.7449 48.7978 -22.2977 -5.76855 -5.52792 -51.1327
48.7159 48.77 -22.5535 -5.83786 -5.59442 -51.1537
48.6866 48.7419 -22.8093 -5.90727 -5.66103 -51.1746
48.6568 48.7134 -23.0652 -5.9768 -5.72774 -51.1955
48.6268 48.6846 -23.3212 -6.04642 -5.79455 -51.2162
48.5964 48.6555 -23.5774 -6.11616 -5.86147 -51.2369
48.5656 48.626 -23.8336 -6.18601 -5.9285 -51.2576
48.5345 48.5962 -24.0899 -6.25596 -5.99563 -51.2781
48.5031 48.566 -24.3464 -6.32601 -6.06286 -51.2985
48.4713 48.5355 -24.6029 -6.39618 -6.1302 -51.3189
48.4391 48.5047 -24.8596 -6.46646 -6.19765 -51.3392
48.4066 48.4736 -25.1163 -6.53684 -6.2652 -51.3595
48.3737 48.4421 -25.3732 -6.60733 -6.33286 -51.3796
48.3405 48.4102 -25.6301 -6.67793 -6.40062 -51.3997
48.307 48.3781 -25.8872 -6.74864 -6.46849 -51.4197
48.273 48.3456 -26.1443 -6.81946 -6.53647 -51.4396
48.2388 48.3127 -26.4016 -6.89039 -6.60455 -51.4594
48.2041 48.2795 -26.6589 -6.96143 -6.67274 -51.4792
48.1691 48.246 -26.9164 -7.03257 -6.74104 -51.4988
48.1338 48.2121 -27.1739 -7.10383 -6.80945 -51.5184
48.0981 48.1779 -27.4315 -7.1752 -6.87796 -51.538
48.0621 48.1433 -27.6893 -7.24668 -6.94659 -51.5574
48.0256 48.1084 -27.9471 -7.31827 -7.01532 -51.5767
47.9889 48.0732 -28.205 -7.38997 -7.08416 -51.596
47.9517 48.0376 -28.4631 -7.46178 -7.15311 -51.6152
47.9143 48.0016 -28.7212 -7.5337 -7.22216 -51.6343
47.8764 47.9654 -28.9794 -7.60574 -7.29133 -51.6533
47.8382 47.9287 -29.2377 -7.67789 -7.36061 -51.6722
47.7996 47.8917 -29.4961 -7.75015 -7.42999 -51.6911
47.7607 47.8544 -29.7546 -7.82252 -7.49949 -51.7099
47.7214 47.8168 -30.0132 -7.895 -7.5691 -51.7286
47.6817 47.7787 -30.2719 -7.9676 -7.63881 -51.7472
47.6417 47.7404 -30.5307 -8.04031 -7.70864 -51.7657
47.6013 47.7016 -30.7896 -8.11313 -7.77858 -51.7841
47.5606 47.6626 -31.0485 -8.18607 -7.84863 -51.8024
47.5195 47.6232 -31.3076 -8.25912 -7.91879 -51.8207
47.478 47.5834 -31.5668 -8.33229 -7.98906 -51.8389
47.4362 47.5433 -31.826 -8.40557 -8.05945 -51.8569
47.3939 47.5028 -32.0853 -8.47896 -8.12995 -51.8749
47.3514 47.462 -32.3447 -8.55247 -8.20056 -51.8928
47.3084 47.4208 -32.6042 -8.6261 -8.27128 -51.9107
47.2651 47.3793 -32.8638 -8.69984 -8.34211 -51.9284
47.2214 47.3374 -33.1235 -8.77369 -8.41306 -51.946
47.1774 47.2951 -33.3833 -8.84767 -8.48412 -51.9636
47.1329 47.2525 -33.6432 -8.92175 -8.5553 -51.9811
47.0882 47.2096 -33.9031 -8.99596 -8.62659 -51.9984
47.043 47.1663 -34.1632 -9.07028 -8.69799 -52.0157
46.9974 47.1226 -34.4233 -9.14471 -8.76951 -52.0329
46.9515 47.0786 -34.6835 -9.21927 -8.84114 -52.05
46.9053 47.0342 -34.9438 -9.29394 -8.91289 -52.067
46.8586 46.9894 -35.2041 -9.36873 -8.98475 -52.0839
46.8116 46.9443 -35.4646 -9.44363 -9.05672 -52.1007
46.7642 46.8989 -35.7252 -9.51866 -9.12882 -52.1175
46.7164 46.853 -35.9858 -9.5938 -9.20102 -52.1341
46.6682 46.8069 -36.2465 -9.66906 -9.27335 -52.1506
46.6197 46.7603 -36.5073 -9.74444 -9.34579 -52.1671
46.5708 46.7134 -36.7682 -9.81994 -9.41835 -52.1834
46.5215 46.6661 -37.0291 -9.89555 -9.49102 -52.1997
46.4718 46.6185 -37.2902 -9.97129 -9.56381 -52.2158
46.4218 46.5705 -37.5513 -10.0471 -9.63672 -52.2319
46.3714 46.5221 -37.8125 -10.1231 -9.70975 -52.2479
46.3205 46.4734 -38.0738 -10.1992 -9.78289 -52.2637
46.2694 46.4243 -38.3351 -10.2754 -9.85615 -52.2795
46.2178 46.3748 -38.5966 -10.3518 -9.92953 -52.2952
46.1658 46.325 -38.8581 -10.4282 -10.003 -52.3108
46.1135 46.2748 -39.1197 -10.5048 -10.0766 -52.3262
46.0608 46.2242 -39.3813 -10.5815 -10.1504 -52.3416
46.0077 46.1733 -39.6431 -10.6583 -10.2242 -52.3569
45.9542 46.122 -39.9049 -10.7353 -10.2982 -52.3721
45.9003 46.0703 -40.1668 -10.8123 -10.3723 -52.3871
45.8461 46.0183 -40.4288 -10.8895 -10.4465 -52.4021
45.7914 45.9659 -40.6908 -10.9668 -10.5209 -52.417
45.7364 45.9131 -40.9529 -11.0443 -10.5953 -52.4318
45.681 45.8599 -41.2151 -11.1218 -10.6699 -52.4464
45.6252 45.8064 -41.4774 -11.1995 -10.7446 -52.461
45.569 45.7525 -41.7397 -11.2773 -10.8194 -52.4755
45.5124 45.6982 -42.0022 -11.3553 -10.8944 -52.4898
45.4555 45.6435 -42.2646 -11.4333 -10.9694 -52.5041
45.3981 45.5885 -42.5272 -11.5115 -11.0446 -52.5182
45.3403 45.5331 -42.7898 -11.5898 -11.1199 -52.5322
45.2822 45.4773 -43.0525 -11.6682 -11.1953 -52.5462
45.2237 45.4211 -43.3153 -11.7468 -11.2709 -52.56
45.1647 45.3646 -43.5781 -11.8254 -11.3466 -52.5737
45.1054 45.3076 -43.841 -11.9042 -11.4224 -52.5873
45.0457 45.2503 -44.104 -11.9832 -11.4983 -52.6008
44.9856 45.1927 -44.367 -12.0622 -11.5743 -52.6142
44.9251 45.1346 -44.6301 -12.1414 -11.6505 -52.6275
44.8642 45.0762 -44.8933 -12.2207 -11.7268 -52.6407
44.8029 45.0173 -45.1565 -12.3001 -11.8032 -52.6538
44.7412 44.9581 -45.4198 -12.3797 -11.8798 -52.6667
44.6791 44.8985 -45.6832 -12.4594 -11.9564 -52.6796
44.6166 44.8386 -45.9466 -12.5392 -12.0332 -52.6923
44.5537 44.7782 -46.2101 -12.6191 -12.1101 -52.7049
44.4904 44.7175 -46.4737 -12.6992 -12.1872 -52.7174
44.4267 44.6563 -46.7373 -12.7794 -12.2644 -52.7298
44.3626 44.5948 -47.001 -12.8597 -12.3417 -52.7421
44.2981 44.5329 -47.2647 -12.9402 -12.4191 -52.7543
44.2332 44.4706 -47.5285 -13.0208 -12.4967 -52.7663
44.1679 44.4079 -47.7924 -13.1015 -12.5743 -52.7782
44.1022 44.3449 -48.0563 -13.1824 -12.6521 -52.79
44.036 44.2814 -48.3203 -13.2633 -12.7301 -52.8017
43.9695 44.2176 -48.5843 -13.3444 -12.8081 -52.8133
43.9026 44.1533 -48.8484 -13.4257 -12.8863 -52.8248
43.8353 44.0887 -49.1126 -13.507 -12.9647 -52.8361
43.7675 44.0237 -49.3768 -13.5885 -13.0431 -52.8473
43.6994 43.9583 -49.641 -13.6702 -13.1217 -52.8584
43.6308 43.8925 -49.9054 -13.7519 -13.2004 -52.8694
43.5619 43.8263 -50.1697 -13.8338 -13.2792 -52.8803
43.4925 43.7597 -50.4342 -13.9158 -13.3582 -52.891
43.4227 43.6927 -50.6987 -13.998 -13.4373 -52.9016
43.3525 43.6253 -50.9632 -14.0803 -13.5165 -52.9121
43.2819 43.5575 -51.2278 -14.1627 -13.5959 -52.9225
43.2109 43.4894 -51.4924 -14.2453 -13.6754 -52.9327
43.1395 43.4208 -51.7571 -14.3279 -13.755 -52.9429
43.0676 43.3518 -52.0218 -14.4108 -13.8348 -52.9529
42.9953 43.2824 -52.2866 -14.4937 -13.9147 -52.9627
42.9227 43.2127 -52.5515 -14.5768 -13.9947 -52.9725
42.8496 43.1425 -52.8164 -14.66 -14.0748 -52.9821
42.7761 43.0719 -53.0813 -14.7434 -14.1551 -52.9916
42.7021 43.0009 -53.3463 -14.8269 -14.2355 -53.0009
42.6278 42.9296 -53.6113 -14.9105 -14.3161 -53.0101
42.553 42.8578 -53.8764 -14.9943 -14.3968 -53.0192
42.4779 42.7856 -54.1415 -15.0782 -14.4776 -53.0282
42.4023 42.713 -54.4067 -15.1622 -14.5585 -53.037
42.3262 42.64 -54.6719 -15.2464 -14.6396 -53.0457
42.2498 42.5666 -54.9371 -15.3307 -14.7208 -53.0543
42.1729 42.4928 -55.2024 -15.4151 -14.8022 -53.0627
42.0956 42.4186 -55.4677 -15.4997 -14.8837 -53.071
42.0179 42.344 -55.7331 -15.5844 -14.9653 -53.0791
41.9398 42.2689 -55.9985 -15.6693 -15.0471 -53.0872
41.8612 42.1935 -56.264 -15.7542 -15.1289 -53.0951
41.7823 42.1176 -56.5295 -15.8394 -15.211 -53.1028
41.7028 42.0414 -56.795 -15.9246 -15.2932 -53.1104
41.623 41.9647 -57.0606 -16.01 -15.3755 -53.1179
41.5427 41.8876 -57.3262 -16.0956 -15.4579 -53.1252
41.4621 41.8101 -57.5918 -16.1813 -15.5405 -53.1324
41.3809 41.7322 -57.8575 -16.2671 -15.6232 -53.1394
41.2994 41.6539 -58.1232 -16.3531 -15.7061 -53.1463
41.2174 41.5752 -58.389 -16.4392 -15.789 -53.1531
41.135 41.496 -58.6548 -16.5254 -15.8722 -53.1597
41.0521 41.4164 -58.9206 -16.6118 -15.9555 -53.1662
40.9689 41.3365 -59.1864 -16.6983 -16.0389 -53.1725
40.8852 41.256 -59.4523 -16.785 -16.1224 -53.1787
40.801 41.1752 -59.7182 -16.8718 -16.2061 -53.1847
40.7164 41.094 -59.9841 -16.9587 -16.2899 -53.1906
40.6314 41.0123 -60.2501 -17.0458 -16.3739 -53.1963
40.546 40.9302 -60.5161 -17.133 -16.458 -53.2019
40.4601 40.8477 -60.7821 -17.2204 -16.5423 -53.2074
40.3738 40.7648 -61.0482 -17.3079 -16.6266 -53.2126
40.287 40.6815 -61.3143 -17.3956 -16.7112 -53.2178
40.1998 40.5977 -61.5804 -17.4834 -16.7959 -53.2227
40.1122 40.5135 -61.8465 -17.5713 -16.8807 -53.2276
40.0241 40.4289 -62.1126 -17.6594 -16.9656 -53.2322
39.9356 40.3439 -62.3788 -17.7476 -17.0507 -53.2367
39.8466 40.2584 -62.645 -17.836 -17.136 -53.2411
39.7572 40.1725 -62.9112 -17.9245 -17.2214 -53.2453
39.6674 40.0862 -63.1775 -18.0132 -17.3069 -53.2493
39.5771 39.9994 -63.4437 -18.102 -17.3926 -53.2532
39.4864 39.9123 -63.71 -18.191 -17.4784 -53.2569
39.3952 39.8247 -63.9763 -18.2801 -17.5643 -53.2604
39.3036 39.7366 -64.2426 -18.3693 -17.6504 -53.2638
39.2115 39.6482 -64.5089 -18.4587 -17.7367 -53.2671
39.119 39.5593 -64.7753 -18.5482 -17.8231 -53.2701
39.026 39.4699 -65.0416 -18.6379 -17.9096 -53.273
38.9326 39.3802 -65.308 -18.7278 -17.9963 -53.2757
38.8387 39.29 -65.5744 -18.8177 -18.0831 -53.2783
38.7444 39.1993 -65.8408 -18.9079 -18.1701 -53.2807
38.6497 39.1083 -66.1072 -18.9981 -18.2572 -53.2829
38.5545 39.0168 -66.3736 -19.0886 -18.3445 -53.285
38.4588 38.9248 -66.64 -19.1791 -18.4319 -53.2868
38.3627 38.8324 -66.9065 -19.2699 -18.5195 -53.2885
38.2661 38.7396 -67.1729 -19.3607 -18.6072 -53.2901
38.1691 38.6464 -67.4394 -19.4518 -18.6951 -53.2914
38.0716 38.5527 -67.7058 -19.5429 -18.7831 -53.2926
37.9736 38.4585 -67.9723 -19.6343 -18.8713 -53.2936
37.8752 38.364 -68.2388 -19.7257 -18.9596 -53.2944
37.7764 38.2689 -68.5052 -19.8174 -19.048 -53.295
37.6771 38.1735 -68.7717 -19.9091 -19.1366 -53.2955
37.5773 38.0776 -69.0382 -20.0011 -19.2254 -53.2958
37.477 37.9812 -69.3047 -20.0931 -19.3143 -53.2959
37.3763 37.8844 -69.5711 -20.1854 -19.4034 -53.2958
37.2752 37.7872 -69.8376 -20.2778 -19.4926 -53.2955
37.1736 37.6895 -70.1041 -20.3703 -19.5819 -53.295
37.0715 37.5914 -70.3706 -20.463 -19.6715 -53.2944
36.9689 37.4928 -70.637 -20.5559 -19.7611 -53.2935
36.8659 37.3938 -70.9035 -20.6489 -19.8509 -53.2925
36.7624 37.2943 -71.17 -20.742 -19.9409 -53.2913
36.6585 37.1943 -71.4364 -20.8353 -20.031 -53.2899
36.5541 37.094 -71.7029 -20.9288 -20.1213 -53.2883
36.4492 36.9931 -71.9693 -21.0224 -20.2118 -53.2864
36.3439 36.8918 -72.2357 -21.1162 -20.3024 -53.2844
36.2381 36.7901 -72.5022 -21.2102 -20.3931 -53.2822
36.1318 36.6879 -72.7686 -21.3043 -20.484 -53.2798
36.025 36.5853 -73.0349 -21.3985 -20.5751 -53.2772
35.9178 36.4822 -73.3013 -21.493 -20.6663 -53.2744
35.8101 36.3786 -73.5677 -21.5875 -20.7576 -53.2714
35.7019 36.2746 -73.834 -21.6823 -20.8492 -53.2682
35.5933 36.1701 -74.1004 -21.7772 -20.9408 -53.2648
35.4841 36.0652 -74.3667 -21.8722 -21.0327 -53.2612
35.3745 35.9598 -74.633 -21.9675 -21.1247 -53.2573
35.2645 35.8539 -74.8993 -22.0628 -21.2168 -53.2533
35.1539 35.7476 -75.1655 -22.1584 -21.3091 -53.249
35.0429 35.6408 -75.4318 -22.2541 -21.4016 -53.2445
34.9314 35.5336 -75.698 -22.35 -21.4943 -53.2399
34.8194 35.4259 -75.9641 -22.446 -21.5871 -53.235
34.7069 35.3177 -76.2303 -22.5422 -21.68 -53.2298
34.594 35.2091 -76.4964 -22.6386 -21.7731 -53.2245
34.4805 35.1 -76.7626 -22.7351 -21.8664 -53.219
34.3666 34.9904 -77.0286 -22.8318 -21.9598 -53.2132
34.2522 34.8804 -77.2947 -22.9287 -22.0535 -53.2072
34.1373 34.7699 -77.5607 -23.0257 -22.1472 -53.201
34.0219 34.6589 -77.8267 -23.123 -22.2411 -53.1945
33.9061 34.5475 -78.0927 -23.2203 -22.3352 -53.1879
33.7897 34.4356 -78.3586 -23.3179 -22.4295 -53.181
33.6729 34.3232 -78.6245 -23.4156 -22.5239 -53.1738
33.5556 34.2103 -78.8903 -23.5135 -22.6185 -53.1665
33.4378 34.097 -79.1561 -23.6116 -22.7133 -53.1589
33.3195 33.9832 -79.4219 -23.7098 -22.8082 -53.1511
33.2007 33.8689 -79.6876 -23.8082 -22.9033 -53.143
33.0814 33.7542 -79.9533 -23.9068 -22.9985 -53.1347
32.9616 33.6389 -80.219 -24.0056 -23.094 -53.1262
32.8413 33.5232 -80.4846 -24.1045 -23.1896 -53.1174
32.7206 33.407 -80.7502 -24.2036 -23.2853 -53.1084
32.5993 33.2904 -81.0157 -24.3029 -23.3813 -53.0992
32.4775 33.1732 -81.2811 -24.4023 -23.4774 -53.0897
32.3553 33.0556 -81.5466 -24.502 -23.5737 -53.0799
32.2325 32.9375 -81.8119 -24.6018 -23.6701 -53.0699
32.1093 32.8189 -82.0773 -24.7018 -23.7667 -53.0597
31.9855 32.6998 -82.3425 -24.802 -23.8635 -53.0492
31.8612 32.5803 -82.6078 -24.9023 -23.9605 -53.0385
31.7365 32.4602 -82.8729 -25.0028 -24.0576 -53.0275
31.6112 32.3397 -83.138 -25.1036 -24.1549 -53.0163
31.4854 32.2187 -83.4031 -25.2045 -24.2524 -53.0048
31.3592 32.0972 -83.6681 -25.3055 -24.3501 -52.9931
31.2324 31.9752 -83.933 -25.4068 -24.4479 -52.9811
31.1051 31.8527 -84.1979 -25.5082 -24.546 -52.9688
30.9773 31.7297 -84.4627 -25.6098 -24.6442 -52.9563
30.849 31.6063 -84.7275 -25.7117 -24.7425 -52.9435
30.7202 31.4823 -84.9921 -25.8136 -24.8411 -52.9305
30.5909 31.3578 -85.2568 -25.9158 -24.9398 -52.9172
30.461 31.2329 -85.5213 -26.0182 -25.0387 -52.9036
30.3307 31.1075 -85.7858 -26.1207 -25.1378 -52.8897
30.1998 30.9815 -86.0502 -26.2235 -25.2371 -52.8756
30.0684 30.8551 -86.3146 -26.3264 -25.3366 -52.8612
29.9366 30.7282 -86.5788 -26.4295 -25.4362 -52.8465
29.8042 30.6007 -86.843 -26.5328 -25.5361 -52.8316
29.6712 30.4728 -87.1071 -26.6363 -25.6361 -52.8164
29.5378 30.3444 -87.3712 -26.74 -25.7363 -52.8009
29.4038 30.2154 -87.6351 -26.8439 -25.8367 -52.7851
29.2693 30.086 -87.899 -26.9479 -25.9372 -52.769
29.1343 29.9561 -88.1628 -27.0522 -26.038 -52.7527
28.9988 29.8256 -88.4266 -27.1566 -26.139 -52.7361
28.8628 29.6947 -88.6902 -27.2613 -26.2401 -52.7192
28.7262 29.5632 -88.9538 -27.3661 -26.3414 -52.702
28.5891 29.4313 -89.2172 -27.4711 -26.4429 -52.6845
28.4515 29.2988 -89.4806 -27.5764 -26.5447 -52.6667
28.3134 29.1658 -89.7439 -27.6818 -26.6466 -52.6486
28.1747 29.0323 -90.0071 -27.7874 -26.7487 -52.6302
28.0355 28.8983 -90.2702 -27.8933 -26.8509 -52.6115
27.8958 28.7638 -90.5332 -27.9993 -26.9534 -52.5926
27.7555 28.6288 -90.7961 -28.1055 -27.0561 -52.5733
27.6147 28.4932 -91.0589 -28.2119 -27.159 -52.5537
27.4734 28.3572 -91.3216 -28.3186 -27.2621 -52.5338
27.3315 28.2206 -91.5843 -28.4254 -27.3653 -52.5136
27.1891 28.0835 -91.8468 -28.5324 -27.4688 -52.4931
27.0462 27.9459 -92.1092 -28.6397 -27.5725 -52.4723
26.9027 27.8078 -92.3715 -28.7471 -27.6764 -52.4512
26.7587 27.6692 -92.6337 -28.8548 -27.7804 -52.4298
26.6142 27.53 -92.8958 -28.9626 -27.8847 -52.4081
26.4691 27.3903 -93.1578 -29.0707 -27.9892 -52.386
26.3235 27.2501 -93.4197 -29.1789 -28.0939 -52.3636
26.1773 27.1094 -93.6814 -29.2874 -28.1988 -52.3409
26.0306 26.9681 -93.9431 -29.3961 -28.3039 -52.3179
25.8833 26.8264 -94.2046 -29.505 -28.4092 -52.2946
25.7355 26.684 -94.466 -29.6141 -28.5147 -52.2709
25.5872 26.5412 -94.7273 -29.7234 -28.6204 -52.247
25.4383 26.3978 -94.9885 -29.833 -28.7263 -52.2226
25.2889 26.2539 -95.2495 -29.9427 -28.8325 -52.198
25.1389 26.1095 -95.5105 -30.0527 -28.9388 -52.173
24.9883 25.9646 -95.7713 -30.1628 -29.0454 -52.1477
24.8373 25.8191 -96.0319 -30.2732 -29.1522 -52.1221
24.6856 25.673 -96.2925 -30.3838 -29.2591 -52.0961
24.5334 25.5265 -96.5529 -30.4947 -29.3663 -52.0698
24.3807 25.3794 -96.8132 -30.6057 -29.4738 -52.0431
24.2274 25.2317 -97.0733 -30.717 -29.5814 -52.0161
24.0735 25.0836 -97.3333 -30.8285 -29.6892 -51.9888
23.9191 24.9348 -97.5932 -30.9402 -29.7973 -51.9611
23.7641 24.7856 -97.853 -31.0521 -29.9056 -51.933
23.6086 24.6358 -98.1126 -31.1643 -30.0141 -51.9047
23.4525 24.4854 -98.372 -31.2766 -30.1228 -51.8759
23.2958 24.3346 -98.6313 -31.3892 -30.2318 -51.8468
23.1386 24.1831 -98.8905 -31.5021 -30.3409 -51.8174
22.9808 24.0311 -99.1495 -31.6151 -30.4503 -51.7876
22.8224 23.8786 -99.4083 -31.7284 -30.56 -51.7574
22.6635 23.7255 -99.6671 -31.8419 -30.6698 -51.7269
22.504 23.5719 -99.9256 -31.9556 -30.7799 -51.6961
22.3439 23.4177 -100.184 -32.0696 -30.8902 -51.6648
22.1833 23.263 -100.442 -32.1838 -31.0007 -51.6332
22.0221 23.1077 -100.7 -32.2982 -31.1114 -51.6012
21.8603 22.9519 -100.958 -32.4128 -31.2224 -51.5689
21.698 22.7955 -101.216 -32.5277 -31.3336 -51.5362
21.535 22.6386 -101.474 -32.6428 -31.4451 -51.5031
21.3715 22.4811 -101.731 -32.7582 -31.5567 -51.4697
21.2075 22.323 -101.988 -32.8737 -31.6687 -51.4358
21.0428 22.1644 -102.245 -32.9895 -31.7808 -51.4016
20.8776 22.0052 -102.502 -33.1056 -31.8932 -51.367
20.7117 21.8454 -102.759 -33.2219 -32.0058 -51.3321
20.5453 21.6851 -103.016 -33.3384 -32.1186 -51.2967
20.3784 21.5243 -103.272 -33.4552 -32.2317 -51.261
20.2108 21.3628 -103.528 -33.5722 -32.345 -51.2248
20.0426 21.2008 -103.784 -33.6894 -32.4586 -51.1883
19.8739 21.0382 -104.04 -33.8069 -32.5724 -51.1514
19.7046 20.8751 -104.296 -33.9246 -32.6864 -51.1141
19.5346 20.7114 -104.551 -34.0426 -32.8007 -51.0764
19.3641 20.5471 -104.807 -34.1607 -32.9152 -51.0383
19.193 20.3822 -105.062 -34.2792 -33.03 -50.9998
19.0214 20.2168 -105.317 -34.3979 -33.145 -50.9609
18.8491 20.0508 -105.571 -34.5168 -33.2602 -50.9216
18.6762 19.8842 -105.826 -34.636 -33.3757 -50.8819
18.5027 19.717 -106.08 -34.7554 -33.4914 -50.8418
18.3286 19.5493 -106.334 -34.875 -33.6074 -50.8013
18.154 19.3809 -106.588 -34.995 -33.7237 -50.7604
17.9787 19.212 -106.842 -35.1151 -33.8401 -50.719
17.8028 19.0425 -107.095 -35.2355 -33.9569 -50.6773
17.6263 18.8725 -107.349 -35.3562 -34.0738 -50.6351
17.4492 18.7018 -107.602 -35.4771 -34.1911 -50.5925
17.2716 18.5306 -107.855 -35.5982 -34.3085 -50.5495
17.0933 18.3587 -108.107 -35.7196 -34.4263 -50.5061
16.9144 18.1863 -108.36 -35.8412 -34.5442 -50.4622
16.7348 18.0133 -108.612 -35.9631 -34.6625 -50.4179
16.5547 17.8397 -108.864 -36.0853 -34.781 -50.3732
16.374 17.6655 -109.116 -36.2077 -34.8997 -50.328
16.1927 17.4907 -109.367 -36.3303 -35.0187 -50.2824
16.0107 17.3153 -109.618 -36.4532 -35.138 -50.2364
15.8281 17.1393 -109.869 -36.5764 -35.2575 -50.1899
15.6449 16.9627 -110.12 -36.6998 -35.3772 -50.143
15.4611 16.7855 -110.371 -36.8235 -35.4973 -50.0957
15.2767 16.6077 -110.621 -36.9474 -35.6175 -50.0479
15.0916 16.4293 -110.871 -37.0715 -35.7381 -49.9996
14.906 16.2503 -111.121 -37.196 -35.8589 -49.9509
14.7197 16.0708 -111.371 -37.3207 -35.9799 -49.9018
14.5328 15.8905 -111.62 -37.4456 -36.1013 -49.8521
14.3452 15.7097 -111.869 -37.5708 -36.2229 -49.8021
14.1571 15.5283 -112.118 -37.6963 -36.3447 -49.7515
13.9683 15.3463 -112.367 -37.822 -36.4668 -49.7006
13.7788 15.1637 -112.615 -37.9479 -36.5892 -49.6491
13.5888 14.9804 -112.863 -38.0742 -36.7118 -49.5972
13.3981 14.7965 -113.111 -38.2007 -36.8347 -49.5448
13.2068 14.6121 -113.359 -38.3274 -36.9579 -49.4919
13.0148 14.427 -113.606 -38.4544 -37.0814 -49.4385
12.8222 14.2412 -113.853 -38.5817 -37.2051 -49.3847
12.629 14.0549 -114.1 -38.7092 -37.329 -49.3304
12.4351 13.8679 -114.346 -38.837 -37.4533 -49.2756
12.2406 13.6804 -114.593 -38.965 -37.5778 -49.2203
12.0455 13.4922 -114.839 -39.0933 -37.7026 -49.1646
11.8497 13.3033 -115.084 -39.2219 -37.8276 -49.1083
11.6533 13.1139 -115.33 -39.3507 -37.953 -49.0515
11.4562 12.9238 -115.575 -39.4798 -38.0785 -48.9943
11.2585 12.7331 -115.82 -39.6092 -38.2044 -48.9365
11.0601 12.5418 -116.064 -39.7388 -38.3306 -48.8782
10.8611 12.3498 -116.308 -39.8687 -38.457 -48.8195
10.6614 12.1572 -116.552 -39.9989 -38.5837 -48.7602
10.4611 11.964 -116.796 -40.1293 -38.7106 -48.7004
10.2601 11.7701 -117.039 -40.2599 -38.8378 -48.6401
10.0585 11.5756 -117.282 -40.3909 -38.9654 -48.5793
9.85622 11.3804 -117.525 -40.5221 -39.0931 -48.5179
9.65328 11.1847 -117.768 -40.6535 -39.2212 -48.4561
9.44969 10.9882 -118.01 -40.7853 -39.3496 -48.3937
9.24543 10.7912 -118.252 -40.9173 -39.4782 -48.3307
9.04052 10.5935 -118.493 -41.0495 -39.6071 -48.2673
8.83494 10.3951 -118.734 -41.1821 -39.7362 -48.2033
8.6287 10.1961 -118.975 -41.3149 -39.8657 -48.1387
8.42179 9.99644 -119.216 -41.4479 -39.9954 -48.0736
8.21422 9.79613 -119.456 -41.5812 -40.1255 -48.008
8.00598 9.59518 -119.696 -41.7148 -40.2557 -47.9418
7.79707 9.39358 -119.935 -41.8487 -40.3863 -47.8751
7.58749 9.19132 -120.174 -41.9828 -40.5172 -47.8078
7.37724 8.98841 -120.413 -42.1172 -40.6483 -47.74
7.16632 8.78484 -120.652 -42.2519 -40.7798 -47.6716
6.95472 8.58061 -120.89 -42.3868 -40.9115 -47.6026
6.74245 8.37572 -121.128 -42.522 -41.0434 -47.533
6.5295 8.17017 -121.365 -42.6574 -41.1757 -47.4629
6.31588 7.96396 -121.603 -42.7931 -41.3083 -47.3922
6.10157 7.75709 -121.839 -42.9291 -41.4411 -47.3209
5.88659 7.54955 -122.076 -43.0654 -41.5743 -47.249
5.67092 7.34135 -122.312 -43.2019 -41.7077 -47.1766
5.45457 7.13248 -122.548 -43.3387 -41.8414 -47.1035
5.23753 6.92294 -122.783 -43.4757 -41.9754 -47.0299
5.01981 6.71272 -123.018 -43.6131 -42.1096 -46.9556
4.8014 6.50184 -123.252 -43.7507 -42.2442 -46.8808
4.5823 6.29028 -123.487 -43.8885 -42.3791 -46.8053
4.36252 6.07805 -123.72 -44.0266 -42.5142 -46.7293
4.14204 5.86514 -123.954 -44.165 -42.6496 -46.6526
3.92087 5.65155 -124.187 -44.3037 -42.7853 -46.5753
3.699 5.43729 -124.42 -44.4426 -42.9213 -46.4974
3.47644 5.22234 -124.652 -44.5818 -43.0576 -46.4188
3.25318 5.00671 -124.884 -44.7212 -43.1942 -46.3397
3.02923 4.7904 -125.115 -44.8609 -43.3311 -46.2599
2.80458 4.5734 -125.346 -45.0009 -43.4683 -46.1794
2.57922 4.35572 -125.577 -45.1412 -43.6057 -46.0983
2.35316 4.13734 -125.807 -45.2817 -43.7435 -46.0166
2.1264 3.91828 -126.037 -45.4225 -43.8815 -45.9342
1.89894 3.69853 -126.267 -45.5635 -44.0198 -45.8511
1.67077 3.47808 -126.496 -45.7048 -44.1584 -45.7674
1.44189 3.25694 -126.724 -45.8464 -44.2974 -45.683
1.21231 3.03511 -126.953 -45.9882 -44.4366 -45.598
0.98201 2.81258 -127.18 -46.1303 -44.5761 -45.5123
0.751003 2.58935 -127.408 -46.2727 -44.7158 -45.4259
0.519283 2.36542 -127.635 -46.4153 -44.8559 -45.3388
0.28685 2.14079 -127.861 -46.5582 -44.9963 -45.2511
0.0537012 1.91546 -128.087 -46.7014 -45.137 -45.1626
-0.180164 1.68942 -128.313 -46.8448 -45.2779 -45.0735
-0.414747 1.46268 -128.538 -46.9885 -45.4192 -44.9836
-0.650049 1.23523 -128.763 -47.1325 -45.5607 -44.8931
-0.886071 1.00707 -128.987 -47.2767 -45.7026 -44.8018
-1.12281 0.778206 -129.211 -47.4211 -45.8447 -44.7098
-1.36028 0.548627 -129.434 -47.5659 -45.9871 -44.6171
-1.59847 0.318335 -129.657 -47.7109 -46.1298 -44.5237
-1.83739 0.0873287 -129.879 -47.8561 -46.2728 -44.4295
-2.07703 -0.144393 -130.101 -48.0016 -46.4161 -44.3346
-2.31741 -0.376832 -130.323 -48.1474 -46.5597 -44.239
-2.55851 -0.60999 -130.544 -48.2934 -46.7036 -44.1426
-2.80034 -0.843868 -130.764 -48.4397 -46.8478 -44.0455
-3.0429 -1.07847 -130.984 -48.5863 -46.9923 -43.9476
-3.2862 -1.31379 -131.203 -48.7331 -47.1371 -43.849
-3.53023 -1.54984 -131.422 -48.8802 -47.2821 -43.7496
-3.775 -1.78661 -131.641 -49.0275 -47.4275 -43.6494
-4.02051 -2.02411 -131.859 -49.1751 -47.5731 -43.5485
-4.26675 -2.26234 -132.076 -49.3229 -47.7191 -43.4468
-4.51374 -2.5013 -132.293 -49.471 -47.8653 -43.3442
-4.76146 -2.74099 -132.51 -49.6194 -48.0118 -43.2409
-5.00993 -2.98142 -132.726 -49.768 -48.1586 -43.1368
-5.25914 -3.22258 -132.941 -49.9168 -48.3057 -43.0319
-5.5091 -3.46448 -133.156 -50.0659 -48.4531 -42.9262
-5.7598 -3.70711 -133.371 -50.2153 -48.6008 -42.8197
-6.01125 -3.95049 -133.584 -50.3649 -48.7488 -42.7123
-6.26345 -4.1946 -133.798 -50.5148 -48.8971 -42.6041
-6.5164 -4.43946 -134.01 -50.6649 -49.0456 -42.4951
-6.7701 -4.68505 -134.223 -50.8153 -49.1945 -42.3853
-7.02455 -4.9314 -134.434 -50.9659 -49.3436 -42.2746
-7.27976 -5.17849 -134.645 -51.1167 -49.493 -42.163
-7.53572 -5.42633 -134.856 -51.2679 -49.6427 -42.0506
-7.79243 -5.67492 -135.066 -51.4192 -49.7927 -41.9373
-8.04991 -5.92426 -135.275 -51.5708 -49.943 -41.8232
-8.30814 -6.17435 -135.484 -51.7227 -50.0936 -41.7082
-8.56714 -6.42519 -135.692 -51.8748 -50.2445 -41.5923
-8.82689 -6.67679 -135.9 -52.0271 -50.3956 -41.4755
-9.08741 -6.92915 -136.107 -52.1797 -50.547 -41.3579
-9.34869 -7.18226 -136.314 -52.3326 -50.6987 -41.2393
-9.61073 -7.43613 -136.519 -52.4857 -50.8507 -41.1198
-9.87354 -7.69077 -136.725 -52.639 -51.003 -40.9994
-10.1371 -7.94616 -136.929 -52.7925 -51.1556 -40.8781
-10.4015 -8.20232 -137.134 -52.9463 -51.3084 -40.7559
-10.6666 -8.45925 -137.337 -53.1004 -51.4616 -40.6327
-10.9325 -8.71694 -137.54 -53.2547 -51.615 -40.5086
-11.1991 -8.9754 -137.742 -53.4092 -51.7686 -40.3836
-11.4666 -9.23463 -137.944 -53.5639 -51.9226 -40.2576
-11.7348 -9.49462 -138.145 -53.7189 -52.0768 -40.1306
-12.0038 -9.75539 -138.345 -53.8741 -52.2314 -40.0027
-12.2735 -10.0169 -138.545 -54.0296 -52.3861 -39.8738
-12.544 -10.2793 -138.744 -54.1853 -52.5412 -39.7439
-12.8154 -10.5423 -138.942 -54.3412 -52.6966 -39.613
-13.0875 -10.8062 -139.14 -54.4973 -52.8522 -39.4811
-13.3603 -11.0709 -139.337 -54.6537 -53.008 -39.3482
-13.634 -11.3363 -139.533 -54.8103 -53.1642 -39.2144
-13.9084 -11.6025 -139.729 -54.9672 -53.3206 -39.0795
-14.1837 -11.8695 -139.924 -55.1242 -53.4773 -38.9435
-14.4597 -12.1373 -140.119 -55.2815 -53.6343 -38.8066
-14.7365 -12.4058 -140.312 -55.439 -53.7915 -38.6686
-15.0141 -12.6752 -140.505 -55.5967 -53.949 -38.5295
-15.2924 -12.9453 -140.698 -55.7547 -54.1067 -38.3894
-15.5716 -13.2163 -140.889 -55.9129 -54.2647 -38.2483
-15.8516 -13.488 -141.08 -56.0713 -54.423 -38.106
-16.1323 -13.7605 -141.27 -56.2299 -54.5815 -37.9627
-16.4139 -14.0338 -141.46 -56.3887 -54.7403 -37.8183
-16.6962 -14.3079 -141.648 -56.5477 -54.8994 -37.6728
-16.9794 -14.5828 -141.836 -56.707 -55.0587 -37.5262
-17.2633 -14.8585 -142.024 -56.8665 -55.2182 -37.3785
-17.548 -15.135 -142.21 -57.0262 -55.378 -37.2297
-17.8335 -15.4123 -142.396 -57.186 -55.5381 -37.0797
-18.1199 -15.6904 -142.581 -57.3461 -55.6984 -36.9286
-18.407 -15.9692 -142.765 -57.5064 -55.8589 -36.7764
-18.6949 -16.2489 -142.949 -57.667 -56.0197 -36.623
-18.9837 -16.5294 -143.131 -57.8277 -56.1808 -36.4684
-19.2732 -16.8107 -143.313 -57.9886 -56.3421 -36.3127
-19.5636 -17.0929 -143.495 -58.1497 -56.5036 -36.1558
-19.8547 -17.3758 -143.675 -58.311 -56.6653 -35.9977
-20.1467 -17.6595 -143.855 -58.4725 -56.8273 -35.8384
-20.4394 -17.9441 -144.033 -58.6343 -56.9896 -35.678
-20.733 -18.2294 -144.211 -58.7962 -57.152 -35.5163
-21.0274 -18.5156 -144.388 -58.9583 -57.3147 -35.3533
-21.3226 -18.8026 -144.565 -59.1205 -57.4777 -35.1892
-21.6186 -19.0904 -144.74 -59.283 -57.6408 -35.0238
-21.9154 -19.379 -144.915 -59.4457 -57.8042 -34.8572
-22.2131 -19.6684 -145.089 -59.6085 -57.9678 -34.6893
-22.5115 -19.9586 -145.262 -59.7716 -58.1316 -34.5201
-22.8108 -20.2497 -145.434 -59.9348 -58.2956 -34.3497
-23.1109 -20.5416 -145.605 -60.0982 -58.4599 -34.1779
-23.4118 -20.8343 -145.776 -60.2617 -58.6243 -34.0049
-23.7135 -21.1278 -145.946 -60.4255 -58.789 -33.8306
-24.016 -21.4222 -146.114 -60.5894 -58.9539 -33.6549
-24.3194 -21.7174 -146.282 -60.7535 -59.119 -33.478
-24.6235 -22.0134 -146.449 -60.9177 -59.2842 -33.2997
-24.9285 -22.3102 -146.615 -61.0822 -59.4497 -33.12
-25.2344 -22.6079 -146.78 -61.2467 -59.6154 -32.939
-25.541 -22.9064 -146.944 -61.4115 -59.7813 -32.7566
-25.8485 -23.2057 -147.108 -61.5764 -59.9474 -32.5729
-26.1568 -23.5058 -147.27 -61.7415 -60.1136 -32.3878
-26.4659 -23.8068 -147.432 -61.9067 -60.2801 -32.2013
-26.7758 -24.1086 -147.592 -62.072 -60.4467 -32.0133
-27.0866 -24.4113 -147.752 -62.2375 -60.6135 -31.824
-27.3982 -24.7148 -147.91 -62.4032 -60.7805 -31.6333
-27.7106 -25.0191 -148.068 -62.569 -60.9477 -31.4411
-28.0239 -25.3243 -148.225 -62.735 -61.115 -31.2474
-28.338 -25.6303 -148.381 -62.901 -61.2825 -31.0523
-28.6529 -25.9371 -148.535 -63.0673 -61.4502 -30.8558
-28.9687 -26.2448 -148.689 -63.2336 -61.618 -30.6577
-29.2852 -26.5533 -148.842 -63.4001 -61.786 -30.4582
-29.6027 -26.8626 -148.994 -63.5667 -61.9541 -30.2571
-29.9209 -27.1728 -149.145 -63.7334 -62.1224 -30.0546
-30.24 -27.4838 -149.294 -63.9002 -62.2908 -29.8505
-30.5599 -27.7957 -149.443 -64.0672 -62.4594 -29.645
-30.8807 -28.1084 -149.591 -64.2343 -62.6281 -29.4378
-31.2023 -28.422 -149.737 -64.4015 -62.797 -29.2291
-31.5247 -28.7364 -149.883 -64.5687 -62.966 -29.0189
-31.8479 -29.0517 -150.028 -64.7361 -63.1351 -28.807
-32.172 -29.3677 -150.171 -64.9036 -63.3043 -28.5936
-32.497 -29.6847 -150.314 -65.0712 -63.4737 -28.3786
-32.8228 -30.0025 -150.455 -65.2388 -63.6432 -28.162
-33.1494 -30.3211 -150.595 -65.4066 -63.8127 -27.9437
-33.4768 -30.6406 -150.734 -65.5744 -63.9824 -27.7238
-33.8051 -30.9609 -150.872 -65.7424 -64.1522 -27.5023
-34.1342 -31.2821 -151.009 -65.9103 -64.3221 -27.2791
-34.4642 -31.6042 -151.145 -66.0784 -64.4921 -27.0543
-34.795 -31.9271 -151.28 -66.2465 -64.6622 -26.8277
-35.1267 -32.2508 -151.413 -66.4147 -64.8323 -26.5995
-35.4592 -32.5754 -151.546 -66.5829 -65.0025 -26.3695
-35.7925 -32.9008 -151.677 -66.7512 -65.1728 -26.1379
-36.1267 -33.2271 -151.807 -66.9196 -65.3432 -25.9045
-36.4617 -33.5542 -151.936 -67.0879 -65.5136 -25.6694
-36.7976 -33.8822 -152.064 -67.2564 -65.6841 -25.4325
-37.1343 -34.2111 -152.191 -67.4248 -65.8547 -25.1938
-37.4718 -34.5408 -152.316 -67.5933 -66.0253 -24.9534
-37.8102 -34.8713 -152.44 -67.7618 -66.1959 -24.7112
-38.1494 -35.2027 -152.563 -67.9303 -66.3666 -24.4672
-38.4895 -35.535 -152.685 -68.0988 -66.5372 -24.2213
-38.8304 -35.8681 -152.805 -68.2674 -66.708 -23.9736
-39.1722 -36.2021 -152.924 -68.4359 -66.8787 -23.7241
-39.5148 -36.5369 -153.042 -68.6044 -67.0494 -23.4728
-39.8582 -36.8726 -153.159 -68.7729 -67.2202 -23.2195
-40.2025 -37.2091 -153.275 -68.9414 -67.3909 -22.9644
-40.5476 -37.5465 -153.389 -69.1099 -67.5617 -22.7074
-40.8936 -37.8847 -153.502 -69.2784 -67.7324 -22.4485
-41.2404 -38.2238 -153.613 -69.4468 -67.9031 -22.1876
-41.5881 -38.5637 -153.724 -69.6151 -68.0737 -21.9249
-41.9366 -38.9045 -153.833 -69.7835 -68.2444 -21.6601
-42.2859 -39.2462 -153.94 -69.9517 -68.4149 -21.3935
-42.6361 -39.5887 -154.047 -70.1199 -68.5855 -21.1248
-42.9871 -39.932 -154.151 -70.2881 -68.7559 -20.8542
-43.339 -40.2763 -154.255 -70.4561 -68.9264 -20.5815
-43.6917 -40.6213 -154.357 -70.6241 -69.0967 -20.3069
-44.0452 -40.9672 -154.458 -70.792 -69.2669 -20.0302
-44.3996 -41.314 -154.558 -70.9598 -69.4371 -19.7515
-44.7548 -41.6616 -154.656 -71.1275 -69.6072 -19.4707
-45.1109 -42.01 -154.752 -71.295 -69.7771 -19.1878
-45.4678 -42.3594 -154.848 -71.4625 -69.947 -18.9029
-45.8255 -42.7095 -154.941 -71.6298 -70.1167 -18.6158
-46.184 -43.0605 -155.034 -71.797 -70.2863 -18.3267
-46.5435 -43.4124 -155.125 -71.964 -70.4557 -18.0354
-46.9037 -43.7651 -155.214 -72.1309 -70.625 -17.742
-47.2648 -44.1186 -155.302 -72.2976 -70.7941 -17.4465
-47.6267 -44.473 -155.388 -72.4642 -70.9631 -17.1487
-47.9894 -44.8283 -155.473 -72.6305 -71.1319 -16.8488
-48.353 -45.1843 -155.557 -72.7967 -71.3005 -16.5467
-48.7174 -45.5413 -155.639 -72.9627 -71.4689 -16.2424
-49.0826 -45.899 -155.719 -73.1285 -71.637 -15.9359
-49.4487 -46.2576 -155.798 -73.294 -71.805 -15.6271
-49.8155 -46.6171 -155.876 -73.4594 -71.9727 -15.3161
-50.1832 -46.9774 -155.951 -73.6245 -72.1402 -15.0028
-50.5518 -47.3385 -156.026 -73.7893 -72.3075 -14.6872
-50.9211 -47.7004 -156.098 -73.954 -72.4744 -14.3693
-51.2913 -48.0632 -156.169 -74.1183 -72.6411 -14.0491
-51.6623 -48.4268 -156.239 -74.2824 -72.8075 -13.7266
-52.0341 -48.7913 -156.307 -74.4461 -72.9737 -13.4018
-52.4068 -49.1566 -156.373 -74.6096 -73.1395 -13.0745
-52.7802 -49.5227 -156.437 -74.7728 -73.3049 -12.745
-53.1545 -49.8896 -156.5 -74.9356 -73.4701 -12.413
-53.5296 -50.2574 -156.562 -75.0982 -73.6349 -12.0786
-53.9055 -50.626 -156.621 -75.2603 -73.7993 -11.7419
-54.2822 -50.9954 -156.679 -75.4222 -73.9634 -11.4027
-54.6597 -51.3656 -156.735 -75.5836 -74.1271 -11.061
-55.038 -51.7367 -156.79 -75.7447 -74.2903 -10.7169
-55.4172 -52.1085 -156.842 -75.9054 -74.4532 -10.3703
-55.7971 -52.4812 -156.893 -76.0657 -74.6156 -10.0212
-56.1778 -52.8547 -156.942 -76.2256 -74.7776 -9.66966
-56.5593 -53.229 -156.99 -76.3851 -74.9391 -9.31557
-56.9417 -53.6041 -157.036 -76.5441 -75.1002 -8.95894
-57.3248 -53.98 -157.08 -76.7027 -75.2608 -8.59977
-57.7087 -54.3567 -157.122 -76.8608 -75.4208 -8.23803
-58.0934 -54.7342 -157.162 -77.0184 -75.5804 -7.87371
-58.4789 -55.1125 -157.2 -77.1755 -75.7394 -7.5068
-58.8651 -55.4916 -157.237 -77.3322 -75.8979 -7.13729
-59.2522 -55.8714 -157.272 -77.4883 -76.0558 -6.76515
-59.64 -56.2521 -157.305 -77.6439 -76.2131 -6.39037
-60.0286 -56.6336 -157.336 -77.7989 -76.3698 -6.01294
-60.418 -57.0158 -157.365 -77.9534 -76.5259 -5.63285
-60.8082 -57.3988 -157.392 -78.1073 -76.6814 -5.25007
-61.1991 -57.7826 -157.417 -78.2606 -76.8362 -4.86459
-61.5908 -58.1672 -157.441 -78.4132 -76.9903 -4.4764
-61.9832 -58.5525 -157.462 -78.5653 -77.1438 -4.08548
-62.3764 -58.9386 -157.481 -78.7167 -77.2965 -3.69182
-62.7704 -59.3255 -157.499 -78.8675 -77.4485 -3.2954
-63.1651 -59.7131 -157.514 -79.0176 -77.5998 -2.89621
-63.5606 -60.1015 -157.528 -79.167 -77.7503 -2.49424
-63.9568 -60.4906 -157.539 -79.3158 -77.9 -2.08946
-64.3537 -60.8805 -157.549 -79.4638 -78.0489 -1.68186
-64.7514 -61.2711 -157.556 -79.611 -78.1969 -1.27143
-65.1498 -61.6625 -157.562 -79.7575 -78.3441 -0.858158
-65.549 -62.0545 -157.565 -79.9033 -78.4905 -0.442021
-65.9489 -62.4474 -157.566 -80.0482 -78.6359 -0.0230076
-66.3495 -62.8409 -157.565 -80.1924 -78.7804 0.398898
-66.7508 -63.2352 -157.562 -80.3357 -78.924 0.823709
-67.1528 -63.6301 -157.557 -80.4782 -79.0666 1.25144
-67.5556 -64.0258 -157.549 -80.6198 -79.2083 1.68211
-67.959 -64.4222 -157.54 -80.7606 -79.3489 2.11573
-68.3632 -64.8193 -157.528 -80.9005 -79.4885 2.55232
-68.768 -65.2171 -157.514 -81.0394 -79.627 2.99188
-69.1736 -65.6156 -157.498 -81.1774 -79.7644 3.43445
-69.5798 -66.0148 -157.48 -81.3145 -79.9007 3.88002
-69.9867 -66.4146 -157.46 -81.4505 -80.0359 4.32862
-70.3943 -66.8151 -157.437 -81.5856 -80.1699 4.78026
-70.8026 -67.2163 -157.412 -81.7197 -80.3027 5.23495
-71.2115 -67.6181 -157.384 -81.8528 -80.4343 5.69272
-71.6211 -68.0206 -157.355 -81.9848 -80.5646 6.15357
-72.0313 -68.4238 -157.323 -82.1157 -80.6936 6.61752
-72.4423 -68.8276 -157.289 -82.2455 -80.8214 7.08459
-72.8538 -69.232 -157.252 -82.3742 -80.9477 7.55479
-73.266 -69.637 -157.213 -82.5018 -81.0727 8.02814
-73.6788 -70.0427 -157.172 -82.6282 -81.1963 8.50465
-74.0923 -70.449 -157.128 -82.7535 -81.3185 8.98434
-74.5064 -70.8559 -157.082 -82.8775 -81.4391 9.46722
-74.9211 -71.2634 -157.033 -83.0003 -81.5583 9.95332
-75.3364 -71.6715 -156.982 -83.1219 -81.6759 10.4426
-75.7523 -72.0802 -156.929 -83.2422 -81.7919 10.9352
-76.1688 -72.4894 -156.873 -83.3612 -81.9063 11.431
-76.5859 -72.8992 -156.815 -83.4789 -82.0191 11.9301
-77.0036 -73.3096 -156.754 -83.5952 -82.1302 12.4325
-77.4218 -73.7205 -156.69 -83.7102 -82.2395 12.9383
-77.8407 -74.132 -156.624 -83.8238 -82.347 13.4473
-78.2601 -74.544 -156.556 -83.936 -82.4528 13.9597
-78.68 -74.9565 -156.485 -84.0468 -82.5566 14.4755
-79.1005 -75.3696 -156.411 -84.1561 -82.6586 14.9946
-79.5216 -75.7831 -156.335 -84.2639 -82.7586 15.5172
-79.9432 -76.1971 -156.256 -84.3702 -82.8566 16.0432
-80.3653 -76.6117 -156.174 -84.475 -82.9526 16.5726
-80.7879 -77.0267 -156.09 -84.5782 -83.0465 17.1055
-81.2111 -77.4421 -156.003 -84.6797 -83.1382 17.6419
-81.6347 -77.858 -155.914 -84.7797 -83.2277 18.1819
-82.0589 -78.2744 -155.822 -84.878 -83.315 18.7253
-82.4835 -78.6912 -155.727 -84.9747 -83.4 19.2724
-82.9086 -79.1084 -155.629 -85.0696 -83.4826 19.8231
-83.3342 -79.526 -155.528 -85.1628 -83.5628 20.3774
-83.7603 -79.944 -155.425 -85.2542 -83.6405 20.9353
-84.1868 -80.3624 -155.319 -85.3438 -83.7156 21.497
-84.6137 -80.7812 -155.21 -85.4315 -83.7882 22.0623
-85.0411 -81.2003 -155.098 -85.5173 -83.858 22.6315
-85.4689 -81.6198 -154.984 -85.6013 -83.9251 23.2044
-85.8971 -82.0396 -154.866 -85.6832 -83.9894 23.7812
-86.3257 -82.4597 -154.746 -85.7632 -84.0507 24.3619
-86.7547 -82.8801 -154.623 -85.8411 -84.1091 24.9465
-87.1841 -83.3007 -154.496 -85.9168 -84.1644 25.5351
-87.6139 -83.7217 -154.367 -85.9905 -84.2165 26.1278
-88.044 -84.1429 -154.235 -86.0619 -84.2655 26.7245
-88.4745 -84.5644 -154.1 -86.131 -84.311 27.3254
-88.9053 -84.986 -153.962 -86.1978 -84.3532 27.9304
-89.3365 -85.4079 -153.821 -86.2622 -84.3918 28.5398
-89.768 -85.8299 -153.677 -86.3241 -84.4268 29.1535
-90.1997 -86.2521 -153.529 -86.3834 -84.4581 29.7717
-90.6318 -86.6745 -153.379 -86.4401 -84.4856 30.3943
-91.0641 -87.097 -153.225 -86.494 -84.5091 31.0215
-91.4967 -87.5196 -153.069 -86.545 -84.5285 31.6535
-91.9296 -87.9423 -152.909 -86.593 -84.5438 32.2901
-92.3627 -88.365 -152.746 -86.6378 -84.5547 32.9317
-92.796 -88.7878 -152.579 -86.6794 -84.5613 33.5782
-93.2295 -89.2106 -152.41 -86.7175 -84.5633 34.2298
-93.6631 -89.6335 -152.237 -86.7519 -84.5607 34.8865
-94.097 -90.0562 -152.061 -86.7825 -84.5533 35.5486
-94.531 -90.479 -151.882 -86.809 -84.541 36.216
-94.9651 -90.9016 -151.699 -86.8312 -84.5238 36.889
-95.3993 -91.3242 -151.513 -86.8487 -84.5015 37.5675
-95.8336 -91.7467 -151.323 -86.8614 -84.474 38.2518
-96.2679 -92.169 -151.13 -86.8688 -84.4414 38.9418
-96.7022 -92.5911 -150.934 -86.8707 -84.4034 39.6377
-97.1366 -93.013 -150.734 -86.8666 -84.3602 40.3395
-97.5709 -93.4347 -150.53 -86.8561 -84.3117 41.0472
-98.0052 -93.8561 -150.323 -86.8388 -84.258 41.7608
-98.4393 -94.2772 -150.113 -86.8143 -84.1992 42.4803
-98.8733 -94.6981 -149.898 -86.7821 -84.1353 43.2056
-99.3071 -95.1186 -149.681 -86.7417 -84.0667 43.9365
-99.7407 -95.5387 -149.459 -86.6928 -83.9934 44.6729
-100.174 -95.9585 -149.234 -86.6348 -83.9158 45.4145
-100.607 -96.3779 -149.005 -86.5675 -83.8343 46.1609
-101.04 -96.7969 -148.772 -86.4904 -83.7493 46.9119
-101.472 -97.2154 -148.536 -86.4032 -83.6611 47.6668
-101.904 -97.6335 -148.296 -86.3059 -83.5703 48.4252
-102.335 -98.0511 -148.052 -86.1984 -83.4775 49.1865
-102.766 -98.4683 -147.804 -86.0806 -83.3831 49.9501
-103.196 -98.8849 -147.552 -85.9527 -83.2876 50.7153
-103.625 -99.3011 -147.296 -85.815 -83.1917 51.4814
-104.054 -99.7169 -147.037 -85.6679 -83.0956 52.2479
-104.482 -100.132 -146.774 -85.5119 -83 53.014
-104.909 -100.547 -146.507 -85.3477 -82.9051 53.7791
-105.335 -100.961 -146.236 -85.1758 -82.8112 54.5428
-105.761 -101.375 -145.962 -84.9971 -82.7184 55.3046
-106.185 -101.788 -145.683 -84.8122 -82.6269 56.0641
-106.609 -102.201 -145.401 -84.6221 -82.5367 56.8211
-107.031 -102.614 -145.115 -84.4272 -82.4477 57.5753
-107.453 -103.026 -144.825 -84.2285 -82.3597 58.3266
-107.874 -103.437 -144.532 -84.0265 -82.2725 59.075
-108.293 -103.849 -144.234 -83.8218 -82.1859 59.8205
-108.712 -104.259 -143.933 -83.6148 -82.0996 60.5633
-109.13 -104.67 -143.629 -83.4061 -82.0132 61.3033
-109.546 -105.079 -143.32 -83.1959 -81.9264 62.0409
-109.961 -105.489 -143.008 -82.9845 -81.8389 62.7762
-110.376 -105.898 -142.693 -82.7721 -81.7504 63.5093
-110.789 -106.306 -142.373 -82.5588 -81.6604 64.2406
-111.201 -106.714 -142.05 -82.3447 -81.5688 64.9701
-111.613 -107.122 -141.724 -82.1299 -81.4751 65.6982
-112.023 -107.529 -141.393 -81.9143 -81.3791 66.4249
-112.432 -107.936 -141.059 -81.6979 -81.2805 67.1505
-112.84 -108.342 -140.722 -81.4806 -81.1792 67.8752
-113.247 -108.748 -140.381 -81.2622 -81.0748 68.599
-113.652 -109.153 -140.036 -81.0428 -80.9672 69.3222
-114.057 -109.557 -139.687 -80.8221 -80.8561 70.0447
-114.461 -109.961 -139.335 -80.6 -80.7415 70.7669
-114.863 -110.365 -138.98 -80.3765 -80.6231 71.4886
-115.264 -110.768 -138.62 -80.1512 -80.5009 72.2101
-115.665 -111.17 -138.258 -79.9242 -80.3746 72.9313
-116.064 -111.571 -137.891 -79.6951 -80.2442 73.6523
-116.462 -111.972 -137.521 -79.464 -80.1096 74.3732
-116.858 -112.372 -137.147 -79.2306 -79.9706 75.0939
-117.254 -112.772 -136.77 -78.9949 -79.8273 75.8145
-117.648 -113.171 -136.389 -78.7566 -79.6795 76.5349
-118.041 -113.569 -136.005 -78.5157 -79.5271 77.2552
-118.433 -113.966 -135.617 -78.272 -79.3701 77.9754
-118.824 -114.362 -135.225 -78.0254 -79.2084 78.6954
-119.214 -114.758 -134.83 -77.7759 -79.0421 79.4152
-119.602 -115.153 -134.431 -77.5232 -78.8709 80.1347
-119.989 -115.547 -134.028 -77.2673 -78.6949 80.854
-120.375 -115.94 -133.622 -77.008 -78.5141 81.5729
-120.759 -116.332 -133.213 -76.7454 -78.3284 82.2915
-121.142 -116.723 -132.799 -76.4793 -78.1377 83.0096
-121.524 -117.113 -132.383 -76.2096 -77.9422 83.7273
-121.904 -117.502 -131.962 -75.9362 -77.7416 84.4444
-122.283 -117.891 -131.538 -75.6591 -77.536 85.1608
-122.661 -118.278 -131.111 -75.3781 -77.3254 85.8766
-123.037 -118.664 -130.679 -75.0934 -77.1097 86.5915
-123.412 -119.049 -130.245 -74.8046 -76.889 87.3057
-123.785 -119.433 -129.806 -74.5119 -76.6631 88.0189
-124.157 -119.816 -129.364 -74.2151 -76.4322 88.7311
-124.527 -120.197 -128.919 -73.9143 -76.1961 89.4422
-124.896 -120.578 -128.47 -73.6093 -75.955 90.1522
-125.263 -120.957 -128.017 -73.3 -75.7086 90.8608
-125.629 -121.335 -127.561 -72.9866 -75.4572 91.5681
-125.993 -121.711 -127.102 -72.6689 -75.2005 92.274
-126.356 -122.087 -126.639 -72.3469 -74.9387 92.9784
-126.717 -122.461 -126.172 -72.0205 -74.6718 93.6811
-127.076 -122.833 -125.702 -71.6898 -74.3996 94.3821
-127.433 -123.205 -125.228 -71.3547 -74.1223 95.0812
-127.789 -123.575 -124.751 -71.0152 -73.8398 95.7785
-128.144 -123.943 -124.27 -70.6712 -73.5522 96.4737
-128.496 -124.31 -123.786 -70.3228 -73.2594 97.1668
-128.847 -124.676 -123.299 -69.9699 -72.9614 97.8577
-129.196 -125.04 -122.808 -69.6126 -72.6582 98.5463
-129.543 -125.402 -122.313 -69.2507 -72.3499 99.2324
-129.888 -125.763 -121.815 -68.8844 -72.0364 99.9161
-130.232 -126.123 -121.314 -68.5135 -71.7178 100.597
-130.573 -126.48 -120.809 -68.1381 -71.3941 101.275
-130.913 -126.837 -120.301 -67.7583 -71.0653 101.951
-131.251 -127.191 -119.79 -67.3739 -70.7314 102.623
-131.587 -127.544 -119.275 -66.985 -70.3923 103.293
-131.921 -127.895 -118.757 -66.5916 -70.0483 103.959
-132.253 -128.244 -118.236 -66.1938 -69.6991 104.622
-132.583 -128.592 -117.711 -65.7914 -69.3449 105.282
-132.911 -128.938 -117.183 -65.3846 -68.9858 105.938
-133.237 -129.282 -116.651 -64.9733 -68.6216 106.591
-133.56 -129.624 -116.117 -64.5576 -68.2525 107.24
-133.882 -129.964 -115.579 -64.1375 -67.8784 107.885
-134.202 -130.303 -115.038 -63.713 -67.4994 108.526
-134.519 -130.639 -114.494 -63.2841 -67.1156 109.164
-134.835 -130.974 -113.946 -62.8508 -66.7269 109.797
-135.148 -131.307 -113.396 -62.4132 -66.3334 110.426
-135.459 -131.637 -112.842 -61.9714 -65.9351 111.051
-135.768 -131.966 -112.285 -61.5252 -65.532 111.671
-136.074 -132.293 -111.725 -61.0748 -65.1242 112.287
-136.378 -132.617 -111.162 -60.6202 -64.7118 112.899
-136.68 -132.94 -110.596 -60.1615 -64.2947 113.505
-136.98 -133.26 -110.027 -59.6986 -63.873 114.107
-137.277 -133.578 -109.455 -59.2316 -63.4467 114.704
-137.572 -133.895 -108.88 -58.7606 -63.016 115.296
-137.865 -134.209 -108.302 -58.2856 -62.5807 115.883
-138.155 -134.52 -107.721 -57.8066 -62.1411 116.464
-138.443 -134.83 -107.138 -57.3237 -61.6971 117.04
-138.728 -135.137 -106.551 -56.8369 -61.2487 117.611
-139.011 -135.443 -105.962 -56.3463 -60.7961 118.177
-139.292 -135.745 -105.369 -55.8519 -60.3392 118.737
-139.57 -136.046 -104.774 -55.3538 -59.8782 119.291
-139.845 -136.344 -104.176 -54.8521 -59.4131 119.839
-140.118 -136.64 -103.576 -54.3467 -58.9439 120.382
-140.389 -136.934 -102.973 -53.8377 -58.4707 120.919
-140.657 -137.225 -102.367 -53.3253 -57.9936 121.449
-140.922 -137.514 -101.758 -52.8094 -57.5126 121.974
-141.185 -137.8 -101.147 -52.2902 -57.0278 122.493
-141.445 -138.084 -100.533 -51.7676 -56.5392 123.005
-141.703 -138.365 -99.9169 -51.2418 -56.0469 123.511
-141.957 -138.644 -99.2981 -50.7128 -55.551 124.01
-142.21 -138.921 -98.6768 -50.1807 -55.0515 124.503
-142.459 -139.195 -98.053 -49.6455 -54.5485 124.99
-142.706 -139.466 -97.4269 -49.1073 -54.0421 125.469
-142.95 -139.735 -96.7983 -48.5662 -53.5323 125.943
-143.192 -140.002 -96.1674 -48.0222 -53.0193 126.409
-143.43 -140.265 -95.5342 -47.4755 -52.503 126.868
-143.667 -140.527 -94.8988 -46.926 -51.9836 127.321
-143.9 -140.785 -94.261 -46.374 -51.4611 127.767
-144.13 -141.041 -93.6211 -45.8193 -50.9356 128.206
-144.358 -141.295 -92.979 -45.2622 -50.4071 128.637
-144.583 -141.545 -92.3347 -44.7026 -49.8758 129.062
-144.805 -141.793 -91.6884 -44.1407 -49.3418 129.479
-145.024 -142.039 -91.0399 -43.5765 -48.805 129.889
-145.241 -142.281 -90.3895 -43.0102 -48.2656 130.292
-145.454 -142.521 -89.737 -42.4417 -47.7237 130.688
-145.665 -142.759 -89.0826 -41.8712 -47.1793 131.076
-145.873 -142.993 -88.4262 -41.2988 -46.6325 131.457
-146.078 -143.225 -87.768 -40.7245 -46.0834 131.83
-146.28 -143.454 -87.1079 -40.1483 -45.532 132.196
-146.48 -143.68 -86.4461 -39.5705 -44.9785 132.554
-146.676 -143.904 -85.7824 -38.991 -44.423 132.905
-146.87 -144.125 -85.117 -38.41 -43.8654 133.248
-147.06 -144.342 -84.4499 -37.8275 -43.306 133.584
-147.248 -144.558 -83.7812 -37.2436 -42.7447 133.912
-147.433 -144.77 -83.1108 -36.6584 -42.1817 134.232
-147.614 -144.979 -82.4389 -36.072 -41.617 134.545
-147.793 -145.186 -81.7654 -35.4844 -41.0508 134.85
-147.969 -145.39 -81.0904 -34.8958 -40.483 135.147
-148.142 -145.591 -80.4139 -34.3061 -39.9139 135.437
-148.312 -145.789 -79.736 -33.7156 -39.3433 135.718
-148.479 -145.984 -79.0567 -33.1242 -38.7716 135.993
-148.644 -146.177 -78.3761 -32.5321 -38.1987 136.259
-148.805 -146.366 -77.6941 -31.9393 -37.6246 136.517
-148.963 -146.553 -77.0109 -31.346 -37.0496 136.768
-149.118 -146.737 -76.3264 -30.7521 -36.4737 137.011
-149.27 -146.918 -75.6408 -30.1578 -35.8969 137.247
-149.42 -147.096 -74.954 -29.5631 -35.3193 137.474
-149.566 -147.271 -74.266 -28.9682 -34.7411 137.694
-149.709 -147.443 -73.577 -28.3731 -34.1622 137.906
-149.85 -147.613 -72.887 -27.7779 -33.5828 138.11
-149.987 -147.779 -72.1959 -27.1827 -33.003 138.307
-150.122 -147.943 -71.5039 -26.5875 -32.4228 138.496
-150.253 -148.103 -70.811 -25.9924 -31.8424 138.677
-150.382 -148.261 -70.1171 -25.3975 -31.2617 138.851
-150.507 -148.416 -69.4224 -24.8029 -30.6809 139.017
-150.63 -148.568 -68.727 -24.2087 -30.1 139.175
-150.749 -148.717 -68.0307 -23.6148 -29.5191 139.326
-150.866 -148.863 -67.3337 -23.0215 -28.9384 139.469
-150.979 -149.006 -66.636 -22.4287 -28.3578 139.605
-151.09 -149.147 -65.9376 -21.8365 -27.7774 139.733
-151.198 -149.284 -65.2387 -21.2451 -27.1974 139.853
-151.303 -149.419 -64.5391 -20.6544 -26.6177 139.967
-151.404 -149.55 -63.839 -20.0646 -26.0386 140.072
-151.503 -149.679 -63.1384 -19.4757 -25.4599 140.171
-151.599 -149.805 -62.4373 -18.8878 -24.8818 140.262
-151.692 -149.928 -61.7358 -18.3009 -24.3044 140.346
-151.782 -150.048 -61.0338 -17.7152 -23.7278 140.422
-151.869 -150.165 -60.3315 -17.1306 -23.1519 140.492
-151.953 -150.279 -59.6289 -16.5473 -22.5769 140.554
-152.035 -150.391 -58.926 -15.9652 -22.0029 140.609
-152.113 -150.499 -58.2228 -15.3846 -21.4298 140.657
-152.189 -150.605 -57.5194 -14.8053 -20.8578 140.698
-152.261 -150.708 -56.8158 -14.2276 -20.287 140.732
-152.331 -150.808 -56.1121 -13.6513 -19.7173 140.759
-152.398 -150.905 -55.4083 -13.0767 -19.1489 140.779
-152.462 -151 -54.7043 -12.5038 -18.5817 140.793
-152.523 -151.091 -54.0003 -11.9325 -18.016 140.799
-152.581 -151.18 -53.2963 -11.363 -17.4516 140.799
-152.636 -151.266 -52.5923 -10.7954 -16.8888 140.793
-152.689 -151.349 -51.8884 -10.2296 -16.3274 140.779
-152.739 -151.429 -51.1845 -9.66569 -15.7677 140.76
-152.785 -151.506 -50.4808 -9.10379 -15.2095 140.733
-152.83 -151.581 -49.7772 -8.5439 -14.6531 140.701
-152.871 -151.653 -49.0738 -7.98608 -14.0984 140.662
-152.909 -151.722 -48.3706 -7.43038 -13.5455 140.616
-152.945 -151.788 -47.6676 -6.87683 -12.9945 140.565
-152.978 -151.852 -46.9649 -6.32547 -12.4453 140.507
-153.008 -151.913 -46.2625 -5.77637 -11.898 140.444
-153.036 -151.971 -45.5605 -5.22955 -11.3528 140.374
-153.061 -152.026 -44.8588 -4.68505 -10.8095 140.298
-153.083 -152.079 -44.1575 -4.14292 -10.2683 140.217
-153.102 -152.129 -43.4566 -3.60319 -9.72923 140.129
-153.119 -152.176 -42.7562 -3.0659 -9.19229 140.036
-153.133 -152.221 -42.0563 -2.53109 -8.65753 139.937
-153.144 -152.263 -41.3568 -1.99878 -8.125 139.833
-153.153 -152.302 -40.6579 -1.46903 -7.59472 139.723
-153.159 -152.339 -39.9596 -0.941846 -7.06674 139.607
-153.162 -152.373 -39.2619 -0.417275 -6.54109 139.486
-153.163 -152.404 -38.5648 0.104658 -6.0178 139.36
-153.161 -152.433 -37.8683 0.623921 -5.49692 139.229
-153.157 -152.459 -37.1725 1.14049 -4.97846 139.092
-153.15 -152.483 -36.4774 1.65433 -4.46246 138.95
-153.14 -152.504 -35.783 2.16542 -3.94895 138.803
-153.128 -152.522 -35.0893 2.67374 -3.43796 138.651
-153.114 -152.538 -34.3965 3.17925 -2.92952 138.494
-153.096 -152.551 -33.7044 3.68195 -2.42365 138.333
