-100 -100 -100 0 0 10
-100 -100 -99.95 0.00100243 0.00186611 10.0021
-100 -100 -99.9 0.00200524 0.00373858 10.0041
-100 -100 -99.85 0.00300843 0.00561746 10.0062
-100 -99.9999 -99.7999 0.00401202 0.00750278 10.0083
-99.9999 -99.9999 -99.7499 0.00501601 0.00939459 10.0104
-99.9999 -99.9998 -99.6998 0.00602039 0.0112929 10.0124
-99.9999 -99.9998 -99.6497 0.00702519 0.0131978 10.0145
-99.9998 -99.9997 -99.5997 0.00803041 0.0151093 10.0166
-99.9998 -99.9996 -99.5496 0.00903604 0.0170274 10.0187
-99.9997 -99.9995 -99.4995 0.0100421 0.0189523 10.0208
-99.9997 -99.9994 -99.4494 0.0110486 0.0208838 10.0229
-99.9996 -99.9993 -99.3993 0.0120555 0.0228222 10.025
-99.9996 -99.9992 -99.3491 0.0130629 0.0247673 10.027
-99.9995 -99.9991 -99.299 0.0140708 0.0267193 10.0291
-99.9994 -99.9989 -99.2488 0.0150791 0.0286782 10.0312
-99.9994 -99.9988 -99.1987 0.0160878 0.0306441 10.0333
-99.9993 -99.9986 -99.1485 0.0170971 0.032617 10.0354
-99.9992 -99.9985 -99.0983 0.0181068 0.0345969 10.0375
-99.9991 -99.9983 -99.0481 0.019117 0.0365838 10.0396
-99.999 -99.9981 -98.9979 0.0201276 0.038578 10.0417
-99.9989 -99.9979 -98.9477 0.0211388 0.0405793 10.0438
-99.9988 -99.9977 -98.8975 0.0221505 0.0425878 10.0459
-99.9987 -99.9975 -98.8472 0.0231627 0.0446036 10.048
-99.9986 -99.9972 -98.797 0.0241754 0.0466268 10.0501
-99.9984 -99.997 -98.7467 0.0251886 0.0486573 10.0522
-99.9983 -99.9968 -98.6965 0.0262023 0.0506953 10.0543
-99.9982 -99.9965 -98.6462 0.0272166 0.0527407 10.0565
-99.998 -99.9962 -98.5959 0.0282314 0.0547937 10.0586
-99.9979 -99.9959 -98.5456 0.0292468 0.0568543 10.0607
-99.9977 -99.9957 -98.4953 0.0302627 0.0589225 10.0628
-99.9976 -99.9954 -98.445 0.0312792 0.0609984 10.0649
-99.9974 -99.995 -98.3947 0.0322962 0.063082 10.067
-99.9973 -99.9947 -98.3443 0.0333138 0.0651734 10.0692
-99.9971 -99.9944 -98.294 0.0343319 0.0672727 10.0713
-99.9969 -99.9941 -98.2436 0.0353507 0.06938 10.0734
-99.9967 -99.9937 -98.1932 0.03637 0.0714952 10.0755
-99.9966 -99.9933 -98.1428 0.0373899 0.0736184 10.0777
-99.9964 -99.993 -98.0925 0.0384105 0.0757497 10.0798
-99.9962 -99.9926 -98.0421 0.0394316 0.0778891 10.0819
-99.996 -99.9922 -97.9916 0.0404533 0.0800368 10.0841
-99.9958 -99.9918 -97.9412 0.0414757 0.0821927 10.0862
-99.9956 -99.9914 -97.8908 0.0424987 0.084357 10.0884
-99.9953 -99.9909 -97.8403 0.0435223 0.0865297 10.0905
-99.9951 -99.9905 -97.7899 0.0445465 0.0887108 10.0926
-99.9949 -99.9901 -97.7394 0.0455714 0.0909004 10.0948
-99.9947 -99.9896 -97.6889 0.046597 0.0930986 10.0969
-99.9944 -99.9891 -97.6384 0.0476231 0.0953055 10.0991
-99.9942 -99.9886 -97.5879 0.04865 0.0975211 10.1012
-99.9939 -99.9881 -97.5374 0.0496775 0.0997454 10.1034
-99.9937 -99.9876 -97.4869 0.0507057 0.101979 10.1055
-99.9934 -99.9871 -97.4364 0.0517346 0.104221 10.1077
-99.9932 -99.9866 -97.3858 0.0527641 0.106472 10.1099
-99.9929 -99.9861 -97.3353 0.0537943 0.108732 10.112
-99.9926 -99.9855 -97.2847 0.0548253 0.111002 10.1142
-99.9924 -99.985 -97.2341 0.0558569 0.11328 10.1164
-99.9921 -99.9844 -97.1835 0.0568893 0.115568 10.1185
-99.9918 -99.9838 -97.1329 0.0579223 0.117865 10.1207
-99.9915 -99.9832 -97.0823 0.0589561 0.120172 10.1229
-99.9912 -99.9826 -97.0317 0.0599906 0.122488 10.125
-99.9909 -99.982 -96.9811 0.0610259 0.124814 10.1272
-99.9906 -99.9813 -96.9304 0.0620619 0.127149 10.1294
-99.9903 -99.9807 -96.8798 0.0630986 0.129494 10.1316
-99.99 -99.9801 -96.8291 0.0641361 0.131849 10.1338
-99.9896 -99.9794 -96.7784 0.0651744 0.134214 10.1359
-99.9893 -99.9787 -96.7278 0.0662134 0.136589 10.1381
-99.989 -99.978 -96.6771 0.0672532 0.138974 10.1403
-99.9886 -99.9773 -96.6264 0.0682938 0.141369 10.1425
-99.9883 -99.9766 -96.5756 0.0693351 0.143775 10.1447
-99.9879 -99.9759 -96.5249 0.0703773 0.14619 10.1469
-99.9876 -99.9751 -96.4742 0.0714202 0.148616 10.1491
-99.9872 -99.9744 -96.4234 0.072464 0.151053 10.1513
-99.9869 -99.9736 -96.3727 0.0735085 0.153501 10.1535
-99.9865 -99.9729 -96.3219 0.0745539 0.155959 10.1557
-99.9861 -99.9721 -96.2711 0.0756001 0.158427 10.1579
-99.9857 -99.9713 -96.2203 0.0766472 0.160907 10.1601
-99.9853 -99.9705 -96.1695 0.077695 0.163398 10.1623
-99.985 -99.9696 -96.1187 0.0787437 0.1659 10.1645
-99.9846 -99.9688 -96.0679 0.0797933 0.168413 10.1668
-99.9842 -99.968 -96.017 0.0808437 0.170937 10.169
-99.9838 -99.9671 -95.9662 0.081895 0.173473 10.1712
-99.9833 -99.9662 -95.9153 0.0829472 0.17602 10.1734
-99.9829 -99.9653 -95.8644 0.0840002 0.178579 10.1756
-99.9825 -99.9644 -95.8135 0.0850541 0.18115 10.1779
-99.9821 -99.9635 -95.7627 0.0861089 0.183733 10.1801
-99.9816 -99.9626 -95.7117 0.0871646 0.186327 10.1823
-99.9812 -99.9617 -95.6608 0.0882212 0.188934 10.1846
-99.9808 -99.9607 -95.6099 0.0892787 0.191552 10.1868
-99.9803 -99.9597 -95.559 0.0903371 0.194183 10.1891
-99.9799 -99.9588 -95.508 0.0913965 0.196827 10.1913
-99.9794 -99.9578 -95.457 0.0924568 0.199483 10.1935
-99.9789 -99.9568 -95.4061 0.093518 0.202151 10.1958
-99.9785 -99.9558 -95.3551 0.0945801 0.204833 10.198
-99.978 -99.9547 -95.3041 0.0956432 0.207527 10.2003
-99.9775 -99.9537 -95.2531 0.0967073 0.210235 10.2025
-99.977 -99.9526 -95.2021 0.0977723 0.212955 10.2048
-99.9765 -99.9516 -95.151 0.0988383 0.215689 10.2071
-99.976 -99.9505 -95.1 0.0999053 0.218437 10.2093
-99.9755 -99.9494 -95.0489 0.100973 0.221198 10.2116
-99.975 -99.9483 -94.9979 0.102042 0.223972 10.2139
-99.9745 -99.9471 -94.9468 0.103112 0.226761 10.2161
-99.974 -99.946 -94.8957 0.104183 0.229563 10.2184
-99.9735 -99.9448 -94.8446 0.105255 0.23238 10.2207
-99.9729 -99.9437 -94.7935 0.106328 0.235211 10.223
-99.9724 -99.9425 -94.7424 0.107402 0.238057 10.2252
-99.9719 -99.9413 -94.6913 0.108477 0.240917 10.2275
-99.9713 -99.9401 -94.6401 0.109553 0.243792 10.2298
-99.9708 -99.9388 -94.589 0.11063 0.246682 10.2321
-99.9702 -99.9376 -94.5378 0.111708 0.249587 10.2344
-99.9696 -99.9363 -94.4866 0.112788 0.252507 10.2367
-99.9691 -99.9351 -94.4354 0.113868 0.255443 10.239
-99.9685 -99.9338 -94.3842 0.114949 0.258394 10.2413
-99.9679 -99.9325 -94.333 0.116032 0.261361 10.2436
-99.9673 -99.9312 -94.2818 0.117115 0.264344 10.2459
-99.9668 -99.9299 -94.2306 0.1182 0.267343 10.2482
-99.9662 -99.9285 -94.1793 0.119286 0.270359 10.2505
-99.9656 -99.9271 -94.1281 0.120373 0.273391 10.2528
-99.965 -99.9258 -94.0768 0.121461 0.27644 10.2552
-99.9644 -99.9244 -94.0255 0.12255 0.279505 10.2575
-99.9637 -99.923 -93.9742 0.12364 0.282588 10.2598
-99.9631 -99.9216 -93.9229 0.124732 0.285688 10.2621
-99.9625 -99.9201 -93.8716 0.125824 0.288806 10.2645
-99.9619 -99.9187 -93.8203 0.126918 0.291941 10.2668
-99.9612 -99.9172 -93.7689 0.128013 0.295094 10.2691
-99.9606 -99.9157 -93.7176 0.129109 0.298266 10.2715
-99.9599 -99.9142 -93.6662 0.130206 0.301455 10.2738
-99.9593 -99.9127 -93.6148 0.131304 0.304664 10.2761
-99.9586 -99.9112 -93.5634 0.132404 0.307891 10.2785
-99.958 -99.9096 -93.512 0.133505 0.311137 10.2808
-99.9573 -99.9081 -93.4606 0.134607 0.314403 10.2832
-99.9566 -99.9065 -93.4092 0.13571 0.317688 10.2855
-99.9559 -99.9049 -93.3578 0.136815 0.320993 10.2879
-99.9552 -99.9033 -93.3063 0.137921 0.324318 10.2902
-99.9545 -99.9016 -93.2549 0.139028 0.327663 10.2926
-99.9538 -99.9 -93.2034 0.140136 0.331029 10.295
-99.9531 -99.8983 -93.1519 0.141245 0.334415 10.2973
-99.9524 -99.8966 -93.1004 0.142356 0.337823 10.2997
-99.9517 -99.895 -93.0489 0.143468 0.341252 10.3021
-99.951 -99.8932 -92.9974 0.144581 0.344703 10.3045
-99.9503 -99.8915 -92.9459 0.145696 0.348176 10.3068
-99.9495 -99.8898 -92.8943 0.146812 0.351671 10.3092
-99.9488 -99.888 -92.8428 0.147929 0.355189 10.3116
-99.9481 -99.8862 -92.7912 0.149048 0.35873 10.314
-99.9473 -99.8844 -92.7397 0.150168 0.362293 10.3164
-99.9466 -99.8826 -92.6881 0.151289 0.365881 10.3188
-99.9458 -99.8807 -92.6365 0.152412 0.369492 10.3212
-99.945 -99.8789 -92.5849 0.153536 0.373127 10.3235
-99.9443 -99.877 -92.5332 0.154661 0.376787 10.3259
-99.9435 -99.8751 -92.4816 0.155788 0.380472 10.3283
-99.9427 -99.8732 -92.4299 0.156916 0.384183 10.3308
-99.9419 -99.8713 -92.3783 0.158045 0.387918 10.3332
-99.9411 -99.8693 -92.3266 0.159176 0.39168 10.3356
-99.9403 -99.8674 -92.2749 0.160309 0.395469 10.338
-99.9395 -99.8654 -92.2232 0.161442 0.399284 10.3404
-99.9387 -99.8634 -92.1715 0.162578 0.403126 10.3428
-99.9379 -99.8613 -92.1198 0.163714 0.406996 10.3452
-99.9371 -99.8593 -92.0681 0.164852 0.410894 10.3477
-99.9363 -99.8572 -92.0163 0.165992 0.41482 10.3501
-99.9354 -99.8551 -91.9646 0.167133 0.418775 10.3525
-99.9346 -99.853 -91.9128 0.168275 0.42276 10.3549
-99.9337 -99.8509 -91.861 0.169419 0.426775 10.3574
-99.9329 -99.8488 -91.8092 0.170565 0.430819 10.3598
-99.932 -99.8466 -91.7574 0.171712 0.434895 10.3622
-99.9312 -99.8444 -91.7056 0.17286 0.439002 10.3647
-99.9303 -99.8422 -91.6538 0.17401 0.443141 10.3671
-99.9294 -99.84 -91.6019 0.175162 0.447312 10.3695
-99.9286 -99.8377 -91.5501 0.176315 0.451516 10.372
-99.9277 -99.8355 -91.4982 0.17747 0.455753 10.3744
-99.9268 -99.8332 -91.4463 0.178626 0.460025 10.3769
-99.9259 -99.8309 -91.3945 0.179784 0.46433 10.3793
-99.925 -99.8285 -91.3425 0.180944 0.468671 10.3818
-99.9241 -99.8262 -91.2906 0.182105 0.473048 10.3842
-99.9232 -99.8238 -91.2387 0.183267 0.477461 10.3867
-99.9222 -99.8214 -91.1868 0.184432 0.481912 10.3891
-99.9213 -99.819 -91.1348 0.185598 0.4864 10.3916
-99.9204 -99.8166 -91.0829 0.186766 0.490926 10.394
-99.9194 -99.8141 -91.0309 0.187935 0.495491 10.3965
-99.9185 -99.8116 -90.9789 0.189106 0.500096 10.3989
-99.9176 -99.8091 -90.9269 0.190279 0.504742 10.4014
-99.9166 -99.8066 -90.8749 0.191453 0.509428 10.4039
-99.9156 -99.804 -90.8228 0.192629 0.514157 10.4063
-99.9147 -99.8014 -90.7708 0.193807 0.518929 10.4088
-99.9137 -99.7988 -90.7188 0.194987 0.523744 10.4112
-99.9127 -99.7962 -90.6667 0.196168 0.528603 10.4137
-99.9117 -99.7935 -90.6146 0.197352 0.533508 10.4161
-99.9108 -99.7908 -90.5625 0.198537 0.538459 10.4186
-99.9098 -99.7881 -90.5104 0.199724 0.543458 10.421
-99.9088 -99.7854 -90.4583 0.200912 0.548504 10.4235
-99.9077 -99.7826 -90.4062 0.202103 0.553599 10.426
-99.9067 -99.7799 -90.3541 0.203295 0.558744 10.4284
-99.9057 -99.7771 -90.3019 0.204489 0.56394 10.4309
-99.9047 -99.7742 -90.2498 0.205685 0.569188 10.4333
-99.9037 -99.7714 -90.1976 0.206883 0.57449 10.4357
-99.9026 -99.7685 -90.1454 0.208083 0.579845 10.4382
-99.9016 -99.7656 -90.0932 0.209285 0.585256 10.4406
-99.9005 -99.7626 -90.041 0.210489 0.590724 10.4431
-99.8995 -99.7597 -89.9888 0.211695 0.596249 10.4455
-99.8984 -99.7567 -89.9365 0.212902 0.601833 10.4479
-99.8973 -99.7536 -89.8843 0.214112 0.607478 10.4503
-99.8963 -99.7506 -89.832 0.215324 0.613184 10.4528
-99.8952 -99.7475 -89.7798 0.216538 0.618954 10.4552
-99.8941 -99.7444 -89.7275 0.217754 0.624788 10.4576
-99.893 -99.7413 -89.6752 0.218972 0.630688 10.46
-99.8919 -99.7381 -89.6229 0.220192 0.636655 10.4624
-99.8908 -99.7349 -89.5706 0.221414 0.642691 10.4648
-99.8897 -99.7317 -89.5182 0.222638 0.648798 10.4671
-99.8886 -99.7284 -89.4659 0.223865 0.654978 10.4695
-99.8875 -99.7251 -89.4135 0.225094 0.661231 10.4719
-99.8863 -99.7218 -89.3612 0.226324 0.667561 10.4742
-99.8852 -99.7184 -89.3088 0.227558 0.673968 10.4765
-99.8841 -99.7151 -89.2564 0.228793 0.680454 10.4789
-99.8829 -99.7116 -89.204 0.230031 0.687023 10.4812
-99.8818 -99.7082 -89.1516 0.231271 0.693675 10.4835
-99.8806 -99.7047 -89.0992 0.232513 0.700412 10.4858
-99.8794 -99.7012 -89.0467 0.233758 0.707238 10.4881
-99.8783 -99.6976 -88.9943 0.235005 0.714154 10.4903
-99.8771 -99.694 -88.9418 0.236254 0.721163 10.4926
-99.8759 -99.6904 -88.8894 0.237506 0.728267 10.4948
-99.8747 -99.6868 -88.8369 0.238761 0.735468 10.497
-99.8735 -99.6831 -88.7844 0.240018 0.742769 10.4992
-99.8723 -99.6793 -88.7319 0.241277 0.750174 10.5013
-99.8711 -99.6756 -88.6794 0.24254 0.757684 10.5035
-99.8699 -99.6718 -88.6269 0.243804 0.765304 10.5056
-99.8687 -99.6679 -88.5743 0.245072 0.773035 10.5076
-99.8674 -99.664 -88.5218 0.246342 0.780881 10.5097
-99.8662 -99.6601 -88.4692 0.247615 0.788845 10.5117
-99.865 -99.6561 -88.4167 0.24889 0.796931 10.5137
-99.8637 -99.6521 -88.3641 0.250169 0.805142 10.5157
-99.8625 -99.6481 -88.3115 0.25145 0.813482 10.5176
-99.8612 -99.644 -88.2589 0.252734 0.821955 10.5195
-99.8599 -99.6399 -88.2063 0.254022 0.830565 10.5213
-99.8587 -99.6357 -88.1537 0.255312 0.839316 10.5231
-99.8574 -99.6315 -88.1011 0.256605 0.848212 10.5249
-99.8561 -99.6272 -88.0485 0.257902 0.857258 10.5265
-99.8548 -99.6229 -87.9958 0.259201 0.866458 10.5282
-99.8535 -99.6185 -87.9432 0.260504 0.875818 10.5298
-99.8522 -99.6141 -87.8905 0.26181 0.885342 10.5313
-99.8509 -99.6097 -87.8379 0.26312 0.895036 10.5327
-99.8496 -99.6052 -87.7852 0.264433 0.904906 10.5341
-99.8482 -99.6006 -87.7325 0.26575 0.914956 10.5354
-99.8469 -99.596 -87.6798 0.26707 0.925194 10.5367
-99.8456 -99.5914 -87.6272 0.268393 0.935624 10.5378
-99.8442 -99.5867 -87.5745 0.269721 0.946255 10.5389
-99.8429 -99.5819 -87.5218 0.271053 0.957092 10.5398
-99.8415 -99.5771 -87.4691 0.272388 0.968143 10.5407
-99.8401 -99.5722 -87.4164 0.273727 0.979414 10.5414
-99.8388 -99.5673 -87.3637 0.275071 0.990915 10.542
-99.8374 -99.5623 -87.3109 0.276419 1.00265 10.5425
-99.836 -99.5573 -87.2582 0.277771 1.01463 10.5429
-99.8346 -99.5522 -87.2055 0.279128 1.02687 10.5431
-99.8332 -99.547 -87.1528 0.28049 1.03937 10.5431
-99.8318 -99.5418 -87.1001 0.281856 1.05214 10.543
-99.8304 -99.5365 -87.0474 0.283227 1.06519 10.5427
-99.829 -99.5311 -86.9947 0.284604 1.07853 10.5422
-99.8275 -99.5257 -86.9419 0.285985 1.09218 10.5415
-99.8261 -99.5202 -86.8892 0.287372 1.10614 10.5406
-99.8247 -99.5146 -86.8365 0.288765 1.12042 10.5394
-99.8232 -99.509 -86.7838 0.290164 1.13504 10.538
-99.8218 -99.5033 -86.7312 0.291568 1.15 10.5363
-99.8203 -99.4975 -86.6785 0.292979 1.16532 10.5343
-99.8188 -99.4916 -86.6258 0.294397 1.18102 10.5319
-99.8174 -99.4857 -86.5732 0.295821 1.1971 10.5292
-99.8159 -99.4797 -86.5205 0.297253 1.21358 10.5261
-99.8144 -99.4736 -86.4679 0.298692 1.23046 10.5226
-99.8129 -99.4674 -86.4153 0.300139 1.24777 10.5187
-99.8114 -99.4611 -86.3627 0.301594 1.26552 10.5142
-99.8099 -99.4547 -86.3102 0.303057 1.28371 10.5093
-99.8084 -99.4482 -86.2576 0.304529 1.30236 10.5037
-99.8068 -99.4417 -86.2051 0.30601 1.32148 10.4976
-99.8053 -99.435 -86.1527 0.307501 1.34108 10.4908
-99.8038 -99.4283 -86.1002 0.309003 1.36116 10.4832
-99.8022 -99.4214 -86.0478 0.310515 1.38174 10.4749
-99.8007 -99.4144 -85.9955 0.312038 1.40282 10.4656
-99.7991 -99.4074 -85.9432 0.313573 1.4244 10.4555
-99.7975 -99.4002 -85.8909 0.315121 1.44647 10.4443
-99.7959 -99.3929 -85.8387 0.316681 1.46902 10.432
-99.7944 -99.3855 -85.7866 0.318256 1.49205 10.4185
-99.7928 -99.378 -85.7345 0.319844 1.51553 10.4037
-99.7912 -99.3704 -85.6826 0.321448 1.53942 10.3875
-99.7895 -99.3626 -85.6307 0.323067 1.56369 10.3697
-99.7879 -99.3547 -85.5789 0.324703 1.58829 10.3502
-99.7863 -99.3467 -85.5272 0.326356 1.61313 10.3289
-99.7847 -99.3386 -85.4756 0.328027 1.63813 10.3056
-99.783 -99.3303 -85.4241 0.329716 1.66318 10.2802
-99.7814 -99.322 -85.3728 0.331424 1.68814 10.2525
-99.7797 -99.3135 -85.3216 0.333151 1.71285 10.2224
-99.778 -99.3048 -85.2706 0.334897 1.73711 10.1897
-99.7764 -99.2961 -85.2197 0.336662 1.76068 10.1543
-99.7747 -99.2872 -85.169 0.338445 1.7833 10.1161
-99.773 -99.2783 -85.1186 0.340247 1.80464 10.0749
-99.7713 -99.2692 -85.0683 0.342065 1.82436 10.0306
-99.7695 -99.26 -85.0183 0.343897 1.84205 9.98337
-99.7678 -99.2508 -84.9685 0.345742 1.8573 9.93312
-99.7661 -99.2414 -84.9189 0.347596 1.86965 9.88
-99.7643 -99.2321 -84.8697 0.349455 1.87863 9.82421
-99.7626 -99.2227 -84.8207 0.351315 1.88378 9.76607
-99.7608 -99.2132 -84.772 0.35317 1.88467 9.70599
-99.7591 -99.2038 -84.7237 0.355015 1.88092 9.64447
-99.7573 -99.1945 -84.6756 0.356844 1.87225 9.58213
-99.7555 -99.1851 -84.6278 0.358651 1.85844 9.51966
-99.7537 -99.1759 -84.5804 0.360431 1.83946 9.4578
-99.7519 -99.1667 -84.5333 0.362177 1.81539 9.39733
-99.7501 -99.1577 -84.4864 0.363886 1.78645 9.33899
-99.7483 -99.1489 -84.4399 0.365555 1.75303 9.28349
-99.7464 -99.1402 -84.3936 0.367182 1.71561 9.23143
-99.7446 -99.1317 -84.3475 0.368766 1.67479 9.1833
-99.7427 -99.1235 -84.3017 0.370307 1.63121 9.13948
-99.7409 -99.1154 -84.2561 0.371808 1.58556 9.10019
-99.739 -99.1076 -84.2107 0.373271 1.53849 9.06551
-99.7371 -99.1001 -84.1655 0.3747 1.49064 9.03543
-99.7353 -99.0927 -84.1203 0.376098 1.44258 9.00981
-99.7334 -99.0856 -84.0754 0.37747 1.39482 8.98844
-99.7315 -99.0788 -84.0305 0.37882 1.34778 8.97107
-99.7296 -99.0721 -83.9856 0.380151 1.30182 8.95737
-99.7277 -99.0658 -83.9409 0.381467 1.2572 8.94703
-99.7258 -99.0596 -83.8962 0.382772 1.21413 8.93971
-99.7239 -99.0536 -83.8515 0.38407 1.17276 8.93509
-99.7219 -99.0478 -83.8068 0.385362 1.13317 8.93286
-99.72 -99.0423 -83.7621 0.386651 1.09542 8.93272
-99.7181 -99.0369 -83.7175 0.387939 1.05952 8.93441
-99.7161 -99.0317 -83.6728 0.389228 1.02546 8.93768
-99.7142 -99.0266 -83.6281 0.39052 0.993194 8.94231
-99.7122 -99.0217 -83.5834 0.391815 0.962687 8.9481
-99.7103 -99.017 -83.5386 0.393115 0.933872 8.95487
-99.7083 -99.0124 -83.4938 0.394421 0.906682 8.96248
-99.7063 -99.0079 -83.449 0.395732 0.881043 8.97078
-99.7043 -99.0036 -83.4041 0.39705 0.856881 8.97966
-99.7023 -98.9993 -83.3592 0.398374 0.83412 8.98901
-99.7004 -98.9952 -83.3142 0.399706 0.812685 8.99874
-99.6983 -98.9912 -83.2692 0.401045 0.792502 9.00878
-99.6963 -98.9873 -83.2241 0.402392 0.773502 9.01906
-99.6943 -98.9835 -83.179 0.403747 0.755616 9.02953
-99.6923 -98.9797 -83.1338 0.405109 0.738779 9.04012
-99.6903 -98.9761 -83.0886 0.406479 0.72293 9.05081
-99.6882 -98.9725 -83.0433 0.407856 0.70801 9.06155
-99.6862 -98.969 -82.998 0.409241 0.693964 9.07231
-99.6841 -98.9656 -82.9526 0.410634 0.680742 9.08307
-99.6821 -98.9622 -82.9072 0.412035 0.668293 9.0938
-99.68 -98.9589 -82.8617 0.413443 0.656573 9.10449
-99.678 -98.9556 -82.8161 0.414858 0.64554 9.11512
-99.6759 -98.9524 -82.7705 0.41628 0.635153 9.12567
-99.6738 -98.9493 -82.7248 0.41771 0.625376 9.13614
-99.6717 -98.9462 -82.6791 0.419147 0.616173 9.14651
-99.6696 -98.9431 -82.6334 0.420591 0.607512 9.15679
-99.6675 -98.9401 -82.5876 0.422042 0.599363 9.16695
-99.6654 -98.9371 -82.5417 0.423499 0.591697 9.177
-99.6633 -98.9342 -82.4958 0.424964 0.584489 9.18694
-99.6611 -98.9313 -82.4498 0.426435 0.577712 9.19676
-99.659 -98.9284 -82.4038 0.427913 0.571345 9.20645
-99.6569 -98.9256 -82.3578 0.429397 0.565366 9.21603
-99.6547 -98.9227 -82.3117 0.430888 0.559753 9.22548
-99.6525 -98.92 -82.2655 0.432385 0.55449 9.2348
-99.6504 -98.9172 -82.2193 0.433888 0.549556 9.244
-99.6482 -98.9145 -82.1731 0.435398 0.544937 9.25308
-99.646 -98.9118 -82.1268 0.436914 0.540617 9.26204
-99.6438 -98.9091 -82.0805 0.438436 0.536581 9.27087
-99.6416 -98.9064 -82.0341 0.439964 0.532815 9.27959
-99.6394 -98.9037 -81.9877 0.441498 0.529306 9.28818
-99.6372 -98.9011 -81.9412 0.443037 0.526043 9.29666
-99.635 -98.8985 -81.8947 0.444583 0.523015 9.30501
-99.6328 -98.8959 -81.8482 0.446135 0.520209 9.31326
-99.6305 -98.8933 -81.8016 0.447692 0.517617 9.32139
-99.6283 -98.8907 -81.7549 0.449256 0.515229 9.32941
-99.6261 -98.8881 -81.7083 0.450825 0.513036 9.33732
-99.6238 -98.8856 -81.6616 0.452399 0.51103 9.34512
-99.6215 -98.883 -81.6148 0.45398 0.509203 9.35282
-99.6193 -98.8805 -81.568 0.455566 0.507547 9.36041
-99.617 -98.8779 -81.5212 0.457157 0.506056 9.3679
-99.6147 -98.8754 -81.4744 0.458755 0.504722 9.37529
-99.6124 -98.8729 -81.4275 0.460357 0.50354 9.38259
-99.6101 -98.8704 -81.3805 0.461966 0.502503 9.38978
-99.6078 -98.8679 -81.3336 0.46358 0.501606 9.39688
-99.6054 -98.8653 -81.2866 0.465199 0.500843 9.40389
-99.6031 -98.8628 -81.2395 0.466824 0.50021 9.41081
-99.6008 -98.8603 -81.1925 0.468454 0.499701 9.41764
-99.5984 -98.8578 -81.1454 0.47009 0.499313 9.42438
-99.5961 -98.8554 -81.0982 0.471731 0.499041 9.43103
-99.5937 -98.8529 -81.051 0.473378 0.49888 9.4376
-99.5913 -98.8504 -81.0038 0.47503 0.498827 9.44409
-99.589 -98.8479 -80.9566 0.476688 0.498878 9.4505
-99.5866 -98.8454 -80.9093 0.478351 0.49903 9.45682
-99.5842 -98.8429 -80.862 0.480019 0.499279 9.46307
-99.5818 -98.8404 -80.8147 0.481693 0.499623 9.46925
-99.5794 -98.8379 -80.7673 0.483372 0.500057 9.47534
-99.5769 -98.8354 -80.72 0.485057 0.50058 9.48137
-99.5745 -98.8329 -80.6725 0.486747 0.501189 9.48732
-99.5721 -98.8304 -80.6251 0.488443 0.50188 9.4932
-99.5696 -98.8279 -80.5776 0.490144 0.502652 9.49901
-99.5672 -98.8253 -80.5301 0.49185 0.503502 9.50475
-99.5647 -98.8228 -80.4826 0.493562 0.504428 9.51043
-99.5622 -98.8203 -80.435 0.49528 0.505427 9.51603
-99.5598 -98.8178 -80.3874 0.497003 0.506498 9.52158
-99.5573 -98.8152 -80.3398 0.498731 0.507639 9.52706
-99.5548 -98.8127 -80.2921 0.500465 0.508848 9.53247
-99.5523 -98.8101 -80.2444 0.502204 0.510122 9.53783
-99.5497 -98.8076 -80.1967 0.503948 0.511461 9.54312
-99.5472 -98.805 -80.149 0.505699 0.512862 9.54836
-99.5447 -98.8025 -80.1013 0.507454 0.514325 9.55354
-99.5421 -98.7999 -80.0535 0.509216 0.515846 9.55865
-99.5396 -98.7973 -80.0057 0.510982 0.517426 9.56372
-99.537 -98.7947 -79.9578 0.512755 0.519063 9.56872
-99.5345 -98.7921 -79.91 0.514533 0.520755 9.57367
-99.5319 -98.7895 -79.8621 0.516316 0.522501 9.57857
-99.5293 -98.7869 -79.8142 0.518105 0.524301 9.58341
-99.5267 -98.7843 -79.7663 0.5199 0.526151 9.5882
-99.5241 -98.7816 -79.7183 0.5217 0.528053 9.59294
-99.5215 -98.779 -79.6703 0.523506 0.530004 9.59763
-99.5189 -98.7763 -79.6223 0.525318 0.532004 9.60227
-99.5162 -98.7737 -79.5743 0.527135 0.534051 9.60686
-99.5136 -98.771 -79.5263 0.528958 0.536144 9.6114
-99.5109 -98.7683 -79.4782 0.530787 0.538284 9.61589
-99.5083 -98.7656 -79.4301 0.532621 0.540468 9.62033
-99.5056 -98.7629 -79.382 0.534461 0.542696 9.62472
-99.5029 -98.7602 -79.3339 0.536307 0.544968 9.62907
-99.5003 -98.7574 -79.2857 0.538159 0.547282 9.63338
-99.4976 -98.7547 -79.2375 0.540016 0.549637 9.63764
-99.4949 -98.7519 -79.1893 0.54188 0.552034 9.64185
-99.4921 -98.7492 -79.1411 0.543749 0.554471 9.64602
-99.4894 -98.7464 -79.0929 0.545624 0.556947 9.65014
-99.4867 -98.7436 -79.0446 0.547505 0.559463 9.65422
-99.4839 -98.7408 -78.9963 0.549392 0.562017 9.65826
-99.4812 -98.738 -78.948 0.551285 0.564608 9.66226
-99.4784 -98.7352 -78.8997 0.553184 0.567237 9.66621
-99.4757 -98.7323 -78.8514 0.555088 0.569903 9.67013
-99.4729 -98.7295 -78.803 0.556999 0.572605 9.674
-99.4701 -98.7266 -78.7546 0.558916 0.575342 9.67783
-99.4673 -98.7237 -78.7062 0.560839 0.578115 9.68162
-99.4645 -98.7208 -78.6578 0.562768 0.580922 9.68537
-99.4617 -98.7179 -78.6094 0.564703 0.583764 9.68908
-99.4588 -98.715 -78.5609 0.566645 0.586639 9.69275
-99.456 -98.712 -78.5125 0.568592 0.589548 9.69639
-99.4532 -98.7091 -78.464 0.570546 0.59249 9.69998
-99.4503 -98.7061 -78.4155 0.572505 0.595465 9.70354
-99.4474 -98.7031 -78.3669 0.574472 0.598472 9.70706
-99.4445 -98.7001 -78.3184 0.576444 0.601511 9.71054
-99.4417 -98.6971 -78.2698 0.578423 0.604581 9.71398
-99.4388 -98.6941 -78.2212 0.580407 0.607683 9.71738
-99.4359 -98.691 -78.1726 0.582399 0.610816 9.72075
-99.4329 -98.688 -78.124 0.584396 0.613979 9.72408
-99.43 -98.6849 -78.0754 0.5864 0.617173 9.72738
-99.4271 -98.6818 -78.0268 0.588411 0.620396 9.73063
-99.4241 -98.6787 -77.9781 0.590428 0.62365 9.73386
-99.4212 -98.6756 -77.9294 0.592451 0.626933 9.73704
-99.4182 -98.6724 -77.8807 0.594481 0.630245 9.74019
-99.4152 -98.6693 -77.832 0.596517 0.633586 9.74331
-99.4122 -98.6661 -77.7833 0.59856 0.636956 9.74638
-99.4092 -98.6629 -77.7346 0.60061 0.640354 9.74943
-99.4062 -98.6597 -77.6858 0.602666 0.643781 9.75244
-99.4032 -98.6564 -77.637 0.604728 0.647235 9.75541
-99.4002 -98.6532 -77.5883 0.606798 0.650718 9.75834
-99.3971 -98.6499 -77.5395 0.608874 0.654228 9.76125
-99.3941 -98.6467 -77.4906 0.610957 0.657766 9.76411
-99.391 -98.6434 -77.4418 0.613046 0.661331 9.76695
-99.388 -98.64 -77.393 0.615142 0.664923 9.76974
-99.3849 -98.6367 -77.3441 0.617245 0.668542 9.77251
-99.3818 -98.6334 -77.2952 0.619355 0.672188 9.77524
-99.3787 -98.63 -77.2464 0.621472 0.67586 9.77793
-99.3756 -98.6266 -77.1975 0.623595 0.679559 9.78059
-99.3725 -98.6232 -77.1486 0.625726 0.683284 9.78321
-99.3693 -98.6198 -77.0996 0.627863 0.687035 9.7858
-99.3662 -98.6163 -77.0507 0.630007 0.690813 9.78836
-99.363 -98.6129 -77.0017 0.632158 0.694616 9.79088
-99.3599 -98.6094 -76.9528 0.634317 0.698444 9.79337
-99.3567 -98.6059 -76.9038 0.636482 0.702298 9.79582
-99.3535 -98.6024 -76.8548 0.638654 0.706178 9.79824
-99.3503 -98.5988 -76.8058 0.640833 0.710083 9.80062
-99.3471 -98.5953 -76.7568 0.64302 0.714013 9.80297
-99.3439 -98.5917 -76.7078 0.645213 0.717968 9.80528
-99.3406 -98.5881 -76.6588 0.647413 0.721948 9.80756
-99.3374 -98.5845 -76.6097 0.649621 0.725952 9.8098
-99.3341 -98.5808 -76.5607 0.651836 0.729982 9.81201
-99.3309 -98.5772 -76.5116 0.654058 0.734036 9.81418
-99.3276 -98.5735 -76.4625 0.656287 0.738114 9.81632
-99.3243 -98.5698 -76.4134 0.658523 0.742217 9.81842
-99.321 -98.5661 -76.3643 0.660767 0.746344 9.82049
-99.3177 -98.5623 -76.3152 0.663018 0.750494 9.82253
-99.3144 -98.5585 -76.2661 0.665276 0.754669 9.82452
-99.311 -98.5548 -76.217 0.667541 0.758868 9.82648
-99.3077 -98.551 -76.1679 0.669814 0.763091 9.82841
-99.3043 -98.5471 -76.1187 0.672094 0.767337 9.8303
-99.301 -98.5433 -76.0696 0.674381 0.771607 9.83215
-99.2976 -98.5394 -76.0204 0.676675 0.7759 9.83397
-99.2942 -98.5355 -75.9712 0.678977 0.780217 9.83575
-99.2908 -98.5316 -75.922 0.681287 0.784556 9.83749
-99.2874 -98.5277 -75.8728 0.683603 0.788919 9.8392
-99.284 -98.5237 -75.8236 0.685927 0.793305 9.84087
-99.2805 -98.5197 -75.7744 0.688258 0.797714 9.8425
-99.2771 -98.5157 -75.7252 0.690597 0.802145 9.8441
-99.2736 -98.5117 -75.676 0.692943 0.8066 9.84566
-99.2702 -98.5077 -75.6268 0.695297 0.811076 9.84718
-99.2667 -98.5036 -75.5775 0.697658 0.815576 9.84866
-99.2632 -98.4995 -75.5283 0.700026 0.820097 9.8501
-99.2597 -98.4954 -75.479 0.702401 0.824641 9.85151
-99.2562 -98.4913 -75.4298 0.704784 0.829206 9.85288
-99.2526 -98.4871 -75.3805 0.707175 0.833794 9.8542
-99.2491 -98.4829 -75.3312 0.709572 0.838403 9.85549
-99.2455 -98.4787 -75.2819 0.711978 0.843035 9.85674
-99.242 -98.4745 -75.2326 0.71439 0.847687 9.85795
-99.2384 -98.4703 -75.1834 0.71681 0.852361 9.85912
-99.2348 -98.466 -75.1341 0.719237 0.857056 9.86025
-99.2312 -98.4617 -75.0848 0.721671 0.861773 9.86133
-99.2276 -98.4574 -75.0354 0.724113 0.86651 9.86238
-99.224 -98.453 -74.9861 0.726562 0.871268 9.86338
-99.2203 -98.4487 -74.9368 0.729018 0.876047 9.86435
-99.2167 -98.4443 -74.8875 0.731482 0.880846 9.86527
-99.213 -98.4399 -74.8382 0.733952 0.885665 9.86615
-99.2093 -98.4354 -74.7888 0.73643 0.890505 9.86698
-99.2056 -98.4309 -74.7395 0.738915 0.895364 9.86778
-99.2019 -98.4265 -74.6901 0.741407 0.900243 9.86852
-99.1982 -98.4219 -74.6408 0.743906 0.905142 9.86923
-99.1945 -98.4174 -74.5915 0.746412 0.91006 9.86989
-99.1908 -98.4128 -74.5421 0.748925 0.914997 9.87051
-99.187 -98.4083 -74.4928 0.751445 0.919953 9.87108
-99.1833 -98.4036 -74.4434 0.753972 0.924928 9.87161
-99.1795 -98.399 -74.394 0.756506 0.929921 9.87209
-99.1757 -98.3943 -74.3447 0.759047 0.934933 9.87252
-99.1719 -98.3897 -74.2953 0.761594 0.939962 9.87291
-99.1681 -98.3849 -74.2459 0.764148 0.945009 9.87326
-99.1642 -98.3802 -74.1966 0.766709 0.950074 9.87355
-99.1604 -98.3754 -74.1472 0.769276 0.955156 9.8738
-99.1566 -98.3707 -74.0978 0.771849 0.960254 9.874
-99.1527 -98.3658 -74.0485 0.774429 0.96537 9.87415
-99.1488 -98.361 -73.9991 0.777016 0.970502 9.87425
-99.1449 -98.3561 -73.9497 0.779608 0.975649 9.8743
-99.141 -98.3512 -73.9004 0.782207 0.980813 9.8743
-99.1371 -98.3463 -73.851 0.784812 0.985992 9.87425
-99.1332 -98.3414 -73.8016 0.787422 0.991185 9.87415
-99.1292 -98.3364 -73.7522 0.790039 0.996394 9.874
-99.1253 -98.3314 -73.7029 0.792661 1.00162 9.8738
-99.1213 -98.3264 -73.6535 0.795289 1.00685 9.87355
-99.1173 -98.3214 -73.6041 0.797922 1.0121 9.87324
-99.1133 -98.3163 -73.5548 0.800561 1.01737 9.87288
-99.1093 -98.3112 -73.5054 0.803205 1.02264 9.87247
-99.1053 -98.3061 -73.456 0.805854 1.02793 9.872
-99.1012 -98.3009 -73.4067 0.808508 1.03323 9.87148
-99.0972 -98.2957 -73.3573 0.811167 1.03855 9.8709
-99.0931 -98.2905 -73.308 0.81383 1.04387 9.87027
-99.0891 -98.2853 -73.2586 0.816498 1.0492 9.86958
-99.085 -98.28 -73.2093 0.819171 1.05455 9.86884
-99.0809 -98.2747 -73.1599 0.821848 1.0599 9.86803
-99.0768 -98.2694 -73.1106 0.824529 1.06526 9.86718
-99.0726 -98.2641 -73.0613 0.827213 1.07063 9.86626
-99.0685 -98.2587 -73.0119 0.829902 1.07601 9.86529
-99.0643 -98.2533 -72.9626 0.832594 1.0814 9.86425
-99.0602 -98.2479 -72.9133 0.835289 1.08679 9.86316
-99.056 -98.2425 -72.864 0.837987 1.09219 9.86201
-99.0518 -98.237 -72.8147 0.840688 1.09759 9.8608
-99.0476 -98.2315 -72.7654 0.843392 1.103 9.85952
-99.0433 -98.2259 -72.7161 0.846098 1.10841 9.85819
-99.0391 -98.2204 -72.6668 0.848807 1.11383 9.8568
-99.0349 -98.2148 -72.6175 0.851517 1.11925 9.85534
-99.0306 -98.2092 -72.5682 0.854229 1.12467 9.85382
-99.0263 -98.2036 -72.519 0.856943 1.1301 9.85224
-99.022 -98.1979 -72.4697 0.859658 1.13552 9.85059
-99.0177 -98.1922 -72.4205 0.862374 1.14095 9.84888
-99.0134 -98.1865 -72.3712 0.86509 1.14637 9.84711
-99.0091 -98.1807 -72.322 0.867807 1.15179 9.84528
-99.0047 -98.175 -72.2728 0.870524 1.15722 9.84337
-99.0004 -98.1692 -72.2236 0.873241 1.16263 9.84141
-98.996 -98.1633 -72.1744 0.875957 1.16805 9.83938
-98.9916 -98.1575 -72.1252 0.878672 1.17345 9.83728
-98.9872 -98.1516 -72.076 0.881387 1.17886 9.83512
-98.9828 -98.1457 -72.0268 0.884099 1.18425 9.83289
-98.9784 -98.1398 -71.9777 0.88681 1.18964 9.83059
-98.9739 -98.1338 -71.9285 0.889519 1.19502 9.82823
-98.9695 -98.1278 -71.8794 0.892225 1.20039 9.8258
-98.965 -98.1218 -71.8303 0.894928 1.20575 9.8233
-98.9605 -98.1158 -71.7811 0.897629 1.2111 9.82073
-98.956 -98.1097 -71.7321 0.900325 1.21644 9.8181
-98.9515 -98.1036 -71.683 0.903017 1.22176 9.8154
-98.947 -98.0975 -71.6339 0.905706 1.22707 9.81263
-98.9425 -98.0913 -71.5848 0.908389 1.23237 9.80979
-98.9379 -98.0852 -71.5358 0.911067 1.23765 9.80689
-98.9333 -98.079 -71.4868 0.913739 1.24291 9.80391
-98.9288 -98.0727 -71.4378 0.916405 1.24815 9.80087
-98.9242 -98.0665 -71.3888 0.919065 1.25337 9.79776
-98.9196 -98.0602 -71.3398 0.921718 1.25857 9.79458
-98.915 -98.0539 -71.2908 0.924364 1.26375 9.79133
-98.9103 -98.0476 -71.2419 0.927001 1.26891 9.78802
-98.9057 -98.0412 -71.1929 0.929631 1.27404 9.78463
-98.901 -98.0348 -71.144 0.932252 1.27915 9.78118
-98.8964 -98.0284 -71.0951 0.934863 1.28423 9.77766
-98.8917 -98.022 -71.0462 0.937465 1.28928 9.77407
-98.887 -98.0155 -70.9974 0.940057 1.2943 9.77041
-98.8823 -98.009 -70.9485 0.942638 1.2993 9.76669
-98.8776 -98.0025 -70.8997 0.945208 1.30426 9.7629
-98.8728 -97.996 -70.8509 0.947767 1.30919 9.75904
-98.8681 -97.9894 -70.8021 0.950313 1.31409 9.75512
-98.8633 -97.9828 -70.7534 0.952847 1.31895 9.75113
-98.8586 -97.9762 -70.7046 0.955367 1.32377 9.74708
-98.8538 -97.9696 -70.6559 0.957874 1.32856 9.74296
-98.849 -97.963 -70.6072 0.960368 1.33331 9.73877
-98.8442 -97.9563 -70.5585 0.962846 1.33802 9.73453
-98.8394 -97.9496 -70.5098 0.965309 1.34269 9.73021
-98.8345 -97.9428 -70.4612 0.967757 1.34732 9.72584
-98.8297 -97.9361 -70.4126 0.970189 1.3519 9.72141
-98.8248 -97.9293 -70.364 0.972603 1.35644 9.71691
-98.8199 -97.9225 -70.3154 0.975001 1.36093 9.71235
-98.8151 -97.9157 -70.2669 0.977382 1.36538 9.70774
-98.8102 -97.9089 -70.2183 0.979744 1.36978 9.70306
-98.8053 -97.902 -70.1698 0.982087 1.37413 9.69833
-98.8004 -97.8951 -70.1214 0.984412 1.37843 9.69354
-98.7954 -97.8882 -70.0729 0.986716 1.38268 9.6887
-98.7905 -97.8813 -70.0245 0.989001 1.38687 9.6838
-98.7855 -97.8744 -69.9761 0.991265 1.39102 9.67885
-98.7806 -97.8674 -69.9277 0.993509 1.3951 9.67384
-98.7756 -97.8604 -69.8793 0.99573 1.39914 9.66879
-98.7706 -97.8534 -69.831 0.99793 1.40311 9.66368
-98.7656 -97.8464 -69.7827 1.00011 1.40703 9.65853
-98.7606 -97.8393 -69.7344 1.00226 1.41089 9.65332
-98.7556 -97.8323 -69.6862 1.00439 1.41469 9.64808
-98.7506 -97.8252 -69.6379 1.0065 1.41843 9.64278
-98.7455 -97.8181 -69.5897 1.00858 1.42211 9.63745
-98.7405 -97.811 -69.5416 1.01064 1.42573 9.63207
-98.7354 -97.8038 -69.4934 1.01268 1.42929 9.62665
-98.7304 -97.7967 -69.4453 1.01469 1.43278 9.6212
-98.7253 -97.7895 -69.3972 1.01667 1.43621 9.6157
-98.7202 -97.7823 -69.3491 1.01863 1.43957 9.61017
-98.7151 -97.7751 -69.3011 1.02056 1.44287 9.60461
-98.71 -97.7679 -69.2531 1.02247 1.44611 9.59902
-98.7049 -97.7607 -69.2051 1.02434 1.44927 9.59339
-98.6997 -97.7534 -69.1572 1.0262 1.45238 9.58773
-98.6946 -97.7461 -69.1092 1.02802 1.45541 9.58205
-98.6895 -97.7388 -69.0613 1.02982 1.45838 9.57634
-98.6843 -97.7315 -69.0135 1.03158 1.46127 9.57061
-98.6791 -97.7242 -68.9656 1.03333 1.46411 9.56486
-98.674 -97.7169 -68.9178 1.03504 1.46687 9.55908
-98.6688 -97.7096 -68.87 1.03672 1.46956 9.55329
-98.6636 -97.7022 -68.8223 1.03838 1.47219 9.54748
-98.6584 -97.6948 -68.7746 1.04001 1.47475 9.54166
-98.6532 -97.6875 -68.7269 1.0416 1.47724 9.53582
-98.648 -97.6801 -68.6792 1.04317 1.47966 9.52997
-98.6428 -97.6727 -68.6316 1.04472 1.48201 9.52411
-98.6376 -97.6652 -68.584 1.04623 1.4843 9.51825
-98.6323 -97.6578 -68.5364 1.04771 1.48651 9.51237
-98.6271 -97.6504 -68.4888 1.04917 1.48866 9.5065
-98.6218 -97.6429 -68.4413 1.05059 1.49075 9.50062
-98.6166 -97.6355 -68.3938 1.05199 1.49276 9.49474
-98.6113 -97.628 -68.3464 1.05336 1.49471 9.48887
-98.606 -97.6205 -68.2989 1.0547 1.4966 9.48299
-98.6008 -97.613 -68.2515 1.05601 1.49842 9.47712
-98.5955 -97.6055 -68.2042 1.0573 1.50017 9.47126
-98.5902 -97.598 -68.1568 1.05855 1.50186 9.46541
-98.5849 -97.5905 -68.1095 1.05978 1.50348 9.45956
-98.5796 -97.583 -68.0622 1.06098 1.50505 9.45373
-98.5743 -97.5755 -68.015 1.06215 1.50655 9.44791
-98.569 -97.5679 -67.9678 1.0633 1.50799 9.4421
-98.5636 -97.5604 -67.9206 1.06442 1.50937 9.43631
-98.5583 -97.5528 -67.8734 1.06551 1.51069 9.43054
-98.553 -97.5453 -67.8263 1.06657 1.51195 9.42479
-98.5477 -97.5377 -67.7791 1.06761 1.51316 9.41905
-98.5423 -97.5302 -67.7321 1.06862 1.51431 9.41334
-98.537 -97.5226 -67.685 1.06961 1.5154 9.40765
-98.5316 -97.515 -67.638 1.07058 1.51644 9.40199
-98.5263 -97.5074 -67.591 1.07151 1.51743 9.39635
-98.5209 -97.4998 -67.544 1.07243 1.51836 9.39074
-98.5155 -97.4922 -67.4971 1.07332 1.51924 9.38516
-98.5102 -97.4846 -67.4502 1.07419 1.52008 9.3796
-98.5048 -97.477 -67.4033 1.07503 1.52086 9.37408
-98.4994 -97.4694 -67.3564 1.07585 1.5216 9.36859
-98.494 -97.4618 -67.3096 1.07665 1.52229 9.36312
-98.4887 -97.4542 -67.2628 1.07743 1.52294 9.3577
-98.4833 -97.4466 -67.216 1.07818 1.52354 9.3523
-98.4779 -97.439 -67.1693 1.07892 1.52411 9.34694
-98.4725 -97.4313 -67.1226 1.07963 1.52463 9.34162
-98.4671 -97.4237 -67.0759 1.08033 1.52511 9.33633
-98.4617 -97.4161 -67.0292 1.08101 1.52555 9.33107
-98.4563 -97.4085 -66.9825 1.08167 1.52596 9.32586
-98.4509 -97.4008 -66.9359 1.08231 1.52633 9.32068
-98.4454 -97.3932 -66.8893 1.08293 1.52667 9.31554
-98.44 -97.3856 -66.8428 1.08353 1.52698 9.31044
-98.4346 -97.3779 -66.7962 1.08412 1.52725 9.30538
-98.4292 -97.3703 -66.7497 1.0847 1.5275 9.30035
-98.4238 -97.3627 -66.7032 1.08526 1.52771 9.29537
-98.4183 -97.355 -66.6568 1.0858 1.5279 9.29042
-98.4129 -97.3474 -66.6103 1.08633 1.52806 9.28552
-98.4075 -97.3397 -66.5639 1.08684 1.5282 9.28065
-98.402 -97.3321 -66.5175 1.08734 1.52831 9.27583
-98.3966 -97.3245 -66.4712 1.08783 1.5284 9.27104
-98.3912 -97.3168 -66.4248 1.08831 1.52848 9.2663
-98.3857 -97.3092 -66.3785 1.08877 1.52853 9.26159
-98.3803 -97.3015 -66.3322 1.08923 1.52856 9.25693
-98.3748 -97.2939 -66.2859 1.08967 1.52857 9.2523
-98.3694 -97.2862 -66.2397 1.09011 1.52857 9.24772
-98.3639 -97.2786 -66.1934 1.09053 1.52856 9.24317
-98.3585 -97.271 -66.1472 1.09094 1.52853 9.23866
-98.353 -97.2633 -66.1011 1.09135 1.52849 9.23419
-98.3476 -97.2557 -66.0549 1.09175 1.52843 9.22976
-98.3421 -97.248 -66.0088 1.09214 1.52837 9.22537
-98.3366 -97.2404 -65.9626 1.09252 1.5283 9.22101
-98.3312 -97.2328 -65.9166 1.0929 1.52821 9.21669
-98.3257 -97.2251 -65.8705 1.09327 1.52813 9.21241
-98.3202 -97.2175 -65.8244 1.09364 1.52803 9.20816
-98.3148 -97.2098 -65.7784 1.094 1.52793 9.20395
-98.3093 -97.2022 -65.7324 1.09435 1.52782 9.19978
-98.3038 -97.1946 -65.6864 1.09471 1.52771 9.19564
-98.2983 -97.1869 -65.6404 1.09505 1.5276 9.19153
-98.2929 -97.1793 -65.5945 1.0954 1.52748 9.18745
-98.2874 -97.1716 -65.5486 1.09574 1.52737 9.18341
-98.2819 -97.164 -65.5026 1.09608 1.52725 9.1794
-98.2764 -97.1564 -65.4568 1.09642 1.52713 9.17542
-98.271 -97.1487 -65.4109 1.09675 1.52702 9.17147
-98.2655 -97.1411 -65.365 1.09709 1.5269 9.16755
-98.26 -97.1335 -65.3192 1.09742 1.52679 9.16366
-98.2545 -97.1258 -65.2734 1.09775 1.52668 9.1598
-98.249 -97.1182 -65.2276 1.09808 1.52657 9.15597
-98.2435 -97.1106 -65.1819 1.09841 1.52646 9.15216
-98.238 -97.1029 -65.1361 1.09875 1.52636 9.14838
-98.2325 -97.0953 -65.0904 1.09908 1.52627 9.14462
-98.227 -97.0877 -65.0447 1.09942 1.52618 9.14089
-98.2215 -97.08 -64.999 1.09975 1.52609 9.13718
-98.216 -97.0724 -64.9533 1.10009 1.52602 9.13349
-98.2105 -97.0648 -64.9076 1.10043 1.52594 9.12982
-98.205 -97.0571 -64.862 1.10077 1.52588 9.12618
-98.1995 -97.0495 -64.8164 1.10112 1.52582 9.12256
-98.194 -97.0419 -64.7708 1.10146 1.52576 9.11895
-98.1885 -97.0343 -64.7252 1.10181 1.52572 9.11536
-98.183 -97.0266 -64.6796 1.10217 1.52568 9.1118
-98.1775 -97.019 -64.6341 1.10252 1.52565 9.10825
-98.172 -97.0114 -64.5885 1.10289 1.52563 9.10471
-98.1665 -97.0037 -64.543 1.10325 1.52561 9.10119
-98.1609 -96.9961 -64.4975 1.10362 1.5256 9.09769
-98.1554 -96.9885 -64.452 1.10399 1.5256 9.09419
-98.1499 -96.9809 -64.4066 1.10437 1.52561 9.09071
-98.1444 -96.9732 -64.3611 1.10475 1.52563 9.08725
-98.1389 -96.9656 -64.3157 1.10514 1.52565 9.08379
-98.1333 -96.958 -64.2703 1.10554 1.52568 9.08035
-98.1278 -96.9503 -64.2249 1.10593 1.52572 9.07691
-98.1223 -96.9427 -64.1795 1.10634 1.52577 9.07349
-98.1167 -96.9351 -64.1342 1.10675 1.52582 9.07007
-98.1112 -96.9275 -64.0888 1.10716 1.52588 9.06666
-98.1057 -96.9198 -64.0435 1.10758 1.52595 9.06326
-98.1001 -96.9122 -63.9982 1.10801 1.52603 9.05986
-98.0946 -96.9046 -63.9529 1.10844 1.52611 9.05647
-98.089 -96.8969 -63.9076 1.10888 1.5262 9.05309
-98.0835 -96.8893 -63.8624 1.10933 1.5263 9.04971
-98.0779 -96.8817 -63.8171 1.10978 1.5264 9.04633
-98.0724 -96.874 -63.7719 1.11024 1.52651 9.04295
-98.0668 -96.8664 -63.7267 1.11071 1.52662 9.03958
-98.0613 -96.8588 -63.6815 1.11118 1.52674 9.03621
-98.0557 -96.8511 -63.6363 1.11166 1.52686 9.03284
-98.0502 -96.8435 -63.5912 1.11214 1.52699 9.02947
-98.0446 -96.8359 -63.546 1.11263 1.52712 9.02611
-98.039 -96.8282 -63.5009 1.11313 1.52725 9.02274
-98.0335 -96.8206 -63.4558 1.11364 1.52739 9.01937
-98.0279 -96.813 -63.4107 1.11415 1.52753 9.016
-98.0223 -96.8053 -63.3656 1.11467 1.52768 9.01262
-98.0168 -96.7977 -63.3206 1.1152 1.52782 9.00925
-98.0112 -96.7901 -63.2756 1.11573 1.52797 9.00587
-98.0056 -96.7824 -63.2305 1.11628 1.52812 9.00249
-98 -96.7748 -63.1855 1.11683 1.52827 8.99911
-97.9944 -96.7671 -63.1405 1.11738 1.52841 8.99572
-97.9888 -96.7595 -63.0956 1.11794 1.52856 8.99233
-97.9833 -96.7518 -63.0506 1.11852 1.52871 8.98893
-97.9777 -96.7442 -63.0057 1.11909 1.52886 8.98553
-97.9721 -96.7366 -62.9608 1.11968 1.529 8.98212
-97.9665 -96.7289 -62.9159 1.12027 1.52915 8.97871
-97.9609 -96.7213 -62.871 1.12087 1.52929 8.97529
-97.9553 -96.7136 -62.8261 1.12148 1.52942 8.97187
-97.9496 -96.706 -62.7813 1.12209 1.52956 8.96844
-97.944 -96.6983 -62.7364 1.12271 1.52968 8.965
-97.9384 -96.6907 -62.6916 1.12334 1.52981 8.96156
-97.9328 -96.683 -62.6468 1.12397 1.52993 8.95811
-97.9272 -96.6754 -62.602 1.12462 1.53004 8.95465
-97.9216 -96.6677 -62.5573 1.12527 1.53014 8.95119
-97.9159 -96.6601 -62.5125 1.12592 1.53024 8.94772
-97.9103 -96.6524 -62.4678 1.12659 1.53033 8.94425
-97.9047 -96.6448 -62.4231 1.12726 1.53041 8.94076
-97.899 -96.6371 -62.3784 1.12793 1.53049 8.93727
-97.8934 -96.6295 -62.3337 1.12862 1.53055 8.93377
-97.8877 -96.6218 -62.289 1.12931 1.53061 8.93027
-97.8821 -96.6142 -62.2444 1.13 1.53065 8.92676
-97.8764 -96.6065 -62.1998 1.13071 1.53069 8.92324
-97.8708 -96.5988 -62.1552 1.13142 1.53071 8.91972
-97.8651 -96.5912 -62.1106 1.13214 1.53072 8.91618
-97.8595 -96.5835 -62.066 1.13286 1.53072 8.91265
-97.8538 -96.5759 -62.0214 1.13359 1.5307 8.9091
-97.8481 -96.5682 -61.9769 1.13433 1.53068 8.90555
-97.8425 -96.5606 -61.9324 1.13507 1.53063 8.90199
-97.8368 -96.5529 -61.8879 1.13582 1.53058 8.89843
-97.8311 -96.5453 -61.8434 1.13658 1.53051 8.89486
-97.8254 -96.5376 -61.7989 1.13734 1.53042 8.89129
-97.8197 -96.53 -61.7545 1.13811 1.53032 8.88771
-97.814 -96.5223 -61.7101 1.13888 1.5302 8.88412
-97.8083 -96.5147 -61.6657 1.13966 1.53007 8.88054
-97.8026 -96.507 -61.6213 1.14044 1.52992 8.87694
-97.7969 -96.4994 -61.5769 1.14123 1.52975 8.87334
-97.7912 -96.4917 -61.5325 1.14203 1.52956 8.86974
-97.7855 -96.4841 -61.4882 1.14283 1.52936 8.86614
-97.7798 -96.4764 -61.4439 1.14364 1.52913 8.86253
-97.7741 -96.4688 -61.3996 1.14446 1.52889 8.85892
-97.7683 -96.4611 -61.3553 1.14527 1.52863 8.8553
-97.7626 -96.4535 -61.311 1.1461 1.52835 8.85169
-97.7569 -96.4459 -61.2668 1.14693 1.52805 8.84807
-97.7511 -96.4382 -61.2225 1.14776 1.52773 8.84445
-97.7454 -96.4306 -61.1783 1.1486 1.52739 8.84083
-97.7397 -96.4229 -61.1341 1.14945 1.52702 8.83721
-97.7339 -96.4153 -61.0899 1.15029 1.52664 8.83359
-97.7282 -96.4077 -61.0458 1.15115 1.52623 8.82997
-97.7224 -96.4 -61.0016 1.15201 1.52581 8.82635
-97.7166 -96.3924 -60.9575 1.15287 1.52536 8.82274
-97.7109 -96.3848 -60.9134 1.15374 1.52489 8.81912
-97.7051 -96.3772 -60.8693 1.15461 1.52439 8.81551
-97.6993 -96.3695 -60.8253 1.15549 1.52388 8.8119
-97.6935 -96.3619 -60.7812 1.15637 1.52334 8.80829
-97.6878 -96.3543 -60.7372 1.15725 1.52278 8.80469
-97.682 -96.3467 -60.6932 1.15814 1.5222 8.80109
-97.6762 -96.3391 -60.6492 1.15903 1.52159 8.79749
-97.6704 -96.3315 -60.6052 1.15993 1.52096 8.7939
-97.6646 -96.3239 -60.5612 1.16083 1.52031 8.79032
-97.6588 -96.3163 -60.5173 1.16173 1.51963 8.78674
-97.653 -96.3087 -60.4734 1.16264 1.51893 8.78317
-97.6471 -96.3011 -60.4295 1.16355 1.51821 8.7796
-97.6413 -96.2935 -60.3856 1.16446 1.51746 8.77605
-97.6355 -96.2859 -60.3417 1.16538 1.51669 8.7725
-97.6297 -96.2783 -60.2978 1.1663 1.5159 8.76896
-97.6238 -96.2708 -60.254 1.16722 1.51508 8.76543
-97.618 -96.2632 -60.2102 1.16815 1.51424 8.76191
-97.6122 -96.2556 -60.1664 1.16908 1.51338 8.7584
-97.6063 -96.2481 -60.1226 1.17001 1.51249 8.7549
-97.6005 -96.2405 -60.0788 1.17095 1.51158 8.75141
-97.5946 -96.2329 -60.0351 1.17189 1.51065 8.74793
-97.5887 -96.2254 -59.9914 1.17283 1.50969 8.74446
-97.5829 -96.2178 -59.9476 1.17377 1.50871 8.74101
-97.577 -96.2103 -59.9039 1.17471 1.50771 8.73757
-97.5711 -96.2028 -59.8603 1.17566 1.50669 8.73415
-97.5652 -96.1952 -59.8166 1.17661 1.50564 8.73074
-97.5594 -96.1877 -59.773 1.17756 1.50457 8.72734
-97.5535 -96.1802 -59.7293 1.17851 1.50348 8.72396
-97.5476 -96.1727 -59.6857 1.17947 1.50237 8.72059
-97.5417 -96.1652 -59.6421 1.18043 1.50124 8.71724
-97.5358 -96.1577 -59.5985 1.18139 1.50008 8.7139
-97.5299 -96.1502 -59.555 1.18235 1.49891 8.71058
-97.5239 -96.1427 -59.5114 1.18331 1.49771 8.70728
-97.518 -96.1352 -59.4679 1.18427 1.49649 8.704
-97.5121 -96.1277 -59.4244 1.18524 1.49525 8.70073
-97.5062 -96.1202 -59.3809 1.1862 1.49399 8.69749
-97.5002 -96.1128 -59.3374 1.18717 1.49271 8.69426
-97.4943 -96.1053 -59.294 1.18814 1.49141 8.69105
-97.4884 -96.0979 -59.2505 1.18911 1.49009 8.68786
-97.4824 -96.0904 -59.2071 1.19008 1.48876 8.68469
-97.4765 -96.083 -59.1637 1.19105 1.4874 8.68154
-97.4705 -96.0755 -59.1203 1.19202 1.48603 8.67841
-97.4645 -96.0681 -59.0769 1.19299 1.48463 8.6753
-97.4586 -96.0607 -59.0335 1.19396 1.48322 8.67221
-97.4526 -96.0533 -58.9902 1.19494 1.48179 8.66915
-97.4466 -96.0459 -58.9468 1.19591 1.48035 8.6661
-97.4406 -96.0385 -58.9035 1.19689 1.47889 8.66308
-97.4347 -96.0311 -58.8602 1.19786 1.47741 8.66008
-97.4287 -96.0237 -58.8169 1.19883 1.47591 8.6571
-97.4227 -96.0163 -58.7736 1.19981 1.4744 8.65415
-97.4167 -96.009 -58.7304 1.20078 1.47288 8.65121
-97.4107 -96.0016 -58.6871 1.20176 1.47133 8.64831
-97.4046 -95.9942 -58.6439 1.20273 1.46978 8.64542
-97.3986 -95.9869 -58.6007 1.20371 1.46821 8.64256
-97.3926 -95.9796 -58.5575 1.20468 1.46662 8.63972
-97.3866 -95.9722 -58.5143 1.20565 1.46503 8.63691
-97.3806 -95.9649 -58.4711 1.20663 1.46341 8.63412
-97.3745 -95.9576 -58.4279 1.2076 1.46179 8.63135
-97.3685 -95.9503 -58.3848 1.20857 1.46015 8.62861
-97.3624 -95.943 -58.3416 1.20954 1.4585 8.6259
-97.3564 -95.9357 -58.2985 1.21051 1.45684 8.62321
-97.3503 -95.9284 -58.2554 1.21148 1.45517 8.62054
-97.3443 -95.9212 -58.2123 1.21245 1.45349 8.61791
-97.3382 -95.9139 -58.1692 1.21342 1.4518 8.61529
-97.3321 -95.9066 -58.1262 1.21438 1.45009 8.6127
-97.3261 -95.8994 -58.0831 1.21535 1.44838 8.61014
-97.32 -95.8922 -58.04 1.21631 1.44665 8.6076
-97.3139 -95.8849 -57.997 1.21728 1.44492 8.60509
-97.3078 -95.8777 -57.954 1.21824 1.44318 8.6026
-97.3017 -95.8705 -57.911 1.2192 1.44143 8.60014
-97.2956 -95.8633 -57.868 1.22016 1.43967 8.59771
-97.2895 -95.8561 -57.825 1.22111 1.43791 8.5953
-97.2834 -95.8489 -57.782 1.22207 1.43614 8.59292
-97.2773 -95.8417 -57.7391 1.22302 1.43436 8.59056
-97.2712 -95.8346 -57.6961 1.22397 1.43257 8.58823
-97.2651 -95.8274 -57.6532 1.22492 1.43078 8.58592
-97.2589 -95.8203 -57.6103 1.22587 1.42898 8.58365
-97.2528 -95.8131 -57.5674 1.22682 1.42717 8.58139
-97.2467 -95.806 -57.5245 1.22776 1.42536 8.57917
-97.2405 -95.7989 -57.4816 1.2287 1.42355 8.57697
-97.2344 -95.7918 -57.4387 1.22964 1.42173 8.57479
-97.2282 -95.7846 -57.3958 1.23058 1.4199 8.57264
-97.2221 -95.7776 -57.353 1.23152 1.41808 8.57052
-97.2159 -95.7705 -57.3101 1.23245 1.41625 8.56842
-97.2097 -95.7634 -57.2673 1.23338 1.41441 8.56635
-97.2036 -95.7563 -57.2245 1.23431 1.41257 8.56431
-97.1974 -95.7493 -57.1816 1.23523 1.41073 8.56229
-97.1912 -95.7422 -57.1388 1.23616 1.40889 8.5603
-97.185 -95.7352 -57.096 1.23708 1.40704 8.55833
-97.1788 -95.7281 -57.0533 1.23799 1.4052 8.55639
-97.1727 -95.7211 -57.0105 1.23891 1.40335 8.55447
-97.1665 -95.7141 -56.9677 1.23982 1.4015 8.55258
-97.1603 -95.7071 -56.9249 1.24073 1.39964 8.55072
-97.1541 -95.7001 -56.8822 1.24164 1.39779 8.54888
-97.1478 -95.6931 -56.8395 1.24254 1.39594 8.54706
-97.1416 -95.6862 -56.7967 1.24344 1.39409 8.54527
-97.1354 -95.6792 -56.754 1.24434 1.39223 8.54351
-97.1292 -95.6722 -56.7113 1.24523 1.39038 8.54177
-97.123 -95.6653 -56.6686 1.24612 1.38853 8.54005
-97.1167 -95.6583 -56.6259 1.24701 1.38667 8.53836
-97.1105 -95.6514 -56.5832 1.24789 1.38482 8.5367
-97.1042 -95.6445 -56.5405 1.24877 1.38297 8.53506
-97.098 -95.6376 -56.4979 1.24965 1.38112 8.53344
-97.0917 -95.6307 -56.4552 1.25052 1.37928 8.53185
-97.0855 -95.6238 -56.4125 1.25139 1.37743 8.53028
-97.0792 -95.6169 -56.3699 1.25226 1.37559 8.52873
-97.073 -95.61 -56.3272 1.25312 1.37375 8.52721
-97.0667 -95.6032 -56.2846 1.25398 1.37191 8.52572
-97.0604 -95.5963 -56.242 1.25484 1.37007 8.52425
-97.0542 -95.5895 -56.1994 1.25569 1.36824 8.5228
-97.0479 -95.5826 -56.1568 1.25654 1.36641 8.52137
-97.0416 -95.5758 -56.1142 1.25738 1.36458 8.51997
-97.0353 -95.569 -56.0716 1.25822 1.36275 8.51859
-97.029 -95.5622 -56.029 1.25906 1.36093 8.51724
-97.0227 -95.5554 -55.9864 1.25989 1.35911 8.5159
-97.0164 -95.5486 -55.9438 1.26072 1.3573 8.51459
-97.0101 -95.5418 -55.9012 1.26155 1.35549 8.51331
-97.0038 -95.535 -55.8587 1.26237 1.35368 8.51204
-96.9975 -95.5283 -55.8161 1.26318 1.35188 8.5108
-96.9912 -95.5215 -55.7736 1.26399 1.35008 8.50958
-96.9848 -95.5148 -55.731 1.2648 1.34829 8.50838
-96.9785 -95.508 -55.6885 1.26561 1.3465 8.50721
-96.9722 -95.5013 -55.646 1.26641 1.34472 8.50605
-96.9658 -95.4946 -55.6034 1.2672 1.34294 8.50492
-96.9595 -95.4879 -55.5609 1.26799 1.34116 8.50381
-96.9532 -95.4812 -55.5184 1.26878 1.33939 8.50273
-96.9468 -95.4745 -55.4759 1.26956 1.33763 8.50166
-96.9405 -95.4678 -55.4334 1.27033 1.33587 8.50061
-96.9341 -95.4611 -55.3909 1.27111 1.33412 8.49959
-96.9278 -95.4545 -55.3484 1.27187 1.33237 8.49859
-96.9214 -95.4478 -55.3059 1.27264 1.33063 8.49761
-96.915 -95.4412 -55.2634 1.2734 1.32889 8.49664
-96.9087 -95.4345 -55.2209 1.27415 1.32716 8.4957
-96.9023 -95.4279 -55.1784 1.2749 1.32543 8.49479
-96.8959 -95.4213 -55.136 1.27564 1.32371 8.49389
-96.8895 -95.4146 -55.0935 1.27638 1.322 8.49301
-96.8832 -95.408 -55.051 1.27712 1.32029 8.49215
-96.8768 -95.4014 -55.0086 1.27785 1.31858 8.49131
-96.8704 -95.3949 -54.9661 1.27857 1.31689 8.4905
-96.864 -95.3883 -54.9237 1.27929 1.3152 8.4897
-96.8576 -95.3817 -54.8812 1.28001 1.31351 8.48892
-96.8512 -95.3751 -54.8388 1.28072 1.31184 8.48816
-96.8448 -95.3686 -54.7964 1.28142 1.31017 8.48742
-96.8384 -95.362 -54.7539 1.28212 1.3085 8.48671
-96.832 -95.3555 -54.7115 1.28282 1.30684 8.48601
-96.8255 -95.349 -54.6691 1.28351 1.30519 8.48533
-96.8191 -95.3424 -54.6266 1.28419 1.30354 8.48467
-96.8127 -95.3359 -54.5842 1.28487 1.30191 8.48403
-96.8063 -95.3294 -54.5418 1.28555 1.30027 8.4834
-96.7998 -95.3229 -54.4994 1.28621 1.29865 8.4828
-96.7934 -95.3164 -54.457 1.28688 1.29703 8.48222
-96.787 -95.31 -54.4146 1.28754 1.29542 8.48165
-96.7805 -95.3035 -54.3721 1.28819 1.29381 8.48111
-96.7741 -95.297 -54.3297 1.28884 1.29221 8.48058
-96.7676 -95.2906 -54.2873 1.28948 1.29062 8.48007
-96.7612 -95.2841 -54.2449 1.29012 1.28903 8.47958
-96.7547 -95.2777 -54.2025 1.29075 1.28746 8.47911
-96.7483 -95.2712 -54.1602 1.29138 1.28588 8.47865
-96.7418 -95.2648 -54.1178 1.292 1.28432 8.47822
-96.7354 -95.2584 -54.0754 1.29261 1.28276 8.4778
-96.7289 -95.252 -54.033 1.29322 1.28121 8.4774
-96.7224 -95.2456 -53.9906 1.29383 1.27967 8.47702
-96.716 -95.2392 -53.9482 1.29443 1.27813 8.47666
-96.7095 -95.2328 -53.9058 1.29502 1.2766 8.47632
-96.703 -95.2264 -53.8634 1.29561 1.27507 8.47599
-96.6965 -95.2201 -53.8211 1.29619 1.27356 8.47568
-96.6901 -95.2137 -53.7787 1.29677 1.27205 8.47539
-96.6836 -95.2073 -53.7363 1.29734 1.27054 8.47512
-96.6771 -95.201 -53.6939 1.29791 1.26905 8.47486
-96.6706 -95.1946 -53.6516 1.29847 1.26756 8.47463
-96.6641 -95.1883 -53.6092 1.29902 1.26608 8.47441
-96.6576 -95.182 -53.5668 1.29957 1.2646 8.47421
-96.6511 -95.1757 -53.5245 1.30011 1.26313 8.47402
-96.6446 -95.1693 -53.4821 1.30065 1.26167 8.47385
-96.6381 -95.163 -53.4397 1.30118 1.26022 8.4737
-96.6316 -95.1567 -53.3973 1.30171 1.25877 8.47357
-96.6251 -95.1505 -53.355 1.30223 1.25733 8.47346
-96.6186 -95.1442 -53.3126 1.30274 1.25589 8.47336
-96.612 -95.1379 -53.2702 1.30325 1.25447 8.47328
-96.6055 -95.1316 -53.2279 1.30376 1.25305 8.47322
-96.599 -95.1254 -53.1855 1.30425 1.25163 8.47317
-96.5925 -95.1191 -53.1431 1.30475 1.25022 8.47315
-96.586 -95.1129 -53.1008 1.30523 1.24882 8.47313
-96.5794 -95.1066 -53.0584 1.30571 1.24743 8.47314
-96.5729 -95.1004 -53.016 1.30619 1.24605 8.47316
-96.5664 -95.0942 -52.9737 1.30665 1.24467 8.47321
-96.5598 -95.0879 -52.9313 1.30712 1.24329 8.47326
-96.5533 -95.0817 -52.8889 1.30757 1.24193 8.47334
-96.5468 -95.0755 -52.8466 1.30802 1.24057 8.47343
-96.5402 -95.0693 -52.8042 1.30847 1.23921 8.47354
-96.5337 -95.0631 -52.7618 1.30891 1.23787 8.47367
-96.5271 -95.0569 -52.7195 1.30934 1.23653 8.47381
-96.5206 -95.0508 -52.6771 1.30977 1.2352 8.47397
-96.514 -95.0446 -52.6347 1.31019 1.23387 8.47415
-96.5075 -95.0384 -52.5924 1.3106 1.23255 8.47435
-96.5009 -95.0323 -52.55 1.31101 1.23124 8.47456
-96.4944 -95.0261 -52.5076 1.31142 1.22993 8.47479
-96.4878 -95.02 -52.4652 1.31182 1.22863 8.47503
-96.4813 -95.0138 -52.4229 1.31221 1.22734 8.4753
-96.4747 -95.0077 -52.3805 1.31259 1.22605 8.47558
