-50 0 0 0 0 49
-50.0002 -0.000358377 0.244643 -0.0819596 -0.143095 48.8571
-50.0008 -0.00143112 0.488571 -0.163719 -0.285747 48.7141
-50.0018 -0.00321602 0.731784 -0.245277 -0.427959 48.5712
-50.0033 -0.00571088 0.974283 -0.326633 -0.569733 48.4283
-50.0051 -0.00891352 1.21607 -0.407785 -0.711072 48.2854
-50.0074 -0.0128218 1.45714 -0.488731 -0.851979 48.1425
-50.01 -0.0174335 1.69749 -0.569472 -0.992454 47.9996
-50.013 -0.0227465 1.93713 -0.650004 -1.1325 47.8567
-50.0165 -0.0287586 2.17606 -0.730328 -1.27212 47.7137
-50.0203 -0.0354679 2.41427 -0.810441 -1.41132 47.5708
-50.0246 -0.042872 2.65177 -0.890342 -1.5501 47.4279
-50.0293 -0.050969 2.88855 -0.970031 -1.68846 47.2849
-50.0343 -0.0597568 3.12461 -1.04951 -1.8264 47.142
-50.0397 -0.0692332 3.35997 -1.12877 -1.96393 46.999
-50.0456 -0.0793962 3.5946 -1.20781 -2.10104 46.856
-50.0518 -0.0902437 3.82853 -1.28664 -2.23775 46.713
-50.0585 -0.101774 4.06173 -1.36524 -2.37404 46.57
-50.0655 -0.113984 4.29423 -1.44363 -2.50993 46.427
-50.0729 -0.126873 4.526 -1.5218 -2.64542 46.2839
-50.0807 -0.140439 4.75707 -1.59974 -2.78051 46.1409
-50.0889 -0.154679 4.98741 -1.67747 -2.9152 45.9978
-50.0975 -0.169591 5.21704 -1.75496 -3.04949 45.8547
-50.1064 -0.185174 5.44596 -1.83224 -3.18338 45.7115
-50.1158 -0.201425 5.67416 -1.90929 -3.31689 45.5684
-50.1255 -0.218343 5.90164 -1.98611 -3.45 45.4252
-50.1357 -0.235925 6.12841 -2.06271 -3.58273 45.282
-50.1462 -0.25417 6.35446 -2.13908 -3.71507 45.1387
-50.157 -0.273076 6.5798 -2.21522 -3.84702 44.9955
-50.1683 -0.29264 6.80442 -2.29114 -3.9786 44.8522
-50.18 -0.312862 7.02832 -2.36682 -4.10979 44.7088
-50.192 -0.333738 7.2515 -2.44228 -4.24061 44.5655
-50.2044 -0.355268 7.47397 -2.5175 -4.37105 44.4221
-50.2172 -0.377449 7.69573 -2.5925 -4.50112 44.2787
-50.2303 -0.400279 7.91676 -2.66727 -4.63082 44.1352
-50.2438 -0.423757 8.13708 -2.7418 -4.76014 43.9918
-50.2577 -0.447881 8.35668 -2.81611 -4.88911 43.8482
-50.272 -0.472649 8.57556 -2.89019 -5.01771 43.7047
-50.2866 -0.498058 8.79372 -2.96403 -5.14594 43.5611
-50.3016 -0.524108 9.01117 -3.03764 -5.27382 43.4175
-50.317 -0.550797 9.2279 -3.11103 -5.40134 43.2738
-50.3327 -0.578122 9.44391 -3.18418 -5.5285 43.1301
-50.3488 -0.606082 9.6592 -3.25711 -5.65531 42.9863
-50.3653 -0.634675 9.87377 -3.3298 -5.78177 42.8426
-50.3821 -0.663899 10.0876 -3.40227 -5.90788 42.6987
-50.3993 -0.693754 10.3008 -3.47451 -6.03365 42.5549
-50.4169 -0.724236 10.5132 -3.54652 -6.15907 42.4109
-50.4348 -0.755345 10.7249 -3.6183 -6.28415 42.267
-50.4531 -0.787078 10.9358 -3.68985 -6.40889 42.123
-50.4717 -0.819434 11.1461 -3.76118 -6.5333 41.9789
-50.4907 -0.852411 11.3556 -3.83228 -6.65737 41.8348
-50.51 -0.886008 11.5644 -3.90316 -6.78111 41.6907
-50.5297 -0.920222 11.7725 -3.97381 -6.90453 41.5465
-50.5498 -0.955053 11.9799 -4.04424 -7.02761 41.4022
-50.5702 -0.990498 12.1866 -4.11445 -7.15038 41.2579
-50.5909 -1.02656 12.3925 -4.18444 -7.27282 41.1136
-50.612 -1.06323 12.5977 -4.2542 -7.39494 40.9691
-50.6334 -1.10051 12.8022 -4.32375 -7.51675 40.8247
-50.6552 -1.13839 13.0059 -4.39308 -7.63824 40.6801
-50.6774 -1.17689 13.209 -4.46219 -7.75943 40.5356
-50.6999 -1.21599 13.4113 -4.53108 -7.88031 40.3909
-50.7227 -1.25569 13.6129 -4.59976 -8.00088 40.2462
-50.7459 -1.296 13.8138 -4.66823 -8.12116 40.1014
-50.7694 -1.3369 14.0139 -4.73648 -8.24113 39.9566
-50.7932 -1.37841 14.2133 -4.80452 -8.36081 39.8117
-50.8174 -1.42051 14.412 -4.87235 -8.48019 39.6667
-50.8419 -1.46321 14.61 -4.93997 -8.59929 39.5217
-50.8668 -1.50651 14.8072 -5.00739 -8.7181 39.3766
-50.892 -1.55039 15.0038 -5.0746 -8.83662 39.2314
-50.9176 -1.59487 15.1996 -5.14161 -8.95487 39.0862
-50.9434 -1.63994 15.3946 -5.20841 -9.07284 38.9409
-50.9696 -1.6856 15.589 -5.27501 -9.19053 38.7955
-50.9962 -1.73185 15.7826 -5.34141 -9.30795 38.65
-51.0231 -1.77868 15.9755 -5.40761 -9.42511 38.5045
-51.0503 -1.8261 16.1676 -5.47362 -9.542 38.3589
-51.0778 -1.8741 16.3591 -5.53943 -9.65863 38.2132
-51.1057 -1.92268 16.5498 -5.60505 -9.775 38.0674
-51.1338 -1.97185 16.7397 -5.67047 -9.89112 37.9215
-51.1624 -2.0216 16.929 -5.73571 -10.007 37.7755
-51.1912 -2.07192 17.1175 -5.80075 -10.1226 37.6295
-51.2204 -2.12282 17.3053 -5.86561 -10.238 37.4834
-51.2499 -2.1743 17.4923 -5.93029 -10.3531 37.3372
-51.2797 -2.22635 17.6786 -5.99477 -10.468 37.1909
-51.3098 -2.27898 17.8642 -6.05908 -10.5827 37.0445
-51.3403 -2.33218 18.0491 -6.12321 -10.6971 36.898
-51.371 -2.38595 18.2332 -6.18715 -10.8113 36.7514
-51.4021 -2.44029 18.4166 -6.25092 -10.9253 36.6047
-51.4335 -2.4952 18.5992 -6.31452 -11.039 36.4579
-51.4653 -2.55068 18.7812 -6.37794 -11.1526 36.3111
-51.4973 -2.60673 18.9624 -6.44119 -11.2659 36.1641
-51.5297 -2.66334 19.1428 -6.50427 -11.379 36.017
-51.5624 -2.72052 19.3225 -6.56718 -11.492 35.8699
-51.5954 -2.77826 19.5015 -6.62992 -11.6047 35.7226
-51.6287 -2.83657 19.6798 -6.6925 -11.7172 35.5752
-51.6623 -2.89543 19.8573 -6.75491 -11.8295 35.4277
-51.6962 -2.95486 20.034 -6.81716 -11.9416 35.2802
-51.7305 -3.01485 20.2101 -6.87926 -12.0536 35.1325
-51.765 -3.0754 20.3854 -6.94119 -12.1653 34.9847
-51.7999 -3.13651 20.5599 -7.00297 -12.2769 34.8368
-51.835 -3.19817 20.7337 -7.06459 -12.3883 34.6887
-51.8705 -3.26039 20.9068 -7.12606 -12.4995 34.5406
-51.9063 -3.32316 21.0791 -7.18738 -12.6106 34.3924
-51.9424 -3.38649 21.2507 -7.24855 -12.7215 34.244
-51.9788 -3.45038 21.4216 -7.30957 -12.8322 34.0956
-52.0155 -3.51482 21.5917 -7.37044 -12.9428 33.947
-52.0525 -3.57981 21.761 -7.43117 -13.0532 33.7983
-52.0898 -3.64535 21.9297 -7.49175 -13.1634 33.6495
-52.1274 -3.71144 22.0975 -7.5522 -13.2735 33.5006
-52.1653 -3.77808 22.2647 -7.6125 -13.3835 33.3515
-52.2035 -3.84528 22.431 -7.67267 -13.4933 33.2024
-52.242 -3.91302 22.5967 -7.7327 -13.6029 33.0531
-52.2809 -3.98131 22.7616 -7.7926 -13.7125 32.9037
-52.32 -4.05014 22.9257 -7.85236 -13.8219 32.7542
-52.3594 -4.11952 23.0891 -7.91199 -13.9311 32.6046
-52.3991 -4.18945 23.2518 -7.97149 -14.0403 32.4548
-52.4391 -4.25993 23.4137 -8.03087 -14.1493 32.3049
-52.4794 -4.33095 23.5748 -8.09011 -14.2582 32.155
-52.52 -4.40251 23.7352 -8.14923 -14.3669 32.0048
-52.5609 -4.47462 23.8949 -8.20823 -14.4756 31.8546
-52.6021 -4.54726 24.0538 -8.26711 -14.5841 31.7042
-52.6436 -4.62046 24.2119 -8.32586 -14.6925 31.5538
-52.6853 -4.69419 24.3693 -8.3845 -14.8009 31.4032
-52.7274 -4.76847 24.5259 -8.44302 -14.9091 31.2524
-52.7698 -4.84328 24.6818 -8.50142 -15.0172 31.1016
-52.8124 -4.91864 24.837 -8.55971 -15.1252 30.9506
-52.8554 -4.99453 24.9913 -8.61789 -15.2331 30.7995
-52.8986 -5.07097 25.145 -8.67595 -15.3409 30.6483
-52.9421 -5.14794 25.2978 -8.73391 -15.4486 30.4969
-52.9859 -5.22545 25.4499 -8.79175 -15.5563 30.3455
-53.03 -5.30351 25.6013 -8.84949 -15.6638 30.1938
-53.0744 -5.38209 25.7519 -8.90713 -15.7713 30.0421
-53.1191 -5.46122 25.9017 -8.96465 -15.8786 29.8903
-53.1641 -5.54088 26.0508 -9.02208 -15.9859 29.7383
-53.2093 -5.62108 26.1991 -9.07941 -16.0932 29.5862
-53.2549 -5.70181 26.3466 -9.13663 -16.2003 29.4339
-53.3007 -5.78308 26.4934 -9.19376 -16.3074 29.2815
-53.3468 -5.86489 26.6394 -9.25079 -16.4143 29.129
-53.3932 -5.94722 26.7847 -9.30772 -16.5213 28.9764
-53.4399 -6.0301 26.9292 -9.36456 -16.6281 28.8237
-53.4869 -6.11351 27.0729 -9.4213 -16.7349 28.6708
-53.5341 -6.19745 27.2159 -9.47795 -16.8416 28.5177
-53.5816 -6.28192 27.3581 -9.53451 -16.9483 28.3646
-53.6294 -6.36693 27.4996 -9.59098 -17.0549 28.2113
-53.6775 -6.45247 27.6402 -9.64737 -17.1614 28.0579
-53.7259 -6.53854 27.7801 -9.70366 -17.2679 27.9043
-53.7746 -6.62515 27.9193 -9.75987 -17.3743 27.7507
-53.8235 -6.71229 28.0576 -9.816 -17.4807 27.5969
-53.8727 -6.79996 28.1952 -9.87204 -17.587 27.4429
-53.9222 -6.88816 28.3321 -9.928 -17.6932 27.2888
-53.972 -6.97689 28.4681 -9.98388 -17.7994 27.1346
-54.0221 -7.06615 28.6034 -10.0397 -17.9056 26.9803
-54.0724 -7.15595 28.7379 -10.0954 -18.0117 26.8258
-54.123 -7.24627 28.8717 -10.151 -18.1178 26.6711
-54.1739 -7.33712 29.0046 -10.2066 -18.2238 26.5164
-54.2251 -7.42851 29.1368 -10.2621 -18.3298 26.3615
-54.2765 -7.52042 29.2683 -10.3175 -18.4357 26.2064
-54.3283 -7.61287 29.3989 -10.3728 -18.5416 26.0513
-54.3803 -7.70584 29.5288 -10.4281 -18.6475 25.8959
-54.4326 -7.79934 29.6579 -10.4833 -18.7533 25.7405
-54.4851 -7.89337 29.7862 -10.5384 -18.8591 25.5849
-54.5379 -7.98793 29.9137 -10.5935 -18.9648 25.4291
-54.591 -8.08302 30.0405 -10.6485 -19.0705 25.2732
-54.6444 -8.17864 30.1664 -10.7034 -19.1762 25.1172
-54.6981 -8.27478 30.2916 -10.7582 -19.2819 24.961
-54.752 -8.37146 30.4161 -10.813 -19.3875 24.8047
-54.8062 -8.46866 30.5397 -10.8678 -19.4931 24.6482
-54.8607 -8.56639 30.6625 -10.9224 -19.5986 24.4916
-54.9154 -8.66464 30.7846 -10.977 -19.7041 24.3349
-54.9705 -8.76343 30.9059 -11.0316 -19.8096 24.178
-55.0258 -8.86274 31.0264 -11.086 -19.9151 24.0209
-55.0813 -8.96258 31.1461 -11.1405 -20.0206 23.8637
-55.1372 -9.06295 31.265 -11.1948 -20.126 23.7063
-55.1933 -9.16384 31.3832 -11.2491 -20.2314 23.5488
-55.2496 -9.26526 31.5005 -11.3034 -20.3367 23.3911
-55.3063 -9.36721 31.6171 -11.3575 -20.4421 23.2333
-55.3632 -9.46968 31.7328 -11.4117 -20.5474 23.0753
-55.4204 -9.57268 31.8478 -11.4658 -20.6527 22.9171
-55.4779 -9.67621 31.962 -11.5198 -20.758 22.7588
-55.5356 -9.78026 32.0754 -11.5737 -20.8633 22.6004
-55.5936 -9.88484 32.188 -11.6277 -20.9686 22.4418
-55.6519 -9.98995 32.2998 -11.6815 -21.0738 22.283
-55.7104 -10.0956 32.4108 -11.7354 -21.179 22.124
-55.7692 -10.2017 32.5211 -11.7891 -21.2842 21.9649
-55.8283 -10.3084 32.6305 -11.8428 -21.3894 21.8056
-55.8877 -10.4156 32.7391 -11.8965 -21.4946 21.6462
-55.9473 -10.5234 32.847 -11.9501 -21.5997 21.4865
-56.0072 -10.6316 32.954 -12.0037 -21.7049 21.3267
-56.0673 -10.7404 33.0602 -12.0572 -21.81 21.1668
-56.1277 -10.8497 33.1657 -12.1107 -21.9152 21.0066
-56.1884 -10.9596 33.2703 -12.1642 -22.0203 20.8463
-56.2494 -11.0699 33.3741 -12.2176 -22.1254 20.6858
-56.3106 -11.1808 33.4771 -12.2709 -22.2305 20.5252
-56.3721 -11.2922 33.5794 -12.3243 -22.3356 20.3643
-56.4339 -11.4042 33.6808 -12.3775 -22.4407 20.2033
-56.4959 -11.5166 33.7814 -12.4308 -22.5457 20.0421
-56.5582 -11.6296 33.8812 -12.484 -22.6508 19.8807
-56.6207 -11.7432 33.9802 -12.5371 -22.7559 19.7191
-56.6835 -11.8572 34.0784 -12.5902 -22.8609 19.5573
-56.7466 -11.9718 34.1758 -12.6433 -22.966 19.3954
-56.81 -12.0869 34.2723 -12.6964 -23.0711 19.2332
-56.8736 -12.2025 34.3681 -12.7494 -23.1761 19.0709
-56.9375 -12.3186 34.4631 -12.8023 -23.2812 18.9083
-57.0016 -12.4353 34.5572 -12.8553 -23.3862 18.7456
-57.066 -12.5525 34.6505 -12.9082 -23.4913 18.5827
-57.1307 -12.6702 34.743 -12.961 -23.5963 18.4195
-57.1956 -12.7884 34.8347 -13.0139 -23.7013 18.2562
-57.2608 -12.9072 34.9256 -13.0667 -23.8064 18.0927
-57.3263 -13.0265 35.0156 -13.1194 -23.9114 17.9289
-57.392 -13.1463 35.1049 -13.1722 -24.0165 17.765
-57.458 -13.2667 35.1933 -13.2249 -24.1216 17.6008
-57.5243 -13.3875 35.2809 -13.2776 -24.2266 17.4365
-57.5908 -13.5089 35.3677 -13.3302 -24.3317 17.2719
-57.6576 -13.6309 35.4536 -13.3829 -24.4368 17.1071
-57.7246 -13.7533 35.5387 -13.4354 -24.5418 16.9421
-57.7919 -13.8763 35.623 -13.488 -24.6469 16.7768
-57.8595 -13.9998 35.7065 -13.5406 -24.752 16.6114
-57.9273 -14.1238 35.7891 -13.5931 -24.8571 16.4457
-57.9954 -14.2484 35.8709 -13.6456 -24.9622 16.2798
-58.0638 -14.3734 35.9519 -13.698 -25.0674 16.1137
-58.1324 -14.499 36.0321 -13.7505 -25.1725 15.9473
-58.2013 -14.6252 36.1114 -13.8029 -25.2776 15.7807
-58.2704 -14.7518 36.1899 -13.8553 -25.3828 15.6139
-58.3398 -14.879 36.2675 -13.9076 -25.488 15.4469
-58.4095 -15.0067 36.3444 -13.96 -25.5932 15.2796
-58.4794 -15.1349 36.4203 -14.0123 -25.6983 15.112
-58.5496 -15.2637 36.4955 -14.0646 -25.8036 14.9442
-58.6201 -15.3929 36.5698 -14.1169 -25.9088 14.7762
-58.6908 -15.5228 36.6432 -14.1692 -26.014 14.6079
-58.7618 -15.6531 36.7159 -14.2214 -26.1193 14.4394
-58.833 -15.7839 36.7876 -14.2737 -26.2246 14.2707
-58.9045 -15.9153 36.8586 -14.3259 -26.3299 14.1016
-58.9763 -16.0472 36.9287 -14.3781 -26.4352 13.9323
-59.0483 -16.1797 36.9979 -14.4302 -26.5405 13.7628
-59.1206 -16.3127 37.0663 -14.4824 -26.6459 13.593
-59.1931 -16.4461 37.1338 -14.5346 -26.7512 13.4229
-59.2659 -16.5802 37.2005 -14.5867 -26.8566 13.2526
-59.339 -16.7147 37.2663 -14.6388 -26.9621 13.082
-59.4123 -16.8498 37.3313 -14.6909 -27.0675 12.9111
-59.4859 -16.9854 37.3955 -14.743 -27.173 12.74
-59.5597 -17.1215 37.4587 -14.7951 -27.2785 12.5686
-59.6338 -17.2582 37.5211 -14.8471 -27.384 12.3969
-59.7082 -17.3954 37.5827 -14.8992 -27.4895 12.2249
-59.7828 -17.5331 37.6434 -14.9512 -27.5951 12.0526
-59.8577 -17.6713 37.7032 -15.0033 -27.7007 11.8801
-59.9329 -17.8101 37.7622 -15.0553 -27.8063 11.7072
-60.0083 -17.9494 37.8203 -15.1073 -27.912 11.5341
-60.0839 -18.0892 37.8775 -15.1593 -28.0177 11.3607
-60.1599 -18.2295 37.9339 -15.2113 -28.1234 11.187
-60.2361 -18.3704 37.9894 -15.2633 -28.2292 11.0129
-60.3125 -18.5118 38.044 -15.3153 -28.335 10.8386
-60.3892 -18.6538 38.0978 -15.3672 -28.4408 10.664
-60.4662 -18.7962 38.1507 -15.4192 -28.5466 10.489
-60.5434 -18.9392 38.2027 -15.4711 -28.6525 10.3138
-60.6209 -19.0828 38.2538 -15.5231 -28.7584 10.1382
-60.6986 -19.2268 38.3041 -15.575 -28.8644 9.96234
-60.7766 -19.3714 38.3534 -15.627 -28.9704 9.78614
-60.8549 -19.5165 38.4019 -15.6789 -29.0765 9.60961
-60.9334 -19.6622 38.4495 -15.7309 -29.1825 9.43276
-61.0122 -19.8084 38.4962 -15.7828 -29.2886 9.25558
-61.0913 -19.9551 38.5421 -15.8347 -29.3948 9.07807
-61.1706 -20.1023 38.587 -15.8867 -29.501 8.90022
-61.2501 -20.2501 38.6311 -15.9386 -29.6073 8.72204
-61.3299 -20.3984 38.6742 -15.9905 -29.7135 8.54351
-61.41 -20.5472 38.7165 -16.0425 -29.8199 8.36464
-61.4904 -20.6966 38.7579 -16.0944 -29.9262 8.18542
-61.571 -20.8465 38.7984 -16.1463 -30.0327 8.00586
-61.6518 -20.9969 38.838 -16.1983 -30.1391 7.82593
-61.733 -21.1479 38.8766 -16.2502 -30.2457 7.64566
-61.8143 -21.2994 38.9144 -16.3021 -30.3522 7.46502
-61.896 -21.4514 38.9513 -16.3541 -30.4588 7.28401
-61.9779 -21.604 38.9872 -16.406 -30.5655 7.10264
-62.06 -21.757 39.0223 -16.458 -30.6722 6.9209
-62.1425 -21.9107 39.0565 -16.5099 -30.779 6.73879
-62.2251 -22.0648 39.0897 -16.5619 -30.8858 6.5563
-62.3081 -22.2195 39.122 -16.6138 -30.9927 6.37343
-62.3913 -22.3748 39.1534 -16.6658 -31.0996 6.19017
-62.4747 -22.5305 39.1839 -16.7178 -31.2066 6.00653
-62.5585 -22.6868 39.2135 -16.7698 -31.3136 5.82249
-62.6424 -22.8437 39.2421 -16.8217 -31.4207 5.63806
-62.7267 -23.001 39.2699 -16.8737 -31.5278 5.45324
-62.8112 -23.1589 39.2967 -16.9258 -31.635 5.26801
-62.8959 -23.3174 39.3226 -16.9778 -31.7423 5.08237
-62.9809 -23.4764 39.3475 -17.0298 -31.8496 4.89633
-63.0662 -23.6359 39.3715 -17.0818 -31.957 4.70987
-63.1518 -23.7959 39.3946 -17.1339 -32.0645 4.523
-63.2376 -23.9565 39.4167 -17.1859 -32.172 4.33571
-63.3236 -24.1177 39.438 -17.238 -32.2795 4.14799
-63.4099 -24.2793 39.4582 -17.2901 -32.3872 3.95985
-63.4965 -24.4415 39.4776 -17.3422 -32.4949 3.77127
-63.5834 -24.6043 39.4959 -17.3943 -32.6026 3.58226
-63.6705 -24.7676 39.5134 -17.4464 -32.7105 3.39281
-63.7578 -24.9314 39.5299 -17.4986 -32.8184 3.20291
-63.8455 -25.0957 39.5454 -17.5507 -32.9263 3.01257
-63.9333 -25.2606 39.56 -17.6029 -33.0344 2.82178
-64.0215 -25.4261 39.5736 -17.6551 -33.1425 2.63053
-64.1099 -25.5921 39.5863 -17.7072 -33.2506 2.43883
-64.1986 -25.7586 39.598 -17.7595 -33.3589 2.24666
-64.2875 -25.9257 39.6088 -17.8117 -33.4672 2.05402
-64.3767 -26.0933 39.6186 -17.8639 -33.5755 1.86092
-64.4661 -26.2614 39.6274 -17.9162 -33.684 1.66734
-64.5558 -26.4301 39.6352 -17.9685 -33.7925 1.47329
-64.6458 -26.5993 39.6421 -18.0208 -33.9011 1.27875
-64.736 -26.7691 39.648 -18.0731 -34.0098 1.08373
-64.8265 -26.9394 39.6529 -18.1254 -34.1185 0.888213
-64.9173 -27.1103 39.6569 -18.1777 -34.2273 0.692208
-65.0083 -27.2817 39.6599 -18.2301 -34.3362 0.495706
-65.0996 -27.4537 39.6619 -18.2825 -34.4452 0.298702
-65.1911 -27.6262 39.6629 -18.3349 -34.5542 0.101194
-65.2829 -27.7992 39.6629 -18.3873 -34.6633 -0.0968227
-65.375 -27.9728 39.6619 -18.4398 -34.7725 -0.295352
-65.4673 -28.1469 39.6599 -18.4922 -34.8818 -0.494399
-65.5599 -28.3216 39.6569 -18.5447 -34.9912 -0.693967
-65.6528 -28.4968 39.653 -18.5972 -35.1006 -0.89406
-65.7459 -28.6726 39.648 -18.6497 -35.2102 -1.09468
-65.8393 -28.8489 39.642 -18.7023 -35.3198 -1.29584
-65.9329 -29.0258 39.635 -18.7548 -35.4295 -1.49753
-66.0268 -29.2032 39.627 -18.8074 -35.5393 -1.69977
-66.121 -29.3812 39.618 -18.86 -35.6491 -1.90255
-66.2154 -29.5597 39.608 -18.9127 -35.7591 -2.10589
-66.3101 -29.7388 39.597 -18.9653 -35.8692 -2.30978
-66.4051 -29.9184 39.5849 -19.018 -35.9793 -2.51423
-66.5003 -30.0986 39.5718 -19.0707 -36.0895 -2.71925
-66.5958 -30.2793 39.5577 -19.1235 -36.1999 -2.92484
-66.6916 -30.4606 39.5426 -19.1762 -36.3103 -3.13101
-66.7876 -30.6424 39.5264 -19.229 -36.4208 -3.33775
-66.8838 -30.8248 39.5092 -19.2818 -36.5315 -3.54509
-66.9804 -31.0077 39.491 -19.3346 -36.6422 -3.75301
-67.0772 -31.1912 39.4717 -19.3875 -36.753 -3.96153
-67.1743 -31.3753 39.4514 -19.4404 -36.864 -4.17065
-67.2716 -31.5599 39.43 -19.4933 -36.975 -4.38038
-67.3692 -31.745 39.4076 -19.5462 -37.0861 -4.59072
-67.4671 -31.9307 39.3841 -19.5992 -37.1974 -4.80168
-67.5652 -32.117 39.3595 -19.6522 -37.3087 -5.01326
-67.6636 -32.3038 39.3339 -19.7053 -37.4202 -5.22547
-67.7622 -32.4912 39.3073 -19.7583 -37.5318 -5.43831
-67.8612 -32.6791 39.2796 -19.8114 -37.6435 -5.6518
-67.9603 -32.8676 39.2508 -19.8646 -37.7553 -5.86593
-68.0598 -33.0567 39.2209 -19.9177 -37.8672 -6.08071
-68.1595 -33.2463 39.19 -19.9709 -37.9793 -6.29616
-68.2595 -33.4365 39.1579 -20.0241 -38.0914 -6.51226
-68.3598 -33.6272 39.1248 -20.0774 -38.2037 -6.72904
-68.4603 -33.8185 39.0906 -20.1307 -38.3161 -6.94649
-68.5611 -34.0104 39.0554 -20.184 -38.4286 -7.16463
-68.6621 -34.2028 39.019 -20.2374 -38.5413 -7.38346
-68.7634 -34.3958 38.9815 -20.2908 -38.6541 -7.60298
-68.865 -34.5893 38.943 -20.3443 -38.767 -7.8232
-68.9669 -34.7835 38.9033 -20.3977 -38.88 -8.04413
-69.069 -34.9781 38.8625 -20.4513 -38.9932 -8.26578
-69.1714 -35.1734 38.8206 -20.5048 -39.1065 -8.48815
-69.2741 -35.3692 38.7776 -20.5584 -39.2199 -8.71125
-69.377 -35.5656 38.7335 -20.6121 -39.3335 -8.93509
-69.4802 -35.7625 38.6883 -20.6657 -39.4472 -9.15967
-69.5836 -35.9601 38.6419 -20.7195 -39.5611 -9.38499
-69.6874 -36.1582 38.5944 -20.7732 -39.6751 -9.61108
-69.7914 -36.3568 38.5458 -20.827 -39.7892 -9.83793
-69.8956 -36.556 38.4961 -20.8809 -39.9035 -10.0655
-70.0002 -36.7559 38.4452 -20.9348 -40.0179 -10.294
-70.105 -36.9562 38.3931 -20.9887 -40.1325 -10.5231
-70.2101 -37.1572 38.3399 -21.0427 -40.2472 -10.7531
-70.3154 -37.3587 38.2856 -21.0967 -40.3621 -10.9839
-70.421 -37.5608 38.2301 -21.1508 -40.4772 -11.2155
-70.5269 -37.7635 38.1734 -21.2049 -40.5923 -11.4479
-70.6331 -37.9667 38.1156 -21.2591 -40.7077 -11.6811
-70.7395 -38.1705 38.0566 -21.3133 -40.8232 -11.9152
-70.8462 -38.375 37.9965 -21.3676 -40.9389 -12.1501
-70.9532 -38.5799 37.9351 -21.4219 -41.0547 -12.3859
-71.0604 -38.7855 37.8726 -21.4763 -41.1707 -12.6225
-71.168 -38.9916 37.8089 -21.5307 -41.2868 -12.86
-71.2758 -39.1984 37.744 -21.5852 -41.4032 -13.0984
-71.3838 -39.4057 37.6779 -21.6397 -41.5197 -13.3376
-71.4921 -39.6136 37.6106 -21.6943 -41.6363 -13.5778
-71.6008 -39.822 37.5421 -21.7489 -41.7532 -13.8188
-71.7096 -40.0311 37.4724 -21.8036 -41.8702 -14.0608
-71.8188 -40.2407 37.4015 -21.8583 -41.9874 -14.3036
-71.9282 -40.451 37.3294 -21.9131 -42.1048 -14.5474
-72.0379 -40.6618 37.2561 -21.968 -42.2223 -14.7922
-72.1479 -40.8732 37.1815 -22.0229 -42.3401 -15.0379
-72.2582 -41.0852 37.1057 -22.0779 -42.458 -15.2845
-72.3687 -41.2978 37.0286 -22.1329 -42.5761 -15.5321
-72.4795 -41.511 36.9503 -22.188 -42.6944 -15.7807
-72.5906 -41.7247 36.8708 -22.2431 -42.8129 -16.0303
-72.7019 -41.9391 36.79 -22.2983 -42.9316 -16.2809
-72.8135 -42.154 36.708 -22.3536 -43.0505 -16.5325
-72.9255 -42.3696 36.6247 -22.4089 -43.1696 -16.7851
-73.0376 -42.5857 36.5402 -22.4643 -43.2889 -17.0388
-73.1501 -42.8025 36.4543 -22.5198 -43.4084 -17.2934
-73.2628 -43.0198 36.3672 -22.5753 -43.5281 -17.5492
-73.3758 -43.2378 36.2788 -22.6309 -43.648 -17.806
-73.4891 -43.4563 36.1892 -22.6865 -43.7681 -18.0638
-73.6027 -43.6754 36.0982 -22.7423 -43.8885 -18.3228
-73.7166 -43.8952 36.0059 -22.7981 -44.009 -18.5828
-73.8307 -44.1155 35.9124 -22.8539 -44.1298 -18.844
-73.9451 -44.3365 35.8175 -22.9098 -44.2508 -19.1062
-74.0598 -44.558 35.7213 -22.9658 -44.372 -19.3697
-74.1748 -44.7802 35.6238 -23.0219 -44.4934 -19.6342
-74.29 -45.003 35.525 -23.0781 -44.6151 -19.8999
-74.4055 -45.2264 35.4248 -23.1343 -44.737 -20.1668
-74.5214 -45.4503 35.3233 -23.1906 -44.8591 -20.4348
-74.6374 -45.6749 35.2205 -23.2469 -44.9814 -20.7041
-74.7538 -45.9002 35.1163 -23.3034 -45.104 -20.9745
-74.8705 -46.126 35.0107 -23.3599 -45.2269 -21.2462
-74.9874 -46.3524 34.9038 -23.4165 -45.35 -21.5191
-75.1046 -46.5795 34.7955 -23.4731 -45.4733 -21.7932
-75.2222 -46.8072 34.6859 -23.5299 -45.5969 -22.0687
-75.3399 -47.0355 34.5748 -23.5867 -45.7207 -22.3453
-75.458 -47.2644 34.4624 -23.6436 -45.8448 -22.6233
-75.5764 -47.4939 34.3486 -23.7006 -45.9691 -22.9026
-75.695 -47.7241 34.2334 -23.7577 -46.0937 -23.1832
-75.814 -47.9548 34.1168 -23.8148 -46.2186 -23.4651
-75.9332 -48.1862 33.9987 -23.8721 -46.3437 -23.7484
-76.0527 -48.4183 33.8793 -23.9294 -46.4691 -24.033
-76.1725 -48.6509 33.7584 -23.9868 -46.5948 -24.319
-76.2925 -48.8842 33.6361 -24.0443 -46.7207 -24.6064
-76.4129 -49.1181 33.5123 -24.1019 -46.8469 -24.8952
-76.5336 -49.3527 33.3871 -24.1596 -46.9735 -25.1854
-76.6545 -49.5879 33.2605 -24.2174 -47.1003 -25.4771
-76.7757 -49.8237 33.1324 -24.2752 -47.2273 -25.7702
-76.8973 -50.0602 33.0028 -24.3332 -47.3547 -26.0648
-77.0191 -50.2972 32.8717 -24.3912 -47.4824 -26.3609
-77.1412 -50.535 32.7392 -24.4494 -47.6104 -26.6585
-77.2636 -50.7734 32.6051 -24.5076 -47.7386 -26.9577
-77.3863 -51.0124 32.4696 -24.5659 -47.8672 -27.2583
-77.5092 -51.252 32.3325 -24.6243 -47.9961 -27.5606
-77.6325 -51.4923 32.194 -24.6829 -48.1253 -27.8644
-77.7561 -51.7333 32.0539 -24.7415 -48.2548 -28.1698
-77.8799 -51.9749 31.9123 -24.8002 -48.3847 -28.4768
-78.0041 -52.2171 31.7691 -24.8591 -48.5149 -28.7855
-78.1285 -52.46 31.6244 -24.918 -48.6454 -29.0958
-78.2532 -52.7036 31.4782 -24.9771 -48.7762 -29.4078
-78.3783 -52.9478 31.3304 -25.0362 -48.9074 -29.7214
-78.5036 -53.1927 31.181 -25.0955 -49.0389 -30.0368
-78.6292 -53.4382 31.03 -25.1548 -49.1708 -30.354
-78.7551 -53.6844 30.8774 -25.2143 -49.303 -30.6728
-78.8814 -53.9312 30.7233 -25.2739 -49.4355 -30.9935
-79.0079 -54.1787 30.5675 -25.3336 -49.5685 -31.316
-79.1347 -54.4269 30.4101 -25.3934 -49.7018 -31.6402
-79.2618 -54.6757 30.2511 -25.4533 -49.8354 -31.9664
-79.3892 -54.9252 30.0904 -25.5134 -49.9695 -32.2943
-79.517 -55.1754 29.9281 -25.5735 -50.1039 -32.6242
-79.645 -55.4263 29.7642 -25.6338 -50.2387 -32.956
-79.7733 -55.6778 29.5986 -25.6942 -50.3738 -33.2897
-79.9019 -55.93 29.4313 -25.7547 -50.5094 -33.6254
-80.0308 -56.1829 29.2623 -25.8154 -50.6454 -33.963
-80.1601 -56.4365 29.0917 -25.8761 -50.7818 -34.3027
-80.2896 -56.6907 28.9193 -25.937 -50.9185 -34.6443
-80.4194 -56.9457 28.7452 -25.9981 -51.0557 -34.9881
-80.5496 -57.2013 28.5694 -26.0592 -51.1933 -35.3339
-80.68 -57.4576 28.3919 -26.1205 -51.3313 -35.6818
-80.8108 -57.7146 28.2126 -26.1819 -51.4698 -36.0318
-80.9419 -57.9723 28.0316 -26.2434 -51.6087 -36.384
-81.0732 -58.2307 27.8488 -26.3051 -51.748 -36.7384
-81.2049 -58.4898 27.6642 -26.367 -51.8878 -37.095
-81.3369 -58.7496 27.4778 -26.4289 -52.028 -37.4538
-81.4692 -59.0101 27.2896 -26.491 -52.1686 -37.8149
-81.6018 -59.2713 27.0997 -26.5532 -52.3098 -38.1783
-81.7347 -59.5332 26.9079 -26.6156 -52.4513 -38.544
-81.868 -59.7958 26.7142 -26.6781 -52.5934 -38.9121
-82.0015 -60.0591 26.5187 -26.7408 -52.7359 -39.2825
-82.1354 -60.3231 26.3214 -26.8036 -52.8789 -39.6553
-82.2695 -60.5879 26.1222 -26.8666 -53.0224 -40.0306
-82.404 -60.8534 25.9211 -26.9297 -53.1663 -40.4084
-82.5388 -61.1195 25.7181 -26.9929 -53.3108 -40.7886
-82.674 -61.3865 25.5132 -27.0563 -53.4557 -41.1714
-82.8094 -61.6541 25.3064 -27.1199 -53.6012 -41.5568
-82.9452 -61.9225 25.0976 -27.1836 -53.7471 -41.9447
-83.0812 -62.1916 24.8869 -27.2475 -53.8935 -42.3353
-83.2176 -62.4614 24.6743 -27.3115 -54.0405 -42.7285
-83.3544 -62.732 24.4596 -27.3757 -54.1879 -43.1244
-83.4914 -63.0033 24.243 -27.44 -54.3359 -43.5231
-83.6288 -63.2753 24.0244 -27.5045 -54.4844 -43.9245
-83.7664 -63.5481 23.8038 -27.5691 -54.6334 -44.3287
-83.9044 -63.8217 23.5811 -27.6339 -54.7829 -44.7357
-84.0428 -64.096 23.3564 -27.6988 -54.9329 -45.1457
-84.1814 -64.371 23.1297 -27.7639 -55.0835 -45.5585
-84.3204 -64.6468 22.9008 -27.8291 -55.2345 -45.9742
-84.4597 -64.9234 22.6699 -27.8945 -55.3861 -46.393
-84.5994 -65.2007 22.4369 -27.96 -55.5381 -46.8148
-84.7393 -65.4787 22.2018 -28.0257 -55.6907 -47.2396
-84.8796 -65.7576 21.9645 -28.0915 -55.8438 -47.6676
-85.0202 -66.0372 21.7251 -28.1575 -55.9973 -48.0987
-85.1612 -66.3175 21.4835 -28.2236 -56.1514 -48.533
-85.3025 -66.5987 21.2398 -28.2898 -56.3059 -48.9706
-85.4441 -66.8806 20.9938 -28.3562 -56.4609 -49.4114
-85.586 -67.1633 20.7457 -28.4226 -56.6163 -49.8556
-85.7283 -67.4468 20.4953 -28.4892 -56.7722 -50.3032
-85.8709 -67.731 20.2426 -28.5559 -56.9286 -50.7542
-86.0139 -68.0161 19.9877 -28.6227 -57.0853 -51.2087
-86.1572 -68.3019 19.7305 -28.6896 -57.2425 -51.6668
-86.3008 -68.5885 19.4711 -28.7566 -57.4 -52.1285
-86.4447 -68.8759 19.2093 -28.8237 -57.5579 -52.5938
-86.589 -69.1641 18.9451 -28.8909 -57.7162 -53.0629
-86.7336 -69.453 18.6786 -28.9581 -57.8748 -53.5358
-86.8786 -69.7428 18.4098 -29.0253 -58.0337 -54.0126
-87.0239 -70.0334 18.1385 -29.0926 -58.1929 -54.4934
-87.1695 -70.3247 17.8648 -29.16 -58.3523 -54.9781
-87.3155 -70.6169 17.5887 -29.2273 -58.512 -55.467
-87.4618 -70.9099 17.3101 -29.2947 -58.672 -55.9601
-87.6084 -71.2036 17.0291 -29.3621 -58.8321 -56.4575
-87.7554 -71.4982 16.7456 -29.4294 -58.9924 -56.9592
-87.9027 -71.7935 16.4595 -29.4967 -59.1528 -57.4654
-88.0504 -72.0897 16.1709 -29.564 -59.3134 -57.9762
-88.1984 -72.3867 15.8798 -29.6312 -59.474 -58.4916
-88.3467 -72.6844 15.586 -29.6983 -59.6348 -59.0119
-88.4954 -72.983 15.2896 -29.7653 -59.7955 -59.537
-88.6443 -73.2824 14.9906 -29.8323 -59.9563 -60.0671
-88.7937 -73.5826 14.689 -29.8991 -60.1171 -60.6024
-88.9433 -73.8836 14.3846 -29.9658 -60.2779 -61.1429
-89.0933 -74.1854 14.0775 -30.0324 -60.4387 -61.6888
-89.2437 -74.488 13.7677 -30.0988 -60.5993 -62.2402
-89.3943 -74.7914 13.4551 -30.165 -60.7599 -62.7972
-89.5453 -75.0956 13.1397 -30.2311 -60.9204 -63.36
-89.6966 -75.4006 12.8215 -30.2969 -61.0808 -63.9288
-89.8483 -75.7064 12.5005 -30.3626 -61.241 -64.5036
-90.0003 -76.013 12.1765 -30.428 -61.4011 -65.0846
-90.1526 -76.3204 11.8496 -30.4932 -61.561 -65.672
-90.3052 -76.6286 11.5198 -30.5581 -61.7208 -66.266
-90.4581 -76.9376 11.1869 -30.6228 -61.8803 -66.8666
-90.6114 -77.2474 10.8511 -30.6871 -62.0397 -67.4741
-90.765 -77.558 10.5122 -30.7512 -62.1988 -68.0886
-90.9189 -77.8694 10.1702 -30.815 -62.3577 -68.7103
-91.0732 -78.1816 9.8251 -30.8785 -62.5164 -69.3394
-91.2277 -78.4945 9.47682 -30.9417 -62.6748 -69.976
-91.3826 -78.8083 9.12534 -31.0045 -62.8329 -70.6203
-91.5378 -79.1229 8.77061 -31.0669 -62.9908 -71.2726
-91.6933 -79.4382 8.41261 -31.129 -63.1485 -71.933
-91.8491 -79.7544 8.05128 -31.1907 -63.3058 -72.6016
-92.0052 -80.0713 7.68659 -31.252 -63.4628 -73.2788
-92.1616 -80.389 7.31849 -31.3129 -63.6195 -73.9647
-92.3183 -80.7075 6.94694 -31.3733 -63.7759 -74.6595
-92.4753 -81.0267 6.57189 -31.4333 -63.9319 -75.3635
-92.6326 -81.3468 6.1933 -31.4928 -64.0875 -76.0767
-92.7902 -81.6676 5.81112 -31.5518 -64.2428 -76.7996
-92.9481 -81.9892 5.4253 -31.6103 -64.3977 -77.5323
-93.1063 -82.3116 5.0358 -31.6683 -64.5521 -78.2751
-93.2648 -82.6347 4.64255 -31.7257 -64.7061 -79.0282
-93.4236 -82.9587 4.24551 -31.7825 -64.8596 -79.7918
-93.5826 -83.2833 3.84463 -31.8387 -65.0126 -80.5663
-93.742 -83.6088 3.43985 -31.8943 -65.1651 -81.3519
-93.9016 -83.935 3.03111 -31.9492 -65.3169 -82.1488
-94.0615 -84.2619 2.61836 -32.0033 -65.4682 -82.9575
-94.2216 -84.5897 2.20153 -32.0568 -65.6188 -83.7781
-94.382 -84.9181 1.78057 -32.1095 -65.7687 -84.6111
-94.5427 -85.2474 1.35542 -32.1613 -65.9179 -85.4567
-94.7037 -85.5773 0.926002 -32.2123 -66.0662 -86.3152
-94.8648 -85.908 0.492261 -32.2625 -66.2137 -87.1871
-95.0263 -86.2395 0.0541276 -32.3116 -66.3602 -88.0726
-95.188 -86.5716 -0.388468 -32.3598 -66.5058 -88.9722
-95.3499 -86.9045 -0.835598 -32.4069 -66.6503 -89.8863
-95.512 -87.2381 -1.28733 -32.4529 -66.7937 -90.8153
-95.6744 -87.5724 -1.74375 -32.4978 -66.9358 -91.7595
-95.837 -87.9075 -2.20493 -32.5414 -67.0766 -92.7195
-95.9998 -88.2432 -2.67095 -32.5837 -67.2161 -93.6957
-96.1628 -88.5796 -3.14189 -32.6247 -67.354 -94.6886
-96.3261 -88.9168 -3.61784 -32.6642 -67.4903 -95.6986
-96.4895 -89.2545 -4.09888 -32.7021 -67.6248 -96.7264
-96.6531 -89.593 -4.58511 -32.7385 -67.7575 -97.7725
-96.8169 -89.9321 -5.07661 -32.7731 -67.8881 -98.8374
-96.9808 -90.2719 -5.57349 -32.806 -68.0167 -99.9218
-97.1449 -90.6123 -6.07583 -32.8369 -68.1429 -101.026
-97.3092 -90.9533 -6.58375 -32.8657 -68.2666 -102.151
-97.4736 -91.295 -7.09735 -32.8925 -68.3876 -103.298
-97.6381 -91.6372 -7.61674 -32.9169 -68.5058 -104.467
-97.8028 -91.98 -8.14203 -32.9389 -68.621 -105.658
-97.9675 -92.3234 -8.67333 -32.9583 -68.7328 -106.874
-98.1323 -92.6673 -9.21077 -32.975 -68.8411 -108.114
-98.2973 -93.0118 -9.75447 -32.9888 -68.9456 -109.379
-98.4622 -93.3568 -10.3046 -32.9995 -69.046 -110.671
-98.6272 -93.7023 -10.8612 -33.0069 -69.142 -111.99
-98.7923 -94.0482 -11.4245 -33.0108 -69.2332 -113.337
-98.9574 -94.3946 -11.9946 -33.0109 -69.3194 -114.714
-99.1224 -94.7414 -12.5716 -33.0071 -69.4002 -116.122
-99.2874 -95.0886 -13.1558 -32.9991 -69.4751 -117.561
-99.4524 -95.4362 -13.7472 -32.9865 -69.5436 -119.033
-99.6173 -95.784 -14.3461 -32.9691 -69.6053 -120.54
-99.7821 -96.1322 -14.9526 -32.9465 -69.6597 -122.082
-99.9468 -96.4806 -15.5669 -32.9183 -69.7062 -123.662
-100.111 -96.8293 -16.1893 -32.8843 -69.7441 -125.28
-100.276 -97.1781 -16.8198 -32.8439 -69.7728 -126.94
-100.44 -97.527 -17.4587 -32.7967 -69.7916 -128.641
-100.604 -97.876 -18.1062 -32.7422 -69.7996 -130.387
-100.767 -98.225 -18.7625 -32.6799 -69.796 -132.179
-100.93 -98.574 -19.428 -32.6091 -69.7797 -134.02
-101.093 -98.9228 -20.1028 -32.5293 -69.7498 -135.912
-101.256 -99.2715 -20.7871 -32.4396 -69.7051 -137.857
-101.418 -99.6198 -21.4813 -32.3394 -69.6443 -139.857
-101.579 -99.9679 -22.1857 -32.2278 -69.5661 -141.917
-101.74 -100.316 -22.9005 -32.1038 -69.4688 -144.038
-101.9 -100.663 -23.6261 -31.9665 -69.3508 -146.224
-102.06 -101.009 -24.3628 -31.8147 -69.2102 -148.479
-102.218 -101.355 -25.1109 -31.6471 -69.0449 -150.805
-102.376 -101.699 -25.8708 -31.4624 -68.8527 -153.208
-102.533 -102.043 -26.643 -31.259 -68.6309 -155.691
-102.689 -102.386 -27.4277 -31.0352 -68.3768 -158.26
-102.843 -102.727 -28.2256 -30.7892 -68.087 -160.918
-102.996 -103.067 -29.0369 -30.5188 -67.758 -163.672
-103.148 -103.405 -29.8623 -30.2217 -67.3858 -166.528
-103.299 -103.74 -30.7022 -29.8952 -66.9658 -169.491
-103.447 -104.074 -31.5573 -29.5362 -66.493 -172.57
-103.594 -104.405 -32.428 -29.1414 -65.9616 -175.771
-103.739 -104.734 -33.315 -28.7071 -65.3649 -179.102
-103.881 -105.059 -34.219 -28.2288 -64.6956 -182.574
-104.021 -105.381 -35.1407 -27.7015 -63.9449 -186.195
-104.158 -105.698 -36.081 -27.1197 -63.1032 -189.976
-104.292 -106.012 -37.0405 -26.4768 -62.1592 -193.929
-104.423 -106.32 -38.0203 -25.7654 -61.0997 -198.068
-104.55 -106.623 -39.0212 -24.9767 -59.9096 -202.406
-104.673 -106.919 -40.0444 -24.1007 -58.5712 -206.958
-104.791 -107.208 -41.0908 -23.1257 -57.064 -211.743
-104.904 -107.49 -42.1618 -22.038 -55.3634 -216.778
-105.011 -107.762 -43.2586 -20.8211 -53.4408 -222.084
-105.112 -108.024 -44.3827 -19.4561 -51.262 -227.684
-105.206 -108.275 -45.5355 -17.9199 -48.7861 -233.601
-105.291 -108.512 -46.7187 -16.1852 -45.9639 -239.862
-105.368 -108.734 -47.9342 -14.2189 -42.736 -246.494
-105.433 -108.939 -49.1837 -11.981 -39.0301 -253.527
-105.487 -109.125 -50.4695 -9.42283 -34.7577 -260.988
-105.528 -109.287 -51.7936 -6.48449 -29.8098 -268.905
-105.552 -109.423 -53.1586 -3.09234 -24.0514 -277.301
-105.559 -109.527 -54.5667 0.84483 -17.3143 -286.19
-105.544 -109.596 -56.0205 5.4403 -9.38865 -295.569
-105.504 -109.621 -57.5224 10.8348 -0.0117165 -305.404
-105.435 -109.596 -59.0745 17.2026 11.1444 -315.612
-105.332 -109.509 -60.6785 24.7572 24.4855 -326.027
-105.188 -109.351 -62.3347 33.7542 40.5033 -336.348
-104.994 -109.104 -64.0419 44.4854 59.7706 -346.066
-104.743 -108.753 -65.7952 57.2543 82.9006 -354.352
-104.422 -108.275 -67.5851 72.3111 110.436 -359.935
-104.02 -107.648 -69.3942 89.7239 142.616 -360.996
-103.525 -106.849 -71.1947 109.169 178.986 -355.224
-102.928 -105.859 -72.9461 129.689 217.921 -340.24
-102.228 -104.671 -74.5969 149.601 256.398 -314.521
-101.433 -103.296 -76.0915 166.8 290.489 -278.536
-100.56 -101.767 -77.3829 179.485 316.682 -235.195
-99.638 -100.13 -78.4445 186.873 333.243 -188.952
-98.6919 -98.4346 -79.2736 189.332 340.591 -144.111
-97.7446 -96.7239 -79.8866 187.964 340.582 -103.567
-96.8121 -95.0287 -80.31 184.03 335.477 -68.5881
-95.9041 -93.3689 -80.573 178.602 327.252 -39.2529
-95.0259 -91.7559 -80.7029 172.447 317.363 -15.0187
-94.1795 -90.195 -80.7234 166.062 306.779 4.87685
-93.3651 -88.6879 -80.6542 159.745 296.097 21.1985
-92.582 -87.2339 -80.5115 153.658 285.662 34.6217
-91.8285 -85.8311 -80.308 147.884 275.66 45.7079
-91.103 -84.4772 -80.0544 142.455 266.181 54.9105
-90.4039 -83.1692 -79.7589 137.376 257.254 62.5904
-89.7292 -81.9046 -79.4285 132.635 248.875 69.0331
-89.0775 -80.6804 -79.0686 128.212 241.024 74.4648
-88.4471 -79.4943 -78.6838 124.086 233.67 79.065
-87.8366 -78.3437 -78.2779 120.232 226.779 82.977
-87.2448 -77.2264 -77.854 116.629 220.315 86.3156
-86.6703 -76.1405 -77.4147 113.254 214.245 89.1737
-86.1122 -75.084 -76.9622 110.087 208.535 91.6267
-85.5694 -74.0551 -76.4984 107.111 203.157 93.7361
-85.0411 -73.0524 -76.0248 104.309 198.083 95.5526
-84.5263 -72.0743 -75.5429 101.666 193.288 97.1184
-84.0244 -71.1195 -75.0536 99.1685 188.749 98.4682
-83.5346 -70.1868 -74.5582 96.8046 184.446 99.6314
-83.0564 -69.275 -74.0573 94.5634 180.36 100.633
-82.589 -68.3832 -73.5518 92.4352 176.474 101.493
-82.132 -67.5103 -73.0424 90.4111 172.774 102.229
-81.6849 -66.6555 -72.5295 88.4833 169.246 102.858
-81.2472 -65.8178 -72.0138 86.6446 165.876 103.391
-80.8185 -64.9967 -71.4956 84.8885 162.655 103.84
-80.3983 -64.1913 -70.9754 83.2092 159.571 104.215
-79.9864 -63.401 -70.4534 81.6013 156.615 104.523
-79.5823 -62.6251 -69.9301 80.0599 153.779 104.773
-79.1858 -61.8632 -69.4057 78.5808 151.055 104.97
-78.7965 -61.1146 -68.8804 77.1598 148.435 105.121
-78.4142 -60.3788 -68.3545 75.7932 145.914 105.23
-78.0386 -59.6555 -67.8281 74.4777 143.485 105.301
-77.6694 -58.944 -67.3015 73.2102 141.143 105.339
-77.3064 -58.244 -66.7747 71.9878 138.882 105.346
-76.9495 -57.5552 -66.248 70.8079 136.698 105.326
-76.5984 -56.8771 -65.7214 69.6681 134.587 105.282
-76.2528 -56.2093 -65.1952 68.5661 132.545 105.215
-75.9127 -55.5516 -64.6693 67.4999 130.568 105.129
-75.5778 -54.9036 -64.1439 66.4676 128.652 105.024
-75.248 -54.2651 -63.619 65.4674 126.795 104.903
-74.9232 -53.6357 -63.0948 64.4976 124.992 104.767
-74.6031 -53.0152 -62.5714 63.5567 123.243 104.617
-74.2876 -52.4033 -62.0487 62.6433 121.543 104.456
-73.9766 -51.7997 -61.5268 61.756 119.892 104.283
-73.67 -51.2044 -61.0058 60.8936 118.285 104.101
-73.3677 -50.6169 -60.4858 60.055 116.722 103.909
-73.0695 -50.0371 -59.9667 59.2389 115.2 103.709
-72.7753 -49.4649 -59.4487 58.4444 113.717 103.502
-72.485 -48.9 -58.9317 57.6706 112.273 103.288
-72.1986 -48.3422 -58.4158 56.9165 110.864 103.068
-71.9159 -47.7913 -57.901 56.1813 109.49 102.842
-71.6368 -47.2473 -57.3874 55.4643 108.148 102.612
-71.3612 -46.7098 -56.8749 54.7645 106.839 102.377
-71.0891 -46.1789 -56.3636 54.0814 105.56 102.138
-70.8204 -45.6543 -55.8535 53.4142 104.31 101.895
-70.555 -45.1358 -55.3447 52.7623 103.088 101.649
-70.2928 -44.6234 -54.837 52.1252 101.894 101.401
-70.0338 -44.1169 -54.3306 51.5023 100.725 101.149
-69.7778 -43.6161 -53.8255 50.8929 99.5808 100.896
-69.5248 -43.1211 -53.3217 50.2967 98.461 100.64
-69.2748 -42.6315 -52.8191 49.7131 97.3643 100.383
-69.0277 -42.1474 -52.3179 49.1417 96.29 100.124
-68.7834 -41.6686 -51.8179 48.582 95.2372 99.8632
-68.5419 -41.195 -51.3192 48.0337 94.2052 99.6016
-68.3031 -40.7266 -50.8219 47.4963 93.1933 99.3391
-68.0669 -40.2631 -50.3258 46.9694 92.2008 99.0757
-67.8334 -39.8046 -49.8311 46.4528 91.227 98.8116
-67.6024 -39.3508 -49.3377 45.946 90.2713 98.547
-67.3739 -38.9019 -48.8456 45.4487 89.3332 98.2819
-67.1479 -38.4575 -48.3549 44.9606 88.412 98.0166
-66.9243 -38.0177 -47.8655 44.4815 87.5072 97.751
-66.7031 -37.5824 -47.3774 44.011 86.6184 97.4853
-66.4842 -37.1516 -46.8906 43.5489 85.7449 97.2196
-66.2676 -36.725 -46.4052 43.0949 84.8864 96.954
-66.0532 -36.3027 -45.9211 42.6488 84.0424 96.6886
-65.8411 -35.8846 -45.4383 42.2103 83.2125 96.4233
-65.6311 -35.4706 -44.9568 41.7792 82.3962 96.1584
-65.4233 -35.0606 -44.4767 41.3553 81.5931 95.8937
-65.2176 -34.6546 -43.9979 40.9383 80.8029 95.6295
-65.0139 -34.2526 -43.5204 40.5281 80.0252 95.3657
-64.8123 -33.8544 -43.0443 40.1245 79.2597 95.1025
-64.6127 -33.46 -42.5694 39.7273 78.5059 94.8397
-64.415 -33.0693 -42.0959 39.3363 77.7636 94.5776
-64.2193 -32.6824 -41.6236 38.9514 77.0325 94.316
-64.0255 -32.299 -41.1527 38.5723 76.3123 94.0551
-63.8336 -31.9192 -40.6831 38.199 75.6026 93.7949
-63.6435 -31.543 -40.2147 37.8312 74.9032 93.5354
-63.4553 -31.1702 -39.7477 37.4688 74.2139 93.2766
-63.2689 -30.8008 -39.282 37.1117 73.5343 93.0185
-63.0842 -30.4349 -38.8175 36.7598 72.8643 92.7613
-62.9013 -30.0722 -38.3544 36.4129 72.2035 92.5048
-62.7201 -29.7128 -37.8925 36.0708 71.5517 92.2491
-62.5405 -29.3567 -37.4319 35.7335 70.9088 91.9943
-62.3627 -29.0037 -36.9725 35.4009 70.2745 91.7403
-62.1865 -28.6539 -36.5145 35.0728 69.6486 91.4871
-62.012 -28.3073 -36.0577 34.7491 69.0309 91.2348
-61.839 -27.9636 -35.6021 34.4297 68.4212 90.9834
-61.6677 -27.623 -35.1478 34.1146 67.8193 90.7328
-61.4979 -27.2854 -34.6948 33.8035 67.225 90.4831
-61.3297 -26.9508 -34.243 33.4965 66.6382 90.2343
-61.1629 -26.6191 -33.7924 33.1933 66.0587 89.9865
-60.9977 -26.2902 -33.3431 32.8941 65.4863 89.7395
-60.834 -25.9642 -32.8951 32.5985 64.9208 89.4934
-60.6717 -25.641 -32.4482 32.3066 64.3621 89.2482
-60.5109 -25.3206 -32.0026 32.0183 63.8101 89.004
-60.3516 -25.0029 -31.5582 31.7335 63.2646 88.7606
-60.1936 -24.6879 -31.115 31.4522 62.7254 88.5182
-60.037 -24.3756 -30.673 31.1741 62.1925 88.2766
-59.8819 -24.066 -30.2322 30.8994 61.6657 88.036
-59.728 -23.759 -29.7926 30.6278 61.1448 87.7963
-59.5756 -23.4546 -29.3542 30.3594 60.6298 87.5575
-59.4245 -23.1527 -28.917 30.0941 60.1205 87.3196
-59.2746 -22.8534 -28.481 29.8318 59.6168 87.0827
-59.1261 -22.5565 -28.0462 29.5724 59.1186 86.8466
-58.9789 -22.2622 -27.6126 29.3159 58.6257 86.6114
-58.833 -21.9703 -27.1801 29.0622 58.1381 86.3771
-58.6883 -21.6808 -26.7488 28.8113 57.6557 86.1438
-58.5449 -21.3937 -26.3187 28.5631 57.1784 85.9113
-58.4027 -21.109 -25.8897 28.3176 56.706 85.6797
-58.2617 -20.8267 -25.4619 28.0747 56.2384 85.449
-58.1219 -20.5466 -25.0352 27.8344 55.7757 85.2191
-57.9833 -20.2689 -24.6097 27.5965 55.3176 84.9902
-57.846 -19.9935 -24.1853 27.3611 54.8641 84.7621
-57.7097 -19.7203 -23.7621 27.1282 54.4151 84.5349
-57.5747 -19.4493 -23.3399 26.8976 53.9705 84.3085
-57.4408 -19.1806 -22.919 26.6693 53.5302 84.0831
-57.308 -18.914 -22.4991 26.4433 53.0942 83.8584
-57.1763 -18.6496 -22.0804 26.2196 52.6624 83.6346
-57.0458 -18.3874 -21.6628 25.998 52.2347 83.4117
-56.9163 -18.1273 -21.2463 25.7786 51.811 83.1895
-56.788 -17.8693 -20.8309 25.5613 51.3913 82.9683
-56.6607 -17.6134 -20.4166 25.3462 50.9755 82.7478
-56.5345 -17.3595 -20.0034 25.133 50.5634 82.5282
-56.4094 -17.1077 -19.5913 24.9219 50.1552 82.3093
-56.2853 -16.858 -19.1803 24.7127 49.7506 82.0913
-56.1623 -16.6102 -18.7704 24.5055 49.3496 81.8741
-56.0403 -16.3645 -18.3616 24.3002 48.9522 81.6577
-55.9193 -16.1207 -17.9538 24.0967 48.5583 81.4421
-55.7993 -15.8789 -17.5471 23.8951 48.1678 81.2272
-55.6803 -15.639 -17.1415 23.6954 47.7807 81.0132
-55.5623 -15.4011 -16.737 23.4974 47.3969 80.7999
-55.4453 -15.1651 -16.3335 23.3011 47.0164 80.5874
-55.3293 -14.9309 -15.9311 23.1066 46.6391 80.3756
-55.2143 -14.6987 -15.5298 22.9137 46.265 80.1647
-55.1002 -14.4683 -15.1295 22.7226 45.894 79.9544
-54.9871 -14.2397 -14.7302 22.5331 45.5261 79.7449
-54.8749 -14.013 -14.332 22.3451 45.1611 79.5362
-54.7636 -13.7881 -13.9349 22.1588 44.7991 79.3281
-54.6533 -13.565 -13.5388 21.9741 44.4401 79.1208
-54.5439 -13.3437 -13.1437 21.7908 44.0839 78.9143
-54.4354 -13.1242 -12.7496 21.6091 43.7305 78.7084
-54.3278 -12.9064 -12.3566 21.4289 43.38 78.5033
-54.2211 -12.6904 -11.9646 21.2502 43.0321 78.2988
-54.1153 -12.4761 -11.5736 21.0729 42.687 78.0951
-54.0104 -12.2635 -11.1836 20.897 42.3445 77.892
-53.9063 -12.0526 -10.7947 20.7226 42.0046 77.6897
-53.8031 -11.8435 -10.4067 20.5495 41.6673 77.488
-53.7008 -11.636 -10.0198 20.3778 41.3326 77.287
-53.5993 -11.4301 -9.63386 20.2074 41.0003 77.0866
-53.4987 -11.226 -9.24893 20.0383 40.6705 76.887
-53.399 -11.0234 -8.86499 19.8706 40.3431 76.688
-53.3 -10.8225 -8.48205 19.7041 40.0182 76.4896
-53.2019 -10.6233 -8.1001 19.5389 39.6955 76.2919
-53.1046 -10.4256 -7.71913 19.3749 39.3752 76.0948
-53.0082 -10.2295 -7.33915 19.2122 39.0572 75.8984
-52.9125 -10.035 -6.96014 19.0507 38.7415 75.7026
-52.8177 -9.84209 -6.58212 18.8904 38.4279 75.5075
-52.7236 -9.65073 -6.20507 18.7313 38.1166 75.3129
-52.6304 -9.46092 -5.82899 18.5733 37.8074 75.119
-52.5379 -9.27266 -5.45388 18.4165 37.5004 74.9257
-52.4462 -9.08592 -5.07973 18.2608 37.1954 74.733
-52.3553 -8.9007 -4.70655 18.1062 36.8926 74.5409
-52.2651 -8.71699 -4.33433 17.9528 36.5917 74.3494
-52.1757 -8.53478 -3.96306 17.8004 36.2929 74.1585
-52.0871 -8.35406 -3.59274 17.6491 35.9961 73.9681
-51.9993 -8.17482 -3.22338 17.4989 35.7012 73.7784
-51.9121 -7.99705 -2.85496 17.3497 35.4083 73.5892
-51.8258 -7.82074 -2.48748 17.2015 35.1173 73.4006
-51.7401 -7.64588 -2.12095 17.0544 34.8282 73.2126
-51.6552 -7.47246 -1.75536 16.9082 34.5409 73.0251
-51.571 -7.30047 -1.3907 16.7631 34.2555 72.8382
-51.4876 -7.12991 -1.02697 16.6189 33.9718 72.6518
-51.4049 -6.96075 -0.664181 16.4757 33.69 72.466
-51.3228 -6.79301 -0.302315 16.3335 33.4099 72.2808
-51.2415 -6.62666 0.0586267 16.1922 33.1316 72.096
-51.1609 -6.46169 0.418646 16.0518 32.855 71.9118
-51.081 -6.29811 0.777745 15.9124 32.58 71.7282
-51.0018 -6.13589 1.13593 15.7739 32.3068 71.545
-50.9233 -5.97504 1.4932 15.6363 32.0352 71.3624
-50.8454 -5.81554 1.84955 15.4996 31.7652 71.1803
-50.7683 -5.65739 2.205 15.3637 31.4969 70.9987
-50.6918 -5.50057 2.55954 15.2287 31.2301 70.8176
-50.616 -5.34509 2.91318 15.0946 30.9649 70.6371
-50.5408 -5.19092 3.26591 14.9613 30.7013 70.457
-50.4664 -5.03807 3.61775 14.8289 30.4392 70.2774
-50.3925 -4.88653 3.96868 14.6973 30.1786 70.0983
-50.3194 -4.73629 4.31873 14.5665 29.9195 69.9197
-50.2469 -4.58734 4.66788 14.4366 29.6619 69.7416
-50.175 -4.43967 5.01614 14.3074 29.4057 69.5639
-50.1038 -4.29328 5.36352 14.179 29.151 69.3868
-50.0332 -4.14816 5.71001 14.0515 28.8977 69.2101
-49.9633 -4.00431 6.05562 13.9246 28.6458 69.0338
-49.894 -3.8617 6.40035 13.7986 28.3953 68.8581
-49.8253 -3.72035 6.7442 13.6733 28.1462 68.6828
-49.7573 -3.58024 7.08718 13.5488 27.8984 68.5079
-49.6898 -3.44137 7.42928 13.425 27.652 68.3335
-49.623 -3.30372 7.77051 13.302 27.4069 68.1596
-49.5568 -3.1673 8.11088 13.1797 27.1631 67.9861
-49.4912 -3.03209 8.45037 13.0581 26.9206 67.813
-49.4262 -2.8981 8.78901 12.9372 26.6793 67.6403
-49.3618 -2.7653 9.12678 12.8171 26.4394 67.4681
-49.2981 -2.6337 9.46369 12.6976 26.2007 67.2964
-49.2349 -2.50329 9.79974 12.5788 25.9632 67.125
-49.1723 -2.37407 10.1349 12.4607 25.7269 66.9541
-49.1103 -2.24603 10.4693 12.3433 25.4919 66.7836
-49.0488 -2.11915 10.8028 12.2266 25.258 66.6135
-48.988 -1.99345 11.1354 12.1106 25.0254 66.4438
-48.9277 -1.8689 11.4672 11.9952 24.7939 66.2746
-48.868 -1.74551 11.7982 11.8804 24.5635 66.1057
-48.8089 -1.62326 12.1283 11.7663 24.3343 65.9373
-48.7504 -1.50216 12.4575 11.6529 24.1062 65.7692
-48.6924 -1.3822 12.786 11.54 23.8792 65.6015
-48.635 -1.26337 13.1136 11.4279 23.6533 65.4343
-48.5781 -1.14567 13.4403 11.3163 23.4286 65.2674
-48.5218 -1.02909 13.7662 11.2054 23.2048 65.1009
-48.4661 -0.913622 14.0913 11.095 22.9822 64.9347
-48.4109 -0.799266 14.4156 10.9853 22.7606 64.769
-48.3562 -0.686016 14.739 10.8762 22.54 64.6036
-48.3021 -0.573866 15.0616 10.7677 22.3205 64.4387
-48.2485 -0.462811 15.3834 10.6598 22.102 64.274
-48.1955 -0.352846 15.7043 10.5525 21.8845 64.1098
-48.143 -0.243967 16.0245 10.4457 21.668 63.9459
-48.091 -0.136167 16.3438 10.3396 21.4525 63.7824
-48.0396 -0.0294423 16.6623 10.234 21.2379 63.6192
-47.9887 0.0762119 16.98 10.129 21.0243 63.4564
-47.9383 0.1808 17.2969 10.0245 20.8117 63.2939
-47.8885 0.284328 17.6129 9.92064 20.6 63.1318
-47.8391 0.3868 17.9282 9.81731 20.3892 62.9701
-47.7903 0.48822 18.2426 9.71454 20.1794 62.8086
-47.742 0.588593 18.5563 9.61231 19.9704 62.6476
-47.6942 0.687924 18.8691 9.51063 19.7624 62.4868
-47.6469 0.786216 19.1811 9.40949 19.5552 62.3264
-47.6001 0.883475 19.4924 9.30889 19.3489 62.1663
-47.5538 0.979705 19.8028 9.20882 19.1435 62.0066
-47.508 1.07491 20.1124 9.10928 18.939 61.8472
-47.4627 1.16909 20.4213 9.01027 18.7353 61.6881
-47.4179 1.26226 20.7293 8.91178 18.5324 61.5293
-47.3736 1.35442 21.0366 8.8138 18.3304 61.3709
-47.3297 1.44557 21.343 8.71635 18.1292 61.2127
-47.2864 1.53571 21.6487 8.6194 17.9288 61.0549
-47.2435 1.62485 21.9536 8.52297 17.7292 60.8974
-47.2012 1.713 22.2577 8.42704 17.5304 60.7402
-47.1593 1.80016 22.561 8.33161 17.3324 60.5833
-47.1179 1.88633 22.8635 8.23668 17.1352 60.4267
-47.0769 1.97151 23.1653 8.14225 16.9387 60.2704
-47.0364 2.05571 23.4662 8.0483 16.743 60.1145
-46.9964 2.13894 23.7664 7.95485 16.548 59.9588
-46.9569 2.22119 24.0658 7.86189 16.3538 59.8034
-46.9178 2.30248 24.3644 7.76941 16.1603 59.6483
-46.8792 2.3828 24.6623 7.67741 15.9675 59.4935
-46.841 2.46215 24.9594 7.58589 15.7755 59.3389
-46.8033 2.54055 25.2557 7.49485 15.5841 59.1847
-46.7661 2.61799 25.5512 7.40427 15.3935 59.0307
-46.7293 2.69448 25.846 7.31417 15.2035 58.877
-46.6929 2.77003 26.14 7.22454 15.0142 58.7236
-46.657 2.84463 26.4332 7.13537 14.8256 58.5705
-46.6216 2.91828 26.7257 7.04667 14.6377 58.4176
-46.5866 2.991 27.0174 6.95842 14.4504 58.2651
-46.552 3.06279 27.3083 6.87063 14.2637 58.1127
-46.5179 3.13364 27.5985 6.7833 14.0777 57.9607
-46.4842 3.20356 27.8879 6.69642 13.8923 57.8089
-46.4509 3.27256 28.1766 6.60999 13.7076 57.6574
-46.4181 3.34064 28.4645 6.52401 13.5234 57.5061
-46.3857 3.4078 28.7517 6.43847 13.3399 57.3551
-46.3537 3.47404 29.0381 6.35338 13.1569 57.2043
-46.3221 3.53936 29.3237 6.26873 12.9745 57.0538
-46.291 3.60378 29.6086 6.18451 12.7928 56.9036
-46.2603 3.66729 29.8928 6.10074 12.6116 56.7536
-46.23 3.7299 30.1761 6.0174 12.4309 56.6038
-46.2001 3.7916 30.4588 5.93449 12.2508 56.4543
-46.1706 3.8524 30.7407 5.852 12.0713 56.305
-46.1416 3.91231 31.0218 5.76995 11.8923 56.156
-46.1129 3.97133 31.3023 5.68832 11.7138 56.0072
-46.0847 4.02945 31.5819 5.60712 11.5358 55.8586
-46.0569 4.08669 31.8608 5.52633 11.3584 55.7103
-46.0294 4.14303 32.139 5.44596 11.1815 55.5622
-46.0024 4.1985 32.4165 5.36601 11.0051 55.4143
-45.9758 4.25308 32.6932 5.28647 10.8291 55.2666
-45.9495 4.30679 32.9691 5.20734 10.6537 55.1192
-45.9237 4.35962 33.2444 5.12862 10.4787 54.972
-45.8983 4.41158 33.5188 5.05031 10.3042 54.825
-45.8732 4.46266 33.7926 4.9724 10.1301 54.6782
-45.8485 4.51288 34.0656 4.89489 9.95648 54.5316
-45.8243 4.56223 34.3379 4.81778 9.78331 54.3853
-45.8004 4.61071 34.6095 4.74106 9.61058 54.2391
-45.7768 4.65833 34.8803 4.66473 9.43827 54.0932
-45.7537 4.70509 35.1504 4.5888 9.26637 53.9475
-45.731 4.75099 35.4198 4.51325 9.09488 53.8019
-45.7086 4.79604 35.6884 4.43808 8.92379 53.6566
-45.6866 4.84023 35.9564 4.3633 8.7531 53.5115
-45.6649 4.88357 36.2235 4.28889 8.58278 53.3665
-45.6437 4.92606 36.49 4.21486 8.41285 53.2218
-45.6228 4.9677 36.7558 4.14119 8.24328 53.0772
-45.6023 5.00849 37.0208 4.06789 8.07406 52.9329
-45.5821 5.04844 37.2851 3.99496 7.9052 52.7887
-45.5623 5.08754 37.5487 3.92238 7.73668 52.6447
-45.5429 5.1258 37.8115 3.85017 7.5685 52.5009
-45.5238 5.16323 38.0737 3.7783 7.40064 52.3572
-45.5051 5.19981 38.3351 3.70678 7.2331 52.2138
-45.4868 5.23556 38.5958 3.6356 7.06586 52.0705
-45.4688 5.27047 38.8558 3.56476 6.89893 51.9273
-45.4511 5.30455 39.1151 3.49425 6.7323 51.7844
-45.4338 5.33779 39.3737 3.42408 6.56594 51.6416
-45.4169 5.3702 39.6315 3.35422 6.39987 51.499
-45.4003 5.40179 39.8887 3.28469 6.23407 51.3565
-45.384 5.43254 40.1451 3.21547 6.06852 51.2142
-45.3681 5.46247 40.4008 3.14656 5.90323 51.072
-45.3526 5.49158 40.6558 3.07795 5.73819 50.93
-45.3373 5.51985 40.9101 3.00963 5.57339 50.7881
-45.3225 5.54731 41.1637 2.94161 5.40882 50.6464
-45.3079 5.57394 41.4166 2.87387 5.24447 50.5048
-45.2937 5.59975 41.6687 2.80641 5.08034 50.3634
-45.2799 5.62474 41.9202 2.73921 4.91642 50.2221
-45.2663 5.64892 42.1709 2.67229 4.7527 50.0809
-45.2531 5.67227 42.421 2.60562 4.58918 49.9399
-45.2403 5.69481 42.6703 2.5392 4.42585 49.7989
-45.2277 5.71653 42.919 2.47302 4.2627 49.6581
-45.2155 5.73743 43.1669 2.40707 4.09973 49.5175
-45.2037 5.75753 43.4142 2.34136 3.93693 49.3769
-45.1921 5.7768 43.6607 2.27586 3.77429 49.2365
-45.1809 5.79527 43.9065 2.21057 3.61181 49.0962
-45.17 5.81292 44.1517 2.14548 3.44949 48.9559
-45.1595 5.82976 44.3961 2.08059 3.28731 48.8158
-45.1492 5.84579 44.6398 2.01588 3.12528 48.6758
-45.1393 5.86101 44.8828 1.95135 2.96339 48.5359
-45.1297 5.87543 45.1252 1.88698 2.80163 48.3961
-45.1204 5.88903 45.3668 1.82277 2.64 48.2563
-45.1115 5.90182 45.6077 1.75871 2.4785 48.1167
-45.1028 5.91381 45.848 1.69478 2.31713 47.9772
-45.0945 5.925 46.0875 1.63099 2.15587 47.8377
-45.0865 5.93537 46.3264 1.56731 1.99473 47.6983
-45.0789 5.94494 46.5645 1.50374 1.8337 47.559
-45.0715 5.95371 46.8019 1.44027 1.67279 47.4197
-45.0645 5.96167 47.0387 1.37688 1.51199 47.2805
-45.0577 5.96883 47.2747 1.31358 1.3513 47.1414
-45.0513 5.97518 47.5101 1.25035 1.19071 47.0024
-45.0452 5.98073 47.7448 1.18717 1.03023 46.8634
-45.0394 5.98548 47.9787 1.12404 0.869864 46.7245
-45.034 5.98943 48.212 1.06095 0.7096 46.5856
-45.0288 5.99258 48.4446 0.997881 0.549442 46.4467
-45.024 5.99492 48.6765 0.934833 0.389393 46.3079
-45.0195 5.99647 48.9077 0.871794 0.229452 46.1692
-45.0153 5.99722 49.1382 0.808752 0.0696213 46.0305
-45.0114 5.99717 49.368 0.745697 -0.0900977 45.8918
-45.0078 5.99632 49.5971 0.682621 -0.249703 45.7532
-45.0046 5.99467 49.8255 0.619513 -0.409192 45.6146
-45.0016 5.99222 50.0532 0.556363 -0.568562 45.476
-44.999 5.98898 50.2803 0.493164 -0.72781 45.3374
-44.9967 5.98495 50.5066 0.429905 -0.886932 45.1989
-44.9947 5.98011 50.7323 0.366578 -1.04593 45.0604
-44.993 5.97449 50.9572 0.303175 -1.20479 44.9219
-44.9917 5.96806 51.1815 0.239686 -1.36351 44.7834
-44.9906 5.96085 51.4051 0.176104 -1.52209 44.6449
