-50 25 0 0 0 49
-50.0001 24.9997 0.244758 -0.0579435 -0.131259 48.9032
-50.0006 24.9987 0.489032 -0.115766 -0.262146 48.8065
-50.0013 24.997 0.732823 -0.173467 -0.392661 48.7098
-50.0023 24.9948 0.97613 -0.231045 -0.5228 48.6131
-50.0036 24.9918 1.21895 -0.288499 -0.652563 48.5164
-50.0052 24.9882 1.46129 -0.345828 -0.781948 48.4199
-50.0071 24.984 1.70315 -0.40303 -0.910952 48.3233
-50.0092 24.9791 1.94453 -0.460105 -1.03957 48.2268
-50.0117 24.9736 2.18542 -0.517051 -1.16781 48.1303
-50.0144 24.9674 2.42583 -0.573867 -1.29566 48.0339
-50.0174 24.9606 2.66576 -0.630553 -1.42312 47.9375
-50.0207 24.9532 2.90521 -0.687106 -1.55019 47.8412
-50.0243 24.9451 3.14417 -0.743526 -1.67686 47.7449
-50.0281 24.9364 3.38265 -0.799812 -1.80314 47.6486
-50.0323 24.9271 3.62066 -0.855962 -1.92901 47.5524
-50.0367 24.9172 3.85818 -0.911975 -2.05449 47.4562
-50.0414 24.9066 4.09522 -0.96785 -2.17955 47.3601
-50.0464 24.8954 4.33178 -1.02359 -2.30421 47.2641
-50.0516 24.8835 4.56786 -1.07918 -2.42845 47.1681
-50.0572 24.8711 4.80346 -1.13464 -2.55228 47.0721
-50.063 24.858 5.03858 -1.18995 -2.67569 46.9762
-50.0691 24.8443 5.27322 -1.24512 -2.79868 46.8804
-50.0754 24.83 5.50739 -1.30014 -2.92123 46.7846
-50.0821 24.8151 5.74107 -1.35502 -3.04336 46.6889
-50.089 24.7996 5.97427 -1.40975 -3.16505 46.5932
-50.0962 24.7835 6.207 -1.46433 -3.2863 46.4976
-50.1036 24.7667 6.43925 -1.51876 -3.40711 46.4021
-50.1114 24.7494 6.67102 -1.57305 -3.52746 46.3066
-50.1194 24.7314 6.90232 -1.62718 -3.64737 46.2111
-50.1276 24.7129 7.13313 -1.68116 -3.76681 46.1158
-50.1362 24.6938 7.36347 -1.73498 -3.8858 46.0205
-50.145 24.6741 7.59334 -1.78865 -4.00431 45.9252
-50.1541 24.6537 7.82273 -1.84217 -4.12236 45.83
-50.1634 24.6328 8.05164 -1.89552 -4.23992 45.7349
-50.173 24.6113 8.28008 -1.94873 -4.357 45.6398
-50.1829 24.5893 8.50804 -2.00177 -4.47359 45.5448
-50.193 24.5666 8.73552 -2.05465 -4.58968 45.4499
-50.2034 24.5434 8.96254 -2.10737 -4.70528 45.355
-50.2141 24.5196 9.18907 -2.15993 -4.82036 45.2602
-50.225 24.4952 9.41514 -2.21233 -4.93494 45.1655
-50.2362 24.4702 9.64073 -2.26456 -5.04899 45.0708
-50.2477 24.4447 9.86585 -2.31663 -5.16252 44.9761
-50.2594 24.4186 10.0905 -2.36853 -5.27552 44.8815
-50.2714 24.3919 10.3147 -2.42026 -5.38798 44.787
-50.2836 24.3647 10.5384 -2.47183 -5.49989 44.6925
-50.2961 24.3369 10.7616 -2.52323 -5.61125 44.5981
-50.3088 24.3086 10.9843 -2.57446 -5.72205 44.5037
-50.3218 24.2797 11.2066 -2.62552 -5.83229 44.4093
-50.3351 24.2503 11.4284 -2.67641 -5.94196 44.315
-50.3486 24.2203 11.6498 -2.72713 -6.05104 44.2207
-50.3624 24.1898 11.8706 -2.77767 -6.15955 44.1265
-50.3764 24.1587 12.091 -2.82804 -6.26746 44.0322
-50.3906 24.1271 12.311 -2.87823 -6.37477 43.938
-50.4051 24.0949 12.5304 -2.92825 -6.48148 43.8438
-50.4199 24.0623 12.7494 -2.97809 -6.58757 43.7496
-50.4349 24.0291 12.9679 -3.02776 -6.69305 43.6555
-50.4502 23.9953 13.186 -3.07724 -6.79791 43.5613
-50.4657 23.9611 13.4035 -3.12655 -6.90213 43.467
-50.4815 23.9263 13.6206 -3.17568 -7.00572 43.3728
-50.4975 23.891 13.8373 -3.22462 -7.10867 43.2785
-50.5137 23.8552 14.0534 -3.27339 -7.21097 43.1842
-50.5302 23.8189 14.2691 -3.32197 -7.31263 43.0898
-50.5469 23.7821 14.4843 -3.37037 -7.41363 42.9954
-50.5639 23.7448 14.6991 -3.41858 -7.51397 42.9009
-50.5811 23.707 14.9133 -3.46661 -7.61365 42.8063
-50.5986 23.6686 15.1271 -3.51445 -7.71266 42.7116
-50.6163 23.6298 15.3404 -3.56211 -7.81101 42.6168
-50.6342 23.5905 15.5533 -3.60959 -7.90869 42.5218
-50.6524 23.5507 15.7657 -3.65687 -8.0057 42.4267
-50.6708 23.5105 15.9775 -3.70397 -8.10204 42.3315
-50.6894 23.4697 16.189 -3.75089 -8.19771 42.2361
-50.7083 23.4285 16.3999 -3.79761 -8.29272 42.1405
-50.7274 23.3868 16.6104 -3.84415 -8.38706 42.0447
-50.7467 23.3446 16.8204 -3.8905 -8.48074 41.9487
-50.7663 23.302 17.0299 -3.93667 -8.57376 41.8525
-50.7861 23.2589 17.2389 -3.98264 -8.66613 41.756
-50.8061 23.2153 17.4474 -4.02843 -8.75786 41.6593
-50.8264 23.1713 17.6555 -4.07404 -8.84895 41.5622
-50.8468 23.1268 17.863 -4.11945 -8.93941 41.4649
-50.8675 23.0819 18.0701 -4.16469 -9.02925 41.3672
-50.8885 23.0366 18.2767 -4.20974 -9.11848 41.2692
-50.9096 22.9907 18.4828 -4.2546 -9.20712 41.1709
-50.931 22.9445 18.6884 -4.29928 -9.29517 41.0722
-50.9526 22.8978 18.8935 -4.34379 -9.38266 40.9731
-50.9745 22.8507 19.0982 -4.38811 -9.46959 40.8736
-50.9965 22.8031 19.3023 -4.43226 -9.55599 40.7736
-51.0188 22.7551 19.5059 -4.47623 -9.64187 40.6733
-51.0413 22.7067 19.709 -4.52003 -9.72725 40.5725
-51.064 22.6578 19.9116 -4.56365 -9.81215 40.4712
-51.0869 22.6086 20.1137 -4.60711 -9.89659 40.3695
-51.1101 22.5589 20.3153 -4.6504 -9.9806 40.2672
-51.1334 22.5087 20.5164 -4.69352 -10.0642 40.1645
-51.157 22.4582 20.717 -4.73649 -10.1474 40.0613
-51.1808 22.4073 20.917 -4.77929 -10.2302 39.9575
-51.2048 22.3559 21.1165 -4.82194 -10.3127 39.8532
-51.229 22.3041 21.3155 -4.86444 -10.3949 39.7484
-51.2534 22.252 21.514 -4.90679 -10.4768 39.643
-51.2781 22.1994 21.712 -4.949 -10.5585 39.5371
-51.3029 22.1464 21.9094 -4.99106 -10.6399 39.4307
-51.328 22.093 22.1063 -5.03299 -10.7211 39.3237
-51.3533 22.0392 22.3026 -5.07478 -10.8021 39.2161
-51.3787 21.985 22.4984 -5.11645 -10.883 39.108
-51.4044 21.9303 22.6937 -5.15798 -10.9637 38.9994
-51.4303 21.8753 22.8884 -5.1994 -11.0443 38.8902
-51.4564 21.8199 23.0826 -5.24069 -11.1249 38.7804
-51.4827 21.7641 23.2762 -5.28188 -11.2054 38.6701
-51.5092 21.7078 23.4693 -5.32295 -11.2859 38.5593
-51.5359 21.6512 23.6618 -5.36392 -11.3663 38.448
-51.5629 21.5942 23.8538 -5.40478 -11.4468 38.3361
-51.59 21.5367 24.0452 -5.44555 -11.5274 38.2238
-51.6173 21.4789 24.236 -5.48622 -11.608 38.1109
-51.6449 21.4207 24.4263 -5.52681 -11.6886 37.9976
-51.6726 21.362 24.616 -5.5673 -11.7694 37.8838
-51.7005 21.303 24.8051 -5.60772 -11.8503 37.7695
-51.7287 21.2435 24.9937 -5.64805 -11.9314 37.6548
-51.757 21.1837 25.1817 -5.68832 -12.0126 37.5397
-51.7856 21.1234 25.3691 -5.72851 -12.094 37.4241
-51.8143 21.0627 25.5559 -5.76863 -12.1755 37.3081
-51.8432 21.0016 25.7422 -5.80868 -12.2573 37.1918
-51.8724 20.9401 25.9278 -5.84868 -12.3393 37.0751
-51.9017 20.8782 26.1129 -5.88861 -12.4215 36.958
-51.9313 20.8159 26.2974 -5.92849 -12.5039 36.8405
-51.961 20.7532 26.4813 -5.96832 -12.5866 36.7228
-51.991 20.6901 26.6646 -6.00809 -12.6695 36.6047
-52.0211 20.6265 26.8474 -6.04782 -12.7526 36.4863
-52.0514 20.5625 27.0295 -6.0875 -12.836 36.3677
-52.082 20.4981 27.211 -6.12714 -12.9197 36.2488
-52.1127 20.4333 27.392 -6.16674 -13.0037 36.1296
-52.1436 20.3681 27.5723 -6.2063 -13.0879 36.0102
-52.1748 20.3025 27.7521 -6.24582 -13.1724 35.8905
-52.2061 20.2364 27.9312 -6.28531 -13.2572 35.7707
-52.2376 20.1699 28.1098 -6.32476 -13.3422 35.6506
-52.2693 20.103 28.2877 -6.36418 -13.4275 35.5304
-52.3013 20.0356 28.4651 -6.40357 -13.5131 35.41
-52.3334 19.9678 28.6418 -6.44293 -13.599 35.2894
-52.3657 19.8996 28.818 -6.48226 -13.6851 35.1686
-52.3982 19.831 28.9935 -6.52157 -13.7715 35.0478
-52.4309 19.7619 29.1685 -6.56084 -13.8582 34.9268
-52.4638 19.6924 29.3428 -6.6001 -13.9451 34.8056
-52.4969 19.6225 29.5165 -6.63933 -14.0323 34.6844
-52.5302 19.5521 29.6896 -6.67854 -14.1198 34.563
-52.5637 19.4813 29.8622 -6.71772 -14.2074 34.4416
-52.5974 19.41 30.0341 -6.75688 -14.2954 34.3201
-52.6313 19.3383 30.2054 -6.79603 -14.3836 34.1985
-52.6653 19.2662 30.376 -6.83515 -14.472 34.0768
-52.6996 19.1936 30.5461 -6.87425 -14.5606 33.9551
-52.7341 19.1206 30.7156 -6.91333 -14.6495 33.8333
-52.7687 19.0471 30.8845 -6.9524 -14.7386 33.7114
-52.8036 18.9732 31.0527 -6.99144 -14.8279 33.5895
-52.8387 18.8988 31.2203 -7.03047 -14.9174 33.4676
-52.8739 18.824 31.3874 -7.06947 -15.0072 33.3456
-52.9094 18.7487 31.5538 -7.10846 -15.0971 33.2236
-52.945 18.673 31.7196 -7.14744 -15.1872 33.1016
-52.9808 18.5969 31.8848 -7.18639 -15.2775 32.9795
-53.0169 18.5202 32.0494 -7.22533 -15.368 32.8574
-53.0531 18.4432 32.2134 -7.26425 -15.4586 32.7353
-53.0895 18.3657 32.3768 -7.30316 -15.5495 32.6132
-53.1261 18.2877 32.5395 -7.34204 -15.6405 32.491
-53.1629 18.2093 32.7017 -7.38091 -15.7317 32.3689
-53.1999 18.1304 32.8632 -7.41977 -15.823 32.2467
-53.2371 18.051 33.0241 -7.4586 -15.9144 32.1246
-53.2745 17.9712 33.1845 -7.49742 -16.006 32.0024
-53.3121 17.891 33.3442 -7.53623 -16.0978 31.8802
-53.3499 17.8102 33.5033 -7.57502 -16.1897 31.758
-53.3878 17.7291 33.6617 -7.61379 -16.2817 31.6358
-53.426 17.6474 33.8196 -7.65254 -16.3739 31.5136
-53.4644 17.5653 33.9769 -7.69128 -16.4661 31.3915
-53.5029 17.4828 34.1335 -7.73 -16.5585 31.2693
-53.5417 17.3997 34.2896 -7.7687 -16.651 31.1471
-53.5806 17.3163 34.445 -7.80739 -16.7436 31.0249
-53.6197 17.2323 34.5998 -7.84606 -16.8363 30.9027
-53.6591 17.1479 34.754 -7.88471 -16.9291 30.7805
-53.6986 17.063 34.9076 -7.92335 -17.022 30.6583
-53.7383 16.9777 35.0606 -7.96197 -17.115 30.5361
-53.7782 16.8919 35.213 -8.00057 -17.2081 30.4139
-53.8183 16.8056 35.3648 -8.03915 -17.3012 30.2916
-53.8586 16.7189 35.5159 -8.07772 -17.3945 30.1694
-53.8991 16.6316 35.6664 -8.11627 -17.4878 30.0472
-53.9398 16.544 35.8164 -8.15481 -17.5812 29.925
-53.9806 16.4558 35.9657 -8.19332 -17.6746 29.8027
-54.0217 16.3672 36.1144 -8.23182 -17.7681 29.6805
-54.063 16.2782 36.2625 -8.2703 -17.8617 29.5582
-54.1044 16.1886 36.41 -8.30877 -17.9554 29.436
-54.146 16.0986 36.5569 -8.34722 -18.0491 29.3137
-54.1879 16.0081 36.7031 -8.38565 -18.1429 29.1914
-54.2299 15.9172 36.8488 -8.42406 -18.2367 29.0691
-54.2721 15.8257 36.9938 -8.46245 -18.3306 28.9467
-54.3145 15.7339 37.1382 -8.50083 -18.4245 28.8244
-54.3571 15.6415 37.2821 -8.53919 -18.5185 28.702
-54.3999 15.5487 37.4253 -8.57753 -18.6125 28.5797
-54.4429 15.4554 37.5679 -8.61586 -18.7065 28.4572
-54.4861 15.3616 37.7098 -8.65417 -18.8006 28.3348
-54.5294 15.2674 37.8512 -8.69246 -18.8947 28.2124
-54.573 15.1727 37.992 -8.73073 -18.9889 28.0899
-54.6167 15.0775 38.1321 -8.76898 -19.0831 27.9674
-54.6607 14.9818 38.2716 -8.80722 -19.1773 27.8448
-54.7048 14.8857 38.4105 -8.84544 -19.2716 27.7223
-54.7491 14.7891 38.5489 -8.88364 -19.3659 27.5996
-54.7937 14.6921 38.6865 -8.92183 -19.4602 27.477
-54.8384 14.5945 38.8236 -8.96 -19.5545 27.3543
-54.8833 14.4965 38.9601 -8.99814 -19.6489 27.2316
-54.9283 14.398 39.0959 -9.03628 -19.7433 27.1089
-54.9736 14.2991 39.2312 -9.07439 -19.8377 26.986
-55.0191 14.1996 39.3658 -9.11249 -19.9321 26.8632
-55.0647 14.0998 39.4998 -9.15057 -20.0266 26.7403
-55.1106 13.9994 39.6332 -9.18863 -20.121 26.6174
-55.1566 13.8985 39.766 -9.22668 -20.2155 26.4944
-55.2029 13.7972 39.8981 -9.2647 -20.31 26.3714
-55.2493 13.6954 40.0297 -9.30271 -20.4045 26.2483
-55.2959 13.5932 40.1606 -9.34071 -20.4991 26.1251
-55.3427 13.4904 40.2909 -9.37868 -20.5936 26.0019
-55.3897 13.3872 40.4206 -9.41664 -20.6882 25.8787
-55.4369 13.2836 40.5497 -9.45458 -20.7827 25.7553
-55.4842 13.1794 40.6782 -9.49251 -20.8773 25.632
-55.5318 13.0748 40.8061 -9.53042 -20.9719 25.5085
-55.5795 12.9697 40.9333 -9.56831 -21.0665 25.385
-55.6275 12.8641 41.0599 -9.60618 -21.1611 25.2614
-55.6756 12.7581 41.1859 -9.64404 -21.2557 25.1378
-55.7239 12.6516 41.3113 -9.68188 -21.3503 25.0141
-55.7724 12.5446 41.436 -9.7197 -21.445 24.8903
-55.8211 12.4371 41.5602 -9.75751 -21.5396 24.7665
-55.87 12.3292 41.6837 -9.7953 -21.6343 24.6425
-55.9191 12.2208 41.8066 -9.83307 -21.7289 24.5185
-55.9683 12.1119 41.9289 -9.87083 -21.8236 24.3944
-56.0178 12.0025 42.0506 -9.90857 -21.9182 24.2703
-56.0674 11.8927 42.1716 -9.9463 -22.0129 24.146
-56.1172 11.7824 42.292 -9.98401 -22.1076 24.0217
-56.1672 11.6716 42.4118 -10.0217 -22.2023 23.8973
-56.2174 11.5604 42.531 -10.0594 -22.2969 23.7728
-56.2678 11.4487 42.6495 -10.097 -22.3916 23.6482
-56.3184 11.3365 42.7675 -10.1347 -22.4863 23.5235
-56.3692 11.2238 42.8848 -10.1723 -22.581 23.3987
-56.4201 11.1107 43.0015 -10.2099 -22.6757 23.2739
-56.4713 10.997 43.1175 -10.2475 -22.7704 23.1489
-56.5226 10.883 43.2329 -10.2851 -22.8652 23.0238
-56.5741 10.7684 43.3478 -10.3227 -22.9599 22.8987
-56.6258 10.6534 43.4619 -10.3602 -23.0546 22.7734
-56.6777 10.5378 43.5755 -10.3978 -23.1493 22.6481
-56.7298 10.4219 43.6884 -10.4353 -23.244 22.5226
-56.7821 10.3054 43.8007 -10.4728 -23.3388 22.397
-56.8345 10.1885 43.9124 -10.5103 -23.4335 22.2714
-56.8872 10.0711 44.0234 -10.5478 -23.5283 22.1456
-56.94 9.9532 44.1338 -10.5852 -23.623 22.0197
-56.993 9.83484 44.2436 -10.6227 -23.7178 21.8937
-57.0462 9.71602 44.3528 -10.6601 -23.8125 21.7676
-57.0996 9.59672 44.4613 -10.6976 -23.9073 21.6413
-57.1532 9.47694 44.5692 -10.735 -24.0021 21.515
-57.207 9.3567 44.6764 -10.7724 -24.0968 21.3885
-57.2609 9.23598 44.7831 -10.8097 -24.1916 21.262
-57.3151 9.11478 44.8891 -10.8471 -24.2864 21.1353
-57.3694 8.99311 44.9944 -10.8845 -24.3812 21.0084
-57.4239 8.87097 45.0992 -10.9218 -24.476 20.8815
-57.4786 8.74835 45.2032 -10.9591 -24.5708 20.7544
-57.5335 8.62526 45.3067 -10.9965 -24.6656 20.6272
-57.5886 8.50169 45.4095 -11.0338 -24.7604 20.4999
-57.6439 8.37766 45.5117 -11.071 -24.8553 20.3724
-57.6993 8.25314 45.6132 -11.1083 -24.9501 20.2448
-57.7549 8.12815 45.7141 -11.1456 -25.0449 20.1171
-57.8108 8.00269 45.8144 -11.1828 -25.1398 19.9892
-57.8668 7.87676 45.914 -11.2201 -25.2346 19.8612
-57.923 7.75035 46.013 -11.2573 -25.3295 19.7331
-57.9793 7.62346 46.1114 -11.2945 -25.4244 19.6048
-58.0359 7.4961 46.2091 -11.3317 -25.5193 19.4764
-58.0927 7.36827 46.3061 -11.3689 -25.6142 19.3479
-58.1496 7.23996 46.4025 -11.4061 -25.7091 19.2191
-58.2067 7.11118 46.4983 -11.4433 -25.804 19.0903
-58.264 6.98192 46.5935 -11.4805 -25.8989 18.9613
-58.3215 6.85219 46.6879 -11.5176 -25.9939 18.8322
-58.3792 6.72198 46.7818 -11.5548 -26.0888 18.7029
-58.4371 6.5913 46.875 -11.5919 -26.1838 18.5734
-58.4951 6.46014 46.9675 -11.629 -26.2788 18.4438
-58.5534 6.32851 47.0594 -11.6661 -26.3737 18.314
-58.6118 6.19641 47.1506 -11.7032 -26.4687 18.1841
-58.6704 6.06382 47.2412 -11.7403 -26.5638 18.054
-58.7292 5.93077 47.3312 -11.7774 -26.6588 17.9238
-58.7882 5.79724 47.4205 -11.8145 -26.7538 17.7934
-58.8473 5.66323 47.5091 -11.8515 -26.8489 17.6629
-58.9067 5.52875 47.5971 -11.8886 -26.944 17.5321
-58.9662 5.39379 47.6844 -11.9256 -27.0391 17.4012
-59.0259 5.25836 47.7711 -11.9627 -27.1342 17.2702
-59.0859 5.12245 47.8571 -11.9997 -27.2293 17.1389
-59.1459 4.98606 47.9425 -12.0367 -27.3244 17.0075
-59.2062 4.8492 48.0272 -12.0738 -27.4196 16.876
-59.2667 4.71187 48.1113 -12.1108 -27.5147 16.7442
-59.3273 4.57406 48.1947 -12.1478 -27.6099 16.6123
-59.3882 4.43577 48.2774 -12.1848 -27.7051 16.4802
-59.4492 4.297 48.3595 -12.2217 -27.8004 16.3479
-59.5104 4.15776 48.4409 -12.2587 -27.8956 16.2154
-59.5718 4.01805 48.5216 -12.2957 -27.9909 16.0828
-59.6333 3.87785 48.6017 -12.3327 -28.0862 15.9499
-59.6951 3.73719 48.6811 -12.3696 -28.1815 15.8169
-59.757 3.59604 48.7599 -12.4066 -28.2768 15.6837
-59.8192 3.45442 48.838 -12.4435 -28.3721 15.5503
-59.8815 3.31232 48.9154 -12.4805 -28.4675 15.4167
-59.944 3.16974 48.9921 -12.5174 -28.5629 15.2829
-60.0066 3.02669 49.0682 -12.5543 -28.6583 15.1489
-60.0695 2.88316 49.1436 -12.5912 -28.7537 15.0148
-60.1326 2.73915 49.2183 -12.6282 -28.8492 14.8804
-60.1958 2.59467 49.2924 -12.6651 -28.9446 14.7458
-60.2592 2.44971 49.3658 -12.702 -29.0401 14.6111
-60.3228 2.30427 49.4385 -12.7389 -29.1356 14.4761
-60.3866 2.15835 49.5106 -12.7758 -29.2312 14.3409
-60.4506 2.01195 49.5819 -12.8127 -29.3267 14.2055
-60.5147 1.86508 49.6526 -12.8495 -29.4223 14.07
-60.5791 1.71773 49.7226 -12.8864 -29.5179 13.9342
-60.6436 1.5699 49.792 -12.9233 -29.6136 13.7982
-60.7083 1.42159 49.8606 -12.9602 -29.7092 13.662
-60.7732 1.27281 49.9286 -12.997 -29.8049 13.5255
-60.8383 1.12355 49.9959 -13.0339 -29.9006 13.3889
-60.9035 0.973803 50.0625 -13.0707 -29.9964 13.252
-60.969 0.823582 50.1284 -13.1076 -30.0921 13.115
-61.0346 0.672882 50.1936 -13.1444 -30.1879 12.9777
-61.1004 0.521703 50.2582 -13.1813 -30.2837 12.8402
-61.1664 0.370044 50.322 -13.2181 -30.3796 12.7025
-61.2326 0.217907 50.3852 -13.2549 -30.4754 12.5646
-61.299 0.0652899 50.4477 -13.2918 -30.5713 12.4264
-61.3655 -0.0878066 50.5095 -13.3286 -30.6672 12.288
-61.4322 -0.241383 50.5705 -13.3654 -30.7632 12.1494
-61.4992 -0.395439 50.6309 -13.4022 -30.8592 12.0106
-61.5663 -0.549975 50.6907 -13.4391 -30.9552 11.8715
-61.6336 -0.704991 50.7497 -13.4759 -31.0512 11.7322
-61.701 -0.860487 50.808 -13.5127 -31.1473 11.5927
-61.7687 -1.01646 50.8656 -13.5495 -31.2434 11.4529
-61.8365 -1.17292 50.9225 -13.5863 -31.3396 11.3129
-61.9045 -1.32986 50.9787 -13.6231 -31.4358 11.1727
-61.9728 -1.48728 51.0342 -13.6599 -31.532 11.0322
-62.0411 -1.64518 51.089 -13.6967 -31.6282 10.8915
-62.1097 -1.80356 51.1431 -13.7335 -31.7245 10.7505
-62.1785 -1.96243 51.1965 -13.7703 -31.8208 10.6093
-62.2474 -2.12177 51.2492 -13.8071 -31.9172 10.4679
-62.3166 -2.2816 51.3012 -13.8438 -32.0136 10.3262
-62.3859 -2.44191 51.3525 -13.8806 -32.11 10.1843
-62.4554 -2.6027 51.4031 -13.9174 -32.2065 10.0421
-62.525 -2.76397 51.4529 -13.9542 -32.303 9.89963
-62.5949 -2.92573 51.5021 -13.991 -32.3995 9.75693
-62.6649 -3.08797 51.5505 -14.0278 -32.4961 9.61398
-62.7352 -3.25069 51.5982 -14.0646 -32.5928 9.47077
-62.8056 -3.41389 51.6452 -14.1014 -32.6894 9.3273
-62.8762 -3.57758 51.6915 -14.1381 -32.7862 9.18357
-62.947 -3.74176 51.737 -14.1749 -32.8829 9.03957
-63.0179 -3.90641 51.7819 -14.2117 -32.9797 8.89532
-63.0891 -4.07155 51.826 -14.2485 -33.0766 8.75079
-63.1604 -4.23718 51.8694 -14.2853 -33.1735 8.60599
-63.2319 -4.40329 51.912 -14.3221 -33.2704 8.46092
-63.3036 -4.56988 51.954 -14.3589 -33.3674 8.31558
-63.3755 -4.73696 51.9952 -14.3957 -33.4645 8.16997
-63.4476 -4.90453 52.0357 -14.4325 -33.5615 8.02408
-63.5199 -5.07258 52.0754 -14.4693 -33.6587 7.8779
-63.5923 -5.24112 52.1145 -14.5061 -33.7559 7.73145
-63.6649 -5.41014 52.1528 -14.5429 -33.8531 7.58471
-63.7377 -5.57965 52.1903 -14.5797 -33.9504 7.43769
-63.8107 -5.74964 52.2271 -14.6165 -34.0477 7.29038
-63.8839 -5.92012 52.2632 -14.6534 -34.1451 7.14278
-63.9573 -6.09109 52.2986 -14.6902 -34.2426 6.99489
-64.0308 -6.26255 52.3332 -14.727 -34.3401 6.84671
-64.1045 -6.43449 52.367 -14.7638 -34.4376 6.69823
-64.1784 -6.60693 52.4001 -14.8007 -34.5353 6.54945
-64.2525 -6.77985 52.4325 -14.8375 -34.6329 6.40037
-64.3268 -6.95326 52.4642 -14.8744 -34.7307 6.25099
-64.4013 -7.12715 52.495 -14.9112 -34.8284 6.1013
-64.4759 -7.30154 52.5252 -14.9481 -34.9263 5.9513
-64.5508 -7.47642 52.5545 -14.9849 -35.0242 5.801
-64.6258 -7.65178 52.5832 -15.0218 -35.1222 5.65039
-64.701 -7.82764 52.611 -15.0587 -35.2202 5.49946
-64.7764 -8.00398 52.6382 -15.0956 -35.3183 5.34821
-64.8519 -8.18082 52.6645 -15.1325 -35.4164 5.19665
-64.9277 -8.35815 52.6901 -15.1694 -35.5146 5.04476
-65.0036 -8.53597 52.715 -15.2063 -35.6129 4.89255
-65.0797 -8.71428 52.7391 -15.2432 -35.7112 4.74002
-65.1561 -8.89308 52.7624 -15.2801 -35.8097 4.58716
-65.2325 -9.07238 52.7849 -15.3171 -35.9081 4.43396
-65.3092 -9.25216 52.8067 -15.354 -36.0067 4.28044
-65.3861 -9.43244 52.8277 -15.391 -36.1053 4.12658
-65.4631 -9.61322 52.848 -15.4279 -36.204 3.97237
-65.5404 -9.79448 52.8675 -15.4649 -36.3027 3.81783
-65.6178 -9.97624 52.8862 -15.5019 -36.4015 3.66295
-65.6954 -10.1585 52.9041 -15.5389 -36.5004 3.50772
-65.7732 -10.3412 52.9212 -15.5759 -36.5994 3.35214
-65.8511 -10.5245 52.9376 -15.6129 -36.6984 3.19621
-65.9293 -10.7082 52.9532 -15.6499 -36.7975 3.03993
-66.0076 -10.8925 52.968 -15.6869 -36.8967 2.88329
-66.0862 -11.0772 52.982 -15.724 -36.9959 2.72629
-66.1649 -11.2624 52.9953 -15.761 -37.0953 2.56893
-66.2438 -11.4482 53.0077 -15.7981 -37.1947 2.41121
-66.3229 -11.6344 53.0194 -15.8352 -37.2942 2.25312
-66.4021 -11.8211 53.0303 -15.8723 -37.3937 2.09466
-66.4816 -12.0083 53.0403 -15.9094 -37.4934 1.93582
-66.5612 -12.196 53.0496 -15.9465 -37.5931 1.77661
-66.641 -12.3842 53.0581 -15.9836 -37.6929 1.61703
-66.7211 -12.573 53.0658 -16.0208 -37.7928 1.45706
-66.8013 -12.7622 53.0727 -16.0579 -37.8928 1.2967
-66.8816 -12.9519 53.0787 -16.0951 -37.9928 1.13596
-66.9622 -13.1421 53.084 -16.1323 -38.093 0.974834
-67.043 -13.3328 53.0885 -16.1695 -38.1932 0.813311
-67.1239 -13.524 53.0922 -16.2067 -38.2935 0.651392
-67.205 -13.7158 53.095 -16.244 -38.3939 0.489074
-67.2863 -13.908 53.097 -16.2812 -38.4944 0.326354
-67.3678 -14.1007 53.0983 -16.3185 -38.595 0.163229
-67.4495 -14.2939 53.0987 -16.3558 -38.6957 -0.000304545
-67.5314 -14.4877 53.0983 -16.3931 -38.7964 -0.164249
-67.6135 -14.6819 53.097 -16.4304 -38.8973 -0.328609
-67.6957 -14.8766 53.095 -16.4678 -38.9982 -0.493385
-67.7781 -15.0719 53.0921 -16.5051 -39.0992 -0.658583
-67.8608 -15.2676 53.0884 -16.5425 -39.2004 -0.824205
-67.9436 -15.4639 53.0839 -16.5799 -39.3016 -0.990255
-68.0266 -15.6606 53.0785 -16.6173 -39.4029 -1.15674
-68.1097 -15.8579 53.0723 -16.6547 -39.5044 -1.32365
-68.1931 -16.0557 53.0653 -16.6922 -39.6059 -1.491
-68.2767 -16.254 53.0574 -16.7296 -39.7075 -1.65879
-68.3604 -16.4528 53.0487 -16.7671 -39.8092 -1.82703
-68.4443 -16.6521 53.0391 -16.8046 -39.911 -1.99572
-68.5284 -16.8519 53.0287 -16.8422 -40.013 -2.16485
-68.6128 -17.0522 53.0175 -16.8797 -40.115 -2.33444
-68.6972 -17.253 53.0054 -16.9173 -40.2171 -2.50449
-68.7819 -17.4544 52.9924 -16.9549 -40.3194 -2.675
-68.8668 -17.6562 52.9786 -16.9925 -40.4217 -2.84598
-68.9518 -17.8586 52.964 -17.0302 -40.5242 -3.01743
-69.0371 -18.0614 52.9484 -17.0678 -40.6267 -3.18935
-69.1225 -18.2648 52.9321 -17.1055 -40.7294 -3.36174
-69.2081 -18.4687 52.9148 -17.1432 -40.8322 -3.53462
-69.294 -18.6732 52.8967 -17.1809 -40.9351 -3.70798
-69.38 -18.8781 52.8777 -17.2187 -41.0381 -3.88183
-69.4661 -19.0835 52.8579 -17.2565 -41.1412 -4.05617
-69.5525 -19.2895 52.8372 -17.2943 -41.2445 -4.231
-69.6391 -19.496 52.8156 -17.3321 -41.3478 -4.40634
-69.7258 -19.703 52.7931 -17.37 -41.4513 -4.58218
-69.8128 -19.9105 52.7698 -17.4079 -41.5549 -4.75853
-69.8999 -20.1185 52.7455 -17.4458 -41.6586 -4.93538
-69.9872 -20.3271 52.7204 -17.4837 -41.7624 -5.11276
-70.0748 -20.5362 52.6944 -17.5217 -41.8664 -5.29066
-70.1625 -20.7458 52.6675 -17.5597 -41.9705 -5.46907
-70.2504 -20.9559 52.6397 -17.5977 -42.0747 -5.64802
-70.3384 -21.1665 52.611 -17.6357 -42.179 -5.8275
-70.4267 -21.3777 52.5814 -17.6738 -42.2835 -6.00752
-70.5152 -21.5893 52.551 -17.7119 -42.388 -6.18808
-70.6038 -21.8015 52.5196 -17.7501 -42.4928 -6.36919
-70.6927 -22.0143 52.4873 -17.7882 -42.5976 -6.55084
-70.7817 -22.2275 52.4541 -17.8264 -42.7026 -6.73305
-70.8709 -22.4413 52.4199 -17.8646 -42.8077 -6.91582
-70.9604 -22.6556 52.3849 -17.9029 -42.9129 -7.09916
-71.05 -22.8704 52.3489 -17.9412 -43.0183 -7.28306
-71.1398 -23.0858 52.3121 -17.9795 -43.1238 -7.46753
-71.2298 -23.3017 52.2743 -18.0179 -43.2295 -7.65258
-71.32 -23.5181 52.2355 -18.0562 -43.3353 -7.83822
-71.4103 -23.735 52.1959 -18.0947 -43.4412 -8.02444
-71.5009 -23.9525 52.1553 -18.1331 -43.5473 -8.21126
-71.5917 -24.1705 52.1138 -18.1716 -43.6535 -8.39867
-71.6826 -24.389 52.0713 -18.2101 -43.7599 -8.58668
-71.7738 -24.6081 52.0279 -18.2487 -43.8664 -8.7753
-71.8651 -24.8277 51.9836 -18.2873 -43.9731 -8.96453
-71.9566 -25.0478 51.9383 -18.3259 -44.0799 -9.15438
-72.0484 -25.2685 51.892 -18.3646 -44.1869 -9.34485
-72.1403 -25.4897 51.8448 -18.4033 -44.294 -9.53595
-72.2324 -25.7114 51.7966 -18.442 -44.4013 -9.72769
-72.3247 -25.9337 51.7475 -18.4808 -44.5087 -9.92006
-72.4172 -26.1565 51.6974 -18.5196 -44.6163 -10.1131
-72.5099 -26.3799 51.6464 -18.5584 -44.724 -10.3067
-72.6028 -26.6037 51.5944 -18.5973 -44.8319 -10.501
-72.6959 -26.8282 51.5414 -18.6363 -44.94 -10.696
-72.7892 -27.0531 51.4874 -18.6752 -45.0482 -10.8917
-72.8826 -27.2787 51.4325 -18.7143 -45.1566 -11.088
-72.9763 -27.5047 51.3765 -18.7533 -45.2652 -11.285
-73.0702 -27.7313 51.3196 -18.7924 -45.3739 -11.4826
-73.1642 -27.9585 51.2617 -18.8315 -45.4828 -11.681
-73.2585 -28.1861 51.2028 -18.8707 -45.5919 -11.88
-73.3529 -28.4144 51.1429 -18.9099 -45.7011 -12.0798
-73.4476 -28.6432 51.082 -18.9492 -45.8105 -12.2803
-73.5424 -28.8725 51.0201 -18.9885 -45.9201 -12.4814
-73.6375 -29.1024 50.9572 -19.0279 -46.0299 -12.6833
-73.7327 -29.3328 50.8933 -19.0673 -46.1399 -12.8859
-73.8281 -29.5638 50.8283 -19.1067 -46.25 -13.0893
-73.9238 -29.7953 50.7624 -19.1462 -46.3603 -13.2933
-74.0196 -30.0274 50.6954 -19.1858 -46.4708 -13.4982
-74.1156 -30.26 50.6274 -19.2254 -46.5815 -13.7037
-74.2118 -30.4932 50.5584 -19.265 -46.6924 -13.9101
-74.3083 -30.7269 50.4883 -19.3047 -46.8035 -14.1171
-74.4049 -30.9612 50.4172 -19.3445 -46.9148 -14.325
-74.5017 -31.1961 50.3451 -19.3843 -47.0262 -14.5336
-74.5987 -31.4315 50.2719 -19.4241 -47.1379 -14.7431
-74.696 -31.6674 50.1976 -19.464 -47.2498 -14.9533
-74.7934 -31.904 50.1223 -19.504 -47.3618 -15.1643
-74.891 -32.1411 50.046 -19.544 -47.4741 -15.3761
-74.9888 -32.3787 49.9686 -19.584 -47.5866 -15.5887
-75.0868 -32.6169 49.8901 -19.6242 -47.6992 -15.8021
-75.1851 -32.8557 49.8105 -19.6643 -47.8121 -16.0163
-75.2835 -33.095 49.7299 -19.7046 -47.9252 -16.2314
-75.3821 -33.335 49.6482 -19.7448 -48.0386 -16.4474
-75.4809 -33.5754 49.5655 -19.7852 -48.1521 -16.6641
-75.58 -33.8165 49.4816 -19.8256 -48.2658 -16.8817
-75.6792 -34.0581 49.3966 -19.8661 -48.3798 -17.1002
-75.7786 -34.3003 49.3106 -19.9066 -48.494 -17.3196
-75.8783 -34.543 49.2234 -19.9472 -48.6084 -17.5398
-75.9781 -34.7864 49.1352 -19.9878 -48.7231 -17.7609
-76.0781 -35.0303 49.0458 -20.0285 -48.838 -17.9829
-76.1784 -35.2747 48.9554 -20.0693 -48.9531 -18.2058
-76.2788 -35.5198 48.8638 -20.1102 -49.0685 -18.4296
-76.3795 -35.7654 48.7711 -20.1511 -49.1841 -18.6543
-76.4803 -36.0116 48.6772 -20.192 -49.2999 -18.8799
-76.5814 -36.2584 48.5823 -20.2331 -49.416 -19.1065
-76.6827 -36.5058 48.4862 -20.2742 -49.5323 -19.334
-76.7841 -36.7537 48.3889 -20.3154 -49.6489 -19.5625
-76.8858 -37.0023 48.2905 -20.3566 -49.7657 -19.7919
-76.9877 -37.2514 48.191 -20.398 -49.8828 -20.0223
-77.0898 -37.5011 48.0903 -20.4394 -50.0001 -20.2536
-77.1921 -37.7514 47.9885 -20.4809 -50.1177 -20.4859
-77.2946 -38.0023 47.8855 -20.5224 -50.2356 -20.7192
-77.3973 -38.2538 47.7813 -20.564 -50.3537 -20.9535
-77.5003 -38.5058 47.6759 -20.6058 -50.4721 -21.1889
-77.6034 -38.7585 47.5694 -20.6475 -50.5907 -21.4252
-77.7067 -39.0117 47.4617 -20.6894 -50.7097 -21.6625
-77.8103 -39.2656 47.3528 -20.7314 -50.8289 -21.9009
-77.914 -39.52 47.2427 -20.7734 -50.9484 -22.1403
-78.018 -39.7751 47.1314 -20.8155 -51.0681 -22.3808
-78.1222 -40.0307 47.0188 -20.8577 -51.1882 -22.6223
-78.2266 -40.2869 46.9051 -20.9 -51.3085 -22.8649
-78.3312 -40.5438 46.7902 -20.9424 -51.4292 -23.1086
-78.436 -40.8012 46.674 -20.9848 -51.5501 -23.3534
-78.541 -41.0593 46.5567 -21.0274 -51.6713 -23.5992
-78.6463 -41.318 46.4381 -21.07 -51.7928 -23.8462
-78.7517 -41.5772 46.3182 -21.1128 -51.9147 -24.0942
-78.8574 -41.8371 46.1971 -21.1556 -52.0368 -24.3434
-78.9633 -42.0976 46.0748 -21.1986 -52.1592 -24.5937
-79.0694 -42.3587 45.9512 -21.2416 -52.282 -24.8452
-79.1757 -42.6204 45.8263 -21.2847 -52.405 -25.0978
-79.2822 -42.8827 45.7002 -21.3279 -52.5284 -25.3516
-79.389 -43.1457 45.5728 -21.3713 -52.6521 -25.6065
-79.496 -43.4093 45.4441 -21.4147 -52.7761 -25.8626
-79.6031 -43.6735 45.3142 -21.4582 -52.9004 -26.1199
-79.7105 -43.9383 45.1829 -21.5019 -53.0251 -26.3784
-79.8182 -44.2037 45.0504 -21.5456 -53.1501 -26.6381
-79.926 -44.4698 44.9165 -21.5895 -53.2754 -26.8991
-80.0341 -44.7365 44.7814 -21.6335 -53.401 -27.1612
-80.1423 -45.0038 44.6449 -21.6775 -53.527 -27.4246
-80.2508 -45.2717 44.5072 -21.7217 -53.6533 -27.6892
-80.3596 -45.5403 44.368 -21.766 -53.78 -27.9551
-80.4685 -45.8095 44.2276 -21.8105 -53.907 -28.2223
-80.5777 -46.0794 44.0858 -21.855 -54.0343 -28.4907
-80.687 -46.3499 43.9427 -21.8997 -54.162 -28.7604
-80.7967 -46.621 43.7982 -21.9444 -54.29 -29.0314
-80.9065 -46.8928 43.6524 -21.9893 -54.4184 -29.3037
-81.0165 -47.1652 43.5052 -22.0343 -54.5471 -29.5773
-81.1268 -47.4382 43.3566 -22.0795 -54.6761 -29.8523
-81.2373 -47.712 43.2067 -22.1247 -54.8055 -30.1285
-81.3481 -47.9863 43.0553 -22.1701 -54.9352 -30.4062
-81.459 -48.2613 42.9026 -22.2156 -55.0653 -30.6851
-81.5702 -48.537 42.7485 -22.2612 -55.1957 -30.9655
-81.6817 -48.8133 42.5929 -22.307 -55.3264 -31.2472
-81.7933 -49.0902 42.436 -22.3529 -55.4575 -31.5303
-81.9052 -49.3678 42.2776 -22.3988 -55.5889 -31.8148
-82.0173 -49.6461 42.1178 -22.445 -55.7206 -32.1008
-82.1296 -49.925 41.9566 -22.4912 -55.8526 -32.3881
-82.2422 -50.2046 41.794 -22.5376 -55.985 -32.6769
-82.355 -50.4849 41.6299 -22.584 -56.1177 -32.9671
-82.468 -50.7658 41.4643 -22.6306 -56.2507 -33.2588
-82.5813 -51.0474 41.2973 -22.6773 -56.384 -33.552
-82.6948 -51.3297 41.1288 -22.7242 -56.5176 -33.8467
-82.8086 -51.6126 40.9588 -22.7711 -56.6515 -34.1428
-82.9225 -51.8962 40.7873 -22.8182 -56.7856 -34.4405
-83.0367 -52.1804 40.6144 -22.8653 -56.9201 -34.7397
-83.1512 -52.4654 40.4399 -22.9126 -57.0548 -35.0405
-83.2659 -52.751 40.264 -22.96 -57.1897 -35.3428
-83.3808 -53.0373 40.0865 -23.0074 -57.3249 -35.6468
-83.4959 -53.3242 39.9075 -23.055 -57.4604 -35.9523
-83.6113 -53.6119 39.727 -23.1026 -57.596 -36.2594
-83.727 -53.9002 39.5449 -23.1504 -57.7319 -36.5682
-83.8428 -54.1892 39.3613 -23.1982 -57.868 -36.8787
-83.959 -54.4789 39.1761 -23.246 -58.0043 -37.1909
-84.0753 -54.7692 38.9894 -23.294 -58.1407 -37.5048
-84.1919 -55.0603 38.8011 -23.342 -58.2773 -37.8204
-84.3087 -55.352 38.6112 -23.3901 -58.414 -38.1378
-84.4258 -55.6444 38.4197 -23.4382 -58.5509 -38.457
-84.5431 -55.9375 38.2266 -23.4863 -58.6879 -38.778
-84.6607 -56.2313 38.0319 -23.5345 -58.825 -39.1008
-84.7784 -56.5258 37.8356 -23.5827 -58.9621 -39.4256
-84.8965 -56.8209 37.6377 -23.6309 -59.0994 -39.7523
-85.0148 -57.1168 37.4381 -23.6792 -59.2367 -40.0809
-85.1333 -57.4133 37.2369 -23.7274 -59.374 -40.4116
-85.252 -57.7105 37.034 -23.7756 -59.5114 -40.7443
-85.371 -58.0084 36.8294 -23.8238 -59.6488 -41.079
-85.4903 -58.307 36.6232 -23.872 -59.7861 -41.4159
-85.6098 -58.6063 36.4153 -23.9202 -59.9235 -41.755
-85.7295 -58.9062 36.2056 -23.9683 -60.0608 -42.0962
-85.8494 -59.2069 35.9943 -24.0163 -60.1981 -42.4397
-85.9696 -59.5082 35.7812 -24.0643 -60.3354 -42.7855
-86.0901 -59.8102 35.5664 -24.1122 -60.4726 -43.1337
-86.2108 -60.1129 35.3499 -24.16 -60.6097 -43.4842
-86.3317 -60.4163 35.1316 -24.2078 -60.7467 -43.8372
-86.4528 -60.7204 34.9115 -24.2554 -60.8836 -44.1928
-86.5742 -61.0252 34.6897 -24.303 -61.0205 -44.5508
-86.6959 -61.3306 34.466 -24.3504 -61.1572 -44.9115
-86.8177 -61.6367 34.2406 -24.3977 -61.2938 -45.2749
-86.9398 -61.9435 34.0133 -24.4449 -61.4303 -45.6409
-87.0622 -62.251 33.7842 -24.4919 -61.5667 -46.0098
-87.1848 -62.5592 33.5532 -24.5388 -61.7029 -46.3815
-87.3076 -62.8681 33.3203 -24.5856 -61.8391 -46.7561
-87.4306 -63.1776 33.0856 -24.6322 -61.9751 -47.1336
-87.5539 -63.4878 32.849 -24.6787 -62.1109 -47.5142
-87.6774 -63.7987 32.6105 -24.725 -62.2466 -47.8978
-87.8011 -64.1103 32.37 -24.7711 -62.3822 -48.2846
-87.9251 -64.4225 32.1276 -24.817 -62.5177 -48.6746
-88.0493 -64.7355 31.8833 -24.8628 -62.653 -49.0678
-88.1737 -65.0491 31.6369 -24.9084 -62.7882 -49.4643
-88.2984 -65.3633 31.3886 -24.9538 -62.9233 -49.8643
-88.4233 -65.6783 31.1383 -24.999 -63.0582 -50.2676
-88.5484 -65.9939 30.886 -25.0441 -63.1931 -50.6745
-88.6737 -66.3102 30.6316 -25.0889 -63.3278 -51.085
-88.7993 -66.6272 30.3751 -25.1335 -63.4624 -51.499
-88.9251 -66.9448 30.1166 -25.178 -63.5968 -51.9168
-89.0511 -67.2632 29.8559 -25.2222 -63.7312 -52.3383
-89.1773 -67.5822 29.5932 -25.2662 -63.8655 -52.7637
-89.3037 -67.9018 29.3283 -25.31 -63.9996 -53.1929
-89.4304 -68.2222 29.0613 -25.3536 -64.1336 -53.6261
-89.5573 -68.5432 28.792 -25.397 -64.2676 -54.0633
-89.6843 -68.8648 28.5206 -25.4402 -64.4014 -54.5046
-89.8117 -69.1872 28.247 -25.4832 -64.5352 -54.9501
-89.9392 -69.5102 27.9711 -25.5259 -64.6688 -55.3997
-90.0669 -69.8339 27.693 -25.5684 -64.8024 -55.8537
-90.1949 -70.1582 27.4126 -25.6107 -64.9358 -56.312
-90.323 -70.4832 27.1299 -25.6527 -65.0692 -56.7748
-90.4514 -70.8089 26.8448 -25.6945 -65.2024 -57.2421
-90.58 -71.1352 26.5574 -25.7361 -65.3356 -57.7139
-90.7088 -71.4623 26.2677 -25.7774 -65.4686 -58.1904
-90.8377 -71.7899 25.9755 -25.8185 -65.6016 -58.6717
-90.9669 -72.1183 25.681 -25.8593 -65.7344 -59.1577
-91.0963 -72.4473 25.384 -25.8999 -65.8672 -59.6487
-91.2259 -72.7769 25.0845 -25.9402 -65.9998 -60.1446
-91.3557 -73.1073 24.7825 -25.9802 -66.1323 -60.6456
-91.4857 -73.4383 24.478 -26.02 -66.2646 -61.1517
-91.6159 -73.7699 24.171 -26.0595 -66.3969 -61.663
-91.7463 -74.1022 23.8614 -26.0987 -66.5289 -62.1797
-91.8769 -74.4352 23.5492 -26.1376 -66.6609 -62.7017
-92.0077 -74.7688 23.2344 -26.1761 -66.7926 -63.2293
-92.1387 -75.1031 22.9169 -26.2144 -66.9242 -63.7625
-92.2699 -75.4381 22.5967 -26.2524 -67.0556 -64.3013
-92.4012 -75.7737 22.2739 -26.29 -67.1868 -64.846
-92.5328 -76.11 21.9483 -26.3273 -67.3178 -65.3965
-92.6645 -76.4469 21.6199 -26.3643 -67.4485 -65.9531
-92.7964 -76.7844 21.2888 -26.4008 -67.579 -66.5158
-92.9285 -77.1227 20.9548 -26.4371 -67.7093 -67.0847
-93.0608 -77.4615 20.6179 -26.4729 -67.8392 -67.6599
-93.1932 -77.8011 20.2782 -26.5083 -67.9689 -68.2417
-93.3258 -78.1412 19.9355 -26.5434 -68.0982 -68.83
-93.4587 -78.482 19.5899 -26.578 -68.2272 -69.425
-93.5916 -78.8235 19.2412 -26.6121 -68.3558 -70.0268
-93.7248 -79.1656 18.8896 -26.6459 -68.484 -70.6356
-93.8581 -79.5083 18.5349 -26.6791 -68.6118 -71.2515
-93.9916 -79.8517 18.1771 -26.7119 -68.7391 -71.8747
-94.1252 -80.1957 17.8161 -26.7441 -68.866 -72.5052
-94.259 -80.5404 17.452 -26.7759 -68.9924 -73.1433
-94.393 -80.8856 17.0847 -26.807 -69.1182 -73.7891
-94.5271 -81.2316 16.7141 -26.8377 -69.2434 -74.4428
-94.6613 -81.5781 16.3403 -26.8677 -69.368 -75.1044
-94.7958 -81.9252 15.9631 -26.8972 -69.492 -75.7743
-94.9303 -82.273 15.5825 -26.926 -69.6152 -76.4525
-95.065 -82.6214 15.1985 -26.9541 -69.7378 -77.1392
-95.1999 -82.9704 14.8111 -26.9816 -69.8595 -77.8347
-95.3348 -83.32 14.4202 -27.0083 -69.9804 -78.5391
-95.4699 -83.6702 14.0257 -27.0344 -70.1004 -79.2526
-95.6052 -84.021 13.6277 -27.0596 -70.2195 -79.9754
-95.7405 -84.3724 13.226 -27.084 -70.3376 -80.7077
-95.876 -84.7244 12.8206 -27.1076 -70.4547 -81.4498
-96.0116 -85.0769 12.4115 -27.1304 -70.5706 -82.2018
-96.1473 -85.4301 11.9986 -27.1522 -70.6853 -82.9641
-96.2831 -85.7838 11.5818 -27.1731 -70.7988 -83.7368
-96.419 -86.1381 11.1612 -27.193 -70.911 -84.5202
-96.5551 -86.4929 10.7366 -27.2119 -71.0218 -85.3145
-96.6912 -86.8483 10.3081 -27.2296 -71.1311 -86.12
-96.8274 -87.2042 9.87543 -27.2463 -71.2389 -86.9371
-96.9636 -87.5607 9.43868 -27.2618 -71.345 -87.7659
-97.1 -87.9177 8.99776 -27.2761 -71.4493 -88.6068
-97.2364 -88.2752 8.55261 -27.2891 -71.5518 -89.46
-97.3729 -88.6332 8.10316 -27.3007 -71.6523 -90.326
-97.5094 -88.9917 7.64935 -27.311 -71.7508 -91.2049
-97.646 -89.3507 7.19111 -27.3198 -71.8471 -92.0973
-97.7826 -89.7102 6.72837 -27.3271 -71.9411 -93.0033
-97.9192 -90.0701 6.26107 -27.3328 -72.0327 -93.9235
-98.0559 -90.4305 5.78914 -27.3368 -72.1217 -94.8581
-98.1926 -90.7913 5.31249 -27.339 -72.2079 -95.8075
-98.3293 -91.1526 4.83106 -27.3395 -72.2913 -96.7723
-98.466 -91.5142 4.34476 -27.338 -72.3717 -97.7527
-98.6027 -91.8763 3.85353 -27.3345 -72.4488 -98.7493
-98.7394 -92.2387 3.35727 -27.3288 -72.5225 -99.7625
-98.876 -92.6015 2.8559 -27.321 -72.5927 -100.793
-99.0126 -92.9646 2.34933 -27.3108 -72.659 -101.841
-99.1491 -93.3281 1.83749 -27.2982 -72.7213 -102.907
-99.2855 -93.6919 1.32026 -27.2831 -72.7794 -103.991
-99.4219 -94.0559 0.797568 -27.2652 -72.8329 -105.095
-99.5582 -94.4202 0.269305 -27.2445 -72.8817 -106.219
-99.6944 -94.7847 -0.264626 -27.2209 -72.9254 -107.363
-99.8304 -95.1494 -0.80433 -27.1941 -72.9638 -108.528
-99.9663 -95.5143 -1.34991 -27.164 -72.9965 -109.715
-100.102 -95.8794 -1.90149 -27.1305 -73.0233 -110.925
-100.238 -96.2446 -2.45917 -27.0933 -73.0436 -112.157
-100.373 -96.6098 -3.02307 -27.0522 -73.0572 -113.414
-100.508 -96.9751 -3.59331 -27.0071 -73.0637 -114.695
-100.643 -97.3405 -4.17003 -26.9577 -73.0625 -116.002
-100.778 -97.7058 -4.75334 -26.9038 -73.0533 -117.336
-100.912 -98.071 -5.34339 -26.8451 -73.0355 -118.696
-101.046 -98.4361 -5.94031 -26.7814 -73.0085 -120.086
-101.18 -98.8011 -6.54425 -26.7123 -72.9719 -121.504
-101.313 -99.1658 -7.15536 -26.6376 -72.9249 -122.953
-101.446 -99.5303 -7.77378 -26.5569 -72.867 -124.434
-101.579 -99.8945 -8.3997 -26.4698 -72.7974 -125.947
-101.711 -100.258 -9.03326 -26.376 -72.7153 -127.494
-101.843 -100.622 -9.67465 -26.2751 -72.6199 -129.077
-101.974 -100.985 -10.324 -26.1666 -72.5103 -130.696
-102.104 -101.347 -10.9816 -26.0501 -72.3855 -132.353
-102.234 -101.708 -11.6476 -25.9249 -72.2446 -134.05
-102.364 -102.069 -12.3221 -25.7907 -72.0863 -135.787
-102.492 -102.429 -13.0054 -25.6468 -71.9094 -137.568
-102.62 -102.788 -13.6978 -25.4924 -71.7127 -139.393
-102.747 -103.146 -14.3994 -25.3271 -71.4947 -141.265
-102.873 -103.503 -15.1105 -25.1499 -71.2538 -143.185
-102.999 -103.859 -15.8313 -24.96 -70.9883 -145.156
-103.123 -104.213 -16.562 -24.7567 -70.6964 -147.18
-103.246 -104.566 -17.3031 -24.5388 -70.3761 -149.258
-103.368 -104.917 -18.0546 -24.3054 -70.0252 -151.395
-103.489 -105.266 -18.817 -24.0553 -69.6413 -153.591
-103.609 -105.613 -19.5905 -23.7872 -69.2217 -155.85
-103.727 -105.958 -20.3755 -23.4998 -68.7635 -158.175
-103.844 -106.301 -21.1723 -23.1916 -68.2636 -160.569
-103.959 -106.641 -21.9812 -22.8609 -67.7185 -163.036
-104.072 -106.978 -22.8027 -22.5059 -67.1244 -165.578
-104.184 -107.312 -23.637 -22.1245 -66.4769 -168.2
-104.294 -107.643 -24.4847 -21.7147 -65.7714 -170.905
-104.401 -107.97 -25.3461 -21.2739 -65.0028 -173.697
-104.506 -108.293 -26.2217 -20.7995 -64.1651 -176.582
-104.609 -108.612 -27.1119 -20.2885 -63.252 -179.563
-104.709 -108.925 -28.0173 -19.7375 -62.2562 -182.646
-104.807 -109.234 -28.9384 -19.1429 -61.17 -185.835
-104.901 -109.537 -29.8757 -18.5005 -59.9841 -189.136
-104.992 -109.834 -30.8298 -17.8058 -58.6887 -192.555
-105.079 -110.124 -31.8012 -17.0535 -57.2725 -196.098
-105.162 -110.407 -32.7908 -16.2379 -55.7226 -199.77
-105.241 -110.681 -33.799 -15.3524 -54.0249 -203.579
-105.316 -110.947 -34.8266 -14.3898 -52.1631 -207.53
-105.385 -111.203 -35.8743 -13.3417 -50.1187 -211.63
-105.449 -111.448 -36.9429 -12.1987 -47.871 -215.886
-105.507 -111.681 -38.0332 -10.9502 -45.396 -220.304
-105.558 -111.902 -39.1459 -9.58409 -42.6668 -224.889
-105.603 -112.108 -40.2821 -8.08662 -39.6523 -229.647
-105.639 -112.298 -41.4424 -6.44212 -36.3171 -234.58
-105.667 -112.471 -42.6279 -4.63272 -32.6205 -239.691
-105.686 -112.625 -43.8393 -2.63807 -28.5161 -244.98
-105.694 -112.756 -45.0777 -0.434949 -23.9503 -250.441
-105.69 -112.864 -46.3438 2.00305 -18.8622 -256.065
-105.673 -112.945 -47.6383 4.70589 -13.1818 -261.835
-105.643 -112.996 -48.9621 7.70741 -6.82981 -267.724
-105.596 -113.013 -50.3156 11.0455 0.283663 -273.695
-105.532 -112.993 -51.699 14.7621 8.25916 -279.691
-105.449 -112.931 -53.1125 18.9029 17.2076 -285.632
-105.343 -112.821 -54.5553 23.5163 27.2484 -291.412
-105.214 -112.658 -56.0265 28.6514 38.5062 -296.884
-105.057 -112.436 -57.5241 34.3547 51.1035 -301.858
-104.87 -112.147 -59.045 40.665 65.1492 -306.086
-104.65 -111.784 -60.5849 47.605 80.7218 -309.26
-104.394 -111.34 -62.1375 55.171 97.8444 -311.005
-104.098 -110.806 -63.6948 63.3191 116.453 -310.891
-103.761 -110.175 -65.2463 71.9507 136.362 -308.455
-103.379 -109.442 -66.7792 80.9001 157.231 -303.245
-102.952 -108.603 -68.2786 89.9303 178.55 -294.895
-102.48 -107.657 -69.7281 98.742 199.654 -283.198
-101.965 -106.607 -71.1106 107.002 219.777 -268.192
-101.41 -105.46 -72.4101 114.385 238.154 -250.193
-100.821 -104.226 -73.6127 120.626 254.126 -229.785
-100.204 -102.919 -74.7082 125.555 267.242 -207.74
-99.5653 -101.554 -75.6904 129.117 277.305 -184.901
-98.9125 -100.146 -76.5576 131.365 284.367 -162.065
-98.2517 -98.71 -77.3114 132.43 288.674 -139.891
-97.5882 -97.2591 -77.9568 132.491 290.589 -118.864
-96.9268 -95.8041 -78.5004 131.739 290.528 -99.2885
-96.2708 -94.3538 -78.9499 130.359 288.899 -81.3175
-95.6231 -92.915 -79.3137 128.516 286.071 -64.9865
-94.9856 -91.493 -79.6 126.345 282.362 -50.2515
-94.3596 -90.0913 -79.8164 123.957 278.031 -37.0191
-93.746 -88.7126 -79.9703 121.438 273.281 -25.1702
-93.1452 -87.3584 -80.0682 118.852 268.274 -14.5756
-92.5574 -86.0298 -80.1161 116.248 263.129 -5.10621
-91.9827 -84.7271 -80.1193 113.659 257.936 3.36059
-91.4208 -83.4504 -80.0825 111.112 252.76 10.938
-90.8715 -82.1994 -80.0099 108.622 247.65 17.7282
-90.3346 -80.9738 -79.9052 106.201 242.637 23.8227
-89.8095 -79.773 -79.7717 103.855 237.745 29.3023
-89.296 -78.5963 -79.6122 101.589 232.988 34.2379
-88.7936 -77.4431 -79.4293 99.4035 228.374 38.6919
-88.3019 -76.3126 -79.2253 97.2988 223.908 42.7189
-87.8206 -75.204 -79.0021 95.2735 219.592 46.3664
-87.3492 -74.1166 -78.7616 93.3256 215.423 49.6763
-86.8873 -73.0497 -78.5054 91.4526 211.399 52.6849
-86.4347 -72.0026 -78.2348 89.6517 207.518 55.4242
-85.9908 -70.9745 -77.9511 87.9198 203.773 57.9223
-85.5555 -69.9649 -77.6555 86.2539 200.161 60.2038
-85.1283 -68.9729 -77.3491 84.6509 196.675 62.2904
-84.7089 -67.9981 -77.0326 83.1078 193.311 64.2013
-84.2972 -67.0398 -76.7071 81.6216 190.064 65.9535
-83.8927 -66.0974 -76.3731 80.1895 186.928 67.5619
-83.4953 -65.1705 -76.0314 78.8088 183.898 69.0399
-83.1046 -64.2585 -75.6827 77.4768 180.969 70.3994
-82.7205 -63.3608 -75.3274 76.1911 178.137 71.6509
-82.3427 -62.4771 -74.9662 74.9495 175.396 72.8039
-81.971 -61.6068 -74.5994 73.7495 172.744 73.8668
-81.6052 -60.7496 -74.2275 72.5893 170.174 74.8474
-81.2451 -59.9051 -73.8509 71.4668 167.685 75.7524
-80.8905 -59.0728 -73.47 70.3801 165.271 76.588
-80.5413 -58.2524 -73.085 69.3275 162.93 77.3598
-80.1973 -57.4435 -72.6964 68.3074 160.658 78.0727
-79.8582 -56.6458 -72.3043 67.3183 158.452 78.7314
-79.5241 -55.859 -71.909 66.3586 156.309 79.34
-79.1947 -55.0827 -71.5109 65.427 154.226 79.9022
-78.8698 -54.3167 -71.11 64.5222 152.201 80.4215
-78.5494 -53.5607 -70.7067 63.643 150.231 80.901
-78.2334 -52.8144 -70.301 62.7883 148.313 81.3435
-77.9215 -52.0776 -69.8932 61.9569 146.446 81.7517
-77.6138 -51.3499 -69.4835 61.1479 144.627 82.128
-77.3101 -50.6313 -69.0719 60.3602 142.854 82.4745
-77.0102 -49.9214 -68.6587 59.5931 141.126 82.7932
-76.7141 -49.22 -68.244 58.8456 139.441 83.0861
-76.4218 -48.527 -67.8279 58.1168 137.796 83.3548
-76.133 -47.8421 -67.4104 57.4062 136.19 83.6009
-75.8477 -47.1651 -66.9918 56.7128 134.623 83.8258
-75.5658 -46.4958 -66.5722 56.0361 133.091 84.0309
-75.2873 -45.8342 -66.1515 55.3753 131.595 84.2175
-75.0121 -45.1799 -65.73 54.73 130.132 84.3867
-74.74 -44.5329 -65.3077 54.0994 128.701 84.5395
-74.4711 -43.8929 -64.8846 53.483 127.301 84.6769
-74.2052 -43.2598 -64.4609 52.8803 125.932 84.7999
-73.9423 -42.6336 -64.0366 52.2908 124.592 84.9094
-73.6823 -42.0139 -63.6118 51.714 123.279 85.006
-73.4251 -41.4008 -63.1865 51.1494 121.993 85.0907
-73.1708 -40.794 -62.7609 50.5967 120.734 85.1639
-72.9192 -40.1934 -62.3349 50.0554 119.499 85.2265
-72.6702 -39.599 -61.9086 49.5251 118.289 85.2791
-72.4239 -39.0106 -61.4821 49.0055 117.102 85.3221
-72.1802 -38.428 -61.0554 48.4961 115.938 85.3561
-71.939 -37.8512 -60.6285 47.9967 114.796 85.3816
-71.7002 -37.28 -60.2016 47.5069 113.676 85.399
-71.4639 -36.7144 -59.7745 47.0264 112.576 85.4089
-71.23 -36.1543 -59.3475 46.555 111.495 85.4116
-70.9984 -35.5995 -58.9204 46.0922 110.435 85.4075
-70.769 -35.0499 -58.4934 45.6379 109.393 85.397
-70.542 -34.5055 -58.0665 45.1918 108.369 85.3803
-70.3171 -33.9662 -57.6396 44.7536 107.362 85.3579
-70.0944 -33.4319 -57.2129 44.3232 106.373 85.33
-69.8739 -32.9025 -56.7863 43.9002 105.401 85.2969
-69.6554 -32.3779 -56.3599 43.4845 104.444 85.2589
-69.439 -31.8581 -55.9337 43.0758 103.503 85.2162
-69.2247 -31.3429 -55.5077 42.6739 102.578 85.1691
-69.0123 -30.8323 -55.082 42.2787 101.667 85.1177
-68.8019 -30.3262 -54.6566 41.8899 100.771 85.0624
-68.5934 -29.8246 -54.2314 41.5074 99.8885 85.0033
-68.3868 -29.3273 -53.8065 41.131 99.0198 84.9405
-68.1821 -28.8344 -53.382 40.7606 98.1643 84.8743
-67.9792 -28.3457 -52.9578 40.3959 97.3217 84.8049
-67.7781 -27.8612 -52.5339 40.0368 96.4917 84.7324
-67.5788 -27.3808 -52.1105 39.6832 95.6739 84.657
-67.3813 -26.9044 -51.6874 39.3349 94.8679 84.5787
-67.1855 -26.4321 -51.2647 38.9918 94.0737 84.4978
-66.9914 -25.9637 -50.8424 38.6538 93.2907 84.4144
-66.799 -25.4992 -50.4205 38.3207 92.5187 84.3285
-66.6082 -25.0385 -49.9991 37.9923 91.7575 84.2404
-66.419 -24.5816 -49.5781 37.6687 91.0068 84.1501
-66.2315 -24.1284 -49.1576 37.3496 90.2663 84.0577
-66.0455 -23.6789 -48.7375 37.035 89.5358 83.9634
-65.8611 -23.2331 -48.318 36.7247 88.8151 83.8672
-65.6783 -22.7908 -47.8989 36.4187 88.1039 83.7693
-65.497 -22.352 -47.4803 36.1168 87.402 83.6696
-65.3171 -21.9168 -47.0622 35.819 86.7091 83.5683
-65.1388 -21.4849 -46.6446 35.5251 86.0252 83.4655
-64.9619 -21.0565 -46.2275 35.235 85.3499 83.3613
-64.7864 -20.6314 -45.811 34.9487 84.683 83.2557
-64.6124 -20.2097 -45.395 34.6661 84.0245 83.1488
-64.4398 -19.7912 -44.9795 34.3871 83.374 83.0406
-64.2685 -19.376 -44.5646 34.1116 82.7315 82.9312
-64.0986 -18.9639 -44.1502 33.8396 82.0967 82.8208
-63.9301 -18.555 -43.7363 33.5709 81.4695 82.7092
-63.7629 -18.1492 -43.3231 33.3055 80.8497 82.5967
-63.5971 -17.7465 -42.9104 33.0434 80.2372 82.4832
-63.4325 -17.3468 -42.4982 32.7843 79.6317 82.3687
-63.2692 -16.9502 -42.0867 32.5284 79.0332 82.2534
-63.1072 -16.5565 -41.6757 32.2755 78.4416 82.1373
-62.9465 -16.1658 -41.2653 32.0256 77.8566 82.0205
-62.787 -15.7779 -40.8555 31.7785 77.2781 81.9029
-62.6287 -15.393 -40.4463 31.5343 76.706 81.7846
-62.4716 -15.0109 -40.0377 31.2928 76.1402 81.6656
-62.3158 -14.6316 -39.6296 31.0541 75.5806 81.546
-62.1611 -14.2551 -39.2222 30.8181 75.0269 81.4259
-62.0076 -13.8813 -38.8154 30.5846 74.4792 81.3052
-61.8552 -13.5103 -38.4091 30.3538 73.9373 81.184
-61.704 -13.1419 -38.0035 30.1254 73.401 81.0622
-61.554 -12.7763 -37.5985 29.8995 72.8704 80.9401
-61.405 -12.4132 -37.1941 29.676 72.3451 80.8175
-61.2572 -12.0528 -36.7903 29.4549 71.8253 80.6945
-61.1105 -11.695 -36.3872 29.2362 71.3107 80.5711
-60.9649 -11.3397 -35.9846 29.0197 70.8012 80.4474
-60.8203 -10.987 -35.5827 28.8054 70.2968 80.3233
-60.6768 -10.6367 -35.1814 28.5934 69.7974 80.1989
-60.5344 -10.289 -34.7807 28.3835 69.3029 80.0743
-60.393 -9.94371 -34.3807 28.1757 68.8132 79.9494
-60.2526 -9.60086 -33.9812 27.97 68.3281 79.8242
-60.1133 -9.26043 -33.5824 27.7664 67.8477 79.6988
-59.9749 -8.92239 -33.1842 27.5647 67.3719 79.5732
-59.8376 -8.58671 -32.7867 27.3651 66.9004 79.4474
-59.7013 -8.25338 -32.3898 27.1673 66.4334 79.3215
-59.5659 -7.92238 -31.9935 26.9715 65.9707 79.1954
-59.4316 -7.59368 -31.5978 26.7775 65.5122 79.0691
-59.2982 -7.26726 -31.2028 26.5854 65.0578 78.9428
-59.1657 -6.9431 -30.8084 26.3951 64.6076 78.8163
-59.0342 -6.62118 -30.4146 26.2066 64.1614 78.6897
-58.9037 -6.30148 -30.0215 26.0198 63.7191 78.563
-58.774 -5.98399 -29.629 25.8347 63.2807 78.4363
-58.6453 -5.66868 -29.2371 25.6513 62.8461 78.3095
-58.5175 -5.35553 -28.8459 25.4696 62.4152 78.1826
-58.3906 -5.04453 -28.4553 25.2895 61.9881 78.0558
-58.2646 -4.73565 -28.0653 25.111 61.5646 77.9288
-58.1395 -4.42888 -27.676 24.9341 61.1446 77.8019
-58.0153 -4.1242 -27.2873 24.7587 60.7282 77.675
-57.8919 -3.8216 -26.8993 24.5849 60.3152 77.5481
-57.7694 -3.52105 -26.5118 24.4126 59.9057 77.4212
-57.6478 -3.22254 -26.125 24.2417 59.4995 77.2943
-57.527 -2.92606 -25.7389 24.0724 59.0966 77.1674
-57.4071 -2.63158 -25.3534 23.9044 58.6969 77.0406
-57.288 -2.33909 -24.9685 23.7379 58.3004 76.9138
-57.1697 -2.04858 -24.5842 23.5728 57.9071 76.7871
-57.0522 -1.76002 -24.2006 23.409 57.5168 76.6605
-56.9356 -1.47341 -23.8176 23.2466 57.1297 76.5339
-56.8198 -1.18872 -23.4353 23.0855 56.7455 76.4074
-56.7047 -0.905954 -23.0535 22.9257 56.3642 76.2809
-56.5905 -0.625082 -22.6725 22.7672 55.9859 76.1546
-56.4771 -0.346095 -22.292 22.61 55.6105 76.0283
-56.3644 -0.0689781 -21.9122 22.454 55.2378 75.9022
-56.2525 0.206283 -21.533 22.2992 54.868 75.7761
-56.1414 0.479701 -21.1544 22.1457 54.5009 75.6502
-56.0311 0.751291 -20.7765 21.9934 54.1365 75.5244
-55.9215 1.02107 -20.3992 21.8422 53.7747 75.3987
-55.8127 1.28904 -20.0225 21.6922 53.4156 75.2731
-55.7046 1.55522 -19.6464 21.5433 53.0591 75.1476
-55.5972 1.81963 -19.271 21.3956 52.7051 75.0223
-55.4906 2.08227 -18.8962 21.249 52.3536 74.8971
-55.3847 2.34316 -18.522 21.1035 52.0046 74.772
-55.2796 2.60232 -18.1485 20.959 51.658 74.6471
-55.1751 2.85974 -17.7756 20.8157 51.3138 74.5223
-55.0714 3.11545 -17.4033 20.6733 50.972 74.3977
-54.9684 3.36946 -17.0316 20.532 50.6325 74.2732
-54.8661 3.62178 -16.6605 20.3918 50.2954 74.1489
-54.7645 3.87242 -16.2901 20.2525 49.9605 74.0247
-54.6636 4.12138 -15.9203 20.1142 49.6278 73.9007
-54.5634 4.36869 -15.5511 19.9769 49.2974 73.7769
-54.4638 4.61436 -15.1825 19.8406 48.9691 73.6532
-54.3649 4.85838 -14.8146 19.7052 48.643 73.5297
-54.2668 5.10079 -14.4472 19.5708 48.319 73.4063
-54.1692 5.34157 -14.0805 19.4372 47.9971 73.2831
-54.0724 5.58076 -13.7144 19.3046 47.6773 73.1601
-53.9762 5.81835 -13.3489 19.1729 47.3595 73.0373
-53.8807 6.05435 -12.984 19.0421 47.0436 72.9146
-53.7858 6.28878 -12.6198 18.9122 46.7298 72.7921
-53.6915 6.52165 -12.2561 18.7831 46.4179 72.6698
-53.5979 6.75296 -11.8931 18.6548 46.108 72.5477
-53.505 6.98273 -11.5306 18.5274 45.8 72.4257
-53.4127 7.21096 -11.1688 18.4009 45.4938 72.304
-53.321 7.43767 -10.8076 18.2751 45.1895 72.1824
-53.2299 7.66285 -10.447 18.1502 44.887 72.061
-53.1395 7.88654 -10.087 18.026 44.5863 71.9397
-53.0497 8.10872 -9.72758 17.9027 44.2874 71.8187
-52.9604 8.32941 -9.36878 17.7801 43.9903 71.6978
-52.8719 8.54862 -9.0106 17.6583 43.6948 71.5771
-52.7839 8.76636 -8.65301 17.5372 43.4012 71.4566
-52.6965 8.98263 -8.29603 17.4169 43.1092 71.3363
-52.6097 9.19745 -7.93965 17.2973 42.8188 71.2162
-52.5235 9.41082 -7.58387 17.1784 42.5301 71.0963
-52.4379 9.62275 -7.22869 17.0602 42.2431 70.9765
-52.3529 9.83325 -6.8741 16.9428 41.9576 70.8569
-52.2685 10.0423 -6.52012 16.826 41.6738 70.7375
-52.1846 10.25 -6.16673 16.7099 41.3915 70.6183
-52.1014 10.4562 -5.81393 16.5945 41.1107 70.4993
-52.0187 10.6611 -5.46173 16.4798 40.8315 70.3805
-51.9366 10.8646 -5.11013 16.3657 40.5538 70.2618
-51.855 11.0666 -4.75912 16.2523 40.2776 70.1433
-51.7741 11.2673 -4.4087 16.1395 40.0029 70.025
-51.6937 11.4667 -4.05887 16.0273 39.7296 69.9069
-51.6138 11.6646 -3.70963 15.9158 39.4577 69.789
-51.5345 11.8612 -3.36098 15.8049 39.1873 69.6712
-51.4557 12.0565 -3.01291 15.6945 38.9183 69.5537
-51.3775 12.2504 -2.66544 15.5848 38.6507 69.4363
-51.2999 12.443 -2.31855 15.4757 38.3844 69.3191
-51.2228 12.6343 -1.97225 15.3671 38.1195 69.202
-51.1462 12.8242 -1.62653 15.2592 37.856 69.0851
-51.0702 13.0128 -1.2814 15.1518 37.5938 68.9684
-50.9947 13.2001 -0.936846 15.0449 37.3328 68.8519
-50.9198 13.3861 -0.592878 14.9386 37.0732 68.7356
-50.8453 13.5709 -0.24949 14.8329 36.8149 68.6194
-50.7714 13.7543 0.0933165 14.7276 36.5578 68.5034
-50.698 13.9364 0.435544 14.623 36.302 68.3876
-50.6252 14.1173 0.777192 14.5188 36.0474 68.2719
-50.5529 14.2969 1.11826 14.4151 35.794 68.1564
-50.481 14.4753 1.45876 14.312 35.5419 68.041
-50.4097 14.6523 1.79867 14.2093 35.2909 67.9259
-50.3389 14.8282 2.13801 14.1072 35.0411 67.8108
-50.2687 15.0027 2.47678 14.0055 34.7925 67.696
-50.1989 15.1761 2.81497 13.9043 34.5451 67.5813
-50.1296 15.3482 3.15259 13.8036 34.2988 67.4667
