-50 0 -25 0 0 49
-50.0003 -0.000505664 -24.7554 -0.107785 -0.201948 48.8541
-50.0011 -0.00201976 -24.5115 -0.215403 -0.403374 48.7082
-50.0024 -0.00453968 -24.2683 -0.322855 -0.604282 48.5623
-50.0043 -0.00806285 -24.0258 -0.430144 -0.804677 48.4163
-50.0067 -0.0125867 -23.7841 -0.537272 -1.00456 48.2703
-50.0097 -0.0181088 -23.5431 -0.644241 -1.20394 48.1242
-50.0132 -0.0246264 -23.3029 -0.751054 -1.40282 47.978
-50.0172 -0.0321373 -23.0634 -0.857711 -1.60121 47.8318
-50.0217 -0.0406388 -22.8246 -0.964217 -1.7991 47.6855
-50.0268 -0.0501286 -22.5865 -1.07057 -1.9965 47.5392
-50.0325 -0.0606041 -22.3492 -1.17678 -2.19342 47.3927
-50.0386 -0.0720631 -22.1126 -1.28283 -2.38986 47.2462
-50.0453 -0.084503 -21.8767 -1.38875 -2.58583 47.0997
-50.0525 -0.0979216 -21.6416 -1.49451 -2.78132 46.953
-50.0602 -0.112317 -21.4072 -1.60014 -2.97634 46.8063
-50.0685 -0.127685 -21.1735 -1.70562 -3.1709 46.6594
-50.0773 -0.144026 -20.9406 -1.81097 -3.365 46.5125
-50.0866 -0.161336 -20.7084 -1.91617 -3.55864 46.3654
-50.0964 -0.179612 -20.4769 -2.02124 -3.75183 46.2183
-50.1068 -0.198854 -20.2462 -2.12617 -3.94457 46.0711
-50.1177 -0.219058 -20.0162 -2.23097 -4.13686 45.9237
-50.1291 -0.240223 -19.787 -2.33563 -4.32872 45.7762
-50.1411 -0.262346 -19.5585 -2.44016 -4.52013 45.6286
-50.1535 -0.285425 -19.3307 -2.54455 -4.71111 45.4809
-50.1665 -0.309457 -19.1036 -2.64881 -4.90165 45.3331
-50.18 -0.334441 -18.8773 -2.75294 -5.09177 45.1851
-50.194 -0.360375 -18.6518 -2.85694 -5.28147 45.037
-50.2086 -0.387256 -18.427 -2.9608 -5.47074 44.8888
-50.2236 -0.415083 -18.2029 -3.06453 -5.6596 44.7404
-50.2392 -0.443853 -17.9796 -3.16814 -5.84804 44.5919
-50.2553 -0.473564 -17.757 -3.27161 -6.03607 44.4432
-50.2719 -0.504214 -17.5351 -3.37495 -6.22369 44.2944
-50.2891 -0.535801 -17.314 -3.47815 -6.41091 44.1454
-50.3067 -0.568323 -17.0937 -3.58123 -6.59773 43.9963
-50.3249 -0.601778 -16.8741 -3.68418 -6.78415 43.847
-50.3436 -0.636165 -16.6552 -3.78699 -6.97017 43.6975
-50.3628 -0.67148 -16.4371 -3.88967 -7.15581 43.5479
-50.3825 -0.707723 -16.2197 -3.99221 -7.34105 43.398
-50.4027 -0.744891 -16.0031 -4.09462 -7.52591 43.248
-50.4234 -0.782982 -15.7873 -4.1969 -7.71039 43.0979
-50.4447 -0.821995 -15.5721 -4.29904 -7.89449 42.9475
-50.4664 -0.861928 -15.3578 -4.40105 -8.07822 42.7969
-50.4887 -0.902778 -15.1442 -4.50292 -8.26157 42.6462
-50.5114 -0.944544 -14.9313 -4.60464 -8.44455 42.4953
-50.5347 -0.987223 -14.7192 -4.70623 -8.62717 42.3441
-50.5585 -1.03082 -14.5079 -4.80768 -8.80942 42.1928
-50.5828 -1.07532 -14.2973 -4.90899 -8.99131 42.0412
-50.6076 -1.12073 -14.0875 -5.01016 -9.17285 41.8895
-50.6329 -1.16705 -13.8784 -5.11118 -9.35402 41.7375
-50.6587 -1.21427 -13.6701 -5.21205 -9.53485 41.5853
-50.685 -1.2624 -13.4625 -5.31278 -9.71533 41.4329
-50.7118 -1.31142 -13.2558 -5.41336 -9.89546 41.2803
-50.7391 -1.36135 -13.0497 -5.51379 -10.0753 41.1275
-50.767 -1.41218 -12.8445 -5.61407 -10.2547 40.9744
-50.7953 -1.4639 -12.64 -5.71419 -10.4338 40.8211
-50.8241 -1.51651 -12.4363 -5.81416 -10.6126 40.6676
-50.8534 -1.57002 -12.2333 -5.91398 -10.791 40.5138
-50.8832 -1.62442 -12.0311 -6.01364 -10.9692 40.3598
-50.9136 -1.67972 -11.8297 -6.11314 -11.147 40.2056
-50.9444 -1.73589 -11.6291 -6.21248 -11.3244 40.0511
-50.9757 -1.79296 -11.4292 -6.31165 -11.5016 39.8964
-51.0075 -1.85091 -11.2301 -6.41067 -11.6784 39.7414
-51.0398 -1.90974 -11.0318 -6.50951 -11.8549 39.5862
-51.0726 -1.96946 -10.8343 -6.6082 -12.0311 39.4307
-51.1059 -2.03006 -10.6375 -6.70671 -12.207 39.275
-51.1397 -2.09153 -10.4415 -6.80505 -12.3826 39.119
-51.1739 -2.15388 -10.2463 -6.90322 -12.5579 38.9628
-51.2087 -2.21711 -10.0519 -7.00122 -12.7329 38.8063
-51.2439 -2.28121 -9.85825 -7.09905 -12.9076 38.6495
-51.2797 -2.34619 -9.66539 -7.1967 -13.082 38.4925
-51.3159 -2.41203 -9.47332 -7.29417 -13.2561 38.3352
-51.3526 -2.47875 -9.28204 -7.39146 -13.4299 38.1777
-51.3898 -2.54633 -9.09154 -7.48858 -13.6034 38.0199
-51.4275 -2.61478 -8.90184 -7.58551 -13.7767 37.8618
-51.4657 -2.6841 -8.71293 -7.68227 -13.9496 37.7035
-51.5043 -2.75428 -8.5248 -7.77884 -14.1223 37.5449
-51.5435 -2.82532 -8.33748 -7.87522 -14.2947 37.386
-51.5831 -2.89723 -8.15094 -7.97142 -14.4669 37.2268
-51.6232 -2.96999 -7.96521 -8.06744 -14.6387 37.0674
-51.6638 -3.04361 -7.78027 -8.16327 -14.8103 36.9077
-51.7048 -3.11809 -7.59613 -8.25891 -14.9817 36.7477
-51.7463 -3.19343 -7.41279 -8.35436 -15.1527 36.5874
-51.7884 -3.26962 -7.23026 -8.44963 -15.3236 36.4268
-51.8308 -3.34667 -7.04853 -8.5447 -15.4941 36.266
-51.8738 -3.42456 -6.8676 -8.63959 -15.6644 36.1049
-51.9172 -3.50331 -6.68748 -8.73429 -15.8345 35.9435
-51.9611 -3.58291 -6.50816 -8.82879 -16.0043 35.7818
-52.0055 -3.66335 -6.32966 -8.92311 -16.1739 35.6198
-52.0504 -3.74465 -6.15197 -9.01723 -16.3432 35.4576
-52.0957 -3.82679 -5.97508 -9.11116 -16.5123 35.295
-52.1415 -3.90977 -5.79902 -9.20491 -16.6812 35.1322
-52.1877 -3.9936 -5.62376 -9.29846 -16.8498 34.969
-52.2345 -4.07827 -5.44933 -9.39182 -17.0182 34.8056
-52.2817 -4.16378 -5.27571 -9.48499 -17.1864 34.6419
-52.3293 -4.25013 -5.10291 -9.57797 -17.3544 34.4778
-52.3774 -4.33733 -4.93093 -9.67076 -17.5221 34.3135
-52.426 -4.42536 -4.75977 -9.76336 -17.6896 34.1489
-52.4751 -4.51422 -4.58944 -9.85577 -17.8569 33.984
-52.5246 -4.60392 -4.41993 -9.94799 -18.024 33.8188
-52.5746 -4.69446 -4.25125 -10.04 -18.1909 33.6533
-52.625 -4.78583 -4.0834 -10.1319 -18.3576 33.4874
-52.6759 -4.87804 -3.91638 -10.2235 -18.5241 33.3213
-52.7272 -4.97108 -3.75019 -10.315 -18.6904 33.1549
-52.779 -5.06494 -3.58483 -10.4063 -18.8565 32.9881
-52.8313 -5.15964 -3.42031 -10.4974 -19.0224 32.8211
-52.884 -5.25517 -3.25662 -10.5883 -19.1881 32.6537
-52.9372 -5.35152 -3.09377 -10.6791 -19.3536 32.486
-52.9908 -5.4487 -2.93176 -10.7696 -19.519 32.3181
-53.0449 -5.54671 -2.77059 -10.86 -19.6842 32.1498
-53.0994 -5.64555 -2.61026 -10.9502 -19.8492 31.9811
-53.1544 -5.7452 -2.45078 -11.0403 -20.014 31.8122
-53.2098 -5.84569 -2.29214 -11.1301 -20.1787 31.6429
-53.2657 -5.94699 -2.13435 -11.2198 -20.3432 31.4733
-53.322 -6.04912 -1.97741 -11.3093 -20.5075 31.3034
-53.3788 -6.15207 -1.82131 -11.3987 -20.6717 31.1332
-53.436 -6.25583 -1.66607 -11.4878 -20.8357 30.9626
-53.4936 -6.36042 -1.51169 -11.5769 -20.9996 30.7917
-53.5517 -6.46583 -1.35816 -11.6657 -21.1633 30.6205
-53.6103 -6.57206 -1.20548 -11.7544 -21.3269 30.449
-53.6693 -6.6791 -1.05367 -11.8429 -21.4904 30.2771
-53.7287 -6.78696 -0.902712 -11.9312 -21.6537 30.1048
-53.7886 -6.89564 -0.752619 -12.0194 -21.8168 29.9323
-53.8489 -7.00513 -0.603389 -12.1075 -21.9799 29.7594
-53.9097 -7.11544 -0.455025 -12.1954 -22.1428 29.5861
-53.9709 -7.22656 -0.307528 -12.2831 -22.3056 29.4125
-54.0325 -7.33849 -0.1609 -12.3707 -22.4683 29.2386
-54.0946 -7.45124 -0.0151427 -12.4581 -22.6309 29.0643
-54.1571 -7.5648 0.129742 -12.5454 -22.7933 28.8896
-54.22 -7.67918 0.273753 -12.6326 -22.9557 28.7146
-54.2834 -7.79436 0.416889 -12.7196 -23.1179 28.5393
-54.3472 -7.91035 0.559146 -12.8064 -23.2801 28.3635
-54.4115 -8.02716 0.700524 -12.8931 -23.4421 28.1875
-54.4762 -8.14478 0.84102 -12.9797 -23.6041 28.011
-54.5413 -8.2632 0.980634 -13.0662 -23.7659 27.8342
-54.6068 -8.38244 1.11936 -13.1525 -23.9277 27.657
-54.6728 -8.50248 1.2572 -13.2387 -24.0894 27.4795
-54.7392 -8.62333 1.39416 -13.3248 -24.251 27.3016
-54.806 -8.74499 1.53022 -13.4107 -24.4126 27.1233
-54.8733 -8.86746 1.66539 -13.4965 -24.574 26.9446
-54.941 -8.99073 1.79967 -13.5822 -24.7354 26.7655
-55.0091 -9.11481 1.93305 -13.6678 -24.8968 26.5861
-55.0777 -9.2397 2.06553 -13.7532 -25.0581 26.4063
-55.1467 -9.36539 2.19711 -13.8386 -25.2193 26.2261
-55.2161 -9.49189 2.32779 -13.9238 -25.3805 26.0455
-55.2859 -9.6192 2.45756 -14.0089 -25.5416 25.8645
-55.3562 -9.74731 2.58643 -14.094 -25.7026 25.6831
-55.4269 -9.87622 2.71439 -14.1789 -25.8637 25.5013
-55.498 -10.0059 2.84144 -14.2637 -26.0247 25.3191
-55.5695 -10.1365 2.96758 -14.3484 -26.1856 25.1365
-55.6414 -10.2678 3.09281 -14.433 -26.3465 24.9535
-55.7138 -10.3999 3.21712 -14.5175 -26.5074 24.7701
-55.7866 -10.5329 3.34051 -14.6019 -26.6683 24.5863
-55.8598 -10.6666 3.46298 -14.6862 -26.8291 24.402
-55.9335 -10.8012 3.58453 -14.7705 -26.99 24.2174
-56.0075 -10.9365 3.70515 -14.8546 -27.1508 24.0323
-56.082 -11.0727 3.82485 -14.9387 -27.3116 23.8468
-56.1569 -11.2096 3.94362 -15.0226 -27.4724 23.6608
-56.2323 -11.3474 4.06146 -15.1065 -27.6332 23.4745
-56.308 -11.486 4.17837 -15.1903 -27.794 23.2877
-56.3842 -11.6253 4.29434 -15.2741 -27.9548 23.1004
-56.4607 -11.7655 4.40937 -15.3577 -28.1156 22.9128
-56.5377 -11.9065 4.52346 -15.4413 -28.2764 22.7246
-56.6151 -12.0483 4.63662 -15.5248 -28.4372 22.5361
-56.693 -12.1909 4.74883 -15.6083 -28.598 22.3471
-56.7712 -12.3343 4.86009 -15.6917 -28.7589 22.1576
-56.8499 -12.4785 4.9704 -15.775 -28.9198 21.9677
-56.929 -12.6235 5.07976 -15.8583 -29.0807 21.7773
-57.0085 -12.7693 5.18817 -15.9414 -29.2416 21.5865
-57.0884 -12.9159 5.29563 -16.0246 -29.4026 21.3952
-57.1687 -13.0633 5.40213 -16.1077 -29.5636 21.2034
-57.2495 -13.2115 5.50766 -16.1907 -29.7246 21.0112
-57.3306 -13.3605 5.61224 -16.2737 -29.8857 20.8184
-57.4122 -13.5104 5.71585 -16.3566 -30.0468 20.6253
-57.4942 -13.661 5.81849 -16.4395 -30.208 20.4316
-57.5766 -13.8124 5.92016 -16.5223 -30.3692 20.2374
-57.6594 -13.9647 6.02086 -16.6051 -30.5305 20.0428
-57.7427 -14.1178 6.12059 -16.6878 -30.6918 19.8476
-57.8263 -14.2716 6.21934 -16.7706 -30.8532 19.652
-57.9104 -14.4263 6.31711 -16.8532 -31.0147 19.4558
-57.9948 -14.5818 6.4139 -16.9359 -31.1762 19.2592
-58.0797 -14.738 6.5097 -17.0185 -31.3378 19.062
-58.165 -14.8951 6.60452 -17.101 -31.4994 18.8643
-58.2507 -15.053 6.69834 -17.1836 -31.6612 18.6661
-58.3369 -15.2118 6.79118 -17.2661 -31.823 18.4674
-58.4234 -15.3713 6.88302 -17.3485 -31.9849 18.2682
-58.5103 -15.5316 6.97386 -17.431 -32.1469 18.0685
-58.5977 -15.6927 7.0637 -17.5134 -32.3089 17.8682
-58.6855 -15.8547 7.15254 -17.5959 -32.4711 17.6673
-58.7737 -16.0175 7.24038 -17.6782 -32.6333 17.466
-58.8623 -16.181 7.3272 -17.7606 -32.7957 17.2641
-58.9513 -16.3454 7.41302 -17.843 -32.9581 17.0616
-59.0407 -16.5106 7.49782 -17.9253 -33.1207 16.8586
-59.1305 -16.6766 7.5816 -18.0077 -33.2833 16.655
-59.2208 -16.8434 7.66437 -18.09 -33.446 16.4509
-59.3114 -17.0111 7.74611 -18.1723 -33.6089 16.2462
-59.4025 -17.1795 7.82683 -18.2546 -33.7719 16.0409
-59.494 -17.3488 7.90652 -18.337 -33.935 15.835
-59.5859 -17.5189 7.98518 -18.4193 -34.0982 15.6286
-59.6782 -17.6898 8.0628 -18.5016 -34.2615 15.4216
-59.7709 -17.8615 8.13939 -18.5839 -34.4249 15.214
-59.864 -18.034 8.21494 -18.6662 -34.5885 15.0058
-59.9575 -18.2074 8.28945 -18.7485 -34.7522 14.7969
-60.0515 -18.3816 8.36291 -18.8308 -34.916 14.5875
-60.1458 -18.5565 8.43533 -18.9131 -35.08 14.3775
-60.2406 -18.7324 8.50669 -18.9955 -35.2441 14.1669
-60.3358 -18.909 8.57699 -19.0778 -35.4083 13.9556
-60.4314 -19.0864 8.64624 -19.1602 -35.5727 13.7437
-60.5274 -19.2647 8.71443 -19.2426 -35.7372 13.5312
-60.6238 -19.4438 8.78156 -19.325 -35.9019 13.318
-60.7206 -19.6237 8.84761 -19.4074 -36.0667 13.1042
-60.8179 -19.8045 8.9126 -19.4898 -36.2316 12.8897
-60.9155 -19.986 8.97651 -19.5722 -36.3968 12.6746
-61.0136 -20.1684 9.03934 -19.6547 -36.562 12.4588
-61.1121 -20.3517 9.1011 -19.7372 -36.7275 12.2424
-61.211 -20.5357 9.16177 -19.8197 -36.8931 12.0253
-61.3103 -20.7206 9.22135 -19.9023 -37.0588 11.8075
-61.41 -20.9063 9.27984 -19.9849 -37.2248 11.589
-61.5101 -21.0928 9.33724 -20.0675 -37.3909 11.3698
-61.6107 -21.2802 9.39354 -20.1501 -37.5571 11.1499
-61.7116 -21.4684 9.44874 -20.2328 -37.7236 10.9294
-61.813 -21.6574 9.50283 -20.3155 -37.8902 10.7081
-61.9148 -21.8473 9.55582 -20.3983 -38.057 10.4861
-62.017 -22.038 9.60769 -20.4811 -38.224 10.2633
-62.1196 -22.2296 9.65845 -20.5639 -38.3912 10.0398
-62.2226 -22.4219 9.70809 -20.6468 -38.5585 9.81564
-62.3261 -22.6151 9.75661 -20.7297 -38.7261 9.59069
-62.4299 -22.8092 9.804 -20.8127 -38.8939 9.36499
-62.5342 -23.0041 9.85026 -20.8957 -39.0618 9.13853
-62.6389 -23.1998 9.89538 -20.9787 -39.23 8.91129
-62.744 -23.3964 9.93937 -21.0618 -39.3983 8.68329
-62.8495 -23.5938 9.98222 -21.145 -39.5669 8.4545
-62.9554 -23.7921 10.0239 -21.2282 -39.7356 8.22492
-63.0618 -23.9912 10.0645 -21.3115 -39.9046 7.99455
-63.1686 -24.1911 10.1039 -21.3948 -40.0738 7.76337
-63.2757 -24.3919 10.1421 -21.4782 -40.2432 7.53137
-63.3833 -24.5935 10.1792 -21.5617 -40.4128 7.29856
-63.4914 -24.796 10.2151 -21.6452 -40.5827 7.06491
-63.5998 -24.9994 10.2498 -21.7287 -40.7527 6.83043
-63.7086 -25.2035 10.2834 -21.8124 -40.923 6.5951
-63.8179 -25.4086 10.3158 -21.8961 -41.0936 6.35892
-63.9276 -25.6145 10.347 -21.9798 -41.2643 6.12187
-64.0377 -25.8212 10.377 -22.0637 -41.4353 5.88395
-64.1482 -26.0288 10.4058 -22.1476 -41.6066 5.64515
-64.2592 -26.2373 10.4334 -22.2316 -41.7781 5.40546
-64.3706 -26.4466 10.4599 -22.3156 -41.9498 5.16487
-64.4823 -26.6568 10.4851 -22.3998 -42.1218 4.92338
-64.5946 -26.8678 10.5091 -22.484 -42.294 4.68096
-64.7072 -27.0797 10.5319 -22.5683 -42.4665 4.43762
-64.8202 -27.2925 10.5535 -22.6526 -42.6392 4.19334
-64.9337 -27.5061 10.5738 -22.7371 -42.8122 3.94812
-65.0476 -27.7206 10.593 -22.8216 -42.9855 3.70193
-65.1619 -27.936 10.6109 -22.9062 -43.159 3.45478
-65.2767 -28.1522 10.6275 -22.9909 -43.3328 3.20666
-65.3918 -28.3693 10.6429 -23.0757 -43.5069 2.95755
-65.5074 -28.5873 10.6571 -23.1606 -43.6812 2.70743
-65.6234 -28.8061 10.67 -23.2456 -43.8558 2.45632
-65.7399 -29.0258 10.6816 -23.3307 -44.0307 2.20418
-65.8568 -29.2464 10.692 -23.4158 -44.2059 1.95101
-65.974 -29.4679 10.7012 -23.5011 -44.3814 1.6968
-66.0918 -29.6902 10.709 -23.5865 -44.5572 1.44153
-66.2099 -29.9135 10.7156 -23.6719 -44.7332 1.18521
-66.3285 -30.1376 10.7209 -23.7575 -44.9096 0.927804
-66.4475 -30.3626 10.7248 -23.8432 -45.0863 0.669313
-66.5669 -30.5884 10.7275 -23.9289 -45.2632 0.409722
-66.6868 -30.8152 10.7289 -24.0148 -45.4405 0.149019
-66.8071 -31.0429 10.729 -24.1008 -45.6181 -0.112807
-66.9278 -31.2714 10.7278 -24.1869 -45.796 -0.375771
-67.0489 -31.5008 10.7253 -24.2731 -45.9742 -0.639884
-67.1705 -31.7311 10.7214 -24.3594 -46.1527 -0.905159
-67.2925 -31.9623 10.7162 -24.4459 -46.3316 -1.17161
-67.415 -32.1944 10.7097 -24.5324 -46.5108 -1.43925
-67.5378 -32.4274 10.7018 -24.6191 -46.6903 -1.70809
-67.6612 -32.6613 10.6926 -24.7059 -46.8702 -1.97815
-67.7849 -32.8961 10.6821 -24.7928 -47.0504 -2.24944
-67.9091 -33.1319 10.6701 -24.8799 -47.2309 -2.52197
-68.0337 -33.3685 10.6568 -24.967 -47.4118 -2.79576
-68.1588 -33.606 10.6422 -25.0543 -47.593 -3.07083
-68.2843 -33.8444 10.6261 -25.1417 -47.7746 -3.34718
-68.4102 -34.0837 10.6087 -25.2293 -47.9566 -3.62483
-68.5365 -34.324 10.5899 -25.317 -48.1389 -3.9038
-68.6633 -34.5651 10.5697 -25.4048 -48.3215 -4.18411
-68.7906 -34.8072 10.548 -25.4928 -48.5046 -4.46576
-68.9183 -35.0502 10.525 -25.5809 -48.688 -4.74878
-69.0464 -35.2941 10.5005 -25.6691 -48.8717 -5.03318
-69.175 -35.5389 10.4747 -25.7575 -49.0559 -5.31898
-69.304 -35.7846 10.4474 -25.846 -49.2404 -5.6062
-69.4334 -36.0313 10.4186 -25.9346 -49.4254 -5.89484
-69.5633 -36.2789 10.3884 -26.0235 -49.6107 -6.18493
-69.6937 -36.5274 10.3568 -26.1124 -49.7964 -6.47649
-69.8244 -36.7768 10.3236 -26.2015 -49.9825 -6.76953
-69.9557 -37.0272 10.2891 -26.2908 -50.1689 -7.06407
-70.0874 -37.2785 10.253 -26.3802 -50.3558 -7.36013
-70.2195 -37.5308 10.2155 -26.4698 -50.5431 -7.65772
-70.3521 -37.784 10.1764 -26.5595 -50.7309 -7.95687
-70.4851 -38.0381 10.1359 -26.6494 -50.919 -8.2576
-70.6185 -38.2931 10.0938 -26.7394 -51.1075 -8.55991
-70.7525 -38.5492 10.0503 -26.8296 -51.2965 -8.86384
-70.8868 -38.8061 10.0052 -26.9199 -51.4859 -9.1694
-71.0217 -39.064 9.95859 -27.0105 -51.6757 -9.47661
-71.1569 -39.3229 9.91044 -27.1011 -51.8659 -9.78549
-71.2927 -39.5827 9.86074 -27.192 -52.0566 -10.0961
-71.4289 -39.8434 9.80948 -27.283 -52.2477 -10.4083
-71.5655 -40.1051 9.75665 -27.3742 -52.4392 -10.7224
-71.7026 -40.3678 9.70225 -27.4656 -52.6312 -11.0381
-71.8402 -40.6315 9.64627 -27.5571 -52.8237 -11.3557
-71.9782 -40.8961 9.5887 -27.6488 -53.0166 -11.675
-72.1167 -41.1616 9.52952 -27.7407 -53.2099 -11.9961
-72.2556 -41.4282 9.46873 -27.8327 -53.4038 -12.3191
-72.395 -41.6957 9.40633 -27.9249 -53.598 -12.644
-72.5348 -41.9641 9.34229 -28.0173 -53.7928 -12.9707
-72.6752 -42.2336 9.27662 -28.1099 -53.988 -13.2993
-72.8159 -42.504 9.2093 -28.2027 -54.1837 -13.6299
-72.9572 -42.7754 9.14032 -28.2956 -54.3799 -13.9624
-73.0989 -43.0478 9.06968 -28.3887 -54.5766 -14.2969
-73.2411 -43.3212 8.99735 -28.482 -54.7738 -14.6334
-73.3837 -43.5956 8.92334 -28.5755 -54.9715 -14.9719
-73.5268 -43.8709 8.84763 -28.6692 -55.1697 -15.3125
-73.6704 -44.1473 8.77022 -28.7631 -55.3684 -15.6552
-73.8145 -44.4246 8.69108 -28.8572 -55.5676 -15.9999
-73.959 -44.7029 8.61022 -28.9514 -55.7674 -16.3468
-74.104 -44.9823 8.52761 -29.0459 -55.9676 -16.6959
-74.2494 -45.2626 8.44326 -29.1405 -56.1684 -17.0472
-74.3954 -45.544 8.35714 -29.2354 -56.3698 -17.4007
-74.5418 -45.8263 8.26925 -29.3304 -56.5717 -17.7564
-74.6887 -46.1097 8.17957 -29.4257 -56.7741 -18.1145
-74.836 -46.3941 8.0881 -29.5211 -56.9772 -18.4748
-74.9839 -46.6794 7.99483 -29.6168 -57.1807 -18.8375
-75.1322 -46.9659 7.89973 -29.7127 -57.3849 -19.2026
-75.281 -47.2533 7.8028 -29.8088 -57.5896 -19.5701
-75.4303 -47.5418 7.70403 -29.9051 -57.7949 -19.9401
-75.5801 -47.8312 7.6034 -30.0016 -58.0008 -20.3125
-75.7303 -48.1218 7.5009 -30.0983 -58.2073 -20.6875
-75.8811 -48.4133 7.39652 -30.1952 -58.4145 -21.065
-76.0323 -48.7059 7.29025 -30.2924 -58.6222 -21.4451
-76.184 -48.9995 7.18207 -30.3898 -58.8305 -21.8278
-76.3362 -49.2942 7.07197 -30.4874 -59.0395 -22.2132
-76.4889 -49.5899 6.95994 -30.5852 -59.2491 -22.6013
-76.642 -49.8867 6.84596 -30.6833 -59.4594 -22.9922
-76.7957 -50.1845 6.73002 -30.7816 -59.6703 -23.3858
-76.9498 -50.4834 6.6121 -30.8801 -59.8818 -23.7823
-77.1045 -50.7834 6.49219 -30.9789 -60.094 -24.1816
-77.2596 -51.0844 6.37028 -31.0779 -60.3069 -24.5839
-77.4153 -51.3864 6.24635 -31.1771 -60.5205 -24.9892
-77.5714 -51.6896 6.12039 -31.2766 -60.7347 -25.3974
-77.728 -51.9938 5.99238 -31.3763 -60.9497 -25.8087
-77.8852 -52.2991 5.8623 -31.4763 -61.1653 -26.2231
-78.0428 -52.6054 5.73015 -31.5765 -61.3817 -26.6406
-78.2009 -52.9129 5.59589 -31.677 -61.5988 -27.0614
-78.3596 -53.2214 5.45953 -31.7777 -61.8166 -27.4854
-78.5187 -53.531 5.32104 -31.8786 -62.0351 -27.9127
-78.6784 -53.8418 5.1804 -31.9799 -62.2544 -28.3434
-78.8385 -54.1536 5.03761 -32.0813 -62.4744 -28.7774
-78.9992 -54.4665 4.89263 -32.1831 -62.6952 -29.215
-79.1603 -54.7805 4.74545 -32.2851 -62.9167 -29.656
-79.322 -55.0957 4.59607 -32.3873 -63.1391 -30.1007
-79.4842 -55.4119 4.44445 -32.4899 -63.3622 -30.549
-79.6469 -55.7293 4.29058 -32.5927 -63.5861 -31.0009
-79.8101 -56.0478 4.13444 -32.6957 -63.8108 -31.4567
-79.9739 -56.3674 3.97601 -32.7991 -64.0363 -31.9163
-80.1381 -56.6882 3.81527 -32.9027 -64.2627 -32.3797
-80.3029 -57.01 3.65221 -33.0065 -64.4899 -32.8471
-80.4682 -57.3331 3.4868 -33.1107 -64.7179 -33.3186
-80.634 -57.6572 3.31902 -33.2151 -64.9468 -33.7941
-80.8003 -57.9825 3.14886 -33.3198 -65.1765 -34.2739
-80.9672 -58.309 2.97628 -33.4248 -65.4071 -34.7578
-81.1346 -58.6366 2.80128 -33.5301 -65.6385 -35.2461
-81.3025 -58.9654 2.62382 -33.6357 -65.8709 -35.7388
-81.471 -59.2953 2.44389 -33.7415 -66.1042 -36.2359
-81.6399 -59.6264 2.26146 -33.8476 -66.3383 -36.7376
-81.8094 -59.9587 2.07651 -33.9541 -66.5734 -37.2439
-81.9795 -60.2921 1.88902 -34.0608 -66.8094 -37.755
-82.15 -60.6268 1.69896 -34.1678 -67.0463 -38.2708
-82.3211 -60.9626 1.50631 -34.2751 -67.2842 -38.7916
-82.4928 -61.2996 1.31105 -34.3826 -67.5231 -39.3173
-82.665 -61.6378 1.11314 -34.4905 -67.7629 -39.8482
-82.8377 -61.9773 0.912564 -34.5987 -68.0037 -40.3842
-83.011 -62.3179 0.709296 -34.7072 -68.2454 -40.9254
-83.1848 -62.6597 0.503308 -34.8159 -68.4882 -41.4721
-83.3591 -63.0028 0.294573 -34.925 -68.732 -42.0243
-83.534 -63.347 0.0830642 -35.0343 -68.9768 -42.582
-83.7095 -63.6925 -0.131248 -35.144 -69.2226 -43.1454
-83.8855 -64.0393 -0.348391 -35.2539 -69.4695 -43.7147
-84.062 -64.3872 -0.568396 -35.3642 -69.7174 -44.2899
-84.2391 -64.7364 -0.791292 -35.4747 -69.9663 -44.8711
-84.4167 -65.0869 -1.01711 -35.5855 -70.2164 -45.4585
-84.595 -65.4386 -1.24588 -35.6967 -70.4675 -46.0522
-84.7737 -65.7916 -1.47763 -35.8081 -70.7197 -46.6524
-84.953 -66.1458 -1.7124 -35.9198 -70.973 -47.2591
-85.1329 -66.5013 -1.95022 -36.0318 -71.2274 -47.8725
-85.3134 -66.8581 -2.19113 -36.1441 -71.4829 -48.4927
-85.4944 -67.2161 -2.43515 -36.2566 -71.7396 -49.1199
-85.6759 -67.5755 -2.68233 -36.3695 -71.9974 -49.7543
-85.858 -67.9361 -2.9327 -36.4826 -72.2563 -50.3959
-86.0407 -68.298 -3.18629 -36.596 -72.5164 -51.045
-86.224 -68.6613 -3.44315 -36.7097 -72.7776 -51.7017
-86.4078 -69.0258 -3.70331 -36.8236 -73.04 -52.3661
-86.5922 -69.3917 -3.96681 -36.9378 -73.3035 -53.0386
-86.7772 -69.7588 -4.2337 -37.0523 -73.5683 -53.7191
-86.9628 -70.1274 -4.504 -37.167 -73.8342 -54.408
-87.1489 -70.4972 -4.77778 -37.2819 -74.1013 -55.1053
-87.3356 -70.8684 -5.05506 -37.3971 -74.3696 -55.8114
-87.5229 -71.2409 -5.33589 -37.5125 -74.639 -56.5263
-87.7107 -71.6148 -5.62032 -37.6281 -74.9097 -57.2504
-87.8991 -71.99 -5.9084 -37.7439 -75.1815 -57.9838
-88.0882 -72.3666 -6.20016 -37.8599 -75.4545 -58.7268
-88.2777 -72.7445 -6.49567 -37.9761 -75.7287 -59.4795
-88.4679 -73.1239 -6.79496 -38.0925 -76.0041 -60.2423
-88.6587 -73.5046 -7.09809 -38.209 -76.2807 -61.0153
-88.85 -73.8867 -7.40512 -38.3256 -76.5584 -61.7989
-89.0419 -74.2702 -7.71608 -38.4424 -76.8372 -62.5932
-89.2344 -74.655 -8.03105 -38.5593 -77.1171 -63.3987
-89.4275 -75.0413 -8.35007 -38.6763 -77.3982 -64.2154
-89.6212 -75.429 -8.67321 -38.7933 -77.6804 -65.0439
-89.8155 -75.8181 -9.00051 -38.9103 -77.9636 -65.8843
-90.0103 -76.2087 -9.33205 -39.0274 -78.2478 -66.737
-90.2057 -76.6006 -9.66788 -39.1444 -78.5331 -67.6023
-90.4017 -76.994 -10.0081 -39.2614 -78.8193 -68.4806
-90.5983 -77.3888 -10.3527 -39.3784 -79.1065 -69.3723
-90.7955 -77.7851 -10.7018 -39.4952 -79.3945 -70.2776
-90.9933 -78.1828 -11.0555 -39.6118 -79.6834 -71.1971
-91.1916 -78.5819 -11.4138 -39.7283 -79.9731 -72.1312
-91.3906 -78.9825 -11.7768 -39.8445 -80.2634 -73.0801
-91.5901 -79.3845 -12.1446 -39.9605 -80.5545 -74.0445
-91.7902 -79.788 -12.5172 -40.0761 -80.8461 -75.0248
-91.9909 -80.193 -12.8948 -40.1914 -81.1383 -76.0215
-92.1921 -80.5994 -13.2775 -40.3062 -81.4308 -77.0352
-92.3939 -81.0073 -13.6652 -40.4205 -81.7237 -78.0662
-92.5963 -81.4167 -14.0581 -40.5342 -82.0169 -79.1154
-92.7993 -81.8275 -14.4563 -40.6474 -82.3102 -80.1831
-93.0028 -82.2398 -14.86 -40.7598 -82.6036 -81.2701
-93.2069 -82.6535 -15.269 -40.8714 -82.8969 -82.3771
-93.4115 -83.0687 -15.6837 -40.9822 -83.1899 -83.5046
-93.6167 -83.4854 -16.1041 -41.092 -83.4827 -84.6536
-93.8224 -83.9036 -16.5303 -41.2008 -83.775 -85.8246
-94.0287 -84.3232 -16.9623 -41.3085 -84.0666 -87.0186
-94.2355 -84.7442 -17.4005 -41.4148 -84.3575 -88.2363
-94.4428 -85.1667 -17.8447 -41.5198 -84.6475 -89.4787
-94.6507 -85.5907 -18.2952 -41.6234 -84.9363 -90.7467
-94.8591 -86.0161 -18.7522 -41.7252 -85.2238 -92.0413
-95.0679 -86.4429 -19.2157 -41.8254 -85.5098 -93.3634
-95.2773 -86.8712 -19.6858 -41.9235 -85.794 -94.7143
-95.4872 -87.3009 -20.1628 -42.0196 -86.0762 -96.0949
-95.6975 -87.732 -20.6468 -42.1134 -86.3562 -97.5066
-95.9083 -88.1644 -21.1379 -42.2048 -86.6336 -98.9507
-96.1196 -88.5983 -21.6363 -42.2934 -86.9082 -100.428
-96.3313 -89.0335 -22.1422 -42.3792 -87.1797 -101.941
-96.5434 -89.4701 -22.6557 -42.4618 -87.4476 -103.49
-96.7559 -89.908 -23.1771 -42.541 -87.7116 -105.078
-96.9688 -90.3472 -23.7065 -42.6164 -87.9712 -106.705
-97.182 -90.7877 -24.2441 -42.6878 -88.226 -108.373
-97.3956 -91.2295 -24.7902 -42.7548 -88.4755 -110.086
-97.6096 -91.6725 -25.345 -42.8171 -88.7191 -111.843
-97.8238 -92.1167 -25.9087 -42.8741 -88.9561 -113.648
-98.0383 -92.562 -26.4815 -42.9256 -89.1859 -115.503
-98.2531 -93.0085 -27.0637 -42.9708 -89.4077 -117.41
-98.468 -93.4561 -27.6556 -43.0094 -89.6207 -119.371
-98.6832 -93.9047 -28.2574 -43.0406 -89.8239 -121.391
-98.8984 -94.3544 -28.8695 -43.0639 -90.0163 -123.47
-99.1138 -94.8049 -29.4922 -43.0784 -90.1967 -125.613
-99.3292 -95.2563 -30.1257 -43.0834 -90.3639 -127.823
-99.5446 -95.7085 -30.7704 -43.0779 -90.5164 -130.103
-99.76 -96.1615 -31.4267 -43.061 -90.6526 -132.457
-99.9753 -96.6151 -32.095 -43.0315 -90.7707 -134.89
-100.19 -97.0692 -32.7756 -42.9883 -90.8688 -137.406
-100.405 -97.5238 -33.469 -42.9298 -90.9446 -140.009
-100.62 -97.9786 -34.1757 -42.8545 -90.9956 -142.705
-100.834 -98.4337 -34.8961 -42.7608 -91.0189 -145.5
-101.047 -98.8888 -35.6307 -42.6466 -91.0113 -148.4
-101.26 -99.3438 -36.3801 -42.5098 -90.9693 -151.41
-101.472 -99.7985 -37.1449 -42.3478 -90.8887 -154.54
-101.684 -100.253 -37.9255 -42.158 -90.7648 -157.796
-101.894 -100.706 -38.7228 -41.9369 -90.5923 -161.186
-102.103 -101.159 -39.5374 -41.6812 -90.3651 -164.722
-102.311 -101.61 -40.3701 -41.3866 -90.0762 -168.412
-102.517 -102.059 -41.2216 -41.0483 -89.7176 -172.267
-102.721 -102.507 -42.0928 -40.6609 -89.2799 -176.302
-102.923 -102.952 -42.9846 -40.2182 -88.7525 -180.527
-103.123 -103.395 -43.8981 -39.7128 -88.1228 -184.96
-103.321 -103.833 -44.8342 -39.1363 -87.3761 -189.616
-103.515 -104.268 -45.7943 -38.4788 -86.4954 -194.513
-103.705 -104.698 -46.7794 -37.7287 -85.4604 -199.671
-103.892 -105.123 -47.791 -36.8723 -84.2473 -205.112
-104.074 -105.541 -48.8306 -35.8936 -82.8276 -210.86
-104.251 -105.951 -49.8997 -34.7732 -81.1673 -216.942
-104.422 -106.352 -51 -33.4882 -79.2258 -223.386
-104.586 -106.743 -52.1336 -32.011 -76.9537 -230.224
-104.742 -107.122 -53.3023 -30.3081 -74.2912 -237.49
-104.889 -107.486 -54.5085 -28.3391 -71.1651 -245.218
-105.025 -107.834 -55.7546 -26.0542 -67.4856 -253.447
-105.149 -108.161 -57.0431 -23.3927 -63.1418 -262.21
-105.259 -108.465 -58.3767 -20.2793 -57.996 -271.541
-105.352 -108.741 -59.7585 -16.6212 -51.8766 -281.463
-105.425 -108.984 -61.1914 -12.303 -44.5694 -291.984
-105.475 -109.186 -62.6784 -7.18207 -35.8069 -303.083
-105.497 -109.342 -64.2223 -1.08269 -25.2569 -314.686
-105.486 -109.439 -65.8253 6.20826 -12.5112 -326.638
-105.435 -109.466 -67.4887 14.9423 2.91885 -338.652
-105.336 -109.409 -69.2118 25.4008 21.5922 -350.233
-105.181 -109.25 -70.9909 37.8664 44.0912 -360.588
-104.957 -108.968 -72.8174 52.5578 70.9078 -368.511
-104.655 -108.541 -74.6757 69.5101 102.225 -372.329
-104.262 -107.946 -76.5403 88.3975 137.58 -369.977
-103.771 -107.166 -78.375 108.355 175.505 -359.401
-103.179 -106.192 -80.134 127.94 213.404 -339.301
-102.492 -105.032 -81.768 145.396 247.983 -309.969
-101.726 -103.713 -83.234 159.2 276.252 -273.59
-100.901 -102.271 -84.5045 168.576 296.525 -233.604
-100.04 -100.748 -85.5709 173.629 308.751 -193.515
-99.1643 -99.1833 -86.4406 175.082 314.094 -155.934
-98.2891 -97.607 -87.131 173.884 314.22 -122.292
-97.4254 -96.041 -87.6641 170.918 310.745 -93.0429
-96.5798 -94.4994 -88.0619 166.882 304.979 -68.0403
-95.7564 -92.991 -88.3448 162.272 297.877 -46.8458
-94.957 -91.5205 -88.5306 157.419 290.092 -28.9297
-94.1821 -90.09 -88.6343 152.531 282.049 -13.774
-93.4316 -88.6999 -88.6684 147.737 274.018 -0.91735
-92.7047 -87.3496 -88.6435 143.107 266.162 10.0328
-92.0005 -86.0381 -88.5681 138.681 258.573 19.402
-91.3178 -84.7638 -88.4495 134.475 251.302 27.4572
-90.6557 -83.525 -88.2936 130.491 244.369 34.416
-90.0129 -82.3201 -88.1054 126.725 237.778 40.4557
-89.3884 -81.1472 -87.889 123.168 231.522 45.7211
-88.7812 -80.0048 -87.6481 119.809 225.588 50.3304
-88.1903 -78.8913 -87.3857 116.635 219.96 54.381
-87.6148 -77.8052 -87.1043 113.633 214.62 57.9534
-87.0539 -76.745 -86.8062 110.792 209.551 61.1144
-86.5069 -75.7096 -86.4932 108.099 204.733 63.9196
-85.9729 -74.6977 -86.1669 105.545 200.151 66.4159
-85.4514 -73.7081 -85.829 103.118 195.789 68.6426
-84.9417 -72.7398 -85.4805 100.81 191.63 70.6332
-84.4433 -71.7918 -85.1226 98.6114 187.662 72.4161
-83.9556 -70.8632 -84.7563 96.5148 183.871 74.0157
-83.4781 -69.9531 -84.3825 94.513 180.245 75.4529
-83.0105 -69.0607 -84.0018 92.5993 176.773 76.7457
-82.5521 -68.1853 -83.615 90.7676 173.445 77.9099
-82.1028 -67.3262 -83.2227 89.0125 170.251 78.9589
-81.662 -66.4828 -82.8254 87.3288 167.184 79.9048
-81.2295 -65.6544 -82.4236 85.712 164.235 80.7578
-80.8049 -64.8405 -82.0178 84.1578 161.396 81.5273
-80.3879 -64.0404 -81.6083 82.6622 158.662 82.2212
-79.9783 -63.2538 -81.1956 81.2217 156.025 82.8468
-79.5757 -62.4802 -80.7799 79.8329 153.48 83.4103
-79.1799 -61.719 -80.3615 78.4929 151.022 83.9175
-78.7908 -60.97 -79.9407 77.1988 148.646 84.3733
-78.408 -60.2326 -79.5177 75.9481 146.348 84.7823
-78.0313 -59.5065 -79.0929 74.7382 144.122 85.1486
-77.6606 -58.7913 -78.6662 73.5671 141.966 85.4757
-77.2956 -58.0868 -78.2381 72.4326 139.876 85.7669
-76.9362 -57.3926 -77.8086 71.3328 137.848 86.0252
-76.5823 -56.7083 -77.3778 70.2659 135.879 86.2533
-76.2336 -56.0338 -76.946 69.2303 133.966 86.4535
-75.89 -55.3687 -76.5133 68.2245 132.107 86.6281
-75.5513 -54.7127 -76.0797 67.247 130.299 86.7789
-75.2175 -54.0657 -75.6455 66.2964 128.54 86.9079
-74.8884 -53.4273 -75.2107 65.3716 126.827 87.0167
-74.5638 -52.7974 -74.7753 64.4712 125.159 87.1068
-74.2437 -52.1757 -74.3396 63.5943 123.532 87.1795
-73.9279 -51.5621 -73.9035 62.7397 121.947 87.2361
-73.6163 -50.9563 -73.4672 61.9066 120.4 87.2777
-73.3088 -50.3581 -73.0307 61.0939 118.89 87.3055
-73.0053 -49.7674 -72.5942 60.3008 117.416 87.3203
-72.7058 -49.1839 -72.1575 59.5265 115.976 87.3231
-72.4101 -48.6076 -71.7209 58.7703 114.569 87.3146
-72.1181 -48.0382 -71.2844 58.0314 113.194 87.2957
-71.8298 -47.4757 -70.848 57.3091 111.848 87.267
-71.545 -46.9198 -70.4117 56.6027 110.532 87.2291
-71.2637 -46.3704 -69.9757 55.9118 109.244 87.1827
-70.9859 -45.8273 -69.5399 55.2356 107.983 87.1283
-70.7114 -45.2905 -69.1044 54.5736 106.748 87.0665
-70.4401 -44.7598 -68.6692 53.9253 105.538 86.9976
-70.1721 -44.2351 -68.2344 53.2902 104.352 86.9222
-69.9072 -43.7163 -67.8 52.6679 103.19 86.8406
-69.6454 -43.2032 -67.366 52.0578 102.049 86.7532
-69.3867 -42.6958 -66.9325 51.4596 100.931 86.6604
-69.1308 -42.1939 -66.4994 50.8728 99.8339 86.5625
-68.8779 -41.6975 -66.0668 50.2971 98.7569 86.4598
-68.6279 -41.2064 -65.6348 49.7321 97.6996 86.3526
-68.3806 -40.7205 -65.2033 49.1774 96.6613 86.2411
-68.1361 -40.2398 -64.7724 48.6327 95.6413 86.1257
-67.8943 -39.7641 -64.342 48.0977 94.6392 86.0065
-67.6551 -39.2934 -63.9123 47.572 93.6543 85.8838
-67.4186 -38.8275 -63.4832 47.0554 92.6861 85.7578
-67.1846 -38.3665 -63.0547 46.5477 91.7341 85.6286
-66.9531 -37.9102 -62.6269 46.0484 90.7978 85.4965
-66.7241 -37.4585 -62.1998 45.5574 89.8768 85.3616
-66.4975 -37.0114 -61.7733 45.0744 88.9705 85.224
-66.2733 -36.5688 -61.3475 44.5992 88.0786 85.084
-66.0515 -36.1306 -60.9225 44.1315 87.2007 84.9417
-65.832 -35.6968 -60.4981 43.6712 86.3362 84.7972
-65.6148 -35.2673 -60.0745 43.218 85.485 84.6506
-65.3999 -34.842 -59.6516 42.7717 84.6465 84.502
-65.1871 -34.4208 -59.2295 42.3322 83.8205 84.3516
-64.9765 -34.0038 -58.8081 41.8992 83.0065 84.1995
-64.7681 -33.5908 -58.3875 41.4725 82.2043 84.0457
-64.5618 -33.1817 -57.9676 41.0521 81.4136 83.8904
-64.3576 -32.7766 -57.5486 40.6377 80.6339 83.7336
-64.1554 -32.3754 -57.1303 40.2292 79.8652 83.5755
-63.9553 -31.978 -56.7128 39.8264 79.107 83.416
-63.7572 -31.5843 -56.2961 39.4291 78.359 83.2554
-63.561 -31.1944 -55.8802 39.0373 77.6211 83.0936
-63.3668 -30.8081 -55.4652 38.6508 76.893 82.9308
-63.1745 -30.4255 -55.0509 38.2695 76.1744 82.7669
-62.9841 -30.0464 -54.6375 37.8932 75.4651 82.6021
-62.7956 -29.6708 -54.2249 37.5218 74.7648 82.4364
-62.6089 -29.2987 -53.8131 37.1552 74.0734 82.2699
-62.424 -28.9301 -53.4022 36.7933 73.3906 82.1026
-62.2409 -28.5648 -52.9921 36.4359 72.7162 81.9345
-62.0597 -28.2029 -52.5829 36.083 72.05 81.7658
-61.8801 -27.8443 -52.1745 35.7345 71.3918 81.5965
-61.7023 -27.489 -51.7669 35.3902 70.7415 81.4265
-61.5262 -27.1369 -51.3602 35.0501 70.0988 81.256
-61.3518 -26.788 -50.9543 34.7141 69.4636 81.085
-61.1791 -26.4423 -50.5493 34.3821 68.8357 80.9135
-61.008 -26.0997 -50.1452 34.0539 68.2149 80.7416
-60.8385 -25.7601 -49.7419 33.7296 67.6011 80.5693
-60.6707 -25.4236 -49.3395 33.4089 66.9942 80.3966
-60.5044 -25.0902 -48.938 33.092 66.3939 80.2235
-60.3398 -24.7597 -48.5373 32.7786 65.8002 80.0502
-60.1767 -24.4322 -48.1375 32.4686 65.2128 79.8766
-60.0151 -24.1076 -47.7385 32.1622 64.6317 79.7027
-59.855 -23.7859 -47.3404 31.859 64.0568 79.5286
-59.6965 -23.467 -46.9432 31.5592 63.4878 79.3543
-59.5395 -23.151 -46.5469 31.2625 62.9247 79.1798
-59.3839 -22.8378 -46.1514 30.969 62.3674 79.0051
-59.2298 -22.5273 -45.7568 30.6786 61.8157 78.8303
-59.0771 -22.2196 -45.3631 30.3912 61.2695 78.6554
-58.9258 -21.9146 -44.9703 30.1068 60.7287 78.4804
-58.776 -21.6123 -44.5783 29.8253 60.1933 78.3053
-58.6276 -21.3127 -44.1872 29.5467 59.663 78.1301
-58.4806 -21.0157 -43.797 29.2708 59.1379 77.9549
-58.3349 -20.7213 -43.4077 28.9977 58.6177 77.7797
-58.1906 -20.4295 -43.0192 28.7273 58.1024 77.6044
-58.0476 -20.1403 -42.6316 28.4595 57.592 77.4292
-57.906 -19.8536 -42.2449 28.1944 57.0863 77.2539
-57.7657 -19.5694 -41.8591 27.9317 56.5852 77.0787
-57.6267 -19.2877 -41.4741 27.6716 56.0886 76.9035
-57.489 -19.0085 -41.0901 27.4139 55.5965 76.7284
-57.3525 -18.7318 -40.7069 27.1586 55.1088 76.5533
-57.2174 -18.4575 -40.3245 26.9057 54.6254 76.3783
-57.0835 -18.1855 -39.9431 26.6551 54.1463 76.2034
-56.9508 -17.916 -39.5625 26.4068 53.6713 76.0286
-56.8194 -17.6488 -39.1828 26.1608 53.2003 75.8538
-56.6892 -17.384 -38.804 25.9169 52.7334 75.6792
-56.5602 -17.1215 -38.426 25.6752 52.2704 75.5047
-56.4325 -16.8613 -38.0489 25.4357 51.8113 75.3303
-56.3059 -16.6034 -37.6727 25.1982 51.3559 75.156
-56.1805 -16.3477 -37.2973 24.9628 50.9043 74.9819
-56.0563 -16.0943 -36.9229 24.7294 50.4564 74.8079
-55.9332 -15.8432 -36.5493 24.4979 50.0121 74.6341
-55.8113 -15.5942 -36.1765 24.2685 49.5714 74.4604
-55.6905 -15.3474 -35.8047 24.0409 49.1341 74.2869
-55.5709 -15.1029 -35.4337 23.8153 48.7003 74.1135
-55.4523 -14.8604 -35.0635 23.5915 48.2699 73.9403
-55.3349 -14.6202 -34.6943 23.3695 47.8428 73.7673
-55.2187 -14.382 -34.3259 23.1493 47.4189 73.5944
-55.1035 -14.146 -33.9583 22.9309 46.9983 73.4218
-54.9893 -13.912 -33.5916 22.7142 46.5809 73.2493
-54.8763 -13.6802 -33.2258 22.4992 46.1666 73.077
-54.7644 -13.4504 -32.8609 22.286 45.7553 72.9048
-54.6535 -13.2226 -32.4968 22.0743 45.3471 72.7329
-54.5436 -12.9969 -32.1335 21.8643 44.9418 72.5612
-54.4348 -12.7732 -31.7712 21.656 44.5395 72.3896
-54.3271 -12.5515 -31.4096 21.4491 44.1401 72.2183
-54.2203 -12.3318 -31.049 21.2439 43.7435 72.0471
-54.1146 -12.1141 -30.6892 21.0402 43.3497 71.8762
-54.0099 -11.8983 -30.3302 20.838 42.9586 71.7054
-53.9062 -11.6845 -29.9721 20.6372 42.5703 71.5349
-53.8035 -11.4726 -29.6149 20.438 42.1847 71.3646
-53.7019 -11.2626 -29.2585 20.2402 41.8017 71.1944
-53.6011 -11.0546 -28.9029 20.0438 41.4213 71.0245
-53.5014 -10.8484 -28.5482 19.8488 41.0434 70.8548
-53.4027 -10.6442 -28.1944 19.6552 40.6681 70.6853
-53.3049 -10.4417 -27.8414 19.4629 40.2953 70.516
-53.208 -10.2412 -27.4892 19.272 39.9249 70.3469
-53.1121 -10.0425 -27.1379 19.0824 39.5569 70.178
-53.0172 -9.84563 -26.7874 18.8941 39.1913 70.0093
-52.9232 -9.65059 -26.4378 18.707 38.8281 69.8409
-52.8301 -9.45735 -26.089 18.5213 38.4671 69.6726
-52.738 -9.26592 -25.7411 18.3368 38.1085 69.5046
-52.6468 -9.07627 -25.394 18.1535 37.7521 69.3367
-52.5565 -8.8884 -25.0477 17.9714 37.3979 69.1691
-52.4671 -8.70229 -24.7023 17.7905 37.046 69.0017
-52.3786 -8.51794 -24.3577 17.6108 36.6961 68.8344
-52.2909 -8.33533 -24.0139 17.4322 36.3485 68.6674
-52.2042 -8.15445 -23.671 17.2548 36.0029 68.5006
-52.1184 -7.9753 -23.3289 17.0786 35.6593 68.334
-52.0334 -7.79786 -22.9877 16.9034 35.3179 68.1676
-51.9494 -7.62212 -22.6473 16.7293 34.9784 68.0014
-51.8662 -7.44808 -22.3077 16.5563 34.641 67.8355
-51.7838 -7.27572 -21.9689 16.3844 34.3055 67.6697
-51.7023 -7.10502 -21.631 16.2135 33.9719 67.5041
-51.6217 -6.936 -21.2939 16.0437 33.6403 67.3387
-51.5419 -6.76862 -20.9576 15.8749 33.3105 67.1735
-51.4629 -6.60289 -20.6221 15.7071 32.9826 67.0085
-51.3848 -6.4388 -20.2875 15.5404 32.6566 66.8437
-51.3075 -6.27633 -19.9537 15.3746 32.3323 66.6791
-51.2311 -6.11547 -19.6207 15.2097 32.0099 66.5147
-51.1554 -5.95623 -19.2885 15.0459 31.6892 66.3505
-51.0806 -5.79858 -18.9572 14.8829 31.3703 66.1865
-51.0066 -5.64253 -18.6267 14.721 31.0531 66.0227
-50.9334 -5.48805 -18.297 14.5599 30.7376 65.859
-50.861 -5.33515 -17.9681 14.3998 30.4238 65.6956
-50.7894 -5.18381 -17.64 14.2405 30.1116 65.5323
-50.7186 -5.03404 -17.3128 14.0822 29.8011 65.3692
-50.6486 -4.8858 -16.9863 13.9247 29.4922 65.2064
-50.5793 -4.73911 -16.6607 13.7681 29.1849 65.0436
-50.5109 -4.59396 -16.3359 13.6123 28.8792 64.8811
-50.4432 -4.45032 -16.0119 13.4574 28.5751 64.7188
-50.3763 -4.3082 -15.6887 13.3033 28.2725 64.5566
-50.3102 -4.1676 -15.3663 13.1501 27.9714 64.3946
-50.2448 -4.02849 -15.0448 12.9977 27.6718 64.2328
-50.1802 -3.89088 -14.724 12.846 27.3737 64.0711
-50.1164 -3.75475 -14.404 12.6952 27.0771 63.9096
-50.0533 -3.62011 -14.0849 12.5452 26.7819 63.7483
-49.9909 -3.48694 -13.7666 12.3959 26.4882 63.5872
-49.9293 -3.35523 -13.449 12.2474 26.1959 63.4262
-49.8684 -3.22498 -13.1323 12.0997 25.9049 63.2654
-49.8083 -3.09618 -12.8164 11.9527 25.6154 63.1048
-49.7489 -2.96882 -12.5012 11.8064 25.3272 62.9443
-49.6902 -2.84291 -12.1869 11.6609 25.0404 62.784
-49.6323 -2.71842 -11.8734 11.5161 24.7549 62.6238
-49.5751 -2.59536 -11.5607 11.372 24.4708 62.4638
-49.5186 -2.47371 -11.2488 11.2287 24.1879 62.304
-49.4628 -2.35348 -10.9377 11.086 23.9064 62.1443
-49.4077 -2.23465 -10.6273 10.944 23.6261 61.9847
-49.3533 -2.11722 -10.3178 10.8027 23.347 61.8253
-49.2997 -2.00118 -10.0091 10.6621 23.0693 61.6661
-49.2467 -1.88653 -9.70114 10.5221 22.7927 61.507
-49.1945 -1.77325 -9.39401 10.3828 22.5174 61.348
-49.1429 -1.66135 -9.08766 10.2442 22.2432 61.1892
-49.092 -1.55082 -8.78211 10.1062 21.9703 61.0306
-49.0418 -1.44165 -8.47736 9.96879 21.6985 60.872
-48.9923 -1.33384 -8.17339 9.83206 21.4279 60.7136
-48.9435 -1.22737 -7.87022 9.69595 21.1585 60.5554
-48.8954 -1.12225 -7.56784 9.56045 20.8902 60.3973
-48.8479 -1.01847 -7.26625 9.42557 20.623 60.2393
-48.8011 -0.916022 -6.96545 9.29129 20.3569 60.0814
-48.755 -0.814902 -6.66543 9.15761 20.092 59.9237
-48.7095 -0.715103 -6.36621 9.02452 19.8281 59.7661
-48.6648 -0.616621 -6.06777 8.89201 19.5653 59.6086
-48.6206 -0.519451 -5.77012 8.76008 19.3035 59.4513
-48.5772 -0.423586 -5.47326 8.62872 19.0428 59.294
-48.5343 -0.329023 -5.17718 8.49792 18.7832 59.1369
-48.4922 -0.235755 -4.88189 8.36769 18.5246 58.98
-48.4507 -0.143777 -4.58738 8.23801 18.267 58.8231
-48.4098 -0.0530855 -4.29366 8.10888 18.0104 58.6663
-48.3696 0.036326 -4.00072 7.98029 17.7548 58.5097
-48.33 0.124462 -3.70856 7.85223 17.5002 58.3532
-48.2911 0.211328 -3.41719 7.72471 17.2466 58.1967
-48.2527 0.296927 -3.12659 7.59771 16.9939 58.0404
-48.2151 0.381266 -2.83678 7.47123 16.7422 57.8842
-48.178 0.464349 -2.54775 7.34526 16.4914 57.7281
-48.1416 0.54618 -2.2595 7.21981 16.2416 57.5721
-48.1058 0.626765 -1.97203 7.09486 15.9927 57.4162
-48.0707 0.706107 -1.68534 6.9704 15.7447 57.2604
-48.0361 0.784211 -1.39943 6.84644 15.4976 57.1047
-48.0022 0.861083 -1.11429 6.72297 15.2515 56.9491
-47.9689 0.936726 -0.829935 6.59998 15.0062 56.7936
-47.9362 1.01114 -0.546355 6.47748 14.7617 56.6382
-47.9041 1.08434 -0.263553 6.35544 14.5182 56.4829
-47.8727 1.15633 0.0184734 6.23388 14.2755 56.3276
-47.8418 1.2271 0.299724 6.11278 14.0337 56.1725
-47.8115 1.29666 0.580198 5.99214 13.7926 56.0174
-47.7819 1.36502 0.859898 5.87195 13.5525 55.8624
-47.7528 1.43219 1.13882 5.75222 13.3131 55.7075
-47.7243 1.49815 1.41697 5.63293 13.0746 55.5527
-47.6965 1.56293 1.69435 5.51408 12.8369 55.398
-47.6692 1.62652 1.97095 5.39568 12.6 55.2433
-47.6425 1.68893 2.24678 5.2777 12.3638 55.0887
-47.6164 1.75016 2.52184 5.16016 12.1285 54.9342
-47.5909 1.81022 2.79613 5.04304 11.8939 54.7798
-47.566 1.8691 3.06964 4.92635 11.6601 54.6254
-47.5417 1.92682 3.34238 4.81007 11.4271 54.4711
-47.5179 1.98337 3.61435 4.6942 11.1948 54.3168
-47.4947 2.03876 3.88555 4.57874 10.9632 54.1627
-47.4721 2.093 4.15598 4.46369 10.7324 54.0085
-47.4501 2.14609 4.42563 4.34904 10.5023 53.8545
-47.4286 2.19802 4.69452 4.23479 10.273 53.7005
-47.4077 2.24882 4.96264 4.12093 10.0443 53.5466
-47.3874 2.29847 5.22999 4.00746 9.81636 53.3927
-47.3677 2.34698 5.49657 3.89438 9.58911 53.2388
-47.3485 2.39436 5.76237 3.78168 9.36256 53.0851
-47.3298 2.44061 6.02742 3.66937 9.13669 52.9313
-47.3118 2.48572 6.29169 3.55742 8.91151 52.7777
-47.2943 2.52972 6.55519 3.44585 8.68699 52.624
-47.2773 2.57259 6.81793 3.33465 8.46314 52.4704
-47.2609 2.61435 7.0799 3.22382 8.23995 52.3169
-47.2451 2.65499 7.3411 3.11335 8.01741 52.1634
-47.2298 2.69452 7.60153 3.00324 7.79551 52.0099
-47.215 2.73295 7.8612 2.89348 7.57426 51.8565
-47.2009 2.77027 8.1201 2.78408 7.35363 51.7031
-47.1872 2.80648 8.37823 2.67503 7.13364 51.5498
-47.1741 2.8416 8.63559 2.56632 6.91426 51.3965
-47.1615 2.87563 8.89219 2.45796 6.6955 51.2432
-47.1495 2.90856 9.14803 2.34993 6.47734 51.0899
-47.138 2.9404 9.40309 2.24225 6.25979 50.9367
-47.1271 2.97116 9.65739 2.1349 6.04283 50.7835
-47.1167 3.00083 9.91093 2.02788 5.82646 50.6303
-47.1068 3.02942 10.1637 1.92119 5.61068 50.4772
-47.0975 3.05693 10.4157 1.81482 5.39547 50.324
-47.0887 3.08337 10.6669 1.70878 5.18084 50.1709
-47.0804 3.10874 10.9174 1.60306 4.96677 50.0178
-47.0726 3.13304 11.1671 1.49765 4.75327 49.8648
-47.0654 3.15627 11.4161 1.39256 4.54032 49.7117
-47.0587 3.17844 11.6642 1.28778 4.32792 49.5586
-47.0525 3.19955 11.9116 1.18331 4.11606 49.4056
-47.0469 3.2196 12.1583 1.07915 3.90475 49.2526
-47.0418 3.2386 12.4042 0.975291 3.69397 49.0995
-47.0371 3.25654 12.6493 0.871734 3.48371 48.9465
-47.033 3.27344 12.8936 0.768474 3.27398 48.7935
-47.0294 3.28928 13.1372 0.665512 3.06477 48.6405
-47.0264 3.30408 13.38 0.562842 2.85607 48.4875
-47.0238 3.31784 13.6221 0.460464 2.64788 48.3345
-47.0218 3.33056 13.8634 0.358375 2.44019 48.1815
-47.0202 3.34224 14.1039 0.256573 2.233 48.0285
-47.0192 3.35289 14.3437 0.155054 2.0263 47.8754
-47.0187 3.36251 14.5827 0.053817 1.82009 47.7224
-47.0187 3.37109 14.8209 -0.0471407 1.61436 47.5694
-47.0192 3.37865 15.0584 -0.147821 1.40911 47.4163
-47.0201 3.38518 15.2951 -0.248227 1.20434 47.2632
-47.0216 3.39069 15.531 -0.348361 1.00003 47.1102
-47.0236 3.39518 15.7662 -0.448224 0.796187 46.9571
-47.0261 3.39866 16.0006 -0.547819 0.592803 46.804
-47.0291 3.40111 16.2342 -0.647148 0.389874 46.6508
-47.0326 3.40255 16.4671 -0.746213 0.187395 46.4977
-47.0366 3.40299 16.6992 -0.845017 -0.0146387 46.3445
-47.041 3.40241 16.9305 -0.943561 -0.216231 46.1913
-47.046 3.40082 17.1611 -1.04185 -0.417387 46.0381
-47.0515 3.39823 17.3909 -1.13988 -0.618111 45.8848
-47.0574 3.39464 17.6199 -1.23766 -0.818406 45.7316
-47.0638 3.39005 17.8482 -1.33518 -1.01828 45.5782
-47.0708 3.38446 18.0757 -1.43246 -1.21773 45.4249
-47.0782 3.37787 18.3025 -1.52949 -1.41677 45.2715
-47.0861 3.37029 18.5284 -1.62627 -1.6154 45.1181
-47.0944 3.36172 18.7536 -1.72281 -1.81362 44.9647
-47.1033 3.35215 18.9781 -1.81911 -2.01144 44.8112
-47.1126 3.3416 19.2018 -1.91517 -2.20886 44.6576
-47.1224 3.33006 19.4247 -2.01099 -2.40589 44.5041
-47.1327 3.31754 19.6468 -2.10658 -2.60252 44.3504
-47.1435 3.30404 19.8682 -2.20193 -2.79877 44.1968
-47.1547 3.28955 20.0888 -2.29705 -2.99464 44.0431
-47.1665 3.27409 20.3086 -2.39194 -3.19013 43.8893
-47.1787 3.25765 20.5277 -2.48659 -3.38525 43.7355
-47.1913 3.24024 20.7459 -2.58103 -3.58 43.5816
-47.2045 3.22185 20.9635 -2.67523 -3.77438 43.4277
-47.2181 3.2025 21.1802 -2.76921 -3.9684 43.2737
-47.2322 3.18217 21.3962 -2.86297 -4.16206 43.1197
-47.2467 3.16087 21.6114 -2.95651 -4.35537 42.9656
-47.2617 3.13861 21.8259 -3.04984 -4.54832 42.8114
-47.2772 3.11539 22.0395 -3.14294 -4.74093 42.6572
-47.2932 3.0912 22.2524 -3.23583 -4.93319 42.5029
-47.3096 3.06606 22.4646 -3.3285 -5.12512 42.3485
-47.3264 3.03995 22.6759 -3.42096 -5.31671 42.1941
-47.3438 3.01289 22.8865 -3.51321 -5.50796 42.0396
-47.3616 2.98487 23.0963 -3.60525 -5.69889 41.8851
-47.3798 2.9559 23.3054 -3.69709 -5.8895 41.7304
-47.3986 2.92598 23.5136 -3.78871 -6.07978 41.5757
-47.4177 2.8951 23.7211 -3.88014 -6.26974 41.4209
-47.4374 2.86328 23.9278 -3.97136 -6.45939 41.2661
-47.4574 2.83051 24.1338 -4.06237 -6.64873 41.1111
-47.478 2.79679 24.3389 -4.15319 -6.83776 40.9561
-47.499 2.76213 24.5433 -4.24381 -7.02649 40.801
-47.5204 2.72653 24.747 -4.33423 -7.21491 40.6458
-47.5423 2.68998 24.9498 -4.42445 -7.40304 40.4905
-47.5647 2.6525 25.1519 -4.51448 -7.59088 40.3351
-47.5875 2.61407 25.3531 -4.60431 -7.77842 40.1797
-47.6107 2.57471 25.5537 -4.69395 -7.96568 40.0241
-47.6344 2.53442 25.7534 -4.78341 -8.15266 39.8685
-47.6585 2.49319 25.9523 -4.87267 -8.33935 39.7127
-47.6831 2.45102 26.1505 -4.96174 -8.52577 39.5569
-47.7082 2.40793 26.3479 -5.05063 -8.71192 39.401
-47.7336 2.3639 26.5445 -5.13933 -8.89779 39.2449
-47.7595 2.31895 26.7404 -5.22785 -9.0834 39.0888
-47.7859 2.27307 26.9354 -5.31618 -9.26874 38.9325
-47.8127 2.22626 27.1297 -5.40433 -9.45383 38.7762
-47.84 2.17853 27.3232 -5.4923 -9.63865 38.6197
-47.8676 2.12987 27.5159 -5.58009 -9.82323 38.4632
-47.8958 2.0803 27.7078 -5.6677 -10.0075 38.3065
-47.9243 2.0298 27.8989 -5.75514 -10.1916 38.1497
-47.9533 1.97838 28.0893 -5.8424 -10.3754 37.9928
-47.9827 1.92604 28.2789 -5.92948 -10.559 37.8358
-48.0126 1.87279 28.4677 -6.01639 -10.7424 37.6786
-48.0429 1.81862 28.6557 -6.10313 -10.9255 37.5214
-48.0736 1.76353 28.8429 -6.18969 -11.1084 37.364
-48.1048 1.70754 29.0293 -6.27608 -11.291 37.2065
-48.1364 1.65062 29.2149 -6.36231 -11.4735 37.0489
-48.1684 1.5928 29.3998 -6.44837 -11.6557 36.8911
-48.2009 1.53407 29.5838 -6.53425 -11.8376 36.7332
-48.2338 1.47442 29.7671 -6.61998 -12.0194 36.5752
-48.2671 1.41387 29.9496 -6.70553 -12.201 36.4171
-48.3008 1.35241 30.1313 -6.79093 -12.3823 36.2588
-48.335 1.29005 30.3122 -6.87615 -12.5634 36.1004
-48.3696 1.22678 30.4923 -6.96122 -12.7444 35.9418
-48.4046 1.1626 30.6716 -7.04613 -12.9251 35.7831
-48.44 1.09753 30.8501 -7.13087 -13.1056 35.6243
-48.4759 1.03155 31.0278 -7.21546 -13.286 35.4653
-48.5122 0.964668 31.2048 -7.29988 -13.4661 35.3062
-48.5489 0.896887 31.3809 -7.38415 -13.6461 35.1469
-48.586 0.828207 31.5562 -7.46826 -13.8258 34.9875
-48.6236 0.758628 31.7308 -7.55222 -14.0054 34.8279
-48.6616 0.688152 31.9045 -7.63602 -14.1848 34.6682
-48.6999 0.61678 32.0775 -7.71967 -14.364 34.5083
-48.7388 0.544511 32.2496 -7.80316 -14.5431 34.3483
-48.778 0.471348 32.4209 -7.8865 -14.722 34.1881
-48.8176 0.397292 32.5915 -7.96969 -14.9007 34.0278
-48.8577 0.322341 32.7612 -8.05273 -15.0792 33.8673
-48.8981 0.246499 32.9302 -8.13562 -15.2576 33.7066
-48.939 0.169765 33.0983 -8.21836 -15.4358 33.5458
-48.9803 0.0921409 33.2656 -8.30095 -15.6138 33.3848
-49.022 0.0136265 33.4321 -8.38339 -15.7918 33.2236
-49.0642 -0.065777 33.5979 -8.46569 -15.9695 33.0623
-49.1067 -0.146069 33.7628 -8.54784 -16.1471 32.9007
-49.1496 -0.227248 33.9269 -8.62984 -16.3246 32.7391
-49.193 -0.309315 34.0902 -8.7117 -16.5019 32.5772
-49.2368 -0.392267 34.2526 -8.79342 -16.679 32.4152
-49.2809 -0.476106 34.4143 -8.87499 -16.8561 32.2529
-49.3255 -0.560829 34.5752 -8.95642 -17.033 32.0905
-49.3705 -0.646436 34.7352 -9.03771 -17.2097 31.9279
-49.4159 -0.732926 34.8944 -9.11886 -17.3864 31.7652
-49.4617 -0.8203 35.0529 -9.19987 -17.5629 31.6022
-49.5079 -0.908556 35.2105 -9.28074 -17.7393 31.4391
-49.5545 -0.997693 35.3673 -9.36147 -17.9156 31.2757
-49.6015 -1.08771 35.5232 -9.44206 -18.0917 31.1122
-49.6489 -1.17861 35.6784 -9.52251 -18.2678 30.9485
-49.6967 -1.27039 35.8327 -9.60283 -18.4437 30.7846
-49.7449 -1.36305 35.9862 -9.68301 -18.6195 30.6204
-49.7936 -1.45659 36.1389 -9.76305 -18.7952 30.4561
-49.8426 -1.551 36.2908 -9.84296 -18.9708 30.2916
-49.892 -1.64629 36.4418 -9.92273 -19.1463 30.1269
-49.9418 -1.74246 36.5921 -10.0024 -19.3218 29.9619
-49.992 -1.83951 36.7414 -10.0819 -19.4971 29.7968
-50.0426 -1.93744 36.89 -10.1613 -19.6723 29.6314
-50.0936 -2.03624 37.0378 -10.2405 -19.8474 29.4659
-50.145 -2.13591 37.1847 -10.3196 -20.0225 29.3001
-50.1968 -2.23646 37.3308 -10.3986 -20.1975 29.1341
-50.249 -2.33789 37.476 -10.4774 -20.3724 28.9679
-50.3016 -2.44019 37.6204 -10.5561 -20.5472 28.8014
-50.3546 -2.54336 37.764 -10.6347 -20.7219 28.6348
-50.4079 -2.64741 37.9068 -10.7132 -20.8966 28.4679
-50.4617 -2.75233 38.0487 -10.7915 -21.0712 28.3008
-50.5159 -2.85812 38.1898 -10.8697 -21.2458 28.1334
-50.5704 -2.96478 38.33 -10.9478 -21.4203 27.9659
-50.6253 -3.07232 38.4695 -11.0258 -21.5947 27.7981
-50.6807 -3.18073 38.608 -11.1036 -21.769 27.63
-50.7364 -3.29001 38.7458 -11.1813 -21.9434 27.4618
-50.7925 -3.40016 38.8826 -11.2588 -22.1176 27.2933
-50.849 -3.51119 39.0187 -11.3363 -22.2919 27.1245
-50.9058 -3.62308 39.1539 -11.4136 -22.466 26.9555
-50.9631 -3.73585 39.2882 -11.4908 -22.6402 26.7863
-51.0207 -3.84949 39.4218 -11.5679 -22.8143 26.6168
-51.0788 -3.96399 39.5544 -11.6448 -22.9883 26.447
-51.1372 -4.07937 39.6862 -11.7217 -23.1624 26.277
-51.196 -4.19562 39.8172 -11.7984 -23.3364 26.1068
-51.2552 -4.31273 39.9473 -11.875 -23.5104 25.9363
-51.3147 -4.43072 40.0765 -11.9514 -23.6844 25.7656
-51.3747 -4.54958 40.2049 -12.0278 -23.8583 25.5945
-51.435 -4.66931 40.3325 -12.104 -24.0322 25.4233
-51.4957 -4.7899 40.4592 -12.1801 -24.2062 25.2517
-51.5568 -4.91137 40.585 -12.2561 -24.3801 25.0799
-51.6183 -5.0337 40.71 -12.332 -24.554 24.9078
-51.6801 -5.15691 40.8341 -12.4077 -24.7279 24.7355
-51.7424 -5.28098 40.9573 -12.4834 -24.9018 24.5629
-51.805 -5.40593 41.0797 -12.5589 -25.0758 24.39
-51.8679 -5.53174 41.2012 -12.6343 -25.2497 24.2168
-51.9313 -5.65842 41.3219 -12.7096 -25.4236 24.0434
-51.995 -5.78598 41.4417 -12.7848 -25.5976 23.8696
-52.0592 -5.9144 41.5606 -12.8598 -25.7716 23.6956
-52.1236 -6.04369 41.6786 -12.9348 -25.9456 23.5213
-52.1885 -6.17386 41.7958 -13.0096 -26.1196 23.3467
-52.2537 -6.30489 41.9121 -13.0843 -26.2937 23.1718
-52.3193 -6.43679 42.0275 -13.1589 -26.4678 22.9967
-52.3853 -6.56957 42.1421 -13.2334 -26.6419 22.8212
-52.4517 -6.70321 42.2557 -13.3078 -26.8161 22.6454
-52.5184 -6.83773 42.3685 -13.3821 -26.9903 22.4694
-52.5855 -6.97312 42.4804 -13.4563 -27.1645 22.293
-52.653 -7.10938 42.5914 -13.5303 -27.3389 22.1163
-52.7208 -7.24651 42.7016 -13.6043 -27.5132 21.9394
-52.789 -7.38451 42.8108 -13.6781 -27.6877 21.7621
-52.8576 -7.52338 42.9192 -13.7519 -27.8622 21.5845
-52.9265 -7.66313 43.0267 -13.8255 -28.0367 21.4066
-52.9958 -7.80375 43.1333 -13.899 -28.2114 21.2283
-53.0655 -7.94525 43.239 -13.9725 -28.3861 21.0498
-53.1356 -8.08761 43.3438 -14.0458 -28.5609 20.8709
-53.206 -8.23086 43.4477 -14.119 -28.7358 20.6917
-53.2768 -8.37497 43.5507 -14.1921 -28.9107 20.5122
-53.3479 -8.51996 43.6528 -14.2652 -29.0858 20.3323
-53.4194 -8.66583 43.754 -14.3381 -29.261 20.1521
-53.4913 -8.81257 43.8543 -14.4109 -29.4362 19.9716
-53.5635 -8.96019 43.9537 -14.4837 -29.6116 19.7908
-53.6361 -9.10869 44.0522 -14.5563 -29.787 19.6096
-53.7091 -9.25807 44.1498 -14.6289 -29.9626 19.428
-53.7824 -9.40832 44.2465 -14.7013 -30.1383 19.2462
-53.8561 -9.55945 44.3423 -14.7737 -30.3141 19.0639
-53.9301 -9.71146 44.4371 -14.846 -30.4901 18.8814
-54.0046 -9.86435 44.5311 -14.9182 -30.6662 18.6984
-54.0793 -10.0181 44.6241 -14.9903 -30.8424 18.5151
-54.1545 -10.1728 44.7162 -15.0623 -31.0187 18.3315
-54.2299 -10.3283 44.8074 -15.1342 -31.1952 18.1475
-54.3058 -10.4847 44.8977 -15.2061 -31.3718 17.9631
-54.382 -10.642 44.9871 -15.2779 -31.5486 17.7784
