-75 50 -25 0 0 49
-75.0001 49.9996 -24.7552 -0.0254246 -0.15881 48.9315
-75.0003 49.9984 -24.5107 -0.0508093 -0.317433 48.863
-75.0006 49.9964 -24.2665 -0.0761535 -0.475871 48.7943
-75.001 49.9937 -24.0227 -0.101457 -0.634125 48.7257
-75.0016 49.9901 -23.7793 -0.126719 -0.792195 48.6569
-75.0023 49.9857 -23.5362 -0.15194 -0.950084 48.5881
-75.0031 49.9806 -23.2934 -0.177118 -1.10779 48.5192
-75.0041 49.9747 -23.051 -0.202254 -1.26532 48.4503
-75.0051 49.9679 -22.8089 -0.227347 -1.42267 48.3812
-75.0063 49.9604 -22.5672 -0.252395 -1.57984 48.3122
-75.0077 49.9521 -22.3258 -0.277399 -1.73683 48.243
-75.0091 49.9431 -22.0847 -0.302358 -1.89365 48.1738
-75.0107 49.9332 -21.844 -0.32727 -2.05029 48.1045
-75.0124 49.9226 -21.6037 -0.352136 -2.20676 48.0351
-75.0142 49.9111 -21.3637 -0.376954 -2.36305 47.9657
-75.0161 49.8989 -21.124 -0.401724 -2.51917 47.8962
-75.0182 49.8859 -20.8847 -0.426444 -2.67512 47.8266
-75.0204 49.8722 -20.6458 -0.451114 -2.83089 47.7569
-75.0227 49.8576 -20.4072 -0.475732 -2.98649 47.6872
-75.0252 49.8423 -20.1689 -0.500298 -3.14192 47.6173
-75.0277 49.8262 -19.931 -0.52481 -3.29718 47.5474
-75.0304 49.8093 -19.6934 -0.549267 -3.45227 47.4775
-75.0332 49.7917 -19.4562 -0.573669 -3.60719 47.4074
-75.0362 49.7733 -19.2193 -0.598013 -3.76193 47.3373
-75.0392 49.7541 -18.9828 -0.622298 -3.91651 47.2671
-75.0424 49.7341 -18.7467 -0.646524 -4.07091 47.1968
-75.0457 49.7134 -18.5109 -0.670688 -4.22514 47.1264
-75.0491 49.6918 -18.2754 -0.694789 -4.3792 47.0559
-75.0526 49.6696 -18.0403 -0.718826 -4.53309 46.9854
-75.0563 49.6465 -17.8056 -0.742797 -4.68681 46.9148
-75.06 49.6227 -17.5712 -0.7667 -4.84036 46.8441
-75.0639 49.5981 -17.3371 -0.790534 -4.99373 46.7733
-75.0679 49.5728 -17.1034 -0.814296 -5.14693 46.7024
-75.0721 49.5466 -16.8701 -0.837986 -5.29996 46.6315
-75.0763 49.5198 -16.6371 -0.8616 -5.45281 46.5604
-75.0807 49.4921 -16.4045 -0.885138 -5.60549 46.4893
-75.0852 49.4637 -16.1722 -0.908597 -5.758 46.4181
-75.0898 49.4345 -15.9403 -0.931975 -5.91033 46.3468
-75.0945 49.4046 -15.7088 -0.95527 -6.06248 46.2754
-75.0993 49.3739 -15.4776 -0.978479 -6.21446 46.204
-75.1043 49.3425 -15.2467 -1.0016 -6.36626 46.1324
-75.1093 49.3102 -15.0162 -1.02463 -6.51787 46.0608
-75.1145 49.2773 -14.7861 -1.04757 -6.66931 45.9891
-75.1198 49.2436 -14.5563 -1.07042 -6.82057 45.9173
-75.1252 49.2091 -14.3269 -1.09317 -6.97165 45.8454
-75.1308 49.1738 -14.0979 -1.11581 -7.12254 45.7734
-75.1364 49.1378 -13.8692 -1.13836 -7.27325 45.7014
-75.1421 49.1011 -13.6409 -1.1608 -7.42377 45.6293
-75.148 49.0636 -13.4129 -1.18313 -7.57411 45.5571
-75.154 49.0254 -13.1853 -1.20535 -7.72426 45.4848
-75.1601 48.9864 -12.9581 -1.22746 -7.87422 45.4124
-75.1662 48.9466 -12.7312 -1.24945 -8.02399 45.34
-75.1725 48.9061 -12.5047 -1.27132 -8.17357 45.2674
-75.179 48.8649 -12.2785 -1.29307 -8.32295 45.1948
-75.1855 48.8229 -12.0527 -1.31469 -8.47214 45.1222
-75.1921 48.7802 -11.8273 -1.33619 -8.62113 45.0494
-75.1988 48.7367 -11.6022 -1.35755 -8.76993 44.9766
-75.2057 48.6925 -11.3775 -1.37877 -8.91853 44.9037
-75.2126 48.6475 -11.1532 -1.39985 -9.06693 44.8307
-75.2197 48.6018 -10.9292 -1.42079 -9.21512 44.7577
-75.2268 48.5553 -10.7056 -1.44158 -9.36312 44.6845
-75.2341 48.5082 -10.4824 -1.46223 -9.51091 44.6114
-75.2415 48.4602 -10.2595 -1.48271 -9.65849 44.5381
-75.2489 48.4116 -10.037 -1.50304 -9.80586 44.4648
-75.2565 48.3622 -9.81484 -1.52321 -9.95303 44.3914
-75.2642 48.312 -9.59307 -1.54321 -10.1 44.318
-75.2719 48.2612 -9.37166 -1.56304 -10.2467 44.2445
-75.2798 48.2096 -9.15062 -1.58269 -10.3932 44.1709
-75.2877 48.1572 -8.92995 -1.60216 -10.5396 44.0973
-75.2958 48.1042 -8.70965 -1.62145 -10.6857 44.0236
-75.304 48.0504 -8.48972 -1.64056 -10.8315 43.9499
-75.3122 47.9959 -8.27015 -1.65947 -10.9772 43.8761
-75.3206 47.9406 -8.05096 -1.67818 -11.1226 43.8022
-75.329 47.8846 -7.83213 -1.69669 -11.2678 43.7283
-75.3375 47.8279 -7.61367 -1.71499 -11.4128 43.6544
-75.3461 47.7705 -7.39559 -1.73308 -11.5576 43.5804
-75.3549 47.7124 -7.17787 -1.75095 -11.7021 43.5064
-75.3637 47.6535 -6.96052 -1.7686 -11.8464 43.4323
-75.3725 47.5939 -6.74355 -1.78603 -11.9904 43.3581
-75.3815 47.5336 -6.52694 -1.80322 -12.1343 43.2839
-75.3906 47.4726 -6.31071 -1.82017 -12.2779 43.2097
-75.3997 47.4108 -6.09484 -1.83687 -12.4212 43.1354
-75.4089 47.3483 -5.87935 -1.85333 -12.5644 43.0611
-75.4182 47.2852 -5.66423 -1.86953 -12.7072 42.9868
-75.4276 47.2213 -5.44948 -1.88547 -12.8499 42.9124
-75.4371 47.1567 -5.23511 -1.90115 -12.9923 42.8379
-75.4466 47.0914 -5.02111 -1.91655 -13.1344 42.7634
-75.4563 47.0253 -4.80747 -1.93167 -13.2763 42.6889
-75.466 46.9586 -4.59422 -1.9465 -13.418 42.6144
-75.4757 46.8911 -4.38133 -1.96105 -13.5594 42.5397
-75.4856 46.823 -4.16882 -1.97529 -13.7005 42.4651
-75.4955 46.7541 -3.95668 -1.98923 -13.8414 42.3904
-75.5055 46.6846 -3.74491 -2.00286 -13.9821 42.3157
-75.5155 46.6143 -3.53352 -2.01618 -14.1224 42.2409
-75.5256 46.5434 -3.32251 -2.02916 -14.2626 42.166
-75.5358 46.4717 -3.11186 -2.04182 -14.4024 42.0911
-75.546 46.3993 -2.90159 -2.05414 -14.542 42.0162
-75.5563 46.3263 -2.6917 -2.06612 -14.6814 41.9412
-75.5667 46.2525 -2.48218 -2.07775 -14.8204 41.8661
-75.5771 46.1781 -2.27304 -2.08901 -14.9592 41.791
-75.5876 46.1029 -2.06427 -2.09992 -15.0978 41.7158
-75.5981 46.0271 -1.85588 -2.11045 -15.236 41.6406
-75.6087 45.9506 -1.64787 -2.12061 -15.374 41.5652
-75.6193 45.8734 -1.44023 -2.13039 -15.5117 41.4898
-75.63 45.7954 -1.23297 -2.13977 -15.6491 41.4143
-75.6407 45.7169 -1.02608 -2.14876 -15.7863 41.3387
-75.6515 45.6376 -0.81958 -2.15735 -15.9232 41.263
-75.6623 45.5576 -0.613454 -2.16553 -16.0597 41.1872
-75.6731 45.477 -0.407707 -2.1733 -16.196 41.1113
-75.684 45.3957 -0.202341 -2.18065 -16.332 41.0353
-75.6949 45.3137 0.00264539 -2.18758 -16.4678 40.9591
-75.7059 45.231 0.20725 -2.19408 -16.6032 40.8828
-75.7169 45.1476 0.411473 -2.20014 -16.7383 40.8064
-75.7279 45.0636 0.615314 -2.20577 -16.8732 40.7297
-75.7389 44.9789 0.818771 -2.21097 -17.0077 40.653
-75.75 44.8935 1.02184 -2.21571 -17.142 40.576
-75.7611 44.8075 1.22453 -2.22002 -17.2759 40.4988
-75.7722 44.7208 1.42683 -2.22388 -17.4096 40.4215
-75.7833 44.6334 1.62875 -2.22729 -17.5429 40.3439
-75.7945 44.5453 1.83027 -2.23025 -17.676 40.2661
-75.8056 44.4566 2.03141 -2.23276 -17.8087 40.188
-75.8168 44.3673 2.23215 -2.23482 -17.9412 40.1097
-75.828 44.2772 2.4325 -2.23644 -18.0733 40.0311
-75.8392 44.1865 2.63246 -2.23762 -18.2052 39.9522
-75.8504 44.0952 2.83203 -2.23835 -18.3367 39.8731
-75.8616 44.0032 3.03119 -2.23865 -18.4679 39.7936
-75.8727 43.9105 3.22996 -2.23852 -18.5988 39.7137
-75.8839 43.8172 3.42833 -2.23796 -18.7295 39.6335
-75.8951 43.7232 3.6263 -2.23699 -18.8598 39.553
-75.9063 43.6286 3.82386 -2.2356 -18.9898 39.472
-75.9175 43.5333 4.02102 -2.23382 -19.1195 39.3907
-75.9286 43.4374 4.21776 -2.23164 -19.2489 39.3089
-75.9398 43.3408 4.4141 -2.22909 -19.378 39.2267
-75.9509 43.2436 4.61003 -2.22617 -19.5068 39.1441
-75.9621 43.1457 4.80555 -2.2229 -19.6353 39.061
-75.9732 43.0472 5.00064 -2.21929 -19.7636 38.9774
-75.9843 42.9481 5.19532 -2.21536 -19.8915 38.8933
-75.9953 42.8483 5.38957 -2.21112 -20.0192 38.8087
-76.0064 42.7479 5.58341 -2.2066 -20.1466 38.7236
-76.0174 42.6469 5.77681 -2.20181 -20.2737 38.638
-76.0284 42.5452 5.96978 -2.19676 -20.4005 38.5518
-76.0394 42.4429 6.16233 -2.19149 -20.5271 38.465
-76.0503 42.3399 6.35443 -2.18601 -20.6534 38.3777
-76.0612 42.2363 6.5461 -2.18034 -20.7794 38.2898
-76.0721 42.1321 6.73733 -2.17451 -20.9053 38.2012
-76.083 42.0273 6.92811 -2.16854 -21.0308 38.1121
-76.0938 41.9218 7.11845 -2.16245 -21.1561 38.0224
-76.1046 41.8157 7.30834 -2.15627 -21.2812 37.9321
-76.1153 41.709 7.49777 -2.15002 -21.4061 37.8412
-76.1261 41.6016 7.68675 -2.14372 -21.5308 37.7496
-76.1368 41.4937 7.87527 -2.1374 -21.6552 37.6574
-76.1475 41.3851 8.06332 -2.13108 -21.7794 37.5646
-76.1581 41.2759 8.25091 -2.1248 -21.9035 37.4712
-76.1687 41.1661 8.43803 -2.11856 -22.0274 37.3771
-76.1793 41.0556 8.62468 -2.1124 -22.151 37.2825
-76.1898 40.9445 8.81086 -2.10634 -22.2745 37.1872
-76.2003 40.8329 8.99655 -2.1004 -22.3979 37.0913
-76.2108 40.7206 9.18177 -2.0946 -22.5211 36.9948
-76.2213 40.6077 9.3665 -2.08897 -22.6441 36.8977
-76.2317 40.4941 9.55075 -2.08352 -22.767 36.8
-76.2421 40.38 9.7345 -2.07828 -22.8898 36.7018
-76.2525 40.2652 9.91776 -2.07326 -23.0124 36.6029
-76.2629 40.1499 10.1005 -2.06849 -23.135 36.5035
-76.2732 40.0339 10.2828 -2.06398 -23.2574 36.4036
-76.2835 39.9173 10.4646 -2.05974 -23.3797 36.3031
-76.2938 39.8001 10.6458 -2.0558 -23.5019 36.2021
-76.3041 39.6823 10.8266 -2.05216 -23.624 36.1006
-76.3143 39.5638 11.0068 -2.04884 -23.746 35.9985
-76.3245 39.4448 11.1866 -2.04586 -23.868 35.896
-76.3348 39.3252 11.3658 -2.04322 -23.9899 35.793
-76.345 39.2049 11.5445 -2.04093 -24.1117 35.6896
-76.3552 39.084 11.7227 -2.039 -24.2334 35.5857
-76.3654 38.9626 11.9004 -2.03744 -24.3551 35.4814
-76.3756 38.8405 12.0775 -2.03626 -24.4768 35.3766
-76.3857 38.7178 12.2541 -2.03546 -24.5984 35.2715
-76.3959 38.5945 12.4302 -2.03505 -24.7199 35.166
-76.4061 38.4706 12.6058 -2.03503 -24.8414 35.0601
-76.4163 38.3461 12.7808 -2.03541 -24.9629 34.9538
-76.4264 38.221 12.9553 -2.03618 -25.0844 34.8472
-76.4366 38.0952 13.1293 -2.03735 -25.2058 34.7402
-76.4468 37.9689 13.3027 -2.03892 -25.3272 34.6329
-76.457 37.842 13.4756 -2.0409 -25.4485 34.5253
-76.4672 37.7144 13.648 -2.04327 -25.5699 34.4174
-76.4774 37.5863 13.8198 -2.04604 -25.6912 34.3092
-76.4877 37.4575 13.9911 -2.0492 -25.8125 34.2008
-76.4979 37.3282 14.1618 -2.05276 -25.9338 34.092
-76.5082 37.1982 14.332 -2.05671 -26.0551 33.983
-76.5185 37.0676 14.5016 -2.06105 -26.1764 33.8738
-76.5288 36.9364 14.6707 -2.06578 -26.2977 33.7643
-76.5392 36.8046 14.8393 -2.07088 -26.419 33.6546
-76.5495 36.6722 15.0073 -2.07636 -26.5402 33.5447
-76.5599 36.5392 15.1747 -2.08221 -26.6615 33.4346
-76.5704 36.4056 15.3416 -2.08842 -26.7828 33.3242
-76.5808 36.2714 15.508 -2.095 -26.904 33.2137
-76.5913 36.1366 15.6738 -2.10193 -27.0253 33.1029
-76.6018 36.0011 15.839 -2.10921 -27.1465 32.992
-76.6124 35.8651 16.0037 -2.11684 -27.2678 32.8809
-76.623 35.7285 16.1678 -2.1248 -27.3891 32.7696
-76.6336 35.5912 16.3314 -2.13309 -27.5103 32.6582
-76.6443 35.4534 16.4944 -2.14171 -27.6316 32.5466
-76.6551 35.3149 16.6568 -2.15065 -27.7529 32.4348
-76.6658 35.1758 16.8187 -2.1599 -27.8741 32.3229
-76.6767 35.0362 16.9801 -2.16946 -27.9954 32.2108
-76.6875 34.8959 17.1408 -2.17932 -28.1167 32.0985
-76.6985 34.755 17.301 -2.18947 -28.238 31.9861
-76.7094 34.6135 17.4607 -2.19991 -28.3592 31.8736
-76.7205 34.4714 17.6198 -2.21063 -28.4805 31.7609
-76.7315 34.3287 17.7783 -2.22163 -28.6018 31.6481
-76.7427 34.1854 17.9363 -2.2329 -28.7231 31.5351
-76.7539 34.0415 18.0937 -2.24443 -28.8444 31.422
-76.7651 33.8969 18.2505 -2.25622 -28.9657 31.3087
-76.7764 33.7518 18.4067 -2.26826 -29.087 31.1953
-76.7878 33.6061 18.5624 -2.28054 -29.2084 31.0818
-76.7992 33.4597 18.7176 -2.29307 -29.3297 30.9681
-76.8107 33.3128 18.8721 -2.30583 -29.451 30.8543
-76.8223 33.1652 19.0261 -2.31882 -29.5724 30.7404
-76.8339 33.017 19.1795 -2.33203 -29.6937 30.6263
-76.8456 32.8683 19.3324 -2.34546 -29.815 30.5121
-76.8574 32.7189 19.4846 -2.3591 -29.9364 30.3977
-76.8692 32.5689 19.6363 -2.37295 -30.0578 30.2832
-76.8811 32.4183 19.7875 -2.387 -30.1791 30.1686
-76.8931 32.2671 19.938 -2.40125 -30.3005 30.0538
-76.9051 32.1153 20.088 -2.41569 -30.4219 29.9389
-76.9172 31.9629 20.2374 -2.43032 -30.5433 29.8238
-76.9294 31.8099 20.3863 -2.44513 -30.6647 29.7086
-76.9417 31.6562 20.5345 -2.46012 -30.7861 29.5933
-76.954 31.502 20.6822 -2.47529 -30.9075 29.4778
-76.9664 31.3472 20.8293 -2.49062 -31.029 29.3621
-76.9789 31.1917 20.9758 -2.50612 -31.1504 29.2463
-76.9915 31.0357 21.1218 -2.52179 -31.2719 29.1304
-77.0041 30.879 21.2671 -2.53761 -31.3934 29.0143
-77.0169 30.7217 21.4119 -2.55358 -31.5148 28.898
-77.0297 30.5639 21.5561 -2.56971 -31.6363 28.7816
-77.0426 30.4054 21.6997 -2.58598 -31.7578 28.665
-77.0555 30.2463 21.8427 -2.60239 -31.8794 28.5483
-77.0686 30.0866 21.9852 -2.61895 -32.0009 28.4314
-77.0817 29.9263 22.1271 -2.63564 -32.1225 28.3143
-77.0949 29.7653 22.2683 -2.65246 -32.244 28.1971
-77.1083 29.6038 22.409 -2.66941 -32.3656 28.0796
-77.1216 29.4417 22.5491 -2.68649 -32.4872 27.9621
-77.1351 29.279 22.6886 -2.70369 -32.6089 27.8443
-77.1487 29.1156 22.8276 -2.72101 -32.7305 27.7264
-77.1623 28.9516 22.9659 -2.73845 -32.8522 27.6083
-77.1761 28.7871 23.1037 -2.75601 -32.9739 27.49
-77.1899 28.6219 23.2408 -2.77367 -33.0956 27.3716
-77.2038 28.4561 23.3774 -2.79145 -33.2173 27.2529
-77.2178 28.2897 23.5133 -2.80933 -33.3391 27.1341
-77.2319 28.1227 23.6487 -2.82732 -33.4609 27.015
-77.2461 27.9551 23.7835 -2.84541 -33.5827 26.8958
-77.2604 27.7869 23.9177 -2.8636 -33.7045 26.7764
-77.2747 27.6181 24.0513 -2.88189 -33.8264 26.6568
-77.2892 27.4486 24.1842 -2.90027 -33.9483 26.537
-77.3037 27.2786 24.3166 -2.91874 -34.0702 26.417
-77.3184 27.1079 24.4484 -2.93731 -34.1921 26.2968
-77.3331 26.9367 24.5796 -2.95596 -34.3141 26.1764
-77.3479 26.7648 24.7102 -2.97471 -34.4361 26.0558
-77.3628 26.5923 24.8402 -2.99353 -34.5582 25.935
-77.3779 26.4192 24.9695 -3.01244 -34.6803 25.814
-77.393 26.2455 25.0983 -3.03144 -34.8024 25.6928
-77.4082 26.0712 25.2265 -3.05051 -34.9246 25.5713
-77.4235 25.8963 25.354 -3.06966 -35.0468 25.4497
-77.4389 25.7207 25.4809 -3.08889 -35.169 25.3278
-77.4544 25.5446 25.6073 -3.10819 -35.2913 25.2057
-77.4699 25.3678 25.733 -3.12757 -35.4136 25.0833
-77.4856 25.1904 25.8581 -3.14702 -35.5359 24.9608
-77.5014 25.0125 25.9826 -3.16654 -35.6583 24.838
-77.5173 24.8339 26.1065 -3.18613 -35.7808 24.715
-77.5333 24.6546 26.2298 -3.20578 -35.9033 24.5918
-77.5494 24.4748 26.3524 -3.22551 -36.0258 24.4683
-77.5655 24.2944 26.4744 -3.2453 -36.1484 24.3446
-77.5818 24.1133 26.5959 -3.26515 -36.271 24.2206
-77.5982 23.9317 26.7167 -3.28507 -36.3937 24.0965
-77.6147 23.7494 26.8368 -3.30505 -36.5164 23.972
-77.6312 23.5665 26.9564 -3.32509 -36.6392 23.8474
-77.6479 23.383 27.0753 -3.34519 -36.7621 23.7225
-77.6647 23.1989 27.1936 -3.36535 -36.8849 23.5973
-77.6816 23.0142 27.3113 -3.38557 -37.0079 23.4719
-77.6985 22.8288 27.4283 -3.40585 -37.1309 23.3462
-77.7156 22.6428 27.5447 -3.42618 -37.2539 23.2203
-77.7328 22.4563 27.6605 -3.44657 -37.377 23.0941
-77.7501 22.2691 27.7757 -3.46701 -37.5002 22.9677
-77.7675 22.0813 27.8902 -3.48751 -37.6234 22.841
-77.785 21.8928 28.0041 -3.50806 -37.7467 22.714
-77.8026 21.7038 28.1173 -3.52866 -37.8701 22.5868
-77.8203 21.5141 28.23 -3.54931 -37.9935 22.4593
-77.838 21.3239 28.3419 -3.57002 -38.117 22.3316
-77.856 21.133 28.4533 -3.59077 -38.2405 22.2035
-77.874 20.9415 28.564 -3.61158 -38.3641 22.0752
-77.8921 20.7493 28.674 -3.63243 -38.4878 21.9467
-77.9103 20.5566 28.7834 -3.65334 -38.6115 21.8178
-77.9286 20.3632 28.8922 -3.67429 -38.7353 21.6887
-77.947 20.1692 29.0003 -3.69529 -38.8592 21.5593
-77.9656 19.9746 29.1078 -3.71633 -38.9831 21.4296
-77.9842 19.7794 29.2146 -3.73742 -39.1071 21.2996
-78.0029 19.5836 29.3208 -3.75856 -39.2312 21.1693
-78.0218 19.3871 29.4263 -3.77974 -39.3553 21.0387
-78.0407 19.19 29.5312 -3.80097 -39.4795 20.9079
-78.0598 18.9923 29.6354 -3.82225 -39.6038 20.7768
-78.0789 18.794 29.7389 -3.84356 -39.7282 20.6453
-78.0982 18.595 29.8418 -3.86492 -39.8526 20.5136
-78.1176 18.3954 29.9441 -3.88633 -39.9771 20.3815
-78.1371 18.1952 30.0457 -3.90777 -40.1017 20.2492
-78.1567 17.9944 30.1466 -3.92926 -40.2264 20.1166
-78.1764 17.793 30.2468 -3.9508 -40.3511 19.9836
-78.1962 17.5909 30.3464 -3.97237 -40.4759 19.8504
-78.2161 17.3882 30.4453 -3.99399 -40.6008 19.7168
-78.2361 17.1849 30.5436 -4.01564 -40.7257 19.583
-78.2563 16.981 30.6412 -4.03734 -40.8508 19.4488
-78.2765 16.7764 30.7381 -4.05908 -40.9759 19.3143
-78.2968 16.5712 30.8343 -4.08085 -41.1011 19.1795
-78.3173 16.3654 30.9299 -4.10267 -41.2263 19.0444
-78.3379 16.1589 31.0247 -4.12453 -41.3517 18.9089
-78.3586 15.9519 31.1189 -4.14643 -41.4771 18.7732
-78.3793 15.7442 31.2125 -4.16836 -41.6026 18.6371
-78.4002 15.5358 31.3053 -4.19034 -41.7282 18.5007
-78.4212 15.3269 31.3975 -4.21235 -41.8539 18.364
-78.4424 15.1173 31.489 -4.23441 -41.9796 18.2269
-78.4636 14.9071 31.5797 -4.2565 -42.1055 18.0895
-78.4849 14.6962 31.6699 -4.27863 -42.2314 17.9518
-78.5064 14.4848 31.7593 -4.3008 -42.3574 17.8138
-78.5279 14.2727 31.848 -4.32301 -42.4835 17.6754
-78.5496 14.0599 31.936 -4.34525 -42.6096 17.5367
-78.5714 13.8466 32.0234 -4.36754 -42.7359 17.3976
-78.5933 13.6326 32.11 -4.38986 -42.8622 17.2582
-78.6153 13.4179 32.1959 -4.41222 -42.9887 17.1185
-78.6374 13.2027 32.2812 -4.43462 -43.1152 16.9784
-78.6596 12.9868 32.3657 -4.45706 -43.2418 16.838
-78.682 12.7703 32.4496 -4.47953 -43.3685 16.6972
-78.7044 12.5531 32.5327 -4.50205 -43.4953 16.556
-78.727 12.3353 32.6151 -4.5246 -43.6221 16.4146
-78.7497 12.1169 32.6968 -4.54719 -43.7491 16.2727
-78.7725 11.8978 32.7778 -4.56982 -43.8762 16.1305
-78.7954 11.6781 32.8581 -4.59249 -44.0033 15.988
-78.8184 11.4578 32.9377 -4.61519 -44.1306 15.845
-78.8415 11.2368 33.0166 -4.63793 -44.2579 15.7018
-78.8648 11.0152 33.0947 -4.66072 -44.3854 15.5581
-78.8881 10.793 33.1722 -4.68354 -44.5129 15.4141
-78.9116 10.5701 33.2489 -4.7064 -44.6406 15.2697
-78.9352 10.3466 33.3249 -4.7293 -44.7683 15.1249
-78.9589 10.1224 33.4001 -4.75223 -44.8961 14.9798
-78.9827 9.8976 33.4747 -4.77521 -45.0241 14.8343
-79.0066 9.67216 33.5485 -4.79823 -45.1521 14.6884
-79.0307 9.44608 33.6216 -4.82128 -45.2802 14.5421
-79.0549 9.21936 33.6939 -4.84438 -45.4085 14.3955
-79.0791 8.99199 33.7655 -4.86752 -45.5368 14.2484
-79.1035 8.76399 33.8364 -4.89069 -45.6653 14.101
-79.128 8.53534 33.9065 -4.91391 -45.7938 13.9531
-79.1527 8.30605 33.9759 -4.93716 -45.9225 13.8049
-79.1774 8.07612 34.0446 -4.96046 -46.0512 13.6562
-79.2023 7.84554 34.1125 -4.9838 -46.1801 13.5072
-79.2273 7.61431 34.1796 -5.00717 -46.3091 13.3578
-79.2524 7.38245 34.2461 -5.03059 -46.4382 13.2079
-79.2776 7.14993 34.3117 -5.05405 -46.5674 13.0577
-79.3029 6.91677 34.3766 -5.07755 -46.6967 12.907
-79.3283 6.68296 34.4408 -5.1011 -46.8261 12.7559
-79.3539 6.44851 34.5042 -5.12468 -46.9556 12.6044
-79.3796 6.21341 34.5668 -5.14831 -47.0853 12.4525
-79.4054 5.97766 34.6287 -5.17198 -47.215 12.3002
-79.4313 5.74126 34.6898 -5.1957 -47.3449 12.1474
-79.4573 5.50421 34.7502 -5.21945 -47.4749 11.9942
-79.4835 5.26651 34.8098 -5.24325 -47.605 11.8405
-79.5098 5.02816 34.8686 -5.2671 -47.7352 11.6865
-79.5362 4.78916 34.9266 -5.29098 -47.8655 11.532
-79.5627 4.5495 34.9839 -5.31491 -47.996 11.377
-79.5893 4.3092 35.0404 -5.33889 -48.1266 11.2216
-79.6161 4.06824 35.0961 -5.36291 -48.2572 11.0658
-79.6429 3.82662 35.1511 -5.38697 -48.3881 10.9095
-79.6699 3.58436 35.2052 -5.41108 -48.519 10.7527
-79.6971 3.34143 35.2586 -5.43524 -48.6501 10.5955
-79.7243 3.09786 35.3112 -5.45944 -48.7812 10.4378
-79.7517 2.85362 35.363 -5.48369 -48.9126 10.2797
-79.7791 2.60873 35.414 -5.50798 -49.044 10.1211
-79.8067 2.36318 35.4642 -5.53233 -49.1755 9.962
-79.8345 2.11697 35.5136 -5.55671 -49.3072 9.80245
-79.8623 1.87011 35.5622 -5.58115 -49.439 9.64242
-79.8903 1.62258 35.61 -5.60563 -49.571 9.48191
-79.9184 1.3744 35.657 -5.63016 -49.7031 9.32092
-79.9466 1.12555 35.7032 -5.65474 -49.8353 9.15943
-79.9749 0.876045 35.7486 -5.67937 -49.9676 8.99745
-80.0034 0.625876 35.7932 -5.70405 -50.1001 8.83498
-80.0319 0.375044 35.837 -5.72878 -50.2327 8.672
-80.0607 0.123549 35.8799 -5.75356 -50.3654 8.50852
-80.0895 -0.128611 35.9221 -5.77839 -50.4983 8.34454
-80.1184 -0.381435 35.9634 -5.80326 -50.6313 8.18004
-80.1475 -0.634924 36.0039 -5.82819 -50.7645 8.01503
-80.1767 -0.88908 36.0435 -5.85318 -50.8977 7.8495
-80.206 -1.1439 36.0823 -5.87821 -51.0312 7.68344
-80.2355 -1.39939 36.1204 -5.90329 -51.1647 7.51686
-80.2651 -1.65555 36.1575 -5.92843 -51.2984 7.34975
-80.2948 -1.91238 36.1938 -5.95362 -51.4323 7.18211
-80.3246 -2.16987 36.2293 -5.97887 -51.5663 7.01392
-80.3546 -2.42804 36.264 -6.00416 -51.7004 6.84519
-80.3847 -2.68688 36.2978 -6.02952 -51.8347 6.67592
-80.4149 -2.94639 36.3307 -6.05492 -51.9691 6.50609
-80.4452 -3.20657 36.3629 -6.08038 -52.1037 6.33571
-80.4757 -3.46742 36.3941 -6.1059 -52.2384 6.16477
-80.5063 -3.72895 36.4245 -6.13148 -52.3733 5.99326
-80.537 -3.99116 36.454 -6.15711 -52.5084 5.82119
-80.5678 -4.25404 36.4827 -6.18279 -52.6435 5.64854
-80.5988 -4.51759 36.5105 -6.20854 -52.7789 5.47531
-80.6299 -4.78183 36.5375 -6.23434 -52.9143 5.3015
-80.6612 -5.04674 36.5635 -6.2602 -53.05 5.12711
-80.6925 -5.31233 36.5887 -6.28611 -53.1858 4.95212
-80.724 -5.5786 36.6131 -6.31209 -53.3217 4.77654
-80.7556 -5.84554 36.6365 -6.33813 -53.4578 4.60036
-80.7874 -6.11317 36.6591 -6.36423 -53.5941 4.42357
-80.8193 -6.38149 36.6807 -6.39038 -53.7305 4.24617
-80.8513 -6.65048 36.7015 -6.4166 -53.8671 4.06816
-80.8835 -6.92016 36.7214 -6.44288 -54.0039 3.88953
-80.9157 -7.19052 36.7404 -6.46922 -54.1408 3.71027
-80.9481 -7.46157 36.7585 -6.49563 -54.2779 3.53038
-80.9807 -7.7333 36.7757 -6.5221 -54.4151 3.34985
-81.0134 -8.00572 36.792 -6.54863 -54.5525 3.16869
-81.0462 -8.27882 36.8074 -6.57522 -54.6901 2.98688
-81.0791 -8.55262 36.8219 -6.60188 -54.8279 2.80442
-81.1122 -8.8271 36.8355 -6.62861 -54.9658 2.62131
-81.1454 -9.10228 36.8481 -6.6554 -55.1039 2.43753
-81.1787 -9.37814 36.8598 -6.68226 -55.2422 2.25308
-81.2122 -9.6547 36.8706 -6.70918 -55.3806 2.06797
-81.2458 -9.93195 36.8805 -6.73617 -55.5192 1.88217
-81.2796 -10.2099 36.8895 -6.76323 -55.658 1.6957
-81.3135 -10.4885 36.8975 -6.79036 -55.797 1.50853
-81.3475 -10.7679 36.9045 -6.81756 -55.9361 1.32067
-81.3816 -11.0479 36.9107 -6.84482 -56.0755 1.13211
-81.4159 -11.3286 36.9159 -6.87216 -56.215 0.942841
-81.4504 -11.61 36.9201 -6.89957 -56.3547 0.752861
-81.4849 -11.8922 36.9234 -6.92705 -56.4945 0.562163
-81.5196 -12.175 36.9257 -6.9546 -56.6346 0.370741
-81.5545 -12.4585 36.9271 -6.98222 -56.7749 0.178589
-81.5895 -12.7427 36.9275 -7.00992 -56.9153 -0.0142994
-81.6246 -13.0277 36.9269 -7.03769 -57.0559 -0.207931
-81.6598 -13.3133 36.9254 -7.06553 -57.1967 -0.402311
-81.6952 -13.5996 36.9229 -7.09346 -57.3377 -0.597446
-81.7308 -13.8867 36.9195 -7.12145 -57.479 -0.793343
-81.7665 -14.1744 36.915 -7.14953 -57.6204 -0.990008
-81.8023 -14.4629 36.9096 -7.17768 -57.7619 -1.18745
-81.8382 -14.752 36.9031 -7.2059 -57.9037 -1.38567
-81.8743 -15.0419 36.8957 -7.23421 -58.0457 -1.58468
-81.9106 -15.3325 36.8873 -7.2626 -58.1879 -1.78448
-81.947 -15.6238 36.8778 -7.29106 -58.3303 -1.98509
-81.9835 -15.9158 36.8674 -7.31961 -58.4729 -2.1865
-82.0202 -16.2085 36.856 -7.34824 -58.6157 -2.38874
-82.057 -16.502 36.8435 -7.37695 -58.7587 -2.59179
-82.0939 -16.7961 36.8301 -7.40575 -58.9019 -2.79567
-82.131 -17.091 36.8156 -7.43462 -59.0454 -3.00039
-82.1683 -17.3866 36.8001 -7.46359 -59.189 -3.20596
-82.2057 -17.6829 36.7835 -7.49263 -59.3329 -3.41238
-82.2432 -17.9799 36.7659 -7.52177 -59.4769 -3.61965
-82.2809 -18.2776 36.7473 -7.55099 -59.6212 -3.8278
-82.3187 -18.5761 36.7277 -7.58029 -59.7657 -4.03682
-82.3567 -18.8753 36.707 -7.60969 -59.9104 -4.24672
-82.3948 -19.1752 36.6852 -7.63918 -60.0553 -4.45751
-82.4331 -19.4758 36.6624 -7.66875 -60.2005 -4.6692
-82.4715 -19.7772 36.6385 -7.69842 -60.3458 -4.8818
-82.5101 -20.0793 36.6136 -7.72818 -60.4914 -5.09531
-82.5488 -20.3821 36.5875 -7.75803 -60.6373 -5.30975
-82.5876 -20.6857 36.5605 -7.78797 -60.7833 -5.52512
-82.6267 -20.99 36.5323 -7.81801 -60.9296 -5.74142
-82.6658 -21.295 36.503 -7.84815 -61.0761 -5.95868
-82.7051 -21.6007 36.4727 -7.87838 -61.2228 -6.17689
-82.7446 -21.9072 36.4413 -7.9087 -61.3698 -6.39606
-82.7842 -22.2144 36.4087 -7.93913 -61.517 -6.61621
-82.824 -22.5224 36.3751 -7.96966 -61.6645 -6.83735
-82.8639 -22.8311 36.3404 -8.00028 -61.8122 -7.05947
-82.904 -23.1405 36.3045 -8.03101 -61.9601 -7.2826
-82.9442 -23.4507 36.2675 -8.06184 -62.1083 -7.50674
-82.9846 -23.7616 36.2295 -8.09277 -62.2567 -7.73189
-83.0252 -24.0732 36.1902 -8.1238 -62.4053 -7.95808
-83.0659 -24.3856 36.1499 -8.15494 -62.5542 -8.1853
-83.1067 -24.6988 36.1084 -8.18619 -62.7034 -8.41358
-83.1477 -25.0127 36.0657 -8.21754 -62.8528 -8.64291
-83.1889 -25.3273 36.0219 -8.24901 -63.0025 -8.87331
-83.2302 -25.6427 35.977 -8.28058 -63.1524 -9.10479
-83.2717 -25.9588 35.9309 -8.31226 -63.3025 -9.33735
-83.3133 -26.2757 35.8836 -8.34406 -63.453 -9.57102
-83.3551 -26.5934 35.8352 -8.37597 -63.6037 -9.80579
-83.3971 -26.9118 35.7856 -8.40799 -63.7546 -10.0417
-83.4392 -27.2309 35.7348 -8.44012 -63.9058 -10.2787
-83.4815 -27.5508 35.6828 -8.47238 -64.0573 -10.5169
-83.5239 -27.8715 35.6296 -8.50475 -64.209 -10.7562
-83.5665 -28.1929 35.5752 -8.53724 -64.3611 -10.9966
-83.6093 -28.5151 35.5196 -8.56985 -64.5133 -11.2383
-83.6522 -28.838 35.4628 -8.60258 -64.6659 -11.4811
-83.6953 -29.1618 35.4048 -8.63544 -64.8187 -11.7252
-83.7386 -29.4862 35.3456 -8.66842 -64.9718 -11.9704
-83.782 -29.8115 35.2851 -8.70152 -65.1252 -12.2168
-83.8256 -30.1375 35.2234 -8.73475 -65.2789 -12.4645
-83.8694 -30.4643 35.1605 -8.76811 -65.4328 -12.7135
-83.9133 -30.7918 35.0963 -8.8016 -65.587 -12.9636
-83.9574 -31.1201 35.0308 -8.83522 -65.7415 -13.2151
-84.0016 -31.4492 34.9641 -8.86898 -65.8963 -13.4678
-84.0461 -31.7791 34.8962 -8.90286 -66.0514 -13.7218
-84.0907 -32.1097 34.8269 -8.93689 -66.2068 -13.9772
-84.1354 -32.4412 34.7564 -8.97105 -66.3625 -14.2338
-84.1804 -32.7734 34.6846 -9.00534 -66.5184 -14.4918
-84.2255 -33.1063 34.6115 -9.03978 -66.6747 -14.7511
-84.2708 -33.4401 34.5371 -9.07436 -66.8312 -15.0117
-84.3162 -33.7747 34.4613 -9.10909 -66.9881 -15.2738
-84.3619 -34.11 34.3843 -9.14395 -67.1452 -15.5372
-84.4077 -34.4461 34.306 -9.17897 -67.3027 -15.802
-84.4537 -34.783 34.2263 -9.21413 -67.4604 -16.0682
-84.4998 -35.1207 34.1453 -9.24945 -67.6185 -16.3358
-84.5461 -35.4592 34.0629 -9.28491 -67.7769 -16.6049
-84.5927 -35.7985 33.9792 -9.32053 -67.9355 -16.8755
-84.6394 -36.1386 33.8942 -9.3563 -68.0945 -17.1475
-84.6862 -36.4794 33.8078 -9.39224 -68.2538 -17.4209
-84.7333 -36.8211 33.72 -9.42833 -68.4134 -17.6959
-84.7805 -37.1636 33.6308 -9.46458 -68.5733 -17.9724
-84.8279 -37.5068 33.5403 -9.50099 -68.7336 -18.2504
-84.8755 -37.8509 33.4483 -9.53757 -68.8941 -18.5299
-84.9233 -38.1958 33.355 -9.57431 -69.055 -18.8111
-84.9713 -38.5415 33.2602 -9.61122 -69.2161 -19.0937
-85.0194 -38.8879 33.164 -9.6483 -69.3776 -19.378
-85.0677 -39.2352 33.0664 -9.68556 -69.5395 -19.6639
-85.1163 -39.5833 32.9674 -9.72298 -69.7016 -19.9513
-85.165 -39.9322 32.8669 -9.76059 -69.864 -20.2405
-85.2139 -40.282 32.765 -9.79837 -70.0268 -20.5312
-85.263 -40.6325 32.6616 -9.83633 -70.1899 -20.8237
-85.3122 -40.9839 32.5567 -9.87447 -70.3533 -21.1178
-85.3617 -41.3361 32.4504 -9.9128 -70.517 -21.4137
-85.4114 -41.689 32.3426 -9.95131 -70.681 -21.7112
-85.4612 -42.0429 32.2333 -9.99001 -70.8454 -22.0105
-85.5113 -42.3975 32.1225 -10.0289 -71.01 -22.3116
-85.5615 -42.753 32.0102 -10.068 -71.175 -22.6144
-85.6119 -43.1093 31.8964 -10.1073 -71.3403 -22.919
-85.6626 -43.4664 31.781 -10.1467 -71.5059 -23.2255
-85.7134 -43.8243 31.6641 -10.1864 -71.6718 -23.5337
-85.7644 -44.1831 31.5457 -10.2263 -71.8381 -23.8439
-85.8157 -44.5427 31.4257 -10.2663 -72.0046 -24.1559
-85.8671 -44.9031 31.3041 -10.3066 -72.1714 -24.4698
-85.9187 -45.2644 31.181 -10.3471 -72.3386 -24.7856
-85.9706 -45.6265 31.0562 -10.3877 -72.506 -25.1033
-86.0226 -45.9895 30.9299 -10.4286 -72.6737 -25.423
-86.0749 -46.3533 30.802 -10.4697 -72.8417 -25.7447
-86.1273 -46.7179 30.6725 -10.5111 -73.01 -26.0683
-86.18 -47.0834 30.5413 -10.5526 -73.1785 -26.394
-86.2328 -47.4497 30.4085 -10.5943 -73.3474 -26.7218
-86.2859 -47.8168 30.2741 -10.6363 -73.5165 -27.0516
-86.3392 -48.1848 30.138 -10.6785 -73.6858 -27.3835
-86.3927 -48.5537 30.0003 -10.7208 -73.8555 -27.7176
-86.4464 -48.9234 29.8608 -10.7635 -74.0253 -28.0537
-86.5003 -49.2939 29.7197 -10.8063 -74.1954 -28.3921
-86.5545 -49.6653 29.5769 -10.8493 -74.3657 -28.7327
-86.6088 -50.0376 29.4324 -10.8926 -74.5363 -29.0754
-86.6634 -50.4107 29.2862 -10.9361 -74.7071 -29.4205
-86.7182 -50.7847 29.1382 -10.9799 -74.878 -29.7678
-86.7732 -51.1595 28.9885 -11.0238 -75.0492 -30.1175
-86.8284 -51.5352 28.837 -11.068 -75.2205 -30.4695
-86.8839 -51.9117 28.6838 -11.1124 -75.3921 -30.8239
-86.9396 -52.2891 28.5288 -11.157 -75.5637 -31.1807
-86.9955 -52.6673 28.372 -11.2019 -75.7356 -31.54
-87.0516 -53.0464 28.2134 -11.247 -75.9075 -31.9017
-87.1079 -53.4264 28.053 -11.2923 -76.0796 -32.266
-87.1645 -53.8072 27.8907 -11.3378 -76.2518 -32.6328
-87.2213 -54.1889 27.7266 -11.3835 -76.4241 -33.0023
-87.2783 -54.5715 27.5607 -11.4295 -76.5965 -33.3744
-87.3356 -54.9549 27.3929 -11.4757 -76.7689 -33.7491
-87.3931 -55.3392 27.2232 -11.5222 -76.9414 -34.1266
-87.4508 -55.7243 27.0516 -11.5688 -77.114 -34.5069
-87.5088 -56.1103 26.8781 -11.6157 -77.2865 -34.89
-87.567 -56.4972 26.7027 -11.6628 -77.4591 -35.276
-87.6254 -56.8849 26.5254 -11.7101 -77.6317 -35.6649
-87.6841 -57.2735 26.3461 -11.7576 -77.8043 -36.0567
-87.743 -57.6629 26.1648 -11.8054 -77.9768 -36.4516
-87.8021 -58.0533 25.9816 -11.8533 -78.1493 -36.8495
-87.8615 -58.4444 25.7963 -11.9015 -78.3217 -37.2506
-87.9211 -58.8365 25.6091 -11.9499 -78.4941 -37.6548
-87.981 -59.2294 25.4198 -11.9985 -78.6663 -38.0623
-88.0411 -59.6231 25.2284 -12.0473 -78.8385 -38.4731
-88.1015 -60.0178 25.035 -12.0964 -79.0105 -38.8873
-88.1621 -60.4132 24.8396 -12.1456 -79.1824 -39.3048
-88.2229 -60.8096 24.642 -12.195 -79.3541 -39.7259
-88.284 -61.2068 24.4423 -12.2447 -79.5257 -40.1505
-88.3454 -61.6048 24.2405 -12.2946 -79.6971 -40.5787
-88.407 -62.0038 24.0365 -12.3446 -79.8683 -41.0106
-88.4688 -62.4035 23.8304 -12.3949 -80.0392 -41.4463
-88.5309 -62.8041 23.622 -12.4454 -80.21 -41.8858
-88.5933 -63.2056 23.4115 -12.4961 -80.3806 -42.3291
-88.6559 -63.608 23.1988 -12.547 -80.5508 -42.7765
-88.7188 -64.0111 22.9837 -12.5981 -80.7209 -43.2278
-88.7819 -64.4152 22.7665 -12.6494 -80.8906 -43.6833
-88.8453 -64.82 22.5469 -12.7009 -81.0601 -44.143
-88.9089 -65.2258 22.325 -12.7526 -81.2293 -44.6069
-88.9728 -65.6323 22.1008 -12.8045 -81.3982 -45.0752
-89.0369 -66.0397 21.8743 -12.8567 -81.5667 -45.5479
-89.1013 -66.448 21.6454 -12.909 -81.7349 -46.0251
-89.166 -66.8571 21.414 -12.9616 -81.9028 -46.5069
-89.231 -67.267 21.1803 -13.0144 -82.0703 -46.9934
-89.2962 -67.6778 20.9441 -13.0673 -82.2374 -47.4846
-89.3616 -68.0894 20.7054 -13.1206 -82.4041 -47.9807
-89.4274 -68.5018 20.4643 -13.174 -82.5705 -48.4817
-89.4934 -68.9151 20.2206 -13.2277 -82.7364 -48.9877
-89.5596 -69.3292 19.9744 -13.2815 -82.9018 -49.4988
-89.6262 -69.7441 19.7256 -13.3356 -83.0668 -50.0151
-89.693 -70.1599 19.4743 -13.39 -83.2314 -50.5367
-89.7601 -70.5764 19.2203 -13.4446 -83.3954 -51.0637
-89.8274 -70.9938 18.9636 -13.4994 -83.559 -51.5961
-89.8951 -71.412 18.7043 -13.5545 -83.722 -52.1342
-89.963 -71.831 18.4423 -13.6098 -83.8845 -52.6779
-90.0312 -72.2509 18.1775 -13.6653 -84.0464 -53.2274
-90.0996 -72.6715 17.91 -13.7211 -84.2077 -53.7828
-90.1684 -73.093 17.6397 -13.7772 -84.3684 -54.3442
-90.2374 -73.5152 17.3666 -13.8335 -84.5284 -54.9116
-90.3067 -73.9382 17.0906 -13.8901 -84.6878 -55.4853
-90.3763 -74.3621 16.8117 -13.9469 -84.8465 -56.0653
-90.4462 -74.7867 16.5299 -14.004 -85.0044 -56.6518
-90.5164 -75.2121 16.2452 -14.0614 -85.1616 -57.2448
-90.5868 -75.6383 15.9575 -14.1191 -85.318 -57.8444
-90.6576 -76.0653 15.6667 -14.177 -85.4736 -58.4509
-90.7286 -76.4931 15.373 -14.2353 -85.6283 -59.0643
-90.7999 -76.9216 15.0761 -14.2938 -85.7822 -59.6847
-90.8715 -77.3509 14.7761 -14.3526 -85.935 -60.3123
-90.9434 -77.7809 14.473 -14.4117 -86.0869 -60.9473
-91.0156 -78.2117 14.1666 -14.4711 -86.2378 -61.5897
-91.0881 -78.6433 13.8571 -14.5309 -86.3875 -62.2397
-91.1609 -79.0756 13.5442 -14.5909 -86.5362 -62.8974
-91.2341 -79.5087 13.2281 -14.6512 -86.6836 -63.5631
-91.3075 -79.9425 12.9086 -14.7119 -86.8299 -64.2368
-91.3812 -80.377 12.5857 -14.7728 -86.9748 -64.9187
-91.4552 -80.8122 12.2594 -14.8341 -87.1184 -65.6089
-91.5295 -81.2482 11.9296 -14.8958 -87.2606 -66.3078
-91.6041 -81.6848 11.5963 -14.9577 -87.4012 -67.0153
-91.6791 -82.1222 11.2595 -15.02 -87.5404 -67.7317
-91.7543 -82.5602 10.919 -15.0826 -87.6778 -68.4572
-91.8299 -82.999 10.5749 -15.1456 -87.8136 -69.192
-91.9058 -83.4384 10.2271 -15.2089 -87.9476 -69.9362
-91.982 -83.8784 9.87554 -15.2725 -88.0798 -70.69
-92.0585 -84.3192 9.52019 -15.3365 -88.2099 -71.4537
-92.1354 -84.7605 9.161 -15.4008 -88.338 -72.2275
-92.2125 -85.2025 8.79792 -15.4655 -88.464 -73.0115
-92.29 -85.6452 8.43089 -15.5305 -88.5877 -73.806
-92.3678 -86.0884 8.05985 -15.5959 -88.709 -74.6113
-92.446 -86.5323 7.68477 -15.6617 -88.8279 -75.4275
-92.5245 -86.9767 7.30558 -15.7278 -88.9441 -76.255
-92.6033 -87.4217 6.92222 -15.7942 -89.0577 -77.0939
-92.6824 -87.8673 6.53463 -15.861 -89.1684 -77.9445
-92.7619 -88.3134 6.14277 -15.9282 -89.276 -78.8071
-92.8417 -88.76 5.74656 -15.9957 -89.3806 -79.682
-92.9218 -89.2072 5.34595 -16.0636 -89.4819 -80.5694
-93.0023 -89.6548 4.94086 -16.1318 -89.5797 -81.4697
-93.0831 -90.103 4.53125 -16.2004 -89.6739 -82.3831
-93.1643 -90.5516 4.11703 -16.2693 -89.7642 -83.3099
-93.2458 -91.0006 3.69814 -16.3386 -89.8507 -84.2506
-93.3277 -91.4501 3.27452 -16.4082 -89.9329 -85.2053
-93.4099 -91.9 2.84609 -16.4782 -90.0108 -86.1745
-93.4925 -92.3502 2.41277 -16.5485 -90.084 -87.1586
-93.5754 -92.8008 1.9745 -16.6192 -90.1524 -88.1578
-93.6587 -93.2517 1.53119 -16.6901 -90.2158 -89.1726
-93.7423 -93.703 1.08277 -16.7614 -90.2738 -90.2033
-93.8263 -94.1545 0.629154 -16.833 -90.3263 -91.2504
-93.9106 -94.6062 0.170261 -16.9049 -90.3729 -92.3143
-93.9953 -95.0582 -0.293993 -16.9771 -90.4133 -93.3954
-94.0804 -95.5104 -0.763697 -17.0496 -90.4472 -94.4942
-94.1658 -95.9627 -1.23894 -17.1224 -90.4743 -95.6112
-94.2516 -96.4151 -1.71981 -17.1954 -90.4943 -96.7467
-94.3378 -96.8676 -2.20641 -17.2686 -90.5068 -97.9014
-94.4243 -97.3202 -2.69883 -17.3421 -90.5113 -99.0757
-94.5112 -97.7727 -3.19717 -17.4158 -90.5075 -100.27
-94.5985 -98.2252 -3.70154 -17.4897 -90.495 -101.485
-94.6861 -98.6777 -4.21203 -17.5638 -90.4732 -102.722
-94.7741 -99.13 -4.72876 -17.638 -90.4417 -103.98
-94.8625 -99.5821 -5.25184 -17.7123 -90.4 -105.261
-94.9512 -100.034 -5.78138 -17.7867 -90.3475 -106.566
-95.0404 -100.486 -6.3175 -17.8612 -90.2836 -107.894
-95.1299 -100.937 -6.86032 -17.9357 -90.2078 -109.246
-95.2197 -101.388 -7.40997 -18.0102 -90.1194 -110.624
-95.31 -101.838 -7.96657 -18.0847 -90.0176 -112.028
-95.4006 -102.288 -8.53025 -18.159 -89.9018 -113.458
-95.4915 -102.737 -9.10115 -18.2332 -89.7711 -114.916
-95.5829 -103.186 -9.67941 -18.3072 -89.6247 -116.402
-95.6746 -103.633 -10.2652 -18.381 -89.4618 -117.918
-95.7667 -104.08 -10.8586 -18.4544 -89.2814 -119.464
-95.8592 -104.526 -11.4598 -18.5275 -89.0824 -121.04
-95.952 -104.971 -12.069 -18.6001 -88.8638 -122.649
-96.0452 -105.415 -12.6863 -18.6721 -88.6245 -124.29
-96.1387 -105.857 -13.3119 -18.7435 -88.3633 -125.966
-96.2326 -106.298 -13.946 -18.8142 -88.0787 -127.677
-96.3268 -106.738 -14.5887 -18.884 -87.7695 -129.423
-96.4214 -107.176 -15.2402 -18.9529 -87.434 -131.208
-96.5164 -107.612 -15.9008 -19.0207 -87.0708 -133.03
-96.6116 -108.047 -16.5705 -19.0873 -86.6781 -134.892
-96.7072 -108.479 -17.2497 -19.1525 -86.2541 -136.795
-96.8032 -108.909 -17.9385 -19.2161 -85.7968 -138.74
-96.8994 -109.337 -18.6371 -19.278 -85.304 -140.729
-96.996 -109.762 -19.3458 -19.338 -84.7735 -142.763
-97.0928 -110.185 -20.0648 -19.3958 -84.2029 -144.843
-97.1899 -110.604 -20.7942 -19.4513 -83.5895 -146.971
-97.2873 -111.021 -21.5345 -19.5041 -82.9304 -149.147
-97.3849 -111.434 -22.2857 -19.554 -82.2228 -151.375
-97.4828 -111.843 -23.0482 -19.6006 -81.4631 -153.655
-97.581 -112.248 -23.8223 -19.6435 -80.648 -155.989
-97.6793 -112.649 -24.6081 -19.6826 -79.7736 -158.378
-97.7778 -113.046 -25.4061 -19.7171 -78.8358 -160.824
-97.8764 -113.438 -26.2164 -19.7469 -77.83 -163.328
-97.9752 -113.824 -27.0394 -19.7712 -76.7516 -165.893
-98.0742 -114.205 -27.8753 -19.7896 -75.5952 -168.519
-98.1731 -114.58 -28.7246 -19.8014 -74.3553 -171.208
-98.2722 -114.949 -29.5874 -19.806 -73.0257 -173.961
-98.3712 -115.31 -30.4642 -19.8026 -71.5998 -176.78
-98.4702 -115.665 -31.3552 -19.7904 -70.0706 -179.667
-98.5691 -116.011 -32.2609 -19.7685 -68.4302 -182.621
-98.6679 -116.349 -33.1814 -19.7358 -66.6702 -185.643
-98.7665 -116.678 -34.1173 -19.6912 -64.7816 -188.735
-98.8648 -116.997 -35.0688 -19.6336 -62.7545 -191.896
-98.9628 -117.305 -36.0363 -19.5616 -60.5783 -195.126
-99.0604 -117.603 -37.0201 -19.4736 -58.2415 -198.424
-99.1575 -117.888 -38.0205 -19.368 -55.7317 -201.789
-99.2541 -118.16 -39.038 -19.243 -53.0354 -205.219
-99.35 -118.418 -40.0727 -19.0966 -50.1383 -208.71
-99.445 -118.661 -41.1251 -18.9265 -47.0248 -212.259
-99.5392 -118.888 -42.1953 -18.7304 -43.6784 -215.86
-99.6323 -119.098 -43.2837 -18.5056 -40.0814 -219.506
-99.7243 -119.289 -44.3904 -18.2491 -36.2149 -223.188
-99.8148 -119.46 -45.5156 -17.9579 -32.0591 -226.897
-99.9038 -119.61 -46.6593 -17.6283 -27.5933 -230.617
-99.9911 -119.736 -47.8217 -17.2568 -22.7958 -234.334
-100.076 -119.838 -49.0027 -16.8392 -17.6444 -238.028
-100.159 -119.912 -50.202 -16.3714 -12.1166 -241.677
-100.24 -119.959 -51.4194 -15.8488 -6.1902 -245.252
-100.318 -119.974 -52.6545 -15.2666 0.156361 -248.722
-100.393 -119.957 -53.9066 -14.6201 6.9431 -252.05
-100.464 -119.905 -55.175 -13.9044 14.1876 -255.194
-100.532 -119.815 -56.4585 -13.1146 21.9039 -258.106
-100.595 -119.686 -57.756 -12.2462 30.1012 -260.732
-100.654 -119.514 -59.0658 -11.2952 38.782 -263.013
-100.708 -119.298 -60.3861 -10.2582 47.9408 -264.883
-100.757 -119.035 -61.7146 -9.13275 57.5622 -266.275
-100.8 -118.722 -63.0488 -7.91787 67.6189 -267.116
-100.836 -118.359 -64.3857 -6.61411 78.0703 -267.335
-100.866 -117.942 -65.7221 -5.22405 88.8612 -266.863
-100.888 -117.47 -67.0543 -3.75251 99.9209 -265.634
-100.903 -116.943 -68.3784 -2.20679 111.164 -263.594
-100.91 -116.358 -69.6902 -0.596716 122.491 -260.699
-100.909 -115.718 -70.9853 1.06539 133.791 -256.924
-100.9 -115.021 -72.2594 2.76498 144.946 -252.262
-100.882 -114.268 -73.5079 4.48573 155.833 -246.728
-100.855 -113.462 -74.7267 6.21013 166.332 -240.36
-100.819 -112.605 -75.9115 7.92021 176.331 -233.216
-100.776 -111.699 -77.0588 9.59832 185.727 -225.376
-100.724 -110.748 -78.1653 11.2279 194.438 -216.933
-100.663 -109.755 -79.2282 12.7942 202.398 -207.994
-100.596 -108.724 -80.2453 14.2846 209.564 -198.671
-100.521 -107.659 -81.215 15.6892 215.913 -189.076
-100.439 -106.565 -82.1362 17.0008 221.444 -179.319
-100.351 -105.445 -83.0083 18.2148 226.17 -169.503
-100.257 -104.303 -83.8313 19.3292 230.121 -159.72
-100.157 -103.144 -84.6056 20.3442 233.34 -150.05
-100.053 -101.97 -85.3319 21.2616 235.874 -140.56
-99.9447 -100.785 -86.0113 22.0849 237.78 -131.307
-99.8323 -99.5922 -86.6451 22.8186 239.113 -122.333
-99.7165 -98.394 -87.2347 23.4679 239.932 -113.67
-99.5976 -97.1929 -87.7819 24.0385 240.291 -105.34
-99.4761 -95.9911 -88.2882 24.5363 240.246 -97.3577
-99.3523 -94.7904 -88.7555 24.9672 239.847 -89.7287
-99.2264 -93.5926 -89.1855 25.3371 239.139 -82.4543
-99.0989 -92.399 -89.5801 25.6516 238.166 -75.5309
-98.9699 -91.2109 -89.9409 25.9158 236.966 -68.9515
-98.8397 -90.0293 -90.2697 26.1348 235.573 -62.7061
-98.7086 -88.8552 -90.568 26.3131 234.017 -56.7832
-98.5766 -87.6892 -90.8375 26.455 232.326 -51.1698
-98.444 -86.5319 -91.0797 26.5643 230.523 -45.852
-98.311 -85.3839 -91.2961 26.6445 228.629 -40.8158
-98.1776 -84.2456 -91.4879 26.6988 226.662 -36.0467
-98.044 -83.1173 -91.6566 26.73 224.638 -31.5307
-97.9103 -81.9992 -91.8033 26.7407 222.57 -27.2539
-97.7766 -80.8915 -91.9291 26.7332 220.469 -23.2029
-97.6429 -79.7945 -92.0353 26.7097 218.346 -19.3646
-97.5095 -78.7081 -92.1228 26.6719 216.21 -15.7267
-97.3762 -77.6324 -92.1926 26.6215 214.067 -12.2774
-97.2432 -76.5674 -92.2456 26.56 211.924 -9.00565
-97.1106 -75.5131 -92.2826 26.4887 209.786 -5.90076
-96.9783 -74.4695 -92.3046 26.4089 207.658 -2.95282
-96.8465 -73.4365 -92.3122 26.3215 205.543 -0.152462
-96.7151 -72.4141 -92.3061 26.2275 203.445 2.5091
-96.5842 -71.402 -92.2871 26.1278 201.366 5.0401
-96.4539 -70.4004 -92.2557 26.0231 199.308 7.44826
-96.324 -69.4089 -92.2126 25.914 197.274 9.7408
-96.1947 -68.4276 -92.1583 25.8012 195.264 11.9245
-96.066 -67.4563 -92.0934 25.6853 193.28 14.0056
-95.9379 -66.4948 -92.0183 25.5666 191.322 15.9901
-95.8103 -65.5431 -91.9335 25.4456 189.391 17.8834
-95.6834 -64.6009 -91.8394 25.3226 187.488 19.6908
-95.5571 -63.6682 -91.7366 25.1982 185.613 21.417
-95.4314 -62.7448 -91.6253 25.0724 183.767 23.0665
-95.3064 -61.8305 -91.5059 24.9456 181.948 24.6435
-95.182 -60.9253 -91.3788 24.8181 180.158 26.152
-95.0582 -60.0289 -91.2444 24.6901 178.395 27.5957
-94.9351 -59.1413 -91.1029 24.5616 176.661 28.9779
-94.8126 -58.2623 -90.9546 24.433 174.954 30.3019
-94.6907 -57.3918 -90.7999 24.3043 173.275 31.5708
-94.5695 -56.5295 -90.6389 24.1758 171.622 32.7873
-94.449 -55.6755 -90.472 24.0474 169.997 33.9541
-94.3291 -54.8296 -90.2994 23.9194 168.397 35.0738
-94.2098 -53.9915 -90.1212 23.7918 166.823 36.1486
-94.0911 -53.1613 -89.9379 23.6646 165.275 37.1808
-93.9731 -52.3388 -89.7494 23.5381 163.751 38.1724
-93.8558 -51.5238 -89.5561 23.4121 162.252 39.1253
-93.739 -50.7163 -89.3582 23.2869 160.776 40.0415
-93.6229 -49.9161 -89.1557 23.1624 159.325 40.9226
-93.5074 -49.123 -88.949 23.0386 157.896 41.7703
-93.3925 -48.3371 -88.738 22.9157 156.489 42.5861
-93.2782 -47.5581 -88.5231 22.7936 155.105 43.3714
-93.1646 -46.786 -88.3043 22.6724 153.742 44.1277
-93.0515 -46.0207 -88.0818 22.5521 152.401 44.8562
-92.939 -45.262 -87.8557 22.4327 151.08 45.5581
-92.8272 -44.5099 -87.6262 22.3142 149.779 46.2346
-92.7159 -43.7642 -87.3934 22.1966 148.498 46.8868
-92.6052 -43.0249 -87.1574 22.0801 147.236 47.5157
-92.4951 -42.2919 -86.9182 21.9644 145.993 48.1223
-92.3856 -41.565 -86.6761 21.8497 144.769 48.7076
-92.2766 -40.8442 -86.4312 21.736 143.562 49.2724
-92.1682 -40.1294 -86.1834 21.6233 142.374 49.8175
-92.0604 -39.4204 -85.933 21.5115 141.202 50.3438
-91.9531 -38.7173 -85.68 21.4007 140.048 50.852
-91.8464 -38.02 -85.4245 21.2909 138.91 51.3429
-91.7402 -37.3282 -85.1665 21.182 137.788 51.817
-91.6345 -36.6421 -84.9063 21.0741 136.681 52.2751
-91.5294 -35.9614 -84.6438 20.9671 135.59 52.7178
-91.4249 -35.2862 -84.3791 20.8611 134.515 53.1457
-91.3208 -34.6163 -84.1123 20.756 133.454 53.5593
-91.2173 -33.9516 -83.8435 20.6519 132.407 53.9592
-91.1143 -33.2922 -83.5727 20.5487 131.375 54.3459
-91.0118 -32.6379 -83.3 20.4464 130.356 54.7198
-90.9098 -31.9886 -83.0255 20.345 129.351 55.0814
-90.8084 -31.3444 -82.7492 20.2445 128.359 55.4313
-90.7074 -30.7051 -82.4712 20.1449 127.379 55.7697
-90.6069 -30.0706 -82.1915 20.0462 126.413 56.0971
-90.5069 -29.4409 -81.9102 19.9483 125.459 56.4139
-90.4074 -28.816 -81.6274 19.8514 124.517 56.7205
-90.3084 -28.1958 -81.343 19.7552 123.587 57.0172
-90.2099 -27.5801 -81.0572 19.66 122.668 57.3043
-90.1118 -26.9691 -80.77 19.5655 121.761 57.5822
-90.0142 -26.3625 -80.4814 19.4719 120.865 57.8512
-89.9171 -25.7604 -80.1915 19.3791 119.98 58.1116
-89.8204 -25.1627 -79.9003 19.2871 119.105 58.3637
-89.7242 -24.5694 -79.6078 19.1959 118.241 58.6077
-89.6285 -23.9803 -79.3142 19.1055 117.387 58.8439
-89.5332 -23.3955 -79.0194 19.0159 116.543 59.0725
-89.4383 -22.8149 -78.7235 18.927 115.709 59.2939
-89.3439 -22.2384 -78.4265 18.8389 114.885 59.5082
-89.2499 -21.666 -78.1284 18.7515 114.07 59.7156
-89.1564 -21.0977 -77.8293 18.6649 113.264 59.9165
-89.0633 -20.5334 -77.5292 18.5789 112.467 60.1109
-88.9706 -19.973 -77.2282 18.4937 111.68 60.299
-88.8783 -19.4166 -76.9262 18.4093 110.901 60.4812
-88.7865 -18.864 -76.6234 18.3255 110.13 60.6575
-88.6951 -18.3153 -76.3197 18.2424 109.368 60.8281
-88.6041 -17.7704 -76.0151 18.1599 108.614 60.9932
-88.5135 -17.2292 -75.7097 18.0782 107.869 61.1529
-88.4233 -16.6917 -75.4036 17.9971 107.131 61.3075
-88.3335 -16.1578 -75.0967 17.9166 106.401 61.4571
-88.2441 -15.6277 -74.789 17.8368 105.678 61.6017
-88.1551 -15.1011 -74.4806 17.7577 104.963 61.7416
-88.0666 -14.578 -74.1716 17.6791 104.256 61.8769
-87.9784 -14.0585 -73.8619 17.6012 103.555 62.0077
-87.8905 -13.5425 -73.5515 17.5239 102.862 62.1342
-87.8031 -13.0299 -73.2405 17.4472 102.176 62.2564
-87.7161 -12.5207 -72.9289 17.371 101.496 62.3745
-87.6294 -12.0149 -72.6168 17.2955 100.823 62.4887
-87.5431 -11.5125 -72.3041 17.2205 100.157 62.5989
-87.4572 -11.0134 -71.9908 17.1461 99.4975 62.7053
-87.3717 -10.5175 -71.677 17.0723 98.8441 62.8081
-87.2865 -10.0249 -71.3627 16.999 98.197 62.9073
-87.2017 -9.53554 -71.0479 16.9263 97.556 63.003
-87.1172 -9.04935 -70.7327 16.854 96.9211 63.0953
-87.0331 -8.56633 -70.417 16.7824 96.2921 63.1843
-86.9494 -8.08643 -70.1008 16.7112 95.669 63.2701
-86.866 -7.60964 -69.7843 16.6406 95.0516 63.3527
-86.783 -7.13592 -69.4673 16.5705 94.4398 63.4323
-86.7003 -6.66524 -69.1499 16.5008 93.8336 63.5089
-86.618 -6.19758 -68.8322 16.4317 93.2329 63.5827
-86.536 -5.73291 -68.5141 16.363 92.6375 63.6536
-86.4543 -5.27121 -68.1957 16.2949 92.0474 63.7217
-86.373 -4.81244 -67.8769 16.2272 91.4624 63.7872
-86.2921 -4.35658 -67.5578 16.16 90.8826 63.8501
-86.2114 -3.90361 -67.2384 16.0932 90.3078 63.9104
-86.1311 -3.4535 -66.9187 16.0269 89.738 63.9682
-86.0512 -3.00623 -66.5987 15.9611 89.173 64.0236
-85.9715 -2.56177 -66.2785 15.8957 88.6129 64.0766
-85.8922 -2.1201 -65.9579 15.8307 88.0574 64.1273
-85.8132 -1.6812 -65.6372 15.7662 87.5066 64.1758
-85.7346 -1.24504 -65.3162 15.7021 86.9603 64.222
-85.6562 -0.811596 -64.995 15.6384 86.4185 64.2662
-85.5782 -0.380852 -64.6735 15.5751 85.8812 64.3082
-85.5005 0.0472164 -64.3519 15.5122 85.3483 64.3482
-85.423 0.472631 -64.03 15.4498 84.8196 64.3861
-85.346 0.895412 -63.708 15.3877 84.2952 64.4222
-85.2692 1.31558 -63.3858 15.3261 83.7749 64.4563
-85.1927 1.73316 -63.0635 15.2648 83.2587 64.4885
-85.1165 2.14817 -62.7409 15.2039 82.7466 64.519
-85.0407 2.56063 -62.4183 15.1434 82.2385 64.5476
-84.9651 2.97055 -62.0955 15.0833 81.7342 64.5745
-84.8898 3.37797 -61.7725 15.0235 81.2339 64.5998
-84.8149 3.78289 -61.4495 14.9641 80.7374 64.6233
-84.7402 4.18534 -61.1263 14.9051 80.2446 64.6453
-84.6658 4.58534 -60.803 14.8464 79.7555 64.6656
-84.5917 4.9829 -60.4796 14.7881 79.2701 64.6845
-84.5179 5.37804 -60.1562 14.7301 78.7883 64.7017
-84.4444 5.77078 -59.8326 14.6725 78.31 64.7176
-84.3712 6.16114 -59.509 14.6152 77.8352 64.7319
-84.2983 6.54913 -59.1853 14.5582 77.3639 64.7449
-84.2256 6.93478 -58.8615 14.5016 76.896 64.7564
-84.1532 7.31809 -58.5377 14.4453 76.4314 64.7666
-84.0812 7.69909 -58.2139 14.3893 75.9701 64.7755
-84.0094 8.07779 -57.89 14.3336 75.5121 64.783
-83.9378 8.45421 -57.566 14.2783 75.0573 64.7893
-83.8666 8.82837 -57.2421 14.2232 74.6057 64.7944
-83.7956 9.20027 -56.9181 14.1685 74.1572 64.7982
-83.7249 9.56994 -56.5941 14.1141 73.7118 64.8008
-83.6545 9.93739 -56.2701 14.0599 73.2695 64.8023
-83.5843 10.3026 -55.9461 14.0061 72.8301 64.8026
-83.5144 10.6657 -55.6221 13.9525 72.3938 64.8018
-83.4448 11.0266 -55.2981 13.8993 71.9603 64.7999
-83.3754 11.3853 -54.9741 13.8463 71.5297 64.7969
-83.3063 11.7419 -54.6501 13.7936 71.102 64.7929
-83.2375 12.0963 -54.3261 13.7412 70.6771 64.7878
-83.1689 12.4486 -54.0022 13.6891 70.255 64.7818
-83.1006 12.7989 -53.6783 13.6372 69.8356 64.7747
-83.0325 13.147 -53.3545 13.5857 69.419 64.7667
-82.9647 13.4931 -53.0306 13.5343 69.005 64.7577
-82.8972 13.837 -52.7069 13.4833 68.5936 64.7477
-82.8299 14.179 -52.3832 13.4325 68.1849 64.7369
-82.7628 14.5189 -52.0595 13.3819 67.7787 64.7252
-82.6961 14.8568 -51.7359 13.3317 67.3751 64.7126
-82.6295 15.1926 -51.4124 13.2816 66.9739 64.6991
-82.5632 15.5265 -51.0889 13.2318 66.5753 64.6848
-82.4972 15.8584 -50.7655 13.1823 66.1791 64.6696
-82.4314 16.1883 -50.4422 13.133 65.7853 64.6537
-82.3659 16.5162 -50.119 13.084 65.3939 64.6369
-82.3006 16.8422 -49.7959 13.0351 65.0049 64.6194
-82.2355 17.1663 -49.4728 12.9866 64.6182 64.6011
-82.1707 17.4884 -49.1498 12.9382 64.2337 64.582
-82.1061 17.8086 -48.827 12.8901 63.8516 64.5622
-82.0418 18.1269 -48.5042 12.8422 63.4717 64.5417
-81.9777 18.4434 -48.1816 12.7945 63.0941 64.5204
-81.9139 18.7579 -47.859 12.7471 62.7186 64.4985
-81.8503 19.0705 -47.5366 12.6999 62.3453 64.4759
-81.7869 19.3813 -47.2143 12.6528 61.9741 64.4526
-81.7237 19.6903 -46.8921 12.6061 61.6051 64.4287
-81.6608 19.9974 -46.57 12.5595 61.2381 64.4041
-81.5981 20.3027 -46.248 12.5131 60.8733 64.3788
-81.5357 20.6061 -45.9262 12.4669 60.5104 64.353
-81.4735 20.9078 -45.6045 12.421 60.1496 64.3265
-81.4115 21.2076 -45.2829 12.3752 59.7908 64.2994
-81.3497 21.5057 -44.9615 12.3297 59.434 64.2717
-81.2882 21.802 -44.6402 12.2843 59.0791 64.2435
-81.2269 22.0965 -44.3191 12.2392 58.7261 64.2147
-81.1658 22.3892 -43.9981 12.1942 58.3751 64.1853
-81.1049 22.6802 -43.6772 12.1495 58.0259 64.1554
-81.0443 22.9695 -43.3565 12.1049 57.6786 64.1249
-80.9839 23.257 -43.036 12.0605 57.3332 64.0939
-80.9237 23.5428 -42.7156 12.0163 56.9895 64.0623
-80.8637 23.8269 -42.3953 11.9723 56.6477 64.0303
-80.804 24.1093 -42.0753 11.9285 56.3077 63.9978
-80.7444 24.39 -41.7554 11.8848 55.9694 63.9647
-80.6851 24.669 -41.4356 11.8414 55.6329 63.9312
-80.626 24.9463 -41.116 11.7981 55.2981 63.8972
-80.5671 25.222 -40.7966 11.755 54.965 63.8627
-80.5085 25.496 -40.4774 11.712 54.6336 63.8277
-80.45 25.7683 -40.1584 11.6692 54.3039 63.7923
-80.3918 26.039 -39.8395 11.6267 53.9758 63.7565
-80.3337 26.3081 -39.5208 11.5842 53.6494 63.7202
-80.2759 26.5755 -39.2023 11.542 53.3246 63.6835
-80.2183 26.8413 -38.884 11.4999 53.0014 63.6463
-80.1609 27.1055 -38.5658 11.4579 52.6798 63.6087
-80.1037 27.3681 -38.2479 11.4162 52.3597 63.5707
-80.0468 27.6291 -37.9301 11.3745 52.0412 63.5323
-79.99 27.8885 -37.6126 11.3331 51.7242 63.4935
-79.9334 28.1463 -37.2952 11.2918 51.4088 63.4544
-79.8771 28.4026 -36.978 11.2506 51.0948 63.4148
-79.8209 28.6573 -36.661 11.2097 50.7824 63.3748
-79.765 28.9104 -36.3443 11.1688 50.4714 63.3345
-79.7092 29.162 -36.0277 11.1281 50.1619 63.2938
-79.6537 29.412 -35.7113 11.0876 49.8538 63.2527
-79.5984 29.6605 -35.3952 11.0472 49.5471 63.2113
-79.5432 29.9075 -35.0792 11.0069 49.2419 63.1696
-79.4883 30.153 -34.7635 10.9668 48.9381 63.1274
-79.4336 30.3969 -34.4479 10.9269 48.6356 63.085
-79.379 30.6393 -34.1326 10.8871 48.3345 63.0422
-79.3247 30.8802 -33.8175 10.8474 48.0348 62.9991
-79.2706 31.1197 -33.5026 10.8078 47.7364 62.9556
-79.2166 31.3576 -33.188 10.7684 47.4394 62.9118
-79.1629 31.5941 -32.8735 10.7292 47.1436 62.8677
-79.1093 31.829 -32.5593 10.69 46.8492 62.8233
-79.056 32.0625 -32.2453 10.651 46.5561 62.7786
-79.0028 32.2946 -31.9315 10.6122 46.2642 62.7336
-78.9498 32.5252 -31.6179 10.5734 45.9736 62.6883
-78.8971 32.7543 -31.3046 10.5348 45.6843 62.6427
-78.8445 32.982 -30.9915 10.4963 45.3962 62.5968
-78.7921 33.2083 -30.6786 10.458 45.1093 62.5506
-78.7399 33.4331 -30.366 10.4197 44.8237 62.5042
-78.6879 33.6565 -30.0536 10.3816 44.5392 62.4574
-78.6361 33.8785 -29.7414 10.3436 44.256 62.4104
-78.5845 34.0991 -29.4295 10.3057 43.9739 62.3632
-78.533 34.3183 -29.1178 10.268 43.6931 62.3156
-78.4818 34.536 -28.8063 10.2304 43.4133 62.2678
-78.4307 34.7524 -28.4951 10.1929 43.1348 62.2197
-78.3799 34.9674 -28.1841 10.1555 42.8573 62.1714
-78.3292 35.181 -27.8734 10.1182 42.581 62.1228
-78.2787 35.3932 -27.5629 10.081 42.3058 62.074
