25 75 0 0 0 -49
24.9999 74.9998 -0.245073 -0.0470573 -0.0696471 -49.0291
24.9995 74.9993 -0.490291 -0.0941858 -0.139394 -49.0582
24.9989 74.9984 -0.735654 -0.141386 -0.20924 -49.0872
24.9981 74.9972 -0.981163 -0.188657 -0.279187 -49.1161
24.9971 74.9956 -1.22682 -0.236 -0.349234 -49.145
24.9958 74.9937 -1.47261 -0.283414 -0.419381 -49.1739
24.9942 74.9914 -1.71855 -0.330901 -0.489629 -49.2027
24.9924 74.9888 -1.96464 -0.378459 -0.559977 -49.2314
24.9904 74.9858 -2.21087 -0.42609 -0.630427 -49.2601
24.9882 74.9825 -2.45724 -0.473793 -0.700978 -49.2887
24.9857 74.9788 -2.70375 -0.521568 -0.771631 -49.3173
24.983 74.9748 -2.95041 -0.569416 -0.842385 -49.3458
24.98 74.9704 -3.19721 -0.617337 -0.913241 -49.3743
24.9768 74.9657 -3.44416 -0.665331 -0.984199 -49.4027
24.9734 74.9606 -3.69124 -0.713398 -1.05526 -49.4311
24.9697 74.9551 -3.93847 -0.761538 -1.12642 -49.4594
24.9657 74.9493 -4.18583 -0.809751 -1.19769 -49.4876
24.9616 74.9431 -4.43334 -0.858038 -1.26906 -49.5158
24.9572 74.9366 -4.68099 -0.906399 -1.34053 -49.544
24.9525 74.9297 -4.92878 -0.954834 -1.4121 -49.572
24.9476 74.9225 -5.17671 -1.00334 -1.48378 -49.6001
24.9425 74.9149 -5.42478 -1.05192 -1.55557 -49.628
24.9371 74.9069 -5.67299 -1.10058 -1.62745 -49.6559
24.9315 74.8986 -5.92134 -1.14931 -1.69945 -49.6838
24.9256 74.8899 -6.16983 -1.19812 -1.77154 -49.7116
24.9195 74.8809 -6.41846 -1.247 -1.84374 -49.7393
24.9131 74.8715 -6.66722 -1.29596 -1.91605 -49.767
24.9065 74.8617 -6.91613 -1.34499 -1.98846 -49.7947
24.8997 74.8516 -7.16517 -1.39409 -2.06097 -49.8222
24.8926 74.8411 -7.41435 -1.44327 -2.13359 -49.8497
24.8852 74.8303 -7.66367 -1.49253 -2.20632 -49.8772
24.8777 74.8191 -7.91312 -1.54186 -2.27916 -49.9046
24.8698 74.8075 -8.16271 -1.59127 -2.35209 -49.9319
24.8617 74.7956 -8.41244 -1.64076 -2.42514 -49.9592
24.8534 74.7832 -8.66231 -1.69032 -2.49829 -49.9864
24.8448 74.7706 -8.91231 -1.73996 -2.57155 -50.0136
24.836 74.7575 -9.16244 -1.78967 -2.64492 -50.0407
24.8269 74.7441 -9.41271 -1.83946 -2.71839 -50.0677
24.8176 74.7303 -9.66312 -1.88933 -2.79198 -50.0947
24.808 74.7162 -9.91366 -1.93927 -2.86567 -50.1216
24.7982 74.7017 -10.1643 -1.98929 -2.93946 -50.1484
24.7882 74.6868 -10.4151 -2.03939 -3.01337 -50.1752
24.7778 74.6716 -10.6661 -2.08957 -3.08739 -50.202
24.7673 74.6559 -10.9172 -2.13982 -3.16151 -50.2286
24.7564 74.6399 -11.1684 -2.19015 -3.23574 -50.2553
24.7454 74.6236 -11.4197 -2.24056 -3.31008 -50.2818
24.734 74.6068 -11.6712 -2.29105 -3.38454 -50.3083
24.7224 74.5897 -11.9228 -2.34161 -3.4591 -50.3347
24.7106 74.5722 -12.1745 -2.39226 -3.53377 -50.3611
24.6985 74.5544 -12.4264 -2.44298 -3.60855 -50.3874
24.6862 74.5362 -12.6784 -2.49378 -3.68344 -50.4136
24.6736 74.5176 -12.9305 -2.54466 -3.75844 -50.4397
24.6607 74.4986 -13.1828 -2.59562 -3.83356 -50.4658
24.6476 74.4792 -13.4352 -2.64666 -3.90878 -50.4919
24.6343 74.4595 -13.6877 -2.69778 -3.98412 -50.5179
24.6207 74.4394 -13.9404 -2.74898 -4.05956 -50.5438
24.6068 74.4189 -14.1932 -2.80025 -4.13512 -50.5696
24.5927 74.398 -14.4461 -2.85161 -4.21079 -50.5954
24.5783 74.3768 -14.6991 -2.90305 -4.28658 -50.6211
24.5636 74.3552 -14.9523 -2.95457 -4.36247 -50.6467
24.5487 74.3332 -15.2056 -3.00616 -4.43848 -50.6723
24.5336 74.3108 -15.459 -3.05784 -4.51461 -50.6978
24.5181 74.288 -15.7126 -3.1096 -4.59084 -50.7233
24.5025 74.2649 -15.9662 -3.16144 -4.66719 -50.7487
24.4865 74.2413 -16.22 -3.21336 -4.74365 -50.774
24.4703 74.2174 -16.474 -3.26537 -4.82023 -50.7992
24.4539 74.1931 -16.728 -3.31745 -4.89692 -50.8244
24.4372 74.1685 -16.9822 -3.36962 -4.97373 -50.8495
24.4202 74.1434 -17.2365 -3.42186 -5.05065 -50.8745
24.4029 74.118 -17.491 -3.47419 -5.12768 -50.8995
24.3854 74.0921 -17.7455 -3.5266 -5.20483 -50.9244
24.3677 74.0659 -18.0002 -3.5791 -5.2821 -50.9492
24.3496 74.0393 -18.255 -3.63167 -5.35948 -50.974
24.3314 74.0123 -18.51 -3.68433 -5.43698 -50.9987
24.3128 73.9849 -18.765 -3.73707 -5.5146 -51.0233
24.294 73.9572 -19.0202 -3.7899 -5.59233 -51.0479
24.2749 73.929 -19.2755 -3.84281 -5.67017 -51.0723
24.2556 73.9005 -19.5309 -3.8958 -5.74814 -51.0967
24.2359 73.8715 -19.7865 -3.94887 -5.82622 -51.1211
24.2161 73.8422 -20.0421 -4.00203 -5.90442 -51.1453
24.1959 73.8125 -20.2979 -4.05527 -5.98274 -51.1695
24.1755 73.7824 -20.5538 -4.1086 -6.06118 -51.1937
24.1548 73.7519 -20.8098 -4.16201 -6.13973 -51.2177
24.1339 73.721 -21.066 -4.2155 -6.2184 -51.2417
24.1127 73.6897 -21.3223 -4.26908 -6.29719 -51.2656
24.0912 73.658 -21.5787 -4.32275 -6.3761 -51.2894
24.0695 73.6259 -21.8352 -4.37649 -6.45513 -51.3132
24.0474 73.5935 -22.0918 -4.43033 -6.53428 -51.3368
24.0252 73.5606 -22.3485 -4.48425 -6.61355 -51.3604
24.0026 73.5273 -22.6054 -4.53825 -6.69294 -51.384
23.9798 73.4937 -22.8624 -4.59234 -6.77245 -51.4074
23.9567 73.4596 -23.1195 -4.64652 -6.85209 -51.4308
23.9333 73.4251 -23.3767 -4.70078 -6.93184 -51.4541
23.9097 73.3903 -23.634 -4.75513 -7.01171 -51.4773
23.8858 73.355 -23.8914 -4.80956 -7.09171 -51.5005
23.8616 73.3194 -24.149 -4.86408 -7.17182 -51.5235
23.8371 73.2833 -24.4067 -4.91869 -7.25206 -51.5465
23.8124 73.2468 -24.6645 -4.97338 -7.33242 -51.5694
23.7874 73.21 -24.9224 -5.02816 -7.4129 -51.5923
23.7621 73.1727 -25.1804 -5.08303 -7.49351 -51.615
23.7365 73.135 -25.4385 -5.13799 -7.57424 -51.6377
23.7107 73.097 -25.6968 -5.19303 -7.65509 -51.6603
23.6846 73.0585 -25.9551 -5.24816 -7.73607 -51.6828
23.6582 73.0196 -26.2136 -5.30338 -7.81717 -51.7053
23.6316 72.9803 -26.4722 -5.35868 -7.89839 -51.7276
23.6047 72.9406 -26.7309 -5.41408 -7.97974 -51.7499
23.5774 72.9005 -26.9897 -5.46956 -8.06122 -51.7721
23.55 72.86 -27.2486 -5.52513 -8.14281 -51.7942
23.5222 72.8191 -27.5076 -5.58079 -8.22454 -51.8163
23.4941 72.7778 -27.7668 -5.63654 -8.30639 -51.8382
23.4658 72.736 -28.026 -5.69238 -8.38836 -51.8601
23.4372 72.6939 -28.2854 -5.74831 -8.47046 -51.8819
23.4083 72.6513 -28.5448 -5.80433 -8.55269 -51.9036
23.3792 72.6084 -28.8044 -5.86044 -8.63505 -51.9252
23.3497 72.565 -29.0641 -5.91663 -8.71753 -51.9467
23.32 72.5212 -29.3239 -5.97292 -8.80014 -51.9682
23.29 72.477 -29.5838 -6.0293 -8.88287 -51.9896
23.2597 72.4323 -29.8438 -6.08577 -8.96574 -52.0109
23.2292 72.3873 -30.1039 -6.14232 -9.04873 -52.0321
23.1983 72.3419 -30.3641 -6.19897 -9.13185 -52.0532
23.1672 72.296 -30.6244 -6.25571 -9.2151 -52.0742
23.1357 72.2497 -30.8848 -6.31255 -9.29847 -52.0951
23.104 72.203 -31.1453 -6.36947 -9.38198 -52.116
23.072 72.1559 -31.406 -6.42648 -9.46562 -52.1368
23.0398 72.1084 -31.6667 -6.48359 -9.54938 -52.1574
23.0072 72.0604 -31.9276 -6.54079 -9.63328 -52.178
22.9744 72.012 -32.1885 -6.59808 -9.71731 -52.1985
22.9412 71.9632 -32.4495 -6.65546 -9.80147 -52.2189
22.9078 71.914 -32.7107 -6.71293 -9.88575 -52.2393
22.8741 71.8644 -32.9719 -6.7705 -9.97017 -52.2595
22.8401 71.8143 -33.2333 -6.82816 -10.0547 -52.2796
22.8058 71.7638 -33.4947 -6.88592 -10.1394 -52.2997
22.7712 71.7129 -33.7563 -6.94376 -10.2242 -52.3196
22.7364 71.6616 -34.0179 -7.0017 -10.3092 -52.3395
22.7012 71.6098 -34.2797 -7.05974 -10.3942 -52.3593
22.6658 71.5576 -34.5415 -7.11786 -10.4795 -52.379
22.6301 71.505 -34.8035 -7.17608 -10.5648 -52.3986
22.594 71.452 -35.0655 -7.2344 -10.6503 -52.4181
22.5577 71.3985 -35.3276 -7.29281 -10.7359 -52.4375
22.5211 71.3446 -35.5899 -7.35131 -10.8216 -52.4568
22.4842 71.2903 -35.8522 -7.40991 -10.9075 -52.476
22.447 71.2355 -36.1146 -7.46861 -10.9935 -52.4951
22.4095 71.1804 -36.3772 -7.52739 -11.0797 -52.5142
22.3717 71.1248 -36.6398 -7.58628 -11.166 -52.5331
22.3336 71.0687 -36.9025 -7.64526 -11.2524 -52.5519
22.2953 71.0122 -37.1653 -7.70433 -11.339 -52.5707
22.2566 70.9553 -37.4282 -7.7635 -11.4257 -52.5893
22.2176 70.898 -37.6912 -7.82277 -11.5125 -52.6078
22.1784 70.8402 -37.9543 -7.88213 -11.5995 -52.6263
22.1388 70.782 -38.2175 -7.94159 -11.6866 -52.6446
22.099 70.7233 -38.4807 -8.00115 -11.7738 -52.6629
22.0588 70.6642 -38.7441 -8.0608 -11.8612 -52.681
22.0184 70.6047 -39.0075 -8.12055 -11.9487 -52.6991
21.9776 70.5447 -39.2711 -8.1804 -12.0364 -52.717
21.9365 70.4843 -39.5347 -8.24034 -12.1242 -52.7349
21.8952 70.4235 -39.7984 -8.30038 -12.2121 -52.7526
21.8535 70.3622 -40.0622 -8.36052 -12.3002 -52.7703
21.8116 70.3005 -40.3261 -8.42076 -12.3884 -52.7878
21.7693 70.2383 -40.5901 -8.48109 -12.4767 -52.8052
21.7268 70.1757 -40.8542 -8.54153 -12.5652 -52.8226
21.6839 70.1127 -41.1183 -8.60206 -12.6539 -52.8398
21.6408 70.0492 -41.3826 -8.66269 -12.7426 -52.8569
21.5973 69.9853 -41.6469 -8.72342 -12.8316 -52.8739
21.5535 69.9209 -41.9113 -8.78425 -12.9206 -52.8909
21.5095 69.8561 -42.1758 -8.84517 -13.0098 -52.9077
21.4651 69.7908 -42.4404 -8.9062 -13.0991 -52.9244
21.4204 69.7251 -42.7051 -8.96733 -13.1886 -52.941
21.3754 69.6589 -42.9698 -9.02855 -13.2783 -52.9575
21.3301 69.5923 -43.2346 -9.08988 -13.368 -52.9738
21.2845 69.5252 -43.4995 -9.1513 -13.4579 -52.9901
21.2386 69.4577 -43.7645 -9.21283 -13.548 -53.0063
21.1924 69.3897 -44.0296 -9.27446 -13.6382 -53.0223
21.1458 69.3213 -44.2948 -9.33618 -13.7285 -53.0383
21.099 69.2525 -44.56 -9.39801 -13.819 -53.0541
21.0519 69.1831 -44.8253 -9.45994 -13.9096 -53.0698
21.0044 69.1134 -45.0907 -9.52197 -14.0004 -53.0854
20.9566 69.0431 -45.3561 -9.58411 -14.0913 -53.1009
20.9086 68.9724 -45.6217 -9.64634 -14.1824 -53.1163
20.8602 68.9013 -45.8873 -9.70867 -14.2736 -53.1316
20.8115 68.8297 -46.153 -9.77111 -14.365 -53.1467
20.7625 68.7577 -46.4188 -9.83365 -14.4565 -53.1618
20.7131 68.6851 -46.6846 -9.89629 -14.5482 -53.1767
20.6635 68.6122 -46.9505 -9.95904 -14.64 -53.1915
20.6136 68.5387 -47.2165 -10.0219 -14.7319 -53.2062
20.5633 68.4649 -47.4826 -10.0848 -14.824 -53.2208
20.5127 68.3905 -47.7487 -10.1479 -14.9162 -53.2353
20.4618 68.3157 -48.015 -10.211 -15.0086 -53.2496
20.4106 68.2404 -48.2812 -10.2743 -15.1012 -53.2638
20.3591 68.1647 -48.5476 -10.3377 -15.1939 -53.2779
20.3072 68.0885 -48.814 -10.4011 -15.2867 -53.2919
20.2551 68.0118 -49.0805 -10.4647 -15.3797 -53.3058
20.2026 67.9347 -49.3471 -10.5284 -15.4729 -53.3195
20.1498 67.8571 -49.6137 -10.5922 -15.5661 -53.3331
20.0967 67.779 -49.8804 -10.6561 -15.6596 -53.3466
20.0432 67.7005 -50.1472 -10.7201 -15.7532 -53.36
19.9895 67.6215 -50.414 -10.7841 -15.8469 -53.3733
19.9354 67.542 -50.6809 -10.8483 -15.9408 -53.3864
19.881 67.4621 -50.9479 -10.9127 -16.0349 -53.3994
19.8262 67.3817 -51.2149 -10.9771 -16.1291 -53.4123
19.7712 67.3008 -51.482 -11.0416 -16.2234 -53.425
19.7158 67.2194 -51.7492 -11.1062 -16.3179 -53.4376
19.6601 67.1376 -52.0164 -11.1709 -16.4126 -53.4501
19.6041 67.0553 -52.2837 -11.2358 -16.5074 -53.4625
19.5478 66.9725 -52.551 -11.3007 -16.6024 -53.4747
19.4911 66.8893 -52.8184 -11.3658 -16.6975 -53.4868
19.4341 66.8056 -53.0859 -11.4309 -16.7928 -53.4988
19.3768 66.7214 -53.3534 -11.4962 -16.8882 -53.5107
19.3192 66.6367 -53.621 -11.5616 -16.9838 -53.5224
19.2612 66.5515 -53.8886 -11.627 -17.0796 -53.534
19.2029 66.4659 -54.1563 -11.6926 -17.1755 -53.5454
19.1443 66.3798 -54.4241 -11.7583 -17.2715 -53.5567
19.0853 66.2932 -54.6919 -11.8241 -17.3677 -53.5679
19.026 66.2061 -54.9597 -11.89 -17.4641 -53.579
18.9664 66.1185 -55.2277 -11.9561 -17.5606 -53.5899
18.9065 66.0305 -55.4956 -12.0222 -17.6573 -53.6006
18.8462 65.942 -55.7637 -12.0884 -17.7542 -53.6113
18.7856 65.8529 -56.0318 -12.1548 -17.8512 -53.6218
18.7246 65.7634 -56.2999 -12.2212 -17.9483 -53.6321
18.6634 65.6735 -56.5681 -12.2878 -18.0456 -53.6423
18.6018 65.583 -56.8363 -12.3545 -18.1431 -53.6524
18.5398 65.492 -57.1046 -12.4213 -18.2407 -53.6623
18.4775 65.4006 -57.3729 -12.4882 -18.3385 -53.6721
18.4149 65.3086 -57.6413 -12.5552 -18.4365 -53.6818
18.352 65.2162 -57.9098 -12.6223 -18.5346 -53.6913
18.2887 65.1233 -58.1782 -12.6895 -18.6329 -53.7007
18.2251 65.0299 -58.4468 -12.7569 -18.7313 -53.7099
18.1611 64.936 -58.7153 -12.8243 -18.83 -53.7189
18.0969 64.8416 -58.984 -12.8919 -18.9287 -53.7279
18.0322 64.7467 -59.2526 -12.9596 -19.0276 -53.7366
17.9673 64.6513 -59.5213 -13.0273 -19.1267 -53.7453
17.902 64.5554 -59.7901 -13.0952 -19.226 -53.7537
17.8363 64.459 -60.0589 -13.1633 -19.3254 -53.7621
17.7703 64.3622 -60.3277 -13.2314 -19.425 -53.7702
17.704 64.2648 -60.5966 -13.2996 -19.5247 -53.7783
17.6373 64.1669 -60.8655 -13.368 -19.6246 -53.7861
17.5703 64.0685 -61.1344 -13.4364 -19.7247 -53.7938
17.503 63.9697 -61.4034 -13.505 -19.825 -53.8014
17.4353 63.8703 -61.6724 -13.5737 -19.9254 -53.8088
17.3672 63.7704 -61.9415 -13.6425 -20.0259 -53.816
17.2988 63.67 -62.2106 -13.7114 -20.1267 -53.8231
17.2301 63.5692 -62.4797 -13.7804 -20.2276 -53.8301
17.161 63.4678 -62.7489 -13.8496 -20.3286 -53.8368
17.0916 63.3659 -63.0181 -13.9189 -20.4299 -53.8435
17.0218 63.2635 -63.2873 -13.9882 -20.5313 -53.8499
16.9517 63.1606 -63.5566 -14.0577 -20.6328 -53.8562
16.8813 63.0571 -63.8259 -14.1273 -20.7346 -53.8623
16.8105 62.9532 -64.0952 -14.1971 -20.8365 -53.8683
16.7393 62.8488 -64.3646 -14.2669 -20.9386 -53.8741
16.6678 62.7438 -64.634 -14.3368 -21.0408 -53.8797
16.5959 62.6384 -64.9034 -14.4069 -21.1432 -53.8852
16.5237 62.5324 -65.1728 -14.4771 -21.2458 -53.8905
16.4512 62.4259 -65.4423 -14.5474 -21.3486 -53.8956
16.3782 62.3189 -65.7118 -14.6178 -21.4515 -53.9005
16.305 62.2114 -65.9813 -14.6884 -21.5546 -53.9053
16.2314 62.1034 -66.2508 -14.759 -21.6579 -53.9099
16.1574 61.9948 -66.5204 -14.8298 -21.7613 -53.9144
16.0831 61.8857 -66.79 -14.9007 -21.8649 -53.9186
16.0084 61.7762 -67.0596 -14.9717 -21.9687 -53.9227
15.9333 61.6661 -67.3292 -15.0429 -22.0727 -53.9266
15.858 61.5554 -67.5988 -15.1141 -22.1768 -53.9304
15.7822 61.4443 -67.8685 -15.1855 -22.2811 -53.9339
15.7061 61.3326 -68.1382 -15.257 -22.3856 -53.9373
15.6296 61.2204 -68.4079 -15.3286 -22.4902 -53.9405
15.5528 61.1077 -68.6776 -15.4003 -22.5951 -53.9435
15.4756 60.9945 -68.9473 -15.4722 -22.7001 -53.9464
15.3981 60.8807 -69.217 -15.5442 -22.8052 -53.949
15.3202 60.7664 -69.4868 -15.6163 -22.9106 -53.9515
15.2419 60.6516 -69.7566 -15.6885 -23.0161 -53.9538
15.1633 60.5363 -70.0263 -15.7608 -23.1218 -53.9558
15.0843 60.4204 -70.2961 -15.8333 -23.2277 -53.9577
15.005 60.304 -70.5659 -15.9059 -23.3338 -53.9595
14.9253 60.1871 -70.8357 -15.9786 -23.44 -53.961
14.8452 60.0696 -71.1055 -16.0514 -23.5464 -53.9623
14.7647 59.9516 -71.3753 -16.1244 -23.653 -53.9634
14.6839 59.8331 -71.6451 -16.1975 -23.7598 -53.9644
14.6028 59.714 -71.915 -16.2707 -23.8668 -53.9651
14.5212 59.5944 -72.1848 -16.344 -23.9739 -53.9657
14.4393 59.4743 -72.4546 -16.4174 -24.0812 -53.966
14.3571 59.3536 -72.7245 -16.491 -24.1887 -53.9662
14.2744 59.2324 -72.9943 -16.5647 -24.2964 -53.9661
14.1914 59.1106 -73.2641 -16.6386 -24.4043 -53.9659
14.108 58.9883 -73.534 -16.7125 -24.5123 -53.9654
14.0243 58.8655 -73.8038 -16.7866 -24.6205 -53.9648
13.9402 58.7421 -74.0736 -16.8609 -24.7289 -53.9639
13.8557 58.6182 -74.3434 -16.9352 -24.8375 -53.9628
13.7708 58.4937 -74.6132 -17.0097 -24.9463 -53.9615
13.6856 58.3687 -74.883 -17.0843 -25.0552 -53.96
13.6 58.2432 -75.1528 -17.159 -25.1644 -53.9583
13.514 58.1171 -75.4226 -17.2339 -25.2737 -53.9564
13.4276 57.9905 -75.6924 -17.3089 -25.3832 -53.9543
13.3409 57.8633 -75.9622 -17.384 -25.4929 -53.952
13.2538 57.7355 -76.2319 -17.4593 -25.6028 -53.9494
13.1663 57.6072 -76.5016 -17.5347 -25.7129 -53.9466
13.0785 57.4784 -76.7714 -17.6102 -25.8232 -53.9436
12.9902 57.349 -77.0411 -17.6859 -25.9336 -53.9404
12.9016 57.2191 -77.3108 -17.7617 -26.0442 -53.937
12.8126 57.0886 -77.5805 -17.8376 -26.1551 -53.9333
12.7232 56.9575 -77.8501 -17.9137 -26.2661 -53.9295
12.6335 56.8259 -78.1198 -17.9899 -26.3773 -53.9254
12.5433 56.6937 -78.3894 -18.0663 -26.4887 -53.921
12.4528 56.561 -78.659 -18.1427 -26.6003 -53.9165
12.3619 56.4277 -78.9285 -18.2194 -26.7121 -53.9117
12.2706 56.2939 -79.1981 -18.2961 -26.824 -53.9067
12.1789 56.1595 -79.4676 -18.373 -26.9362 -53.9014
12.0869 56.0245 -79.7371 -18.45 -27.0486 -53.8959
11.9944 55.889 -80.0066 -18.5272 -27.1611 -53.8902
11.9016 55.7529 -80.276 -18.6045 -27.2739 -53.8843
11.8084 55.6163 -80.5454 -18.682 -27.3868 -53.8781
11.7148 55.4791 -80.8148 -18.7596 -27.4999 -53.8717
11.6208 55.3413 -81.0841 -18.8374 -27.6133 -53.865
11.5264 55.2029 -81.3534 -18.9152 -27.7268 -53.8581
11.4316 55.064 -81.6227 -18.9933 -27.8405 -53.851
11.3365 54.9245 -81.8919 -19.0714 -27.9544 -53.8436
11.2409 54.7845 -82.1611 -19.1498 -28.0686 -53.8359
11.145 54.6438 -82.4303 -19.2282 -28.1829 -53.8281
11.0486 54.5026 -82.6994 -19.3068 -28.2974 -53.8199
10.9519 54.3609 -82.9685 -19.3856 -28.4121 -53.8116
10.8548 54.2185 -83.2375 -19.4645 -28.527 -53.8029
10.7573 54.0756 -83.5065 -19.5435 -28.6421 -53.7941
10.6593 53.9321 -83.7755 -19.6227 -28.7574 -53.7849
10.561 53.788 -84.0444 -19.7021 -28.8729 -53.7756
10.4623 53.6434 -84.3132 -19.7815 -28.9887 -53.7659
10.3632 53.4981 -84.582 -19.8612 -29.1046 -53.756
10.2637 53.3523 -84.8508 -19.941 -29.2207 -53.7459
10.1638 53.2059 -85.1195 -20.0209 -29.337 -53.7355
10.0635 53.0589 -85.3881 -20.101 -29.4535 -53.7248
9.9628 52.9114 -85.6567 -20.1812 -29.5703 -53.7138
9.86169 52.7632 -85.9253 -20.2616 -29.6872 -53.7026
9.76019 52.6145 -86.1938 -20.3421 -29.8043 -53.6912
9.65827 52.4652 -86.4622 -20.4228 -29.9217 -53.6794
9.55596 52.3153 -86.7306 -20.5037 -30.0392 -53.6674
9.45324 52.1648 -86.9989 -20.5847 -30.157 -53.6552
9.35011 52.0137 -87.2671 -20.6658 -30.2749 -53.6426
9.24658 51.8621 -87.5353 -20.7471 -30.3931 -53.6298
9.14264 51.7098 -87.8034 -20.8286 -30.5115 -53.6167
9.03829 51.5569 -88.0715 -20.9102 -30.63 -53.6033
8.93354 51.4035 -88.3394 -20.9919 -30.7488 -53.5896
8.82837 51.2495 -88.6074 -21.0739 -30.8678 -53.5757
8.7228 51.0948 -88.8752 -21.156 -30.987 -53.5615
8.61681 50.9396 -89.143 -21.2382 -31.1065 -53.547
8.51042 50.7837 -89.4107 -21.3206 -31.2261 -53.5322
8.40361 50.6273 -89.6783 -21.4032 -31.3459 -53.5171
8.29639 50.4703 -89.9458 -21.4859 -31.466 -53.5018
8.18875 50.3127 -90.2133 -21.5688 -31.5863 -53.4861
8.0807 50.1544 -90.4807 -21.6518 -31.7068 -53.4702
7.97223 49.9956 -90.748 -21.735 -31.8275 -53.4539
7.86335 49.8362 -91.0152 -21.8184 -31.9484 -53.4374
7.75405 49.6761 -91.2824 -21.9019 -32.0695 -53.4206
7.64433 49.5155 -91.5494 -21.9856 -32.1908 -53.4034
7.53419 49.3542 -91.8164 -22.0694 -32.3124 -53.386
7.42364 49.1923 -92.0833 -22.1535 -32.4342 -53.3683
7.31266 49.0299 -92.3501 -22.2377 -32.5562 -53.3503
7.20126 48.8668 -92.6168 -22.322 -32.6784 -53.3319
7.08944 48.7031 -92.8834 -22.4065 -32.8008 -53.3133
6.97719 48.5388 -93.1499 -22.4912 -32.9235 -53.2943
6.86453 48.3738 -93.4164 -22.5761 -33.0463 -53.2751
6.75143 48.2083 -93.6827 -22.6611 -33.1694 -53.2555
6.63792 48.0421 -93.9489 -22.7463 -33.2927 -53.2356
6.52397 47.8754 -94.215 -22.8317 -33.4163 -53.2154
6.4096 47.708 -94.4811 -22.9172 -33.54 -53.1949
6.2948 47.54 -94.747 -23.0029 -33.664 -53.1741
6.17957 47.3713 -95.0128 -23.0888 -33.7882 -53.1529
6.06391 47.2021 -95.2785 -23.1749 -33.9127 -53.1315
5.94782 47.0322 -95.5441 -23.2611 -34.0373 -53.1097
5.8313 46.8617 -95.8096 -23.3475 -34.1622 -53.0876
5.71435 46.6906 -96.075 -23.4341 -34.2873 -53.0651
5.59696 46.5188 -96.3403 -23.5208 -34.4126 -53.0423
5.47914 46.3465 -96.6054 -23.6078 -34.5382 -53.0192
5.36088 46.1735 -96.8705 -23.6949 -34.664 -52.9958
5.24219 45.9998 -97.1354 -23.7822 -34.79 -52.972
5.12306 45.8256 -97.4002 -23.8696 -34.9163 -52.9479
5.00349 45.6507 -97.6649 -23.9573 -35.0427 -52.9235
4.88349 45.4751 -97.9294 -24.0451 -35.1694 -52.8987
4.76304 45.299 -98.1938 -24.1331 -35.2964 -52.8736
4.64216 45.1222 -98.4581 -24.2213 -35.4235 -52.8482
4.52083 44.9447 -98.7223 -24.3097 -35.551 -52.8224
4.39906 44.7667 -98.9864 -24.3982 -35.6786 -52.7962
4.27685 44.5879 -99.2503 -24.4869 -35.8065 -52.7697
4.15419 44.4086 -99.5141 -24.5759 -35.9346 -52.7429
4.03109 44.2286 -99.7777 -24.665 -36.0629 -52.7157
3.90754 44.048 -100.041 -24.7543 -36.1915 -52.6882
3.78355 43.8667 -100.305 -24.8437 -36.3203 -52.6603
3.65911 43.6848 -100.568 -24.9334 -36.4493 -52.6321
3.53421 43.5022 -100.831 -25.0232 -36.5786 -52.6035
3.40887 43.319 -101.094 -25.1133 -36.7082 -52.5745
3.28308 43.1351 -101.357 -25.2035 -36.8379 -52.5452
3.15684 42.9506 -101.619 -25.2939 -36.9679 -52.5155
3.03014 42.7654 -101.882 -25.3845 -37.0982 -52.4855
2.90299 42.5796 -102.144 -25.4753 -37.2286 -52.4551
2.77539 42.3931 -102.406 -25.5663 -37.3594 -52.4243
2.64733 42.206 -102.668 -25.6574 -37.4903 -52.3931
2.51882 42.0182 -102.93 -25.7488 -37.6215 -52.3616
2.38984 41.8298 -103.192 -25.8404 -37.753 -52.3297
2.26041 41.6407 -103.454 -25.9321 -37.8847 -52.2975
2.13052 41.451 -103.715 -26.024 -38.0166 -52.2648
2.00017 41.2605 -103.976 -26.1162 -38.1488 -52.2318
1.86936 41.0695 -104.237 -26.2085 -38.2812 -52.1984
1.73809 40.8777 -104.498 -26.301 -38.4139 -52.1646
1.60635 40.6853 -104.759 -26.3938 -38.5468 -52.1305
1.47415 40.4923 -105.02 -26.4867 -38.68 -52.0959
1.34148 40.2985 -105.28 -26.5798 -38.8134 -52.061
1.20835 40.1041 -105.54 -26.6731 -38.947 -52.0257
1.07475 39.9091 -105.8 -26.7666 -39.081 -51.99
0.940687 39.7133 -106.06 -26.8603 -39.2151 -51.9539
0.806151 39.5169 -106.32 -26.9542 -39.3495 -51.9174
0.671145 39.3198 -106.579 -27.0483 -39.4842 -51.8805
0.535668 39.1221 -106.839 -27.1426 -39.6191 -51.8432
0.399719 38.9236 -107.098 -27.2371 -39.7542 -51.8055
0.263297 38.7245 -107.357 -27.3318 -39.8896 -51.7674
0.126402 38.5247 -107.615 -27.4267 -40.0253 -51.7289
-0.0109693 38.3243 -107.874 -27.5218 -40.1612 -51.6899
-0.148816 38.1231 -108.132 -27.6171 -40.2974 -51.6506
-0.28714 37.9213 -108.39 -27.7126 -40.4338 -51.6109
-0.425942 37.7188 -108.648 -27.8083 -40.5705 -51.5707
-0.565223 37.5156 -108.906 -27.9042 -40.7074 -51.5302
-0.704983 37.3117 -109.164 -28.0003 -40.8446 -51.4892
-0.845225 37.1071 -109.421 -28.0966 -40.982 -51.4478
-0.985949 36.9019 -109.678 -28.1931 -41.1197 -51.406
-1.12716 36.696 -109.935 -28.2898 -41.2577 -51.3638
-1.26885 36.4893 -110.192 -28.3868 -41.3959 -51.3211
-1.41102 36.282 -110.448 -28.4839 -41.5343 -51.278
-1.55369 36.074 -110.705 -28.5812 -41.673 -51.2345
-1.69684 35.8653 -110.961 -28.6788 -41.812 -51.1906
-1.84047 35.6559 -111.216 -28.7765 -41.9513 -51.1462
-1.9846 35.4457 -111.472 -28.8744 -42.0908 -51.1014
-2.12922 35.2349 -111.727 -28.9726 -42.2305 -51.0561
-2.27433 35.0234 -111.983 -29.071 -42.3705 -51.0104
-2.41993 34.8112 -112.238 -29.1695 -42.5108 -50.9643
-2.56602 34.5983 -112.492 -29.2683 -42.6513 -50.9177
-2.71261 34.3847 -112.747 -29.3673 -42.7921 -50.8707
-2.85969 34.1704 -113.001 -29.4664 -42.9332 -50.8232
-3.00727 33.9554 -113.255 -29.5658 -43.0745 -50.7752
-3.15535 33.7397 -113.509 -29.6654 -43.2161 -50.7269
-3.30393 33.5232 -113.762 -29.7652 -43.3579 -50.678
-3.453 33.3061 -114.015 -29.8653 -43.5 -50.6287
-3.60258 33.0882 -114.269 -29.9655 -43.6423 -50.579
-3.75266 32.8697 -114.521 -30.0659 -43.785 -50.5287
-3.90324 32.6504 -114.774 -30.1665 -43.9279 -50.478
-4.05432 32.4304 -115.026 -30.2674 -44.071 -50.4269
-4.20591 32.2097 -115.278 -30.3684 -44.2144 -50.3753
-4.35801 31.9882 -115.53 -30.4697 -44.3581 -50.3232
-4.51061 31.7661 -115.781 -30.5712 -44.502 -50.2706
-4.66372 31.5432 -116.033 -30.6729 -44.6462 -50.2175
-4.81734 31.3196 -116.283 -30.7747 -44.7907 -50.164
-4.97147 31.0953 -116.534 -30.8768 -44.9354 -50.11
-5.12611 30.8703 -116.785 -30.9791 -45.0804 -50.0555
-5.28126 30.6445 -117.035 -31.0817 -45.2257 -50.0005
-5.43692 30.418 -117.285 -31.1844 -45.3712 -49.945
-5.5931 30.1908 -117.534 -31.2873 -45.517 -49.889
-5.74979 29.9629 -117.783 -31.3905 -45.6631 -49.8325
-5.90701 29.7342 -118.032 -31.4938 -45.8094 -49.7755
-6.06473 29.5048 -118.281 -31.5974 -45.956 -49.7181
-6.22298 29.2746 -118.53 -31.7012 -46.1029 -49.6601
-6.38174 29.0437 -118.778 -31.8051 -46.25 -49.6016
-6.54103 28.8121 -119.026 -31.9093 -46.3974 -49.5426
-6.70084 28.5798 -119.273 -32.0137 -46.545 -49.4831
-6.86117 28.3467 -119.521 -32.1183 -46.693 -49.423
-7.02202 28.1128 -119.767 -32.2232 -46.8411 -49.3625
-7.1834 27.8782 -120.014 -32.3282 -46.9896 -49.3014
-7.3453 27.6429 -120.26 -32.4334 -47.1383 -49.2398
-7.50773 27.4069 -120.507 -32.5389 -47.2873 -49.1777
-7.67069 27.1701 -120.752 -32.6445 -47.4366 -49.115
-7.83418 26.9325 -120.998 -32.7504 -47.5861 -49.0518
-7.99819 26.6942 -121.243 -32.8565 -47.7359 -48.9881
-8.16274 26.4551 -121.488 -32.9628 -47.8859 -48.9238
-8.32782 26.2153 -121.732 -33.0693 -48.0362 -48.859
-8.49343 25.9748 -121.976 -33.176 -48.1868 -48.7936
-8.65958 25.7335 -122.22 -33.2829 -48.3377 -48.7277
-8.82626 25.4914 -122.463 -33.39 -48.4888 -48.6613
-8.99348 25.2486 -122.707 -33.4973 -48.6402 -48.5943
-9.16124 25.005 -122.949 -33.6049 -48.7919 -48.5267
-9.32953 24.7607 -123.192 -33.7126 -48.9438 -48.4585
-9.49836 24.5156 -123.434 -33.8206 -49.096 -48.3898
-9.66773 24.2697 -123.676 -33.9287 -49.2484 -48.3205
-9.83765 24.0231 -123.917 -34.0371 -49.4011 -48.2507
-10.0081 23.7757 -124.158 -34.1457 -49.5541 -48.1803
-10.1791 23.5275 -124.399 -34.2545 -49.7074 -48.1093
-10.3506 23.2786 -124.639 -34.3635 -49.8609 -48.0377
-10.5227 23.0289 -124.879 -34.4727 -50.0147 -47.9655
-10.6954 22.7785 -125.119 -34.5821 -50.1687 -47.8927
-10.8686 22.5272 -125.358 -34.6917 -50.323 -47.8194
-11.0423 22.2752 -125.597 -34.8015 -50.4776 -47.7454
-11.2166 22.0225 -125.836 -34.9116 -50.6324 -47.6709
-11.3914 21.7689 -126.074 -35.0218 -50.7875 -47.5957
-11.5668 21.5146 -126.312 -35.1323 -50.9429 -47.5199
-11.7427 21.2595 -126.549 -35.2429 -51.0985 -47.4435
-11.9192 21.0036 -126.786 -35.3538 -51.2544 -47.3665
-12.0963 20.7469 -127.023 -35.4649 -51.4106 -47.2889
-12.2739 20.4895 -127.259 -35.5761 -51.567 -47.2107
-12.452 20.2313 -127.495 -35.6876 -51.7237 -47.1318
-12.6307 19.9723 -127.73 -35.7993 -51.8806 -47.0523
-12.81 19.7125 -127.965 -35.9112 -52.0378 -46.9722
-12.9899 19.4519 -128.2 -36.0233 -52.1953 -46.8914
-13.1703 19.1905 -128.434 -36.1356 -52.353 -46.81
-13.3512 18.9284 -128.668 -36.2481 -52.511 -46.7279
-13.5327 18.6654 -128.902 -36.3608 -52.6692 -46.6452
-13.7148 18.4017 -129.135 -36.4737 -52.8277 -46.5618
-13.8975 18.1371 -129.367 -36.5869 -52.9865 -46.4778
-14.0807 17.8718 -129.599 -36.7002 -53.1455 -46.3931
-14.2645 17.6057 -129.831 -36.8137 -53.3048 -46.3077
-14.4488 17.3388 -130.062 -36.9274 -53.4643 -46.2217
-14.6337 17.071 -130.293 -37.0414 -53.6241 -46.135
-14.8192 16.8025 -130.524 -37.1555 -53.7842 -46.0476
-15.0053 16.5332 -130.754 -37.2698 -53.9445 -45.9595
-15.1919 16.2631 -130.983 -37.3844 -54.105 -45.8707
-15.3791 15.9921 -131.213 -37.4991 -54.2658 -45.7813
-15.5669 15.7204 -131.441 -37.6141 -54.4269 -45.6911
-15.7553 15.4479 -131.669 -37.7292 -54.5882 -45.6003
-15.9442 15.1745 -131.897 -37.8446 -54.7498 -45.5087
-16.1337 14.9004 -132.125 -37.9601 -54.9116 -45.4164
-16.3238 14.6254 -132.351 -38.0759 -55.0737 -45.3234
-16.5145 14.3496 -132.578 -38.1918 -55.236 -45.2297
-16.7057 14.073 -132.804 -38.308 -55.3986 -45.1352
-16.8976 13.7956 -133.029 -38.4243 -55.5614 -45.0401
-17.09 13.5174 -133.254 -38.5409 -55.7245 -44.9442
-17.283 13.2384 -133.479 -38.6576 -55.8878 -44.8475
-17.4766 12.9586 -133.703 -38.7746 -56.0514 -44.7501
-17.6707 12.6779 -133.926 -38.8917 -56.2152 -44.652
-17.8655 12.3964 -134.149 -39.0091 -56.3792 -44.5531
-18.0608 12.1141 -134.372 -39.1266 -56.5435 -44.4534
-18.2567 11.831 -134.594 -39.2444 -56.7081 -44.353
-18.4533 11.547 -134.815 -39.3623 -56.8729 -44.2518
-18.6504 11.2622 -135.036 -39.4805 -57.0379 -44.1498
-18.8481 10.9766 -135.257 -39.5988 -57.2032 -44.0471
-19.0464 10.6902 -135.477 -39.7173 -57.3687 -43.9436
-19.2452 10.403 -135.696 -39.836 -57.5344 -43.8392
-19.4447 10.1149 -135.915 -39.955 -57.7004 -43.7341
-19.6448 9.82595 -136.133 -40.0741 -57.8666 -43.6282
-19.8455 9.5362 -136.351 -40.1934 -58.0331 -43.5215
-20.0467 9.24562 -136.569 -40.3129 -58.1998 -43.4139
-20.2486 8.9542 -136.785 -40.4326 -58.3667 -43.3056
-20.451 8.66195 -137.002 -40.5525 -58.5338 -43.1964
-20.6541 8.36886 -137.217 -40.6726 -58.7012 -43.0864
-20.8578 8.07494 -137.433 -40.7929 -58.8688 -42.9756
-21.062 7.78018 -137.647 -40.9133 -59.0367 -42.8639
-21.2669 7.48457 -137.861 -41.034 -59.2047 -42.7514
-21.4724 7.18813 -138.075 -41.1549 -59.373 -42.638
-21.6784 6.89084 -138.288 -41.2759 -59.5416 -42.5238
-21.8851 6.59271 -138.5 -41.3971 -59.7103 -42.4087
-22.0924 6.29374 -138.712 -41.5186 -59.8793 -42.2928
-22.3003 5.99392 -138.923 -41.6402 -60.0485 -42.176
-22.5088 5.69326 -139.133 -41.762 -60.2179 -42.0583
-22.7179 5.39174 -139.343 -41.884 -60.3875 -41.9397
-22.9277 5.08938 -139.553 -42.0062 -60.5573 -41.8202
-23.138 4.78617 -139.762 -42.1286 -60.7274 -41.6998
-23.3489 4.48211 -139.97 -42.2511 -60.8977 -41.5786
-23.5605 4.17719 -140.177 -42.3739 -61.0682 -41.4564
-23.7727 3.87143 -140.384 -42.4968 -61.2389 -41.3333
-23.9855 3.56481 -140.591 -42.6199 -61.4098 -41.2093
-24.1989 3.25733 -140.796 -42.7432 -61.5809 -41.0843
-24.4129 2.949 -141.002 -42.8667 -61.7522 -40.9584
-24.6275 2.63981 -141.206 -42.9904 -61.9237 -40.8316
-24.8428 2.32976 -141.41 -43.1143 -62.0955 -40.7039
-25.0587 2.01885 -141.613 -43.2383 -62.2674 -40.5752
-25.2752 1.70709 -141.816 -43.3625 -62.4396 -40.4455
-25.4923 1.39446 -142.018 -43.4869 -62.6119 -40.3149
-25.7101 1.08097 -142.219 -43.6115 -62.7844 -40.1833
-25.9284 0.766614 -142.419 -43.7363 -62.9571 -40.0507
-26.1474 0.451396 -142.619 -43.8612 -63.1301 -39.9171
-26.367 0.135314 -142.819 -43.9864 -63.3032 -39.7826
-26.5873 -0.181635 -143.017 -44.1117 -63.4765 -39.647
-26.8082 -0.499451 -143.215 -44.2371 -63.65 -39.5105
-27.0297 -0.818134 -143.412 -44.3628 -63.8236 -39.3729
-27.2518 -1.13769 -143.609 -44.4886 -63.9975 -39.2343
-27.4745 -1.45811 -143.805 -44.6147 -64.1715 -39.0947
-27.6979 -1.7794 -144 -44.7408 -64.3458 -38.9541
-27.922 -2.10157 -144.194 -44.8672 -64.5202 -38.8124
-28.1466 -2.4246 -144.388 -44.9937 -64.6947 -38.6697
-28.3719 -2.74851 -144.581 -45.1204 -64.8695 -38.5259
-28.5978 -3.0733 -144.773 -45.2473 -65.0444 -38.3811
-28.8244 -3.39896 -144.965 -45.3744 -65.2195 -38.2352
-29.0516 -3.72549 -145.155 -45.5016 -65.3948 -38.0882
-29.2794 -4.0529 -145.345 -45.629 -65.5702 -37.9402
-29.5078 -4.38119 -145.535 -45.7565 -65.7458 -37.7911
-29.7369 -4.71036 -145.723 -45.8842 -65.9215 -37.6408
-29.9667 -5.04041 -145.911 -46.0121 -66.0974 -37.4895
-30.1971 -5.37134 -146.098 -46.1402 -66.2735 -37.3371
-30.4281 -5.70314 -146.285 -46.2684 -66.4497 -37.1835
-30.6597 -6.03583 -146.47 -46.3968 -66.6261 -37.0288
-30.892 -6.3694 -146.655 -46.5253 -66.8026 -36.873
-31.125 -6.70386 -146.839 -46.654 -66.9792 -36.7161
-31.3586 -7.03919 -147.022 -46.7829 -67.156 -36.558
-31.5928 -7.37542 -147.204 -46.9119 -67.333 -36.3987
-31.8277 -7.71252 -147.386 -47.041 -67.51 -36.2383
-32.0632 -8.05052 -147.567 -47.1704 -67.6873 -36.0767
-32.2994 -8.3894 -147.747 -47.2998 -67.8646 -35.914
-32.5362 -8.72916 -147.926 -47.4295 -68.0421 -35.75
-32.7737 -9.06982 -148.104 -47.5593 -68.2197 -35.5849
-33.0118 -9.41136 -148.282 -47.6892 -68.3974 -35.4186
-33.2506 -9.75379 -148.458 -47.8193 -68.5752 -35.251
-33.49 -10.0971 -148.634 -47.9495 -68.7532 -35.0823
-33.7301 -10.4413 -148.809 -48.0799 -68.9313 -34.9123
-33.9708 -10.7864 -148.983 -48.2104 -69.1095 -34.7411
-34.2122 -11.1324 -149.157 -48.3411 -69.2878 -34.5686
-34.4542 -11.4793 -149.329 -48.4719 -69.4662 -34.3949
-34.6969 -11.8271 -149.501 -48.6029 -69.6447 -34.22
-34.9403 -12.1757 -149.671 -48.7339 -69.8233 -34.0438
-35.1843 -12.5253 -149.841 -48.8652 -70.002 -33.8663
-35.4289 -12.8758 -150.01 -48.9965 -70.1808 -33.6875
-35.6742 -13.2271 -150.178 -49.128 -70.3596 -33.5074
-35.9202 -13.5794 -150.345 -49.2597 -70.5386 -33.3261
-36.1668 -13.9325 -150.511 -49.3914 -70.7176 -33.1434
-36.4141 -14.2865 -150.676 -49.5233 -70.8967 -32.9594
-36.662 -14.6415 -150.841 -49.6553 -71.0759 -32.7741
-36.9107 -14.9973 -151.004 -49.7874 -71.2552 -32.5875
-37.1599 -15.354 -151.167 -49.9197 -71.4345 -32.3995
-37.4098 -15.7116 -151.328 -50.0521 -71.6139 -32.2101
-37.6604 -16.0702 -151.489 -50.1846 -71.7933 -32.0194
-37.9117 -16.4296 -151.648 -50.3172 -71.9728 -31.8274
-38.1636 -16.7899 -151.807 -50.4499 -72.1524 -31.634
-38.4162 -17.1511 -151.965 -50.5827 -72.332 -31.4391
-38.6694 -17.5132 -152.121 -50.7157 -72.5116 -31.2429
-38.9233 -17.8762 -152.277 -50.8487 -72.6912 -31.0453
-39.1779 -18.2401 -152.432 -50.9819 -72.8709 -30.8463
-39.4332 -18.6049 -152.586 -51.1151 -73.0507 -30.6459
-39.6891 -18.9706 -152.738 -51.2485 -73.2304 -30.444
-39.9457 -19.3372 -152.89 -51.382 -73.4102 -30.2407
-40.2029 -19.7047 -153.041 -51.5155 -73.5899 -30.0359
-40.4608 -20.0731 -153.19 -51.6492 -73.7697 -29.8297
-40.7194 -20.4424 -153.339 -51.7829 -73.9495 -29.622
-40.9786 -20.8126 -153.487 -51.9167 -74.1293 -29.4129
-41.2386 -21.1837 -153.633 -52.0506 -74.3091 -29.2022
-41.4991 -21.5557 -153.779 -52.1846 -74.4888 -28.9901
-41.7604 -21.9286 -153.923 -52.3187 -74.6686 -28.7765
-42.0223 -22.3024 -154.066 -52.4528 -74.8483 -28.5613
-42.2849 -22.6771 -154.209 -52.587 -75.028 -28.3447
-42.5482 -23.0527 -154.35 -52.7213 -75.2076 -28.1265
-42.8121 -23.4292 -154.49 -52.8557 -75.3873 -27.9067
-43.0768 -23.8065 -154.629 -52.9901 -75.5668 -27.6854
-43.342 -24.1848 -154.767 -53.1245 -75.7464 -27.4626
-43.608 -24.564 -154.904 -53.2591 -75.9258 -27.2381
-43.8746 -24.9441 -155.039 -53.3937 -76.1052 -27.0121
-44.1419 -25.3251 -155.174 -53.5283 -76.2846 -26.7845
-44.4099 -25.7069 -155.307 -53.663 -76.4638 -26.5554
-44.6786 -26.0897 -155.439 -53.7977 -76.643 -26.3246
-44.9479 -26.4734 -155.57 -53.9325 -76.8221 -26.0921
-45.2179 -26.8579 -155.7 -54.0673 -77.0011 -25.8581
-45.4886 -27.2434 -155.829 -54.2021 -77.18 -25.6224
-45.7599 -27.6297 -155.956 -54.3369 -77.3588 -25.3851
-46.0319 -28.017 -156.083 -54.4718 -77.5374 -25.1461
-46.3046 -28.4051 -156.208 -54.6067 -77.716 -24.9054
-46.578 -28.7941 -156.332 -54.7417 -77.8944 -24.6631
-46.852 -29.184 -156.455 -54.8766 -78.0727 -24.419
-47.1268 -29.5748 -156.576 -55.0115 -78.2508 -24.1733
-47.4022 -29.9665 -156.696 -55.1465 -78.4288 -23.9259
-47.6782 -30.3591 -156.815 -55.2814 -78.6067 -23.6767
-47.955 -30.7526 -156.933 -55.4164 -78.7843 -23.4258
-48.2324 -31.147 -157.05 -55.5513 -78.9618 -23.1732
-48.5105 -31.5422 -157.165 -55.6862 -79.1391 -22.9188
-48.7892 -31.9384 -157.279 -55.8211 -79.3162 -22.6627
-49.0687 -32.3354 -157.391 -55.956 -79.4932 -22.4048
-49.3488 -32.7333 -157.503 -56.0908 -79.6699 -22.1451
-49.6296 -33.1321 -157.613 -56.2256 -79.8464 -21.8836
-49.9111 -33.5318 -157.722 -56.3604 -80.0227 -21.6203
-50.1932 -33.9323 -157.829 -56.4952 -80.1987 -21.3552
-50.476 -34.3337 -157.935 -56.6298 -80.3745 -21.0883
-50.7595 -34.7361 -158.04 -56.7645 -80.5501 -20.8195
-51.0437 -35.1392 -158.143 -56.8991 -80.7254 -20.5489
-51.3285 -35.5433 -158.245 -57.0336 -80.9004 -20.2765
-51.614 -35.9482 -158.346 -57.168 -81.0752 -20.0021
-51.9002 -36.3541 -158.445 -57.3024 -81.2497 -19.7259
-52.187 -36.7607 -158.543 -57.4367 -81.4239 -19.4479
-52.4745 -37.1683 -158.64 -57.5709 -81.5977 -19.1679
-52.7627 -37.5767 -158.735 -57.705 -81.7713 -18.886
-53.0516 -37.986 -158.829 -57.839 -81.9445 -18.6022
-53.3411 -38.3962 -158.921 -57.9729 -82.1174 -18.3165
-53.6313 -38.8072 -159.012 -58.1067 -82.29 -18.0288
-53.9222 -39.2191 -159.101 -58.2404 -82.4622 -17.7392
-54.2137 -39.6318 -159.189 -58.374 -82.634 -17.4476
-54.5059 -40.0454 -159.276 -58.5074 -82.8054 -17.154
-54.7988 -40.4599 -159.361 -58.6407 -82.9765 -16.8585
-55.0923 -40.8752 -159.444 -58.7739 -83.1472 -16.5609
-55.3865 -41.2913 -159.526 -58.9069 -83.3174 -16.2614
-55.6814 -41.7083 -159.607 -59.0398 -83.4872 -15.9598
-55.9769 -42.1262 -159.686 -59.1725 -83.6566 -15.6562
-56.2731 -42.5449 -159.764 -59.305 -83.8256 -15.3506
-56.57 -42.9645 -159.84 -59.4374 -83.9941 -15.043
-56.8675 -43.3848 -159.914 -59.5695 -84.1621 -14.7332
-57.1657 -43.8061 -159.987 -59.7015 -84.3296 -14.4214
-57.4645 -44.2281 -160.058 -59.8333 -84.4966 -14.1076
-57.764 -44.651 -160.128 -59.9649 -84.6632 -13.7916
-58.0642 -45.0748 -160.196 -60.0963 -84.8292 -13.4735
-58.365 -45.4993 -160.263 -60.2274 -84.9946 -13.1533
-58.6664 -45.9247 -160.328 -60.3584 -85.1596 -12.831
-58.9686 -46.3509 -160.391 -60.4891 -85.3239 -12.5066
-59.2713 -46.778 -160.453 -60.6195 -85.4877 -12.18
-59.5747 -47.2058 -160.513 -60.7497 -85.6509 -11.8513
-59.8788 -47.6345 -160.571 -60.8797 -85.8135 -11.5203
-60.1835 -48.0639 -160.628 -61.0094 -85.9755 -11.1873
-60.4889 -48.4942 -160.683 -61.1388 -86.1368 -10.852
-60.7949 -48.9253 -160.737 -61.2679 -86.2975 -10.5145
-61.1016 -49.3572 -160.788 -61.3967 -86.4576 -10.1748
-61.4089 -49.7899 -160.838 -61.5252 -86.6169 -9.83291
-61.7168 -50.2234 -160.887 -61.6535 -86.7756 -9.48877
-62.0254 -50.6576 -160.933 -61.7814 -86.9336 -9.14239
-62.3347 -51.0927 -160.978 -61.9089 -87.0908 -8.79376
-62.6445 -51.5285 -161.021 -62.0362 -87.2473 -8.44286
-62.955 -51.9652 -161.062 -62.1631 -87.4031 -8.08968
-63.2662 -52.4026 -161.102 -62.2896 -87.5581 -7.73422
-63.5779 -52.8408 -161.14 -62.4158 -87.7122 -7.37647
-63.8903 -53.2797 -161.176 -62.5416 -87.8656 -7.0164
-64.2033 -53.7194 -161.21 -62.667 -88.0182 -6.65402
-64.517 -54.1599 -161.242 -62.7921 -88.1699 -6.28931
-64.8313 -54.6011 -161.273 -62.9167 -88.3208 -5.92227
-65.1461 -55.0431 -161.302 -63.0409 -88.4708 -5.55287
-65.4617 -55.4858 -161.328 -63.1647 -88.6199 -5.18111
-65.7778 -55.9293 -161.353 -63.2881 -88.768 -4.80698
-66.0945 -56.3735 -161.376 -63.411 -88.9153 -4.43047
-66.4119 -56.8184 -161.398 -63.5334 -89.0616 -4.05156
-66.7299 -57.2641 -161.417 -63.6554 -89.2069 -3.67026
-67.0485 -57.7105 -161.434 -63.777 -89.3513 -3.28654
-67.3676 -58.1576 -161.45 -63.898 -89.4946 -2.90039
-67.6874 -58.6055 -161.463 -64.0186 -89.637 -2.51181
-68.0078 -59.054 -161.475 -64.1386 -89.7782 -2.12078
-68.3288 -59.5032 -161.485 -64.2582 -89.9185 -1.7273
-68.6504 -59.9532 -161.492 -64.3772 -90.0576 -1.33135
-68.9726 -60.4038 -161.498 -64.4956 -90.1956 -0.932926
-69.2954 -60.8551 -161.502 -64.6136 -90.3325 -0.532011
-69.6187 -61.3071 -161.503 -64.7309 -90.4682 -0.128596
-69.9427 -61.7598 -161.503 -64.8477 -90.6027 0.277328
-70.2672 -62.2132 -161.5 -64.9639 -90.7361 0.685772
-70.5923 -62.6672 -161.496 -65.0795 -90.8682 1.09675
-70.918 -63.1218 -161.489 -65.1945 -90.9991 1.51027
-71.2443 -63.5772 -161.481 -65.3089 -91.1288 1.92634
-71.5711 -64.0331 -161.47 -65.4226 -91.2571 2.34497
-71.8985 -64.4897 -161.457 -65.5357 -91.3842 2.76619
-72.2264 -64.947 -161.443 -65.6482 -91.5099 3.18998
-72.555 -65.4048 -161.426 -65.76 -91.6342 3.61638
-72.884 -65.8633 -161.406 -65.8711 -91.7572 4.04538
-73.2137 -66.3224 -161.385 -65.9815 -91.8787 4.47701
-73.5439 -66.7821 -161.362 -66.0912 -91.9989 4.91126
-73.8746 -67.2424 -161.336 -66.2002 -92.1175 5.34816
-74.2059 -67.7033 -161.308 -66.3084 -92.2347 5.78772
-74.5377 -68.1647 -161.278 -66.416 -92.3504 6.22994
-74.87 -68.6268 -161.246 -66.5227 -92.4645 6.67484
-75.2029 -69.0894 -161.211 -66.6287 -92.577 7.12244
-75.5363 -69.5525 -161.175 -66.7339 -92.688 7.57274
-75.8702 -70.0163 -161.136 -66.8384 -92.7973 8.02575
-76.2047 -70.4805 -161.094 -66.942 -92.905 8.4815
-76.5397 -70.9453 -161.051 -67.0448 -93.011 8.93999
-76.8751 -71.4106 -161.005 -67.1467 -93.1153 9.40124
-77.2111 -71.8765 -160.957 -67.2478 -93.2179 9.86526
-77.5476 -72.3428 -160.906 -67.3481 -93.3187 10.3321
-77.8846 -72.8096 -160.853 -67.4474 -93.4177 10.8017
-78.2221 -73.277 -160.798 -67.5459 -93.5149 11.2741
-78.5601 -73.7448 -160.741 -67.6435 -93.6102 11.7494
-78.8985 -74.2131 -160.681 -67.7401 -93.7036 12.2275
-79.2375 -74.6818 -160.618 -67.8359 -93.7951 12.7084
-79.5769 -75.151 -160.554 -67.9306 -93.8846 13.1923
-79.9168 -75.6207 -160.487 -68.0244 -93.9722 13.6791
-80.2571 -76.0908 -160.417 -68.1172 -94.0577 14.1687
-80.598 -76.5613 -160.345 -68.2091 -94.1412 14.6614
-80.9392 -77.0322 -160.27 -68.2999 -94.2226 15.1569
-81.281 -77.5035 -160.193 -68.3897 -94.3019 15.6555
-81.6231 -77.9752 -160.114 -68.4784 -94.379 16.1571
-81.9657 -78.4473 -160.032 -68.5661 -94.4539 16.6617
-82.3088 -78.9197 -159.947 -68.6527 -94.5265 17.1693
-82.6523 -79.3925 -159.86 -68.7381 -94.597 17.68
-82.9962 -79.8657 -159.77 -68.8225 -94.6651 18.1939
-83.3405 -80.3392 -159.678 -68.9057 -94.7308 18.7109
-83.6852 -80.813 -159.583 -68.9878 -94.7942 19.231
-84.0304 -81.2871 -159.486 -69.0687 -94.8552 19.7543
-84.3759 -81.7616 -159.386 -69.1484 -94.9137 20.2809
-84.7219 -82.2363 -159.283 -69.2269 -94.9697 20.8107
-85.0682 -82.7112 -159.178 -69.3041 -95.0232 21.3438
-85.4149 -83.1865 -159.069 -69.38 -95.0741 21.8803
-85.762 -83.662 -158.959 -69.4546 -95.1224 22.4201
-86.1094 -84.1377 -158.845 -69.5279 -95.1681 22.9634
-86.4573 -84.6137 -158.729 -69.5999 -95.211 23.5101
-86.8054 -85.0898 -158.61 -69.6704 -95.2513 24.0604
-87.154 -85.5662 -158.488 -69.7395 -95.2888 24.6142
-87.5028 -86.0427 -158.364 -69.8072 -95.3234 25.1716
-87.852 -86.5194 -158.237 -69.8733 -95.3552 25.7327
-88.2016 -86.9963 -158.107 -69.9379 -95.3842 26.2975
-88.5514 -87.4733 -157.974 -70.0008 -95.4102 26.8661
-88.9016 -87.9504 -157.838 -70.0622 -95.4333 27.4386
-89.252 -88.4276 -157.699 -70.1218 -95.4534 28.015
-89.6028 -88.9049 -157.558 -70.1797 -95.4705 28.5954
-89.9538 -89.3823 -157.413 -70.2357 -95.4845 29.1798
-90.3052 -89.8598 -157.266 -70.2899 -95.4955 29.7683
-90.6567 -90.3373 -157.116 -70.342 -95.5033 30.3611
-91.0086 -90.8148 -156.962 -70.3921 -95.5081 30.9581
-91.3607 -91.2923 -156.806 -70.4401 -95.5097 31.5595
-91.713 -91.7699 -156.647 -70.4859 -95.5081 32.1653
-92.0655 -92.2474 -156.485 -70.5293 -95.5034 32.7756
-92.4183 -92.7249 -156.319 -70.5702 -95.4955 33.3906
-92.7712 -93.2024 -156.151 -70.6086 -95.4844 34.0101
-93.1244 -93.6798 -155.979 -70.6443 -95.4702 34.6344
-93.4777 -94.1571 -155.804 -70.6771 -95.4528 35.2635
-93.8311 -94.6343 -155.626 -70.707 -95.4323 35.8974
-94.1847 -95.1114 -155.445 -70.7337 -95.4087 36.5363
-94.5385 -95.5884 -155.261 -70.757 -95.3821 37.1801
-94.8923 -96.0652 -155.073 -70.7769 -95.3525 37.8288
-95.2462 -96.5419 -154.883 -70.7931 -95.3199 38.4826
-95.6002 -97.0184 -154.689 -70.8054 -95.2844 39.1414
-95.9543 -97.4948 -154.491 -70.8137 -95.2462 39.8051
-96.3084 -97.9709 -154.291 -70.8176 -95.2052 40.4737
-96.6625 -98.4468 -154.087 -70.8171 -95.1616 41.1472
-97.0166 -98.9225 -153.879 -70.8119 -95.1156 41.8255
-97.3706 -99.398 -153.668 -70.8017 -95.0671 42.5084
-97.7246 -99.8732 -153.454 -70.7865 -95.0164 43.1958
-98.0785 -100.348 -153.236 -70.7659 -94.9636 43.8875
-98.4322 -100.823 -153.015 -70.7399 -94.9088 44.5833
-98.7859 -101.297 -152.79 -70.7082 -94.8522 45.2829
-99.1393 -101.771 -152.562 -70.6707 -94.7938 45.986
-99.4926 -102.245 -152.331 -70.6273 -94.7339 46.6922
-99.8456 -102.719 -152.095 -70.578 -94.6724 47.4014
-100.198 -103.192 -151.857 -70.5226 -94.6096 48.113
-100.551 -103.665 -151.614 -70.4611 -94.5456 48.8266
-100.903 -104.137 -151.368 -70.3936 -94.4803 49.5419
-101.255 -104.61 -151.119 -70.3201 -94.4139 50.2585
-101.606 -105.082 -150.866 -70.2407 -94.3464 50.9758
-101.957 -105.553 -150.609 -70.1555 -94.2779 51.6935
-102.308 -106.024 -150.349 -70.0647 -94.2082 52.4112
-102.658 -106.495 -150.085 -69.9685 -94.1374 53.1285
-103.007 -106.966 -149.818 -69.8671 -94.0654 53.8449
-103.356 -107.436 -149.547 -69.7606 -93.9922 54.5602
-103.705 -107.906 -149.272 -69.6495 -93.9175 55.2741
-104.053 -108.375 -148.994 -69.5339 -93.8414 55.9862
-104.4 -108.844 -148.712 -69.4141 -93.7637 56.6963
-104.747 -109.313 -148.427 -69.2904 -93.6841 57.4042
-105.093 -109.781 -148.138 -69.1631 -93.6026 58.1098
-105.439 -110.249 -147.846 -69.0323 -93.519 58.8129
-105.784 -110.716 -147.55 -68.8985 -93.4331 59.5135
-106.128 -111.183 -147.251 -68.7617 -93.3448 60.2114
-106.471 -111.65 -146.948 -68.6223 -93.2538 60.9066
-106.814 -112.116 -146.642 -68.4803 -93.1599 61.5991
-107.156 -112.581 -146.332 -68.3361 -93.0631 62.289
-107.497 -113.046 -146.019 -68.1897 -92.9632 62.9763
-107.838 -113.511 -145.702 -68.0414 -92.86 63.661
-108.178 -113.975 -145.382 -67.8911 -92.7533 64.3431
-108.517 -114.438 -145.059 -67.7391 -92.643 65.0228
-108.855 -114.901 -144.732 -67.5854 -92.529 65.7001
-109.193 -115.364 -144.402 -67.43 -92.4112 66.3752
-109.529 -115.826 -144.068 -67.2731 -92.2894 67.048
-109.865 -116.287 -143.731 -67.1146 -92.1636 67.7187
-110.201 -116.747 -143.391 -66.9546 -92.0337 68.3874
-110.535 -117.207 -143.047 -66.7931 -91.8995 69.0541
-110.869 -117.666 -142.7 -66.6301 -91.761 69.7189
-111.201 -118.125 -142.35 -66.4656 -91.6182 70.382
-111.533 -118.582 -141.997 -66.2996 -91.4709 71.0433
-111.864 -119.039 -141.64 -66.132 -91.3191 71.7029
-112.195 -119.496 -141.28 -65.9629 -91.1628 72.3609
-112.524 -119.951 -140.916 -65.7922 -91.0019 73.0173
-112.853 -120.406 -140.549 -65.6199 -90.8363 73.6722
-113.18 -120.859 -140.179 -65.4459 -90.6661 74.3256
-113.507 -121.312 -139.806 -65.2702 -90.4912 74.9775
-113.833 -121.764 -139.43 -65.0928 -90.3115 75.628
-114.158 -122.215 -139.05 -64.9136 -90.1271 76.2772
-114.482 -122.666 -138.667 -64.7325 -89.938 76.9249
-114.805 -123.115 -138.281 -64.5496 -89.744 77.5712
-115.128 -123.563 -137.891 -64.3648 -89.5452 78.2162
-115.449 -124.01 -137.498 -64.178 -89.3417 78.8597
-115.769 -124.456 -137.103 -63.9893 -89.1332 79.5019
-116.089 -124.902 -136.703 -63.7985 -88.92 80.1427
-116.407 -125.346 -136.301 -63.6056 -88.7019 80.7821
-116.725 -125.789 -135.896 -63.4106 -88.4789 81.42
-117.041 -126.23 -135.487 -63.2135 -88.2511 82.0565
-117.357 -126.671 -135.075 -63.0142 -88.0185 82.6915
-117.672 -127.111 -134.66 -62.8126 -87.781 83.325
-117.985 -127.549 -134.242 -62.6088 -87.5386 83.957
-118.298 -127.986 -133.82 -62.4027 -87.2914 84.5873
-118.609 -128.422 -133.396 -62.1943 -87.0393 85.2161
-118.92 -128.856 -132.968 -61.9835 -86.7824 85.8432
-119.229 -129.29 -132.537 -61.7704 -86.5207 86.4686
-119.537 -129.722 -132.104 -61.5548 -86.2541 87.0923
-119.845 -130.152 -131.667 -61.3368 -85.9827 87.7141
-120.151 -130.581 -131.226 -61.1164 -85.7065 88.3341
-120.456 -131.009 -130.783 -60.8934 -85.4255 88.9523
-120.76 -131.436 -130.337 -60.668 -85.1397 89.5684
-121.062 -131.861 -129.888 -60.4401 -84.8491 90.1826
-121.364 -132.284 -129.435 -60.2096 -84.5538 90.7947
-121.664 -132.706 -128.98 -59.9766 -84.2537 91.4047
-121.964 -133.127 -128.521 -59.7411 -83.9489 92.0124
-122.262 -133.546 -128.059 -59.5029 -83.6394 92.618
-122.559 -133.963 -127.595 -59.2622 -83.3252 93.2213
-122.855 -134.379 -127.127 -59.0189 -83.0063 93.8221
-123.149 -134.793 -126.657 -58.773 -82.6828 94.4206
-123.442 -135.206 -126.183 -58.5245 -82.3546 95.0166
-123.734 -135.617 -125.706 -58.2734 -82.0218 95.61
-124.025 -136.026 -125.227 -58.0196 -81.6844 96.2008
-124.314 -136.434 -124.744 -57.7633 -81.3424 96.7889
-124.603 -136.839 -124.259 -57.5043 -80.996 97.3742
-124.89 -137.243 -123.771 -57.2427 -80.6449 97.9567
-125.175 -137.646 -123.279 -56.9785 -80.2894 98.5364
-125.459 -138.046 -122.785 -56.7117 -79.9295 99.113
-125.742 -138.445 -122.288 -56.4423 -79.5651 99.6867
-126.024 -138.842 -121.789 -56.1703 -79.1963 100.257
-126.304 -139.237 -121.286 -55.8957 -78.8232 100.825
-126.583 -139.63 -120.78 -55.6185 -78.4457 101.389
-126.86 -140.022 -120.272 -55.3387 -78.0639 101.95
-127.136 -140.411 -119.761 -55.0564 -77.6778 102.507
-127.411 -140.798 -119.247 -54.7715 -77.2875 103.061
-127.684 -141.184 -118.73 -54.4841 -76.8931 103.612
-127.955 -141.567 -118.211 -54.1941 -76.4944 104.159
-128.226 -141.949 -117.689 -53.9017 -76.0916 104.702
-128.495 -142.328 -117.164 -53.6067 -75.6848 105.242
-128.762 -142.706 -116.636 -53.3093 -75.2739 105.778
-129.028 -143.081 -116.106 -53.0094 -74.859 106.31
-129.292 -143.454 -115.573 -52.7071 -74.4402 106.839
-129.555 -143.825 -115.038 -52.4023 -74.0174 107.363
-129.816 -144.194 -114.499 -52.0951 -73.5908 107.883
-130.076 -144.561 -113.959 -51.7856 -73.1603 108.399
-130.334 -144.926 -113.415 -51.4737 -72.7261 108.911
-130.59 -145.288 -112.87 -51.1595 -72.2881 109.419
-130.845 -145.649 -112.321 -50.843 -71.8465 109.923
-131.099 -146.007 -111.77 -50.5242 -71.4012 110.422
-131.351 -146.363 -111.217 -50.2032 -70.9524 110.917
-131.601 -146.716 -110.661 -49.8799 -70.5 111.408
-131.849 -147.068 -110.103 -49.5545 -70.0441 111.894
-132.096 -147.417 -109.542 -49.2269 -69.5848 112.375
-132.342 -147.764 -108.979 -48.8971 -69.1221 112.852
-132.585 -148.108 -108.414 -48.5652 -68.6561 113.324
-132.827 -148.45 -107.846 -48.2313 -68.1869 113.792
-133.068 -148.79 -107.276 -47.8953 -67.7144 114.254
-133.306 -149.127 -106.703 -47.5574 -67.2387 114.712
-133.543 -149.462 -106.129 -47.2174 -66.76 115.165
-133.778 -149.795 -105.552 -46.8755 -66.2782 115.613
-134.012 -150.125 -104.973 -46.5317 -65.7935 116.057
-134.244 -150.453 -104.391 -46.186 -65.3058 116.495
-134.474 -150.778 -103.808 -45.8385 -64.8152 116.928
-134.702 -151.101 -103.222 -45.4892 -64.3219 117.356
-134.929 -151.421 -102.634 -45.1382 -63.8258 117.779
-135.154 -151.739 -102.044 -44.7854 -63.327 118.197
-135.377 -152.055 -101.452 -44.4309 -62.8256 118.609
-135.598 -152.368 -100.858 -44.0748 -62.3216 119.016
-135.817 -152.678 -100.262 -43.7171 -61.8151 119.418
-136.035 -152.986 -99.6638 -43.3578 -61.3062 119.815
-136.251 -153.291 -99.0638 -42.997 -60.795 120.206
-136.465 -153.594 -98.4618 -42.6347 -60.2814 120.592
-136.677 -153.894 -97.8578 -42.2709 -59.7656 120.973
-136.888 -154.191 -97.252 -41.9058 -59.2476 121.348
-137.096 -154.486 -96.6444 -41.5392 -58.7274 121.717
-137.303 -154.779 -96.0349 -41.1714 -58.2053 122.081
-137.508 -155.068 -95.4235 -40.8023 -57.6811 122.44
-137.711 -155.355 -94.8105 -40.4319 -57.155 122.793
-137.912 -155.64 -94.1956 -40.0604 -56.6271 123.14
-138.112 -155.922 -93.5791 -39.6877 -56.0974 123.482
-138.309 -156.201 -92.9608 -39.3138 -55.5659 123.818
-138.505 -156.477 -92.3409 -38.9389 -55.0328 124.149
-138.699 -156.751 -91.7193 -38.563 -54.4981 124.473
-138.891 -157.022 -91.0961 -38.1861 -53.9619 124.793
-139.081 -157.291 -90.4714 -37.8083 -53.4242 125.106
-139.269 -157.557 -89.8451 -37.4295 -52.8852 125.414
-139.455 -157.82 -89.2172 -37.0499 -52.3448 125.716
-139.639 -158.08 -88.5879 -36.6695 -51.8031 126.012
-139.821 -158.338 -87.9571 -36.2884 -51.2603 126.303
-140.002 -158.593 -87.3249 -35.9065 -50.7163 126.588
-140.181 -158.845 -86.6912 -35.5239 -50.1712 126.867
-140.357 -159.094 -86.0562 -35.1407 -49.6252 127.14
-140.532 -159.341 -85.4198 -34.7569 -49.0782 127.408
-140.705 -159.585 -84.7821 -34.3725 -48.5303 127.67
-140.876 -159.826 -84.1431 -33.9876 -47.9816 127.926
-141.045 -160.065 -83.5029 -33.6023 -47.4322 128.176
-141.212 -160.301 -82.8614 -33.2165 -46.8821 128.421
-141.377 -160.534 -82.2187 -32.8304 -46.3314 128.66
-141.54 -160.764 -81.5748 -32.4439 -45.7802 128.893
-141.701 -160.992 -80.9297 -32.0571 -45.2285 129.121
-141.861 -161.216 -80.2836 -31.6701 -44.6763 129.342
-142.018 -161.438 -79.6363 -31.2828 -44.1238 129.558
-142.173 -161.658 -78.988 -30.8954 -43.5709 129.769
-142.327 -161.874 -78.3386 -30.5078 -43.0179 129.973
-142.478 -162.088 -77.6882 -30.1202 -42.4646 130.172
-142.628 -162.299 -77.0369 -29.7325 -41.9112 130.365
-142.776 -162.507 -76.3846 -29.3447 -41.3578 130.553
-142.922 -162.712 -75.7314 -28.957 -40.8044 130.735
-143.065 -162.915 -75.0772 -28.5694 -40.251 130.911
-143.207 -163.115 -74.4222 -28.1819 -39.6977 131.082
-143.347 -163.312 -73.7664 -27.7945 -39.1447 131.247
-143.485 -163.506 -73.1098 -27.4074 -38.5918 131.407
-143.621 -163.698 -72.4523 -27.0204 -38.0392 131.561
-143.755 -163.887 -71.7942 -26.6337 -37.487 131.71
-143.888 -164.073 -71.1352 -26.2473 -36.9352 131.853
-144.018 -164.256 -70.4756 -25.8612 -36.3838 131.99
-144.146 -164.437 -69.8153 -25.4755 -35.8329 132.123
-144.273 -164.614 -69.1544 -25.0902 -35.2826 132.249
-144.397 -164.789 -68.4928 -24.7053 -34.7329 132.371
-144.52 -164.962 -67.8307 -24.3209 -34.1838 132.487
-144.64 -165.131 -67.168 -23.9371 -33.6355 132.598
-144.759 -165.298 -66.5047 -23.5537 -33.0879 132.703
-144.876 -165.462 -65.8409 -23.171 -32.5412 132.803
-144.991 -165.623 -65.1767 -22.7888 -31.9953 132.898
-145.104 -165.782 -64.512 -22.4073 -31.4503 132.988
-145.215 -165.938 -63.8468 -22.0265 -30.9062 133.073
-145.324 -166.091 -63.1812 -21.6463 -30.3632 133.152
-145.431 -166.242 -62.5153 -21.267 -29.8212 133.226
-145.537 -166.389 -61.849 -20.8883 -29.2803 133.296
-145.64 -166.534 -61.1823 -20.5105 -28.7405 133.36
-145.742 -166.677 -60.5154 -20.1335 -28.2019 133.419
-145.842 -166.816 -59.8481 -19.7574 -27.6646 133.474
-145.939 -166.953 -59.1806 -19.3821 -27.1285 133.523
-146.035 -167.088 -58.5129 -19.0077 -26.5937 133.568
-146.129 -167.219 -57.845 -18.6343 -26.0602 133.607
-146.222 -167.348 -57.1768 -18.2619 -25.5282 133.642
-146.312 -167.475 -56.5085 -17.8904 -24.9975 133.672
-146.401 -167.598 -55.8401 -17.52 -24.4683 133.698
-146.487 -167.719 -55.1716 -17.1506 -23.9406 133.719
-146.572 -167.838 -54.5029 -16.7823 -23.4145 133.735
-146.655 -167.953 -53.8342 -16.415 -22.8899 133.746
-146.736 -168.067 -53.1655 -16.0489 -22.3669 133.753
