-75 100 -25 0 0 49
-75 99.9997 -24.7551 -0.0109082 -0.104707 48.9672
-75.0001 99.999 -24.5103 -0.0217933 -0.209347 48.9344
-75.0002 99.9976 -24.2657 -0.0326552 -0.313919 48.9015
-75.0004 99.9958 -24.0213 -0.0434937 -0.418425 48.8685
-75.0007 99.9935 -23.7771 -0.0543088 -0.522865 48.8355
-75.001 99.9906 -23.533 -0.0651003 -0.627239 48.8025
-75.0013 99.9872 -23.289 -0.0758681 -0.731548 48.7694
-75.0017 99.9833 -23.0453 -0.0866121 -0.835793 48.7363
-75.0022 99.9788 -22.8017 -0.0973322 -0.939975 48.7032
-75.0027 99.9739 -22.5582 -0.108028 -1.04409 48.6699
-75.0033 99.9684 -22.315 -0.1187 -1.14815 48.6367
-75.0039 99.9624 -22.0719 -0.129348 -1.25214 48.6034
-75.0046 99.9559 -21.8289 -0.139971 -1.35608 48.57
-75.0053 99.9488 -21.5862 -0.150569 -1.45995 48.5366
-75.0061 99.9413 -21.3436 -0.161143 -1.56376 48.5032
-75.0069 99.9332 -21.1011 -0.171692 -1.66751 48.4697
-75.0078 99.9246 -20.8589 -0.182216 -1.77121 48.4362
-75.0087 99.9155 -20.6168 -0.192715 -1.87484 48.4026
-75.0097 99.9058 -20.3748 -0.203188 -1.97842 48.369
-75.0108 99.8957 -20.1331 -0.213636 -2.08194 48.3353
-75.0119 99.885 -19.8915 -0.224059 -2.18541 48.3016
-75.013 99.8738 -19.6501 -0.234456 -2.28882 48.2678
-75.0142 99.8621 -19.4088 -0.244826 -2.39217 48.234
-75.0155 99.8499 -19.1677 -0.255171 -2.49547 48.2002
-75.0168 99.8372 -18.9268 -0.265489 -2.59872 48.1663
-75.0181 99.8239 -18.6861 -0.275782 -2.70191 48.1324
-75.0195 99.8102 -18.4455 -0.286047 -2.80505 48.0984
-75.021 99.7959 -18.2051 -0.296286 -2.90814 48.0643
-75.0225 99.7811 -17.9648 -0.306497 -3.01117 48.0303
-75.024 99.7658 -17.7248 -0.316682 -3.11416 47.9961
-75.0256 99.7499 -17.4849 -0.326839 -3.21709 47.962
-75.0273 99.7336 -17.2452 -0.336969 -3.31998 47.9278
-75.029 99.7167 -17.0056 -0.347072 -3.42282 47.8935
-75.0308 99.6994 -16.7662 -0.357146 -3.52561 47.8592
-75.0326 99.6815 -16.527 -0.367192 -3.62835 47.8249
-75.0344 99.6631 -16.288 -0.37721 -3.73104 47.7905
-75.0364 99.6442 -16.0491 -0.3872 -3.83369 47.7561
-75.0383 99.6247 -15.8104 -0.397161 -3.93629 47.7216
-75.0403 99.6048 -15.5719 -0.407093 -4.03885 47.6871
-75.0424 99.5844 -15.3335 -0.416997 -4.14136 47.6525
-75.0445 99.5634 -15.0954 -0.426871 -4.24383 47.6179
-75.0467 99.5419 -14.8574 -0.436715 -4.34625 47.5832
-75.0489 99.5199 -14.6195 -0.44653 -4.44864 47.5485
-75.0511 99.4974 -14.3819 -0.456316 -4.55098 47.5138
-75.0534 99.4744 -14.1444 -0.466071 -4.65328 47.479
-75.0558 99.4509 -13.9071 -0.475796 -4.75554 47.4442
-75.0582 99.4269 -13.67 -0.485491 -4.85775 47.4093
-75.0606 99.4023 -13.433 -0.495154 -4.95994 47.3744
-75.0631 99.3773 -13.1962 -0.504787 -5.06208 47.3394
-75.0657 99.3517 -12.9596 -0.51439 -5.16418 47.3044
-75.0683 99.3256 -12.7232 -0.52396 -5.26625 47.2693
-75.0709 99.299 -12.4869 -0.5335 -5.36828 47.2342
-75.0736 99.2719 -12.2508 -0.543007 -5.47027 47.1991
-75.0764 99.2443 -12.0149 -0.552483 -5.57223 47.1639
-75.0791 99.2162 -11.7792 -0.561927 -5.67415 47.1287
-75.082 99.1876 -11.5436 -0.571338 -5.77604 47.0934
-75.0849 99.1585 -11.3082 -0.580717 -5.8779 47.0581
-75.0878 99.1288 -11.073 -0.590063 -5.97973 47.0227
-75.0908 99.0987 -10.838 -0.599376 -6.08152 46.9873
-75.0938 99.068 -10.6032 -0.608656 -6.18328 46.9518
-75.0968 99.0368 -10.3685 -0.617903 -6.28501 46.9163
-75.1 99.0052 -10.134 -0.627116 -6.38671 46.8807
-75.1031 98.973 -9.8997 -0.636296 -6.48838 46.8451
-75.1063 98.9403 -9.66556 -0.645442 -6.59003 46.8095
-75.1096 98.9071 -9.4316 -0.654554 -6.69164 46.7738
-75.1129 98.8734 -9.19782 -0.663631 -6.79323 46.738
-75.1162 98.8391 -8.96422 -0.672674 -6.89479 46.7022
-75.1196 98.8044 -8.7308 -0.681683 -6.99633 46.6664
-75.123 98.7692 -8.49756 -0.690657 -7.09784 46.6305
-75.1265 98.7334 -8.26449 -0.699596 -7.19933 46.5946
-75.13 98.6972 -8.03161 -0.7085 -7.30079 46.5586
-75.1336 98.6604 -7.79891 -0.717369 -7.40223 46.5226
-75.1372 98.6232 -7.56638 -0.726202 -7.50364 46.4865
-75.1408 98.5854 -7.33404 -0.735 -7.60504 46.4504
-75.1445 98.5471 -7.10188 -0.743763 -7.70641 46.4142
-75.1483 98.5083 -6.8699 -0.75249 -7.80776 46.378
-75.1521 98.469 -6.6381 -0.761181 -7.9091 46.3417
-75.1559 98.4292 -6.40648 -0.769837 -8.01041 46.3054
-75.1598 98.3889 -6.17505 -0.778456 -8.1117 46.269
-75.1637 98.3481 -5.94379 -0.78704 -8.21298 46.2326
-75.1676 98.3068 -5.71272 -0.795587 -8.31424 46.1961
-75.1716 98.265 -5.48183 -0.804099 -8.41548 46.1596
-75.1757 98.2226 -5.25113 -0.812575 -8.5167 46.123
-75.1798 98.1798 -5.0206 -0.821014 -8.61791 46.0864
-75.1839 98.1365 -4.79026 -0.829418 -8.7191 46.0497
-75.1881 98.0926 -4.5601 -0.837786 -8.82028 46.013
-75.1923 98.0483 -4.33013 -0.846117 -8.92144 45.9762
-75.1965 98.0034 -4.10034 -0.854413 -9.02259 45.9393
-75.2008 97.958 -3.87074 -0.862673 -9.12372 45.9024
-75.2051 97.9122 -3.64132 -0.870898 -9.22484 45.8655
-75.2095 97.8658 -3.41208 -0.879087 -9.32595 45.8285
-75.2139 97.8189 -3.18303 -0.887241 -9.42704 45.7914
-75.2184 97.7715 -2.95417 -0.895359 -9.52813 45.7543
-75.2229 97.7236 -2.72549 -0.903443 -9.6292 45.7171
-75.2274 97.6752 -2.497 -0.911492 -9.73026 45.6798
-75.232 97.6263 -2.26869 -0.919507 -9.83131 45.6425
-75.2366 97.5769 -2.04057 -0.927487 -9.93234 45.6052
-75.2413 97.527 -1.81264 -0.935434 -10.0334 45.5678
-75.246 97.4766 -1.5849 -0.943347 -10.1344 45.5303
-75.2507 97.4256 -1.35734 -0.951228 -10.2354 45.4927
-75.2555 97.3742 -1.12997 -0.959075 -10.3364 45.4551
-75.2603 97.3223 -0.902787 -0.966891 -10.4374 45.4175
-75.2652 97.2698 -0.675794 -0.974675 -10.5383 45.3797
-75.27 97.2169 -0.44899 -0.982428 -10.6393 45.3419
-75.275 97.1634 -0.222375 -0.99015 -10.7403 45.3041
-75.2799 97.1095 0.00405112 -0.997843 -10.8412 45.2662
-75.285 97.055 0.230287 -1.00551 -10.9421 45.2282
-75.29 97.0001 0.456333 -1.01314 -11.0431 45.1901
-75.2951 96.9446 0.682188 -1.02075 -11.144 45.152
-75.3002 96.8886 0.907853 -1.02833 -11.2449 45.1138
-75.3054 96.8322 1.13333 -1.03588 -11.3458 45.0755
-75.3106 96.7752 1.35861 -1.04341 -11.4466 45.0372
-75.3158 96.7177 1.5837 -1.05092 -11.5475 44.9988
-75.3211 96.6597 1.8086 -1.0584 -11.6484 44.9603
-75.3264 96.6012 2.0333 -1.06586 -11.7492 44.9217
-75.3317 96.5422 2.25781 -1.0733 -11.85 44.8831
-75.3371 96.4827 2.48213 -1.08071 -11.9508 44.8444
-75.3425 96.4227 2.70626 -1.08811 -12.0516 44.8057
-75.348 96.3622 2.93019 -1.0955 -12.1524 44.7668
-75.3535 96.3012 3.15393 -1.10286 -12.2532 44.7279
-75.359 96.2397 3.37747 -1.11022 -12.3539 44.6889
-75.3646 96.1776 3.60081 -1.11756 -12.4547 44.6498
-75.3702 96.1151 3.82397 -1.12488 -12.5554 44.6107
-75.3758 96.0521 4.04692 -1.1322 -12.6561 44.5714
-75.3815 95.9885 4.26968 -1.13951 -12.7567 44.5321
-75.3872 95.9245 4.49224 -1.14681 -12.8574 44.4927
-75.393 95.86 4.71461 -1.15411 -12.958 44.4533
-75.3988 95.7949 4.93677 -1.16141 -13.0586 44.4137
-75.4046 95.7294 5.15874 -1.1687 -13.1592 44.3741
-75.4105 95.6633 5.38052 -1.176 -13.2597 44.3344
-75.4164 95.5968 5.60209 -1.1833 -13.3602 44.2946
-75.4223 95.5297 5.82346 -1.19061 -13.4607 44.2548
-75.4283 95.4622 6.04464 -1.19792 -13.5612 44.2148
-75.4343 95.3941 6.26561 -1.20524 -13.6616 44.1748
-75.4403 95.3256 6.48639 -1.21258 -13.762 44.1347
-75.4464 95.2565 6.70696 -1.21993 -13.8623 44.0946
-75.4525 95.1869 6.92733 -1.2273 -13.9626 44.0543
-75.4587 95.1169 7.1475 -1.23469 -14.0629 44.014
-75.4649 95.0463 7.36747 -1.2421 -14.1631 43.9735
-75.4711 94.9753 7.58724 -1.24954 -14.2633 43.9331
-75.4774 94.9037 7.8068 -1.25701 -14.3634 43.8925
-75.4837 94.8316 8.02616 -1.26451 -14.4635 43.8518
-75.49 94.759 8.24532 -1.27204 -14.5635 43.8111
-75.4964 94.686 8.46427 -1.27961 -14.6635 43.7703
-75.5028 94.6124 8.68302 -1.28723 -14.7634 43.7295
-75.5093 94.5383 8.90157 -1.29489 -14.8633 43.6885
-75.5158 94.4638 9.11991 -1.30259 -14.9631 43.6475
-75.5223 94.3887 9.33804 -1.31035 -15.0628 43.6064
-75.5289 94.3132 9.55597 -1.31817 -15.1625 43.5653
-75.5355 94.2371 9.7737 -1.32604 -15.2621 43.524
-75.5421 94.1605 9.99121 -1.33398 -15.3617 43.4827
-75.5488 94.0835 10.2085 -1.34198 -15.4611 43.4414
-75.5555 94.0059 10.4256 -1.35005 -15.5605 43.4
-75.5623 93.9279 10.6425 -1.3582 -15.6599 43.3585
-75.5691 93.8493 10.8592 -1.36643 -15.7591 43.317
-75.576 93.7703 11.0757 -1.37474 -15.8583 43.2754
-75.5829 93.6907 11.292 -1.38314 -15.9573 43.2337
-75.5898 93.6107 11.508 -1.39163 -16.0563 43.192
-75.5968 93.5302 11.7239 -1.40022 -16.1552 43.1503
-75.6038 93.4492 11.9395 -1.40891 -16.254 43.1085
-75.6109 93.3676 12.155 -1.41771 -16.3528 43.0666
-75.618 93.2856 12.3702 -1.42662 -16.4514 43.0247
-75.6251 93.2031 12.5852 -1.43564 -16.5499 42.9828
-75.6323 93.1201 12.8 -1.44479 -16.6483 42.9409
-75.6396 93.0366 13.0146 -1.45407 -16.7466 42.8989
-75.6469 92.9527 13.229 -1.46348 -16.8448 42.8568
-75.6542 92.8682 13.4432 -1.47302 -16.9429 42.8148
-75.6616 92.7832 13.6572 -1.48271 -17.0409 42.7727
-75.6691 92.6978 13.8709 -1.49255 -17.1388 42.7306
-75.6765 92.6118 14.0845 -1.50255 -17.2365 42.6885
-75.6841 92.5254 14.2978 -1.51271 -17.3341 42.6464
-75.6917 92.4385 14.5109 -1.52303 -17.4316 42.6042
-75.6993 92.3511 14.7238 -1.53353 -17.529 42.5621
-75.707 92.2632 14.9366 -1.54422 -17.6262 42.5199
-75.7148 92.1748 15.149 -1.55509 -17.7233 42.4777
-75.7226 92.086 15.3613 -1.56616 -17.8203 42.4356
-75.7304 91.9966 15.5734 -1.57743 -17.9171 42.3935
-75.7383 91.9068 15.7853 -1.58891 -18.0138 42.3513
-75.7463 91.8165 15.9969 -1.6006 -18.1104 42.3092
-75.7543 91.7257 16.2084 -1.61253 -18.2068 42.2671
-75.7624 91.6344 16.4196 -1.62468 -18.3031 42.225
-75.7706 91.5427 16.6306 -1.63708 -18.3992 42.183
-75.7788 91.4504 16.8414 -1.64973 -18.4951 42.1409
-75.7871 91.3577 17.052 -1.66264 -18.5909 42.0989
-75.7954 91.2645 17.2624 -1.67581 -18.6865 42.057
-75.8038 91.1709 17.4726 -1.68927 -18.782 42.015
-75.8123 91.0767 17.6826 -1.703 -18.8773 41.9732
-75.8209 90.9821 17.8923 -1.71704 -18.9724 41.9313
-75.8295 90.887 18.1019 -1.73138 -19.0674 41.8895
-75.8382 90.7914 18.3112 -1.74604 -19.1622 41.8478
-75.847 90.6954 18.5204 -1.76102 -19.2568 41.8061
-75.8558 90.5988 18.7293 -1.77635 -19.3512 41.7645
-75.8647 90.5019 18.938 -1.79202 -19.4454 41.7229
-75.8737 90.4044 19.1465 -1.80805 -19.5395 41.6814
-75.8828 90.3065 19.3548 -1.82446 -19.6333 41.6399
-75.892 90.2081 19.5629 -1.84125 -19.727 41.5985
-75.9012 90.1092 19.7708 -1.85844 -19.8204 41.5572
-75.9105 90.0099 19.9785 -1.87603 -19.9137 41.5159
-75.92 89.9101 20.186 -1.89405 -20.0067 41.4747
-75.9295 89.8098 20.3932 -1.91251 -20.0995 41.4336
-75.9391 89.7091 20.6003 -1.93141 -20.1921 41.3925
-75.9488 89.6079 20.8072 -1.95078 -20.2845 41.3515
-75.9586 89.5062 21.0138 -1.97062 -20.3767 41.3105
-75.9685 89.4041 21.2203 -1.99096 -20.4686 41.2696
-75.9785 89.3015 21.4265 -2.0118 -20.5603 41.2287
-75.9886 89.1985 21.6325 -2.03317 -20.6518 41.1879
-75.9989 89.095 21.8384 -2.05507 -20.743 41.1471
-76.0092 88.9911 22.044 -2.07752 -20.834 41.1064
-76.0196 88.8867 22.2494 -2.10054 -20.9247 41.0657
-76.0302 88.7818 22.4547 -2.12415 -21.0152 41.025
-76.0409 88.6765 22.6597 -2.14835 -21.1054 40.9844
-76.0517 88.5708 22.8645 -2.17316 -21.1953 40.9437
-76.0626 88.4646 23.0691 -2.19861 -21.285 40.9031
-76.0737 88.3579 23.2735 -2.2247 -21.3744 40.8624
-76.0849 88.2508 23.4778 -2.25144 -21.4635 40.8217
-76.0962 88.1433 23.6818 -2.27887 -21.5523 40.7809
-76.1076 88.0353 23.8856 -2.30698 -21.6408 40.7401
-76.1192 87.9269 24.0892 -2.33579 -21.729 40.6992
-76.131 87.818 24.2926 -2.36532 -21.817 40.6582
-76.1429 87.7087 24.4957 -2.39558 -21.9046 40.6171
-76.155 87.599 24.6987 -2.42658 -21.9919 40.5759
-76.1672 87.4888 24.9015 -2.45833 -22.0789 40.5345
-76.1795 87.3782 25.1041 -2.49085 -22.1655 40.4929
-76.1921 87.2671 25.3064 -2.52413 -22.2518 40.4512
-76.2048 87.1557 25.5086 -2.55819 -22.3378 40.4092
-76.2177 87.0437 25.7105 -2.59303 -22.4235 40.3669
-76.2307 86.9314 25.9123 -2.62866 -22.5088 40.3243
-76.2439 86.8187 26.1138 -2.66508 -22.5938 40.2814
-76.2574 86.7055 26.3151 -2.70228 -22.6784 40.2382
-76.271 86.5919 26.5162 -2.74027 -22.7627 40.1946
-76.2848 86.4779 26.717 -2.77905 -22.8467 40.1505
-76.2988 86.3634 26.9177 -2.8186 -22.9303 40.106
-76.313 86.2485 27.1181 -2.85892 -23.0135 40.061
-76.3274 86.1333 27.3183 -2.89998 -23.0964 40.0155
-76.342 86.0176 27.5182 -2.94179 -23.179 39.9694
-76.3568 85.9015 27.718 -2.98431 -23.2612 39.9226
-76.3718 85.785 27.9175 -3.02754 -23.3431 39.8753
-76.3871 85.6681 28.1167 -3.07143 -23.4246 39.8273
-76.4025 85.5507 28.3157 -3.11598 -23.5059 39.7785
-76.4182 85.433 28.5145 -3.16113 -23.5868 39.729
-76.4341 85.3149 28.713 -3.20687 -23.6673 39.6787
-76.4503 85.1963 28.9113 -3.25315 -23.7476 39.6276
-76.4667 85.0774 29.1093 -3.29993 -23.8276 39.5757
-76.4833 84.958 29.307 -3.34717 -23.9073 39.5228
-76.5001 84.8383 29.5045 -3.39483 -23.9867 39.4691
-76.5172 84.7182 29.7017 -3.44285 -24.0659 39.4144
-76.5346 84.5977 29.8987 -3.49119 -24.1448 39.3588
-76.5521 84.4767 30.0953 -3.53979 -24.2235 39.3022
-76.57 84.3554 30.2917 -3.58861 -24.3019 39.2446
-76.588 84.2337 30.4878 -3.63757 -24.3802 39.186
-76.6063 84.1116 30.6835 -3.68664 -24.4583 39.1265
-76.6249 83.9891 30.879 -3.73574 -24.5362 39.0659
-76.6437 83.8663 31.0742 -3.78484 -24.614 39.0043
-76.6627 83.743 31.2691 -3.83385 -24.6916 38.9416
-76.682 83.6193 31.4636 -3.88274 -24.7692 38.878
-76.7016 83.4953 31.6578 -3.93145 -24.8466 38.8134
-76.7214 83.3709 31.8517 -3.97992 -24.924 38.7478
-76.7414 83.2461 32.0453 -4.0281 -25.0013 38.6813
-76.7616 83.1209 32.2386 -4.07593 -25.0785 38.6138
-76.7821 82.9953 32.4315 -4.12338 -25.1558 38.5454
-76.8029 82.8693 32.624 -4.17039 -25.233 38.4761
-76.8238 82.7429 32.8162 -4.21692 -25.3102 38.406
-76.845 82.6162 33.0081 -4.26293 -25.3875 38.335
-76.8665 82.4891 33.1996 -4.30838 -25.4648 38.2632
-76.8881 82.3615 33.3907 -4.35324 -25.5422 38.1906
-76.91 82.2336 33.5815 -4.39748 -25.6197 38.1173
-76.9321 82.1053 33.7719 -4.44107 -25.6972 38.0434
-76.9544 81.9767 33.9619 -4.48398 -25.7748 37.9687
-76.9769 81.8476 34.1516 -4.52619 -25.8525 37.8935
-76.9997 81.7181 34.3408 -4.56769 -25.9304 37.8176
-77.0226 81.5883 34.5297 -4.60846 -26.0084 37.7413
-77.0458 81.4581 34.7182 -4.64848 -26.0865 37.6644
-77.0691 81.3274 34.9064 -4.68776 -26.1647 37.587
-77.0926 81.1964 35.0941 -4.72627 -26.2431 37.5093
-77.1164 81.065 35.2815 -4.76402 -26.3217 37.4311
-77.1403 80.9332 35.4684 -4.80101 -26.4004 37.3526
-77.1644 80.801 35.655 -4.83723 -26.4792 37.2737
-77.1886 80.6684 35.8412 -4.87269 -26.5583 37.1946
-77.2131 80.5354 36.0269 -4.90739 -26.6374 37.1152
-77.2377 80.402 36.2123 -4.94135 -26.7168 37.0355
-77.2625 80.2682 36.3973 -4.97456 -26.7963 36.9557
-77.2875 80.1341 36.5819 -5.00704 -26.876 36.8757
-77.3126 79.9995 36.766 -5.0388 -26.9559 36.7955
-77.3378 79.8645 36.9498 -5.06985 -27.036 36.7153
-77.3633 79.7291 37.1332 -5.1002 -27.1162 36.6349
-77.3888 79.5933 37.3162 -5.12987 -27.1965 36.5544
-77.4146 79.4572 37.4987 -5.15887 -27.2771 36.4739
-77.4404 79.3206 37.6809 -5.18721 -27.3578 36.3933
-77.4664 79.1836 37.8627 -5.21492 -27.4387 36.3127
-77.4926 79.0462 38.044 -5.242 -27.5197 36.2321
-77.5189 78.9084 38.225 -5.26848 -27.6009 36.1515
-77.5453 78.7702 38.4056 -5.29436 -27.6822 36.0709
-77.5718 78.6316 38.5857 -5.31967 -27.7637 35.9903
-77.5985 78.4925 38.7655 -5.34442 -27.8453 35.9098
-77.6252 78.3531 38.9448 -5.36863 -27.9271 35.8293
-77.6521 78.2133 39.1238 -5.39232 -28.009 35.7489
-77.6792 78.073 39.3023 -5.41549 -28.091 35.6685
-77.7063 77.9323 39.4804 -5.43816 -28.1732 35.5882
-77.7335 77.7913 39.6582 -5.46036 -28.2555 35.508
-77.7609 77.6498 39.8355 -5.4821 -28.338 35.4279
-77.7884 77.5079 40.0125 -5.50338 -28.4205 35.3478
-77.8159 77.3656 40.189 -5.52424 -28.5032 35.2679
-77.8436 77.2229 40.3651 -5.54467 -28.586 35.188
-77.8714 77.0797 40.5409 -5.5647 -28.6689 35.1083
-77.8993 76.9362 40.7162 -5.58433 -28.7519 35.0286
-77.9272 76.7922 40.8912 -5.60359 -28.835 34.9491
-77.9553 76.6478 41.0657 -5.62248 -28.9182 34.8696
-77.9835 76.503 41.2399 -5.64102 -29.0015 34.7903
-78.0117 76.3578 41.4136 -5.65922 -29.085 34.711
-78.04 76.2122 41.587 -5.67709 -29.1684 34.6319
-78.0685 76.0661 41.7599 -5.69464 -29.252 34.5528
-78.097 75.9197 41.9325 -5.71189 -29.3357 34.4739
-78.1256 75.7728 42.1047 -5.72884 -29.4195 34.3951
-78.1543 75.6255 42.2764 -5.74551 -29.5033 34.3163
-78.183 75.4777 42.4478 -5.7619 -29.5872 34.2377
-78.2119 75.3296 42.6188 -5.77803 -29.6712 34.1592
-78.2408 75.181 42.7894 -5.7939 -29.7553 34.0807
-78.2698 75.032 42.9596 -5.80952 -29.8394 34.0024
-78.2989 74.8826 43.1295 -5.82491 -29.9236 33.9241
-78.3281 74.7328 43.2989 -5.84007 -30.0078 33.846
-78.3573 74.5825 43.4679 -5.855 -30.0922 33.7679
-78.3866 74.4319 43.6366 -5.86972 -30.1765 33.6899
-78.416 74.2808 43.8048 -5.88424 -30.261 33.612
-78.4455 74.1293 43.9727 -5.89856 -30.3455 33.5341
-78.475 73.9773 44.1402 -5.91268 -30.43 33.4564
-78.5046 73.825 44.3072 -5.92663 -30.5146 33.3787
-78.5343 73.6722 44.4739 -5.94039 -30.5993 33.3011
-78.564 73.519 44.6402 -5.95398 -30.684 33.2236
-78.5938 73.3653 44.8062 -5.9674 -30.7687 33.1461
-78.6237 73.2113 44.9717 -5.98067 -30.8535 33.0687
-78.6536 73.0568 45.1369 -5.99378 -30.9384 32.9913
-78.6836 72.9019 45.3016 -6.00674 -31.0232 32.914
-78.7137 72.7466 45.466 -6.01955 -31.1082 32.8368
-78.7438 72.5908 45.63 -6.03223 -31.1931 32.7596
-78.774 72.4346 45.7936 -6.04477 -31.2781 32.6825
-78.8043 72.278 45.9568 -6.05718 -31.3632 32.6054
-78.8346 72.121 46.1197 -6.06947 -31.4482 32.5283
-78.865 71.9636 46.2821 -6.08163 -31.5333 32.4513
-78.8954 71.8057 46.4442 -6.09368 -31.6185 32.3743
-78.9259 71.6474 46.6058 -6.10561 -31.7036 32.2974
-78.9564 71.4886 46.7671 -6.11744 -31.7889 32.2205
-78.9871 71.3295 46.928 -6.12915 -31.8741 32.1436
-79.0177 71.1699 47.0886 -6.14077 -31.9594 32.0668
-79.0485 71.0099 47.2487 -6.15229 -32.0447 31.9899
-79.0793 70.8495 47.4085 -6.16371 -32.13 31.9131
-79.1101 70.6886 47.5678 -6.17504 -32.2153 31.8364
-79.141 70.5273 47.7268 -6.18628 -32.3007 31.7596
-79.172 70.3656 47.8854 -6.19743 -32.3861 31.6828
-79.203 70.2034 48.0437 -6.2085 -32.4715 31.6061
-79.2341 70.0409 48.2015 -6.21948 -32.557 31.5293
-79.2652 69.8779 48.359 -6.23039 -32.6425 31.4526
-79.2964 69.7144 48.516 -6.24122 -32.728 31.3759
-79.3276 69.5506 48.6727 -6.25198 -32.8135 31.2991
-79.3589 69.3863 48.829 -6.26267 -32.899 31.2224
-79.3902 69.2216 48.9849 -6.27328 -32.9846 31.1457
-79.4216 69.0565 49.1405 -6.28384 -33.0702 31.0689
-79.4531 68.8909 49.2956 -6.29432 -33.1558 30.9921
-79.4846 68.7249 49.4504 -6.30474 -33.2415 30.9154
-79.5161 68.5585 49.6048 -6.3151 -33.3271 30.8386
-79.5477 68.3916 49.7588 -6.32541 -33.4128 30.7618
-79.5794 68.2244 49.9124 -6.33565 -33.4985 30.685
-79.6111 68.0566 50.0656 -6.34584 -33.5842 30.6082
-79.6428 67.8885 50.2185 -6.35597 -33.6699 30.5313
-79.6746 67.7199 50.371 -6.36606 -33.7557 30.4544
-79.7065 67.551 50.523 -6.37609 -33.8414 30.3775
-79.7384 67.3815 50.6747 -6.38607 -33.9272 30.3006
-79.7703 67.2117 50.826 -6.396 -34.013 30.2236
-79.8023 67.0414 50.977 -6.40589 -34.0988 30.1466
-79.8344 66.8707 51.1275 -6.41573 -34.1847 30.0696
-79.8665 66.6996 51.2777 -6.42553 -34.2705 29.9925
-79.8987 66.528 51.4274 -6.43528 -34.3564 29.9154
-79.9309 66.356 51.5768 -6.445 -34.4423 29.8382
-79.9631 66.1836 51.7258 -6.45467 -34.5282 29.761
-79.9954 66.0107 51.8744 -6.4643 -34.6141 29.6838
-80.0277 65.8374 52.0226 -6.4739 -34.7 29.6065
-80.0601 65.6637 52.1705 -6.48346 -34.786 29.5292
-80.0926 65.4896 52.3179 -6.49298 -34.872 29.4518
-80.1251 65.315 52.465 -6.50246 -34.958 29.3744
-80.1576 65.14 52.6117 -6.51192 -35.044 29.2969
-80.1902 64.9645 52.758 -6.52134 -35.13 29.2194
-80.2228 64.7887 52.9039 -6.53072 -35.216 29.1418
-80.2555 64.6124 53.0494 -6.54008 -35.302 29.0641
-80.2882 64.4357 53.1945 -6.5494 -35.3881 28.9864
-80.321 64.2585 53.3393 -6.5587 -35.4742 28.9086
-80.3538 64.0809 53.4836 -6.56796 -35.5603 28.8308
-80.3867 63.9029 53.6276 -6.5772 -35.6464 28.7529
-80.4196 63.7245 53.7711 -6.58641 -35.7325 28.6749
-80.4525 63.5456 53.9143 -6.59559 -35.8187 28.5969
-80.4855 63.3663 54.0571 -6.60475 -35.9048 28.5188
-80.5186 63.1865 54.1995 -6.61388 -35.991 28.4407
-80.5517 63.0064 54.3415 -6.62299 -36.0772 28.3624
-80.5848 62.8258 54.4831 -6.63207 -36.1634 28.2841
-80.618 62.6447 54.6244 -6.64113 -36.2496 28.2057
-80.6512 62.4633 54.7652 -6.65016 -36.3358 28.1272
-80.6845 62.2814 54.9056 -6.65917 -36.4221 28.0487
-80.7178 62.099 55.0457 -6.66816 -36.5083 27.9701
-80.7512 61.9163 55.1853 -6.67713 -36.5946 27.8914
-80.7846 61.7331 55.3246 -6.68607 -36.6809 27.8126
-80.818 61.5495 55.4635 -6.695 -36.7672 27.7337
-80.8515 61.3654 55.6019 -6.70391 -36.8536 27.6548
-80.8851 61.1809 55.74 -6.71279 -36.9399 27.5758
-80.9187 60.996 55.8777 -6.72166 -37.0263 27.4967
-80.9523 60.8107 56.015 -6.73051 -37.1127 27.4174
-80.986 60.6249 56.1519 -6.73934 -37.199 27.3381
-81.0197 60.4387 56.2883 -6.74815 -37.2855 27.2588
-81.0534 60.252 56.4244 -6.75694 -37.3719 27.1793
-81.0873 60.065 56.5601 -6.76572 -37.4583 27.0997
-81.1211 59.8775 56.6954 -6.77448 -37.5448 27.0201
-81.155 59.6895 56.8303 -6.78322 -37.6313 26.9403
-81.1889 59.5011 56.9648 -6.79195 -37.7178 26.8604
-81.2229 59.3123 57.0989 -6.80066 -37.8043 26.7805
-81.2569 59.1231 57.2326 -6.80935 -37.8908 26.7004
-81.291 58.9334 57.366 -6.81803 -37.9774 26.6203
-81.3251 58.7433 57.4989 -6.8267 -38.0639 26.54
-81.3593 58.5528 57.6314 -6.83535 -38.1505 26.4597
-81.3935 58.3618 57.7634 -6.84399 -38.2371 26.3792
-81.4277 58.1704 57.8951 -6.85261 -38.3237 26.2986
-81.462 57.9786 58.0264 -6.86122 -38.4104 26.218
-81.4963 57.7863 58.1573 -6.86981 -38.497 26.1372
-81.5307 57.5936 58.2878 -6.87839 -38.5837 26.0563
-81.5651 57.4005 58.4179 -6.88696 -38.6704 25.9753
-81.5996 57.2069 58.5476 -6.89552 -38.7571 25.8942
-81.6341 57.0129 58.6768 -6.90406 -38.8438 25.813
-81.6686 56.8185 58.8057 -6.91259 -38.9306 25.7317
-81.7032 56.6236 58.9341 -6.92111 -39.0174 25.6502
-81.7378 56.4283 59.0622 -6.92962 -39.1041 25.5687
-81.7725 56.2326 59.1898 -6.93812 -39.191 25.487
-81.8072 56.0364 59.3171 -6.9466 -39.2778 25.4052
-81.842 55.8398 59.4439 -6.95507 -39.3646 25.3233
-81.8768 55.6427 59.5703 -6.96353 -39.4515 25.2413
-81.9116 55.4453 59.6963 -6.97199 -39.5384 25.1591
-81.9465 55.2474 59.8219 -6.98043 -39.6253 25.0769
-81.9814 55.049 59.9471 -6.98885 -39.7122 24.9945
-82.0164 54.8502 60.0718 -6.99727 -39.7992 24.912
-82.0514 54.651 60.1962 -7.00568 -39.8862 24.8293
-82.0864 54.4514 60.3201 -7.01408 -39.9732 24.7466
-82.1215 54.2513 60.4437 -7.02247 -40.0602 24.6637
-82.1566 54.0508 60.5668 -7.03085 -40.1472 24.5807
-82.1918 53.8498 60.6895 -7.03922 -40.2343 24.4975
-82.227 53.6484 60.8117 -7.04758 -40.3214 24.4143
-82.2623 53.4466 60.9336 -7.05593 -40.4085 24.3308
-82.2976 53.2443 61.055 -7.06427 -40.4956 24.2473
-82.3329 53.0416 61.1761 -7.0726 -40.5827 24.1636
-82.3683 52.8385 61.2967 -7.08092 -40.6699 24.0799
-82.4037 52.6349 61.4169 -7.08923 -40.7571 23.9959
-82.4392 52.4309 61.5366 -7.09754 -40.8443 23.9118
-82.4747 52.2265 61.656 -7.10583 -40.9316 23.8276
-82.5103 52.0216 61.7749 -7.11412 -41.0189 23.7433
-82.5459 51.8163 61.8934 -7.1224 -41.1061 23.6588
-82.5815 51.6106 62.0115 -7.13067 -41.1935 23.5742
-82.6172 51.4044 62.1292 -7.13893 -41.2808 23.4894
-82.6529 51.1978 62.2464 -7.14719 -41.3682 23.4045
-82.6886 50.9907 62.3632 -7.15543 -41.4556 23.3195
-82.7244 50.7832 62.4796 -7.16367 -41.543 23.2343
-82.7603 50.5753 62.5956 -7.1719 -41.6304 23.149
-82.7962 50.3669 62.7111 -7.18012 -41.7179 23.0635
-82.8321 50.1581 62.8262 -7.18834 -41.8054 22.9779
-82.868 49.9488 62.9409 -7.19654 -41.8929 22.8921
-82.904 49.7392 63.0551 -7.20474 -41.9805 22.8062
-82.9401 49.529 63.1689 -7.21293 -42.068 22.7201
-82.9762 49.3185 63.2823 -7.22112 -42.1556 22.6339
-83.0123 49.1075 63.3953 -7.22929 -42.2433 22.5475
-83.0485 48.896 63.5078 -7.23746 -42.3309 22.461
-83.0847 48.6842 63.6199 -7.24562 -42.4186 22.3743
-83.1209 48.4719 63.7315 -7.25378 -42.5063 22.2875
-83.1572 48.2591 63.8427 -7.26193 -42.5941 22.2005
-83.1935 48.0459 63.9535 -7.27007 -42.6818 22.1134
-83.2299 47.8323 64.0639 -7.2782 -42.7696 22.0261
-83.2663 47.6182 64.1738 -7.28633 -42.8574 21.9386
-83.3028 47.4037 64.2833 -7.29444 -42.9453 21.851
-83.3393 47.1888 64.3923 -7.30256 -43.0332 21.7632
-83.3758 46.9734 64.5009 -7.31066 -43.1211 21.6753
-83.4124 46.7576 64.6091 -7.31876 -43.209 21.5872
-83.449 46.5413 64.7168 -7.32685 -43.297 21.4989
-83.4856 46.3246 64.824 -7.33493 -43.385 21.4105
-83.5223 46.1074 64.9309 -7.34301 -43.4731 21.3219
-83.5591 45.8899 65.0373 -7.35108 -43.5611 21.2332
-83.5959 45.6718 65.1432 -7.35915 -43.6492 21.1443
-83.6327 45.4534 65.2487 -7.36721 -43.7373 21.0552
-83.6695 45.2345 65.3538 -7.37526 -43.8255 20.9659
-83.7064 45.0151 65.4584 -7.3833 -43.9137 20.8765
-83.7434 44.7953 65.5625 -7.39134 -44.0019 20.7869
-83.7803 44.5751 65.6662 -7.39937 -44.0902 20.6971
-83.8174 44.3544 65.7695 -7.40739 -44.1785 20.6072
-83.8544 44.1333 65.8723 -7.41541 -44.2668 20.517
-83.8915 43.9118 65.9747 -7.42342 -44.3551 20.4267
-83.9286 43.6898 66.0766 -7.43143 -44.4435 20.3363
-83.9658 43.4673 66.178 -7.43943 -44.532 20.2456
-84.003 43.2444 66.279 -7.44742 -44.6204 20.1548
-84.0403 43.0211 66.3796 -7.45541 -44.7089 20.0638
-84.0776 42.7973 66.4797 -7.46339 -44.7974 19.9726
-84.1149 42.5731 66.5793 -7.47136 -44.886 19.8812
-84.1523 42.3485 66.6785 -7.47933 -44.9746 19.7897
-84.1897 42.1234 66.7772 -7.48729 -45.0632 19.698
-84.2272 41.8979 66.8755 -7.49524 -45.1519 19.606
-84.2647 41.6719 66.9733 -7.50319 -45.2406 19.5139
-84.3022 41.4454 67.0706 -7.51113 -45.3293 19.4216
-84.3398 41.2186 67.1675 -7.51907 -45.4181 19.3292
-84.3774 40.9913 67.2639 -7.527 -45.5069 19.2365
-84.4151 40.7635 67.3598 -7.53492 -45.5957 19.1437
-84.4527 40.5353 67.4553 -7.54283 -45.6846 19.0506
-84.4905 40.3067 67.5503 -7.55075 -45.7736 18.9574
-84.5283 40.0776 67.6449 -7.55865 -45.8625 18.8639
-84.5661 39.848 67.739 -7.56655 -45.9515 18.7703
-84.6039 39.6181 67.8326 -7.57444 -46.0406 18.6765
-84.6418 39.3876 67.9258 -7.58232 -46.1296 18.5825
-84.6797 39.1568 68.0184 -7.5902 -46.2187 18.4883
-84.7177 38.9254 68.1106 -7.59807 -46.3079 18.3939
-84.7557 38.6937 68.2024 -7.60594 -46.3971 18.2993
-84.7938 38.4615 68.2936 -7.6138 -46.4863 18.2045
-84.8319 38.2288 68.3844 -7.62165 -46.5756 18.1095
-84.87 37.9957 68.4747 -7.6295 -46.6649 18.0142
-84.9082 37.7622 68.5646 -7.63734 -46.7543 17.9188
-84.9464 37.5282 68.6539 -7.64517 -46.8437 17.8232
-84.9846 37.2937 68.7428 -7.653 -46.9331 17.7274
-85.0229 37.0588 68.8312 -7.66082 -47.0226 17.6313
-85.0612 36.8235 68.9191 -7.66864 -47.1121 17.5351
-85.0996 36.5877 69.0065 -7.67645 -47.2017 17.4387
-85.138 36.3515 69.0935 -7.68425 -47.2913 17.342
-85.1764 36.1148 69.18 -7.69205 -47.3809 17.2451
-85.2149 35.8777 69.2659 -7.69983 -47.4706 17.148
-85.2534 35.6401 69.3514 -7.70762 -47.5604 17.0507
-85.292 35.4021 69.4364 -7.71539 -47.6501 16.9532
-85.3306 35.1636 69.521 -7.72316 -47.74 16.8555
-85.3692 34.9247 69.605 -7.73093 -47.8298 16.7576
-85.4079 34.6853 69.6885 -7.73869 -47.9197 16.6594
-85.4466 34.4455 69.7716 -7.74644 -48.0097 16.561
-85.4854 34.2052 69.8542 -7.75418 -48.0997 16.4624
-85.5241 33.9645 69.9362 -7.76192 -48.1898 16.3636
-85.563 33.7233 70.0178 -7.76965 -48.2798 16.2645
-85.6018 33.4817 70.0989 -7.77737 -48.37 16.1653
-85.6407 33.2396 70.1794 -7.78509 -48.4602 16.0658
-85.6797 32.9971 70.2595 -7.7928 -48.5504 15.966
-85.7187 32.7541 70.3391 -7.80051 -48.6407 15.8661
-85.7577 32.5107 70.4182 -7.8082 -48.731 15.7659
-85.7968 32.2668 70.4968 -7.81589 -48.8214 15.6655
-85.8359 32.0225 70.5748 -7.82358 -48.9118 15.5649
-85.875 31.7777 70.6524 -7.83126 -49.0023 15.464
-85.9142 31.5324 70.7295 -7.83893 -49.0928 15.3629
-85.9534 31.2867 70.806 -7.84659 -49.1834 15.2615
-85.9926 31.0406 70.8821 -7.85425 -49.274 15.1599
-86.0319 30.794 70.9576 -7.8619 -49.3647 15.0581
-86.0712 30.547 71.0327 -7.86954 -49.4554 14.9561
-86.1106 30.2995 71.1072 -7.87718 -49.5462 14.8538
-86.15 30.0515 71.1812 -7.8848 -49.637 14.7512
-86.1895 29.8031 71.2547 -7.89243 -49.7279 14.6484
-86.2289 29.5542 71.3277 -7.90004 -49.8188 14.5454
-86.2685 29.3049 71.4002 -7.90765 -49.9098 14.4421
-86.308 29.0551 71.4721 -7.91525 -50.0008 14.3386
-86.3476 28.8049 71.5436 -7.92284 -50.0919 14.2349
-86.3873 28.5542 71.6145 -7.93043 -50.1831 14.1308
-86.4269 28.3031 71.6849 -7.93801 -50.2743 14.0266
-86.4666 28.0515 71.7547 -7.94558 -50.3655 13.9221
-86.5064 27.7994 71.8241 -7.95315 -50.4568 13.8173
-86.5462 27.5469 71.8929 -7.96071 -50.5482 13.7123
-86.586 27.2939 71.9612 -7.96826 -50.6396 13.607
-86.6258 27.0405 72.029 -7.9758 -50.7311 13.5014
-86.6657 26.7866 72.0962 -7.98334 -50.8226 13.3956
-86.7057 26.5323 72.1629 -7.99087 -50.9142 13.2896
-86.7457 26.2775 72.2291 -7.99839 -51.0058 13.1833
-86.7857 26.0222 72.2948 -8.0059 -51.0975 13.0767
-86.8257 25.7665 72.3599 -8.01341 -51.1892 12.9698
-86.8658 25.5103 72.4245 -8.0209 -51.281 12.8627
-86.9059 25.2537 72.4885 -8.0284 -51.3729 12.7553
-86.9461 24.9966 72.552 -8.03588 -51.4648 12.6477
-86.9863 24.739 72.615 -8.04336 -51.5568 12.5398
-87.0265 24.481 72.6774 -8.05082 -51.6489 12.4316
-87.0668 24.2225 72.7393 -8.05828 -51.741 12.3231
-87.1071 23.9636 72.8006 -8.06574 -51.8331 12.2144
-87.1474 23.7042 72.8614 -8.07318 -51.9253 12.1054
-87.1878 23.4444 72.9217 -8.08062 -52.0176 11.9961
-87.2283 23.184 72.9814 -8.08805 -52.11 11.8865
-87.2687 22.9233 73.0406 -8.09547 -52.2024 11.7767
-87.3092 22.662 73.0992 -8.10288 -52.2949 11.6666
-87.3497 22.4003 73.1572 -8.11029 -52.3874 11.5562
-87.3903 22.1381 73.2147 -8.11769 -52.48 11.4455
-87.4309 21.8755 73.2717 -8.12508 -52.5727 11.3345
-87.4716 21.6124 73.3281 -8.13246 -52.6654 11.2232
-87.5122 21.3489 73.3839 -8.13983 -52.7582 11.1117
-87.553 21.0848 73.4392 -8.1472 -52.851 10.9998
-87.5937 20.8203 73.4939 -8.15456 -52.9439 10.8877
-87.6345 20.5554 73.5481 -8.16191 -53.0369 10.7752
-87.6753 20.29 73.6017 -8.16925 -53.13 10.6625
-87.7162 20.0241 73.6547 -8.17658 -53.2231 10.5495
-87.7571 19.7577 73.7072 -8.18391 -53.3163 10.4362
-87.798 19.4909 73.7591 -8.19123 -53.4096 10.3225
-87.839 19.2236 73.8104 -8.19853 -53.5029 10.2086
-87.88 18.9559 73.8611 -8.20583 -53.5963 10.0944
-87.9211 18.6877 73.9113 -8.21313 -53.6897 9.97985
-87.9622 18.419 73.9609 -8.22041 -53.7833 9.86502
-88.0033 18.1498 74.01 -8.22768 -53.8769 9.74987
-88.0444 17.8802 74.0584 -8.23495 -53.9706 9.63442
-88.0856 17.6101 74.1063 -8.24221 -54.0643 9.51865
-88.1268 17.3396 74.1536 -8.24946 -54.1581 9.40257
-88.1681 17.0686 74.2004 -8.2567 -54.252 9.28618
-88.2094 16.7971 74.2465 -8.26393 -54.346 9.16947
-88.2508 16.5251 74.292 -8.27116 -54.4401 9.05244
-88.2921 16.2527 74.337 -8.27837 -54.5342 8.9351
-88.3335 15.9798 74.3814 -8.28558 -54.6284 8.81743
-88.375 15.7064 74.4252 -8.29278 -54.7226 8.69944
-88.4165 15.4325 74.4684 -8.29997 -54.817 8.58113
-88.458 15.1582 74.511 -8.30715 -54.9114 8.46249
-88.4995 14.8834 74.553 -8.31432 -55.0059 8.34352
-88.5411 14.6082 74.5944 -8.32148 -55.1005 8.22422
-88.5828 14.3324 74.6353 -8.32864 -55.1952 8.10459
-88.6244 14.0562 74.6755 -8.33578 -55.2899 7.98463
-88.6661 13.7795 74.7151 -8.34292 -55.3847 7.86433
-88.7078 13.5024 74.7541 -8.35005 -55.4796 7.7437
-88.7496 13.2247 74.7925 -8.35717 -55.5746 7.62273
-88.7914 12.9466 74.8304 -8.36428 -55.6697 7.50142
-88.8333 12.668 74.8676 -8.37138 -55.7648 7.37976
-88.8751 12.389 74.9041 -8.37848 -55.8601 7.25777
-88.917 12.1094 74.9401 -8.38556 -55.9554 7.13542
-88.959 11.8294 74.9755 -8.39263 -56.0508 7.01273
-89.001 11.5489 75.0103 -8.3997 -56.1463 6.8897
-89.043 11.2679 75.0444 -8.40676 -56.2419 6.76631
-89.085 10.9865 75.0779 -8.41381 -56.3376 6.64256
-89.1271 10.7046 75.1108 -8.42085 -56.4333 6.51847
-89.1692 10.4222 75.1431 -8.42788 -56.5292 6.39402
-89.2114 10.1393 75.1748 -8.4349 -56.6251 6.2692
-89.2536 9.85591 75.2058 -8.44192 -56.7211 6.14403
-89.2958 9.57206 75.2362 -8.44892 -56.8173 6.0185
-89.3381 9.28773 75.266 -8.45592 -56.9135 5.8926
-89.3804 9.00293 75.2951 -8.46291 -57.0098 5.76634
-89.4227 8.71764 75.3236 -8.46989 -57.1062 5.63971
-89.4651 8.43186 75.3515 -8.47686 -57.2027 5.51272
-89.5075 8.14561 75.3788 -8.48382 -57.2994 5.38535
-89.5499 7.85887 75.4054 -8.49077 -57.3961 5.2576
-89.5924 7.57165 75.4314 -8.49772 -57.4929 5.12949
-89.6349 7.28394 75.4567 -8.50465 -57.5898 5.00099
-89.6774 6.99575 75.4814 -8.51158 -57.6868 4.87212
-89.72 6.70707 75.5054 -8.5185 -57.7839 4.74287
-89.7626 6.41791 75.5288 -8.52541 -57.8811 4.61323
-89.8053 6.12826 75.5515 -8.53231 -57.9785 4.48321
-89.8479 5.83812 75.5736 -8.53921 -58.0759 4.35281
-89.8907 5.5475 75.5951 -8.54609 -58.1734 4.22201
-89.9334 5.25639 75.6158 -8.55297 -58.2711 4.09083
-89.9762 4.96479 75.636 -8.55984 -58.3689 3.95925
-90.019 4.6727 75.6554 -8.56671 -58.4667 3.82728
-90.0618 4.38012 75.6742 -8.57356 -58.5647 3.69492
-90.1047 4.08705 75.6924 -8.58041 -58.6628 3.56215
-90.1477 3.79349 75.7099 -8.58725 -58.7611 3.42899
-90.1906 3.49944 75.7267 -8.59408 -58.8594 3.29543
-90.2336 3.2049 75.7428 -8.60091 -58.9579 3.16146
-90.2766 2.90986 75.7583 -8.60773 -59.0565 3.02709
-90.3197 2.61434 75.7731 -8.61454 -59.1552 2.89231
-90.3628 2.31831 75.7872 -8.62134 -59.254 2.75712
-90.4059 2.02179 75.8007 -8.62814 -59.353 2.62152
-90.449 1.72478 75.8134 -8.63493 -59.4521 2.48551
-90.4922 1.42727 75.8255 -8.64172 -59.5513 2.34909
-90.5355 1.12927 75.8369 -8.6485 -59.6506 2.21225
-90.5787 0.830768 75.8476 -8.65527 -59.7501 2.07499
-90.622 0.531768 75.8577 -8.66204 -59.8497 1.93731
-90.6653 0.23227 75.867 -8.6688 -59.9495 1.79921
-90.7087 -0.0677275 75.8757 -8.67556 -60.0494 1.66069
-90.7521 -0.368225 75.8836 -8.68231 -60.1495 1.52174
-90.7955 -0.669223 75.8909 -8.68906 -60.2497 1.38237
-90.839 -0.970722 75.8974 -8.6958 -60.35 1.24257
-90.8825 -1.27272 75.9033 -8.70254 -60.4505 1.10234
-90.926 -1.57523 75.9085 -8.70928 -60.5512 0.961672
-90.9696 -1.87823 75.9129 -8.71601 -60.652 0.820577
-91.0132 -2.18175 75.9167 -8.72274 -60.7529 0.679047
-91.0568 -2.48576 75.9197 -8.72947 -60.854 0.537081
-91.1005 -2.79029 75.922 -8.73619 -60.9553 0.394677
-91.1442 -3.09532 75.9237 -8.74292 -61.0568 0.251835
-91.1879 -3.40086 75.9246 -8.74964 -61.1584 0.108553
-91.2317 -3.7069 75.9247 -8.75636 -61.2602 -0.0351707
-91.2755 -4.01346 75.9242 -8.76308 -61.3622 -0.179337
-91.3193 -4.32052 75.9229 -8.7698 -61.4643 -0.323947
-91.3632 -4.6281 75.921 -8.77652 -61.5667 -0.469002
-91.4071 -4.93619 75.9183 -8.78325 -61.6692 -0.614503
-91.451 -5.24479 75.9148 -8.78997 -61.7719 -0.76045
-91.495 -5.55391 75.9107 -8.7967 -61.8748 -0.906846
-91.539 -5.86354 75.9058 -8.80343 -61.9779 -1.05369
-91.583 -6.17369 75.9001 -8.81017 -62.0812 -1.20098
-91.6271 -6.48435 75.8937 -8.81691 -62.1847 -1.34873
-91.6712 -6.79554 75.8866 -8.82365 -62.2884 -1.49692
-91.7153 -7.10724 75.8788 -8.8304 -62.3924 -1.64556
-91.7595 -7.41946 75.8702 -8.83716 -62.4965 -1.79466
-91.8037 -7.73221 75.8608 -8.84393 -62.6009 -1.94421
-91.8479 -8.04547 75.8507 -8.8507 -62.7055 -2.0942
-91.8922 -8.35926 75.8399 -8.85749 -62.8104 -2.24465
-91.9365 -8.67358 75.8283 -8.86428 -62.9155 -2.39555
-91.9808 -8.98842 75.8159 -8.87109 -63.0208 -2.5469
-92.0252 -9.30378 75.8028 -8.87791 -63.1264 -2.69869
-92.0696 -9.61968 75.7889 -8.88475 -63.2322 -2.85094
-92.114 -9.93611 75.7743 -8.8916 -63.3383 -3.00363
-92.1585 -10.2531 75.7589 -8.89847 -63.4447 -3.15677
-92.203 -10.5706 75.7427 -8.90536 -63.5513 -3.31035
-92.2476 -10.8886 75.7258 -8.91227 -63.6582 -3.46438
-92.2921 -11.2071 75.7081 -8.9192 -63.7654 -3.61885
-92.3368 -11.5262 75.6896 -8.92615 -63.8729 -3.77375
-92.3814 -11.8459 75.6704 -8.93313 -63.9807 -3.92909
-92.4261 -12.166 75.6503 -8.94013 -64.0888 -4.08485
-92.4708 -12.4868 75.6295 -8.94717 -64.1973 -4.24105
-92.5156 -12.808 75.6079 -8.95423 -64.306 -4.39767
-92.5603 -13.1298 75.5855 -8.96133 -64.4151 -4.55472
-92.6052 -13.4522 75.5624 -8.96846 -64.5246 -4.71217
-92.65 -13.7751 75.5384 -8.97563 -64.6344 -4.87004
-92.6949 -14.0985 75.5137 -8.98284 -64.7445 -5.02831
-92.7399 -14.4225 75.4881 -8.99009 -64.855 -5.18698
-92.7848 -14.7471 75.4618 -8.99738 -64.9659 -5.34604
-92.8298 -15.0722 75.4347 -9.00473 -65.0772 -5.50548
-92.8749 -15.3978 75.4067 -9.01212 -65.1889 -5.6653
-92.92 -15.7241 75.378 -9.01957 -65.301 -5.82548
-92.9651 -16.0508 75.3485 -9.02707 -65.4135 -5.98602
-93.0102 -16.3782 75.3182 -9.03464 -65.5264 -6.14691
-93.0554 -16.7061 75.287 -9.04227 -65.6398 -6.30813
-93.1007 -17.0346 75.2551 -9.04997 -65.7536 -6.46968
-93.1459 -17.3636 75.2223 -9.05774 -65.8679 -6.63153
-93.1912 -17.6933 75.1888 -9.06558 -65.9827 -6.79367
-93.2366 -18.0235 75.1544 -9.07351 -66.0979 -6.9561
-93.282 -18.3542 75.1192 -9.08152 -66.2137 -7.11879
-93.3274 -18.6856 75.0832 -9.08962 -66.3299 -7.28172
-93.3729 -19.0175 75.0464 -9.09782 -66.4467 -7.44488
-93.4184 -19.3501 75.0087 -9.10611 -66.564 -7.60824
-93.4639 -19.6832 74.9703 -9.11451 -66.6819 -7.77179
-93.5095 -20.0169 74.931 -9.12302 -66.8003 -7.93549
-93.5552 -20.3512 74.8909 -9.13165 -66.9192 -8.09933
-93.6008 -20.6861 74.85 -9.1404 -67.0388 -8.26327
-93.6466 -21.0216 74.8083 -9.14928 -67.1589 -8.42729
-93.6923 -21.3577 74.7658 -9.15829 -67.2796 -8.59135
-93.7381 -21.6944 74.7224 -9.16744 -67.4009 -8.75543
-93.784 -22.0317 74.6782 -9.17674 -67.5228 -8.91949
-93.8299 -22.3696 74.6332 -9.1862 -67.6454 -9.08349
-93.8759 -22.7081 74.5874 -9.19582 -67.7685 -9.24739
-93.9219 -23.0473 74.5407 -9.20561 -67.8923 -9.41115
-93.9679 -23.3871 74.4933 -9.21558 -68.0167 -9.57473
-94.014 -23.7275 74.445 -9.22573 -68.1417 -9.73809
-94.0602 -24.0685 74.3959 -9.23607 -68.2673 -9.90116
-94.1064 -24.4101 74.346 -9.24661 -68.3935 -10.0639
-94.1526 -24.7524 74.2952 -9.25736 -68.5203 -10.2263
-94.199 -25.0953 74.2437 -9.26832 -68.6477 -10.3882
-94.2453 -25.4389 74.1914 -9.2795 -68.7757 -10.5497
-94.2918 -25.7831 74.1382 -9.29091 -68.9042 -10.7106
-94.3382 -26.1279 74.0843 -9.30255 -69.0332 -10.8709
-94.3848 -26.4734 74.0295 -9.31443 -69.1627 -11.0305
-94.4314 -26.8196 73.974 -9.32654 -69.2927 -11.1894
-94.478 -27.1664 73.9176 -9.33891 -69.423 -11.3475
-94.5248 -27.5138 73.8605 -9.35152 -69.5537 -11.5048
-94.5716 -27.8619 73.8026 -9.36438 -69.6846 -11.6612
-94.6184 -28.2106 73.7439 -9.37748 -69.8157 -11.8167
-94.6653 -28.56 73.6844 -9.39084 -69.947 -11.9711
-94.7123 -28.9101 73.6242 -9.40443 -70.0783 -12.1245
-94.7594 -29.2608 73.5632 -9.41827 -70.2096 -12.2768
-94.8065 -29.6122 73.5014 -9.43233 -70.3407 -12.4279
-94.8537 -29.9642 73.4389 -9.44662 -70.4716 -12.5779
-94.901 -30.3169 73.3756 -9.4611 -70.6021 -12.7268
-94.9483 -30.6703 73.3116 -9.47578 -70.7321 -12.8745
-94.9957 -31.0242 73.2469 -9.49063 -70.8614 -13.021
-95.0432 -31.3789 73.1814 -9.50563 -70.99 -13.1663
-95.0908 -31.7341 73.1152 -9.52076 -71.1176 -13.3106
-95.1384 -32.09 73.0483 -9.53598 -71.2442 -13.4538
-95.1861 -32.4466 72.9807 -9.55128 -71.3695 -13.596
-95.2339 -32.8037 72.9123 -9.56661 -71.4935 -13.7374
-95.2818 -33.1615 72.8433 -9.58194 -71.616 -13.8779
-95.3298 -33.5199 72.7736 -9.59723 -71.7369 -14.0178
-95.3778 -33.8789 72.7031 -9.61245 -71.856 -14.1571
-95.4259 -34.2385 72.632 -9.62756 -71.9732 -14.296
-95.4741 -34.5986 72.5602 -9.64251 -72.0885 -14.4348
-95.5223 -34.9593 72.4876 -9.65728 -72.2016 -14.5735
-95.5706 -35.3206 72.4144 -9.6718 -72.3126 -14.7124
-95.619 -35.6825 72.3405 -9.68606 -72.4214 -14.8516
-95.6675 -36.0448 72.2659 -9.70001 -72.528 -14.9914
-95.716 -36.4077 72.1906 -9.71361 -72.6322 -15.1319
-95.7646 -36.7712 72.1146 -9.72684 -72.7342 -15.2734
-95.8133 -37.1351 72.0379 -9.73966 -72.8339 -15.4161
-95.862 -37.4995 71.9604 -9.75205 -72.9314 -15.5602
-95.9108 -37.8644 71.8823 -9.76399 -73.0267 -15.7059
-95.9597 -38.2298 71.8034 -9.77546 -73.1199 -15.8532
-96.0086 -38.5956 71.7237 -9.78644 -73.211 -16.0025
-96.0575 -38.9619 71.6433 -9.79692 -73.3002 -16.1539
-96.1065 -39.3286 71.5622 -9.8069 -73.3875 -16.3074
-96.1556 -39.6957 71.4803 -9.81636 -73.4731 -16.4633
-96.2047 -40.0633 71.3976 -9.82531 -73.5571 -16.6215
-96.2538 -40.4313 71.3141 -9.83375 -73.6395 -16.7823
-96.303 -40.7997 71.2297 -9.84169 -73.7205 -16.9457
-96.3523 -41.1685 71.1446 -9.84913 -73.8003 -17.1117
-96.4015 -41.5377 71.0586 -9.85607 -73.8788 -17.2804
-96.4508 -41.9073 70.9718 -9.86254 -73.9563 -17.4518
-96.5002 -42.2773 70.8841 -9.86854 -74.0329 -17.626
-96.5495 -42.6476 70.7955 -9.87408 -74.1085 -17.803
-96.5989 -43.0184 70.7061 -9.87918 -74.1835 -17.9826
-96.6483 -43.3895 70.6157 -9.88386 -74.2577 -18.1651
-96.6977 -43.7609 70.5244 -9.88812 -74.3314 -18.3502
-96.7472 -44.1328 70.4322 -9.89198 -74.4046 -18.5381
-96.7967 -44.505 70.339 -9.89546 -74.4774 -18.7287
-96.8461 -44.8776 70.2449 -9.89857 -74.5498 -18.9219
-96.8956 -45.2505 70.1498 -9.90132 -74.622 -19.1177
-96.9452 -45.6238 70.0537 -9.90373 -74.6939 -19.3161
-96.9947 -45.9974 69.9566 -9.90582 -74.7656 -19.5171
-97.0442 -46.3714 69.8586 -9.90759 -74.8371 -19.7205
-97.0938 -46.7458 69.7594 -9.90905 -74.9086 -19.9264
-97.1433 -47.1205 69.6593 -9.91023 -74.98 -20.1347
-97.1929 -47.4956 69.5581 -9.91113 -75.0513 -20.3454
-97.2424 -47.871 69.4558 -9.91176 -75.1227 -20.5585
-97.292 -48.2468 69.3525 -9.91213 -75.194 -20.7738
-97.3415 -48.623 69.2481 -9.91225 -75.2654 -20.9913
-97.3911 -48.9995 69.1426 -9.91212 -75.3368 -21.2111
-97.4407 -49.3763 69.036 -9.91177 -75.4082 -21.4331
-97.4902 -49.7536 68.9283 -9.91119 -75.4797 -21.6572
-97.5398 -50.1311 68.8194 -9.91039 -75.5513 -21.8834
-97.5893 -50.5091 68.7094 -9.90938 -75.6229 -22.1116
-97.6389 -50.8874 68.5983 -9.90816 -75.6947 -22.342
-97.6884 -51.266 68.486 -9.90674 -75.7664 -22.5743
-97.7379 -51.645 68.3725 -9.90512 -75.8383 -22.8086
-97.7874 -52.0244 68.2579 -9.90332 -75.9103 -23.0449
-97.837 -52.4041 68.1421 -9.90132 -75.9823 -23.2831
-97.8865 -52.7842 68.0251 -9.89915 -76.0544 -23.5232
-97.936 -53.1647 67.9069 -9.89679 -76.1265 -23.7652
-97.9854 -53.5455 67.7874 -9.89426 -76.1987 -24.0091
-98.0349 -53.9267 67.6668 -9.89155 -76.2709 -24.2548
-98.0843 -54.3082 67.5449 -9.88867 -76.3432 -24.5024
-98.1338 -54.6901 67.4217 -9.88562 -76.4155 -24.7518
-98.1832 -55.0724 67.2974 -9.88241 -76.4878 -25.003
-98.2326 -55.455 67.1717 -9.87902 -76.5602 -25.2559
-98.282 -55.838 67.0448 -9.87548 -76.6325 -25.5107
-98.3314 -56.2213 66.9166 -9.87177 -76.7048 -25.7672
-98.3807 -56.605 66.7871 -9.8679 -76.7772 -26.0255
-98.43 -56.9891 66.6564 -9.86386 -76.8495 -26.2856
-98.4793 -57.3735 66.5243 -9.85967 -76.9217 -26.5473
-98.5286 -57.7583 66.3909 -9.85531 -76.9939 -26.8108
-98.5779 -58.1434 66.2562 -9.8508 -77.0661 -27.0761
-98.6271 -58.529 66.1201 -9.84612 -77.1381 -27.3431
-98.6764 -58.9148 65.9827 -9.84128 -77.2101 -27.6117
-98.7256 -59.3011 65.844 -9.83629 -77.282 -27.8822
-98.7747 -59.6877 65.7039 -9.83113 -77.3538 -28.1543
-98.8239 -60.0746 65.5625 -9.82581 -77.4255 -28.4281
-98.873 -60.4619 65.4196 -9.82033 -77.497 -28.7037
-98.9221 -60.8496 65.2754 -9.81469 -77.5684 -28.9809
-98.9711 -61.2376 65.1298 -9.80889 -77.6396 -29.2599
-99.0202 -61.626 64.9828 -9.80292 -77.7107 -29.5406
-99.0692 -62.0147 64.8344 -9.79679 -77.7816 -29.8231
-99.1181 -62.4038 64.6846 -9.79049 -77.8523 -30.1072
-99.1671 -62.7932 64.5333 -9.78403 -77.9228 -30.3931
-99.216 -63.183 64.3807 -9.77739 -77.9931 -30.6807
-99.2648 -63.5732 64.2265 -9.77059 -78.0631 -30.97
-99.3137 -63.9636 64.071 -9.76362 -78.133 -31.2611
-99.3625 -64.3545 63.9139 -9.75648 -78.2025 -31.5539
-99.4112 -64.7457 63.7554 -9.74916 -78.2718 -31.8484
-99.46 -65.1372 63.5954 -9.74167 -78.3409 -32.1448
-99.5087 -65.5291 63.434 -9.73401 -78.4096 -32.4428
-99.5573 -65.9213 63.271 -9.72616 -78.478 -32.7427
-99.6059 -66.3139 63.1065 -9.71814 -78.5462 -33.0443
-99.6545 -66.7068 62.9406 -9.70993 -78.614 -33.3477
-99.703 -67.1 62.7731 -9.70154 -78.6814 -33.6529
-99.7515 -67.4936 62.604 -9.69297 -78.7485 -33.9599
-99.7999 -67.8875 62.4335 -9.68421 -78.8153 -34.2687
-99.8483 -68.2817 62.2613 -9.67526 -78.8816 -34.5794
-99.8967 -68.6763 62.0877 -9.66612 -78.9476 -34.8918
-99.945 -69.0712 61.9124 -9.65678 -79.0132 -35.2061
-99.9933 -69.4664 61.7356 -9.64726 -79.0783 -35.5223
-100.041 -69.862 61.5572 -9.63753 -79.143 -35.8403
-100.09 -70.2579 61.3772 -9.6276 -79.2073 -36.1602
-100.138 -70.6541 61.1956 -9.61748 -79.2711 -36.482
-100.186 -71.0506 61.0124 -9.60715 -79.3345 -36.8056
-100.234 -71.4474 60.8275 -9.59661 -79.3973 -37.1312
-100.282 -71.8445 60.6411 -9.58586 -79.4597 -37.4587
-100.33 -72.242 60.453 -9.5749 -79.5215 -37.7881
-100.378 -72.6398 60.2632 -9.56373 -79.5828 -38.1195
-100.425 -73.0378 60.0718 -9.55234 -79.6436 -38.4528
-100.473 -73.4362 59.8787 -9.54073 -79.7038 -38.7881
-100.521 -73.8349 59.6839 -9.52889 -79.7635 -39.1254
-100.568 -74.2338 59.4874 -9.51684 -79.8225 -39.4647
-100.616 -74.6331 59.2892 -9.50455 -79.881 -39.806
-100.663 -75.0326 59.0893 -9.49204 -79.9388 -40.1494
-100.711 -75.4325 58.8877 -9.47929 -79.9961 -40.4948
-100.758 -75.8326 58.6844 -9.4663 -80.0526 -40.8422
-100.805 -76.233 58.4793 -9.45308 -80.1085 -41.1918
-100.853 -76.6337 58.2725 -9.43961 -80.1637 -41.5434
-100.9 -77.0346 58.0639 -9.4259 -80.2182 -41.8971
-100.947 -77.4359 57.8535 -9.41193 -80.272 -42.253
-100.994 -77.8374 57.6413 -9.39772 -80.3251 -42.6109
-101.041 -78.2391 57.4274 -9.38325 -80.3774 -42.9711
-101.088 -78.6411 57.2116 -9.36852 -80.429 -43.3334
-101.135 -79.0434 56.9941 -9.35353 -80.4798 -43.698
-101.181 -79.4459 56.7747 -9.33827 -80.5298 -44.0647
-101.228 -79.8487 56.5534 -9.32274 -80.5789 -44.4336
-101.275 -80.2517 56.3303 -9.30694 -80.6272 -44.8049
-101.321 -80.655 56.1054 -9.29087 -80.6747 -45.1783
-101.367 -81.0585 55.8785 -9.27451 -80.7213 -45.5541
-101.414 -81.4622 55.6498 -9.25787 -80.767 -45.9321
-101.46 -81.8661 55.4192 -9.24093 -80.8118 -46.3125
-101.506 -82.2703 55.1867 -9.22371 -80.8556 -46.6953
-101.552 -82.6747 54.9523 -9.20619 -80.8985 -47.0803
-101.598 -83.0793 54.7159 -9.18837 -80.9404 -47.4678
-101.644 -83.4841 54.4776 -9.17025 -80.9814 -47.8577
-101.69 -83.8891 54.2373 -9.15181 -81.0213 -48.25
-101.736 -84.2943 53.9951 -9.13306 -81.0601 -48.6447
-101.781 -84.6997 53.7509 -9.114 -81.0979 -49.0419
-101.827 -85.1053 53.5047 -9.09461 -81.1347 -49.4416
-101.872 -85.5111 53.2565 -9.0749 -81.1703 -49.8438
-101.918 -85.917 53.0062 -9.05485 -81.2048 -50.2485
-101.963 -86.3231 52.754 -9.03446 -81.2381 -50.6558
-102.008 -86.7294 52.4997 -9.01374 -81.2702 -51.0657
-102.053 -87.1358 52.2433 -8.99267 -81.3012 -51.4781
-102.098 -87.5424 51.9849 -8.97125 -81.3309 -51.8932
-102.143 -87.9491 51.7244 -8.94947 -81.3594 -52.3109
-102.187 -88.356 51.4618 -8.92733 -81.3866 -52.7313
-102.232 -88.763 51.1971 -8.90482 -81.4124 -53.1544
-102.276 -89.1701 50.9302 -8.88194 -81.437 -53.5802
-102.321 -89.5774 50.6613 -8.85868 -81.4601 -54.0087
-102.365 -89.9847 50.3901 -8.83503 -81.4819 -54.44
-102.409 -90.3922 50.1169 -8.811 -81.5023 -54.8741
-102.453 -90.7997 49.8414 -8.78657 -81.5212 -55.311
-102.497 -91.2074 49.5637 -8.76174 -81.5386 -55.7507
-102.541 -91.6151 49.2839 -8.7365 -81.5546 -56.1933
-102.584 -92.0229 49.0018 -8.71085 -81.5689 -56.6388
-102.628 -92.4308 48.7175 -8.68478 -81.5818 -57.0872
-102.671 -92.8387 48.4309 -8.65828 -81.593 -57.5386
-102.714 -93.2467 48.1421 -8.63135 -81.6025 -57.9929
-102.758 -93.6548 47.851 -8.60397 -81.6104 -58.4502
-102.8 -94.0628 47.5576 -8.57615 -81.6166 -58.9105
-102.843 -94.4709 47.2619 -8.54788 -81.621 -59.3739
-102.886 -94.8791 46.9639 -8.51914 -81.6237 -59.8404
-102.928 -95.2872 46.6635 -8.48993 -81.6245 -60.31
-102.971 -95.6953 46.3608 -8.46025 -81.6235 -60.7827
-103.013 -96.1034 46.0557 -8.43009 -81.6206 -61.2586
-103.055 -96.5115 45.7482 -8.39943 -81.6157 -61.7377
-103.097 -96.9196 45.4383 -8.36827 -81.6089 -62.22
-103.139 -97.3276 45.126 -8.3366 -81.6001 -62.7056
-103.18 -97.7356 44.8112 -8.30442 -81.5892 -63.1944
-103.222 -98.1435 44.494 -8.27172 -81.5762 -63.6866
-103.263 -98.5513 44.1744 -8.23848 -81.561 -64.1821
-103.304 -98.9591 43.8522 -8.2047 -81.5437 -64.6809
-103.345 -99.3668 43.5276 -8.17036 -81.5241 -65.1832
-103.386 -99.7743 43.2004 -8.13547 -81.5023 -65.6889
-103.427 -100.182 42.8707 -8.10001 -81.4781 -66.1981
-103.467 -100.589 42.5384 -8.06397 -81.4516 -66.7108
-103.507 -100.996 42.2036 -8.02733 -81.4226 -67.227
-103.547 -101.403 41.8661 -7.9901 -81.3912 -67.7467
-103.587 -101.81 41.5261 -7.95227 -81.3572 -68.2701
-103.627 -102.217 41.1834 -7.91381 -81.3206 -68.7971
-103.666 -102.623 40.8381 -7.87472 -81.2814 -69.3277
-103.705 -103.03 40.4901 -7.83499 -81.2395 -69.862
-103.745 -103.436 40.1395 -7.79461 -81.1948 -70.4001
-103.783 -103.842 39.7861 -7.75356 -81.1474 -70.9419
-103.822 -104.247 39.4301 -7.71184 -81.097 -71.4875
-103.861 -104.653 39.0713 -7.66943 -81.0438 -72.0369
-103.899 -105.058 38.7097 -7.62632 -80.9875 -72.5902
-103.937 -105.463 38.3454 -7.5825 -80.9282 -73.1474
-103.975 -105.867 37.9782 -7.53796 -80.8657 -73.7085
-104.012 -106.271 37.6083 -7.49268 -80.8001 -74.2736
-104.05 -106.675 37.2355 -7.44665 -80.7312 -74.8426
-104.087 -107.078 36.8599 -7.39985 -80.6589 -75.4157
-104.124 -107.482 36.4813 -7.35228 -80.5833 -75.9929
-104.16 -107.884 36.0999 -7.30392 -80.5042 -76.5741
-104.197 -108.287 35.7156 -7.25475 -80.4215 -77.1595
-104.233 -108.689 35.3283 -7.20476 -80.3352 -77.7491
-104.269 -109.09 34.9381 -7.15393 -80.2452 -78.3428
-104.304 -109.491 34.5449 -7.10225 -80.1514 -78.9408
-104.34 -109.892 34.1487 -7.04971 -80.0537 -79.5431
-104.375 -110.292 33.7495 -6.99628 -79.9521 -80.1497
-104.41 -110.691 33.3472 -6.94196 -79.8464 -80.7606
-104.444 -111.09 32.9419 -6.88672 -79.7366 -81.3759
-104.478 -111.488 32.5334 -6.83054 -79.6226 -81.9956
-104.512 -111.886 32.1219 -6.77342 -79.5043 -82.6198
-104.546 -112.283 31.7072 -6.71533 -79.3815 -83.2484
-104.58 -112.68 31.2894 -6.65625 -79.2543 -83.8816
-104.613 -113.076 30.8684 -6.59617 -79.1224 -84.5193
-104.646 -113.471 30.4442 -6.53506 -78.9858 -85.1616
-104.678 -113.866 30.0168 -6.47291 -78.8444 -85.8085
-104.71 -114.26 29.5861 -6.4097 -78.6981 -86.46
-104.742 -114.653 29.1522 -6.3454 -78.5467 -87.1163
-104.774 -115.045 28.715 -6.28 -78.3902 -87.7773
-104.805 -115.437 28.2744 -6.21347 -78.2285 -88.443
-104.836 -115.827 27.8305 -6.1458 -78.0614 -89.1135
-104.866 -116.217 27.3833 -6.07696 -77.8887 -89.7888
-104.897 -116.606 26.9327 -6.00693 -77.7105 -90.469
-104.927 -116.994 26.4786 -5.93568 -77.5265 -91.154
-104.956 -117.382 26.0211 -5.8632 -77.3366 -91.844
-104.985 -117.768 25.5602 -5.78945 -77.1407 -92.5389
-105.014 -118.153 25.0957 -5.71442 -76.9387 -93.2388
-105.042 -118.537 24.6278 -5.63807 -76.7304 -93.9436
-105.07 -118.92 24.1563 -5.5604 -76.5157 -94.6535
-105.098 -119.302 23.6812 -5.48135 -76.2944 -95.3684
-105.125 -119.683 23.2026 -5.40092 -76.0663 -96.0884
-105.152 -120.063 22.7203 -5.31908 -75.8315 -96.8135
-105.178 -120.442 22.2345 -5.23579 -75.5895 -97.5438
-105.204 -120.819 21.7449 -5.15103 -75.3404 -98.2791
-105.23 -121.195 21.2517 -5.06477 -75.084 -99.0196
-105.255 -121.57 20.7547 -4.97699 -74.82 -99.7653
-105.28 -121.943 20.254 -4.88764 -74.5484 -100.516
-105.304 -122.315 19.7495 -4.79671 -74.2689 -101.272
-105.328 -122.686 19.2413 -4.70415 -73.9813 -102.034
-105.351 -123.055 18.7292 -4.60995 -73.6855 -102.8
-105.374 -123.423 18.2133 -4.51406 -73.3814 -103.572
-105.396 -123.789 17.6935 -4.41646 -73.0686 -104.349
-105.418 -124.153 17.1698 -4.3171 -72.747 -105.132
-105.439 -124.516 16.6422 -4.21597 -72.4164 -105.919
-105.46 -124.878 16.1106 -4.11302 -72.0767 -106.712
-105.48 -125.237 15.575 -4.00822 -71.7275 -107.51
-105.5 -125.595 15.0355 -3.90153 -71.3687 -108.314
-105.519 -125.951 14.4919 -3.79292 -71 -109.122
-105.538 -126.305 13.9443 -3.68235 -70.6213 -109.936
-105.556 -126.657 13.3925 -3.56978 -70.2323 -110.755
-105.574 -127.007 12.8367 -3.45518 -69.8328 -111.579
-105.591 -127.355 12.2768 -3.3385 -69.4225 -112.409
-105.607 -127.701 11.7126 -3.21971 -69.0011 -113.244
-105.623 -128.045 11.1443 -3.09877 -68.5686 -114.083
