50 75 0 0 0 -49
49.9999 74.9999 -0.245055 -0.0494243 -0.0594432 -49.0219
49.9995 74.9994 -0.490219 -0.0989112 -0.118961 -49.0438
49.9989 74.9987 -0.735493 -0.148461 -0.178554 -49.0656
49.998 74.9976 -0.980875 -0.198073 -0.238223 -49.0874
49.9969 74.9963 -1.22637 -0.247749 -0.297966 -49.1091
49.9955 74.9946 -1.47197 -0.297487 -0.357785 -49.1308
49.9939 74.9927 -1.71767 -0.347288 -0.41768 -49.1524
49.9921 74.9905 -1.96349 -0.397153 -0.47765 -49.1739
49.99 74.9879 -2.20941 -0.447081 -0.537696 -49.1954
49.9876 74.9851 -2.45544 -0.497073 -0.597818 -49.2169
49.985 74.9819 -2.70158 -0.547128 -0.658015 -49.2383
49.9821 74.9785 -2.94783 -0.597246 -0.718289 -49.2596
49.979 74.9748 -3.19418 -0.647429 -0.77864 -49.2809
49.9757 74.9707 -3.44063 -0.697675 -0.839067 -49.3021
49.972 74.9664 -3.6872 -0.747985 -0.89957 -49.3233
49.9682 74.9617 -3.93387 -0.798359 -0.96015 -49.3444
49.9641 74.9568 -4.18064 -0.848798 -1.02081 -49.3655
49.9597 74.9515 -4.42752 -0.8993 -1.08154 -49.3865
49.9551 74.946 -4.67451 -0.949867 -1.14235 -49.4074
49.9502 74.9401 -4.9216 -1.0005 -1.20324 -49.4283
49.9451 74.9339 -5.16879 -1.0512 -1.26421 -49.4492
49.9397 74.9274 -5.41609 -1.10196 -1.32525 -49.47
49.934 74.9207 -5.66349 -1.15278 -1.38637 -49.4907
49.9281 74.9136 -5.91099 -1.20367 -1.44757 -49.5114
49.922 74.9062 -6.1586 -1.25463 -1.50884 -49.532
49.9156 74.8985 -6.40631 -1.30565 -1.5702 -49.5526
49.9089 74.8905 -6.65413 -1.35673 -1.63163 -49.5731
49.902 74.8822 -6.90204 -1.40789 -1.69314 -49.5935
49.8949 74.8736 -7.15006 -1.4591 -1.75473 -49.6139
49.8874 74.8646 -7.39818 -1.51038 -1.8164 -49.6342
49.8798 74.8554 -7.64641 -1.56173 -1.87814 -49.6545
49.8718 74.8459 -7.89473 -1.61315 -1.93997 -49.6747
49.8636 74.836 -8.14315 -1.66462 -2.00187 -49.6949
49.8552 74.8258 -8.39168 -1.71617 -2.06386 -49.715
49.8465 74.8154 -8.6403 -1.76778 -2.12592 -49.735
49.8375 74.8046 -8.88903 -1.81946 -2.18806 -49.755
49.8283 74.7935 -9.13785 -1.8712 -2.25028 -49.7749
49.8188 74.7821 -9.38678 -1.92301 -2.31258 -49.7948
49.809 74.7704 -9.6358 -1.97489 -2.37497 -49.8146
49.799 74.7583 -9.88492 -2.02683 -2.43743 -49.8344
49.7888 74.746 -10.1341 -2.07884 -2.49997 -49.854
49.7783 74.7333 -10.3835 -2.13092 -2.56259 -49.8737
49.7675 74.7204 -10.6329 -2.18306 -2.62529 -49.8932
49.7564 74.7071 -10.8824 -2.23528 -2.68807 -49.9127
49.7451 74.6935 -11.132 -2.28755 -2.75093 -49.9322
49.7335 74.6796 -11.3817 -2.3399 -2.81388 -49.9516
49.7217 74.6653 -11.6315 -2.39231 -2.8769 -49.9709
49.7096 74.6508 -11.8814 -2.44479 -2.94001 -49.9902
49.6973 74.6359 -12.1314 -2.49734 -3.00319 -50.0094
49.6846 74.6208 -12.3815 -2.54995 -3.06646 -50.0285
49.6718 74.6053 -12.6317 -2.60264 -3.12981 -50.0476
49.6586 74.5895 -12.882 -2.65539 -3.19324 -50.0666
49.6452 74.5733 -13.1324 -2.70821 -3.25675 -50.0856
49.6315 74.5569 -13.3829 -2.7611 -3.32035 -50.1045
49.6176 74.5401 -13.6334 -2.81405 -3.38403 -50.1233
49.6034 74.5231 -13.8841 -2.86707 -3.44778 -50.142
49.5889 74.5057 -14.1348 -2.92017 -3.51163 -50.1608
49.5742 74.4879 -14.3857 -2.97333 -3.57555 -50.1794
49.5592 74.4699 -14.6366 -3.02656 -3.63956 -50.198
49.5439 74.4515 -14.8877 -3.07985 -3.70364 -50.2165
49.5284 74.4329 -15.1388 -3.13322 -3.76782 -50.2349
49.5126 74.4139 -15.39 -3.18666 -3.83207 -50.2533
49.4965 74.3945 -15.6413 -3.24016 -3.89641 -50.2716
49.4802 74.3749 -15.8927 -3.29374 -3.96083 -50.2899
49.4636 74.3549 -16.1442 -3.34738 -4.02533 -50.3081
49.4467 74.3346 -16.3958 -3.40109 -4.08992 -50.3262
49.4296 74.314 -16.6475 -3.45488 -4.15459 -50.3443
49.4122 74.2931 -16.8993 -3.50873 -4.21935 -50.3623
49.3945 74.2718 -17.1511 -3.56265 -4.28419 -50.3802
49.3766 74.2503 -17.4031 -3.61664 -4.34911 -50.3981
49.3583 74.2283 -17.6551 -3.6707 -4.41412 -50.4158
49.3398 74.2061 -17.9072 -3.72483 -4.47922 -50.4336
49.3211 74.1836 -18.1594 -3.77904 -4.54439 -50.4512
49.3021 74.1607 -18.4117 -3.83331 -4.60966 -50.4688
49.2828 74.1375 -18.6641 -3.88765 -4.675 -50.4864
49.2632 74.1139 -18.9166 -3.94206 -4.74044 -50.5038
49.2433 74.0901 -19.1692 -3.99655 -4.80595 -50.5212
49.2232 74.0659 -19.4218 -4.0511 -4.87156 -50.5385
49.2028 74.0413 -19.6745 -4.10573 -4.93725 -50.5558
49.1822 74.0165 -19.9274 -4.16042 -5.00302 -50.573
49.1612 73.9913 -20.1803 -4.21519 -5.06888 -50.5901
49.14 73.9658 -20.4333 -4.27003 -5.13483 -50.6072
49.1185 73.94 -20.6863 -4.32494 -5.20086 -50.6242
49.0968 73.9138 -20.9395 -4.37992 -5.26698 -50.6411
49.0747 73.8873 -21.1928 -4.43497 -5.33318 -50.6579
49.0524 73.8605 -21.4461 -4.49009 -5.39947 -50.6747
49.0298 73.8333 -21.6995 -4.54529 -5.46585 -50.6914
49.0069 73.8058 -21.953 -4.60056 -5.53231 -50.708
48.9838 73.778 -22.2066 -4.65589 -5.59887 -50.7246
48.9604 73.7498 -22.4602 -4.7113 -5.6655 -50.7411
48.9367 73.7213 -22.714 -4.76679 -5.73223 -50.7575
48.9127 73.6925 -22.9678 -4.82234 -5.79904 -50.7738
48.8885 73.6633 -23.2217 -4.87797 -5.86594 -50.7901
48.8639 73.6338 -23.4757 -4.93367 -5.93293 -50.8063
48.8391 73.604 -23.7298 -4.98944 -6.00001 -50.8225
48.814 73.5738 -23.9839 -5.04529 -6.06718 -50.8385
48.7887 73.5433 -24.2382 -5.1012 -6.13443 -50.8545
48.763 73.5125 -24.4925 -5.1572 -6.20177 -50.8704
48.7371 73.4813 -24.7469 -5.21326 -6.2692 -50.8863
48.7109 73.4498 -25.0014 -5.2694 -6.33672 -50.9021
48.6844 73.4179 -25.2559 -5.3256 -6.40432 -50.9177
48.6576 73.3857 -25.5105 -5.38189 -6.47202 -50.9334
48.6306 73.3532 -25.7652 -5.43824 -6.53981 -50.9489
48.6033 73.3203 -26.02 -5.49467 -6.60768 -50.9644
48.5757 73.2871 -26.2749 -5.55118 -6.67564 -50.9798
48.5478 73.2536 -26.5298 -5.60775 -6.7437 -50.9951
48.5196 73.2197 -26.7848 -5.6644 -6.81184 -51.0104
48.4911 73.1855 -27.0399 -5.72113 -6.88007 -51.0255
48.4624 73.1509 -27.2951 -5.77793 -6.9484 -51.0406
48.4333 73.116 -27.5503 -5.8348 -7.01681 -51.0557
48.404 73.0807 -27.8056 -5.89174 -7.08531 -51.0706
48.3744 73.0451 -28.061 -5.94876 -7.15391 -51.0855
48.3445 73.0092 -28.3165 -6.00586 -7.22259 -51.1003
48.3144 72.9729 -28.572 -6.06303 -7.29137 -51.115
48.2839 72.9363 -28.8276 -6.12027 -7.36023 -51.1296
48.2532 72.8993 -29.0833 -6.17759 -7.42919 -51.1442
48.2221 72.862 -29.3391 -6.23499 -7.49824 -51.1587
48.1908 72.8243 -29.5949 -6.29245 -7.56738 -51.1731
48.1592 72.7863 -29.8508 -6.35 -7.63661 -51.1874
48.1273 72.748 -30.1068 -6.40761 -7.70594 -51.2016
48.0951 72.7093 -30.3628 -6.46531 -7.77535 -51.2158
48.0626 72.6702 -30.6189 -6.52308 -7.84486 -51.2299
48.0299 72.6308 -30.8751 -6.58092 -7.91446 -51.2439
47.9968 72.5911 -31.1314 -6.63884 -7.98415 -51.2578
47.9635 72.551 -31.3877 -6.69683 -8.05393 -51.2717
47.9299 72.5105 -31.6441 -6.75491 -8.12381 -51.2855
47.896 72.4697 -31.9006 -6.81305 -8.19378 -51.2991
47.8617 72.4286 -32.1571 -6.87127 -8.26384 -51.3128
47.8272 72.3871 -32.4137 -6.92957 -8.334 -51.3263
47.7924 72.3452 -32.6704 -6.98795 -8.40424 -51.3397
47.7574 72.303 -32.9271 -7.0464 -8.47459 -51.3531
47.722 72.2605 -33.1839 -7.10492 -8.54502 -51.3664
47.6863 72.2176 -33.4408 -7.16352 -8.61555 -51.3796
47.6503 72.1743 -33.6977 -7.2222 -8.68617 -51.3927
47.6141 72.1307 -33.9547 -7.28096 -8.75689 -51.4057
47.5775 72.0868 -34.2117 -7.33979 -8.8277 -51.4187
47.5407 72.0425 -34.4689 -7.3987 -8.89861 -51.4315
47.5035 71.9978 -34.7261 -7.45768 -8.9696 -51.4443
47.4661 71.9528 -34.9833 -7.51675 -9.0407 -51.457
47.4284 71.9074 -35.2406 -7.57589 -9.11189 -51.4696
47.3904 71.8616 -35.498 -7.6351 -9.18317 -51.4821
47.352 71.8155 -35.7554 -7.6944 -9.25455 -51.4946
47.3134 71.7691 -36.013 -7.75377 -9.32602 -51.5069
47.2745 71.7223 -36.2705 -7.81321 -9.39759 -51.5192
47.2353 71.6751 -36.5281 -7.87274 -9.46926 -51.5314
47.1958 71.6276 -36.7858 -7.93234 -9.54102 -51.5435
47.156 71.5797 -37.0436 -7.99202 -9.61288 -51.5555
47.1158 71.5315 -37.3014 -8.05178 -9.68483 -51.5674
47.0754 71.4829 -37.5593 -8.11161 -9.75688 -51.5792
47.0347 71.4339 -37.8172 -8.17153 -9.82902 -51.591
46.9937 71.3846 -38.0752 -8.23152 -9.90126 -51.6027
46.9524 71.3349 -38.3332 -8.29158 -9.9736 -51.6142
46.9108 71.2848 -38.5913 -8.35173 -10.046 -51.6257
46.8689 71.2344 -38.8495 -8.41196 -10.1186 -51.6371
46.8267 71.1836 -39.1077 -8.47226 -10.1912 -51.6484
46.7842 71.1325 -39.3659 -8.53264 -10.2639 -51.6596
46.7414 71.081 -39.6243 -8.5931 -10.3367 -51.6707
46.6982 71.0291 -39.8827 -8.65364 -10.4097 -51.6818
46.6548 70.9769 -40.1411 -8.71425 -10.4827 -51.6927
46.6111 70.9243 -40.3996 -8.77495 -10.5558 -51.7036
46.5671 70.8714 -40.6581 -8.83572 -10.629 -51.7143
46.5227 70.818 -40.9167 -8.89657 -10.7023 -51.725
46.4781 70.7643 -41.1754 -8.9575 -10.7757 -51.7356
46.4332 70.7103 -41.4341 -9.01851 -10.8492 -51.746
46.3879 70.6558 -41.6928 -9.0796 -10.9228 -51.7564
46.3424 70.601 -41.9516 -9.14077 -10.9965 -51.7667
46.2965 70.5459 -42.2105 -9.20201 -11.0703 -51.7769
46.2504 70.4903 -42.4694 -9.26334 -11.1443 -51.787
46.2039 70.4344 -42.7284 -9.32474 -11.2183 -51.7971
46.1571 70.3782 -42.9874 -9.38622 -11.2924 -51.807
46.11 70.3215 -43.2464 -9.44779 -11.3666 -51.8168
46.0626 70.2645 -43.5055 -9.50943 -11.4409 -51.8265
46.0149 70.2071 -43.7647 -9.57115 -11.5153 -51.8362
45.9669 70.1493 -44.0239 -9.63295 -11.5897 -51.8457
45.9186 70.0912 -44.2832 -9.69483 -11.6643 -51.8552
45.87 70.0327 -44.5425 -9.75679 -11.739 -51.8645
45.821 69.9738 -44.8018 -9.81883 -11.8138 -51.8738
45.7718 69.9146 -45.0612 -9.88095 -11.8887 -51.8829
45.7222 69.8549 -45.3206 -9.94315 -11.9637 -51.892
45.6723 69.7949 -45.5801 -10.0054 -12.0388 -51.9009
45.6222 69.7345 -45.8396 -10.0678 -12.114 -51.9098
45.5717 69.6738 -46.0992 -10.1302 -12.1893 -51.9185
45.5209 69.6126 -46.3588 -10.1927 -12.2647 -51.9272
45.4697 69.5511 -46.6185 -10.2553 -12.3403 -51.9357
45.4183 69.4892 -46.8782 -10.318 -12.4159 -51.9442
45.3666 69.427 -47.1379 -10.3808 -12.4916 -51.9526
45.3145 69.3643 -47.3977 -10.4436 -12.5674 -51.9608
45.2621 69.3013 -47.6575 -10.5065 -12.6433 -51.969
45.2094 69.2379 -47.9174 -10.5695 -12.7193 -51.977
45.1564 69.1741 -48.1773 -10.6326 -12.7954 -51.985
45.1031 69.1099 -48.4373 -10.6958 -12.8716 -51.9928
45.0495 69.0454 -48.6972 -10.759 -12.9479 -52.0006
44.9955 68.9805 -48.9573 -10.8223 -13.0244 -52.0082
44.9412 68.9151 -49.2173 -10.8857 -13.1009 -52.0157
44.8867 68.8494 -49.4774 -10.9492 -13.1775 -52.0232
44.8318 68.7834 -49.7375 -11.0127 -13.2542 -52.0305
44.7765 68.7169 -49.9977 -11.0764 -13.3311 -52.0377
44.721 68.6501 -50.2579 -11.1401 -13.408 -52.0449
44.6651 68.5828 -50.5182 -11.2039 -13.485 -52.0519
44.609 68.5152 -50.7784 -11.2678 -13.5622 -52.0588
44.5525 68.4472 -51.0388 -11.3317 -13.6394 -52.0656
44.4956 68.3788 -51.2991 -11.3958 -13.7168 -52.0723
44.4385 68.31 -51.5595 -11.4599 -13.7942 -52.0788
44.381 68.2409 -51.8199 -11.5241 -13.8718 -52.0853
44.3233 68.1713 -52.0803 -11.5884 -13.9494 -52.0917
44.2652 68.1014 -52.3408 -11.6528 -14.0272 -52.098
44.2067 68.031 -52.6013 -11.7172 -14.105 -52.1041
44.148 67.9603 -52.8618 -11.7817 -14.183 -52.1101
44.0889 67.8892 -53.1224 -11.8463 -14.2611 -52.1161
44.0295 67.8177 -53.383 -11.911 -14.3393 -52.1219
43.9698 67.7458 -53.6436 -11.9758 -14.4175 -52.1276
43.9098 67.6735 -53.9043 -12.0406 -14.4959 -52.1332
43.8494 67.6009 -54.165 -12.1055 -14.5744 -52.1387
43.7887 67.5278 -54.4257 -12.1706 -14.653 -52.1441
43.7277 67.4543 -54.6864 -12.2356 -14.7317 -52.1493
43.6663 67.3805 -54.9472 -12.3008 -14.8105 -52.1545
43.6047 67.3062 -55.2079 -12.3661 -14.8894 -52.1595
43.5427 67.2316 -55.4688 -12.4314 -14.9685 -52.1644
43.4804 67.1565 -55.7296 -12.4968 -15.0476 -52.1692
43.4177 67.0811 -55.9904 -12.5623 -15.1268 -52.1739
43.3547 67.0053 -56.2513 -12.6278 -15.2061 -52.1785
43.2914 66.929 -56.5122 -12.6935 -15.2856 -52.1829
43.2278 66.8524 -56.7732 -12.7592 -15.3651 -52.1872
43.1639 66.7754 -57.0341 -12.825 -15.4448 -52.1915
43.0996 66.698 -57.2951 -12.8909 -15.5245 -52.1956
43.0349 66.6201 -57.5561 -12.9569 -15.6044 -52.1995
42.97 66.5419 -57.8171 -13.0229 -15.6843 -52.2034
42.9047 66.4633 -58.0781 -13.0891 -15.7644 -52.2071
42.8391 66.3843 -58.3391 -13.1553 -15.8446 -52.2108
42.7732 66.3049 -58.6002 -13.2216 -15.9249 -52.2143
42.7069 66.225 -58.8613 -13.2879 -16.0053 -52.2176
42.6403 66.1448 -59.1224 -13.3544 -16.0858 -52.2209
42.5733 66.0642 -59.3835 -13.4209 -16.1664 -52.224
42.5061 65.9831 -59.6446 -13.4875 -16.2471 -52.227
42.4385 65.9017 -59.9058 -13.5542 -16.3279 -52.2299
42.3705 65.8199 -60.1669 -13.621 -16.4088 -52.2327
42.3023 65.7376 -60.4281 -13.6878 -16.4898 -52.2353
42.2337 65.655 -60.6893 -13.7547 -16.571 -52.2378
42.1647 65.5719 -60.9505 -13.8217 -16.6522 -52.2402
42.0954 65.4884 -61.2117 -13.8888 -16.7336 -52.2425
42.0258 65.4046 -61.4729 -13.956 -16.815 -52.2446
41.9559 65.3203 -61.7341 -14.0232 -16.8966 -52.2466
41.8856 65.2356 -61.9954 -14.0905 -16.9783 -52.2485
41.815 65.1505 -62.2566 -14.1579 -17.06 -52.2503
41.744 65.065 -62.5179 -14.2254 -17.1419 -52.2519
41.6727 64.9791 -62.7791 -14.293 -17.2239 -52.2534
41.6011 64.8928 -63.0404 -14.3606 -17.306 -52.2547
41.5291 64.806 -63.3017 -14.4283 -17.3882 -52.2559
41.4568 64.7189 -63.5629 -14.4961 -17.4705 -52.257
41.3841 64.6313 -63.8242 -14.564 -17.553 -52.258
41.3112 64.5434 -64.0855 -14.6319 -17.6355 -52.2588
41.2378 64.455 -64.3468 -14.7 -17.7181 -52.2595
41.1642 64.3662 -64.6081 -14.7681 -17.8009 -52.26
41.0901 64.277 -64.8694 -14.8363 -17.8837 -52.2605
41.0158 64.1873 -65.1307 -14.9045 -17.9667 -52.2607
40.9411 64.0973 -65.392 -14.9729 -18.0498 -52.2609
40.8661 64.0068 -65.6533 -15.0413 -18.1329 -52.2609
40.7907 63.916 -65.9146 -15.1098 -18.2162 -52.2608
40.715 63.8247 -66.1759 -15.1784 -18.2996 -52.2605
40.6389 63.733 -66.4372 -15.247 -18.3831 -52.2601
40.5625 63.6408 -66.6985 -15.3157 -18.4667 -52.2595
40.4857 63.5483 -66.9598 -15.3845 -18.5504 -52.2588
40.4087 63.4553 -67.2211 -15.4534 -18.6342 -52.258
40.3312 63.362 -67.4824 -15.5224 -18.7182 -52.257
40.2534 63.2682 -67.7437 -15.5914 -18.8022 -52.2558
40.1753 63.1739 -68.005 -15.6605 -18.8864 -52.2546
40.0968 63.0793 -68.2662 -15.7297 -18.9706 -52.2531
40.018 62.9842 -68.5275 -15.799 -19.055 -52.2516
39.9388 62.8887 -68.7888 -15.8683 -19.1394 -52.2499
39.8593 62.7928 -69.05 -15.9378 -19.224 -52.248
39.7795 62.6965 -69.3112 -16.0073 -19.3087 -52.246
39.6992 62.5997 -69.5725 -16.0768 -19.3935 -52.2438
39.6187 62.5026 -69.8337 -16.1465 -19.4784 -52.2415
39.5378 62.405 -70.0949 -16.2162 -19.5634 -52.239
39.4565 62.3069 -70.3561 -16.286 -19.6485 -52.2364
39.3749 62.2085 -70.6172 -16.3559 -19.7338 -52.2336
39.293 62.1096 -70.8784 -16.4258 -19.8191 -52.2307
39.2107 62.0103 -71.1396 -16.4959 -19.9045 -52.2276
39.128 61.9105 -71.4007 -16.566 -19.9901 -52.2243
39.045 61.8104 -71.6618 -16.6362 -20.0757 -52.2209
38.9616 61.7098 -71.9229 -16.7064 -20.1615 -52.2173
38.8779 61.6088 -72.184 -16.7767 -20.2474 -52.2136
38.7939 61.5073 -72.445 -16.8472 -20.3334 -52.2097
38.7095 61.4054 -72.7061 -16.9176 -20.4195 -52.2057
38.6247 61.3031 -72.9671 -16.9882 -20.5057 -52.2014
38.5396 61.2004 -73.2281 -17.0588 -20.592 -52.1971
38.4541 61.0972 -73.4891 -17.1295 -20.6784 -52.1925
38.3683 60.9936 -73.75 -17.2003 -20.7649 -52.1878
38.2821 60.8896 -74.0109 -17.2712 -20.8516 -52.1829
38.1956 60.7851 -74.2718 -17.3421 -20.9383 -52.1779
38.1087 60.6802 -74.5327 -17.4131 -21.0252 -52.1726
38.0214 60.5748 -74.7936 -17.4842 -21.1121 -52.1672
37.9338 60.469 -75.0544 -17.5554 -21.1992 -52.1617
37.8459 60.3628 -75.3152 -17.6266 -21.2864 -52.1559
37.7576 60.2562 -75.5759 -17.698 -21.3737 -52.15
37.6689 60.1491 -75.8367 -17.7693 -21.4611 -52.1439
37.5799 60.0416 -76.0974 -17.8408 -21.5486 -52.1376
37.4905 59.9336 -76.358 -17.9124 -21.6362 -52.1312
37.4008 59.8252 -76.6187 -17.984 -21.7239 -52.1246
37.3107 59.7164 -76.8793 -18.0557 -21.8117 -52.1177
37.2202 59.6071 -77.1399 -18.1274 -21.8997 -52.1108
37.1294 59.4974 -77.4004 -18.1993 -21.9877 -52.1036
37.0382 59.3872 -77.6609 -18.2712 -22.0759 -52.0962
36.9467 59.2766 -77.9214 -18.3432 -22.1642 -52.0887
36.8548 59.1656 -78.1818 -18.4153 -22.2526 -52.0809
36.7625 59.0541 -78.4422 -18.4874 -22.341 -52.073
36.6699 58.9422 -78.7025 -18.5597 -22.4296 -52.0649
36.5769 58.8298 -78.9628 -18.632 -22.5184 -52.0566
36.4836 58.717 -79.2231 -18.7043 -22.6072 -52.0481
36.3899 58.6037 -79.4833 -18.7768 -22.6961 -52.0394
36.2958 58.49 -79.7435 -18.8493 -22.7852 -52.0305
36.2014 58.3759 -80.0036 -18.922 -22.8743 -52.0214
36.1066 58.2613 -80.2637 -18.9946 -22.9636 -52.0121
36.0114 58.1462 -80.5237 -19.0674 -23.0529 -52.0026
35.9159 58.0307 -80.7837 -19.1402 -23.1424 -51.993
35.82 57.9148 -81.0437 -19.2132 -23.232 -51.9831
35.7238 57.7984 -81.3035 -19.2862 -23.3217 -51.973
35.6272 57.6816 -81.5634 -19.3592 -23.4116 -51.9627
35.5302 57.5643 -81.8232 -19.4324 -23.5015 -51.9522
35.4329 57.4466 -82.0829 -19.5056 -23.5915 -51.9415
35.3352 57.3284 -82.3426 -19.5789 -23.6817 -51.9305
35.2371 57.2098 -82.6022 -19.6523 -23.7719 -51.9194
35.1386 57.0907 -82.8618 -19.7258 -23.8623 -51.9081
35.0398 56.9711 -83.1213 -19.7993 -23.9528 -51.8965
34.9406 56.8511 -83.3807 -19.8729 -24.0434 -51.8847
34.8411 56.7307 -83.6401 -19.9466 -24.1341 -51.8727
34.7412 56.6098 -83.8995 -20.0204 -24.225 -51.8605
34.6409 56.4885 -84.1587 -20.0943 -24.3159 -51.848
34.5402 56.3666 -84.418 -20.1682 -24.407 -51.8354
34.4392 56.2444 -84.6771 -20.2422 -24.4981 -51.8225
34.3378 56.1217 -84.9362 -20.3163 -24.5894 -51.8094
34.236 55.9985 -85.1952 -20.3905 -24.6808 -51.796
34.1339 55.8749 -85.4541 -20.4648 -24.7723 -51.7825
34.0314 55.7508 -85.713 -20.5391 -24.8639 -51.7687
33.9285 55.6262 -85.9718 -20.6135 -24.9557 -51.7546
33.8253 55.5012 -86.2306 -20.688 -25.0476 -51.7403
33.7216 55.3757 -86.4892 -20.7626 -25.1395 -51.7258
33.6176 55.2498 -86.7478 -20.8373 -25.2316 -51.7111
33.5133 55.1234 -87.0063 -20.9121 -25.3238 -51.6961
33.4085 54.9966 -87.2648 -20.9869 -25.4162 -51.6809
33.3034 54.8693 -87.5231 -21.0618 -25.5086 -51.6654
33.1979 54.7415 -87.7814 -21.1369 -25.6012 -51.6497
33.092 54.6133 -88.0396 -21.212 -25.6939 -51.6337
32.9858 54.4845 -88.2978 -21.2872 -25.7867 -51.6175
32.8791 54.3554 -88.5558 -21.3624 -25.8796 -51.601
32.7721 54.2258 -88.8138 -21.4378 -25.9726 -51.5843
32.6648 54.0957 -89.0717 -21.5133 -26.0658 -51.5673
32.557 53.9651 -89.3294 -21.5888 -26.1591 -51.5501
32.4489 53.8341 -89.5872 -21.6645 -26.2525 -51.5326
32.3404 53.7026 -89.8448 -21.7402 -26.3461 -51.5148
32.2315 53.5706 -90.1023 -21.816 -26.4397 -51.4968
32.1222 53.4382 -90.3597 -21.8919 -26.5335 -51.4786
32.0126 53.3053 -90.6171 -21.9679 -26.6274 -51.46
31.9025 53.1719 -90.8743 -22.0441 -26.7214 -51.4412
31.7921 53.0381 -91.1315 -22.1203 -26.8156 -51.4222
31.6813 52.9037 -91.3886 -22.1966 -26.9099 -51.4028
31.5702 52.769 -91.6455 -22.273 -27.0043 -51.3832
31.4586 52.6337 -91.9024 -22.3495 -27.0988 -51.3633
31.3467 52.498 -92.1592 -22.4261 -27.1935 -51.3432
31.2343 52.3618 -92.4158 -22.5028 -27.2883 -51.3228
31.1216 52.2251 -92.6724 -22.5796 -27.3832 -51.3021
31.0085 52.0879 -92.9288 -22.6565 -27.4783 -51.2811
30.8951 51.9503 -93.1852 -22.7335 -27.5735 -51.2598
30.7812 51.8122 -93.4414 -22.8106 -27.6688 -51.2383
30.667 51.6736 -93.6976 -22.8878 -27.7642 -51.2164
30.5523 51.5346 -93.9536 -22.9651 -27.8598 -51.1943
30.4373 51.395 -94.2095 -23.0425 -27.9556 -51.1719
30.3219 51.255 -94.4653 -23.1201 -28.0514 -51.1493
30.2061 51.1145 -94.721 -23.1977 -28.1474 -51.1263
30.0899 50.9735 -94.9766 -23.2755 -28.2435 -51.103
29.9734 50.8321 -95.232 -23.3534 -28.3398 -51.0795
29.8564 50.6901 -95.4874 -23.4313 -28.4362 -51.0556
29.739 50.5477 -95.7426 -23.5094 -28.5328 -51.0315
29.6213 50.4048 -95.9977 -23.5877 -28.6294 -51.0071
29.5032 50.2614 -96.2527 -23.666 -28.7263 -50.9823
29.3846 50.1175 -96.5075 -23.7444 -28.8232 -50.9573
29.2657 49.9732 -96.7622 -23.823 -28.9203 -50.932
29.1464 49.8283 -97.0168 -23.9017 -29.0176 -50.9064
29.0267 49.683 -97.2713 -23.9805 -29.115 -50.8804
28.9066 49.5372 -97.5256 -24.0594 -29.2125 -50.8542
28.7861 49.3909 -97.7798 -24.1384 -29.3102 -50.8277
28.6652 49.2441 -98.0339 -24.2176 -29.408 -50.8009
28.5439 49.0968 -98.2879 -24.2969 -29.506 -50.7737
28.4223 48.949 -98.5417 -24.3763 -29.6041 -50.7463
28.3002 48.8008 -98.7953 -24.4559 -29.7024 -50.7185
28.1777 48.652 -99.0488 -24.5355 -29.8008 -50.6905
28.0548 48.5027 -99.3022 -24.6153 -29.8994 -50.6621
27.9315 48.353 -99.5555 -24.6952 -29.9981 -50.6334
27.8079 48.2028 -99.8086 -24.7753 -30.097 -50.6044
27.6838 48.052 -100.062 -24.8555 -30.196 -50.5751
27.5593 47.9008 -100.314 -24.9358 -30.2952 -50.5455
27.4344 47.7491 -100.567 -25.0163 -30.3945 -50.5156
27.3091 47.5969 -100.819 -25.0968 -30.494 -50.4853
27.1835 47.4441 -101.072 -25.1775 -30.5937 -50.4548
27.0574 47.2909 -101.324 -25.2584 -30.6934 -50.4239
26.9309 47.1372 -101.576 -25.3394 -30.7934 -50.3927
26.804 46.983 -101.828 -25.4205 -30.8935 -50.3612
26.6767 46.8283 -102.08 -25.5018 -30.9938 -50.3293
26.549 46.673 -102.331 -25.5832 -31.0942 -50.2972
26.4208 46.5173 -102.583 -25.6647 -31.1948 -50.2647
26.2923 46.3611 -102.834 -25.7464 -31.2955 -50.2319
26.1634 46.2044 -103.085 -25.8282 -31.3964 -50.1988
26.034 46.0471 -103.336 -25.9101 -31.4975 -50.1654
25.9043 45.8894 -103.587 -25.9922 -31.5987 -50.1316
25.7741 45.7311 -103.837 -26.0745 -31.7001 -50.0975
25.6435 45.5724 -104.088 -26.1568 -31.8016 -50.0631
25.5125 45.4131 -104.338 -26.2394 -31.9033 -50.0283
25.3811 45.2534 -104.588 -26.322 -32.0052 -49.9933
25.2493 45.0931 -104.838 -26.4048 -32.1072 -49.9579
25.1171 44.9323 -105.087 -26.4878 -32.2094 -49.9222
24.9844 44.771 -105.337 -26.5709 -32.3118 -49.8861
24.8514 44.6092 -105.586 -26.6541 -32.4143 -49.8497
24.7179 44.4468 -105.835 -26.7375 -32.517 -49.813
24.584 44.284 -106.084 -26.821 -32.6198 -49.7759
24.4497 44.1206 -106.333 -26.9047 -32.7228 -49.7386
24.315 43.9568 -106.582 -26.9885 -32.826 -49.7008
24.1798 43.7924 -106.83 -27.0725 -32.9294 -49.6628
24.0442 43.6275 -107.078 -27.1566 -33.0329 -49.6244
23.9082 43.4621 -107.326 -27.2409 -33.1366 -49.5857
23.7718 43.2961 -107.574 -27.3253 -33.2404 -49.5466
23.635 43.1297 -107.822 -27.4098 -33.3444 -49.5072
23.4977 42.9627 -108.069 -27.4945 -33.4486 -49.4675
23.36 42.7952 -108.317 -27.5794 -33.553 -49.4274
23.2219 42.6271 -108.564 -27.6644 -33.6575 -49.387
23.0834 42.4586 -108.81 -27.7496 -33.7622 -49.3463
22.9444 42.2895 -109.057 -27.8349 -33.8671 -49.3052
22.8051 42.1199 -109.304 -27.9203 -33.9721 -49.2637
22.6652 41.9498 -109.55 -28.0059 -34.0773 -49.222
22.525 41.7791 -109.796 -28.0916 -34.1827 -49.1798
22.3843 41.608 -110.042 -28.1775 -34.2882 -49.1374
22.2432 41.4363 -110.287 -28.2636 -34.394 -49.0946
22.1017 41.264 -110.532 -28.3498 -34.4998 -49.0514
21.9597 41.0913 -110.778 -28.4361 -34.6059 -49.0079
21.8173 40.918 -111.023 -28.5226 -34.7121 -48.964
21.6745 40.7441 -111.267 -28.6092 -34.8185 -48.9198
21.5312 40.5698 -111.512 -28.696 -34.9251 -48.8752
21.3875 40.3949 -111.756 -28.7829 -35.0318 -48.8303
21.2434 40.2195 -112 -28.87 -35.1387 -48.7851
21.0988 40.0435 -112.244 -28.9573 -35.2458 -48.7394
20.9538 39.867 -112.487 -29.0446 -35.3531 -48.6935
20.8084 39.69 -112.731 -29.1321 -35.4605 -48.6471
20.6625 39.5124 -112.974 -29.2198 -35.5681 -48.6004
20.5162 39.3343 -113.217 -29.3076 -35.6758 -48.5534
20.3694 39.1556 -113.459 -29.3956 -35.7838 -48.506
20.2222 38.9765 -113.702 -29.4837 -35.8919 -48.4582
20.0746 38.7967 -113.944 -29.572 -36.0001 -48.41
19.9265 38.6165 -114.186 -29.6604 -36.1086 -48.3615
19.778 38.4356 -114.428 -29.7489 -36.2172 -48.3127
19.629 38.2543 -114.669 -29.8376 -36.326 -48.2634
19.4796 38.0724 -114.91 -29.9264 -36.435 -48.2138
19.3298 37.8899 -115.151 -30.0154 -36.5441 -48.1639
19.1795 37.7069 -115.392 -30.1046 -36.6534 -48.1135
19.0287 37.5234 -115.632 -30.1938 -36.7628 -48.0628
18.8775 37.3393 -115.873 -30.2832 -36.8725 -48.0117
18.7259 37.1547 -116.112 -30.3728 -36.9823 -47.9603
18.5738 36.9695 -116.352 -30.4625 -37.0923 -47.9084
18.4213 36.7837 -116.592 -30.5523 -37.2024 -47.8562
18.2683 36.5975 -116.831 -30.6423 -37.3127 -47.8036
18.1148 36.4106 -117.07 -30.7325 -37.4232 -47.7506
17.9609 36.2232 -117.308 -30.8227 -37.5339 -47.6973
17.8066 36.0353 -117.547 -30.9131 -37.6447 -47.6435
17.6518 35.8468 -117.785 -31.0037 -37.7557 -47.5894
17.4966 35.6577 -118.022 -31.0944 -37.8669 -47.5349
17.3409 35.4681 -118.26 -31.1852 -37.9782 -47.48
17.1847 35.2779 -118.497 -31.2762 -38.0897 -47.4247
17.0281 35.0872 -118.734 -31.3673 -38.2014 -47.369
16.871 34.8959 -118.971 -31.4585 -38.3132 -47.3129
16.7135 34.7041 -119.207 -31.5499 -38.4252 -47.2565
16.5556 34.5117 -119.444 -31.6414 -38.5374 -47.1996
16.3971 34.3187 -119.679 -31.7331 -38.6497 -47.1423
16.2382 34.1252 -119.915 -31.8249 -38.7622 -47.0847
16.0789 33.9311 -120.15 -31.9168 -38.8749 -47.0266
15.9191 33.7364 -120.385 -32.0089 -38.9877 -46.9681
15.7588 33.5412 -120.62 -32.1011 -39.1007 -46.9092
15.598 33.3454 -120.854 -32.1934 -39.2139 -46.8499
15.4368 33.1491 -121.088 -32.2859 -39.3272 -46.7902
15.2752 32.9521 -121.322 -32.3785 -39.4407 -46.7301
15.1131 32.7547 -121.556 -32.4712 -39.5544 -46.6696
14.9505 32.5566 -121.789 -32.5641 -39.6682 -46.6086
14.7874 32.358 -122.022 -32.6571 -39.7822 -46.5473
14.6239 32.1588 -122.254 -32.7502 -39.8964 -46.4855
14.4599 31.959 -122.487 -32.8434 -40.0107 -46.4233
14.2955 31.7587 -122.719 -32.9368 -40.1252 -46.3607
14.1305 31.5578 -122.95 -33.0304 -40.2398 -46.2976
13.9652 31.3563 -123.182 -33.124 -40.3546 -46.2341
13.7993 31.1542 -123.413 -33.2178 -40.4696 -46.1702
13.633 30.9516 -123.643 -33.3117 -40.5847 -46.1059
13.4662 30.7484 -123.874 -33.4057 -40.7 -46.0411
13.2989 30.5446 -124.104 -33.4999 -40.8154 -45.9759
13.1312 30.3402 -124.333 -33.5941 -40.9311 -45.9102
12.963 30.1353 -124.563 -33.6885 -41.0468 -45.8441
12.7943 29.9297 -124.792 -33.7831 -41.1628 -45.7776
12.6252 29.7236 -125.021 -33.8777 -41.2788 -45.7106
12.4555 29.517 -125.249 -33.9725 -41.3951 -45.6432
12.2854 29.3097 -125.477 -34.0674 -41.5115 -45.5753
12.1149 29.1018 -125.705 -34.1624 -41.628 -45.507
11.9438 28.8934 -125.932 -34.2576 -41.7448 -45.4382
11.7723 28.6844 -126.159 -34.3528 -41.8616 -45.369
11.6003 28.4748 -126.386 -34.4482 -41.9787 -45.2993
11.4278 28.2646 -126.612 -34.5437 -42.0958 -45.2291
11.2548 28.0538 -126.838 -34.6393 -42.2132 -45.1585
11.0814 27.8425 -127.064 -34.7351 -42.3307 -45.0874
10.9075 27.6305 -127.289 -34.8309 -42.4483 -45.0158
10.7331 27.418 -127.514 -34.9269 -42.5661 -44.9438
10.5582 27.2049 -127.738 -35.023 -42.6841 -44.8713
10.3829 26.9912 -127.963 -35.1192 -42.8022 -44.7983
10.207 26.7768 -128.186 -35.2155 -42.9204 -44.7248
10.0307 26.5619 -128.41 -35.312 -43.0388 -44.6509
9.85391 26.3465 -128.633 -35.4085 -43.1574 -44.5764
9.67663 26.1304 -128.856 -35.5052 -43.2761 -44.5015
9.49886 25.9137 -129.078 -35.602 -43.395 -44.4261
9.32061 25.6964 -129.3 -35.6989 -43.514 -44.3502
9.14188 25.4786 -129.521 -35.7959 -43.6331 -44.2738
8.96265 25.2601 -129.743 -35.893 -43.7524 -44.1969
8.78295 25.041 -129.963 -35.9902 -43.8719 -44.1195
8.60275 24.8214 -130.184 -36.0875 -43.9914 -44.0416
8.42207 24.6011 -130.404 -36.185 -44.1112 -43.9632
8.2409 24.3803 -130.623 -36.2825 -44.2311 -43.8843
8.05925 24.1588 -130.843 -36.3802 -44.3511 -43.8049
7.8771 23.9367 -131.061 -36.4779 -44.4713 -43.7249
7.69447 23.7141 -131.28 -36.5758 -44.5916 -43.6445
7.51134 23.4908 -131.498 -36.6738 -44.712 -43.5635
7.32773 23.267 -131.715 -36.7718 -44.8326 -43.482
7.14363 23.0425 -131.933 -36.87 -44.9534 -43.4
6.95903 22.8174 -132.149 -36.9683 -45.0742 -43.3174
6.77394 22.5918 -132.366 -37.0667 -45.1953 -43.2343
6.58836 22.3655 -132.582 -37.1651 -45.3164 -43.1507
6.40229 22.1386 -132.797 -37.2637 -45.4377 -43.0666
6.21573 21.9111 -133.012 -37.3624 -45.5591 -42.9819
6.02867 21.683 -133.227 -37.4612 -45.6807 -42.8966
5.84112 21.4543 -133.441 -37.5601 -45.8024 -42.8108
5.65307 21.225 -133.655 -37.659 -45.9242 -42.7245
5.46453 20.9951 -133.869 -37.7581 -46.0462 -42.6376
5.27549 20.7645 -134.082 -37.8573 -46.1683 -42.5501
5.08595 20.5334 -134.294 -37.9566 -46.2905 -42.4621
4.89592 20.3016 -134.506 -38.0559 -46.4129 -42.3736
4.7054 20.0692 -134.718 -38.1554 -46.5354 -42.2844
4.51437 19.8363 -134.929 -38.2549 -46.658 -42.1947
4.32285 19.6027 -135.14 -38.3545 -46.7808 -42.1045
4.13083 19.3685 -135.35 -38.4543 -46.9036 -42.0136
3.93831 19.1336 -135.56 -38.5541 -47.0266 -41.9222
3.74529 18.8982 -135.769 -38.654 -47.1498 -41.8302
3.55177 18.6621 -135.978 -38.754 -47.273 -41.7376
3.35775 18.4255 -136.187 -38.8541 -47.3964 -41.6444
3.16323 18.1882 -136.395 -38.9542 -47.5199 -41.5506
2.9682 17.9503 -136.602 -39.0545 -47.6435 -41.4563
2.77268 17.7117 -136.809 -39.1548 -47.7673 -41.3613
2.57666 17.4726 -137.016 -39.2552 -47.8911 -41.2657
2.38013 17.2328 -137.222 -39.3557 -48.0151 -41.1696
2.1831 16.9924 -137.428 -39.4563 -48.1392 -41.0728
1.98557 16.7514 -137.633 -39.557 -48.2634 -40.9754
1.78753 16.5098 -137.837 -39.6577 -48.3878 -40.8774
1.58899 16.2675 -138.041 -39.7586 -48.5122 -40.7788
1.38995 16.0247 -138.245 -39.8595 -48.6367 -40.6795
1.1904 15.7812 -138.448 -39.9605 -48.7614 -40.5797
0.990342 15.5371 -138.651 -40.0615 -48.8862 -40.4792
0.789782 15.2923 -138.853 -40.1627 -49.0111 -40.378
0.588716 15.047 -139.055 -40.2639 -49.1361 -40.2763
0.387144 14.801 -139.256 -40.3651 -49.2612 -40.1738
0.185065 14.5543 -139.456 -40.4665 -49.3864 -40.0708
-0.0175207 14.3071 -139.657 -40.5679 -49.5117 -39.9671
-0.220614 14.0592 -139.856 -40.6694 -49.6371 -39.8627
-0.424214 13.8107 -140.055 -40.771 -49.7626 -39.7577
-0.628323 13.5616 -140.254 -40.8726 -49.8882 -39.6521
-0.83294 13.3118 -140.452 -40.9743 -50.0139 -39.5457
-1.03807 13.0615 -140.649 -41.0761 -50.1398 -39.4387
-1.2437 12.8104 -140.846 -41.1779 -50.2657 -39.3311
-1.44984 12.5588 -141.042 -41.2798 -50.3917 -39.2227
-1.6565 12.3065 -141.238 -41.3817 -50.5178 -39.1137
-1.86366 12.0536 -141.434 -41.4838 -50.644 -39.004
-2.07133 11.8001 -141.628 -41.5858 -50.7702 -38.8937
-2.27952 11.5459 -141.822 -41.688 -50.8966 -38.7826
-2.48821 11.2911 -142.016 -41.7902 -51.0231 -38.6708
-2.69742 11.0357 -142.209 -41.8924 -51.1496 -38.5584
-2.90714 10.7796 -142.402 -41.9947 -51.2762 -38.4452
-3.11736 10.5229 -142.594 -42.0971 -51.4029 -38.3314
-3.32811 10.2656 -142.785 -42.1995 -51.5297 -38.2168
-3.53936 10.0076 -142.976 -42.3019 -51.6566 -38.1015
-3.75112 9.74903 -143.166 -42.4044 -51.7835 -37.9855
-3.9634 9.48979 -143.356 -42.507 -51.9106 -37.8688
-4.17619 9.22992 -143.545 -42.6096 -52.0377 -37.7514
-4.3895 8.96942 -143.733 -42.7123 -52.1648 -37.6332
-4.60331 8.70827 -143.921 -42.815 -52.2921 -37.5143
-4.81765 8.44649 -144.108 -42.9177 -52.4194 -37.3946
-5.03249 8.18408 -144.295 -43.0205 -52.5468 -37.2743
-5.24785 7.92103 -144.481 -43.1233 -52.6742 -37.1531
-5.46372 7.65734 -144.667 -43.2262 -52.8017 -37.0313
-5.68011 7.39301 -144.851 -43.3291 -52.9293 -36.9086
-5.89701 7.12804 -145.036 -43.432 -53.0569 -36.7853
-6.11443 6.86244 -145.219 -43.535 -53.1846 -36.6611
-6.33236 6.5962 -145.402 -43.638 -53.3123 -36.5362
-6.55081 6.32932 -145.585 -43.741 -53.4401 -36.4105
-6.76977 6.0618 -145.766 -43.8441 -53.568 -36.2841
-6.98925 5.79364 -145.947 -43.9471 -53.6959 -36.1568
-7.20924 5.52484 -146.128 -44.0503 -53.8238 -36.0288
-7.42975 5.2554 -146.308 -44.1534 -53.9518 -35.9
-7.65077 4.98532 -146.487 -44.2566 -54.0798 -35.7704
-7.87231 4.7146 -146.665 -44.3598 -54.2079 -35.6401
-8.09437 4.44324 -146.843 -44.463 -54.336 -35.5089
-8.31694 4.17124 -147.02 -44.5662 -54.4641 -35.3769
-8.54003 3.8986 -147.197 -44.6694 -54.5923 -35.2441
-8.76363 3.62532 -147.373 -44.7727 -54.7205 -35.1105
-8.98776 3.3514 -147.548 -44.876 -54.8488 -34.9761
-9.21239 3.07683 -147.723 -44.9793 -54.977 -34.8408
-9.43755 2.80163 -147.897 -45.0825 -55.1053 -34.7048
-9.66322 2.52578 -148.07 -45.1858 -55.2336 -34.5679
-9.8894 2.24929 -148.242 -45.2892 -55.3619 -34.4301
-10.1161 1.97216 -148.414 -45.3925 -55.4903 -34.2916
-10.3433 1.69439 -148.585 -45.4958 -55.6186 -34.1522
-10.5711 1.41597 -148.756 -45.5991 -55.747 -34.0119
-10.7993 1.13692 -148.925 -45.7024 -55.8754 -33.8708
-11.0281 0.857219 -149.094 -45.8057 -56.0038 -33.7288
-11.2574 0.576879 -149.263 -45.909 -56.1322 -33.586
-11.4872 0.295897 -149.43 -46.0123 -56.2605 -33.4423
-11.7175 0.0142739 -149.597 -46.1156 -56.3889 -33.2977
-11.9483 -0.267992 -149.763 -46.2188 -56.5173 -33.1523
-12.1797 -0.550899 -149.928 -46.3221 -56.6456 -33.006
-12.4115 -0.834448 -150.093 -46.4253 -56.774 -32.8588
-12.6439 -1.11864 -150.257 -46.5285 -56.9023 -32.7107
-12.8768 -1.40347 -150.42 -46.6317 -57.0306 -32.5618
-13.1102 -1.68894 -150.583 -46.7349 -57.1589 -32.4119
-13.3442 -1.97506 -150.744 -46.838 -57.2872 -32.2611
-13.5786 -2.26182 -150.905 -46.9412 -57.4154 -32.1095
-13.8136 -2.54921 -151.065 -47.0443 -57.5437 -31.9569
-14.0491 -2.83725 -151.225 -47.1473 -57.6718 -31.8034
-14.2851 -3.12593 -151.383 -47.2503 -57.8 -31.649
-14.5216 -3.41525 -151.541 -47.3533 -57.928 -31.4936
-14.7586 -3.70521 -151.698 -47.4562 -58.0561 -31.3374
-14.9961 -3.99581 -151.855 -47.5591 -58.1841 -31.1802
-15.2342 -4.28705 -152.01 -47.662 -58.312 -31.0221
-15.4727 -4.57893 -152.165 -47.7648 -58.4399 -30.863
-15.7118 -4.87145 -152.319 -47.8676 -58.5677 -30.703
-15.9514 -5.16461 -152.472 -47.9703 -58.6955 -30.542
-16.1915 -5.45841 -152.624 -48.0729 -58.8232 -30.3801
-16.4321 -5.75284 -152.776 -48.1755 -58.9508 -30.2173
-16.6733 -6.04791 -152.926 -48.278 -59.0783 -30.0534
-16.9149 -6.34362 -153.076 -48.3805 -59.2058 -29.8886
-17.1571 -6.63997 -153.225 -48.4829 -59.3331 -29.7229
-17.3998 -6.93695 -153.374 -48.5852 -59.4604 -29.5561
-17.6429 -7.23457 -153.521 -48.6875 -59.5876 -29.3884
-17.8866 -7.53283 -153.667 -48.7897 -59.7147 -29.2197
-18.1308 -7.83172 -153.813 -48.8918 -59.8417 -29.05
-18.3755 -8.13125 -153.958 -48.9938 -59.9685 -28.8794
-18.6208 -8.4314 -154.102 -49.0957 -60.0953 -28.7077
-18.8665 -8.7322 -154.245 -49.1976 -60.2219 -28.535
-19.1127 -9.03362 -154.387 -49.2993 -60.3485 -28.3613
-19.3595 -9.33568 -154.529 -49.401 -60.4749 -28.1867
-19.6067 -9.63837 -154.669 -49.5026 -60.6011 -28.011
-19.8545 -9.94169 -154.809 -49.6041 -60.7273 -27.8343
-20.1028 -10.2456 -154.947 -49.7054 -60.8533 -27.6565
-20.3516 -10.5502 -155.085 -49.8067 -60.9791 -27.4778
-20.6008 -10.8554 -155.222 -49.9079 -61.1048 -27.298
-20.8506 -11.1613 -155.358 -50.0089 -61.2304 -27.1172
-21.1009 -11.4677 -155.493 -50.1099 -61.3557 -26.9353
-21.3517 -11.7748 -155.628 -50.2107 -61.481 -26.7525
-21.603 -12.0825 -155.761 -50.3114 -61.606 -26.5685
-21.8548 -12.3909 -155.893 -50.412 -61.7309 -26.3836
-22.1072 -12.6999 -156.025 -50.5124 -61.8556 -26.1976
-22.36 -13.0094 -156.155 -50.6127 -61.9801 -26.0105
-22.6133 -13.3197 -156.285 -50.7129 -62.1044 -25.8224
-22.8671 -13.6305 -156.413 -50.813 -62.2285 -25.6332
-23.1214 -13.9419 -156.541 -50.9129 -62.3524 -25.4429
-23.3762 -14.254 -156.668 -51.0126 -62.476 -25.2516
-23.6315 -14.5667 -156.794 -51.1122 -62.5995 -25.0592
-23.8873 -14.88 -156.918 -51.2117 -62.7228 -24.8658
-24.1436 -15.1939 -157.042 -51.311 -62.8458 -24.6712
-24.4004 -15.5085 -157.165 -51.4102 -62.9686 -24.4756
-24.6577 -15.8236 -157.287 -51.5092 -63.0911 -24.2789
-24.9155 -16.1394 -157.408 -51.608 -63.2134 -24.0811
-25.1738 -16.4557 -157.528 -51.7067 -63.3355 -23.8823
-25.4326 -16.7727 -157.647 -51.8052 -63.4573 -23.6823
-25.6919 -17.0903 -157.765 -51.9035 -63.5788 -23.4813
-25.9516 -17.4085 -157.882 -52.0016 -63.7 -23.2792
-26.2119 -17.7273 -157.997 -52.0996 -63.821 -23.0759
-26.4726 -18.0467 -158.112 -52.1974 -63.9417 -22.8716
-26.7339 -18.3667 -158.226 -52.295 -64.0621 -22.6662
-26.9956 -18.6873 -158.339 -52.3924 -64.1822 -22.4596
-27.2578 -19.0085 -158.451 -52.4896 -64.302 -22.252
-27.5205 -19.3304 -158.562 -52.5866 -64.4214 -22.0432
-27.7836 -19.6528 -158.671 -52.6834 -64.5406 -21.8334
-28.0473 -19.9758 -158.78 -52.78 -64.6594 -21.6224
-28.3114 -20.2993 -158.887 -52.8764 -64.7779 -21.4103
-28.5761 -20.6235 -158.994 -52.9726 -64.8961 -21.1972
-28.8412 -20.9483 -159.099 -53.0686 -65.0139 -20.9829
-29.1067 -21.2737 -159.204 -53.1643 -65.1314 -20.7674
-29.3728 -21.5996 -159.307 -53.2599 -65.2485 -20.5509
-29.6393 -21.9262 -159.409 -53.3552 -65.3652 -20.3333
-29.9063 -22.2533 -159.51 -53.4503 -65.4816 -20.1145
-30.1738 -22.581 -159.61 -53.5451 -65.5976 -19.8946
-30.4418 -22.9092 -159.709 -53.6398 -65.7132 -19.6736
-30.7102 -23.2381 -159.807 -53.7341 -65.8284 -19.4515
-30.9791 -23.5675 -159.904 -53.8283 -65.9432 -19.2283
-31.2485 -23.8975 -159.999 -53.9222 -66.0576 -19.0039
-31.5183 -24.2281 -160.094 -54.0159 -66.1715 -18.7784
-31.7887 -24.5592 -160.187 -54.1093 -66.2851 -18.5518
-32.0594 -24.8909 -160.279 -54.2025 -66.3982 -18.3241
-32.3307 -25.2232 -160.37 -54.2955 -66.5109 -18.0953
-32.6024 -25.556 -160.46 -54.3881 -66.6231 -17.8654
-32.8745 -25.8894 -160.549 -54.4806 -66.7349 -17.6343
-33.1472 -26.2234 -160.637 -54.5727 -66.8462 -17.4022
-33.4203 -26.5579 -160.723 -54.6646 -66.9571 -17.1689
-33.6938 -26.893 -160.808 -54.7563 -67.0675 -16.9345
-33.9678 -27.2286 -160.892 -54.8477 -67.1774 -16.699
-34.2423 -27.5647 -160.975 -54.9388 -67.2868 -16.4624
-34.5172 -27.9014 -161.057 -55.0297 -67.3958 -16.2247
-34.7926 -28.2387 -161.138 -55.1203 -67.5042 -15.9859
-35.0684 -28.5765 -161.217 -55.2106 -67.6122 -15.746
-35.3447 -28.9148 -161.295 -55.3006 -67.7196 -15.505
-35.6214 -29.2537 -161.372 -55.3904 -67.8265 -15.2629
-35.8986 -29.5931 -161.448 -55.4799 -67.9329 -15.0197
-36.1762 -29.933 -161.522 -55.5692 -68.0387 -14.7755
-36.4543 -30.2734 -161.595 -55.6582 -68.144 -14.5301
-36.7328 -30.6144 -161.667 -55.7468 -68.2488 -14.2836
-37.0117 -30.9559 -161.738 -55.8353 -68.353 -14.0361
-37.2911 -31.298 -161.808 -55.9234 -68.4567 -13.7875
-37.571 -31.6405 -161.876 -56.0113 -68.5598 -13.5379
-37.8512 -31.9835 -161.943 -56.0989 -68.6623 -13.2871
-38.1319 -32.3271 -162.009 -56.1862 -68.7643 -13.0353
-38.4131 -32.6712 -162.074 -56.2733 -68.8657 -12.7825
-38.6947 -33.0158 -162.137 -56.36 -68.9665 -12.5286
-38.9767 -33.3608 -162.199 -56.4466 -69.0668 -12.2736
-39.2591 -33.7064 -162.26 -56.5328 -69.1664 -12.0176
-39.542 -34.0525 -162.319 -56.6188 -69.2655 -11.7606
-39.8253 -34.3991 -162.377 -56.7045 -69.364 -11.5025
-40.109 -34.7461 -162.434 -56.7899 -69.4618 -11.2434
-40.3932 -35.0937 -162.49 -56.8751 -69.5591 -10.9832
-40.6778 -35.4417 -162.544 -56.96 -69.6558 -10.7221
-40.9628 -35.7902 -162.597 -57.0447 -69.7518 -10.4599
-41.2482 -36.1392 -162.648 -57.1291 -69.8473 -10.1967
-41.5341 -36.4887 -162.699 -57.2132 -69.9421 -9.93254
-41.8203 -36.8386 -162.748 -57.2972 -70.0363 -9.66735
-42.107 -37.1891 -162.795 -57.3808 -70.1299 -9.40118
-42.3941 -37.5399 -162.842 -57.4642 -70.2229 -9.13401
-42.6817 -37.8913 -162.887 -57.5474 -70.3152 -8.86586
-42.9696 -38.2431 -162.93 -57.6304 -70.407 -8.59674
-43.258 -38.5953 -162.973 -57.7131 -70.4981 -8.32664
-43.5467 -38.9481 -163.014 -57.7956 -70.5886 -8.05557
-43.8359 -39.3012 -163.053 -57.8778 -70.6784 -7.78355
-44.1255 -39.6548 -163.092 -57.9599 -70.7677 -7.51056
-44.4155 -40.0089 -163.128 -58.0418 -70.8563 -7.23663
-44.7059 -40.3634 -163.164 -58.1234 -70.9444 -6.96175
-44.9967 -40.7183 -163.198 -58.2048 -71.0318 -6.68593
-45.288 -41.0737 -163.231 -58.2861 -71.1185 -6.40917
-45.5796 -41.4295 -163.262 -58.3672 -71.2047 -6.13148
-45.8716 -41.7857 -163.292 -58.448 -71.2903 -5.85286
-46.1641 -42.1424 -163.321 -58.5288 -71.3753 -5.57332
-46.4569 -42.4995 -163.348 -58.6093 -71.4596 -5.29286
-46.7501 -42.857 -163.374 -58.6897 -71.5434 -5.01148
-47.0438 -43.2149 -163.398 -58.7699 -71.6265 -4.72919
-47.3378 -43.5732 -163.421 -58.85 -71.7091 -4.44599
-47.6323 -43.932 -163.442 -58.9299 -71.7911 -4.16188
-47.9271 -44.2912 -163.462 -59.0098 -71.8725 -3.87687
-48.2224 -44.6507 -163.481 -59.0894 -71.9534 -3.59096
-48.518 -45.0107 -163.498 -59.169 -72.0336 -3.30415
-48.814 -45.371 -163.514 -59.2485 -72.1133 -3.01644
-49.1105 -45.7318 -163.529 -59.3278 -72.1925 -2.72784
-49.4073 -46.093 -163.541 -59.4071 -72.2711 -2.43833
-49.7045 -46.4545 -163.553 -59.4863 -72.3492 -2.14794
-50.0022 -46.8164 -163.563 -59.5654 -72.4267 -1.85664
-50.3002 -47.1788 -163.571 -59.6445 -72.5037 -1.56445
-50.5986 -47.5415 -163.579 -59.7234 -72.5802 -1.27136
-50.8974 -47.9046 -163.584 -59.8024 -72.6562 -0.977367
-51.1966 -48.268 -163.588 -59.8813 -72.7317 -0.682474
-51.4962 -48.6319 -163.591 -59.9601 -72.8067 -0.386676
-51.7962 -48.9961 -163.592 -60.0389 -72.8812 -0.0899698
-52.0966 -49.3607 -163.592 -60.1177 -72.9552 0.207649
-52.3974 -49.7256 -163.59 -60.1965 -73.0288 0.506184
-52.6986 -50.0909 -163.587 -60.2753 -73.1019 0.805641
-53.0001 -50.4566 -163.582 -60.3541 -73.1746 1.10603
-53.3021 -50.8227 -163.576 -60.4329 -73.2469 1.40735
-53.6045 -51.1891 -163.568 -60.5118 -73.3187 1.70961
-53.9072 -51.5559 -163.559 -60.5906 -73.3901 2.01281
-54.2103 -51.923 -163.548 -60.6695 -73.4611 2.31698
-54.5139 -52.2905 -163.536 -60.7484 -73.5317 2.62211
-54.8178 -52.6583 -163.522 -60.8274 -73.602 2.92822
-55.1222 -53.0265 -163.506 -60.9064 -73.6718 3.23531
-55.4269 -53.395 -163.489 -60.9855 -73.7413 3.5434
-55.732 -53.7639 -163.471 -61.0647 -73.8104 3.8525
-56.0375 -54.1331 -163.451 -61.1439 -73.8792 4.16262
-56.3434 -54.5027 -163.429 -61.2232 -73.9477 4.47378
-56.6497 -54.8726 -163.406 -61.3026 -74.0158 4.78598
-56.9565 -55.2428 -163.381 -61.3821 -74.0837 5.09924
-57.2636 -55.6134 -163.355 -61.4617 -74.1512 5.41358
-57.5711 -55.9843 -163.327 -61.5413 -74.2184 5.72902
-57.879 -56.3556 -163.298 -61.6211 -74.2853 6.04556
-58.1873 -56.7272 -163.267 -61.7009 -74.352 6.36323
-58.496 -57.0991 -163.234 -61.7809 -74.4183 6.68204
-58.8051 -57.4713 -163.2 -61.861 -74.4844 7.00201
-59.1146 -57.8439 -163.164 -61.9412 -74.5503 7.32317
-59.4245 -58.2168 -163.127 -62.0215 -74.6159 7.64552
-59.7348 -58.5901 -163.088 -62.1019 -74.6812 7.9691
-60.0455 -58.9636 -163.047 -62.1824 -74.7463 8.29391
-60.3566 -59.3375 -163.005 -62.263 -74.8112 8.61999
-60.6681 -59.7117 -162.961 -62.3438 -74.8759 8.94735
-60.98 -60.0863 -162.915 -62.4247 -74.9403 9.27602
-61.2924 -60.4611 -162.868 -62.5056 -75.0045 9.60601
-61.6051 -60.8363 -162.819 -62.5867 -75.0685 9.93736
-61.9182 -61.2118 -162.769 -62.6679 -75.1323 10.2701
-62.2318 -61.5876 -162.717 -62.7492 -75.1959 10.6042
-62.5457 -61.9638 -162.663 -62.8305 -75.2592 10.9397
-62.8601 -62.3402 -162.607 -62.912 -75.3224 11.2767
-63.1748 -62.717 -162.55 -62.9936 -75.3853 11.6152
-63.49 -63.094 -162.491 -63.0752 -75.4481 11.9551
-63.8056 -63.4714 -162.43 -63.157 -75.5106 12.2966
-64.1216 -63.8491 -162.368 -63.2388 -75.5729 12.6397
-64.4379 -64.2272 -162.304 -63.3207 -75.6351 12.9843
-64.7548 -64.6055 -162.238 -63.4026 -75.697 13.3305
-65.072 -64.9841 -162.171 -63.4846 -75.7587 13.6783
-65.3896 -65.3631 -162.101 -63.5667 -75.8202 14.0278
-65.7076 -65.7423 -162.03 -63.6487 -75.8814 14.379
-66.0261 -66.1219 -161.958 -63.7308 -75.9424 14.7319
-66.3449 -66.5017 -161.883 -63.813 -76.0033 15.0865
-66.6642 -66.8819 -161.807 -63.8951 -76.0638 15.4429
-66.9839 -67.2624 -161.729 -63.9772 -76.1241 15.801
-67.304 -67.6431 -161.649 -64.0593 -76.1842 16.161
-67.6245 -68.0242 -161.567 -64.1414 -76.244 16.5229
-67.9454 -68.4056 -161.484 -64.2235 -76.3035 16.8866
-68.2667 -68.7872 -161.398 -64.3055 -76.3628 17.2522
-68.5884 -69.1692 -161.311 -64.3874 -76.4218 17.6197
-68.9106 -69.5514 -161.222 -64.4693 -76.4804 17.9892
-69.2331 -69.934 -161.131 -64.5511 -76.5388 18.3607
-69.5561 -70.3168 -161.038 -64.6328 -76.5968 18.7342
-69.8795 -70.7 -160.944 -64.7143 -76.6545 19.1097
-70.2032 -71.0834 -160.847 -64.7957 -76.7119 19.4872
-70.5274 -71.4671 -160.749 -64.877 -76.7688 19.8669
-70.852 -71.8511 -160.649 -64.9581 -76.8254 20.2487
-71.177 -72.2353 -160.546 -65.0391 -76.8817 20.6326
-71.5024 -72.6199 -160.442 -65.1198 -76.9375 21.0187
-71.8282 -73.0047 -160.336 -65.2003 -76.9929 21.407
-72.1544 -73.3898 -160.228 -65.2806 -77.0478 21.7974
-72.481 -73.7752 -160.118 -65.3606 -77.1023 22.1902
-72.808 -74.1608 -160.006 -65.4404 -77.1563 22.5852
-73.1354 -74.5467 -159.893 -65.5199 -77.2098 22.9825
-73.4632 -74.9329 -159.777 -65.5991 -77.2628 23.3821
-73.7914 -75.3193 -159.659 -65.678 -77.3153 23.784
-74.12 -75.706 -159.539 -65.7565 -77.3672 24.1883
-74.4489 -76.093 -159.417 -65.8346 -77.4186 24.595
-74.7783 -76.4802 -159.293 -65.9124 -77.4693 25.0041
-75.1081 -76.8677 -159.167 -65.9897 -77.5194 25.4157
-75.4382 -77.2554 -159.039 -66.0667 -77.5689 25.8296
-75.7687 -77.6434 -158.908 -66.1432 -77.6178 26.2461
-76.0996 -78.0316 -158.776 -66.2192 -77.6659 26.6651
-76.4309 -78.42 -158.642 -66.2947 -77.7134 27.0865
-76.7626 -78.8087 -158.505 -66.3698 -77.7601 27.5106
-77.0946 -79.1976 -158.367 -66.4443 -77.8061 27.9371
-77.427 -79.5868 -158.226 -66.5182 -77.8513 28.3663
-77.7598 -79.9762 -158.083 -66.5916 -77.8956 28.7981
-78.0929 -80.3657 -157.938 -66.6643 -77.9392 29.2324
-78.4264 -80.7555 -157.791 -66.7365 -77.9819 29.6695
-78.7603 -81.1456 -157.641 -66.8079 -78.0237 30.1091
-79.0945 -81.5358 -157.49 -66.8788 -78.0646 30.5515
-79.4291 -81.9262 -157.336 -66.9489 -78.1046 30.9965
-79.764 -82.3168 -157.18 -67.0183 -78.1436 31.4443
-80.0993 -82.7076 -157.021 -67.0869 -78.1816 31.8948
-80.4349 -83.0986 -156.861 -67.1548 -78.2186 32.348
-80.7708 -83.4898 -156.698 -67.2219 -78.2546 32.804
-81.1071 -83.8812 -156.533 -67.2882 -78.2895 33.2627
-81.4437 -84.2727 -156.365 -67.3536 -78.3232 33.7243
-81.7806 -84.6644 -156.196 -67.4181 -78.3559 34.1886
-82.1179 -85.0563 -156.023 -67.4818 -78.3873 34.6558
-82.4554 -85.4483 -155.849 -67.5445 -78.4176 35.1258
-82.7933 -85.8404 -155.672 -67.6063 -78.4466 35.5987
-83.1315 -86.2327 -155.493 -67.6671 -78.4744 36.0744
-83.47 -86.6252 -155.311 -67.7269 -78.5009 36.553
-83.8088 -87.0178 -155.127 -67.7857 -78.5261 37.0345
-84.1479 -87.4104 -154.941 -67.8434 -78.5499 37.5189
-84.4872 -87.8032 -154.752 -67.9 -78.5723 38.0062
-84.8269 -88.1962 -154.561 -67.9555 -78.5933 38.4964
-85.1668 -88.5892 -154.367 -68.0099 -78.6129 38.9896
-85.507 -88.9823 -154.171 -68.0631 -78.6309 39.4856
-85.8474 -89.3755 -153.972 -68.1151 -78.6475 39.9847
-86.1881 -89.7688 -153.771 -68.1659 -78.6625 40.4867
-86.5291 -90.1621 -153.568 -68.2154 -78.6759 40.9917
-86.8703 -90.5555 -153.361 -68.2637 -78.6877 41.4997
-87.2117 -90.949 -153.153 -68.3106 -78.6978 42.0106
-87.5534 -91.3425 -152.941 -68.3562 -78.7062 42.5246
-87.8953 -91.736 -152.727 -68.4004 -78.7129 43.0415
-88.2374 -92.1296 -152.511 -68.4432 -78.7179 43.5615
-88.5797 -92.5232 -152.292 -68.4845 -78.721 44.0845
-88.9222 -92.9168 -152.07 -68.5244 -78.7223 44.6105
-89.2649 -93.3104 -151.846 -68.5628 -78.7217 45.1395
-89.6078 -93.7041 -151.619 -68.5997 -78.7192 45.6716
-89.9509 -94.0976 -151.389 -68.635 -78.7147 46.2067
-90.2942 -94.4912 -151.157 -68.6687 -78.7083 46.7448
-90.6376 -94.8847 -150.921 -68.7008 -78.6998 47.286
-90.9812 -95.2782 -150.684 -68.7312 -78.6893 47.8303
-91.3249 -95.6716 -150.443 -68.7599 -78.6766 48.3776
-91.6688 -96.065 -150.2 -68.787 -78.6619 48.9279
-92.0128 -96.4582 -149.954 -68.8122 -78.6449 49.4813
-92.3569 -96.8514 -149.705 -68.8357 -78.6257 50.0378
-92.7012 -97.2445 -149.454 -68.8573 -78.6042 50.5973
-93.0455 -97.6375 -149.199 -68.8771 -78.5805 51.1598
-93.3899 -98.0303 -148.942 -68.895 -78.5543 51.7255
-93.7344 -98.423 -148.682 -68.911 -78.5258 52.2942
-94.079 -98.8155 -148.419 -68.925 -78.4949 52.8659
-94.4237 -99.2079 -148.153 -68.937 -78.4615 53.4407
-94.7684 -99.6002 -147.885 -68.947 -78.4256 54.0185
-95.1132 -99.9922 -147.613 -68.955 -78.3871 54.5994
-95.458 -100.384 -147.339 -68.9608 -78.346 55.1833
-95.8028 -100.776 -147.061 -68.9645 -78.3023 55.7702
-96.1476 -101.167 -146.781 -68.966 -78.2559 56.3602
-96.4924 -101.558 -146.498 -68.9652 -78.2068 56.9532
-96.8373 -101.949 -146.211 -68.9623 -78.1549 57.5492
-97.1821 -102.34 -145.922 -68.957 -78.1002 58.1482
-97.5268 -102.73 -145.63 -68.9495 -78.0426 58.7502
-97.8716 -103.12 -145.335 -68.9395 -77.9821 59.3553
-98.2162 -103.51 -145.036 -68.9272 -77.9187 59.9632
-98.5608 -103.899 -144.735 -68.9124 -77.8522 60.5742
-98.9054 -104.288 -144.431 -68.8951 -77.7827 61.1881
-99.2498 -104.677 -144.123 -68.8754 -77.7101 61.805
-99.5941 -105.066 -143.813 -68.853 -77.6344 62.4248
-99.9383 -105.454 -143.499 -68.8281 -77.5555 63.0475
-100.282 -105.841 -143.182 -68.8005 -77.4734 63.6732
-100.626 -106.228 -142.862 -68.7702 -77.3879 64.3017
-100.97 -106.615 -142.539 -68.7373 -77.2992 64.9331
-101.314 -107.001 -142.213 -68.7015 -77.2071 65.5674
-101.657 -107.387 -141.883 -68.663 -77.1115 66.2045
-102 -107.772 -141.551 -68.6216 -77.0125 66.8444
-102.343 -108.157 -141.215 -68.5773 -76.9099 67.4872
-102.686 -108.541 -140.876 -68.5301 -76.8038 68.1327
-103.029 -108.925 -140.534 -68.4799 -76.6941 68.781
-103.371 -109.308 -140.188 -68.4267 -76.5807 69.432
-103.713 -109.691 -139.839 -68.3705 -76.4635 70.0857
-104.055 -110.073 -139.487 -68.3111 -76.3426 70.7422
-104.396 -110.454 -139.132 -68.2486 -76.2179 71.4013
-104.737 -110.835 -138.773 -68.1829 -76.0893 72.063
-105.078 -111.215 -138.411 -68.114 -75.9567 72.7274
-105.418 -111.595 -138.046 -68.0418 -75.8202 73.3943
-105.758 -111.974 -137.677 -67.9663 -75.6797 74.0638
-106.098 -112.352 -137.305 -67.8874 -75.535 74.7358
-106.437 -112.729 -136.93 -67.8051 -75.3863 75.4103
-106.776 -113.105 -136.551 -67.7193 -75.2333 76.0872
-107.114 -113.481 -136.169 -67.6301 -75.0762 76.7666
-107.452 -113.856 -135.784 -67.5372 -74.9147 77.4484
-107.79 -114.23 -135.395 -67.4408 -74.7489 78.1325
-108.127 -114.604 -135.002 -67.3408 -74.5787 78.8189
-108.463 -114.976 -134.606 -67.237 -74.4041 79.5076
-108.799 -115.348 -134.207 -67.1295 -74.2249 80.1985
-109.134 -115.718 -133.804 -67.0183 -74.0412 80.8917
-109.469 -116.088 -133.398 -66.9032 -73.8529 81.5869
-109.803 -116.457 -132.989 -66.7842 -73.6599 82.2843
-110.137 -116.825 -132.575 -66.6613 -73.4623 82.9837
-110.47 -117.192 -132.159 -66.5344 -73.2598 83.6851
-110.802 -117.557 -131.739 -66.4035 -73.0525 84.3885
-111.134 -117.922 -131.315 -66.2686 -72.8404 85.0937
-111.465 -118.286 -130.888 -66.1295 -72.6233 85.8009
-111.795 -118.648 -130.457 -65.9863 -72.4013 86.5098
-112.125 -119.01 -130.023 -65.8388 -72.1742 87.2204
-112.454 -119.37 -129.585 -65.6871 -71.9421 87.9328
-112.782 -119.729 -129.143 -65.5311 -71.7048 88.6468
-113.109 -120.087 -128.698 -65.3708 -71.4623 89.3623
-113.436 -120.444 -128.25 -65.206 -71.2146 90.0793
-113.761 -120.799 -127.797 -65.0368 -70.9615 90.7978
-114.086 -121.153 -127.342 -64.8631 -70.7032 91.5176
-114.41 -121.506 -126.882 -64.6849 -70.4394 92.2388
-114.733 -121.858 -126.419 -64.502 -70.1702 92.9612
-115.055 -122.208 -125.953 -64.3146 -69.8955 93.6848
-115.376 -122.557 -125.482 -64.1224 -69.6152 94.4094
-115.696 -122.904 -125.009 -63.9255 -69.3293 95.1351
-116.015 -123.25 -124.531 -63.7239 -69.0378 95.8617
-116.333 -123.595 -124.05 -63.5174 -68.7406 96.5892
-116.65 -123.938 -123.565 -63.306 -68.4376 97.3174
-116.966 -124.279 -123.077 -63.0897 -68.1288 98.0464
-117.281 -124.619 -122.585 -62.8685 -67.8142 98.776
-117.595 -124.957 -122.089 -62.6423 -67.4937 99.5061
-117.908 -125.294 -121.59 -62.411 -67.1672 100.237
-118.219 -125.629 -121.087 -62.1746 -66.8347 100.968
-118.529 -125.962 -120.58 -61.9331 -66.4963 101.699
-118.838 -126.294 -120.07 -61.6864 -66.1517 102.43
-119.146 -126.624 -119.556 -61.4344 -65.801 103.162
-119.453 -126.952 -119.038 -61.1772 -65.4441 103.893
-119.758 -127.278 -118.517 -60.9147 -65.081 104.624
-120.062 -127.603 -117.992 -60.6469 -64.7117 105.355
-120.364 -127.925 -117.463 -60.3736 -64.3361 106.086
-120.666 -128.246 -116.931 -60.095 -63.9542 106.817
-120.965 -128.565 -116.395 -59.8108 -63.5658 107.546
-121.264 -128.882 -115.855 -59.5212 -63.1711 108.276
-121.561 -129.196 -115.312 -59.226 -62.7699 109.004
-121.856 -129.509 -114.765 -58.9252 -62.3623 109.731
-122.15 -129.82 -114.215 -58.6188 -61.9481 110.458
-122.442 -130.129 -113.661 -58.3068 -61.5274 111.183
-122.733 -130.435 -113.103 -57.9891 -61.1001 111.908
-123.022 -130.74 -112.542 -57.6656 -60.6662 112.631
-123.31 -131.042 -111.977 -57.3365 -60.2257 113.352
-123.595 -131.342 -111.408 -57.0015 -59.7785 114.072
-123.88 -131.64 -110.836 -56.6607 -59.3246 114.79
-124.162 -131.935 -110.26 -56.3141 -58.8639 115.506
-124.443 -132.228 -109.681 -55.9617 -58.3966 116.221
-124.722 -132.519 -109.098 -55.6033 -57.9225 116.933
-124.999 -132.808 -108.512 -55.239 -57.4416 117.643
-125.274 -133.094 -107.922 -54.8688 -56.9539 118.35
-125.548 -133.377 -107.328 -54.4927 -56.4594 119.055
-125.819 -133.658 -106.731 -54.1106 -55.9581 119.758
-126.089 -133.937 -106.131 -53.7224 -55.45 120.458
-126.356 -134.213 -105.527 -53.3283 -54.935 121.154
-126.622 -134.486 -104.919 -52.9281 -54.4131 121.848
-126.886 -134.757 -104.308 -52.5219 -53.8844 122.538
-127.147 -135.025 -103.694 -52.1097 -53.3489 123.225
-127.407 -135.29 -103.076 -51.6914 -52.8064 123.909
-127.664 -135.553 -102.455 -51.267 -52.2571 124.588
