-75 0 -50 0 0 49
-75.0002 -0.000827629 -49.7554 -0.0847895 -0.330586 48.8438
-75.0008 -0.00330631 -49.5116 -0.169474 -0.660426 48.6874
-75.0019 -0.00743235 -49.2685 -0.254058 -0.989532 48.5309
-75.0034 -0.0132021 -49.0263 -0.338547 -1.31791 48.3742
-75.0053 -0.0206119 -48.7848 -0.422947 -1.64558 48.2173
-75.0076 -0.0296584 -48.5441 -0.507262 -1.97255 48.0602
-75.0104 -0.0403379 -48.3042 -0.591498 -2.29882 47.903
-75.0135 -0.052647 -48.065 -0.675661 -2.6244 47.7456
-75.0171 -0.0665823 -47.8267 -0.759755 -2.94931 47.588
-75.0211 -0.0821406 -47.5892 -0.843788 -3.27356 47.4303
-75.0256 -0.0993184 -47.3524 -0.927764 -3.59715 47.2723
-75.0304 -0.118113 -47.1164 -1.01169 -3.92009 47.1142
-75.0357 -0.13852 -46.8813 -1.09557 -4.2424 46.9559
-75.0414 -0.160537 -46.6469 -1.17941 -4.56408 46.7975
-75.0475 -0.184161 -46.4133 -1.26322 -4.88514 46.6388
-75.054 -0.209389 -46.1805 -1.34701 -5.20559 46.48
-75.0609 -0.236217 -45.9485 -1.43077 -5.52545 46.321
-75.0683 -0.264644 -45.7173 -1.51452 -5.8447 46.1618
-75.0761 -0.294665 -45.4869 -1.59827 -6.16338 46.0024
-75.0843 -0.326278 -45.2573 -1.68201 -6.48148 45.8428
-75.0929 -0.35948 -45.0284 -1.76576 -6.79902 45.683
-75.1019 -0.394269 -44.8004 -1.84953 -7.116 45.5231
-75.1114 -0.430641 -44.5732 -1.93332 -7.43243 45.3629
-75.1213 -0.468593 -44.3468 -2.01714 -7.74832 45.2026
-75.1316 -0.508124 -44.1212 -2.101 -8.06367 45.0421
-75.1423 -0.549231 -43.8964 -2.1849 -8.3785 44.8814
-75.1534 -0.59191 -43.6724 -2.26886 -8.69282 44.7204
-75.165 -0.636159 -43.4492 -2.35287 -9.00662 44.5593
-75.177 -0.681977 -43.2268 -2.43696 -9.31993 44.398
-75.1893 -0.729359 -43.0052 -2.52113 -9.63274 44.2365
-75.2022 -0.778304 -42.7844 -2.60538 -9.94506 44.0748
-75.2154 -0.82881 -42.5644 -2.68973 -10.2569 43.9129
-75.2291 -0.880874 -42.3453 -2.77419 -10.5683 43.7508
-75.2431 -0.934493 -42.1269 -2.85877 -10.8792 43.5884
-75.2577 -0.989666 -41.9094 -2.94347 -11.1897 43.4259
-75.2726 -1.04639 -41.6927 -3.02831 -11.4997 43.2631
-75.2879 -1.10466 -41.4768 -3.1133 -11.8092 43.1002
-75.3037 -1.16448 -41.2617 -3.19845 -12.1184 42.937
-75.3199 -1.22585 -41.0474 -3.28376 -12.4271 42.7736
-75.3366 -1.28875 -40.8339 -3.36926 -12.7353 42.61
-75.3536 -1.3532 -40.6213 -3.45495 -13.0432 42.4462
-75.3711 -1.41919 -40.4095 -3.54085 -13.3507 42.2821
-75.389 -1.48671 -40.1985 -3.62696 -13.6577 42.1178
-75.4074 -1.55576 -39.9883 -3.71331 -13.9644 41.9533
-75.4262 -1.62635 -39.7789 -3.7999 -14.2706 41.7885
-75.4454 -1.69847 -39.5704 -3.88675 -14.5765 41.6235
-75.465 -1.77212 -39.3627 -3.97387 -14.882 41.4582
-75.4851 -1.84729 -39.1558 -4.06128 -15.1871 41.2927
-75.5056 -1.92399 -38.9498 -4.14898 -15.4919 41.1269
-75.5266 -2.00221 -38.7446 -4.23701 -15.7963 40.9609
-75.548 -2.08195 -38.5402 -4.32537 -16.1004 40.7946
-75.5699 -2.16322 -38.3366 -4.41407 -16.4041 40.628
-75.5922 -2.246 -38.1339 -4.50314 -16.7074 40.4611
-75.6149 -2.33029 -37.932 -4.59259 -17.0104 40.294
-75.6381 -2.4161 -37.731 -4.68244 -17.3131 40.1265
-75.6617 -2.50342 -37.5307 -4.77271 -17.6155 39.9588
-75.6858 -2.59226 -37.3314 -4.86341 -17.9175 39.7907
-75.7103 -2.6826 -37.1328 -4.95456 -18.2192 39.6223
-75.7354 -2.77445 -36.9351 -5.04618 -18.5206 39.4535
-75.7608 -2.8678 -36.7383 -5.13829 -18.8217 39.2844
-75.7867 -2.96267 -36.5423 -5.2309 -19.1225 39.1149
-75.8131 -3.05903 -36.3471 -5.32404 -19.4229 38.945
-75.84 -3.1569 -36.1528 -5.41773 -19.7231 38.7748
-75.8673 -3.25626 -35.9594 -5.51199 -20.023 38.6041
-75.8951 -3.35713 -35.7668 -5.60682 -20.3226 38.433
-75.9234 -3.45949 -35.5751 -5.70226 -20.6219 38.2615
-75.9521 -3.56335 -35.3842 -5.79833 -20.9209 38.0895
-75.9814 -3.6687 -35.1942 -5.89503 -21.2196 37.9169
-76.0111 -3.77554 -35.005 -5.9924 -21.518 37.7439
-76.0413 -3.88388 -34.8167 -6.09045 -21.8162 37.5704
-76.072 -3.9937 -34.6293 -6.18919 -22.1141 37.3962
-76.1032 -4.10502 -34.4428 -6.28864 -22.4117 37.2215
-76.1349 -4.21782 -34.2571 -6.38883 -22.7091 37.0462
-76.1671 -4.33211 -34.0723 -6.48976 -23.0062 36.8702
-76.1998 -4.44788 -33.8884 -6.59146 -23.303 36.6935
-76.233 -4.56514 -33.7054 -6.69392 -23.5996 36.5162
-76.2667 -4.68388 -33.5232 -6.79718 -23.8959 36.338
-76.301 -4.8041 -33.342 -6.90123 -24.192 36.1591
-76.3357 -4.9258 -33.1617 -7.00608 -24.4878 35.9793
-76.371 -5.04898 -32.9822 -7.11175 -24.7834 35.7987
-76.4068 -5.17364 -32.8037 -7.21823 -25.0787 35.6172
-76.4432 -5.29977 -32.626 -7.32553 -25.3738 35.4347
-76.4801 -5.42737 -32.4493 -7.43365 -25.6686 35.2512
-76.5175 -5.55645 -32.2735 -7.54258 -25.9632 35.0667
-76.5555 -5.68701 -32.0987 -7.65232 -26.2576 34.8811
-76.5941 -5.81903 -31.9247 -7.76286 -26.5517 34.6943
-76.6332 -5.95253 -31.7517 -7.87418 -26.8457 34.5063
-76.6728 -6.08749 -31.5797 -7.98628 -27.1394 34.3171
-76.713 -6.22392 -31.4085 -8.09913 -27.4329 34.1266
-76.7538 -6.36182 -31.2384 -8.2127 -27.7262 33.9348
-76.7951 -6.50118 -31.0692 -8.32698 -28.0193 33.7416
-76.8371 -6.64201 -30.901 -8.44192 -28.3122 33.5469
-76.8796 -6.78431 -30.7337 -8.5575 -28.6049 33.3508
-76.9226 -6.92806 -30.5675 -8.67368 -28.8975 33.1531
-76.9663 -7.07328 -30.4022 -8.79041 -29.1898 32.9539
-77.0105 -7.21996 -30.2379 -8.90765 -29.4821 32.753
-77.0554 -7.3681 -30.0747 -9.02534 -29.7741 32.5505
-77.1008 -7.5177 -29.9124 -9.14344 -30.0661 32.3463
-77.1468 -7.66876 -29.7512 -9.26189 -30.3579 32.1404
-77.1934 -7.82128 -29.591 -9.38063 -30.6496 31.9327
-77.2406 -7.97526 -29.4319 -9.4996 -30.9412 31.7232
-77.2884 -8.1307 -29.2738 -9.61874 -31.2327 31.5119
-77.3368 -8.28759 -29.1168 -9.73797 -31.5241 31.2987
-77.3858 -8.44594 -28.9608 -9.85725 -31.8155 31.0838
-77.4354 -8.60575 -28.8059 -9.97649 -32.1069 30.8669
-77.4856 -8.76701 -28.6521 -10.0956 -32.3982 30.6482
-77.5363 -8.92973 -28.4994 -10.2146 -32.6895 30.4276
-77.5877 -9.09391 -28.3479 -10.3334 -32.9808 30.2052
-77.6397 -9.25954 -28.1974 -10.4518 -33.2722 29.9809
-77.6922 -9.42663 -28.0481 -10.5699 -33.5636 29.7547
-77.7454 -9.59518 -27.8999 -10.6876 -33.8551 29.5267
-77.7991 -9.76518 -27.7528 -10.8048 -34.1466 29.2969
-77.8534 -9.93664 -27.6069 -10.9215 -34.4382 29.0653
-77.9083 -10.1096 -27.4621 -11.0375 -34.73 28.8319
-77.9638 -10.2839 -27.3186 -11.153 -35.0219 28.5968
-78.0198 -10.4598 -27.1762 -11.2677 -35.3139 28.3599
-78.0765 -10.6371 -27.035 -11.3818 -35.6061 28.1214
-78.1337 -10.8158 -26.895 -11.495 -35.8985 27.8812
-78.1914 -10.9961 -26.7562 -11.6075 -36.1911 27.6393
-78.2497 -11.1778 -26.6186 -11.7192 -36.4839 27.3959
-78.3086 -11.3609 -26.4822 -11.83 -36.777 27.151
-78.368 -11.5455 -26.3471 -11.9399 -37.0703 26.9045
-78.428 -11.7316 -26.2132 -12.0489 -37.3638 26.6565
-78.4885 -11.9192 -26.0805 -12.157 -37.6577 26.4071
-78.5496 -12.1082 -25.9491 -12.2642 -37.9518 26.1563
-78.6112 -12.2987 -25.8189 -12.3705 -38.2463 25.9041
-78.6733 -12.4907 -25.69 -12.4758 -38.5411 25.6506
-78.7359 -12.6841 -25.5624 -12.5803 -38.8362 25.3958
-78.7991 -12.879 -25.4361 -12.6837 -39.1316 25.1396
-78.8628 -13.0754 -25.311 -12.7863 -39.4275 24.8823
-78.9269 -13.2733 -25.1873 -12.888 -39.7237 24.6237
-78.9916 -13.4727 -25.0648 -12.9887 -40.0203 24.3638
-79.0568 -13.6735 -24.9436 -13.0886 -40.3172 24.1029
-79.1225 -13.8758 -24.8238 -13.1876 -40.6146 23.8407
-79.1887 -14.0797 -24.7052 -13.2857 -40.9124 23.5774
-79.2554 -14.285 -24.588 -13.3829 -41.2107 23.313
-79.3225 -14.4918 -24.4721 -13.4794 -41.5093 23.0474
-79.3902 -14.7001 -24.3575 -13.575 -41.8085 22.7808
-79.4583 -14.9098 -24.2443 -13.6699 -42.108 22.5131
-79.5269 -15.1211 -24.1324 -13.7639 -42.4081 22.2443
-79.5959 -15.3339 -24.0218 -13.8573 -42.7086 21.9744
-79.6654 -15.5482 -23.9126 -13.9499 -43.0096 21.7034
-79.7354 -15.764 -23.8048 -14.0418 -43.3111 21.4314
-79.8058 -15.9813 -23.6983 -14.133 -43.6131 21.1583
-79.8767 -16.2002 -23.5932 -14.2235 -43.9156 20.8841
-79.9481 -16.4205 -23.4895 -14.3135 -44.2186 20.6089
-80.0199 -16.6423 -23.3871 -14.4028 -44.5222 20.3326
-80.0921 -16.8657 -23.2862 -14.4915 -44.8263 20.0552
-80.1648 -17.0906 -23.1866 -14.5796 -45.1309 19.7767
-80.2379 -17.317 -23.0884 -14.6672 -45.4361 19.4971
-80.3115 -17.545 -22.9916 -14.7543 -45.7419 19.2165
-80.3854 -17.7744 -22.8962 -14.8409 -46.0482 18.9347
-80.4599 -18.0055 -22.8023 -14.9269 -46.3551 18.6518
-80.5347 -18.238 -22.7097 -15.0125 -46.6626 18.3677
-80.61 -18.4721 -22.6186 -15.0977 -46.9707 18.0825
-80.6857 -18.7077 -22.5289 -15.1824 -47.2794 17.7961
-80.7618 -18.9449 -22.4406 -15.2667 -47.5887 17.5086
-80.8384 -19.1836 -22.3538 -15.3507 -47.8986 17.2198
-80.9153 -19.4239 -22.2684 -15.4342 -48.2091 16.9298
-80.9927 -19.6657 -22.1845 -15.5174 -48.5203 16.6386
-81.0705 -19.9091 -22.102 -15.6003 -48.8322 16.3462
-81.1487 -20.154 -22.021 -15.6828 -49.1447 16.0525
-81.2273 -20.4005 -21.9415 -15.7651 -49.4579 15.7574
-81.3064 -20.6486 -21.8635 -15.847 -49.7717 15.4611
-81.3858 -20.8982 -21.7869 -15.9287 -50.0863 15.1634
-81.4656 -21.1495 -21.7118 -16.0101 -50.4015 14.8644
-81.5459 -21.4023 -21.6383 -16.0912 -50.7175 14.564
-81.6266 -21.6566 -21.5662 -16.1722 -51.0342 14.2622
-81.7076 -21.9126 -21.4956 -16.2529 -51.3516 13.959
-81.7891 -22.1701 -21.4266 -16.3334 -51.6697 13.6543
-81.8709 -22.4293 -21.3591 -16.4137 -51.9886 13.3482
-81.9532 -22.69 -21.2931 -16.4938 -52.3083 13.0406
-82.0359 -22.9524 -21.2287 -16.5737 -52.6287 12.7314
-82.119 -23.2163 -21.1658 -16.6535 -52.95 12.4207
-82.2024 -23.4819 -21.1045 -16.7331 -53.272 12.1084
-82.2863 -23.749 -21.0447 -16.8126 -53.5948 11.7945
-82.3705 -24.0178 -20.9865 -16.892 -53.9185 11.479
-82.4552 -24.2882 -20.9299 -16.9712 -54.2429 11.1618
-82.5403 -24.5603 -20.8749 -17.0504 -54.5683 10.8429
-82.6257 -24.8339 -20.8215 -17.1294 -54.8944 10.5223
-82.7116 -25.1092 -20.7697 -17.2083 -55.2215 10.2
-82.7978 -25.3861 -20.7195 -17.2872 -55.5494 9.87591
-82.8844 -25.6647 -20.6709 -17.366 -55.8782 9.55
-82.9715 -25.9449 -20.624 -17.4447 -56.2079 9.22226
-83.0589 -26.2268 -20.5787 -17.5234 -56.5386 8.89264
-83.1467 -26.5103 -20.5351 -17.602 -56.8702 8.56113
-83.2349 -26.7955 -20.4931 -17.6806 -57.2027 8.22769
-83.3235 -27.0823 -20.4528 -17.7591 -57.5362 7.89228
-83.4125 -27.3708 -20.4142 -17.8376 -57.8706 7.55487
-83.5019 -27.661 -20.3772 -17.9161 -58.2061 7.21543
-83.5916 -27.9529 -20.342 -17.9945 -58.5425 6.87393
-83.6818 -28.2465 -20.3085 -18.073 -58.88 6.53032
-83.7724 -28.5417 -20.2767 -18.1515 -59.2185 6.18457
-83.8633 -28.8387 -20.2467 -18.2299 -59.5581 5.83665
-83.9547 -29.1373 -20.2184 -18.3084 -59.8987 5.48652
-84.0464 -29.4376 -20.1918 -18.3869 -60.2404 5.13414
-84.1385 -29.7397 -20.167 -18.4654 -60.5832 4.77947
-84.2311 -30.0435 -20.144 -18.5439 -60.9271 4.42247
-84.324 -30.349 -20.1228 -18.6225 -61.2721 4.06311
-84.4173 -30.6562 -20.1034 -18.7011 -61.6183 3.70135
-84.511 -30.9652 -20.0858 -18.7797 -61.9656 3.33713
-84.6051 -31.2759 -20.07 -18.8584 -62.3141 2.97043
-84.6996 -31.5883 -20.0561 -18.9372 -62.6638 2.60119
-84.7945 -31.9025 -20.044 -19.016 -63.0147 2.22937
-84.8897 -32.2184 -20.0338 -19.0949 -63.3669 1.85494
-84.9854 -32.5362 -20.0254 -19.1738 -63.7203 1.47784
-85.0815 -32.8556 -20.019 -19.2528 -64.0749 1.09802
-85.1779 -33.1769 -20.0145 -19.3319 -64.4309 0.715452
-85.2748 -33.5 -20.0118 -19.4111 -64.7881 0.330072
-85.372 -33.8248 -20.0112 -19.4903 -65.1467 -0.0581642
-85.4697 -34.1514 -20.0124 -19.5697 -65.5066 -0.449307
-85.5677 -34.4799 -20.0157 -19.6491 -65.8679 -0.843407
-85.6662 -34.8101 -20.0209 -19.7286 -66.2305 -1.24052
-85.765 -35.1422 -20.0281 -19.8083 -66.5946 -1.64069
-85.8643 -35.4761 -20.0373 -19.888 -66.9601 -2.04398
-85.9639 -35.8118 -20.0485 -19.9678 -67.327 -2.45045
-86.0639 -36.1493 -20.0618 -20.0478 -67.6954 -2.86014
-86.1644 -36.4887 -20.0771 -20.1279 -68.0653 -3.27312
-86.2652 -36.83 -20.0945 -20.2081 -68.4367 -3.68945
-86.3665 -37.1731 -20.114 -20.2884 -68.8097 -4.10919
-86.4681 -37.5181 -20.1356 -20.3688 -69.1842 -4.5324
-86.5702 -37.8649 -20.1593 -20.4494 -69.5602 -4.95914
-86.6726 -38.2137 -20.1852 -20.5301 -69.9379 -5.38948
-86.7755 -38.5643 -20.2132 -20.6109 -70.3172 -5.82348
-86.8787 -38.9169 -20.2434 -20.6919 -70.6982 -6.26122
-86.9824 -39.2713 -20.2758 -20.773 -71.0808 -6.70277
-87.0864 -39.6277 -20.3104 -20.8543 -71.4651 -7.14819
-87.1909 -39.986 -20.3473 -20.9357 -71.8512 -7.59755
-87.2958 -40.3462 -20.3864 -21.0173 -72.239 -8.05094
-87.4011 -40.7083 -20.4278 -21.099 -72.6286 -8.50843
-87.5068 -41.0725 -20.4715 -21.1809 -73.02 -8.9701
-87.6129 -41.4385 -20.5175 -21.2629 -73.4133 -9.43603
-87.7194 -41.8066 -20.5659 -21.3451 -73.8084 -9.9063
-87.8264 -42.1766 -20.6166 -21.4275 -74.2054 -10.381
-87.9337 -42.5487 -20.6697 -21.51 -74.6043 -10.8602
-88.0415 -42.9227 -20.7252 -21.5927 -75.0052 -11.344
-88.1496 -43.2987 -20.7831 -21.6756 -75.408 -11.8325
-88.2582 -43.6768 -20.8435 -21.7586 -75.8129 -12.3258
-88.3672 -44.0568 -20.9064 -21.8418 -76.2198 -12.824
-88.4766 -44.439 -20.9718 -21.9252 -76.6288 -13.3272
-88.5865 -44.8231 -21.0397 -22.0088 -77.0399 -13.8355
-88.6967 -45.2094 -21.1101 -22.0925 -77.4531 -14.349
-88.8074 -45.5977 -21.1831 -22.1765 -77.8685 -14.8677
-88.9185 -45.988 -21.2588 -22.2606 -78.2862 -15.3919
-89.03 -46.3805 -21.3371 -22.3449 -78.706 -15.9216
-89.1419 -46.7751 -21.418 -22.4294 -79.1282 -16.457
-89.2543 -47.1718 -21.5016 -22.5141 -79.5526 -16.9981
-89.3671 -47.5706 -21.588 -22.599 -79.9794 -17.5451
-89.4803 -47.9716 -21.6771 -22.6841 -80.4086 -18.0982
-89.5939 -48.3747 -21.769 -22.7693 -80.8402 -18.6573
-89.708 -48.78 -21.8637 -22.8548 -81.2743 -19.2228
-89.8225 -49.1875 -21.9612 -22.9405 -81.7109 -19.7947
-89.9374 -49.5971 -22.0616 -23.0263 -82.15 -20.3732
-90.0527 -50.009 -22.1649 -23.1124 -82.5918 -20.9584
-90.1685 -50.423 -22.2712 -23.1986 -83.0361 -21.5505
-90.2847 -50.8393 -22.3804 -23.285 -83.4831 -22.1496
-90.4014 -51.2579 -22.4927 -23.3717 -83.9328 -22.7559
-90.5184 -51.6787 -22.608 -23.4585 -84.3853 -23.3696
-90.6359 -52.1017 -22.7264 -23.5455 -84.8406 -23.9909
-90.7539 -52.5271 -22.8479 -23.6327 -85.2987 -24.6198
-90.8723 -52.9547 -22.9726 -23.7201 -85.7598 -25.2567
-90.9911 -53.3847 -23.1005 -23.8077 -86.2237 -25.9017
-91.1103 -53.817 -23.2316 -23.8955 -86.6907 -26.5549
-91.23 -54.2516 -23.366 -23.9834 -87.1607 -27.2167
-91.3502 -54.6886 -23.5038 -24.0716 -87.6337 -27.8872
-91.4708 -55.1279 -23.6449 -24.1599 -88.11 -28.5667
-91.5918 -55.5697 -23.7894 -24.2484 -88.5894 -29.2553
-91.7132 -56.0138 -23.9375 -24.3371 -89.072 -29.9533
-91.8351 -56.4604 -24.089 -24.4259 -89.5579 -30.661
-91.9575 -56.9094 -24.2441 -24.5149 -90.0472 -31.3786
-92.0803 -57.3609 -24.4028 -24.6041 -90.5399 -32.1063
-92.2035 -57.8148 -24.5651 -24.6934 -91.036 -32.8445
-92.3272 -58.2712 -24.7312 -24.7829 -91.5357 -33.5934
-92.4514 -58.7302 -24.9011 -24.8725 -92.0389 -34.3534
-92.576 -59.1916 -25.0747 -24.9622 -92.5458 -35.1246
-92.701 -59.6556 -25.2523 -25.0521 -93.0563 -35.9075
-92.8265 -60.1222 -25.4338 -25.142 -93.5706 -36.7024
-92.9524 -60.5913 -25.6193 -25.2321 -94.0887 -37.5096
-93.0788 -61.0631 -25.8089 -25.3222 -94.6107 -38.3295
-93.2056 -61.5374 -26.0026 -25.4125 -95.1366 -39.1624
-93.3329 -62.0144 -26.2005 -25.5028 -95.6665 -40.0087
-93.4607 -62.4941 -26.4027 -25.5931 -96.2004 -40.8688
-93.5889 -62.9764 -26.6092 -25.6835 -96.7385 -41.7432
-93.7175 -63.4615 -26.8202 -25.7739 -97.2808 -42.6323
-93.8466 -63.9493 -27.0356 -25.8643 -97.8273 -43.5365
-93.9761 -64.4398 -27.2555 -25.9547 -98.3781 -44.4564
-94.1061 -64.933 -27.4801 -26.045 -98.9332 -45.3923
-94.2366 -65.4291 -27.7095 -26.1353 -99.4929 -46.3449
-94.3675 -65.928 -27.9436 -26.2254 -100.057 -47.3146
-94.4988 -66.4297 -28.1826 -26.3155 -100.626 -48.302
-94.6307 -66.9342 -28.4266 -26.4054 -101.199 -49.3077
-94.7629 -67.4417 -28.6757 -26.4951 -101.777 -50.3324
-94.8956 -67.952 -28.9299 -26.5846 -102.36 -51.3767
-95.0287 -68.4653 -29.1895 -26.6738 -102.947 -52.4411
-95.1623 -68.9815 -29.4543 -26.7627 -103.54 -53.5266
-95.2964 -69.5007 -29.7247 -26.8513 -104.137 -54.6337
-95.4309 -70.0228 -30.0007 -26.9394 -104.739 -55.7633
-95.5658 -70.5481 -30.2824 -27.0272 -105.346 -56.9162
-95.7011 -71.0763 -30.5699 -27.1144 -105.959 -58.0932
-95.8369 -71.6076 -30.8633 -27.201 -106.576 -59.2952
-95.9731 -72.1421 -31.1628 -27.287 -107.199 -60.5232
-96.1098 -72.6796 -31.4685 -27.3722 -107.827 -61.7782
-96.2469 -73.2204 -31.7806 -27.4567 -108.46 -63.0612
-96.3844 -73.7642 -32.0992 -27.5403 -109.098 -64.3734
-96.5223 -74.3113 -32.4243 -27.6229 -109.742 -65.7158
-96.6606 -74.8617 -32.7563 -27.7044 -110.391 -67.0897
-96.7993 -75.4152 -33.0952 -27.7847 -111.045 -68.4965
-96.9384 -75.9721 -33.4413 -27.8637 -111.704 -69.9375
-97.0779 -76.5323 -33.7946 -27.9413 -112.369 -71.4141
-97.2178 -77.0958 -34.1554 -28.0172 -113.039 -72.928
-97.3581 -77.6627 -34.5239 -28.0914 -113.714 -74.4807
-97.4988 -78.233 -34.9002 -28.1637 -114.395 -76.074
-97.6398 -78.8066 -35.2847 -28.2339 -115.08 -77.7099
-97.7811 -79.3838 -35.6773 -28.3017 -115.771 -79.3901
-97.9228 -79.9644 -36.0786 -28.367 -116.466 -81.117
-98.0648 -80.5484 -36.4885 -28.4296 -117.166 -82.8927
-98.2071 -81.136 -36.9075 -28.489 -117.871 -84.7197
-98.3497 -81.7271 -37.3357 -28.5451 -118.58 -86.6005
-98.4925 -82.3218 -37.7735 -28.5976 -119.293 -88.538
-98.6356 -82.9201 -38.2211 -28.646 -120.01 -90.535
-98.779 -83.5219 -38.6789 -28.6899 -120.73 -92.5949
-98.9225 -84.1274 -39.1471 -28.7289 -121.453 -94.7209
-99.0663 -84.7365 -39.6261 -28.7626 -122.179 -96.917
-99.2102 -85.3492 -40.1163 -28.7903 -122.907 -99.1869
-99.3542 -85.9655 -40.618 -28.8115 -123.635 -101.535
-99.4983 -86.5855 -41.1316 -28.8256 -124.364 -103.966
-99.6424 -87.2092 -41.6576 -28.8316 -125.093 -106.485
-99.7866 -87.8365 -42.1965 -28.8288 -125.819 -109.098
-99.9307 -88.4674 -42.7486 -28.8163 -126.543 -111.81
-100.075 -89.1019 -43.3146 -28.793 -127.261 -114.629
-100.219 -89.74 -43.8949 -28.7577 -127.974 -117.56
-100.362 -90.3817 -44.4902 -28.709 -128.678 -120.612
-100.506 -91.0268 -45.1011 -28.6453 -129.371 -123.794
-100.649 -91.6754 -45.7282 -28.5651 -130.05 -127.115
-100.791 -92.3273 -46.3722 -28.4661 -130.711 -130.585
-100.933 -92.9825 -47.034 -28.3462 -131.352 -134.215
-101.075 -93.6408 -47.7144 -28.2028 -131.966 -138.019
-101.215 -94.3021 -48.4143 -28.0328 -132.548 -142.01
-101.355 -94.9663 -49.1345 -27.8328 -133.092 -146.204
-101.494 -95.6331 -49.8763 -27.5987 -133.59 -150.617
-101.631 -96.3022 -50.6407 -27.3258 -134.031 -155.271
-101.767 -96.9734 -51.4291 -27.0086 -134.405 -160.185
-101.901 -97.6463 -52.2426 -26.6406 -134.697 -165.385
-102.033 -98.3204 -53.0829 -26.2142 -134.891 -170.898
-102.163 -98.9952 -53.9516 -25.7203 -134.966 -176.755
-102.291 -99.67 -54.8505 -25.1481 -134.896 -182.991
-102.415 -100.344 -55.7816 -24.4844 -134.652 -189.645
-102.535 -101.017 -56.747 -23.7135 -134.194 -196.764
-102.652 -101.686 -57.7493 -22.8163 -133.475 -204.399
-102.764 -102.351 -58.7911 -21.769 -132.435 -212.609
-102.87 -103.01 -59.8755 -20.5428 -130.998 -221.459
-102.969 -103.661 -61.0058 -19.1014 -129.07 -231.024
-103.061 -104.301 -62.1858 -17.3994 -126.525 -241.39
-103.143 -104.926 -63.4198 -15.3795 -123.207 -252.646
-103.214 -105.533 -64.7124 -12.9691 -118.907 -264.891
-103.273 -106.115 -66.0688 -10.0751 -113.354 -278.224
-103.315 -106.666 -67.4947 -6.57838 -106.189 -292.73
-103.338 -107.177 -68.9962 -2.32641 -96.9368 -308.464
-103.338 -107.636 -70.5795 2.87433 -84.9698 -325.408
-103.31 -108.027 -72.2504 9.26407 -69.4702 -343.395
-103.245 -108.33 -74.0136 17.127 -49.403 -361.99
-103.138 -108.52 -75.8704 26.7658 -23.5433 -380.289
-102.978 -108.565 -77.8163 38.4277 9.36133 -396.649
-102.754 -108.426 -79.8365 52.1467 50.1553 -408.434
-102.456 -108.063 -81.9001 67.4939 98.4634 -412.044
-102.079 -107.442 -83.9563 83.3454 151.718 -403.732
-101.623 -106.547 -85.9369 97.9478 204.876 -381.368
-101.1 -105.394 -87.7698 109.502 251.811 -346.184
-100.528 -104.03 -89.3991 116.962 287.895 -302.729
-99.93 -102.516 -90.7979 120.382 311.701 -256.739
-99.3242 -100.913 -91.9675 120.59 324.609 -212.813
-98.7241 -99.2702 -92.9269 118.63 329.271 -173.487
-98.1378 -97.6207 -93.7031 115.4 328.338 -139.573
-97.57 -95.9867 -94.3232 111.531 323.9 -110.881
-97.0224 -94.3815 -94.8123 107.427 317.419 -86.7942
-96.4956 -92.8124 -95.1915 103.321 309.853 -66.5901
-95.9891 -91.2828 -95.4784 99.3441 301.805 -49.5916
-95.5021 -89.7941 -95.6875 95.5592 293.644 -35.2172
-95.0335 -88.3462 -95.8307 91.9933 285.589 -22.988
-94.5821 -86.9381 -95.9175 88.6518 277.765 -12.517
-94.1469 -85.5685 -95.9559 85.5286 270.239 -3.494
-93.7268 -84.2357 -95.9525 82.612 263.042 4.32928
-93.3207 -82.938 -95.9126 79.8875 256.183 11.1521
-92.9279 -81.6738 -95.8409 77.3402 249.66 17.135
-92.5473 -80.4413 -95.7413 74.9551 243.46 22.4082
-92.1783 -79.2391 -95.6169 72.7185 237.569 27.0779
-91.8201 -78.0656 -95.4705 70.6173 231.969 31.2311
-91.4721 -76.9194 -95.3045 68.6397 226.643 34.9399
-91.1337 -75.7991 -95.1211 66.7752 221.573 38.264
-90.8043 -74.7036 -94.9219 65.0141 216.741 41.2536
-90.4836 -73.6317 -94.7085 63.3476 212.132 43.9507
-90.1709 -72.5823 -94.4824 61.768 207.731 46.391
-89.8659 -71.5544 -94.2446 60.2683 203.524 48.6048
-89.5682 -70.547 -93.9963 58.8422 199.497 50.6181
-89.2774 -69.5594 -93.7384 57.4839 195.638 52.453
-88.9933 -68.5906 -93.4718 56.1884 191.936 54.1289
-88.7155 -67.64 -93.1971 54.9511 188.382 55.6624
-88.4438 -66.7068 -92.9152 53.7677 184.966 57.0681
-88.1779 -65.7903 -92.6264 52.6345 181.678 58.3585
-87.9175 -64.89 -92.3316 51.5479 178.512 59.5449
-87.6624 -64.0052 -92.031 50.505 175.459 60.6371
-87.4124 -63.1354 -91.7252 49.5028 172.513 61.6437
-87.1674 -62.2801 -91.4145 48.5387 169.668 62.5723
-86.927 -61.4387 -91.0994 47.6103 166.918 63.4299
-86.6912 -60.6109 -90.7802 46.7154 164.257 64.2225
-86.4599 -59.7962 -90.4572 45.8521 161.681 64.9555
-86.2327 -58.9941 -90.1307 45.0185 159.186 65.6338
-86.0097 -58.2043 -89.8009 44.2129 156.766 66.2618
-85.7906 -57.4264 -89.4681 43.4337 154.418 66.8435
-85.5753 -56.6601 -89.1324 42.6795 152.138 67.3823
-85.3638 -55.905 -88.7942 41.9489 149.923 67.8816
-85.1559 -55.1609 -88.4536 41.2407 147.77 68.3442
-84.9514 -54.4273 -88.1108 40.5537 145.675 68.7728
-84.7503 -53.7041 -87.7659 39.8869 143.637 69.1698
-84.5525 -52.991 -87.4191 39.2393 141.651 69.5374
-84.3579 -52.2876 -87.0705 38.6098 139.717 69.8777
-84.1664 -51.5938 -86.7203 37.9978 137.831 70.1924
-83.9779 -50.9093 -86.3686 37.4023 135.991 70.4833
-83.7924 -50.2339 -86.0155 36.8225 134.196 70.7519
-83.6097 -49.5673 -85.661 36.2579 132.444 70.9996
-83.4298 -48.9094 -85.3055 35.7077 130.732 71.2278
-83.2526 -48.26 -84.9488 35.1713 129.059 71.4376
-83.0781 -47.6188 -84.5911 34.648 127.424 71.6302
-82.9062 -46.9858 -84.2325 34.1375 125.825 71.8065
-82.7367 -46.3606 -83.873 33.639 124.26 71.9676
-82.5698 -45.7432 -83.5128 33.1522 122.729 72.1143
-82.4052 -45.1333 -83.1519 32.6766 121.23 72.2474
-82.243 -44.5309 -82.7903 32.2117 119.761 72.3677
-82.0831 -43.9357 -82.4282 31.7572 118.322 72.476
-81.9254 -43.3476 -82.0655 31.3126 116.912 72.5727
-81.77 -42.7666 -81.7024 30.8776 115.53 72.6587
-81.6167 -42.1923 -81.3389 30.4518 114.174 72.7343
-81.4654 -41.6248 -80.9751 30.0349 112.843 72.8002
-81.3163 -41.0639 -80.6109 29.6266 111.538 72.8568
-81.1692 -40.5095 -80.2465 29.2265 110.256 72.9046
-81.024 -39.9614 -79.8819 28.8345 108.998 72.9441
-80.8808 -39.4195 -79.5171 28.4501 107.762 72.9755
-80.7395 -38.8837 -79.1521 28.0733 106.547 72.9993
-80.6001 -38.354 -78.7871 27.7036 105.354 73.0159
-80.4625 -37.8302 -78.422 27.3409 104.181 73.0256
-80.3267 -37.3122 -78.0568 26.985 103.028 73.0286
-80.1926 -36.7999 -77.6917 26.6356 101.893 73.0253
-80.0603 -36.2933 -77.3266 26.2926 100.778 73.0159
-79.9297 -35.7921 -76.9615 25.9557 99.6797 73.0006
-79.8008 -35.2965 -76.5966 25.6247 98.5991 72.9798
-79.6735 -34.8062 -76.2317 25.2994 97.5353 72.9537
-79.5478 -34.3211 -75.867 24.9798 96.4878 72.9224
-79.4237 -33.8413 -75.5025 24.6655 95.4561 72.8862
-79.3011 -33.3666 -75.1382 24.3565 94.4397 72.8452
-79.1801 -32.8969 -74.7741 24.0525 93.4383 72.7997
-79.0606 -32.4322 -74.4102 23.7534 92.4513 72.7497
-78.9426 -31.9724 -74.0466 23.4591 91.4782 72.6956
-78.826 -31.5174 -73.6832 23.1695 90.5188 72.6374
-78.7109 -31.0672 -73.3202 22.8842 89.5726 72.5754
-78.5972 -30.6217 -72.9575 22.6033 88.6392 72.5096
-78.4849 -30.1808 -72.5951 22.3266 87.7183 72.4402
-78.3739 -29.7445 -72.2331 22.054 86.8094 72.3674
-78.2643 -29.3127 -71.8714 21.7853 85.9123 72.2912
-78.1561 -28.8854 -71.5101 21.5204 85.0266 72.212
-78.0491 -28.4624 -71.1493 21.2592 84.1519 72.1297
-77.9435 -28.0438 -70.7888 21.0015 83.2881 72.0445
-77.8391 -27.6295 -70.4288 20.7474 82.4347 71.9566
-77.736 -27.2195 -70.0693 20.4966 81.5915 71.866
-77.6341 -26.8136 -69.7102 20.249 80.7583 71.7729
-77.5335 -26.4119 -69.3515 20.0046 79.9347 71.6775
-77.4341 -26.0143 -68.9934 19.7633 79.1205 71.5798
-77.3359 -25.6207 -68.6357 19.5249 78.3155 71.4799
-77.2388 -25.2311 -68.2786 19.2894 77.5194 71.378
-77.143 -24.8455 -67.922 19.0568 76.732 71.2742
-77.0483 -24.4638 -67.5659 18.8268 75.9532 71.1685
-76.9547 -24.086 -67.2103 18.5995 75.1827 71.0611
-76.8623 -23.712 -66.8552 18.3748 74.4203 70.9521
-76.771 -23.3418 -66.5008 18.1526 73.6659 70.8415
-76.6807 -22.9753 -66.1468 17.9329 72.9192 70.7295
-76.5916 -22.6126 -65.7935 17.7155 72.1801 70.6161
-76.5036 -22.2535 -65.4407 17.5005 71.4485 70.5014
-76.4166 -21.8981 -65.0884 17.2877 70.7242 70.3854
-76.3307 -21.5463 -64.7368 17.0772 70.007 70.2683
-76.2459 -21.198 -64.3858 16.8689 69.2968 70.15
-76.162 -20.8533 -64.0353 16.6626 68.5934 70.0307
-76.0792 -20.5121 -63.6855 16.4585 67.8968 69.9104
-75.9974 -20.1744 -63.3362 16.2564 67.2068 69.7892
-75.9167 -19.84 -62.9876 16.0562 66.5232 69.667
-75.8369 -19.5091 -62.6395 15.8581 65.846 69.544
-75.7581 -19.1816 -62.2921 15.6618 65.175 69.4202
-75.6803 -18.8574 -61.9453 15.4674 64.5101 69.2956
-75.6034 -18.5365 -61.5992 15.2748 63.8513 69.1702
-75.5275 -18.2189 -61.2536 15.0841 63.1983 69.0441
-75.4526 -17.9045 -60.9087 14.8951 62.5511 68.9174
-75.3786 -17.5934 -60.5645 14.7078 61.9097 68.7899
-75.3055 -17.2854 -60.2208 14.5223 61.2738 68.6619
-75.2333 -16.9806 -59.8778 14.3384 60.6433 68.5332
-75.1621 -16.679 -59.5355 14.1561 60.0183 68.4039
-75.0918 -16.3804 -59.1938 13.9755 59.3986 68.2741
-75.0224 -16.085 -58.8527 13.7964 58.7841 68.1437
-74.9538 -15.7926 -58.5124 13.6189 58.1747 68.0128
-74.8862 -15.5032 -58.1726 13.4429 57.5703 67.8813
-74.8194 -15.2169 -57.8335 13.2684 56.9709 67.7493
-74.7535 -14.9335 -57.4951 13.0954 56.3763 67.6169
-74.6884 -14.6531 -57.1574 12.9238 55.7865 67.4839
-74.6242 -14.3757 -56.8203 12.7537 55.2014 67.3505
-74.5609 -14.1011 -56.4839 12.5849 54.6209 67.2166
-74.4984 -13.8295 -56.1481 12.4175 54.045 67.0823
-74.4367 -13.5607 -55.813 12.2514 53.4735 66.9475
-74.3759 -13.2947 -55.4786 12.0867 52.9064 66.8123
-74.3159 -13.0316 -55.1449 11.9232 52.3436 66.6767
-74.2566 -12.7713 -54.8119 11.761 51.785 66.5406
-74.1982 -12.5138 -54.4795 11.6001 51.2306 66.4042
-74.1406 -12.259 -54.1478 11.4404 50.6803 66.2673
-74.0838 -12.007 -53.8168 11.2819 50.134 66.13
-74.0278 -11.7576 -53.4865 11.1246 49.5917 65.9923
-73.9726 -11.511 -53.1569 10.9685 49.0532 65.8543
-73.9181 -11.2671 -52.828 10.8136 48.5186 65.7158
-73.8645 -11.0259 -52.4998 10.6597 47.9878 65.577
-73.8115 -10.7872 -52.1722 10.507 47.4607 65.4378
-73.7594 -10.5512 -51.8454 10.3554 46.9372 65.2982
-73.708 -10.3179 -51.5192 10.2048 46.4173 65.1583
-73.6573 -10.0871 -51.1938 10.0553 45.9009 65.0179
-73.6074 -9.85885 -50.8691 9.90685 45.3879 64.8773
-73.5583 -9.63319 -50.545 9.75942 44.8784 64.7362
-73.5098 -9.41007 -50.2217 9.61299 44.3722 64.5948
-73.4621 -9.18947 -49.8991 9.46756 43.8694 64.4531
-73.4152 -8.97138 -49.5772 9.32311 43.3697 64.311
-73.3689 -8.75577 -49.256 9.17962 42.8733 64.1685
-73.3234 -8.54265 -48.9355 9.03707 42.3799 64.0257
-73.2785 -8.33198 -48.6157 8.89546 41.8897 63.8826
-73.2344 -8.12375 -48.2966 8.75477 41.4025 63.7391
-73.191 -7.91795 -47.9783 8.61498 40.9183 63.5953
-73.1483 -7.71457 -47.6607 8.47609 40.4369 63.4511
-73.1062 -7.51358 -47.3438 8.33807 39.9585 63.3066
-73.0649 -7.31498 -47.0276 8.20092 39.4829 63.1618
-73.0242 -7.11875 -46.7122 8.06463 39.0101 63.0167
-72.9842 -6.92488 -46.3975 7.92917 38.5401 62.8712
-72.9449 -6.73335 -46.0835 7.79455 38.0727 62.7254
-72.9063 -6.54416 -45.7702 7.66074 37.608 62.5793
-72.8683 -6.35728 -45.4577 7.52775 37.1458 62.4329
-72.831 -6.1727 -45.1459 7.39555 36.6863 62.2861
-72.7944 -5.99041 -44.8348 7.26414 36.2292 62.139
-72.7584 -5.81041 -44.5245 7.1335 35.7747 61.9917
-72.723 -5.63267 -44.2149 7.00363 35.3226 61.844
-72.6883 -5.45718 -43.906 6.87452 34.8728 61.696
-72.6543 -5.28394 -43.5979 6.74615 34.4255 61.5477
-72.6209 -5.11293 -43.2906 6.61852 33.9804 61.3992
-72.5881 -4.94414 -42.9839 6.49163 33.5376 61.2503
-72.556 -4.77755 -42.6781 6.36545 33.0971 61.1011
-72.5245 -4.61317 -42.3729 6.23998 32.6588 60.9517
-72.4936 -4.45096 -42.0685 6.11522 32.2226 60.8019
-72.4633 -4.29094 -41.7649 5.99115 31.7886 60.6519
-72.4337 -4.13308 -41.462 5.86776 31.3567 60.5016
-72.4046 -3.97737 -41.1599 5.74506 30.9268 60.3511
-72.3762 -3.82381 -40.8585 5.62302 30.499 60.2002
-72.3484 -3.67239 -40.5579 5.50165 30.0731 60.0491
-72.3212 -3.52308 -40.258 5.38094 29.6492 59.8978
-72.2946 -3.37589 -39.9589 5.26087 29.2273 59.7462
-72.2686 -3.23081 -39.6606 5.14144 28.8073 59.5943
-72.2432 -3.08782 -39.363 5.02265 28.3891 59.4422
-72.2184 -2.94692 -39.0661 4.90449 27.9728 59.2898
-72.1941 -2.80809 -38.7701 4.78694 27.5583 59.1372
-72.1705 -2.67134 -38.4748 4.67001 27.1456 58.9843
-72.1474 -2.53664 -38.1802 4.55368 26.7346 58.8312
-72.1249 -2.40399 -37.8865 4.43795 26.3254 58.6779
-72.103 -2.27339 -37.5935 4.32281 25.9179 58.5243
-72.0817 -2.14481 -37.3012 4.20826 25.512 58.3705
-72.061 -2.01827 -37.0097 4.09429 25.1078 58.2165
-72.0408 -1.89374 -36.719 3.98089 24.7053 58.0623
-72.0212 -1.77121 -36.4291 3.86806 24.3043 57.9078
-72.0021 -1.65069 -36.14 3.75579 23.9049 57.7532
-71.9836 -1.53217 -35.8516 3.64407 23.5071 57.5983
-71.9657 -1.41562 -35.564 3.5329 23.1108 57.4432
-71.9483 -1.30106 -35.2772 3.42228 22.7161 57.2879
-71.9314 -1.18846 -34.9911 3.31218 22.3228 57.1324
-71.9151 -1.07783 -34.7058 3.20262 21.9309 56.9767
-71.8994 -0.969155 -34.4213 3.09358 21.5406 56.8208
-71.8842 -0.862426 -34.1376 2.98505 21.1516 56.6647
-71.8696 -0.757639 -33.8547 2.87704 20.7641 56.5084
-71.8554 -0.654786 -33.5725 2.76953 20.3779 56.3519
-71.8419 -0.55386 -33.2912 2.66252 19.9932 56.1953
-71.8288 -0.454855 -33.0106 2.55601 19.6097 56.0384
-71.8163 -0.357764 -32.7308 2.44998 19.2276 55.8813
-71.8043 -0.26258 -32.4518 2.34443 18.8468 55.7241
-71.7929 -0.169296 -32.1735 2.23936 18.4673 55.5667
-71.7819 -0.0779073 -31.8961 2.13476 18.0891 55.409
-71.7715 0.0115938 -31.6195 2.03063 17.7121 55.2513
-71.7616 0.0992131 -31.3436 1.92695 17.3364 55.0933
-71.7522 0.184957 -31.0685 1.82372 16.9619 54.9351
-71.7434 0.268831 -30.7942 1.72095 16.5886 54.7768
-71.735 0.350842 -30.5208 1.61861 16.2164 54.6182
-71.7272 0.430995 -30.2481 1.51672 15.8455 54.4595
-71.7199 0.509296 -29.9762 1.41525 15.4757 54.3006
-71.713 0.585751 -29.7051 1.31421 15.1071 54.1416
-71.7067 0.660366 -29.4347 1.21359 14.7396 53.9823
-71.7009 0.733147 -29.1652 1.11338 14.3732 53.8229
-71.6956 0.804098 -28.8965 1.01359 14.0079 53.6632
-71.6908 0.873225 -28.6286 0.914198 13.6437 53.5034
-71.6864 0.940534 -28.3615 0.815208 13.2806 53.3435
-71.6826 1.00603 -28.0952 0.716612 12.9185 53.1833
-71.6793 1.06972 -27.8296 0.618406 12.5574 53.0229
-71.6764 1.1316 -27.5649 0.520584 12.1974 52.8624
-71.6741 1.19169 -27.301 0.423142 11.8384 52.7017
-71.6722 1.24999 -27.0379 0.326074 11.4804 52.5407
-71.6708 1.3065 -26.7756 0.229376 11.1234 52.3796
-71.6699 1.36122 -26.5141 0.133044 10.7674 52.2183
-71.6695 1.41417 -26.2534 0.0370711 10.4123 52.0568
-71.6695 1.46534 -25.9936 -0.0585458 10.0582 51.8952
-71.6701 1.51475 -25.7345 -0.153812 9.70495 51.7333
-71.6711 1.56239 -25.4762 -0.248731 9.35268 51.5712
-71.6726 1.60828 -25.2188 -0.343309 9.00132 51.4089
-71.6745 1.6524 -24.9621 -0.43755 8.65085 51.2465
-71.6769 1.69478 -24.7063 -0.531457 8.30128 51.0838
-71.6798 1.73542 -24.4513 -0.625037 7.95257 50.9209
-71.6832 1.77431 -24.1971 -0.718292 7.60473 50.7578
-71.687 1.81146 -23.9437 -0.811227 7.25774 50.5945
-71.6913 1.84689 -23.6912 -0.903847 6.91159 50.431
-71.696 1.88058 -23.4394 -0.996156 6.56626 50.2673
-71.7013 1.91255 -23.1885 -1.08816 6.22175 50.1033
-71.7069 1.9428 -22.9384 -1.17986 5.87804 49.9392
-71.7131 1.97133 -22.6891 -1.27126 5.53513 49.7748
-71.7196 1.99815 -22.4406 -1.36236 5.193 49.6102
-71.7267 2.02326 -22.193 -1.45317 4.85164 49.4454
-71.7342 2.04666 -21.9462 -1.5437 4.51104 49.2804
-71.7421 2.06837 -21.7002 -1.63394 4.1712 49.1151
-71.7505 2.08837 -21.455 -1.72391 3.83209 48.9496
-71.7594 2.10669 -21.2107 -1.81359 3.4937 48.7838
-71.7686 2.12331 -20.9672 -1.90301 3.15604 48.6178
-71.7784 2.13825 -20.7245 -1.99216 2.81908 48.4516
-71.7886 2.1515 -20.4827 -2.08104 2.48282 48.2851
-71.7992 2.16307 -20.2417 -2.16966 2.14725 48.1184
-71.8103 2.17297 -20.0015 -2.25803 1.81235 47.9515
-71.8218 2.1812 -19.7621 -2.34614 1.47812 47.7842
-71.8337 2.18775 -19.5236 -2.434 1.14455 47.6168
-71.8461 2.19264 -19.286 -2.52161 0.811624 47.449
-71.8589 2.19587 -19.0491 -2.60899 0.479333 47.281
-71.8722 2.19743 -18.8132 -2.69612 0.14767 47.1128
-71.8859 2.19734 -18.578 -2.78301 -0.183376 46.9443
-71.9 2.1956 -18.3437 -2.86967 -0.513815 46.7755
-71.9146 2.19221 -18.1103 -2.9561 -0.843655 46.6064
-71.9296 2.18716 -17.8777 -3.0423 -1.17291 46.437
-71.945 2.18048 -17.6459 -3.12828 -1.50158 46.2674
-71.9609 2.17215 -17.415 -3.21404 -1.82968 46.0975
-71.9772 2.16218 -17.1849 -3.29958 -2.15722 45.9273
-71.9939 2.15057 -16.9557 -3.3849 -2.48422 45.7568
-72.011 2.13734 -16.7273 -3.47002 -2.81066 45.586
-72.0286 2.12247 -16.4998 -3.55492 -3.13658 45.4149
-72.0466 2.10597 -16.2732 -3.63963 -3.46197 45.2435
-72.065 2.08785 -16.0474 -3.72412 -3.78685 45.0718
-72.0838 2.0681 -15.8225 -3.80842 -4.11122 44.8998
-72.1031 2.04673 -15.5984 -3.89252 -4.43509 44.7275
-72.1227 2.02375 -15.3752 -3.97643 -4.75848 44.5549
-72.1428 1.99915 -15.1529 -4.06015 -5.08138 44.382
-72.1633 1.97293 -14.9314 -4.14367 -5.40382 44.2087
-72.1843 1.94511 -14.7108 -4.22702 -5.72579 44.0351
-72.2056 1.91568 -14.491 -4.31018 -6.0473 43.8612
-72.2274 1.88464 -14.2722 -4.39316 -6.36838 43.6869
-72.2495 1.85199 -14.0542 -4.47596 -6.68901 43.5123
-72.2721 1.81775 -13.837 -4.55858 -7.00922 43.3373
-72.2951 1.7819 -13.6208 -4.64104 -7.32901 43.1621
-72.3185 1.74445 -13.4054 -4.72333 -7.64838 42.9864
-72.3424 1.70541 -13.1909 -4.80544 -7.96735 42.8104
-72.3666 1.66478 -12.9773 -4.8874 -8.28593 42.6341
-72.3912 1.62255 -12.7646 -4.96919 -8.60412 42.4574
-72.4163 1.57874 -12.5527 -5.05082 -8.92193 42.2803
-72.4417 1.53333 -12.3418 -5.1323 -9.23937 42.1028
-72.4676 1.48634 -12.1317 -5.21362 -9.55645 41.925
-72.4939 1.43777 -11.9225 -5.29479 -9.87317 41.7468
-72.5205 1.38761 -11.7142 -5.37581 -10.1896 41.5682
-72.5476 1.33587 -11.5069 -5.45668 -10.5056 41.3892
-72.5751 1.28256 -11.3004 -5.53741 -10.8213 41.2099
-72.603 1.22766 -11.0948 -5.618 -11.1367 41.0301
-72.6313 1.17119 -10.8901 -5.69844 -11.4518 40.8499
-72.66 1.11314 -10.6863 -5.77875 -11.7665 40.6694
-72.6891 1.05352 -10.4834 -5.85892 -12.081 40.4884
-72.7186 0.992331 -10.2814 -5.93896 -12.3952 40.307
-72.7485 0.92957 -10.0803 -6.01887 -12.7091 40.1252
-72.7788 0.86524 -9.88012 -6.09865 -13.0227 39.943
-72.8095 0.799343 -9.68086 -6.1783 -13.336 39.7603
-72.8405 0.73188 -9.48251 -6.25783 -13.6491 39.5772
-72.872 0.662851 -9.28509 -6.33724 -13.9619 39.3937
-72.9039 0.59226 -9.08858 -6.41652 -14.2745 39.2098
-72.9362 0.520106 -8.89299 -6.49569 -14.5869 39.0253
-72.9689 0.44639 -8.69832 -6.57475 -14.899 38.8405
-73.0019 0.371115 -8.50458 -6.65369 -15.2109 38.6552
-73.0354 0.294281 -8.31177 -6.73252 -15.5226 38.4694
-73.0693 0.215889 -8.11989 -6.81123 -15.8341 38.2831
-73.1035 0.13594 -7.92894 -6.88985 -16.1453 38.0964
-73.1382 0.0544349 -7.73892 -6.96835 -16.4564 37.9092
-73.1732 -0.028625 -7.54985 -7.04676 -16.7673 37.7216
-73.2086 -0.113239 -7.36171 -7.12506 -17.078 37.5334
-73.2445 -0.199406 -7.17451 -7.20326 -17.3886 37.3447
-73.2807 -0.287125 -6.98826 -7.28137 -17.699 37.1556
-73.3173 -0.376396 -6.80296 -7.35938 -18.0092 36.9659
-73.3543 -0.467218 -6.6186 -7.4373 -18.3193 36.7758
-73.3916 -0.55959 -6.4352 -7.51513 -18.6293 36.5851
-73.4294 -0.653511 -6.25275 -7.59287 -18.9391 36.3939
-73.4676 -0.748981 -6.07126 -7.67052 -19.2488 36.2022
-73.5061 -0.845999 -5.89073 -7.74809 -19.5583 36.01
-73.5451 -0.944565 -5.71116 -7.82557 -19.8678 35.8172
-73.5844 -1.04468 -5.53256 -7.90297 -20.1771 35.6239
-73.6241 -1.14634 -5.35492 -7.9803 -20.4864 35.43
-73.6642 -1.24954 -5.17826 -8.05754 -20.7956 35.2356
-73.7047 -1.35429 -5.00257 -8.13471 -21.1046 35.0406
-73.7455 -1.46059 -4.82785 -8.21181 -21.4137 34.8451
-73.7868 -1.56843 -4.65411 -8.28883 -21.7226 34.649
-73.8284 -1.67782 -4.48136 -8.36579 -22.0315 34.4523
-73.8704 -1.78875 -4.30959 -8.44268 -22.3403 34.255
-73.9128 -1.90122 -4.13881 -8.5195 -22.6491 34.0571
-73.9556 -2.01524 -3.96902 -8.59625 -22.9579 33.8587
-73.9988 -2.1308 -3.80022 -8.67295 -23.2666 33.6596
-74.0424 -2.2479 -3.63242 -8.74958 -23.5753 33.4599
-74.0863 -2.36655 -3.46562 -8.82616 -23.8839 33.2596
-74.1306 -2.48674 -3.29983 -8.90267 -24.1926 33.0587
-74.1753 -2.60848 -3.13504 -8.97914 -24.5013 32.8572
-74.2204 -2.73176 -2.97126 -9.05555 -24.8099 32.655
-74.2659 -2.85658 -2.80849 -9.1319 -25.1186 32.4522
-74.3117 -2.98294 -2.64673 -9.20821 -25.4273 32.2487
-74.358 -3.11085 -2.486 -9.28447 -25.7361 32.0446
-74.4046 -3.2403 -2.32629 -9.36068 -26.0448 31.8398
-74.4516 -3.3713 -2.1676 -9.43685 -26.3537 31.6344
-74.499 -3.50384 -2.00994 -9.51298 -26.6625 31.4283
-74.5467 -3.63793 -1.85332 -9.58907 -26.9714 31.2214
-74.5948 -3.77356 -1.69773 -9.66511 -27.2804 31.0139
-74.6434 -3.91073 -1.54318 -9.74112 -27.5895 30.8057
-74.6923 -4.04945 -1.38967 -9.8171 -27.8986 30.5968
-74.7415 -4.18972 -1.23721 -9.89303 -28.2078 30.3872
-74.7912 -4.33153 -1.0858 -9.96894 -28.5171 30.1768
-74.8412 -4.47489 -0.935444 -10.0448 -28.8266 29.9657
-74.8916 -4.6198 -0.786144 -10.1207 -29.1361 29.7539
-74.9424 -4.76625 -0.637905 -10.1965 -29.4457 29.5413
-74.9936 -4.91426 -0.490731 -10.2723 -29.7555 29.328
-75.0451 -5.06381 -0.344625 -10.3481 -30.0654 29.1139
-75.0971 -5.21491 -0.199592 -10.4238 -30.3754 28.899
-75.1494 -5.36756 -0.055635 -10.4995 -30.6856 28.6834
-75.2021 -5.52177 0.0872417 -10.5753 -30.9959 28.4669
-75.2551 -5.67752 0.229034 -10.6509 -31.3064 28.2497
-75.3086 -5.83483 0.369738 -10.7266 -31.6171 28.0316
-75.3624 -5.99369 0.50935 -10.8023 -31.928 27.8128
-75.4166 -6.15411 0.647866 -10.878 -32.239 27.5931
-75.4712 -6.31608 0.785281 -10.9536 -32.5502 27.3725
-75.5261 -6.47961 0.921591 -11.0292 -32.8616 27.1512
-75.5815 -6.6447 1.05679 -11.1049 -33.1733 26.929
-75.6372 -6.81135 1.19088 -11.1805 -33.4851 26.7059
-75.6933 -6.97955 1.32385 -11.2561 -33.7972 26.4819
-75.7498 -7.14932 1.4557 -11.3317 -34.1095 26.2571
-75.8066 -7.32065 1.58642 -11.4074 -34.4221 26.0313
-75.8638 -7.49354 1.71601 -11.483 -34.7348 25.8047
-75.9214 -7.668 1.84447 -11.5586 -35.0479 25.5771
-75.9794 -7.84402 1.97178 -11.6343 -35.3612 25.3487
-76.0378 -8.02161 2.09796 -11.7099 -35.6748 25.1192
-76.0965 -8.20077 2.22298 -11.7856 -35.9887 24.8889
-76.1556 -8.3815 2.34684 -11.8612 -36.3028 24.6576
-76.2151 -8.5638 2.46955 -11.9369 -36.6173 24.4253
-76.275 -8.74767 2.5911 -12.0126 -36.932 24.192
-76.3352 -8.93312 2.71147 -12.0883 -37.2471 23.9578
-76.3959 -9.12014 2.83067 -12.164 -37.5625 23.7225
-76.4569 -9.30874 2.9487 -12.2397 -37.8782 23.4863
-76.5183 -9.49893 3.06554 -12.3155 -38.1943 23.249
-76.58 -9.69069 3.18119 -12.3913 -38.5107 23.0106
-76.6422 -9.88403 3.29564 -12.4671 -38.8274 22.7713
-76.7047 -10.079 3.4089 -12.5429 -39.1446 22.5308
-76.7676 -10.2755 3.52095 -12.6188 -39.4621 22.2893
-76.8309 -10.4736 3.63179 -12.6947 -39.7799 22.0467
-76.8946 -10.6733 3.74142 -12.7706 -40.0982 21.803
-76.9586 -10.8746 3.84982 -12.8466 -40.4169 21.5582
-77.023 -11.0774 3.957 -12.9226 -40.736 21.3122
-77.0878 -11.2819 4.06294 -12.9986 -41.0555 21.0652
-77.153 -11.488 4.16765 -13.0746 -41.3754 20.8169
-77.2186 -11.6957 4.27111 -13.1507 -41.6957 20.5675
-77.2845 -11.905 4.37333 -13.2269 -42.0165 20.3169
-77.3509 -12.1158 4.47428 -13.3031 -42.3378 20.0651
-77.4176 -12.3283 4.57398 -13.3793 -42.6595 19.8121
-77.4846 -12.5424 4.6724 -13.4556 -42.9817 19.5579
-77.5521 -12.7582 4.76956 -13.5319 -43.3044 19.3025
-77.62 -12.9755 4.86543 -13.6083 -43.6276 19.0457
-77.6882 -13.1944 4.96001 -13.6847 -43.9512 18.7877
-77.7568 -13.415 5.05331 -13.7612 -44.2754 18.5285
-77.8258 -13.6372 5.1453 -13.8378 -44.6001 18.2679
-77.8952 -13.861 5.23598 -13.9144 -44.9253 18.006
-77.965 -14.0864 5.32536 -13.991 -45.2511 17.7427
-78.0351 -14.3135 5.41341 -14.0677 -45.5774 17.4781
-78.1056 -14.5422 5.50014 -14.1445 -45.9043 17.2121
-78.1765 -14.7726 5.58553 -14.2214 -46.2318 16.9448
-78.2478 -15.0045 5.66959 -14.2983 -46.5598 16.676
-78.3195 -15.2382 5.75229 -14.3752 -46.8884 16.4058
-78.3916 -15.4734 5.83364 -14.4523 -47.2177 16.1342
-78.464 -15.7103 5.91363 -14.5294 -47.5475 15.8611
-78.5369 -15.9489 5.99225 -14.6066 -47.878 15.5865
-78.6101 -16.1891 6.0695 -14.6839 -48.2091 15.3104
-78.6837 -16.431 6.14536 -14.7612 -48.5408 15.0328
-78.7577 -16.6745 6.21983 -14.8386 -48.8732 14.7537
-78.8321 -16.9197 6.29289 -14.9161 -49.2063 14.473
-78.9069 -17.1666 6.36456 -14.9937 -49.5401 14.1907
-78.9821 -17.4151 6.4348 -15.0714 -49.8745 13.9068
-79.0576 -17.6653 6.50362 -15.1492 -50.2097 13.6213
-79.1335 -17.9172 6.57101 -15.227 -50.5455 13.3341
-79.2099 -18.1708 6.63696 -15.305 -50.8821 13.0453
-79.2866 -18.426 6.70147 -15.383 -51.2195 12.7548
-79.3637 -18.683 6.76451 -15.4611 -51.5575 12.4626
-79.4412 -18.9416 6.82609 -15.5393 -51.8964 12.1686
-79.5191 -19.202 6.8862 -15.6176 -52.236 11.8729
-79.5974 -19.464 6.94482 -15.6961 -52.5764 11.5754
-79.6761 -19.7277 7.00195 -15.7746 -52.9176 11.2761
-79.7551 -19.9932 7.05758 -15.8532 -53.2596 10.9749
-79.8346 -20.2603 7.1117 -15.9319 -53.6024 10.6719
-79.9144 -20.5292 7.1643 -16.0108 -53.9461 10.367
-79.9947 -20.7998 7.21537 -16.0897 -54.2907 10.0602
-80.0753 -21.0721 7.2649 -16.1688 -54.6361 9.75144
-80.1564 -21.3461 7.31289 -16.2479 -54.9823 9.44072
-80.2378 -21.6219 7.35931 -16.3272 -55.3295 9.12801
-80.3197 -21.8994 7.40416 -16.4066 -55.6776 8.81327
-80.4019 -22.1787 7.44744 -16.4861 -56.0266 8.49648
-80.4845 -22.4597 7.48913 -16.5658 -56.3765 8.1776
-80.5675 -22.7425 7.52922 -16.6456 -56.7274 7.85661
-80.651 -23.027 7.5677 -16.7254 -57.0792 7.53347
-80.7348 -23.3132 7.60455 -16.8055 -57.4321 7.20816
-80.819 -23.6013 7.63978 -16.8856 -57.7859 6.88064
-80.9037 -23.8911 7.67336 -16.9659 -58.1407 6.55087
-80.9887 -24.1827 7.70528 -17.0463 -58.4966 6.21883
-81.0741 -24.4761 7.73555 -17.1269 -58.8535 5.88449
-81.16 -24.7712 7.76413 -17.2075 -59.2114 5.54779
-81.2462 -25.0682 7.79102 -17.2884 -59.5704 5.20872
-81.3328 -25.3669 7.81622 -17.3693 -59.9306 4.86723
-81.4199 -25.6675 7.8397 -17.4505 -60.2918 4.52329
-81.5073 -25.9699 7.86145 -17.5317 -60.6541 4.17686
-81.5952 -26.274 7.88146 -17.6131 -61.0176 3.8279
-81.6835 -26.58 7.89973 -17.6947 -61.3822 3.47637
-81.7722 -26.8879 7.91623 -17.7764 -61.7481 3.12223
-81.8612 -27.1975 7.93095 -17.8583 -62.1151 2.76544
-81.9507 -27.509 7.94388 -17.9403 -62.4833 2.40595
-82.0406 -27.8224 7.95501 -18.0225 -62.8527 2.04373
-82.131 -28.1375 7.96432 -18.1048 -63.2234 1.67874
-82.2217 -28.4546 7.9718 -18.1874 -63.5954 1.31091
-82.3128 -28.7735 7.97743 -18.27 -63.9687 0.940222
-82.4044 -29.0943 7.9812 -18.3529 -64.3432 0.566614
-82.4964 -29.4169 7.98309 -18.4359 -64.7191 0.190041
-82.5888 -29.7415 7.9831 -18.5191 -65.0963 -0.189545
-82.6816 -30.0679 7.9812 -18.6025 -65.4749 -0.572194
-82.7748 -30.3962 7.97737 -18.686 -65.8549 -0.957958
-82.8684 -30.7264 7.97162 -18.7697 -66.2363 -1.34689
-82.9625 -31.0586 7.96391 -18.8536 -66.6191 -1.73904
-83.057 -31.3926 7.95423 -18.9377 -67.0034 -2.13446
-83.1519 -31.7286 7.94256 -19.022 -67.3891 -2.53322
-83.2472 -32.0665 7.92889 -19.1065 -67.7764 -2.93536
-83.3429 -32.4064 7.91321 -19.1911 -68.1651 -3.34095
-83.4391 -32.7482 7.89548 -19.276 -68.5554 -3.75005
-83.5357 -33.0919 7.87571 -19.361 -68.9473 -4.16271
-83.6327 -33.4377 7.85386 -19.4463 -69.3407 -4.57901
-83.7301 -33.7853 7.82991 -19.5317 -69.7358 -4.999
-83.828 -34.135 7.80386 -19.6174 -70.1325 -5.42275
-83.9263 -34.4867 7.77569 -19.7032 -70.5309 -5.85033
-84.025 -34.8403 7.74536 -19.7893 -70.9309 -6.28181
-84.1242 -35.196 7.71287 -19.8756 -71.3327 -6.71726
-84.2238 -35.5537 7.67819 -19.962 -71.7362 -7.15675
-84.3238 -35.9133 7.6413 -20.0487 -72.1415 -7.60036
-84.4243 -36.2751 7.60218 -20.1357 -72.5486 -8.04816
-84.5252 -36.6388 7.56082 -20.2228 -72.9575 -8.50024
-84.6265 -37.0046 7.51718 -20.3101 -73.3683 -8.95666
-84.7283 -37.3725 7.47125 -20.3977 -73.7809 -9.41752
-84.8305 -37.7425 7.423 -20.4855 -74.1955 -9.8829
-84.9331 -38.1145 7.37242 -20.5736 -74.612 -10.3529
-85.0362 -38.4886 7.31947 -20.6618 -75.0305 -10.8276
-85.1398 -38.8648 7.26414 -20.7503 -75.4509 -11.307
-85.2437 -39.2431 7.2064 -20.8391 -75.8734 -11.7914
-85.3482 -39.6235 7.14623 -20.928 -76.298 -12.2807
-85.453 -40.0061 7.0836 -21.0172 -76.7247 -12.7752
-85.5583 -40.3908 7.01848 -21.1067 -77.1535 -13.2747
-85.6641 -40.7776 6.95085 -21.1964 -77.5845 -13.7796
-85.7703 -41.1666 6.88068 -21.2863 -78.0176 -14.2899
-85.8769 -41.5578 6.80795 -21.3765 -78.453 -14.8057
-85.9841 -41.9511 6.73262 -21.4669 -78.8907 -15.3271
-86.0916 -42.3467 6.65468 -21.5576 -79.3307 -15.8542
-86.1996 -42.7444 6.57408 -21.6485 -79.7731 -16.3872
-86.3081 -43.1444 6.4908 -21.7397 -80.2178 -16.9262
-86.417 -43.5466 6.40482 -21.8312 -80.6649 -17.4713
-86.5264 -43.9511 6.31609 -21.9229 -81.1145 -18.0226
-86.6363 -44.3578 6.22459 -22.0148 -81.5666 -18.5804
-86.7466 -44.7667 6.13028 -22.107 -82.0213 -19.1446
-86.8573 -45.178 6.03314 -22.1995 -82.4785 -19.7155
-86.9686 -45.5915 5.93313 -22.2922 -82.9383 -20.2932
-87.0802 -46.0074 5.83021 -22.3852 -83.4009 -20.8779
-87.1924 -46.4255 5.72435 -22.4785 -83.8661 -21.4697
-87.305 -46.846 5.61551 -22.572 -84.3341 -22.0689
-87.4181 -47.2689 5.50366 -22.6658 -84.8049 -22.6754
-87.5317 -47.6941 5.38875 -22.7599 -85.2785 -23.2896
-87.6457 -48.1217 5.27076 -22.8542 -85.755 -23.9117
-87.7602 -48.5516 5.14964 -22.9487 -86.2345 -24.5417
-87.8752 -48.984 5.02534 -23.0436 -86.717 -25.1799
-87.9907 -49.4188 4.89784 -23.1387 -87.2025 -25.8265
-88.1066 -49.856 4.76708 -23.2341 -87.6911 -26.4818
-88.223 -50.2957 4.63302 -23.3297 -88.1828 -27.1458
-88.3399 -50.7379 4.49562 -23.4256 -88.6778 -27.8189
-88.4573 -51.1825 4.35483 -23.5217 -89.176 -28.5012
-88.5751 -51.6296 4.2106 -23.6181 -89.6775 -29.193
-88.6934 -52.0793 4.0629 -23.7148 -90.1823 -29.8946
-88.8123 -52.5315 3.91166 -23.8117 -90.6906 -30.6062
-88.9316 -52.9862 3.75683 -23.9088 -91.2023 -31.328
-89.0514 -53.4435 3.59837 -24.0062 -91.7176 -32.0604
-89.1716 -53.9034 3.43623 -24.1038 -92.2364 -32.8036
-89.2924 -54.3658 3.27034 -24.2017 -92.7589 -33.5579
-89.4136 -54.831 3.10065 -24.2998 -93.2851 -34.3236
-89.5354 -55.2987 2.9271 -24.3981 -93.8151 -35.1011
-89.6576 -55.7691 2.74963 -24.4966 -94.3489 -35.8906
-89.7804 -56.2422 2.56819 -24.5954 -94.8867 -36.6925
-89.9036 -56.718 2.38271 -24.6943 -95.4283 -37.5072
-90.0273 -57.1965 2.19312 -24.7934 -95.974 -38.335
-90.1515 -57.6777 1.99935 -24.8927 -96.5239 -39.1764
-90.2762 -58.1617 1.80135 -24.9921 -97.0778 -40.0316
-90.4014 -58.6485 1.59904 -25.0918 -97.636 -40.9013
-90.5271 -59.1381 1.39234 -25.1915 -98.1985 -41.7857
-90.6534 -59.6305 1.18118 -25.2914 -98.7654 -42.6853
-90.7801 -60.1257 0.965481 -25.3914 -99.3367 -43.6006
-90.9073 -60.6239 0.745169 -25.4915 -99.9125 -44.5322
-91.035 -61.1249 0.520157 -25.5916 -100.493 -45.4804
-91.1632 -61.6288 0.290362 -25.6918 -101.078 -46.446
-91.2919 -62.1356 0.0556948 -25.792 -101.668 -47.4294
-91.4211 -62.6455 -0.183935 -25.8923 -102.262 -48.4312
-91.5508 -63.1583 -0.42862 -25.9925 -102.862 -49.452
-91.681 -63.6741 -0.678458 -26.0926 -103.466 -50.4926
-91.8117 -64.1929 -0.933549 -26.1927 -104.076 -51.5535
-91.943 -64.7148 -1.194 -26.2926 -104.69 -52.6356
-92.0747 -65.2398 -1.45991 -26.3924 -105.31 -53.7395
-92.2069 -65.7679 -1.73139 -26.492 -105.935 -54.866
-92.3396 -66.2992 -2.00857 -26.5913 -106.565 -56.016
-92.4728 -66.8336 -2.29156 -26.6903 -107.2 -57.1904
-92.6065 -67.3712 -2.58048 -26.789 -107.841 -58.39
-92.7407 -67.912 -2.87546 -26.8872 -108.487 -59.6159
-92.8754 -68.4561 -3.17664 -26.985 -109.139 -60.869
-93.0105 -69.0034 -3.48416 -27.0822 -109.797 -62.1504
-93.1462 -69.554 -3.79815 -27.1788 -110.46 -63.4613
-93.2823 -70.108 -4.11877 -27.2747 -111.128 -64.8028
-93.4189 -70.6653 -4.44618 -27.3698 -111.803 -66.1763
-93.556 -71.226 -4.78054 -27.464 -112.483 -67.5831
-93.6936 -71.7902 -5.12202 -27.5571 -113.169 -69.0246
-93.8316 -72.3577 -5.47079 -27.6492 -113.86 -70.5022
-93.9701 -72.9288 -5.82705 -27.7399 -114.557 -72.0177
-94.109 -73.5033 -6.19097 -27.8293 -115.26 -73.5727
-94.2484 -74.0814 -6.56278 -27.9171 -115.969 -75.1691
-94.3882 -74.663 -6.94267 -28.0032 -116.683 -76.8086
-94.5284 -75.2482 -7.33087 -28.0873 -117.402 -78.4935
-94.669 -75.837 -7.72761 -28.1693 -118.127 -80.2259
-94.8101 -76.4295 -8.13314 -28.249 -118.858 -82.0082
-94.9515 -77.0256 -8.5477 -28.326 -119.593 -83.8428
-95.0933 -77.6254 -8.97157 -28.4001 -120.333 -85.7324
-95.2355 -78.2289 -9.40503 -28.471 -121.078 -87.68
-95.378 -78.8362 -9.84838 -28.5384 -121.826 -89.6885
-95.5209 -79.4472 -10.3019 -28.6018 -122.579 -91.7614
-95.6641 -80.062 -10.766 -28.6608 -123.336 -93.9021
-95.8075 -80.6806 -11.241 -28.7151 -124.095 -96.1146
-95.9512 -81.3029 -11.7272 -28.764 -124.856 -98.4031
-96.0952 -81.9291 -12.225 -28.8069 -125.619 -100.772
-96.2393 -82.5591 -12.7349 -28.8433 -126.383 -103.226
-96.3836 -83.193 -13.2573 -28.8724 -127.146 -105.771
-96.528 -83.8306 -13.7926 -28.8933 -127.908 -108.412
-96.6725 -84.472 -14.3414 -28.9052 -128.667 -111.155
-96.8171 -85.1173 -14.9042 -28.907 -129.421 -114.008
-96.9616 -85.7662 -15.4815 -28.8975 -130.169 -116.978
-97.106 -86.419 -16.074 -28.8754 -130.908 -120.073
-97.2503 -87.0753 -16.6823 -28.8392 -131.636 -123.302
-97.3944 -87.7353 -17.307 -28.7871 -132.349 -126.675
-97.5382 -88.3988 -17.949 -28.7171 -133.045 -130.203
-97.6816 -89.0658 -18.6091 -28.6271 -133.718 -133.898
-97.8245 -89.736 -19.288 -28.5144 -134.364 -137.773
-97.9667 -90.4094 -19.9868 -28.3759 -134.977 -141.843
-98.1082 -91.0858 -20.7065 -28.2082 -135.549 -146.124
-98.2488 -91.7649 -21.4481 -28.0071 -136.072 -150.636
-98.3883 -92.4465 -22.2129 -27.768 -136.536 -155.398
-98.5265 -93.1303 -23.0021 -27.4852 -136.928 -160.433
-98.6631 -93.8158 -23.8172 -27.1522 -137.233 -165.768
-98.798 -94.5026 -24.6598 -26.761 -137.435 -171.432
-98.9307 -95.1901 -25.5316 -26.3023 -137.509 -177.458
-99.061 -95.8777 -26.4345 -25.7649 -137.431 -183.883
-99.1884 -96.5644 -27.3705 -25.1352 -137.166 -190.751
-99.3124 -97.2493 -28.342 -24.3968 -136.673 -198.108
-99.4323 -97.9311 -29.3516 -23.5295 -135.9 -206.011
-99.5476 -98.6083 -30.4022 -22.5085 -134.783 -214.522
-99.6574 -99.279 -31.4969 -21.3032 -133.24 -223.711
-99.7606 -99.9407 -32.6394 -19.8749 -131.164 -233.657
-99.8561 -100.591 -33.8336 -18.1754 -128.422 -244.449
-99.9424 -101.225 -35.084 -16.1434 -124.837 -256.181
-100.018 -101.839 -36.3955 -13.7007 -120.18 -268.954
-100.079 -102.427 -37.7736 -10.7472 -114.148 -282.865
-100.125 -102.98 -39.2242 -7.15435 -106.342 -297.993
-100.151 -103.49 -40.7536 -2.75809 -96.233 -314.371
-100.152 -103.942 -42.3681 2.64878 -83.127 -331.938
-100.124 -104.321 -44.0731 9.31992 -66.1289 -350.443
-100.059 -104.603 -45.8725 17.5467 -44.1332 -369.303
-99.9486 -104.762 -47.766 27.6193 -15.8922 -387.376
-99.7828 -104.762 -49.746 39.7286 19.7334 -402.687
-99.5512 -104.564 -51.7925 53.7786 63.2084 -412.249
-99.2449 -104.13 -53.868 69.1345 113.425 -412.345
-98.8599 -103.431 -55.9154 84.4722 166.907 -399.686
-98.4003 -102.462 -57.8645 98.017 218.106 -373.283
-97.8799 -101.251 -59.6484 108.227 261.326 -335.625
-97.3182 -99.8495 -61.2213 114.453 293.122 -291.79
-96.7354 -98.32 -62.5671 117.026 313.185 -247.113
-96.1479 -96.718 -63.6933 116.829 323.42 -205.371
-95.567 -95.086 -64.6215 114.814 326.463 -168.405
-94.9997 -93.4533 -65.378 111.749 324.713 -136.641
-94.4494 -91.8387 -65.9884 108.162 319.988 -109.745
-93.9179 -90.2533 -66.4757 104.385 313.537 -87.0909
-93.4055 -88.7032 -66.8595 100.615 306.178 -68.0008
-92.9117 -87.1914 -67.1559 96.9585 298.423 -51.8567
