-100 0 -50 0 0 49
-100 -0.000891269 -49.7554 0.00205858 -0.355982 48.8336
-100 -0.00356034 -49.5117 0.0041269 -0.711129 48.6671
-100 -0.00800308 -49.2687 0.00620502 -1.06545 48.5005
-99.9999 -0.0142154 -49.0267 0.00829296 -1.41896 48.3338
-99.9999 -0.0221932 -48.7854 0.0103908 -1.77167 48.1671
-99.9998 -0.0319326 -48.545 0.0124985 -2.12359 48.0004
-99.9997 -0.0434297 -48.3054 0.0146161 -2.47474 47.8335
-99.9997 -0.0566806 -48.0667 0.0167437 -2.82512 47.6666
-99.9996 -0.0716814 -47.8287 0.0188813 -3.17474 47.4997
-99.9995 -0.0884285 -47.5917 0.0210289 -3.52363 47.3327
-99.9994 -0.106918 -47.3554 0.0231866 -3.87177 47.1657
-99.9992 -0.127147 -47.12 0.0253544 -4.2192 46.9986
-99.9991 -0.149111 -46.8854 0.0275324 -4.56592 46.8316
-99.999 -0.172807 -46.6517 0.0297205 -4.91193 46.6644
-99.9988 -0.198231 -46.4188 0.0319189 -5.25726 46.4973
-99.9987 -0.22538 -46.1867 0.0341274 -5.60191 46.3302
-99.9985 -0.25425 -45.9555 0.0363463 -5.94588 46.163
-99.9983 -0.284839 -45.7251 0.0385755 -6.2892 45.9959
-99.9981 -0.317143 -45.4955 0.040815 -6.63186 45.8288
-99.9979 -0.351158 -45.2668 0.0430649 -6.97389 45.6617
-99.9977 -0.386882 -45.0389 0.0453251 -7.31528 45.4946
-99.9974 -0.424312 -44.8118 0.0475959 -7.65605 45.3276
-99.9972 -0.463443 -44.5856 0.0498771 -7.99621 45.1606
-99.9969 -0.504274 -44.3602 0.0521688 -8.33576 44.9937
-99.9967 -0.546801 -44.1357 0.0544711 -8.67472 44.8268
-99.9964 -0.591022 -43.912 0.0567839 -9.01309 44.6601
-99.9961 -0.636933 -43.6891 0.0591073 -9.35089 44.4934
-99.9958 -0.684531 -43.467 0.0614414 -9.68811 44.3269
-99.9955 -0.733815 -43.2458 0.0637861 -10.0248 44.1605
-99.9952 -0.78478 -43.0254 0.0661416 -10.3609 43.9942
-99.9948 -0.837424 -42.8059 0.0685077 -10.6964 43.8282
-99.9945 -0.891745 -42.5871 0.0708847 -11.0315 43.6623
-99.9941 -0.947739 -42.3692 0.0732724 -11.3659 43.4966
-99.9937 -1.0054 -42.1522 0.075671 -11.6999 43.3311
-99.9934 -1.06474 -41.9359 0.0780805 -12.0333 43.1659
-99.993 -1.12574 -41.7205 0.0805009 -12.3663 43.0009
-99.9925 -1.1884 -41.5059 0.0829322 -12.6987 42.8363
-99.9921 -1.25273 -41.2922 0.0853745 -13.0306 42.672
-99.9917 -1.31871 -41.0792 0.0878278 -13.362 42.5081
-99.9912 -1.38635 -40.8671 0.0902922 -13.6929 42.3445
-99.9908 -1.45564 -40.6558 0.0927677 -14.0234 42.1814
-99.9903 -1.52658 -40.4453 0.0952544 -14.3533 42.0188
-99.9898 -1.59917 -40.2356 0.0977522 -14.6828 41.8567
-99.9893 -1.67341 -40.0267 0.100261 -15.0118 41.6951
-99.9888 -1.74929 -39.8186 0.102782 -15.3403 41.5341
-99.9883 -1.82681 -39.6113 0.105314 -15.6683 41.3738
-99.9878 -1.90597 -39.4049 0.107857 -15.9958 41.2142
-99.9872 -1.98677 -39.1992 0.110412 -16.3229 41.0554
-99.9867 -2.0692 -38.9943 0.112978 -16.6494 40.8974
-99.9861 -2.15327 -38.7902 0.115556 -16.9755 40.7403
-99.9855 -2.23896 -38.5869 0.118146 -17.3011 40.5842
-99.9849 -2.32628 -38.3844 0.120748 -17.6262 40.4292
-99.9843 -2.41522 -38.1826 0.123362 -17.9508 40.2753
-99.9837 -2.50579 -37.9816 0.125987 -18.2749 40.1227
-99.9831 -2.59797 -37.7814 0.128626 -18.5984 39.9714
-99.9824 -2.69177 -37.5819 0.131276 -18.9214 39.8215
-99.9817 -2.78719 -37.3832 0.13394 -19.2438 39.6733
-99.9811 -2.88421 -37.1852 0.136616 -19.5657 39.5268
-99.9804 -2.98284 -36.9879 0.139305 -19.8869 39.3822
-99.9797 -3.08308 -36.7913 0.142008 -20.2075 39.2396
-99.979 -3.18492 -36.5955 0.144724 -20.5274 39.0992
-99.9782 -3.28835 -36.4003 0.147454 -20.8466 38.9613
-99.9775 -3.39338 -36.2059 0.150199 -21.165 38.826
-99.9767 -3.50001 -36.0121 0.152959 -21.4827 38.6936
-99.976 -3.60821 -35.8189 0.155734 -21.7994 38.5644
-99.9752 -3.718 -35.6264 0.158526 -22.1152 38.4385
-99.9744 -3.82936 -35.4345 0.161334 -22.4299 38.3165
-99.9736 -3.9423 -35.2433 0.16416 -22.7435 38.1987
-99.9727 -4.0568 -35.0525 0.167005 -23.0558 38.0853
-99.9719 -4.17286 -34.8624 0.16987 -23.3667 37.9771
-99.971 -4.29047 -34.6728 0.172756 -23.676 37.8743
-99.9702 -4.40962 -34.4836 0.175665 -23.9835 37.7778
-99.9693 -4.5303 -34.295 0.178599 -24.289 37.688
-99.9684 -4.65251 -34.1067 0.181561 -24.5922 37.6058
-99.9675 -4.77622 -33.9189 0.184553 -24.8927 37.532
-99.9665 -4.90143 -33.7314 0.187578 -25.1902 37.4676
-99.9656 -5.02812 -33.5442 0.190641 -25.484 37.4137
-99.9646 -5.15627 -33.3572 0.193747 -25.7737 37.3717
-99.9636 -5.28586 -33.1705 0.196902 -26.0585 37.3431
-99.9626 -5.41685 -32.9838 0.200114 -26.3374 37.3296
-99.9616 -5.54922 -32.7971 0.203392 -26.6093 37.3332
-99.9606 -5.68294 -32.6104 0.206748 -26.8727 37.3563
-99.9596 -5.81794 -32.4235 0.210197 -27.1259 37.4018
-99.9585 -5.95418 -32.2364 0.213758 -27.3665 37.473
-99.9574 -6.09159 -32.0487 0.217457 -27.5914 37.5738
-99.9563 -6.23008 -31.8606 0.221325 -27.7969 37.7089
-99.9552 -6.36953 -31.6716 0.225405 -27.9777 37.8838
-99.9541 -6.50982 -31.4816 0.229754 -28.1272 38.105
-99.9529 -6.65075 -31.2904 0.234445 -28.2362 38.3801
-99.9517 -6.79211 -31.0977 0.239581 -28.2925 38.7182
-99.9505 -6.93359 -30.9031 0.245302 -28.2793 39.129
-99.9493 -7.07477 -30.7062 0.251797 -28.1736 39.6233
-99.948 -7.21514 -30.5066 0.25933 -27.9438 40.2107
-99.9467 -7.35395 -30.3039 0.268255 -27.5472 40.8977
-99.9453 -7.49024 -30.0974 0.279044 -26.9269 41.6812
-99.9439 -7.62271 -29.8868 0.292284 -26.0126 42.5389
-99.9424 -7.74967 -29.6717 0.308616 -24.7272 43.4143
-99.9408 -7.8691 -29.4525 0.328542 -23.0109 44.2
-99.9391 -7.97879 -29.2299 0.352058 -20.8651 44.7359
-99.9373 -8.07683 -29.0057 0.378224 -18.4033 44.8465
-99.9353 -8.16223 -28.7822 0.405106 -15.858 44.4232
-99.9332 -8.23529 -28.5623 0.430428 -13.502 43.4948
-99.931 -8.29754 -28.348 0.452531 -11.5333 42.212
-99.9287 -8.35115 -28.1406 0.470835 -10.0208 40.7611
-99.9263 -8.39832 -27.9406 0.485598 -8.93323 39.2906
-99.9238 -8.44099 -27.7477 0.497456 -8.19436 37.889
-99.9213 -8.48069 -27.5616 0.507087 -7.72289 36.596
-99.9187 -8.51855 -27.3816 0.51507 -7.44967 35.4219
-99.9162 -8.55543 -27.2072 0.521847 -7.32149 34.3615
-99.9135 -8.59195 -27.0379 0.527746 -7.29922 33.4035
-99.9109 -8.62857 -26.8731 0.533002 -7.35464 32.5349
-99.9082 -8.66561 -26.7124 0.537784 -7.46751 31.7432
-99.9055 -8.70333 -26.5555 0.542213 -7.62327 31.0173
-99.9028 -8.74191 -26.4021 0.546377 -7.81139 30.3475
-99.9 -8.78149 -26.252 0.55034 -8.02416 29.7255
-99.8973 -8.82219 -26.1048 0.554149 -8.25588 29.1445
-99.8945 -8.86409 -25.9605 0.55784 -8.50232 28.5988
-99.8917 -8.90724 -25.8188 0.56144 -8.76027 28.0836
-99.8889 -8.95171 -25.6796 0.564968 -9.02729 27.5947
-99.886 -8.99753 -25.5428 0.56844 -9.30153 27.1288
-99.8832 -9.04474 -25.4083 0.571869 -9.58153 26.6831
-99.8803 -9.09336 -25.2759 0.575262 -9.86615 26.255
-99.8774 -9.14341 -25.1457 0.578629 -10.1545 25.8426
-99.8745 -9.19492 -25.0175 0.581975 -10.4459 25.4439
-99.8716 -9.24788 -24.8912 0.585304 -10.7397 25.0576
-99.8687 -9.30232 -24.7669 0.588619 -11.0356 24.6822
-99.8657 -9.35824 -24.6444 0.591925 -11.3331 24.3166
-99.8628 -9.41566 -24.5237 0.595224 -11.632 23.9598
-99.8598 -9.47457 -24.4048 0.598516 -11.9319 23.6109
-99.8568 -9.53498 -24.2876 0.601804 -12.2328 23.2691
-99.8538 -9.5969 -24.1721 0.60509 -12.5344 22.9339
-99.8507 -9.66033 -24.0582 0.608373 -12.8367 22.6044
-99.8477 -9.72527 -23.946 0.611656 -13.1395 22.2803
-99.8446 -9.79173 -23.8354 0.614938 -13.4427 21.9611
-99.8415 -9.8597 -23.7264 0.618219 -13.7462 21.6462
-99.8384 -9.92919 -23.6189 0.621502 -14.05 21.3354
-99.8353 -10.0002 -23.513 0.624785 -14.3541 21.0282
-99.8322 -10.0727 -23.4087 0.628069 -14.6584 20.7245
-99.829 -10.1468 -23.3058 0.631354 -14.9629 20.4238
-99.8259 -10.2224 -23.2044 0.63464 -15.2675 20.1259
-99.8227 -10.2995 -23.1045 0.637927 -15.5722 19.8307
-99.8195 -10.3781 -23.0061 0.641216 -15.877 19.5378
-99.8163 -10.4582 -22.9091 0.644505 -16.182 19.2471
-99.813 -10.5399 -22.8136 0.647796 -16.487 18.9584
-99.8098 -10.6231 -22.7196 0.651087 -16.7921 18.6715
-99.8065 -10.7078 -22.6269 0.65438 -17.0973 18.3864
-99.8033 -10.7941 -22.5357 0.657673 -17.4026 18.1028
-99.8 -10.8819 -22.4459 0.660966 -17.7079 17.8206
-99.7966 -10.9712 -22.3575 0.66426 -18.0134 17.5397
-99.7933 -11.062 -22.2705 0.667554 -18.3189 17.2601
-99.79 -11.1544 -22.1849 0.670848 -18.6245 16.9815
-99.7866 -11.2482 -22.1007 0.674142 -18.9302 16.7039
-99.7832 -11.3437 -22.0178 0.677435 -19.236 16.4272
-99.7798 -11.4406 -21.9364 0.680727 -19.5419 16.1513
-99.7764 -11.5391 -21.8563 0.684019 -19.8479 15.8761
-99.773 -11.6391 -21.7776 0.687309 -20.154 15.6017
-99.7695 -11.7406 -21.7003 0.690597 -20.4603 15.3278
-99.7661 -11.8437 -21.6243 0.693884 -20.7667 15.0544
-99.7626 -11.9483 -21.5497 0.697169 -21.0732 14.7815
-99.7591 -12.0544 -21.4765 0.700451 -21.3799 14.509
-99.7556 -12.1621 -21.4047 0.703731 -21.6868 14.2369
-99.7521 -12.2713 -21.3342 0.707007 -21.9939 13.965
-99.7485 -12.382 -21.265 0.71028 -22.3011 13.6935
-99.745 -12.4943 -21.1972 0.71355 -22.6085 13.4221
-99.7414 -12.6081 -21.1308 0.716816 -22.9162 13.1508
-99.7378 -12.7235 -21.0657 0.720077 -23.2241 12.8797
-99.7342 -12.8403 -21.002 0.723334 -23.5322 12.6086
-99.7306 -12.9588 -20.9396 0.726586 -23.8405 12.3375
-99.7269 -13.0788 -20.8786 0.729833 -24.1491 12.0665
-99.7233 -13.2003 -20.819 0.733074 -24.458 11.7954
-99.7196 -13.3233 -20.7607 0.736309 -24.7671 11.5241
-99.7159 -13.4479 -20.7037 0.739538 -25.0765 11.2528
-99.7122 -13.5741 -20.6481 0.74276 -25.3863 10.9813
-99.7085 -13.7018 -20.5939 0.745976 -25.6963 10.7097
-99.7047 -13.8311 -20.541 0.749183 -26.0067 10.4378
-99.701 -13.9619 -20.4895 0.752384 -26.3174 10.1656
-99.6972 -14.0942 -20.4394 0.755576 -26.6285 9.89318
-99.6934 -14.2282 -20.3906 0.75876 -26.9399 9.62044
-99.6896 -14.3636 -20.3432 0.761935 -27.2517 9.34737
-99.6858 -14.5007 -20.2971 0.7651 -27.5639 9.07392
-99.682 -14.6393 -20.2524 0.768256 -27.8765 8.80008
-99.6781 -14.7794 -20.2091 0.771403 -28.1895 8.52582
-99.6743 -14.9212 -20.1672 0.774538 -28.5029 8.25112
-99.6704 -15.0645 -20.1266 0.777663 -28.8168 7.97594
-99.6665 -15.2093 -20.0874 0.780777 -29.1311 7.70027
-99.6626 -15.3558 -20.0496 0.78388 -29.4459 7.42407
-99.6587 -15.5038 -20.0132 0.78697 -29.7612 7.14733
-99.6547 -15.6534 -19.9781 0.790048 -30.077 6.87001
-99.6508 -15.8046 -19.9445 0.793114 -30.3933 6.59211
-99.6468 -15.9573 -19.9122 0.796166 -30.7101 6.31358
-99.6428 -16.1117 -19.8813 0.799204 -31.0274 6.03442
-99.6388 -16.2676 -19.8519 0.802229 -31.3453 5.75459
-99.6348 -16.4251 -19.8238 0.805239 -31.6638 5.47407
-99.6307 -16.5842 -19.7971 0.808234 -31.9828 5.19285
-99.6267 -16.745 -19.7719 0.811215 -32.3024 4.91089
-99.6226 -16.9073 -19.748 0.814179 -32.6226 4.62818
-99.6185 -17.0712 -19.7256 0.817127 -32.9435 4.34469
-99.6145 -17.2367 -19.7046 0.820059 -33.265 4.0604
-99.6103 -17.4038 -19.685 0.822973 -33.5871 3.77529
-99.6062 -17.5726 -19.6668 0.825871 -33.91 3.48934
-99.6021 -17.7429 -19.6501 0.82875 -34.2334 3.20252
-99.5979 -17.9149 -19.6348 0.831611 -34.5576 2.91481
-99.5938 -18.0885 -19.6209 0.834453 -34.8825 2.6262
-99.5896 -18.2637 -19.6085 0.837276 -35.2082 2.33665
-99.5854 -18.4406 -19.5976 0.840079 -35.5346 2.04614
-99.5812 -18.6191 -19.5881 0.842862 -35.8617 1.75466
-99.577 -18.7992 -19.58 0.845624 -36.1896 1.46218
-99.5727 -18.981 -19.5734 0.848365 -36.5183 1.16867
-99.5685 -19.1644 -19.5683 0.851085 -36.8479 0.874126
-99.5642 -19.3495 -19.5647 0.853782 -37.1782 0.578509
-99.5599 -19.5362 -19.5625 0.856457 -37.5094 0.281802
-99.5557 -19.7246 -19.5619 0.859109 -37.8415 -0.0160195
-99.5514 -19.9146 -19.5627 0.861737 -38.1744 -0.314978
-99.547 -20.1063 -19.565 0.864341 -38.5082 -0.615097
-99.5427 -20.2997 -19.5688 0.866921 -38.843 -0.916401
-99.5384 -20.4947 -19.5742 0.869476 -39.1787 -1.21891
-99.534 -20.6915 -19.581 0.872005 -39.5153 -1.52266
-99.5297 -20.8899 -19.5894 0.874508 -39.8529 -1.82766
-99.5253 -21.09 -19.5993 0.876984 -40.1915 -2.13394
-99.5209 -21.2918 -19.6107 0.879434 -40.5311 -2.44153
-99.5165 -21.4953 -19.6237 0.881855 -40.8717 -2.75046
-99.5121 -21.7005 -19.6383 0.884249 -41.2134 -3.06073
-99.5076 -21.9074 -19.6543 0.886614 -41.5562 -3.3724
-99.5032 -22.1161 -19.672 0.888949 -41.9 -3.68547
-99.4987 -22.3264 -19.6912 0.891255 -42.245 -3.99997
-99.4943 -22.5385 -19.712 0.89353 -42.591 -4.31594
-99.4898 -22.7524 -19.7343 0.895775 -42.9383 -4.6334
-99.4853 -22.9679 -19.7583 0.897988 -43.2867 -4.95238
-99.4808 -23.1852 -19.7839 0.900169 -43.6363 -5.2729
-99.4763 -23.4043 -19.811 0.902317 -43.9871 -5.595
-99.4718 -23.6251 -19.8398 0.904432 -44.3391 -5.9187
-99.4673 -23.8477 -19.8702 0.906513 -44.6924 -6.24404
-99.4627 -24.072 -19.9023 0.908559 -45.047 -6.57103
-99.4582 -24.2981 -19.9359 0.910571 -45.4029 -6.89972
-99.4536 -24.5261 -19.9713 0.912547 -45.7602 -7.23013
-99.4491 -24.7557 -20.0082 0.914487 -46.1187 -7.56229
-99.4445 -24.9872 -20.0469 0.916389 -46.4787 -7.89625
-99.4399 -25.2205 -20.0872 0.918254 -46.8401 -8.23202
-99.4353 -25.4556 -20.1292 0.920081 -47.2029 -8.56964
-99.4307 -25.6926 -20.1729 0.921869 -47.5672 -8.90915
-99.4261 -25.9313 -20.2183 0.923617 -47.9329 -9.25058
-99.4215 -26.1719 -20.2654 0.925325 -48.3002 -9.59397
-99.4168 -26.4143 -20.3142 0.926991 -48.669 -9.93935
-99.4122 -26.6586 -20.3648 0.928617 -49.0394 -10.2868
-99.4076 -26.9047 -20.4171 0.930199 -49.4114 -10.6362
-99.4029 -27.1527 -20.4712 0.931739 -49.785 -10.9878
-99.3982 -27.4026 -20.527 0.933234 -50.1602 -11.3415
-99.3936 -27.6543 -20.5846 0.934685 -50.5372 -11.6974
-99.3889 -27.9079 -20.644 0.93609 -50.9158 -12.0555
-99.3842 -28.1635 -20.7051 0.937449 -51.2962 -12.4159
-99.3795 -28.4209 -20.7681 0.938761 -51.6784 -12.7785
-99.3748 -28.6803 -20.8329 0.940025 -52.0624 -13.1436
-99.3701 -28.9415 -20.8995 0.941241 -52.4482 -13.511
-99.3654 -29.2047 -20.968 0.942406 -52.8359 -13.8808
-99.3607 -29.4699 -21.0384 0.943522 -53.2256 -14.2531
-99.356 -29.737 -21.1106 0.944585 -53.6172 -14.628
-99.3512 -30.0061 -21.1846 0.945597 -54.0107 -15.0054
-99.3465 -30.2771 -21.2606 0.946555 -54.4063 -15.3854
-99.3418 -30.5501 -21.3385 0.947459 -54.8039 -15.7682
-99.337 -30.8251 -21.4183 0.948308 -55.2037 -16.1536
-99.3323 -31.1022 -21.5 0.949101 -55.6055 -16.5418
-99.3275 -31.3812 -21.5837 0.949837 -56.0096 -16.9329
-99.3228 -31.6623 -21.6694 0.950514 -56.4159 -17.3268
-99.318 -31.9454 -21.757 0.951132 -56.8244 -17.7237
-99.3133 -32.2305 -21.8466 0.95169 -57.2352 -18.1235
-99.3085 -32.5177 -21.9382 0.952186 -57.6484 -18.5265
-99.3038 -32.807 -22.0319 0.95262 -58.0639 -18.9325
-99.299 -33.0983 -22.1275 0.95299 -58.4819 -19.3417
-99.2942 -33.3918 -22.2253 0.953294 -58.9024 -19.7542
-99.2895 -33.6874 -22.3251 0.953533 -59.3253 -20.17
-99.2847 -33.9851 -22.427 0.953704 -59.7509 -20.5891
-99.2799 -34.2849 -22.531 0.953805 -60.1791 -21.0117
-99.2752 -34.5869 -22.6371 0.953837 -60.61 -21.4378
-99.2704 -34.891 -22.7454 0.953797 -61.0436 -21.8675
-99.2656 -35.1973 -22.8558 0.953684 -61.48 -22.3009
-99.2609 -35.5058 -22.9684 0.953496 -61.9192 -22.738
-99.2561 -35.8165 -23.0832 0.953233 -62.3613 -23.1789
-99.2513 -36.1294 -23.2002 0.952892 -62.8063 -23.6237
-99.2466 -36.4445 -23.3194 0.952471 -63.2544 -24.0726
-99.2418 -36.7619 -23.4409 0.95197 -63.7055 -24.5254
-99.237 -37.0816 -23.5646 0.951387 -64.1598 -24.9825
-99.2323 -37.4035 -23.6907 0.950719 -64.6173 -25.4437
-99.2275 -37.7278 -23.8191 0.949965 -65.078 -25.9094
-99.2228 -38.0543 -23.9498 0.949123 -65.542 -26.3794
-99.218 -38.3832 -24.0829 0.948191 -66.0094 -26.854
-99.2133 -38.7144 -24.2183 0.947168 -66.4803 -27.3332
-99.2086 -39.048 -24.3562 0.946051 -66.9547 -27.8172
-99.2038 -39.384 -24.4965 0.944838 -67.4328 -28.306
-99.1991 -39.7223 -24.6393 0.943526 -67.9145 -28.7998
-99.1944 -40.0631 -24.7845 0.942115 -68.3999 -29.2987
-99.1897 -40.4063 -24.9323 0.940601 -68.8892 -29.8027
-99.185 -40.752 -25.0825 0.938981 -69.3825 -30.3121
-99.1803 -41.1002 -25.2354 0.937255 -69.8797 -30.8269
-99.1756 -41.4508 -25.3908 0.935418 -70.381 -31.3473
-99.171 -41.804 -25.5489 0.933468 -70.8865 -31.8734
-99.1663 -42.1597 -25.7095 0.931404 -71.3962 -32.4053
-99.1616 -42.5179 -25.8729 0.929221 -71.9103 -32.9432
-99.157 -42.8788 -26.039 0.926916 -72.4289 -33.4873
-99.1524 -43.2422 -26.2078 0.924488 -72.952 -34.0376
-99.1478 -43.6083 -26.3794 0.921932 -73.4798 -34.5944
-99.1431 -43.977 -26.5537 0.919246 -74.0123 -35.1577
-99.1386 -44.3484 -26.7309 0.916425 -74.5496 -35.7279
-99.134 -44.7225 -26.911 0.913467 -75.092 -36.3049
-99.1294 -45.0994 -27.094 0.910369 -75.6394 -36.8891
-99.1249 -45.4789 -27.2799 0.907125 -76.192 -37.4806
-99.1204 -45.8613 -27.4688 0.903732 -76.75 -38.0796
-99.1158 -46.2464 -27.6607 0.900186 -77.3134 -38.6863
-99.1114 -46.6344 -27.8557 0.896483 -77.8824 -39.3008
-99.1069 -47.0253 -28.0537 0.892618 -78.4571 -39.9235
-99.1024 -47.419 -28.2549 0.888587 -79.0377 -40.5544
-99.098 -47.8156 -28.4593 0.884384 -79.6242 -41.194
-99.0936 -48.2152 -28.6668 0.880006 -80.217 -41.8423
-99.0892 -48.6178 -28.8777 0.875445 -80.816 -42.4996
-99.0848 -49.0234 -29.0918 0.870698 -81.4215 -43.1663
-99.0805 -49.432 -29.3093 0.865757 -82.0337 -43.8425
-99.0762 -49.8437 -29.5303 0.860618 -82.6526 -44.5286
-99.0719 -50.2585 -29.7546 0.855273 -83.2786 -45.2248
-99.0676 -50.6765 -29.9825 0.849716 -83.9117 -45.9314
-99.0634 -51.0977 -30.2139 0.84394 -84.5523 -46.6488
-99.0592 -51.522 -30.449 0.837937 -85.2004 -47.3772
-99.055 -51.9497 -30.6877 0.831701 -85.8563 -48.1171
-99.0509 -52.3806 -30.9302 0.825222 -86.5203 -48.8688
-99.0468 -52.8149 -31.1764 0.818493 -87.1925 -49.6327
-99.0427 -53.2525 -31.4265 0.811505 -87.8732 -50.4091
-99.0386 -53.6936 -31.6805 0.804248 -88.5627 -51.1986
-99.0346 -54.1382 -31.9385 0.796712 -89.2611 -52.0014
-99.0307 -54.5862 -32.2005 0.788887 -89.9689 -52.8181
-99.0267 -55.0379 -32.4667 0.780762 -90.6862 -53.6492
-99.0229 -55.4931 -32.737 0.772325 -91.4134 -54.4951
-99.019 -55.952 -33.0116 0.763565 -92.1508 -55.3565
-99.0152 -56.4146 -33.2906 0.754468 -92.8987 -56.2337
-99.0115 -56.881 -33.574 0.745021 -93.6574 -57.1275
-99.0078 -57.3512 -33.8618 0.73521 -94.4273 -58.0384
-99.0041 -57.8253 -34.1543 0.725018 -95.2088 -58.9671
-99.0005 -58.3033 -34.4515 0.714431 -96.0023 -59.9143
-98.997 -58.7853 -34.7535 0.70343 -96.8082 -60.8807
-98.9935 -59.2714 -35.0603 0.691998 -97.6268 -61.8671
-98.9901 -59.7616 -35.3722 0.680115 -98.4588 -62.8742
-98.9867 -60.256 -35.6891 0.667761 -99.3044 -63.903
-98.9834 -60.7546 -36.0112 0.654913 -100.164 -64.9543
-98.9801 -61.2576 -36.3386 0.641549 -101.039 -66.0291
-98.977 -61.765 -36.6715 0.627642 -101.929 -67.1284
-98.9739 -62.2769 -37.0099 0.613168 -102.835 -68.2533
-98.9708 -62.7934 -37.354 0.598096 -103.757 -69.4049
-98.9679 -63.3145 -37.704 0.582396 -104.697 -70.5846
-98.965 -63.8403 -38.0599 0.566036 -105.654 -71.7936
-98.9622 -64.371 -38.4219 0.548979 -106.631 -73.0332
-98.9595 -64.9066 -38.7902 0.531189 -107.626 -74.3051
-98.9569 -65.4473 -39.165 0.512624 -108.642 -75.6108
-98.9544 -65.9931 -39.5463 0.493239 -109.679 -76.952
-98.952 -66.5441 -39.9345 0.472988 -110.738 -78.3307
-98.9497 -67.1004 -40.3296 0.451818 -111.819 -79.7487
-98.9475 -67.6623 -40.732 0.429674 -112.925 -81.2083
-98.9454 -68.2297 -41.1417 0.406494 -114.057 -82.7117
-98.9434 -68.8029 -41.5591 0.382212 -115.214 -84.2615
-98.9415 -69.3819 -41.9843 0.356756 -116.399 -85.8604
-98.9398 -69.9669 -42.4177 0.330047 -117.614 -87.5113
-98.9382 -70.558 -42.8594 0.301999 -118.859 -89.2175
-98.9368 -71.1554 -43.3099 0.272515 -120.136 -90.9824
-98.9355 -71.7594 -43.7693 0.241493 -121.447 -92.81
-98.9344 -72.3699 -44.238 0.208816 -122.794 -94.7042
-98.9334 -72.9873 -44.7163 0.174356 -124.179 -96.6699
-98.9326 -73.6117 -45.2047 0.137974 -125.603 -98.7119
-98.9321 -74.2434 -45.7035 0.0995093 -127.07 -100.836
-98.9317 -74.8824 -46.2131 0.0587881 -128.582 -103.048
-98.9315 -75.5292 -46.7339 0.0156128 -130.142 -105.356
-98.9315 -76.1839 -47.2666 -0.0302378 -131.753 -107.766
-98.9318 -76.8467 -47.8116 -0.0790135 -133.417 -110.287
-98.9323 -77.5181 -48.3695 -0.130997 -135.14 -112.929
-98.9331 -78.1981 -48.9409 -0.186511 -136.925 -115.703
-98.9342 -78.8873 -49.5265 -0.245923 -138.776 -118.621
-98.9355 -79.5859 -50.1271 -0.309657 -140.698 -121.697
-98.9372 -80.2943 -50.7435 -0.3782 -142.698 -124.947
-98.9393 -81.0129 -51.3766 -0.452121 -144.781 -128.389
-98.9418 -81.7421 -52.0274 -0.532083 -146.954 -132.045
-98.9446 -82.4825 -52.6971 -0.618868 -149.225 -135.938
-98.948 -83.2344 -53.3868 -0.713404 -151.603 -140.098
-98.9518 -83.9985 -54.0981 -0.816799 -154.097 -144.559
-98.9561 -84.7754 -54.8325 -0.930392 -156.719 -149.361
-98.9611 -85.5657 -55.5918 -1.05581 -159.482 -154.553
-98.9667 -86.3703 -56.378 -1.19508 -162.4 -160.194
-98.973 -87.1898 -57.1937 -1.35069 -165.491 -166.356
-98.9802 -88.0252 -58.0416 -1.52583 -168.773 -173.13
-98.9883 -88.8775 -58.9251 -1.72458 -172.268 -180.628
-98.9974 -89.7479 -59.848 -1.95229 -176.003 -188.997
-99.0078 -90.6376 -60.8151 -2.21611 -180.004 -198.428
-99.0196 -91.548 -61.8324 -2.52585 -184.304 -209.175
-99.0331 -92.4807 -62.907 -2.89536 -188.936 -221.591
-99.0486 -93.4375 -64.0484 -3.34486 -193.928 -236.173
-99.0665 -94.4201 -65.269 -3.90526 -199.295 -253.659
-99.0876 -95.4305 -66.5853 -4.62637 -205.003 -275.191
-99.1128 -96.4703 -68.0212 -5.59442 -210.886 -302.659
-99.1436 -97.5395 -69.6125 -6.97368 -216.378 -339.467
-99.1826 -98.6342 -71.4169 -9.12308 -219.566 -392.509
-99.2349 -99.7352 -73.5393 -13.0109 -212.77 -478.359
-99.3128 -100.761 -76.2042 -22.3084 -149.782 -646.158
-99.4585 -101.225 -80.0101 -44.6799 331.3 -785.527
-99.7574 -97.4463 -84.0176 -52.3287 708.246 -664.498
-99.9826 -94.1344 -86.6685 -42.9673 640.496 -499.149
-100.187 -91.0398 -89.0101 -39.9554 607.42 -454.964
-100.382 -88.0596 -91.2184 -38.4394 588.93 -434.214
-100.572 -85.1502 -93.3523 -37.5131 577.05 -422.02
-100.757 -82.289 -95.4386 -36.8833 568.729 -413.941
-100.94 -79.4629 -97.4918 -36.425 562.553 -408.173
-101.122 -76.6634 -99.5204 -36.0752 557.777 -403.837
-101.301 -73.8851 -101.53 -35.7988 553.967 -400.453
-101.48 -71.1237 -103.525 -35.5743 550.852 -397.734
-101.657 -68.3765 -105.507 -35.3881 548.257 -395.499
-101.833 -65.6412 -107.48 -35.2308 546.059 -393.629
-102.009 -62.9159 -109.444 -35.096 544.173 -392.04
-102.184 -60.1994 -111.4 -34.979 542.537 -390.672
-102.359 -57.4905 -113.35 -34.8764 541.103 -389.481
-102.533 -54.7884 -115.295 -34.7855 539.835 -388.435
-102.707 -52.0922 -117.235 -34.7042 538.707 -387.509
-102.88 -49.4013 -119.17 -34.6311 537.696 -386.682
-103.053 -46.7152 -121.102 -34.5649 536.784 -385.94
-103.226 -44.0335 -123.03 -34.5045 535.959 -385.269
-103.398 -41.3556 -124.954 -34.4492 535.207 -384.66
-103.57 -38.6814 -126.876 -34.3982 534.519 -384.104
-103.742 -36.0104 -128.795 -34.351 533.888 -383.595
-103.914 -33.3425 -130.712 -34.3072 533.306 -383.127
-104.085 -30.6774 -132.627 -34.2664 532.769 -382.694
-104.256 -28.0148 -134.539 -34.2281 532.27 -382.294
-104.428 -25.3547 -136.45 -34.1923 531.807 -381.922
-104.598 -22.6968 -138.358 -34.1586 531.375 -381.575
-104.769 -20.0409 -140.265 -34.1267 530.971 -381.251
-104.94 -17.387 -142.171 -34.0967 530.592 -380.948
-105.11 -14.735 -144.075 -34.0682 530.237 -380.663
-105.28 -12.0847 -145.977 -34.0413 529.902 -380.396
-105.451 -9.43598 -147.879 -34.0157 529.587 -380.143
-105.621 -6.78881 -149.779 -33.9913 529.289 -379.905
-105.79 -4.14309 -151.678 -33.9682 529.008 -379.68
-105.96 -1.49873 -153.576 -33.9461 528.741 -379.467
-106.13 1.14432 -155.473 -33.9251 528.488 -379.265
-106.299 3.78614 -157.368 -33.905 528.247 -379.073
-106.469 6.42679 -159.263 -33.8859 528.018 -378.89
-106.638 9.06632 -161.157 -33.8676 527.8 -378.716
-106.808 11.7048 -163.05 -33.8501 527.591 -378.55
-106.977 14.3422 -164.943 -33.8333 527.392 -378.392
-107.146 16.9787 -166.834 -33.8172 527.202 -378.241
-107.315 19.6143 -168.725 -33.8018 527.02 -378.096
-107.484 22.2489 -170.615 -33.7871 526.846 -377.957
-107.653 24.8827 -172.505 -33.7729 526.679 -377.825
-107.822 27.5157 -174.394 -33.7593 526.518 -377.697
-107.99 30.1479 -176.282 -33.7462 526.364 -377.575
-108.159 32.7793 -178.169 -33.7336 526.216 -377.458
-108.328 35.4101 -180.056 -33.7215 526.074 -377.345
-108.496 38.0401 -181.943 -33.7098 525.936 -377.237
-108.665 40.6694 -183.829 -33.6986 525.804 -377.132
-108.833 43.2981 -185.714 -33.6877 525.676 -377.031
-109.002 45.9262 -187.599 -33.6772 525.553 -376.934
-109.17 48.5537 -189.483 -33.6671 525.435 -376.84
-109.338 51.1805 -191.367 -33.6574 525.32 -376.75
-109.507 53.8069 -193.251 -33.6479 525.209 -376.663
-109.675 56.4326 -195.134 -33.6388 525.101 -376.578
-109.843 59.0579 -197.017 -33.6299 524.998 -376.496
-110.011 61.6826 -198.899 -33.6214 524.897 -376.417
-110.179 64.3068 -200.781 -33.6131 524.799 -376.341
-110.347 66.9306 -202.662 -33.6051 524.705 -376.267
-110.515 69.5539 -204.544 -33.5973 524.613 -376.195
-110.683 72.1767 -206.424 -33.5897 524.525 -376.125
-110.851 74.7991 -208.305 -33.5824 524.438 -376.057
-111.019 77.4211 -210.185 -33.5753 524.354 -375.992
-111.187 80.0427 -212.065 -33.5683 524.273 -375.928
-111.355 82.6638 -213.944 -33.5616 524.194 -375.866
-111.523 85.2846 -215.823 -33.5551 524.117 -375.806
-111.69 87.905 -217.702 -33.5488 524.042 -375.747
-111.858 90.525 -219.581 -33.5426 523.969 -375.691
-112.026 93.1447 -221.459 -33.5366 523.898 -375.635
-112.193 95.764 -223.337 -33.5307 523.829 -375.581
-112.361 98.383 -225.215 -33.5251 523.762 -375.529
-112.529 101.002 -227.092 -33.5195 523.696 -375.478
-112.696 103.62 -228.97 -33.5141 523.632 -375.428
-112.864 106.238 -230.847 -33.5089 523.57 -375.38
-113.031 108.856 -232.724 -33.5037 523.509 -375.332
-113.199 111.473 -234.6 -33.4988 523.45 -375.286
-113.366 114.09 -236.476 -33.4939 523.392 -375.241
-113.534 116.707 -238.352 -33.4891 523.335 -375.197
-113.701 119.324 -240.228 -33.4845 523.28 -375.154
-113.869 121.94 -242.104 -33.48 523.226 -375.113
-114.036 124.556 -243.979 -33.4756 523.174 -375.072
-114.203 127.172 -245.855 -33.4713 523.122 -375.032
-114.371 129.787 -247.73 -33.4671 523.072 -374.993
-114.538 132.402 -249.605 -33.463 523.022 -374.955
-114.705 135.017 -251.479 -33.4589 522.974 -374.917
-114.873 137.632 -253.354 -33.455 522.927 -374.881
-115.04 140.246 -255.228 -33.4512 522.881 -374.845
-115.207 142.861 -257.102 -33.4474 522.836 -374.81
-115.374 145.475 -258.976 -33.4438 522.791 -374.776
-115.542 148.089 -260.85 -33.4402 522.748 -374.743
-115.709 150.702 -262.724 -33.4367 522.706 -374.71
-115.876 153.316 -264.597 -33.4333 522.664 -374.678
-116.043 155.929 -266.47 -33.4299 522.623 -374.647
-116.21 158.542 -268.344 -33.4266 522.583 -374.616
-116.377 161.155 -270.217 -33.4234 522.544 -374.586
-116.545 163.767 -272.089 -33.4203 522.506 -374.556
-116.712 166.38 -273.962 -33.4172 522.468 -374.527
-116.879 168.992 -275.835 -33.4141 522.431 -374.499
-117.046 171.604 -277.707 -33.4112 522.395 -374.471
-117.213 174.216 -279.579 -33.4083 522.359 -374.444
-117.38 176.828 -281.452 -33.4055 522.324 -374.417
-117.547 179.439 -283.324 -33.4027 522.29 -374.391
-117.714 182.051 -285.196 -33.3999 522.257 -374.365
-117.881 184.662 -287.067 -33.3973 522.224 -374.34
-118.048 187.273 -288.939 -33.3946 522.191 -374.315
-118.215 189.884 -290.81 -33.3921 522.159 -374.29
-118.382 192.494 -292.682 -33.3895 522.128 -374.266
-118.549 195.105 -294.553 -33.3871 522.097 -374.243
-118.716 197.715 -296.424 -33.3846 522.067 -374.22
-118.883 200.326 -298.295 -33.3822 522.037 -374.197
-119.049 202.936 -300.166 -33.3799 522.008 -374.175
-119.216 205.546 -302.037 -33.3776 521.979 -374.153
-119.383 208.156 -303.908 -33.3753 521.951 -374.131
-119.55 210.765 -305.778 -33.3731 521.923 -374.11
-119.717 213.375 -307.649 -33.371 521.896 -374.089
-119.884 215.984 -309.519 -33.3688 521.869 -374.069
-120.051 218.594 -311.39 -33.3667 521.843 -374.048
-120.217 221.203 -313.26 -33.3647 521.817 -374.029
-120.384 223.812 -315.13 -33.3626 521.791 -374.009
-120.551 226.421 -317 -33.3606 521.766 -373.99
-120.718 229.029 -318.87 -33.3587 521.741 -373.971
-120.885 231.638 -320.74 -33.3567 521.717 -373.952
-121.051 234.247 -322.609 -33.3549 521.693 -373.934
-121.218 236.855 -324.479 -33.353 521.669 -373.916
-121.385 239.463 -326.348 -33.3512 521.646 -373.898
-121.552 242.071 -328.218 -33.3494 521.623 -373.881
-121.719 244.679 -330.087 -33.3476 521.6 -373.864
-121.885 247.287 -331.956 -33.3458 521.578 -373.847
-122.052 249.895 -333.826 -33.3441 521.556 -373.83
-122.219 252.503 -335.695 -33.3424 521.534 -373.814
-122.385 255.111 -337.564 -33.3408 521.513 -373.798
-122.552 257.718 -339.433 -33.3391 521.492 -373.782
-122.719 260.326 -341.302 -33.3375 521.471 -373.766
-122.885 262.933 -343.17 -33.3359 521.451 -373.75
-123.052 265.54 -345.039 -33.3344 521.431 -373.735
-123.219 268.147 -346.908 -33.3329 521.411 -373.72
-123.385 270.754 -348.776 -33.3313 521.391 -373.705
-123.552 273.361 -350.645 -33.3298 521.372 -373.691
-123.719 275.968 -352.513 -33.3284 521.353 -373.676
-123.885 278.575 -354.382 -33.3269 521.334 -373.662
-124.052 281.181 -356.25 -33.3255 521.316 -373.648
-124.219 283.788 -358.118 -33.3241 521.297 -373.634
-124.385 286.394 -359.986 -33.3227 521.279 -373.62
-124.552 289.001 -361.854 -33.3214 521.262 -373.607
-124.718 291.607 -363.722 -33.32 521.244 -373.594
-124.885 294.213 -365.59 -33.3187 521.227 -373.581
-125.052 296.819 -367.458 -33.3174 521.21 -373.568
-125.218 299.425 -369.326 -33.3161 521.193 -373.555
-125.385 302.031 -371.194 -33.3148 521.176 -373.542
-125.551 304.637 -373.061 -33.3136 521.16 -373.53
-125.718 307.243 -374.929 -33.3123 521.143 -373.518
-125.885 309.848 -376.796 -33.3111 521.127 -373.505
-126.051 312.454 -378.664 -33.3099 521.112 -373.494
-126.218 315.059 -380.531 -33.3087 521.096 -373.482
-126.384 317.665 -382.399 -33.3076 521.081 -373.47
-126.551 320.27 -384.266 -33.3064 521.065 -373.459
-126.717 322.875 -386.133 -33.3053 521.05 -373.447
-126.884 325.481 -388.001 -33.3042 521.035 -373.436
-127.05 328.086 -389.868 -33.303 521.021 -373.425
-127.217 330.691 -391.735 -33.302 521.006 -373.414
-127.383 333.296 -393.602 -33.3009 520.992 -373.403
-127.55 335.901 -395.469 -33.2998 520.978 -373.392
-127.716 338.506 -397.336 -33.2988 520.964 -373.382
-127.883 341.11 -399.203 -33.2977 520.95 -373.371
-128.049 343.715 -401.07 -33.2967 520.936 -373.361
-128.216 346.32 -402.936 -33.2957 520.923 -373.351
-128.382 348.924 -404.803 -33.2947 520.909 -373.341
-128.549 351.529 -406.67 -33.2937 520.896 -373.331
-128.715 354.133 -408.536 -33.2927 520.883 -373.321
-128.882 356.738 -410.403 -33.2918 520.87 -373.311
-129.048 359.342 -412.269 -33.2908 520.857 -373.302
-129.215 361.946 -414.136 -33.2899 520.845 -373.292
-129.381 364.55 -416.002 -33.2889 520.832 -373.283
-129.547 367.155 -417.869 -33.288 520.82 -373.273
-129.714 369.759 -419.735 -33.2871 520.808 -373.264
-129.88 372.363 -421.601 -33.2862 520.795 -373.255
-130.047 374.967 -423.468 -33.2853 520.783 -373.246
-130.213 377.571 -425.334 -33.2845 520.772 -373.237
-130.38 380.174 -427.2 -33.2836 520.76 -373.228
-130.546 382.778 -429.066 -33.2827 520.748 -373.22
-130.712 385.382 -430.932 -33.2819 520.737 -373.211
-130.879 387.985 -432.798 -33.2811 520.726 -373.203
-131.045 390.589 -434.664 -33.2802 520.714 -373.194
-131.212 393.193 -436.53 -33.2794 520.703 -373.186
-131.378 395.796 -438.396 -33.2786 520.692 -373.178
-131.544 398.4 -440.262 -33.2778 520.682 -373.17
-131.711 401.003 -442.128 -33.277 520.671 -373.161
-131.877 403.606 -443.994 -33.2762 520.66 -373.153
-132.044 406.21 -445.859 -33.2755 520.65 -373.146
-132.21 408.813 -447.725 -33.2747 520.639 -373.138
-132.376 411.416 -449.591 -33.2739 520.629 -373.13
-132.543 414.019 -451.456 -33.2732 520.619 -373.122
-132.709 416.622 -453.322 -33.2725 520.609 -373.115
-132.875 419.225 -455.188 -33.2717 520.599 -373.107
-133.042 421.828 -457.053 -33.271 520.589 -373.1
-133.208 424.431 -458.918 -33.2703 520.579 -373.092
-133.374 427.034 -460.784 -33.2696 520.569 -373.085
-133.541 429.637 -462.649 -33.2689 520.56 -373.078
-133.707 432.239 -464.515 -33.2682 520.55 -373.071
-133.873 434.842 -466.38 -33.2675 520.541 -373.064
-134.04 437.445 -468.245 -33.2668 520.531 -373.057
-134.206 440.048 -470.111 -33.2661 520.522 -373.05
-134.372 442.65 -471.976 -33.2655 520.513 -373.043
-134.539 445.253 -473.841 -33.2648 520.504 -373.036
-134.705 447.855 -475.706 -33.2642 520.495 -373.029
-134.871 450.458 -477.571 -33.2635 520.486 -373.023
-135.038 453.06 -479.436 -33.2629 520.477 -373.016
-135.204 455.662 -481.302 -33.2623 520.468 -373.01
-135.37 458.265 -483.167 -33.2616 520.46 -373.003
-135.537 460.867 -485.032 -33.261 520.451 -372.997
-135.703 463.469 -486.897 -33.2604 520.443 -372.99
-135.869 466.071 -488.761 -33.2598 520.434 -372.984
-136.036 468.674 -490.626 -33.2592 520.426 -372.978
-136.202 471.276 -492.491 -33.2586 520.418 -372.972
-136.368 473.878 -494.356 -33.258 520.409 -372.965
-136.534 476.48 -496.221 -33.2574 520.401 -372.959
-136.701 479.082 -498.086 -33.2568 520.393 -372.953
-136.867 481.684 -499.95 -33.2563 520.385 -372.947
-137.033 484.286 -501.815 -33.2557 520.377 -372.941
-137.2 486.887 -503.68 -33.2551 520.369 -372.936
-137.366 489.489 -505.544 -33.2546 520.362 -372.93
-137.532 492.091 -507.409 -33.254 520.354 -372.924
-137.698 494.693 -509.274 -33.2535 520.346 -372.918
-137.865 497.295 -511.138 -33.2529 520.339 -372.913
-138.031 499.896 -513.003 -33.2524 520.331 -372.907
-138.197 502.498 -514.867 -33.2519 520.324 -372.901
-138.363 505.099 -516.732 -33.2513 520.317 -372.896
-138.53 507.701 -518.596 -33.2508 520.309 -372.89
-138.696 510.303 -520.461 -33.2503 520.302 -372.885
-138.862 512.904 -522.325 -33.2498 520.295 -372.88
-139.028 515.505 -524.19 -33.2493 520.288 -372.874
-139.195 518.107 -526.054 -33.2488 520.281 -372.869
-139.361 520.708 -527.918 -33.2483 520.274 -372.864
-139.527 523.31 -529.783 -33.2478 520.267 -372.859
-139.693 525.911 -531.647 -33.2473 520.26 -372.853
-139.86 528.512 -533.511 -33.2468 520.253 -372.848
-140.026 531.113 -535.375 -33.2463 520.246 -372.843
-140.192 533.715 -537.24 -33.2458 520.239 -372.838
-140.358 536.316 -539.104 -33.2454 520.233 -372.833
-140.525 538.917 -540.968 -33.2449 520.226 -372.828
-140.691 541.518 -542.832 -33.2444 520.22 -372.823
-140.857 544.119 -544.696 -33.244 520.213 -372.819
-141.023 546.72 -546.56 -33.2435 520.207 -372.814
-141.189 549.321 -548.424 -33.2431 520.2 -372.809
-141.356 551.922 -550.288 -33.2426 520.194 -372.804
-141.522 554.523 -552.152 -33.2422 520.188 -372.8
-141.688 557.124 -554.016 -33.2417 520.181 -372.795
-141.854 559.725 -555.88 -33.2413 520.175 -372.79
-142.021 562.326 -557.744 -33.2408 520.169 -372.786
-142.187 564.927 -559.608 -33.2404 520.163 -372.781
-142.353 567.528 -561.472 -33.24 520.157 -372.777
-142.519 570.128 -563.336 -33.2396 520.151 -372.772
-142.685 572.729 -565.2 -33.2391 520.145 -372.768
-142.851 575.33 -567.064 -33.2387 520.139 -372.763
-143.018 577.93 -568.927 -33.2383 520.133 -372.759
-143.184 580.531 -570.791 -33.2379 520.127 -372.755
-143.35 583.132 -572.655 -33.2375 520.121 -372.75
-143.516 585.732 -574.519 -33.2371 520.116 -372.746
-143.682 588.333 -576.382 -33.2367 520.11 -372.742
-143.849 590.933 -578.246 -33.2363 520.104 -372.737
-144.015 593.534 -580.11 -33.2359 520.099 -372.733
-144.181 596.134 -581.973 -33.2355 520.093 -372.729
-144.347 598.735 -583.837 -33.2351 520.088 -372.725
-144.513 601.335 -585.701 -33.2347 520.082 -372.721
-144.68 603.936 -587.564 -33.2343 520.077 -372.717
-144.846 606.536 -589.428 -33.234 520.071 -372.713
-145.012 609.136 -591.291 -33.2336 520.066 -372.709
-145.178 611.737 -593.155 -33.2332 520.061 -372.705
-145.344 614.337 -595.018 -33.2328 520.055 -372.701
-145.51 616.937 -596.882 -33.2325 520.05 -372.697
-145.677 619.537 -598.745 -33.2321 520.045 -372.693
-145.843 622.138 -600.609 -33.2317 520.04 -372.689
-146.009 624.738 -602.472 -33.2314 520.034 -372.685
-146.175 627.338 -604.336 -33.231 520.029 -372.682
-146.341 629.938 -606.199 -33.2307 520.024 -372.678
-146.507 632.538 -608.062 -33.2303 520.019 -372.674
-146.673 635.138 -609.926 -33.23 520.014 -372.67
-146.84 637.738 -611.789 -33.2296 520.009 -372.667
-147.006 640.338 -613.652 -33.2293 520.004 -372.663
-147.172 642.938 -615.516 -33.2289 520 -372.659
-147.338 645.538 -617.379 -33.2286 519.995 -372.656
-147.504 648.138 -619.242 -33.2282 519.99 -372.652
-147.67 650.738 -621.106 -33.2279 519.985 -372.649
-147.836 653.338 -622.969 -33.2276 519.98 -372.645
-148.003 655.938 -624.832 -33.2273 519.976 -372.641
-148.169 658.538 -626.695 -33.2269 519.971 -372.638
-148.335 661.138 -628.558 -33.2266 519.966 -372.635
-148.501 663.738 -630.422 -33.2263 519.962 -372.631
-148.667 666.337 -632.285 -33.226 519.957 -372.628
-148.833 668.937 -634.148 -33.2256 519.952 -372.624
-148.999 671.537 -636.011 -33.2253 519.948 -372.621
-149.165 674.137 -637.874 -33.225 519.943 -372.618
-149.332 676.736 -639.737 -33.2247 519.939 -372.614
-149.498 679.336 -641.6 -33.2244 519.934 -372.611
-149.664 681.936 -643.463 -33.2241 519.93 -372.608
-149.83 684.535 -645.326 -33.2238 519.926 -372.604
-149.996 687.135 -647.189 -33.2235 519.921 -372.601
-150.162 689.735 -649.052 -33.2232 519.917 -372.598
-150.328 692.334 -650.915 -33.2229 519.913 -372.595
-150.494 694.934 -652.778 -33.2226 519.908 -372.591
-150.661 697.533 -654.641 -33.2223 519.904 -372.588
-150.827 700.133 -656.504 -33.222 519.9 -372.585
-150.993 702.732 -658.367 -33.2217 519.896 -372.582
-151.159 705.332 -660.23 -33.2214 519.892 -372.579
-151.325 707.931 -662.093 -33.2211 519.887 -372.576
-151.491 710.531 -663.956 -33.2208 519.883 -372.573
-151.657 713.13 -665.819 -33.2206 519.879 -372.57
-151.823 715.729 -667.681 -33.2203 519.875 -372.567
-151.989 718.329 -669.544 -33.22 519.871 -372.564
-152.155 720.928 -671.407 -33.2197 519.867 -372.561
-152.322 723.527 -673.27 -33.2194 519.863 -372.558
-152.488 726.127 -675.133 -33.2192 519.859 -372.555
-152.654 728.726 -676.995 -33.2189 519.855 -372.552
-152.82 731.325 -678.858 -33.2186 519.851 -372.549
-152.986 733.925 -680.721 -33.2184 519.847 -372.546
-153.152 736.524 -682.584 -33.2181 519.844 -372.543
-153.318 739.123 -684.446 -33.2178 519.84 -372.54
-153.484 741.722 -686.309 -33.2176 519.836 -372.538
-153.65 744.321 -688.172 -33.2173 519.832 -372.535
-153.816 746.921 -690.034 -33.217 519.828 -372.532
-153.982 749.52 -691.897 -33.2168 519.825 -372.529
-154.149 752.119 -693.76 -33.2165 519.821 -372.526
-154.315 754.718 -695.622 -33.2163 519.817 -372.524
-154.481 757.317 -697.485 -33.216 519.814 -372.521
-154.647 759.916 -699.347 -33.2158 519.81 -372.518
-154.813 762.515 -701.21 -33.2155 519.806 -372.516
-154.979 765.114 -703.073 -33.2153 519.803 -372.513
-155.145 767.713 -704.935 -33.215 519.799 -372.51
-155.311 770.312 -706.798 -33.2148 519.796 -372.508
-155.477 772.911 -708.66 -33.2145 519.792 -372.505
-155.643 775.51 -710.523 -33.2143 519.788 -372.502
-155.809 778.109 -712.385 -33.214 519.785 -372.5
-155.975 780.708 -714.248 -33.2138 519.781 -372.497
-156.141 783.307 -716.11 -33.2136 519.778 -372.495
-156.308 785.906 -717.973 -33.2133 519.775 -372.492
-156.474 788.504 -719.835 -33.2131 519.771 -372.489
-156.64 791.103 -721.698 -33.2129 519.768 -372.487
-156.806 793.702 -723.56 -33.2126 519.764 -372.484
-156.972 796.301 -725.422 -33.2124 519.761 -372.482
-157.138 798.9 -727.285 -33.2122 519.758 -372.479
-157.304 801.499 -729.147 -33.2119 519.754 -372.477
-157.47 804.097 -731.01 -33.2117 519.751 -372.474
-157.636 806.696 -732.872 -33.2115 519.748 -372.472
-157.802 809.295 -734.734 -33.2113 519.744 -372.47
-157.968 811.893 -736.597 -33.211 519.741 -372.467
-158.134 814.492 -738.459 -33.2108 519.738 -372.465
-158.3 817.091 -740.321 -33.2106 519.735 -372.462
-158.466 819.69 -742.184 -33.2104 519.732 -372.46
-158.632 822.288 -744.046 -33.2102 519.728 -372.458
-158.798 824.887 -745.908 -33.2099 519.725 -372.455
-158.964 827.485 -747.771 -33.2097 519.722 -372.453
-159.131 830.084 -749.633 -33.2095 519.719 -372.451
-159.297 832.683 -751.495 -33.2093 519.716 -372.448
-159.463 835.281 -753.357 -33.2091 519.713 -372.446
-159.629 837.88 -755.219 -33.2089 519.71 -372.444
-159.795 840.478 -757.082 -33.2087 519.707 -372.442
-159.961 843.077 -758.944 -33.2085 519.704 -372.439
-160.127 845.675 -760.806 -33.2083 519.701 -372.437
-160.293 848.274 -762.668 -33.2081 519.698 -372.435
-160.459 850.872 -764.53 -33.2079 519.695 -372.433
-160.625 853.471 -766.393 -33.2076 519.692 -372.43
-160.791 856.069 -768.255 -33.2074 519.689 -372.428
-160.957 858.668 -770.117 -33.2072 519.686 -372.426
-161.123 861.266 -771.979 -33.207 519.683 -372.424
-161.289 863.864 -773.841 -33.2068 519.68 -372.422
-161.455 866.463 -775.703 -33.2067 519.677 -372.42
-161.621 869.061 -777.565 -33.2065 519.674 -372.417
-161.787 871.66 -779.427 -33.2063 519.671 -372.415
-161.953 874.258 -781.289 -33.2061 519.668 -372.413
-162.119 876.856 -783.152 -33.2059 519.666 -372.411
-162.285 879.455 -785.014 -33.2057 519.663 -372.409
-162.451 882.053 -786.876 -33.2055 519.66 -372.407
-162.617 884.651 -788.738 -33.2053 519.657 -372.405
-162.783 887.249 -790.6 -33.2051 519.654 -372.403
-162.949 889.848 -792.462 -33.2049 519.652 -372.401
-163.115 892.446 -794.324 -33.2047 519.649 -372.399
-163.281 895.044 -796.186 -33.2045 519.646 -372.397
-163.447 897.642 -798.048 -33.2044 519.644 -372.395
-163.613 900.241 -799.91 -33.2042 519.641 -372.393
-163.779 902.839 -801.772 -33.204 519.638 -372.391
-163.945 905.437 -803.633 -33.2038 519.636 -372.389
-164.111 908.035 -805.495 -33.2036 519.633 -372.387
-164.278 910.633 -807.357 -33.2035 519.63 -372.385
-164.444 913.232 -809.219 -33.2033 519.628 -372.383
-164.61 915.83 -811.081 -33.2031 519.625 -372.381
-164.776 918.428 -812.943 -33.2029 519.622 -372.379
-164.942 921.026 -814.805 -33.2027 519.62 -372.377
-165.108 923.624 -816.667 -33.2026 519.617 -372.375
-165.274 926.222 -818.529 -33.2024 519.615 -372.373
-165.44 928.82 -820.391 -33.2022 519.612 -372.371
-165.606 931.418 -822.252 -33.202 519.61 -372.369
-165.772 934.016 -824.114 -33.2019 519.607 -372.368
-165.938 936.614 -825.976 -33.2017 519.604 -372.366
-166.104 939.212 -827.838 -33.2015 519.602 -372.364
-166.27 941.81 -829.7 -33.2014 519.599 -372.362
-166.436 944.408 -831.562 -33.2012 519.597 -372.36
-166.602 947.006 -833.423 -33.201 519.595 -372.358
-166.768 949.604 -835.285 -33.2009 519.592 -372.357
-166.934 952.202 -837.147 -33.2007 519.59 -372.355
-167.1 954.8 -839.009 -33.2005 519.587 -372.353
-167.266 957.398 -840.87 -33.2004 519.585 -372.351
-167.432 959.996 -842.732 -33.2002 519.582 -372.349
-167.598 962.594 -844.594 -33.2 519.58 -372.348
-167.764 965.192 -846.456 -33.1999 519.578 -372.346
-167.93 967.79 -848.317 -33.1997 519.575 -372.344
-168.096 970.388 -850.179 -33.1996 519.573 -372.342
-168.262 972.985 -852.041 -33.1994 519.571 -372.341
-168.428 975.583 -853.903 -33.1992 519.568 -372.339
-168.594 978.181 -855.764 -33.1991 519.566 -372.337
-168.76 980.779 -857.626 -33.1989 519.564 -372.335
-168.926 983.377 -859.488 -33.1988 519.561 -372.334
-169.092 985.974 -861.349 -33.1986 519.559 -372.332
-169.258 988.572 -863.211 -33.1985 519.557 -372.33
-169.424 991.17 -865.073 -33.1983 519.554 -372.329
-169.59 993.768 -866.934 -33.1982 519.552 -372.327
-169.756 996.366 -868.796 -33.198 519.55 -372.325
-169.922 998.963 -870.657 -33.1979 519.548 -372.324
-170.088 1001.56 -872.519 -33.1977 519.546 -372.322
-170.254 1004.16 -874.381 -33.1976 519.543 -372.32
-170.42 1006.76 -876.242 -33.1974 519.541 -372.319
-170.586 1009.35 -878.104 -33.1973 519.539 -372.317
-170.752 1011.95 -879.965 -33.1971 519.537 -372.315
-170.918 1014.55 -881.827 -33.197 519.535 -372.314
-171.084 1017.15 -883.689 -33.1968 519.532 -372.312
-171.249 1019.74 -885.55 -33.1967 519.53 -372.311
-171.415 1022.34 -887.412 -33.1965 519.528 -372.309
-171.581 1024.94 -889.273 -33.1964 519.526 -372.307
-171.747 1027.54 -891.135 -33.1962 519.524 -372.306
-171.913 1030.14 -892.996 -33.1961 519.522 -372.304
-172.079 1032.73 -894.858 -33.1959 519.52 -372.303
-172.245 1035.33 -896.719 -33.1958 519.517 -372.301
-172.411 1037.93 -898.581 -33.1957 519.515 -372.3
-172.577 1040.53 -900.442 -33.1955 519.513 -372.298
-172.743 1043.12 -902.304 -33.1954 519.511 -372.297
-172.909 1045.72 -904.165 -33.1952 519.509 -372.295
-173.075 1048.32 -906.027 -33.1951 519.507 -372.294
-173.241 1050.92 -907.888 -33.195 519.505 -372.292
-173.407 1053.51 -909.75 -33.1948 519.503 -372.291
-173.573 1056.11 -911.611 -33.1947 519.501 -372.289
-173.739 1058.71 -913.473 -33.1946 519.499 -372.288
-173.905 1061.31 -915.334 -33.1944 519.497 -372.286
-174.071 1063.9 -917.195 -33.1943 519.495 -372.285
-174.237 1066.5 -919.057 -33.1942 519.493 -372.283
-174.403 1069.1 -920.918 -33.194 519.491 -372.282
-174.569 1071.7 -922.78 -33.1939 519.489 -372.28
-174.735 1074.29 -924.641 -33.1938 519.487 -372.279
-174.901 1076.89 -926.502 -33.1936 519.485 -372.277
-175.067 1079.49 -928.364 -33.1935 519.483 -372.276
-175.233 1082.09 -930.225 -33.1934 519.481 -372.274
-175.399 1084.68 -932.087 -33.1932 519.479 -372.273
-175.565 1087.28 -933.948 -33.1931 519.478 -372.272
-175.731 1089.88 -935.809 -33.193 519.476 -372.27
-175.897 1092.48 -937.671 -33.1929 519.474 -372.269
-176.063 1095.07 -939.532 -33.1927 519.472 -372.267
-176.229 1097.67 -941.393 -33.1926 519.47 -372.266
-176.395 1100.27 -943.255 -33.1925 519.468 -372.265
-176.561 1102.86 -945.116 -33.1923 519.466 -372.263
-176.727 1105.46 -946.977 -33.1922 519.464 -372.262
-176.893 1108.06 -948.839 -33.1921 519.462 -372.26
-177.058 1110.66 -950.7 -33.192 519.461 -372.259
-177.224 1113.25 -952.561 -33.1918 519.459 -372.258
-177.39 1115.85 -954.422 -33.1917 519.457 -372.256
-177.556 1118.45 -956.284 -33.1916 519.455 -372.255
-177.722 1121.05 -958.145 -33.1915 519.453 -372.254
-177.888 1123.64 -960.006 -33.1914 519.452 -372.252
-178.054 1126.24 -961.867 -33.1912 519.45 -372.251
-178.22 1128.84 -963.729 -33.1911 519.448 -372.25
-178.386 1131.43 -965.59 -33.191 519.446 -372.248
-178.552 1134.03 -967.451 -33.1909 519.444 -372.247
-178.718 1136.63 -969.312 -33.1908 519.443 -372.246
-178.884 1139.23 -971.174 -33.1906 519.441 -372.244
-179.05 1141.82 -973.035 -33.1905 519.439 -372.243
-179.216 1144.42 -974.896 -33.1904 519.437 -372.242
-179.382 1147.02 -976.757 -33.1903 519.436 -372.241
-179.548 1149.61 -978.619 -33.1902 519.434 -372.239
-179.714 1152.21 -980.48 -33.1901 519.432 -372.238
-179.88 1154.81 -982.341 -33.1899 519.43 -372.237
-180.046 1157.41 -984.202 -33.1898 519.429 -372.235
-180.212 1160 -986.063 -33.1897 519.427 -372.234
-180.378 1162.6 -987.924 -33.1896 519.425 -372.233
-180.544 1165.2 -989.786 -33.1895 519.424 -372.232
-180.709 1167.79 -991.647 -33.1894 519.422 -372.23
-180.875 1170.39 -993.508 -33.1893 519.42 -372.229
-181.041 1172.99 -995.369 -33.1892 519.419 -372.228
-181.207 1175.59 -997.23 -33.189 519.417 -372.227
-181.373 1178.18 -999.091 -33.1889 519.415 -372.226
-181.539 1180.78 -1000.95 -33.1888 519.414 -372.224
-181.705 1183.38 -1002.81 -33.1887 519.412 -372.223
-181.871 1185.97 -1004.67 -33.1886 519.41 -372.222
-182.037 1188.57 -1006.54 -33.1885 519.409 -372.221
-182.203 1191.17 -1008.4 -33.1884 519.407 -372.22
-182.369 1193.77 -1010.26 -33.1883 519.406 -372.218
-182.535 1196.36 -1012.12 -33.1882 519.404 -372.217
-182.701 1198.96 -1013.98 -33.1881 519.402 -372.216
-182.867 1201.56 -1015.84 -33.188 519.401 -372.215
-183.033 1204.15 -1017.7 -33.1878 519.399 -372.214
-183.199 1206.75 -1019.56 -33.1877 519.398 -372.212
-183.365 1209.35 -1021.42 -33.1876 519.396 -372.211
-183.53 1211.94 -1023.29 -33.1875 519.394 -372.21
-183.696 1214.54 -1025.15 -33.1874 519.393 -372.209
-183.862 1217.14 -1027.01 -33.1873 519.391 -372.208
-184.028 1219.74 -1028.87 -33.1872 519.39 -372.207
-184.194 1222.33 -1030.73 -33.1871 519.388 -372.205
-184.36 1224.93 -1032.59 -33.187 519.387 -372.204
-184.526 1227.53 -1034.45 -33.1869 519.385 -372.203
-184.692 1230.12 -1036.31 -33.1868 519.384 -372.202
-184.858 1232.72 -1038.17 -33.1867 519.382 -372.201
-185.024 1235.32 -1040.03 -33.1866 519.381 -372.2
-185.19 1237.91 -1041.9 -33.1865 519.379 -372.199
-185.356 1240.51 -1043.76 -33.1864 519.378 -372.198
-185.522 1243.11 -1045.62 -33.1863 519.376 -372.196
-185.688 1245.7 -1047.48 -33.1862 519.375 -372.195
-185.854 1248.3 -1049.34 -33.1861 519.373 -372.194
-186.019 1250.9 -1051.2 -33.186 519.372 -372.193
-186.185 1253.5 -1053.06 -33.1859 519.37 -372.192
-186.351 1256.09 -1054.92 -33.1858 519.369 -372.191
-186.517 1258.69 -1056.78 -33.1857 519.367 -372.19
-186.683 1261.29 -1058.64 -33.1856 519.366 -372.189
-186.849 1263.88 -1060.51 -33.1855 519.364 -372.188
-187.015 1266.48 -1062.37 -33.1854 519.363 -372.187
-187.181 1269.08 -1064.23 -33.1853 519.361 -372.186
-187.347 1271.67 -1066.09 -33.1852 519.36 -372.185
-187.513 1274.27 -1067.95 -33.1851 519.359 -372.184
-187.679 1276.87 -1069.81 -33.185 519.357 -372.182
-187.845 1279.46 -1071.67 -33.1849 519.356 -372.181
-188.011 1282.06 -1073.53 -33.1848 519.354 -372.18
-188.177 1284.66 -1075.39 -33.1847 519.353 -372.179
-188.342 1287.25 -1077.25 -33.1847 519.352 -372.178
-188.508 1289.85 -1079.11 -33.1846 519.35 -372.177
-188.674 1292.45 -1080.98 -33.1845 519.349 -372.176
-188.84 1295.04 -1082.84 -33.1844 519.347 -372.175
-189.006 1297.64 -1084.7 -33.1843 519.346 -372.174
-189.172 1300.24 -1086.56 -33.1842 519.345 -372.173
-189.338 1302.83 -1088.42 -33.1841 519.343 -372.172
-189.504 1305.43 -1090.28 -33.184 519.342 -372.171
-189.67 1308.03 -1092.14 -33.1839 519.34 -372.17
-189.836 1310.62 -1094 -33.1838 519.339 -372.169
-190.002 1313.22 -1095.86 -33.1837 519.338 -372.168
-190.168 1315.82 -1097.72 -33.1836 519.336 -372.167
-190.334 1318.41 -1099.58 -33.1836 519.335 -372.166
-190.499 1321.01 -1101.44 -33.1835 519.334 -372.165
-190.665 1323.61 -1103.31 -33.1834 519.332 -372.164
-190.831 1326.2 -1105.17 -33.1833 519.331 -372.163
-190.997 1328.8 -1107.03 -33.1832 519.33 -372.162
-191.163 1331.4 -1108.89 -33.1831 519.328 -372.161
-191.329 1333.99 -1110.75 -33.183 519.327 -372.16
-191.495 1336.59 -1112.61 -33.1829 519.326 -372.159
-191.661 1339.19 -1114.47 -33.1828 519.324 -372.158
-191.827 1341.78 -1116.33 -33.1828 519.323 -372.157
-191.993 1344.38 -1118.19 -33.1827 519.322 -372.156
-192.159 1346.98 -1120.05 -33.1826 519.321 -372.155
-192.324 1349.57 -1121.91 -33.1825 519.319 -372.155
-192.49 1352.17 -1123.77 -33.1824 519.318 -372.154
-192.656 1354.77 -1125.64 -33.1823 519.317 -372.153
-192.822 1357.36 -1127.5 -33.1822 519.316 -372.152
-192.988 1359.96 -1129.36 -33.1822 519.314 -372.151
-193.154 1362.56 -1131.22 -33.1821 519.313 -372.15
-193.32 1365.15 -1133.08 -33.182 519.312 -372.149
-193.486 1367.75 -1134.94 -33.1819 519.31 -372.148
-193.652 1370.35 -1136.8 -33.1818 519.309 -372.147
-193.818 1372.94 -1138.66 -33.1817 519.308 -372.146
-193.984 1375.54 -1140.52 -33.1817 519.307 -372.145
-194.15 1378.14 -1142.38 -33.1816 519.305 -372.144
-194.315 1380.73 -1144.24 -33.1815 519.304 -372.143
-194.481 1383.33 -1146.1 -33.1814 519.303 -372.142
-194.647 1385.93 -1147.96 -33.1813 519.302 -372.142
-194.813 1388.52 -1149.82 -33.1813 519.301 -372.141
-194.979 1391.12 -1151.69 -33.1812 519.299 -372.14
-195.145 1393.72 -1153.55 -33.1811 519.298 -372.139
-195.311 1396.31 -1155.41 -33.181 519.297 -372.138
-195.477 1398.91 -1157.27 -33.1809 519.296 -372.137
-195.643 1401.5 -1159.13 -33.1809 519.295 -372.136
-195.809 1404.1 -1160.99 -33.1808 519.293 -372.135
-195.974 1406.7 -1162.85 -33.1807 519.292 -372.134
-196.14 1409.29 -1164.71 -33.1806 519.291 -372.134
-196.306 1411.89 -1166.57 -33.1805 519.29 -372.133
-196.472 1414.49 -1168.43 -33.1805 519.289 -372.132
-196.638 1417.08 -1170.29 -33.1804 519.287 -372.131
-196.804 1419.68 -1172.15 -33.1803 519.286 -372.13
-196.97 1422.28 -1174.01 -33.1802 519.285 -372.129
-197.136 1424.87 -1175.87 -33.1801 519.284 -372.128
-197.302 1427.47 -1177.73 -33.1801 519.283 -372.127
-197.468 1430.07 -1179.6 -33.18 519.282 -372.127
-197.633 1432.66 -1181.46 -33.1799 519.28 -372.126
-197.799 1435.26 -1183.32 -33.1798 519.279 -372.125
-197.965 1437.85 -1185.18 -33.1798 519.278 -372.124
-198.131 1440.45 -1187.04 -33.1797 519.277 -372.123
-198.297 1443.05 -1188.9 -33.1796 519.276 -372.122
-198.463 1445.64 -1190.76 -33.1795 519.275 -372.122
-198.629 1448.24 -1192.62 -33.1795 519.274 -372.121
-198.795 1450.84 -1194.48 -33.1794 519.273 -372.12
-198.961 1453.43 -1196.34 -33.1793 519.271 -372.119
-199.127 1456.03 -1198.2 -33.1792 519.27 -372.118
-199.292 1458.63 -1200.06 -33.1792 519.269 -372.117
-199.458 1461.22 -1201.92 -33.1791 519.268 -372.117
-199.624 1463.82 -1203.78 -33.179 519.267 -372.116
-199.79 1466.41 -1205.64 -33.1789 519.266 -372.115
-199.956 1469.01 -1207.5 -33.1789 519.265 -372.114
-200.122 1471.61 -1209.36 -33.1788 519.264 -372.113
-200.288 1474.2 -1211.23 -33.1787 519.263 -372.113
