0 75 -50 0 0 49
-0.000140905 74.9998 -49.7551 -0.0563401 -0.0993094 48.9767
-0.000563426 74.999 -49.5102 -0.112646 -0.198563 48.9532
-0.00126739 74.9978 -49.2655 -0.168919 -0.297762 48.9298
-0.00225264 74.996 -49.0209 -0.225158 -0.396907 48.9062
-0.00351899 74.9938 -48.7765 -0.281363 -0.495997 48.8826
-0.00506629 74.9911 -48.5321 -0.337536 -0.595033 48.8589
-0.00689438 74.9878 -48.2879 -0.393675 -0.694017 48.8352
-0.00900307 74.9841 -48.0438 -0.449782 -0.792948 48.8113
-0.0113922 74.9799 -47.7998 -0.505856 -0.891826 48.7875
-0.0140617 74.9752 -47.5559 -0.561898 -0.990653 48.7635
-0.0170112 74.97 -47.3121 -0.617908 -1.08943 48.7395
-0.0202408 74.9643 -47.0685 -0.673886 -1.18815 48.7154
-0.0237501 74.9581 -46.825 -0.729832 -1.28683 48.6913
-0.0275391 74.9514 -46.5816 -0.785746 -1.38545 48.6671
-0.0316076 74.9443 -46.3383 -0.841629 -1.48403 48.6428
-0.0359554 74.9366 -46.0951 -0.897481 -1.58256 48.6185
-0.0405824 74.9284 -45.8521 -0.953302 -1.68103 48.5941
-0.0454885 74.9198 -45.6092 -1.00909 -1.77946 48.5696
-0.0506734 74.9107 -45.3664 -1.06485 -1.87785 48.5451
-0.056137 74.901 -45.1238 -1.12058 -1.97618 48.5205
-0.0618792 74.8909 -44.8812 -1.17628 -2.07447 48.4958
-0.0678998 74.8803 -44.6388 -1.23195 -2.17271 48.4711
-0.0741987 74.8692 -44.3965 -1.28759 -2.27091 48.4463
-0.0807757 74.8576 -44.1543 -1.3432 -2.36906 48.4214
-0.0876307 74.8455 -43.9123 -1.39878 -2.46717 48.3965
-0.0947635 74.8329 -43.6704 -1.45433 -2.56524 48.3715
-0.102174 74.8198 -43.4286 -1.50985 -2.66326 48.3465
-0.109862 74.8063 -43.1869 -1.56534 -2.76123 48.3214
-0.117827 74.7922 -42.9454 -1.6208 -2.85917 48.2962
-0.12607 74.7777 -42.7039 -1.67624 -2.95706 48.271
-0.13459 74.7626 -42.4627 -1.73165 -3.05491 48.2457
-0.143387 74.7471 -42.2215 -1.78703 -3.15272 48.2204
-0.15246 74.7311 -41.9804 -1.84238 -3.25049 48.1949
-0.16181 74.7146 -41.7395 -1.8977 -3.34822 48.1695
-0.171437 74.6976 -41.4988 -1.95299 -3.44591 48.1439
-0.18134 74.6802 -41.2581 -2.00826 -3.54356 48.1183
-0.19152 74.6622 -41.0176 -2.0635 -3.64117 48.0926
-0.201975 74.6437 -40.7772 -2.11871 -3.73874 48.0669
-0.212707 74.6248 -40.5369 -2.1739 -3.83627 48.0411
-0.223714 74.6054 -40.2968 -2.22906 -3.93377 48.0153
-0.234998 74.5855 -40.0567 -2.28419 -4.03123 47.9893
-0.246556 74.5651 -39.8169 -2.3393 -4.12866 47.9634
-0.258391 74.5442 -39.5771 -2.39438 -4.22604 47.9373
-0.2705 74.5228 -39.3375 -2.44943 -4.3234 47.9112
-0.282885 74.5009 -39.098 -2.50446 -4.42072 47.8851
-0.295545 74.4786 -38.8586 -2.55946 -4.518 47.8589
-0.30848 74.4558 -38.6194 -2.61444 -4.61525 47.8326
-0.321689 74.4324 -38.3803 -2.66939 -4.71247 47.8062
-0.335174 74.4086 -38.1413 -2.72432 -4.80965 47.7798
-0.348932 74.3844 -37.9025 -2.77922 -4.9068 47.7534
-0.362966 74.3596 -37.6638 -2.8341 -5.00392 47.7268
-0.377273 74.3343 -37.4252 -2.88895 -5.10101 47.7002
-0.391855 74.3086 -37.1868 -2.94378 -5.19807 47.6736
-0.406711 74.2823 -36.9485 -2.99858 -5.2951 47.6469
-0.421841 74.2556 -36.7103 -3.05336 -5.3921 47.6201
-0.437245 74.2284 -36.4723 -3.10811 -5.48907 47.5933
-0.452922 74.2007 -36.2344 -3.16285 -5.58601 47.5664
-0.468873 74.1726 -35.9966 -3.21755 -5.68292 47.5395
-0.485098 74.1439 -35.759 -3.27224 -5.77981 47.5125
-0.501596 74.1148 -35.5215 -3.3269 -5.87666 47.4854
-0.518367 74.0851 -35.2842 -3.38154 -5.9735 47.4583
-0.535411 74.055 -35.0469 -3.43616 -6.0703 47.4311
-0.552729 74.0244 -34.8099 -3.49075 -6.16708 47.4038
-0.570319 73.9933 -34.5729 -3.54533 -6.26384 47.3765
-0.588182 73.9618 -34.3361 -3.59988 -6.36057 47.3491
-0.606318 73.9297 -34.0994 -3.6544 -6.45728 47.3217
-0.624726 73.8972 -33.8629 -3.70891 -6.55396 47.2942
-0.643407 73.8642 -33.6265 -3.7634 -6.65062 47.2667
-0.66236 73.8307 -33.3902 -3.81786 -6.74726 47.2391
-0.681585 73.7967 -33.1541 -3.8723 -6.84388 47.2114
-0.701083 73.7623 -32.9181 -3.92673 -6.94048 47.1836
-0.720853 73.7273 -32.6822 -3.98113 -7.03705 47.1559
-0.740894 73.6919 -32.4465 -4.03551 -7.13361 47.128
-0.761208 73.656 -32.211 -4.08987 -7.23015 47.1001
-0.781793 73.6196 -31.9755 -4.14422 -7.32667 47.0721
-0.80265 73.5827 -31.7402 -4.19854 -7.42317 47.0441
-0.823778 73.5454 -31.5051 -4.25284 -7.51965 47.016
-0.845178 73.5075 -31.2701 -4.30713 -7.61612 46.9878
-0.86685 73.4692 -31.0352 -4.3614 -7.71257 46.9596
-0.888792 73.4304 -30.8005 -4.41564 -7.809 46.9313
-0.911006 73.3911 -30.5659 -4.46987 -7.90542 46.903
-0.933491 73.3513 -30.3315 -4.52408 -8.00183 46.8746
-0.956247 73.3111 -30.0972 -4.57828 -8.09822 46.8461
-0.979274 73.2704 -29.863 -4.63246 -8.19459 46.8176
-1.00257 73.2291 -29.629 -4.68662 -8.29096 46.789
-1.02614 73.1875 -29.3951 -4.74076 -8.38731 46.7604
-1.04998 73.1453 -29.1614 -4.79489 -8.48365 46.7316
-1.07409 73.1026 -28.9278 -4.849 -8.57998 46.7029
-1.09847 73.0595 -28.6943 -4.90309 -8.6763 46.674
-1.12312 73.0159 -28.461 -4.95717 -8.77261 46.6451
-1.14804 72.9717 -28.2279 -5.01124 -8.86891 46.6161
-1.17323 72.9272 -27.9949 -5.06529 -8.9652 46.5871
-1.19869 72.8821 -27.762 -5.11933 -9.06149 46.558
-1.22443 72.8365 -27.5293 -5.17335 -9.15777 46.5289
-1.25043 72.7905 -27.2967 -5.22736 -9.25404 46.4996
-1.2767 72.744 -27.0643 -5.28136 -9.3503 46.4703
-1.30324 72.697 -26.832 -5.33534 -9.44656 46.441
-1.33005 72.6495 -26.5999 -5.38931 -9.54282 46.4115
-1.35713 72.6016 -26.3679 -5.44327 -9.63907 46.382
-1.38449 72.5532 -26.1361 -5.49722 -9.73532 46.3525
-1.41211 72.5042 -25.9044 -5.55116 -9.83156 46.3229
-1.44 72.4548 -25.6728 -5.60508 -9.92781 46.2932
-1.46816 72.405 -25.4415 -5.659 -10.0241 46.2634
-1.49659 72.3546 -25.2102 -5.71291 -10.1203 46.2335
-1.52529 72.3038 -24.9791 -5.76681 -10.2165 46.2036
-1.55426 72.2524 -24.7482 -5.8207 -10.3128 46.1736
-1.58349 72.2006 -24.5174 -5.87458 -10.409 46.1436
-1.613 72.1483 -24.2867 -5.92846 -10.5053 46.1135
-1.64278 72.0956 -24.0562 -5.98232 -10.6015 46.0833
-1.67282 72.0423 -23.8259 -6.03619 -10.6978 46.053
-1.70314 71.9886 -23.5957 -6.09004 -10.794 46.0226
-1.73373 71.9344 -23.3657 -6.14389 -10.8903 45.9922
-1.76458 71.8797 -23.1358 -6.19774 -10.9866 45.9617
-1.7957 71.8245 -22.9061 -6.25158 -11.0828 45.9311
-1.8271 71.7689 -22.6765 -6.30542 -11.1791 45.9004
-1.85876 71.7127 -22.4471 -6.35926 -11.2754 45.8697
-1.89069 71.6561 -22.2178 -6.4131 -11.3717 45.8388
-1.92289 71.599 -21.9887 -6.46693 -11.468 45.8079
-1.95536 71.5414 -21.7597 -6.52076 -11.5643 45.7769
-1.9881 71.4834 -21.5309 -6.5746 -11.6606 45.7458
-2.0211 71.4248 -21.3023 -6.62843 -11.757 45.7147
-2.05438 71.3658 -21.0738 -6.68227 -11.8533 45.6834
-2.08793 71.3063 -20.8454 -6.73611 -11.9497 45.6521
-2.12174 71.2463 -20.6172 -6.78995 -12.0461 45.6206
-2.15583 71.1858 -20.3892 -6.84379 -12.1424 45.5891
-2.19018 71.1249 -20.1613 -6.89764 -12.2388 45.5574
-2.2248 71.0634 -19.9336 -6.9515 -12.3353 45.5257
-2.25969 71.0015 -19.7061 -7.00536 -12.4317 45.4939
-2.29486 70.9391 -19.4787 -7.05923 -12.5281 45.462
-2.33029 70.8762 -19.2515 -7.11311 -12.6246 45.4299
-2.36599 70.8129 -19.0244 -7.167 -12.7211 45.3978
-2.40196 70.749 -18.7975 -7.22089 -12.8176 45.3656
-2.4382 70.6847 -18.5707 -7.2748 -12.9141 45.3332
-2.4747 70.6199 -18.3442 -7.32872 -13.0106 45.3007
-2.51148 70.5546 -18.1177 -7.38265 -13.1072 45.2682
-2.54853 70.4888 -17.8915 -7.43659 -13.2038 45.2355
-2.58585 70.4226 -17.6654 -7.49055 -13.3004 45.2027
-2.62344 70.3558 -17.4395 -7.54453 -13.397 45.1698
-2.66129 70.2886 -17.2137 -7.59852 -13.4936 45.1367
-2.69942 70.2209 -16.9881 -7.65252 -13.5903 45.1036
-2.73782 70.1527 -16.7626 -7.70655 -13.687 45.0703
-2.77649 70.084 -16.5374 -7.76059 -13.7837 45.0368
-2.81543 70.0148 -16.3123 -7.81465 -13.8804 45.0033
-2.85463 69.9452 -16.0873 -7.86874 -13.9772 44.9696
-2.89411 69.8751 -15.8626 -7.92284 -14.074 44.9358
-2.93386 69.8045 -15.638 -7.97697 -14.1708 44.9018
-2.97388 69.7334 -15.4136 -8.03112 -14.2676 44.8677
-3.01417 69.6618 -15.1893 -8.0853 -14.3644 44.8334
-3.05474 69.5897 -14.9652 -8.1395 -14.4613 44.799
-3.09557 69.5172 -14.7413 -8.19373 -14.5582 44.7645
-3.13667 69.4441 -14.5176 -8.24798 -14.6552 44.7297
-3.17805 69.3706 -14.294 -8.30226 -14.7521 44.6949
-3.2197 69.2966 -14.0706 -8.35657 -14.8491 44.6598
-3.26161 69.2221 -13.8474 -8.41091 -14.9461 44.6246
-3.3038 69.1472 -13.6244 -8.46528 -15.0432 44.5892
-3.34627 69.0717 -13.4015 -8.51968 -15.1402 44.5537
-3.389 68.9958 -13.1789 -8.57411 -15.2373 44.5179
-3.43201 68.9193 -12.9564 -8.62858 -15.3344 44.482
-3.47529 68.8424 -12.734 -8.68307 -15.4316 44.4459
-3.51884 68.765 -12.5119 -8.7376 -15.5288 44.4096
-3.56266 68.6871 -12.2899 -8.79216 -15.626 44.3732
-3.60676 68.6087 -12.0682 -8.84676 -15.7232 44.3365
-3.65113 68.5299 -11.8466 -8.90139 -15.8204 44.2996
-3.69577 68.4505 -11.6252 -8.95606 -15.9177 44.2625
-3.74069 68.3707 -11.4039 -9.01076 -16.015 44.2252
-3.78588 68.2904 -11.1829 -9.0655 -16.1123 44.1877
-3.83135 68.2096 -10.9621 -9.12027 -16.2097 44.15
-3.87709 68.1283 -10.7414 -9.17508 -16.307 44.112
-3.9231 68.0465 -10.521 -9.22993 -16.4044 44.0739
-3.96938 67.9643 -10.3007 -9.28481 -16.5018 44.0355
-4.01595 67.8815 -10.0806 -9.33973 -16.5993 43.9968
-4.06278 67.7983 -9.86071 -9.39468 -16.6967 43.958
-4.10989 67.7145 -9.64102 -9.44967 -16.7942 43.9189
-4.15728 67.6303 -9.42152 -9.50469 -16.8917 43.8795
-4.20494 67.5456 -9.20222 -9.55975 -16.9892 43.8399
-4.25288 67.4604 -8.98312 -9.61484 -17.0867 43.8
-4.30109 67.3747 -8.76422 -9.66997 -17.1843 43.7599
-4.34958 67.2886 -8.54552 -9.72512 -17.2818 43.7195
-4.39834 67.2019 -8.32703 -9.78031 -17.3794 43.6789
-4.44738 67.1148 -8.10874 -9.83553 -17.477 43.638
-4.49669 67.0272 -7.89065 -9.89079 -17.5746 43.5968
-4.54629 66.939 -7.67277 -9.94607 -17.6722 43.5553
-4.59616 66.8504 -7.4551 -10.0014 -17.7698 43.5136
-4.6463 66.7613 -7.23763 -10.0567 -17.8674 43.4715
-4.69672 66.6718 -7.02038 -10.1121 -17.965 43.4292
-4.74742 66.5817 -6.80334 -10.1675 -18.0627 43.3866
-4.7984 66.4911 -6.58652 -10.2229 -18.1603 43.3437
-4.84965 66.4001 -6.3699 -10.2783 -18.2579 43.3005
-4.90118 66.3086 -6.15351 -10.3337 -18.3555 43.257
-4.95299 66.2165 -5.93733 -10.3892 -18.4532 43.2132
-5.00507 66.124 -5.72138 -10.4447 -18.5508 43.1691
-5.05743 66.031 -5.50564 -10.5002 -18.6484 43.1247
-5.11007 65.9375 -5.29013 -10.5557 -18.746 43.08
-5.16299 65.8436 -5.07484 -10.6112 -18.8436 43.035
-5.21619 65.7491 -4.85978 -10.6667 -18.9411 42.9897
-5.26966 65.6542 -4.64495 -10.7223 -19.0387 42.944
-5.32341 65.5587 -4.43034 -10.7778 -19.1362 42.8981
-5.37744 65.4628 -4.21597 -10.8334 -19.2337 42.8518
-5.43174 65.3664 -4.00182 -10.8889 -19.3312 42.8052
-5.48633 65.2695 -3.78792 -10.9444 -19.4287 42.7583
-5.54119 65.1721 -3.57424 -11 -19.5261 42.711
-5.59633 65.0742 -3.36081 -11.0555 -19.6236 42.6635
-5.65174 64.9759 -3.14761 -11.111 -19.721 42.6156
-5.70744 64.877 -2.93465 -11.1665 -19.8183 42.5674
-5.76341 64.7777 -2.72193 -11.222 -19.9156 42.5189
-5.81966 64.6779 -2.50946 -11.2775 -20.0129 42.47
-5.87618 64.5775 -2.29723 -11.3329 -20.1102 42.4209
-5.93298 64.4767 -2.08525 -11.3884 -20.2074 42.3714
-5.99006 64.3755 -1.87352 -11.4438 -20.3046 42.3216
-6.04742 64.2737 -1.66204 -11.4992 -20.4017 42.2715
-6.10506 64.1715 -1.45081 -11.5545 -20.4988 42.2211
-6.16297 64.0687 -1.23983 -11.6099 -20.5958 42.1703
-6.22115 63.9655 -1.0291 -11.6652 -20.6928 42.1193
-6.27962 63.8618 -0.818634 -11.7204 -20.7897 42.0679
-6.33836 63.7576 -0.608424 -11.7756 -20.8866 42.0162
-6.39738 63.6529 -0.398472 -11.8308 -20.9834 41.9643
-6.45667 63.5478 -0.188781 -11.886 -21.0802 41.912
-6.51623 63.4421 0.0206474 -11.9411 -21.1769 41.8594
-6.57608 63.336 0.229812 -11.9962 -21.2736 41.8065
-6.6362 63.2294 0.438712 -12.0512 -21.3702 41.7533
-6.69659 63.1223 0.647345 -12.1062 -21.4667 41.6998
-6.75726 63.0147 0.85571 -12.1611 -21.5632 41.6461
-6.8182 62.9067 1.06381 -12.216 -21.6596 41.592
-6.87942 62.7981 1.27163 -12.2708 -21.7559 41.5377
-6.94091 62.6891 1.47918 -12.3256 -21.8522 41.483
-7.00267 62.5796 1.68646 -12.3803 -21.9484 41.4281
-7.06471 62.4696 1.89346 -12.435 -22.0446 41.373
-7.12702 62.3592 2.10019 -12.4896 -22.1406 41.3175
-7.18961 62.2482 2.30664 -12.5442 -22.2367 41.2618
-7.25247 62.1368 2.51281 -12.5987 -22.3326 41.2058
-7.3156 62.0249 2.7187 -12.6532 -22.4285 41.1496
-7.379 61.9125 2.9243 -12.7076 -22.5243 41.0931
-7.44267 61.7996 3.12963 -12.762 -22.62 41.0363
-7.50662 61.6863 3.33467 -12.8163 -22.7156 40.9793
-7.57083 61.5725 3.53942 -12.8705 -22.8112 40.922
-7.63532 61.4582 3.74389 -12.9247 -22.9067 40.8645
-7.70008 61.3434 3.94806 -12.9788 -23.0022 40.8068
-7.76511 61.2282 4.15195 -13.0329 -23.0975 40.7488
-7.83041 61.1124 4.35555 -13.0869 -23.1928 40.6906
-7.89598 60.9962 4.55886 -13.1409 -23.288 40.6322
-7.96182 60.8796 4.76187 -13.1948 -23.3832 40.5735
-8.02793 60.7624 4.9646 -13.2486 -23.4783 40.5147
-8.0943 60.6448 5.16702 -13.3024 -23.5733 40.4556
-8.16095 60.5267 5.36915 -13.3562 -23.6682 40.3962
-8.22786 60.4081 5.57098 -13.4098 -23.7631 40.3367
-8.29505 60.289 5.77252 -13.4635 -23.8579 40.277
-8.3625 60.1695 5.97375 -13.5171 -23.9526 40.2171
-8.43022 60.0495 6.17469 -13.5706 -24.0472 40.1569
-8.49821 59.929 6.37532 -13.6241 -24.1418 40.0966
-8.56646 59.8081 6.57565 -13.6775 -24.2363 40.0361
-8.63498 59.6867 6.77568 -13.7309 -24.3308 39.9753
-8.70377 59.5648 6.97541 -13.7843 -24.4252 39.9144
-8.77282 59.4424 7.17483 -13.8376 -24.5195 39.8533
-8.84214 59.3196 7.37394 -13.8908 -24.6137 39.792
-8.91173 59.1963 7.57275 -13.944 -24.7079 39.7306
-8.98158 59.0725 7.77125 -13.9972 -24.802 39.6689
-9.0517 58.9483 7.96944 -14.0503 -24.8961 39.6071
-9.12209 58.8236 8.16732 -14.1034 -24.9901 39.5451
-9.19274 58.6984 8.36489 -14.1565 -25.084 39.483
-9.26365 58.5727 8.56215 -14.2095 -25.1779 39.4206
-9.33483 58.4466 8.75909 -14.2625 -25.2717 39.3581
-9.40628 58.32 8.95573 -14.3154 -25.3655 39.2955
-9.47799 58.1929 9.15205 -14.3683 -25.4592 39.2326
-9.54996 58.0654 9.34806 -14.4212 -25.5528 39.1697
-9.6222 57.9374 9.54375 -14.474 -25.6464 39.1065
-9.6947 57.8089 9.73912 -14.5269 -25.7399 39.0432
-9.76747 57.68 9.93418 -14.5796 -25.8334 38.9798
-9.8405 57.5506 10.1289 -14.6324 -25.9268 38.9161
-9.91379 57.4207 10.3233 -14.6851 -26.0202 38.8524
-9.98735 57.2904 10.5174 -14.7378 -26.1135 38.7885
-10.0612 57.1596 10.7112 -14.7905 -26.2068 38.7244
-10.1353 57.0283 10.9047 -14.8432 -26.3 38.6602
-10.2096 56.8966 11.0978 -14.8958 -26.3932 38.5958
-10.2842 56.7644 11.2906 -14.9485 -26.4863 38.5313
-10.3591 56.6317 11.4831 -15.0011 -26.5794 38.4667
-10.4342 56.4986 11.6753 -15.0536 -26.6725 38.4019
-10.5096 56.365 11.8672 -15.1062 -26.7655 38.3369
-10.5853 56.231 12.0587 -15.1588 -26.8585 38.2719
-10.6612 56.0964 12.2499 -15.2113 -26.9514 38.2066
-10.7374 55.9614 12.4407 -15.2638 -27.0443 38.1413
-10.8138 55.826 12.6313 -15.3164 -27.1372 38.0758
-10.8906 55.6901 12.8215 -15.3689 -27.23 38.0101
-10.9675 55.5537 13.0114 -15.4214 -27.3228 37.9443
-11.0448 55.4168 13.2009 -15.4739 -27.4155 37.8784
-11.1223 55.2795 13.3902 -15.5264 -27.5082 37.8124
-11.2 55.1418 13.5791 -15.5788 -27.6009 37.7462
-11.2781 55.0035 13.7676 -15.6313 -27.6936 37.6798
-11.3564 54.8648 13.9559 -15.6838 -27.7862 37.6134
-11.4349 54.7257 14.1438 -15.7362 -27.8788 37.5468
-11.5137 54.586 14.3313 -15.7887 -27.9714 37.48
-11.5928 54.446 14.5186 -15.8412 -28.064 37.4131
-11.6721 54.3054 14.7055 -15.8936 -28.1565 37.3461
-11.7517 54.1644 14.892 -15.9461 -28.249 37.279
-11.8316 54.0229 15.0783 -15.9985 -28.3415 37.2117
-11.9117 53.881 15.2641 -16.051 -28.4339 37.1442
-11.9921 53.7386 15.4497 -16.1035 -28.5264 37.0767
-12.0727 53.5957 15.6349 -16.1559 -28.6188 37.009
-12.1537 53.4524 15.8198 -16.2084 -28.7112 36.9411
-12.2348 53.3086 16.0043 -16.2609 -28.8036 36.8731
-12.3163 53.1643 16.1885 -16.3134 -28.8959 36.805
-12.398 53.0196 16.3724 -16.3659 -28.9883 36.7368
-12.4799 52.8745 16.5559 -16.4184 -29.0806 36.6684
-12.5621 52.7288 16.7391 -16.4709 -29.173 36.5998
-12.6446 52.5827 16.9219 -16.5234 -29.2653 36.5312
-12.7274 52.4362 17.1044 -16.5759 -29.3576 36.4624
-12.8104 52.2892 17.2865 -16.6284 -29.4499 36.3934
-12.8937 52.1417 17.4683 -16.681 -29.5421 36.3243
-12.9772 51.9937 17.6498 -16.7335 -29.6344 36.2551
-13.061 51.8453 17.8309 -16.7861 -29.7267 36.1857
-13.1451 51.6965 18.0116 -16.8387 -29.8189 36.1162
-13.2294 51.5471 18.192 -16.8912 -29.9112 36.0466
-13.314 51.3974 18.3721 -16.9438 -30.0034 35.9768
-13.3988 51.2471 18.5518 -16.9964 -30.0957 35.9068
-13.4839 51.0964 18.7311 -17.049 -30.1879 35.8367
-13.5693 50.9452 18.9102 -17.1017 -30.2801 35.7665
-13.655 50.7936 19.0888 -17.1543 -30.3723 35.6962
-13.7409 50.6415 19.2671 -17.2069 -30.4646 35.6256
-13.827 50.489 19.4451 -17.2596 -30.5568 35.555
-13.9135 50.3359 19.6227 -17.3123 -30.649 35.4842
-14.0001 50.1825 19.7999 -17.365 -30.7412 35.4132
-14.0871 50.0285 19.9768 -17.4177 -30.8335 35.3422
-14.1743 49.8741 20.1533 -17.4704 -30.9257 35.2709
-14.2618 49.7193 20.3295 -17.5231 -31.0179 35.1995
-14.3496 49.564 20.5053 -17.5758 -31.1102 35.128
-14.4376 49.4082 20.6808 -17.6286 -31.2024 35.0563
-14.5258 49.2519 20.8559 -17.6814 -31.2946 34.9845
-14.6144 49.0952 21.0306 -17.7342 -31.3869 34.9125
-14.7032 48.9381 21.205 -17.787 -31.4791 34.8404
-14.7922 48.7804 21.379 -17.8398 -31.5714 34.7681
-14.8816 48.6223 21.5527 -17.8926 -31.6637 34.6957
-14.9712 48.4638 21.726 -17.9455 -31.756 34.6231
-15.061 48.3048 21.8989 -17.9983 -31.8483 34.5504
-15.1512 48.1453 22.0715 -18.0512 -31.9406 34.4775
-15.2415 47.9854 22.2437 -18.1041 -32.0329 34.4045
-15.3322 47.825 22.4155 -18.157 -32.1252 34.3313
-15.4231 47.6641 22.587 -18.21 -32.2176 34.2579
-15.5143 47.5028 22.7581 -18.2629 -32.3099 34.1844
-15.6057 47.341 22.9289 -18.3159 -32.4023 34.1108
-15.6975 47.1788 23.0992 -18.3688 -32.4947 34.037
-15.7894 47.0161 23.2692 -18.4218 -32.5871 33.963
-15.8817 46.8529 23.4389 -18.4749 -32.6795 33.8889
-15.9742 46.6893 23.6081 -18.5279 -32.7719 33.8146
-16.067 46.5252 23.777 -18.5809 -32.8644 33.7402
-16.16 46.3606 23.9455 -18.634 -32.9569 33.6656
-16.2533 46.1956 24.1137 -18.6871 -33.0494 33.5908
-16.3469 46.0301 24.2814 -18.7402 -33.1419 33.5159
-16.4407 45.8642 24.4488 -18.7933 -33.2344 33.4408
-16.5348 45.6978 24.6158 -18.8465 -33.327 33.3656
-16.6292 45.5309 24.7825 -18.8996 -33.4196 33.2901
-16.7238 45.3636 24.9487 -18.9528 -33.5122 33.2146
-16.8187 45.1958 25.1146 -19.006 -33.6048 33.1388
-16.9139 45.0276 25.2801 -19.0592 -33.6975 33.0629
-17.0093 44.8588 25.4453 -19.1124 -33.7901 32.9869
-17.105 44.6897 25.61 -19.1657 -33.8828 32.9106
-17.2009 44.52 25.7744 -19.219 -33.9756 32.8342
-17.2972 44.3499 25.9383 -19.2723 -34.0683 32.7577
-17.3937 44.1793 26.1019 -19.3256 -34.1611 32.6809
-17.4904 44.0083 26.2651 -19.3789 -34.2539 32.604
-17.5875 43.8368 26.428 -19.4322 -34.3468 32.5269
-17.6847 43.6648 26.5904 -19.4856 -34.4397 32.4497
-17.7823 43.4924 26.7525 -19.539 -34.5326 32.3723
-17.8801 43.3195 26.9141 -19.5924 -34.6255 32.2947
-17.9782 43.1461 27.0754 -19.6458 -34.7185 32.2169
-18.0766 42.9723 27.2363 -19.6993 -34.8115 32.139
-18.1752 42.798 27.3968 -19.7528 -34.9045 32.0608
-18.2741 42.6233 27.5569 -19.8062 -34.9976 31.9825
-18.3733 42.448 27.7166 -19.8597 -35.0907 31.9041
-18.4727 42.2724 27.876 -19.9133 -35.1838 31.8254
-18.5724 42.0962 28.0349 -19.9668 -35.277 31.7466
-18.6724 41.9196 28.1934 -20.0204 -35.3702 31.6676
-18.7726 41.7425 28.3516 -20.074 -35.4634 31.5884
-18.8731 41.565 28.5093 -20.1276 -35.5567 31.5091
-18.9739 41.3869 28.6667 -20.1812 -35.65 31.4295
-19.0749 41.2085 28.8236 -20.2349 -35.7434 31.3498
-19.1762 41.0295 28.9802 -20.2886 -35.8368 31.2699
-19.2778 40.8501 29.1363 -20.3423 -35.9302 31.1898
-19.3797 40.6702 29.2921 -20.396 -36.0237 31.1095
-19.4818 40.4899 29.4474 -20.4497 -36.1172 31.0291
-19.5842 40.309 29.6023 -20.5035 -36.2108 30.9484
-19.6868 40.1277 29.7569 -20.5572 -36.3044 30.8676
-19.7897 39.946 29.911 -20.6111 -36.398 30.7866
-19.8929 39.7638 30.0647 -20.6649 -36.4917 30.7054
-19.9964 39.5811 30.2181 -20.7187 -36.5854 30.624
-20.1001 39.3979 30.371 -20.7726 -36.6792 30.5424
-20.2041 39.2143 30.5235 -20.8265 -36.773 30.4606
-20.3084 39.0302 30.6756 -20.8804 -36.8668 30.3787
-20.4129 38.8456 30.8273 -20.9343 -36.9607 30.2965
-20.5177 38.6606 30.9786 -20.9883 -37.0547 30.2142
-20.6228 38.4751 31.1294 -21.0423 -37.1487 30.1316
-20.7281 38.2891 31.2799 -21.0963 -37.2427 30.0489
-20.8338 38.1026 31.4299 -21.1503 -37.3368 29.9659
-20.9397 37.9157 31.5795 -21.2044 -37.4309 29.8828
-21.0458 37.7283 31.7287 -21.2585 -37.5251 29.7995
-21.1522 37.5405 31.8775 -21.3126 -37.6194 29.7159
-21.2589 37.3521 32.0259 -21.3667 -37.7136 29.6322
-21.3659 37.1633 32.1739 -21.4208 -37.808 29.5483
-21.4731 36.9741 32.3214 -21.475 -37.9024 29.4642
-21.5807 36.7843 32.4685 -21.5292 -37.9968 29.3798
-21.6884 36.5941 32.6152 -21.5834 -38.0913 29.2953
-21.7965 36.4034 32.7614 -21.6377 -38.1858 29.2106
-21.9048 36.2122 32.9073 -21.6919 -38.2804 29.1256
-22.0134 36.0206 33.0527 -21.7462 -38.375 29.0405
-22.1223 35.8285 33.1977 -21.8006 -38.4697 28.9551
-22.2314 35.6359 33.3423 -21.8549 -38.5645 28.8696
-22.3408 35.4428 33.4864 -21.9093 -38.6593 28.7838
-22.4505 35.2493 33.6301 -21.9637 -38.7541 28.6978
-22.5605 35.0553 33.7734 -22.0181 -38.8491 28.6117
-22.6707 34.8608 33.9162 -22.0725 -38.944 28.5253
-22.7812 34.6658 34.0586 -22.127 -39.039 28.4386
-22.892 34.4704 34.2006 -22.1815 -39.1341 28.3518
-23.003 34.2745 34.3421 -22.2361 -39.2293 28.2648
-23.1143 34.0781 34.4832 -22.2906 -39.3245 28.1775
-23.2259 33.8813 34.6239 -22.3452 -39.4197 28.0901
-23.3378 33.6839 34.7641 -22.3998 -39.515 28.0024
-23.4499 33.4861 34.9039 -22.4544 -39.6104 27.9145
-23.5623 33.2878 35.0433 -22.5091 -39.7058 27.8264
-23.675 33.0891 35.1822 -22.5638 -39.8013 27.738
-23.788 32.8898 35.3207 -22.6185 -39.8968 27.6495
-23.9012 32.6901 35.4587 -22.6733 -39.9924 27.5607
-24.0147 32.4899 35.5963 -22.728 -40.0881 27.4717
-24.1285 32.2892 35.7334 -22.7828 -40.1838 27.3824
-24.2425 32.088 35.8701 -22.8377 -40.2796 27.293
-24.3568 31.8864 36.0063 -22.8925 -40.3755 27.2033
-24.4714 31.6843 36.1421 -22.9474 -40.4714 27.1134
-24.5863 31.4817 36.2775 -23.0023 -40.5674 27.0233
-24.7015 31.2786 36.4124 -23.0573 -40.6634 26.9329
-24.8169 31.0751 36.5468 -23.1123 -40.7595 26.8423
-24.9326 30.871 36.6808 -23.1673 -40.8557 26.7515
-25.0486 30.6665 36.8143 -23.2223 -40.9519 26.6604
-25.1648 30.4615 36.9474 -23.2774 -41.0482 26.5691
-25.2813 30.256 37.08 -23.3325 -41.1446 26.4776
-25.3981 30.0501 37.2122 -23.3876 -41.241 26.3858
-25.5152 29.8436 37.3439 -23.4428 -41.3375 26.2938
-25.6326 29.6367 37.4751 -23.498 -41.4341 26.2016
-25.7502 29.4293 37.6059 -23.5532 -41.5307 26.1091
-25.8681 29.2214 37.7362 -23.6085 -41.6274 26.0163
-25.9863 29.013 37.866 -23.6638 -41.7242 25.9234
-26.1047 28.8041 37.9954 -23.7191 -41.821 25.8302
-26.2235 28.5948 38.1244 -23.7744 -41.9179 25.7367
-26.3425 28.385 38.2528 -23.8298 -42.0149 25.643
-26.4618 28.1746 38.3808 -23.8853 -42.1119 25.5491
-26.5813 27.9638 38.5083 -23.9407 -42.209 25.4549
-26.7012 27.7525 38.6353 -23.9962 -42.3062 25.3604
-26.8213 27.5408 38.7619 -24.0517 -42.4035 25.2657
-26.9417 27.3285 38.888 -24.1073 -42.5008 25.1708
-27.0624 27.1158 39.0136 -24.1629 -42.5982 25.0756
-27.1833 26.9025 39.1387 -24.2185 -42.6957 24.9801
-27.3045 26.6888 39.2634 -24.2741 -42.7932 24.8844
-27.4261 26.4746 39.3876 -24.3298 -42.8908 24.7884
-27.5478 26.2599 39.5113 -24.3856 -42.9885 24.6922
-27.6699 26.0447 39.6345 -24.4413 -43.0863 24.5957
-27.7923 25.829 39.7572 -24.4971 -43.1841 24.499
-27.9149 25.6129 39.8795 -24.553 -43.282 24.4019
-28.0378 25.3962 40.0013 -24.6088 -43.38 24.3047
-28.161 25.1791 40.1225 -24.6648 -43.4781 24.2071
-28.2844 24.9614 40.2433 -24.7207 -43.5762 24.1093
-28.4082 24.7433 40.3636 -24.7767 -43.6745 24.0112
-28.5322 24.5247 40.4834 -24.8327 -43.7727 23.9129
-28.6565 24.3056 40.6028 -24.8888 -43.8711 23.8143
-28.7811 24.086 40.7216 -24.9449 -43.9696 23.7154
-28.906 23.8659 40.8399 -25.001 -44.0681 23.6162
-29.0311 23.6453 40.9578 -25.0572 -44.1667 23.5168
-29.1565 23.4242 41.0751 -25.1134 -44.2654 23.4171
-29.2822 23.2026 41.1919 -25.1696 -44.3641 23.3171
-29.4082 22.9806 41.3083 -25.2259 -44.463 23.2168
-29.5345 22.758 41.4241 -25.2823 -44.5619 23.1162
-29.661 22.535 41.5394 -25.3386 -44.6609 23.0154
-29.7879 22.3114 41.6542 -25.395 -44.76 22.9143
-29.915 22.0874 41.7686 -25.4515 -44.8591 22.8129
-30.0424 21.8628 41.8824 -25.508 -44.9584 22.7112
-30.1701 21.6378 41.9957 -25.5645 -45.0577 22.6092
-30.298 21.4122 42.1085 -25.6211 -45.1571 22.5069
-30.4263 21.1862 42.2207 -25.6777 -45.2566 22.4043
-30.5548 20.9597 42.3325 -25.7343 -45.3562 22.3015
-30.6836 20.7326 42.4438 -25.791 -45.4558 22.1983
-30.8127 20.5051 42.5545 -25.8478 -45.5556 22.0949
-30.9421 20.2771 42.6647 -25.9046 -45.6554 21.9911
-31.0718 20.0486 42.7744 -25.9614 -45.7553 21.8871
-31.2017 19.8195 42.8836 -26.0182 -45.8553 21.7827
-31.332 19.59 42.9922 -26.0752 -45.9554 21.678
-31.4625 19.36 43.1004 -26.1321 -46.0556 21.5731
-31.5933 19.1294 43.208 -26.1891 -46.1558 21.4678
-31.7244 18.8984 43.315 -26.2462 -46.2562 21.3622
-31.8557 18.6669 43.4216 -26.3032 -46.3566 21.2563
-31.9874 18.4348 43.5276 -26.3604 -46.4571 21.1501
-32.1193 18.2023 43.6331 -26.4176 -46.5577 21.0436
-32.2516 17.9693 43.738 -26.4748 -46.6584 20.9368
-32.3841 17.7357 43.8425 -26.532 -46.7592 20.8296
-32.5169 17.5017 43.9463 -26.5894 -46.8601 20.7222
-32.65 17.2671 44.0497 -26.6467 -46.961 20.6144
-32.7834 17.0321 44.1525 -26.7041 -47.0621 20.5063
-32.917 16.7965 44.2547 -26.7616 -47.1632 20.3978
-33.051 16.5604 44.3565 -26.8191 -47.2645 20.2891
-33.1852 16.3239 44.4576 -26.8766 -47.3658 20.18
-33.3197 16.0868 44.5583 -26.9342 -47.4672 20.0706
-33.4546 15.8492 44.6583 -26.9919 -47.5687 19.9608
-33.5897 15.6111 44.7579 -27.0496 -47.6703 19.8507
-33.7251 15.3725 44.8568 -27.1073 -47.772 19.7403
-33.8607 15.1334 44.9553 -27.1651 -47.8738 19.6296
-33.9967 14.8937 45.0531 -27.2229 -47.9757 19.5185
-34.133 14.6536 45.1505 -27.2808 -48.0776 19.407
-34.2695 14.413 45.2472 -27.3388 -48.1797 19.2952
-34.4064 14.1718 45.3434 -27.3968 -48.2819 19.1831
-34.5435 13.9302 45.439 -27.4548 -48.3841 19.0706
-34.6809 13.688 45.5341 -27.5129 -48.4865 18.9578
-34.8186 13.4453 45.6286 -27.571 -48.5889 18.8446
-34.9566 13.2021 45.7226 -27.6292 -48.6915 18.7311
-35.0949 12.9584 45.8159 -27.6875 -48.7941 18.6172
-35.2335 12.7141 45.9087 -27.7458 -48.8969 18.5029
-35.3724 12.4694 46.001 -27.8041 -48.9997 18.3883
-35.5115 12.2241 46.0926 -27.8625 -49.1027 18.2734
-35.651 11.9784 46.1837 -27.921 -49.2057 18.158
-35.7907 11.7321 46.2742 -27.9795 -49.3089 18.0423
-35.9308 11.4853 46.3641 -28.0381 -49.4121 17.9263
-36.0711 11.238 46.4535 -28.0967 -49.5154 17.8098
-36.2118 10.9901 46.5422 -28.1554 -49.6189 17.693
-36.3527 10.7418 46.6304 -28.2141 -49.7224 17.5758
-36.4939 10.4929 46.718 -28.2729 -49.8261 17.4583
-36.6354 10.2435 46.805 -28.3317 -49.9298 17.3403
-36.7772 9.99361 46.8914 -28.3906 -50.0336 17.222
-36.9193 9.74318 46.9772 -28.4496 -50.1376 17.1033
-37.0617 9.49223 47.0624 -28.5086 -50.2416 16.9842
-37.2044 9.24076 47.147 -28.5676 -50.3458 16.8647
-37.3474 8.98877 47.2311 -28.6267 -50.4501 16.7448
-37.4907 8.73626 47.3145 -28.6859 -50.5544 16.6245
-37.6342 8.48323 47.3973 -28.7452 -50.6589 16.5039
-37.7781 8.22967 47.4795 -28.8044 -50.7635 16.3828
-37.9223 7.9756 47.5611 -28.8638 -50.8681 16.2613
-38.0668 7.72099 47.6421 -28.9232 -50.9729 16.1395
-38.2115 7.46587 47.7225 -28.9827 -51.0778 16.0172
-38.3566 7.21021 47.8023 -29.0422 -51.1828 15.8945
-38.5019 6.95404 47.8815 -29.1018 -51.2879 15.7714
-38.6476 6.69734 47.96 -29.1614 -51.3931 15.6479
-38.7936 6.44011 48.0379 -29.2211 -51.4984 15.524
-38.9398 6.18235 48.1153 -29.2809 -51.6039 15.3996
-39.0864 5.92407 48.1919 -29.3408 -51.7094 15.2749
-39.2332 5.66526 48.268 -29.4006 -51.8151 15.1497
-39.3804 5.40592 48.3434 -29.4606 -51.9208 15.0241
-39.5278 5.14605 48.4182 -29.5206 -52.0267 14.898
-39.6756 4.88565 48.4924 -29.5807 -52.1327 14.7715
-39.8236 4.62472 48.566 -29.6408 -52.2387 14.6446
-39.972 4.36326 48.6389 -29.701 -52.3449 14.5173
-40.1206 4.10127 48.7111 -29.7613 -52.4513 14.3895
-40.2696 3.83875 48.7828 -29.8216 -52.5577 14.2613
-40.4189 3.57569 48.8537 -29.882 -52.6642 14.1326
-40.5684 3.31211 48.9241 -29.9425 -52.7709 14.0035
-40.7183 3.04799 48.9938 -30.003 -52.8776 13.8739
-40.8684 2.78333 49.0628 -30.0636 -52.9845 13.7439
-41.0189 2.51814 49.1312 -30.1243 -53.0915 13.6134
-41.1697 2.25242 49.199 -30.185 -53.1986 13.4825
-41.3208 1.98615 49.266 -30.2458 -53.3058 13.3511
-41.4721 1.71936 49.3325 -30.3067 -53.4132 13.2192
-41.6238 1.45202 49.3982 -30.3676 -53.5206 13.0869
-41.7758 1.18415 49.4633 -30.4286 -53.6282 12.9541
-41.9281 0.915741 49.5278 -30.4896 -53.7359 12.8208
-42.0807 0.646792 49.5915 -30.5508 -53.8437 12.6871
-42.2336 0.377304 49.6546 -30.612 -53.9516 12.5528
-42.3868 0.107276 49.7171 -30.6732 -54.0596 12.4181
-42.5404 -0.163292 49.7788 -30.7346 -54.1678 12.2829
-42.6942 -0.434402 49.8399 -30.796 -54.276 12.1472
-42.8483 -0.706053 49.9003 -30.8575 -54.3844 12.0111
-43.0028 -0.978246 49.96 -30.919 -54.4929 11.8744
-43.1575 -1.25098 50.019 -30.9806 -54.6016 11.7372
-43.3126 -1.52426 50.0774 -31.0423 -54.7103 11.5995
-43.4679 -1.79809 50.135 -31.1041 -54.8192 11.4614
-43.6236 -2.07245 50.192 -31.1659 -54.9282 11.3227
-43.7796 -2.34737 50.2483 -31.2279 -55.0373 11.1835
-43.9359 -2.62283 50.3038 -31.2898 -55.1466 11.0438
-44.0925 -2.89883 50.3587 -31.3519 -55.2559 10.9035
-44.2494 -3.17539 50.4129 -31.414 -55.3654 10.7628
-44.4066 -3.45249 50.4663 -31.4762 -55.475 10.6215
-44.5642 -3.73014 50.5191 -31.5385 -55.5847 10.4797
-44.722 -4.00834 50.5711 -31.6009 -55.6946 10.3374
-44.8802 -4.28708 50.6225 -31.6633 -55.8046 10.1945
-45.0387 -4.56638 50.6731 -31.7258 -55.9147 10.0511
-45.1974 -4.84623 50.723 -31.7884 -56.0249 9.90716
-45.3565 -5.12663 50.7721 -31.8511 -56.1352 9.76267
-45.5159 -5.40758 50.8206 -31.9138 -56.2457 9.61763
-45.6757 -5.68909 50.8683 -31.9767 -56.3563 9.47204
-45.8357 -5.97115 50.9153 -32.0396 -56.467 9.32589
-45.9961 -6.25376 50.9616 -32.1026 -56.5779 9.17918
-46.1567 -6.53693 51.0071 -32.1656 -56.6889 9.03191
-46.3177 -6.82065 51.0519 -32.2288 -56.8 8.88408
-46.479 -7.10493 51.0959 -32.292 -56.9112 8.73567
-46.6406 -7.38976 51.1393 -32.3553 -57.0226 8.58669
-46.8026 -7.67515 51.1818 -32.4187 -57.1341 8.43714
-46.9648 -7.9611 51.2236 -32.4822 -57.2457 8.287
-47.1274 -8.24761 51.2647 -32.5457 -57.3574 8.13627
-47.2903 -8.53468 51.305 -32.6093 -57.4693 7.98496
-47.4535 -8.8223 51.3445 -32.6731 -57.5813 7.83305
-47.617 -9.11049 51.3833 -32.7369 -57.6934 7.68055
-47.7809 -9.39924 51.4213 -32.8008 -57.8057 7.52744
-47.945 -9.68855 51.4586 -32.8647 -57.9181 7.37374
-48.1095 -9.97842 51.4951 -32.9288 -58.0306 7.21942
-48.2743 -10.2689 51.5308 -32.9929 -58.1433 7.06449
-48.4394 -10.5599 51.5657 -33.0572 -58.2561 6.90894
-48.6049 -10.8514 51.5999 -33.1215 -58.369 6.75277
-48.7707 -11.1435 51.6332 -33.1859 -58.482 6.59598
-48.9367 -11.4362 51.6658 -33.2504 -58.5952 6.43856
-49.1032 -11.7295 51.6976 -33.315 -58.7085 6.2805
-49.2699 -12.0233 51.7286 -33.3796 -58.8219 6.12181
-49.437 -12.3177 51.7589 -33.4444 -58.9355 5.96248
-49.6043 -12.6127 51.7883 -33.5093 -59.0492 5.8025
-49.7721 -12.9082 51.8169 -33.5742 -59.163 5.64187
-49.9401 -13.2043 51.8447 -33.6393 -59.277 5.48058
-50.1084 -13.501 51.8717 -33.7044 -59.3911 5.31864
-50.2771 -13.7982 51.8979 -33.7696 -59.5053 5.15603
-50.4461 -14.096 51.9232 -33.8349 -59.6197 4.99276
-50.6155 -14.3944 51.9478 -33.9003 -59.7342 4.82881
-50.7851 -14.6934 51.9715 -33.9658 -59.8488 4.66419
-50.9551 -14.9929 51.9944 -34.0314 -59.9636 4.49889
-51.1255 -15.293 52.0165 -34.0971 -60.0785 4.3329
-51.2961 -15.5937 52.0378 -34.1629 -60.1935 4.16622
-51.4671 -15.8949 52.0582 -34.2288 -60.3086 3.99885
-51.6384 -16.1968 52.0778 -34.2948 -60.4239 3.83078
-51.81 -16.4992 52.0965 -34.3609 -60.5393 3.662
-51.982 -16.8022 52.1144 -34.4271 -60.6549 3.49252
-52.1543 -17.1057 52.1314 -34.4934 -60.7706 3.32232
-52.3269 -17.4099 52.1476 -34.5597 -60.8864 3.1514
-52.4999 -17.7146 52.1629 -34.6262 -61.0023 2.97976
-52.6732 -18.0199 52.1774 -34.6928 -61.1184 2.8074
-52.8468 -18.3258 52.191 -34.7595 -61.2346 2.6343
-53.0208 -18.6322 52.2037 -34.8263 -61.3509 2.46046
-53.1951 -18.9393 52.2156 -34.8932 -61.4674 2.28588
-53.3697 -19.2469 52.2266 -34.9602 -61.584 2.11056
-53.5447 -19.5551 52.2367 -35.0273 -61.7007 1.93448
-53.72 -19.8639 52.2459 -35.0945 -61.8176 1.75764
-53.8956 -20.1733 52.2543 -35.1618 -61.9346 1.58005
-54.0716 -20.4833 52.2617 -35.2292 -62.0517 1.40168
-54.2479 -20.7938 52.2683 -35.2967 -62.1689 1.22255
-54.4246 -21.105 52.274 -35.3643 -62.2863 1.04263
-54.6016 -21.4167 52.2787 -35.4321 -62.4038 0.861933
-54.7789 -21.729 52.2826 -35.4999 -62.5214 0.680447
-54.9566 -22.0419 52.2855 -35.5679 -62.6391 0.498168
-55.1346 -22.3554 52.2876 -35.6359 -62.757 0.31509
-55.3129 -22.6695 52.2887 -35.7041 -62.875 0.131208
-55.4916 -22.9841 52.2889 -35.7724 -62.9931 -0.0534831
-55.6707 -23.2994 52.2882 -35.8408 -63.1113 -0.23899
-55.85 -23.6153 52.2865 -35.9093 -63.2297 -0.425316
-56.0298 -23.9317 52.2839 -35.9779 -63.3481 -0.612469
-56.2098 -24.2487 52.2804 -36.0466 -63.4667 -0.800454
-56.3902 -24.5664 52.2759 -36.1155 -63.5854 -0.989275
-56.571 -24.8846 52.2705 -36.1844 -63.7042 -1.17894
-56.7521 -25.2034 52.2641 -36.2535 -63.8232 -1.36945
-56.9335 -25.5228 52.2568 -36.3227 -63.9422 -1.56082
-57.1153 -25.8428 52.2485 -36.3919 -64.0614 -1.75305
-57.2974 -26.1634 52.2392 -36.4614 -64.1807 -1.94614
-57.4799 -26.4846 52.229 -36.5309 -64.3 -2.14011
-57.6627 -26.8064 52.2178 -36.6005 -64.4195 -2.33495
-57.8459 -27.1288 52.2057 -36.6703 -64.5391 -2.53068
-58.0294 -27.4518 52.1925 -36.7401 -64.6588 -2.7273
-58.2133 -27.7754 52.1784 -36.8101 -64.7786 -2.92481
-58.3975 -28.0996 52.1633 -36.8802 -64.8985 -3.12323
-58.5821 -28.4244 52.1472 -36.9504 -65.0185 -3.32256
-58.767 -28.7498 52.1301 -37.0208 -65.1386 -3.5228
-58.9523 -29.0758 52.1119 -37.0912 -65.2587 -3.72396
-59.138 -29.4024 52.0928 -37.1618 -65.379 -3.92605
-59.3239 -29.7296 52.0727 -37.2325 -65.4994 -4.12908
-59.5103 -30.0574 52.0515 -37.3033 -65.6198 -4.33305
-59.697 -30.3858 52.0294 -37.3742 -65.7403 -4.53797
-59.884 -30.7148 52.0062 -37.4452 -65.8609 -4.74384
-60.0714 -31.0444 51.9819 -37.5163 -65.9816 -4.95068
-60.2592 -31.3746 51.9566 -37.5876 -66.1023 -5.15849
-60.4473 -31.7054 51.9303 -37.6589 -66.2232 -5.36727
-60.6358 -32.0368 51.903 -37.7304 -66.3441 -5.57704
-60.8246 -32.3689 51.8746 -37.802 -66.465 -5.7878
-61.0138 -32.7015 51.8451 -37.8737 -66.586 -5.99956
-61.2033 -33.0347 51.8146 -37.9455 -66.7071 -6.21233
-61.3933 -33.3686 51.783 -38.0174 -66.8282 -6.42611
-61.5835 -33.703 51.7503 -38.0895 -66.9494 -6.64091
-61.7741 -34.038 51.7166 -38.1616 -67.0706 -6.85675
-61.9651 -34.3737 51.6817 -38.2338 -67.1918 -7.07363
-62.1565 -34.71 51.6458 -38.3062 -67.3131 -7.29155
-62.3482 -35.0468 51.6088 -38.3786 -67.4344 -7.51053
-62.5403 -35.3843 51.5707 -38.4512 -67.5558 -7.73058
-62.7327 -35.7224 51.5315 -38.5238 -67.6771 -7.95171
-62.9255 -36.0611 51.4912 -38.5966 -67.7985 -8.17391
-63.1187 -36.4004 51.4498 -38.6694 -67.9199 -8.39721
-63.3122 -36.7403 51.4072 -38.7423 -68.0413 -8.62162
-63.5061 -37.0808 51.3636 -38.8153 -68.1627 -8.84714
-63.7004 -37.4219 51.3188 -38.8884 -68.2841 -9.07378
-63.895 -37.7636 51.2728 -38.9616 -68.4055 -9.30155
-64.09 -38.106 51.2257 -39.0349 -68.5269 -9.53047
-64.2853 -38.4489 51.1775 -39.1082 -68.6483 -9.76055
-64.4811 -38.7924 51.1281 -39.1816 -68.7696 -9.99179
-64.6771 -39.1366 51.0776 -39.2551 -68.8909 -10.2242
-64.8736 -39.4814 51.0259 -39.3287 -69.0122 -10.4578
-65.0704 -39.8267 50.973 -39.4023 -69.1335 -10.6926
-65.2676 -40.1727 50.919 -39.476 -69.2546 -10.9287
-65.4652 -40.5193 50.8637 -39.5497 -69.3758 -11.1659
-65.6631 -40.8664 50.8073 -39.6235 -69.4969 -11.4044
-65.8614 -41.2142 50.7497 -39.6974 -69.6179 -11.6441
-66.0601 -41.5626 50.6909 -39.7712 -69.7388 -11.8852
-66.2591 -41.9116 50.6308 -39.8452 -69.8597 -12.1274
-66.4586 -42.2612 50.5696 -39.9191 -69.9805 -12.371
-66.6583 -42.6114 50.5071 -39.9931 -70.1012 -12.6159
-66.8585 -42.9622 50.4434 -40.0671 -70.2218 -12.8622
-67.059 -43.3136 50.3785 -40.1411 -70.3423 -13.1097
-67.2599 -43.6657 50.3123 -40.2151 -70.4626 -13.3586
-67.4612 -44.0183 50.2449 -40.2892 -70.5829 -13.6089
-67.6628 -44.3715 50.1762 -40.3632 -70.7031 -13.8606
-67.8648 -44.7253 50.1063 -40.4373 -70.8231 -14.1137
-68.0672 -45.0797 50.0351 -40.5113 -70.943 -14.3682
-68.2699 -45.4347 49.9626 -40.5853 -71.0628 -14.6241
-68.473 -45.7903 49.8889 -40.6593 -71.1824 -14.8815
-68.6765 -46.1466 49.8138 -40.7332 -71.3019 -15.1403
-68.8803 -46.5034 49.7375 -40.8072 -71.4213 -15.4007
-69.0846 -46.8608 49.6598 -40.8811 -71.5404 -15.6626
-69.2892 -47.2188 49.5808 -40.9549 -71.6595 -15.926
-69.4941 -47.5774 49.5005 -41.0287 -71.7783 -16.1909
-69.6994 -47.9366 49.4189 -41.1024 -71.897 -16.4574
-69.9051 -48.2963 49.336 -41.1761 -72.0155 -16.7255
-70.1112 -48.6567 49.2517 -41.2496 -72.1338 -16.9952
-70.3176 -49.0177 49.166 -41.3231 -72.252 -17.2666
-70.5244 -49.3792 49.079 -41.3966 -72.3699 -17.5396
-70.7316 -49.7414 48.9906 -41.4699 -72.4877 -17.8142
-70.9391 -50.1041 48.9009 -41.5431 -72.6052 -18.0906
-71.147 -50.4674 48.8097 -41.6163 -72.7226 -18.3687
-71.3553 -50.8313 48.7172 -41.6893 -72.8397 -18.6485
-71.5639 -51.1958 48.6232 -41.7622 -72.9567 -18.93
-71.7729 -51.5609 48.5279 -41.835 -73.0734 -19.2134
-71.9823 -51.9266 48.4311 -41.9076 -73.1899 -19.4985
-72.192 -52.2928 48.3329 -41.9801 -73.3062 -19.7855
-72.4021 -52.6596 48.2332 -42.0525 -73.4223 -20.0743
-72.6125 -53.027 48.1321 -42.1248 -73.5381 -20.365
-72.8233 -53.395 48.0296 -42.1969 -73.6537 -20.6576
-73.0345 -53.7636 47.9256 -42.2688 -73.7691 -20.9521
-73.246 -54.1327 47.8201 -42.3405 -73.8842 -21.2485
-73.4579 -54.5024 47.7131 -42.4121 -73.9991 -21.5469
-73.6701 -54.8727 47.6046 -42.4836 -74.1138 -21.8473
-73.8827 -55.2435 47.4946 -42.5548 -74.2282 -22.1497
-74.0957 -55.615 47.3831 -42.6259 -74.3423 -22.4542
-74.309 -55.987 47.2701 -42.6968 -74.4562 -22.7606
-74.5226 -56.3595 47.1555 -42.7675 -74.5699 -23.0692
-74.7367 -56.7327 47.0394 -42.838 -74.6833 -23.3799
-74.951 -57.1064 46.9217 -42.9083 -74.7964 -23.6927
-75.1657 -57.4806 46.8024 -42.9783 -74.9092 -24.0077
-75.3808 -57.8555 46.6816 -43.0482 -75.0218 -24.3248
-75.5962 -58.2308 46.5592 -43.1179 -75.1341 -24.6442
-75.812 -58.6068 46.4352 -43.1873 -75.2461 -24.9657
-76.0281 -58.9833 46.3095 -43.2565 -75.3579 -25.2896
-76.2446 -59.3604 46.1823 -43.3255 -75.4693 -25.6157
-76.4614 -59.738 46.0534 -43.3943 -75.5804 -25.9441
-76.6785 -60.1162 45.9228 -43.4628 -75.6913 -26.2748
-76.896 -60.4949 45.7906 -43.531 -75.8018 -26.6079
-77.1138 -60.8742 45.6568 -43.5991 -75.9121 -26.9434
-77.332 -61.254 45.5212 -43.6668 -76.022 -27.2813
-77.5505 -61.6344 45.3839 -43.7343 -76.1316 -27.6216
-77.7693 -62.0153 45.245 -43.8016 -76.2408 -27.9643
-77.9885 -62.3968 45.1043 -43.8686 -76.3498 -28.3096
-78.208 -62.7788 44.9619 -43.9353 -76.4583 -28.6573
-78.4278 -63.1614 44.8177 -44.0018 -76.5666 -29.0076
-78.648 -63.5445 44.6718 -44.0679 -76.6745 -29.3604
-78.8685 -63.9282 44.5241 -44.1338 -76.782 -29.7159
-79.0894 -64.3123 44.3747 -44.1994 -76.8891 -30.0739
-79.3105 -64.697 44.2234 -44.2647 -76.9959 -30.4346
-79.532 -65.0823 44.0703 -44.3297 -77.1022 -30.798
-79.7538 -65.4681 43.9154 -44.3944 -77.2082 -31.164
-79.976 -65.8544 43.7587 -44.4588 -77.3137 -31.5328
-80.1984 -66.2412 43.6001 -44.5229 -77.4189 -31.9044
-80.4212 -66.6286 43.4396 -44.5866 -77.5235 -32.2787
-80.6443 -67.0164 43.2773 -44.65 -77.6278 -32.6558
-80.8677 -67.4048 43.1131 -44.7131 -77.7316 -33.0358
-81.0914 -67.7938 42.9469 -44.7759 -77.8349 -33.4187
-81.3154 -68.1832 42.7789 -44.8383 -77.9378 -33.8044
-81.5398 -68.5731 42.6089 -44.9003 -78.0401 -34.1931
-81.7644 -68.9636 42.4369 -44.962 -78.142 -34.5847
-81.9894 -69.3546 42.263 -45.0233 -78.2433 -34.9793
-82.2147 -69.746 42.0871 -45.0843 -78.3442 -35.377
-82.4402 -70.138 41.9093 -45.1448 -78.4444 -35.7777
-82.6661 -70.5305 41.7294 -45.205 -78.5441 -36.1815
-82.8923 -70.9234 41.5474 -45.2648 -78.6432 -36.5884
-83.1188 -71.3169 41.3635 -45.3242 -78.7418 -36.9985
-83.3455 -71.7109 41.1775 -45.3831 -78.8397 -37.4118
-83.5726 -72.1053 40.9894 -45.4416 -78.937 -37.8282
-83.8 -72.5002 40.7992 -45.4997 -79.0336 -38.248
-84.0276 -72.8956 40.6069 -45.5574 -79.1296 -38.671
-84.2555 -73.2915 40.4125 -45.6146 -79.2249 -39.0974
-84.4837 -73.6879 40.2159 -45.6713 -79.3194 -39.5271
-84.7122 -74.0847 40.0172 -45.7276 -79.4133 -39.9602
-84.941 -74.482 39.8163 -45.7834 -79.5064 -40.3967
-85.1701 -74.8798 39.6132 -45.8386 -79.5988 -40.8367
-85.3994 -75.278 39.4079 -45.8934 -79.6904 -41.2803
-85.629 -75.6767 39.2004 -45.9477 -79.7811 -41.7273
-85.8589 -76.0758 38.9907 -46.0014 -79.8711 -42.178
-86.089 -76.4754 38.7786 -46.0546 -79.9601 -42.6323
-86.3194 -76.8754 38.5643 -46.1072 -80.0483 -43.0902
-86.5501 -77.2759 38.3477 -46.1592 -80.1356 -43.5519
-86.781 -77.6768 38.1288 -46.2107 -80.222 -44.0173
-87.0122 -78.0781 37.9076 -46.2616 -80.3074 -44.4865
-87.2436 -78.4798 37.684 -46.3118 -80.3918 -44.9595
-87.4753 -78.882 37.458 -46.3614 -80.4752 -45.4364
-87.7073 -79.2846 37.2296 -46.4104 -80.5575 -45.9172
-87.9394 -79.6876 36.9988 -46.4587 -80.6388 -46.402
-88.1718 -80.091 36.7656 -46.5063 -80.719 -46.8908
-88.4045 -80.4948 36.5299 -46.5533 -80.798 -47.3837
-88.6374 -80.899 36.2917 -46.5995 -80.8759 -47.8807
-88.8705 -81.3035 36.0511 -46.645 -80.9526 -48.3818
-89.1038 -81.7085 35.8079 -46.6897 -81.028 -48.8871
-89.3374 -82.1138 35.5622 -46.7337 -81.1022 -49.3966
-89.5712 -82.5195 35.3139 -46.7769 -81.1751 -49.9105
-89.8052 -82.9256 35.0631 -46.8192 -81.2466 -50.4286
-90.0394 -83.332 34.8097 -46.8608 -81.3167 -50.9512
-90.2738 -83.7387 34.5536 -46.9015 -81.3855 -51.4783
-90.5084 -84.1458 34.2949 -46.9413 -81.4527 -52.0098
-90.7432 -84.5533 34.0335 -46.9802 -81.5185 -52.5459
-90.9782 -84.961 33.7694 -47.0182 -81.5827 -53.0865
-91.2134 -85.3691 33.5026 -47.0552 -81.6453 -53.6319
-91.4487 -85.7775 33.2331 -47.0913 -81.7063 -54.1819
-91.6843 -86.1862 32.9608 -47.1263 -81.7656 -54.7367
-91.92 -86.5951 32.6857 -47.1604 -81.8232 -55.2964
-92.1559 -87.0044 32.4078 -47.1934 -81.8791 -55.8609
-92.3919 -87.4139 32.1271 -47.2253 -81.9331 -56.4304
-92.6281 -87.8237 31.8435 -47.2561 -81.9852 -57.0049
-92.8645 -88.2338 31.5571 -47.2858 -82.0354 -57.5844
-93.101 -88.6441 31.2677 -47.3142 -82.0836 -58.1691
-93.3376 -89.0546 30.9754 -47.3415 -82.1297 -58.7589
-93.5744 -89.4654 30.6801 -47.3676 -82.1738 -59.354
-93.8113 -89.8764 30.3818 -47.3924 -82.2157 -59.9544
-94.0483 -90.2875 30.0805 -47.4159 -82.2554 -60.5602
-94.2855 -90.6989 29.7762 -47.438 -82.2929 -61.1714
-94.5227 -91.1105 29.4688 -47.4588 -82.3279 -61.7881
-94.76 -91.5222 29.1583 -47.4781 -82.3606 -62.4103
-94.9975 -91.9341 28.8447 -47.4961 -82.3908 -63.0382
-95.235 -92.3461 28.528 -47.5125 -82.4185 -63.6718
-95.4726 -92.7583 28.208 -47.5274 -82.4435 -64.3112
-95.7103 -93.1705 27.8848 -47.5407 -82.4658 -64.9565
-95.948 -93.5829 27.5584 -47.5524 -82.4854 -65.6076
-96.1858 -93.9954 27.2288 -47.5624 -82.5021 -66.2647
-96.4236 -94.4079 26.8958 -47.5707 -82.5159 -66.9279
-96.6615 -94.8205 26.5595 -47.5773 -82.5267 -67.5972
-96.8994 -95.2332 26.2198 -47.582 -82.5344 -68.2727
-97.1373 -95.6459 25.8768 -47.5849 -82.539 -68.9545
-97.3753 -96.0586 25.5303 -47.5859 -82.5402 -69.6426
-97.6132 -96.4713 25.1803 -47.585 -82.5381 -70.3372
-97.8511 -96.884 24.8269 -47.582 -82.5325 -71.0383
-98.089 -97.2966 24.4699 -47.5769 -82.5234 -71.7459
-98.3269 -97.7092 24.1094 -47.5697 -82.5106 -72.4603
-98.5647 -98.1217 23.7453 -47.5604 -82.494 -73.1813
-98.8025 -98.5341 23.3776 -47.5487 -82.4736 -73.9092
-99.0402 -98.9465 23.0062 -47.5348 -82.4492 -74.644
-99.2778 -99.3586 22.6312 -47.5185 -82.4206 -75.3857
-99.5154 -99.7707 22.2524 -47.4997 -82.3879 -76.1346
-99.7528 -100.183 21.8698 -47.4784 -82.3509 -76.8905
-99.9902 -100.594 21.4835 -47.4545 -82.3094 -77.6537
-100.227 -101.006 21.0933 -47.4279 -82.2633 -78.4242
-100.464 -101.417 20.6992 -47.3986 -82.2125 -79.2021
-100.701 -101.828 20.3013 -47.3665 -82.1568 -79.9875
-100.938 -102.238 19.8994 -47.3315 -82.0961 -80.7804
-101.175 -102.649 19.4935 -47.2935 -82.0303 -81.581
-101.411 -103.059 19.0835 -47.2525 -81.9593 -82.3893
-101.647 -103.468 18.6696 -47.2082 -81.8828 -83.2054
-101.883 -103.877 18.2515 -47.1608 -81.8007 -84.0295
-102.119 -104.286 17.8293 -47.1099 -81.7128 -84.8615
-102.354 -104.695 17.4029 -47.0557 -81.619 -85.7015
-102.589 -105.102 16.9723 -46.9979 -81.5191 -86.5498
-102.824 -105.51 16.5374 -46.9365 -81.413 -87.4062
-103.059 -105.917 16.0982 -46.8713 -81.3004 -88.271
-103.293 -106.323 15.6547 -46.8022 -81.1811 -89.1442
-103.527 -106.728 15.2067 -46.7292 -81.055 -90.0259
-103.76 -107.133 14.7544 -46.6521 -80.9219 -90.9161
-103.993 -107.538 14.2976 -46.5708 -80.7816 -91.815
-104.226 -107.941 13.8362 -46.4852 -80.6337 -92.7226
-104.458 -108.344 13.3704 -46.3952 -80.4783 -93.639
-104.69 -108.746 12.8999 -46.3005 -80.3149 -94.5644
-104.921 -109.147 12.4247 -46.2011 -80.1433 -95.4986
-105.152 -109.547 11.9449 -46.0969 -79.9635 -96.4419
-105.382 -109.947 11.4603 -45.9877 -79.775 -97.3943
-105.612 -110.345 10.9709 -45.8733 -79.5776 -98.3559
-105.841 -110.743 10.4767 -45.7536 -79.3711 -99.3268
-106.069 -111.139 9.97765 -45.6285 -79.1552 -100.307
-106.297 -111.534 9.47365 -45.4977 -78.9296 -101.296
-106.524 -111.928 8.96468 -45.3612 -78.6941 -102.295
-106.751 -112.321 8.4507 -45.2187 -78.4483 -103.304
-106.976 -112.713 7.93164 -45.0701 -78.1919 -104.322
-107.201 -113.103 7.40748 -44.9152 -77.9247 -105.349
-107.426 -113.492 6.87815 -44.7538 -77.6462 -106.386
-107.649 -113.879 6.34361 -44.5858 -77.3563 -107.433
-107.871 -114.265 5.80381 -44.4108 -77.0545 -108.49
-108.093 -114.65 5.25871 -44.2287 -76.7405 -109.556
-108.314 -115.033 4.70825 -44.0394 -76.4139 -110.632
-108.533 -115.414 4.15238 -43.8425 -76.0743 -111.718
-108.752 -115.794 3.59107 -43.6379 -75.7214 -112.813
-108.97 -116.171 3.02425 -43.4254 -75.3548 -113.919
-109.186 -116.547 2.45188 -43.2046 -74.9741 -115.034
-109.402 -116.921 1.87391 -42.9755 -74.5789 -116.158
-109.616 -117.293 1.29029 -42.7376 -74.1686 -117.293
-109.829 -117.663 0.700977 -42.4908 -73.743 -118.437
-110.041 -118.03 0.105918 -42.2348 -73.3016 -119.591
-110.252 -118.396 -0.494933 -41.9694 -72.8438 -120.754
-110.461 -118.759 -1.10163 -41.6942 -72.3692 -121.927
-110.669 -119.119 -1.7142 -41.409 -71.8774 -123.109
-110.875 -119.478 -2.33272 -41.1135 -71.3678 -124.301
-111.08 -119.833 -2.95721 -40.8074 -70.8399 -125.501
-111.283 -120.186 -3.58773 -40.4904 -70.2932 -126.711
-111.485 -120.536 -4.22432 -40.1622 -69.7272 -127.93
-111.685 -120.883 -4.86703 -39.8224 -69.1413 -129.157
-111.883 -121.227 -5.5159 -39.4708 -68.535 -130.393
-112.079 -121.569 -6.17096 -39.107 -67.9077 -131.637
-112.274 -121.907 -6.83227 -38.7307 -67.2587 -132.889
-112.467 -122.241 -7.49986 -38.3415 -66.5876 -134.149
-112.657 -122.572 -8.17376 -37.9391 -65.8937 -135.417
-112.846 -122.9 -8.85403 -37.5231 -65.1764 -136.692
-113.033 -123.224 -9.54069 -37.0932 -64.435 -137.974
-113.217 -123.544 -10.2338 -36.649 -63.6689 -139.262
-113.399 -123.861 -10.9333 -36.19 -62.8776 -140.557
-113.579 -124.173 -11.6393 -35.716 -62.0602 -141.858
-113.756 -124.481 -12.3519 -35.2265 -61.2162 -143.163
-113.931 -124.785 -13.071 -34.7211 -60.3448 -144.474
-114.103 -125.085 -13.7966 -34.1996 -59.4454 -145.789
-114.273 -125.38 -14.5289 -33.6613 -58.5174 -147.107
-114.44 -125.67 -15.2677 -33.106 -57.5599 -148.429
-114.604 -125.955 -16.0132 -32.5333 -56.5724 -149.753
-114.765 -126.236 -16.7652 -31.9426 -55.5541 -151.079
-114.924 -126.511 -17.524 -31.3338 -54.5043 -152.406
-115.079 -126.781 -18.2893 -30.7062 -53.4223 -153.734
-115.231 -127.045 -19.0613 -30.0596 -52.3075 -155.06
-115.379 -127.304 -19.8399 -29.3935 -51.1592 -156.385
-115.525 -127.557 -20.6251 -28.7075 -49.9766 -157.708
-115.666 -127.804 -21.417 -28.0013 -48.7591 -159.027
-115.805 -128.044 -22.2154 -27.2744 -47.506 -160.342
-115.939 -128.279 -23.0204 -26.5265 -46.2168 -161.652
-116.07 -128.506 -23.8319 -25.7573 -44.8908 -162.954
-116.197 -128.728 -24.65 -24.9663 -43.5273 -164.249
-116.319 -128.942 -25.4744 -24.1532 -42.1259 -165.534
-116.438 -129.149 -26.3053 -23.3178 -40.6859 -166.809
-116.553 -129.349 -27.1425 -22.4597 -39.2069 -168.072
-116.663 -129.541 -27.986 -21.5786 -37.6884 -169.321
-116.768 -129.725 -28.8357 -20.6744 -36.13 -170.555
-116.869 -129.902 -29.6916 -19.7466 -34.5312 -171.772
-116.966 -130.071 -30.5534 -18.7953 -32.8917 -172.971
-117.057 -130.231 -31.4213 -17.8201 -31.2113 -174.15
-117.144 -130.383 -32.2949 -16.821 -29.4897 -175.307
-117.226 -130.526 -33.1743 -15.7979 -27.7268 -176.441
-117.302 -130.66 -34.0593 -14.7507 -25.9225 -177.549
-117.373 -130.785 -34.9498 -13.6794 -24.0768 -178.629
-117.439 -130.901 -35.8456 -12.584 -22.1898 -179.679
-117.499 -131.007 -36.7466 -11.4647 -20.2615 -180.698
-117.553 -131.104 -37.6526 -10.3216 -18.2924 -181.683
-117.602 -131.19 -38.5634 -9.15488 -16.2826 -182.632
-117.645 -131.266 -39.4789 -7.96479 -14.2328 -183.543
-117.682 -131.332 -40.3989 -6.75166 -12.1434 -184.414
-117.713 -131.388 -41.3231 -5.51589 -10.0151 -185.242
-117.737 -131.433 -42.2513 -4.25792 -7.84872 -186.026
-117.755 -131.466 -43.1833 -2.97829 -5.64514 -186.763
-117.767 -131.489 -44.1189 -1.67758 -3.40542 -187.45
-117.772 -131.5 -45.0578 -0.356467 -1.13069 -188.086
-117.77 -131.5 -45.9998 0.984306 1.17774 -188.668
-117.762 -131.489 -46.9445 2.34392 3.51847 -189.195
-117.747 -131.465 -47.8917 3.72148 5.88995 -189.664
-117.725 -131.43 -48.8411 5.11601 8.29051 -190.073
-117.696 -131.382 -49.7924 6.52647 10.7183 -190.42
-117.66 -131.322 -50.7453 7.95174 13.1715 -190.704
-117.616 -131.25 -51.6995 9.39063 15.6479 -190.922
-117.566 -131.166 -52.6545 10.8419 18.1455 -191.073
-117.508 -131.069 -53.6102 12.3041 20.6619 -191.156
-117.443 -130.959 -54.5661 13.776 23.1947 -191.168
-117.37 -130.837 -55.5218 15.2561 25.7414 -191.109
-117.29 -130.702 -56.4772 16.7429 28.2995 -190.978
-117.203 -130.554 -57.4316 18.2347 30.8662 -190.773
-117.108 -130.393 -58.3849 19.7301 33.4388 -190.494
-117.005 -130.22 -59.3366 21.2274 36.0145 -190.14
-116.895 -130.033 -60.2863 22.7249 38.5904 -189.711
-116.778 -129.834 -61.2337 24.2209 41.1637 -189.207
-116.653 -129.622 -62.1783 25.7137 43.7313 -188.627
-116.521 -129.396 -63.1199 27.2016 46.2904 -187.972
-116.381 -129.159 -64.058 28.6829 48.8379 -187.242
-116.234 -128.908 -64.9923 30.1559 51.371 -186.437
-116.08 -128.645 -65.9224 31.6189 53.8868 -185.559
-115.918 -128.369 -66.8479 33.0701 56.3824 -184.609
-115.749 -128.081 -67.7685 34.5081 58.855 -183.587
-115.573 -127.781 -68.6838 35.9312 61.3018 -182.495
-115.39 -127.468 -69.5934 37.3378 63.7202 -181.334
-115.199 -127.144 -70.4971 38.7264 66.1077 -180.106
-115.002 -126.807 -71.3945 40.0957 68.4617 -178.814
-114.799 -126.459 -72.2853 41.4442 70.7799 -177.458
-114.588 -126.099 -73.1691 42.7706 73.0601 -176.042
-114.371 -125.728 -74.0457 44.0738 75.3002 -174.567
-114.147 -125.346 -74.9148 45.3525 77.4982 -173.036
-113.917 -124.953 -75.776 46.6058 79.6523 -171.452
-113.681 -124.55 -76.6293 47.8326 81.7608 -169.816
-113.439 -124.136 -77.4742 49.032 83.8223 -168.132
-113.191 -123.712 -78.3106 50.2033 85.8353 -166.402
-112.937 -123.277 -79.1382 51.3457 87.7986 -164.629
-112.677 -122.834 -79.9569 52.4587 89.7112 -162.816
-112.412 -122.38 -80.7664 53.5417 91.5721 -160.966
-112.142 -121.918 -81.5665 54.5942 93.3807 -159.081
-111.866 -121.447 -82.3572 55.6159 95.1362 -157.164
-111.586 -120.967 -83.1382 56.6065 96.8383 -155.219
-111.3 -120.478 -83.9094 57.5658 98.4865 -153.247
-111.01 -119.982 -84.6707 58.4938 100.081 -151.252
-110.715 -119.477 -85.4219 59.3903 101.621 -149.236
-110.416 -118.965 -86.163 60.2554 103.107 -147.201
-110.113 -118.446 -86.8939 61.0893 104.54 -145.151
-109.805 -117.92 -87.6146 61.892 105.918 -143.088
-109.494 -117.387 -88.3248 62.6638 107.244 -141.014
-109.179 -116.848 -89.0247 63.405 108.517 -138.931
-108.86 -116.302 -89.7141 64.1158 109.738 -136.842
-108.538 -115.75 -90.3931 64.7968 110.907 -134.749
-108.212 -115.193 -91.0616 65.4482 112.026 -132.654
