-100 100 -50 0 0 49
-100 99.9997 -49.7551 0.00202351 -0.116963 48.9752
-100 99.9988 -49.5102 0.00405763 -0.233866 48.9504
-100 99.9974 -49.2656 0.00610247 -0.350709 48.9255
-99.9999 99.9953 -49.021 0.00815811 -0.467492 48.9005
-99.9999 99.9927 -48.7766 0.0102247 -0.584216 48.8754
-99.9998 99.9895 -48.5322 0.0123022 -0.700882 48.8502
-99.9997 99.9857 -48.2881 0.0143909 -0.81749 48.825
-99.9997 99.9813 -48.044 0.0164908 -0.93404 48.7997
-99.9996 99.9763 -47.8001 0.018602 -1.05053 48.7743
-99.9995 99.9708 -47.5562 0.0207246 -1.16697 48.7488
-99.9994 99.9647 -47.3126 0.0228587 -1.28335 48.7232
-99.9993 99.958 -47.069 0.0250045 -1.39968 48.6976
-99.9991 99.9507 -46.8256 0.0271619 -1.51595 48.6718
-99.999 99.9428 -46.5823 0.0293313 -1.63217 48.646
-99.9988 99.9344 -46.3391 0.0315126 -1.74833 48.6201
-99.9987 99.9253 -46.0961 0.033706 -1.86444 48.5941
-99.9985 99.9157 -45.8532 0.0359115 -1.98049 48.5681
-99.9983 99.9055 -45.6104 0.0381293 -2.0965 48.5419
-99.9981 99.8947 -45.3678 0.0403596 -2.21245 48.5157
-99.9979 99.8834 -45.1253 0.0426024 -2.32835 48.4894
-99.9977 99.8715 -44.8829 0.0448578 -2.4442 48.463
-99.9975 99.859 -44.6406 0.047126 -2.56 48.4366
-99.9972 99.8459 -44.3985 0.0494071 -2.67575 48.41
-99.997 99.8322 -44.1565 0.0517012 -2.79145 48.3834
-99.9967 99.8179 -43.9147 0.0540084 -2.9071 48.3567
-99.9964 99.8031 -43.673 0.0563289 -3.0227 48.3299
-99.9961 99.7877 -43.4314 0.0586628 -3.13826 48.303
-99.9958 99.7717 -43.1899 0.0610102 -3.25376 48.276
-99.9955 99.7552 -42.9486 0.0633712 -3.36922 48.249
-99.9952 99.738 -42.7074 0.065746 -3.48463 48.2219
-99.9949 99.7203 -42.4664 0.0681348 -3.6 48.1946
-99.9945 99.702 -42.2255 0.0705375 -3.71532 48.1674
-99.9942 99.6832 -41.9847 0.0729544 -3.83059 48.14
-99.9938 99.6637 -41.7441 0.0753857 -3.94582 48.1125
-99.9934 99.6437 -41.5036 0.0778314 -4.06101 48.085
-99.993 99.6231 -41.2632 0.0802917 -4.17615 48.0574
-99.9926 99.602 -41.023 0.0827667 -4.29124 48.0297
-99.9922 99.5802 -40.7829 0.0852566 -4.4063 48.0019
-99.9918 99.5579 -40.543 0.0877615 -4.52131 47.974
-99.9913 99.535 -40.3032 0.0902816 -4.63628 47.9461
-99.9909 99.5115 -40.0635 0.092817 -4.7512 47.918
-99.9904 99.4875 -39.824 0.0953678 -4.86609 47.8899
-99.9899 99.4629 -39.5846 0.0979343 -4.98093 47.8617
-99.9894 99.4377 -39.3454 0.100517 -5.09573 47.8334
-99.9889 99.4119 -39.1063 0.103115 -5.21049 47.8051
-99.9884 99.3856 -38.8674 0.105729 -5.32521 47.7766
-99.9878 99.3587 -38.6285 0.108359 -5.43989 47.7481
-99.9873 99.3312 -38.3899 0.111006 -5.55454 47.7195
-99.9867 99.3031 -38.1514 0.11367 -5.66914 47.6908
-99.9862 99.2745 -37.913 0.11635 -5.7837 47.662
-99.9856 99.2453 -37.6747 0.119047 -5.89823 47.6331
-99.985 99.2155 -37.4366 0.121761 -6.01272 47.6042
-99.9843 99.1852 -37.1987 0.124492 -6.12717 47.5751
-99.9837 99.1542 -36.9609 0.127241 -6.24158 47.546
-99.9831 99.1227 -36.7232 0.130007 -6.35596 47.5168
-99.9824 99.0907 -36.4857 0.132791 -6.4703 47.4875
-99.9817 99.058 -36.2484 0.135593 -6.5846 47.4581
-99.9811 99.0248 -36.0111 0.138412 -6.69887 47.4287
-99.9804 98.991 -35.7741 0.141251 -6.81311 47.3991
-99.9796 98.9567 -35.5371 0.144107 -6.9273 47.3695
-99.9789 98.9218 -35.3004 0.146982 -7.04147 47.3398
-99.9782 98.8863 -35.0637 0.149876 -7.1556 47.31
-99.9774 98.8502 -34.8273 0.152789 -7.26969 47.2801
-99.9766 98.8136 -34.5909 0.155721 -7.38375 47.2502
-99.9759 98.7764 -34.3548 0.158672 -7.49778 47.2201
-99.9751 98.7386 -34.1187 0.161643 -7.61177 47.19
-99.9742 98.7003 -33.8829 0.164634 -7.72573 47.1598
-99.9734 98.6614 -33.6471 0.167644 -7.83966 47.1295
-99.9726 98.6219 -33.4116 0.170675 -7.95356 47.0991
-99.9717 98.5818 -33.1762 0.173726 -8.06742 47.0686
-99.9708 98.5412 -32.9409 0.176797 -8.18126 47.0381
-99.9699 98.5 -32.7058 0.179889 -8.29506 47.0074
-99.969 98.4582 -32.4708 0.183002 -8.40883 46.9767
-99.9681 98.4159 -32.236 0.186136 -8.52257 46.9459
-99.9672 98.373 -32.0014 0.189291 -8.63628 46.915
-99.9662 98.3296 -31.7669 0.192468 -8.74996 46.884
-99.9652 98.2855 -31.5325 0.195666 -8.86361 46.8529
-99.9643 98.2409 -31.2983 0.198886 -8.97722 46.8218
-99.9633 98.1957 -31.0643 0.202129 -9.09081 46.7906
-99.9622 98.15 -30.8304 0.205393 -9.20437 46.7592
-99.9612 98.1037 -30.5967 0.20868 -9.31791 46.7278
-99.9602 98.0568 -30.3631 0.21199 -9.43141 46.6963
-99.9591 98.0094 -30.1297 0.215323 -9.54488 46.6647
-99.958 97.9614 -29.8965 0.218679 -9.65833 46.6331
-99.9569 97.9128 -29.6634 0.222058 -9.77175 46.6013
-99.9558 97.8637 -29.4305 0.22546 -9.88514 46.5695
-99.9546 97.814 -29.1977 0.228887 -9.9985 46.5376
-99.9535 97.7637 -28.9651 0.232337 -10.1118 46.5055
-99.9523 97.7128 -28.7327 0.235811 -10.2252 46.4735
-99.9511 97.6614 -28.5004 0.23931 -10.3384 46.4413
-99.9499 97.6095 -28.2682 0.242834 -10.4517 46.409
-99.9487 97.5569 -28.0363 0.246382 -10.5649 46.3766
-99.9475 97.5038 -27.8045 0.249955 -10.6781 46.3442
-99.9462 97.4501 -27.5728 0.253553 -10.7913 46.3117
-99.9449 97.3959 -27.3414 0.257177 -10.9045 46.2791
-99.9436 97.3411 -27.11 0.260827 -11.0176 46.2464
-99.9423 97.2857 -26.8789 0.264502 -11.1307 46.2136
-99.941 97.2298 -26.6479 0.268203 -11.2438 46.1807
-99.9396 97.1733 -26.4171 0.271931 -11.3568 46.1478
-99.9383 97.1162 -26.1864 0.275685 -11.4698 46.1147
-99.9369 97.0586 -25.9559 0.279466 -11.5829 46.0816
-99.9355 97.0004 -25.7256 0.283273 -11.6958 46.0484
-99.934 96.9416 -25.4955 0.287108 -11.8088 46.0151
-99.9326 96.8823 -25.2655 0.29097 -11.9217 45.9817
-99.9311 96.8224 -25.0356 0.294859 -12.0346 45.9482
-99.9297 96.7619 -24.806 0.298777 -12.1475 45.9147
-99.9282 96.7009 -24.5765 0.302722 -12.2604 45.881
-99.9266 96.6393 -24.3472 0.306695 -12.3732 45.8473
-99.9251 96.5772 -24.118 0.310696 -12.486 45.8135
-99.9235 96.5145 -23.889 0.314726 -12.5988 45.7796
-99.9219 96.4512 -23.6602 0.318784 -12.7116 45.7456
-99.9203 96.3874 -23.4316 0.322872 -12.8244 45.7115
-99.9187 96.323 -23.2031 0.326988 -12.9371 45.6774
-99.9171 96.258 -22.9748 0.331134 -13.0498 45.6431
-99.9154 96.1925 -22.7467 0.335308 -13.1625 45.6088
-99.9137 96.1264 -22.5187 0.339513 -13.2752 45.5744
-99.912 96.0597 -22.2909 0.343747 -13.3878 45.5399
-99.9103 95.9925 -22.0633 0.348011 -13.5004 45.5053
-99.9085 95.9247 -21.8359 0.352305 -13.613 45.4706
-99.9067 95.8564 -21.6086 0.356629 -13.7256 45.4359
-99.905 95.7874 -21.3815 0.360984 -13.8382 45.4011
-99.9031 95.718 -21.1546 0.365369 -13.9507 45.3661
-99.9013 95.6479 -20.9279 0.369784 -14.0632 45.3311
-99.8994 95.5773 -20.7013 0.374231 -14.1757 45.296
-99.8976 95.5062 -20.4749 0.378708 -14.2882 45.2609
-99.8957 95.4345 -20.2487 0.383216 -14.4007 45.2256
-99.8937 95.3622 -20.0226 0.387755 -14.5131 45.1902
-99.8918 95.2893 -19.7968 0.392326 -14.6255 45.1548
-99.8898 95.2159 -19.5711 0.396927 -14.7379 45.1193
-99.8878 95.142 -19.3456 0.40156 -14.8503 45.0837
-99.8858 95.0674 -19.1203 0.406225 -14.9627 45.048
-99.8837 94.9923 -18.8951 0.410921 -15.075 45.0122
-99.8817 94.9167 -18.6701 0.415649 -15.1873 44.9764
-99.8796 94.8405 -18.4453 0.420408 -15.2996 44.9405
-99.8775 94.7637 -18.2207 0.425199 -15.4119 44.9044
-99.8753 94.6863 -17.9963 0.430022 -15.5242 44.8683
-99.8732 94.6084 -17.7721 0.434876 -15.6365 44.8322
-99.871 94.53 -17.548 0.439763 -15.7487 44.7959
-99.8688 94.4509 -17.3241 0.444681 -15.8609 44.7595
-99.8665 94.3714 -17.1004 0.44963 -15.9731 44.7231
-99.8643 94.2912 -16.8769 0.454612 -16.0853 44.6866
-99.862 94.2105 -16.6535 0.459625 -16.1974 44.65
-99.8597 94.1292 -16.4304 0.46467 -16.3095 44.6133
-99.8573 94.0474 -16.2074 0.469747 -16.4217 44.5766
-99.855 93.965 -15.9846 0.474855 -16.5338 44.5397
-99.8526 93.8821 -15.762 0.479995 -16.6458 44.5028
-99.8502 93.7986 -15.5396 0.485166 -16.7579 44.4658
-99.8477 93.7145 -15.3173 0.490368 -16.8699 44.4288
-99.8453 93.6299 -15.0953 0.495602 -16.982 44.3916
-99.8428 93.5447 -14.8734 0.500866 -17.094 44.3544
-99.8403 93.4589 -14.6517 0.506162 -17.206 44.317
-99.8377 93.3726 -14.4302 0.511488 -17.3179 44.2797
-99.8352 93.2857 -14.2089 0.516845 -17.4299 44.2422
-99.8326 93.1983 -13.9878 0.522232 -17.5418 44.2046
-99.8299 93.1103 -13.7669 0.52765 -17.6537 44.167
-99.8273 93.0218 -13.5462 0.533097 -17.7656 44.1293
-99.8246 92.9327 -13.3256 0.538574 -17.8774 44.0916
-99.8219 92.843 -13.1052 0.54408 -17.9893 44.0537
-99.8192 92.7528 -12.8851 0.549616 -18.1011 44.0158
-99.8164 92.662 -12.6651 0.55518 -18.2129 43.9778
-99.8136 92.5706 -12.4453 0.560773 -18.3247 43.9397
-99.8108 92.4787 -12.2257 0.566395 -18.4364 43.9016
-99.8079 92.3863 -12.0063 0.572044 -18.5482 43.8634
-99.8051 92.2933 -11.787 0.577721 -18.6599 43.8251
-99.8022 92.1997 -11.568 0.583424 -18.7716 43.7868
-99.7992 92.1055 -11.3492 0.589155 -18.8833 43.7484
-99.7963 92.0109 -11.1305 0.594912 -18.9949 43.7099
-99.7933 91.9156 -10.9121 0.600695 -19.1065 43.6714
-99.7903 91.8198 -10.6938 0.606504 -19.2181 43.6327
-99.7872 91.7234 -10.4758 0.612338 -19.3297 43.5941
-99.7841 91.6265 -10.2579 0.618196 -19.4412 43.5553
-99.781 91.529 -10.0402 0.624078 -19.5528 43.5165
-99.7779 91.431 -9.82271 0.629984 -19.6643 43.4777
-99.7747 91.3324 -9.60542 0.635913 -19.7757 43.4388
-99.7715 91.2332 -9.38832 0.641864 -19.8872 43.3998
-99.7683 91.1335 -9.17142 0.647838 -19.9986 43.3608
-99.7651 91.0332 -8.95472 0.653832 -20.1099 43.3217
-99.7618 90.9324 -8.73821 0.659848 -20.2213 43.2826
-99.7585 90.831 -8.52189 0.665883 -20.3326 43.2434
-99.7551 90.7291 -8.30577 0.671938 -20.4439 43.2042
-99.7518 90.6266 -8.08985 0.678012 -20.5551 43.1649
-99.7483 90.5235 -7.87412 0.684104 -20.6664 43.1256
-99.7449 90.4199 -7.65859 0.690214 -20.7775 43.0863
-99.7414 90.3157 -7.44326 0.69634 -20.8887 43.0469
-99.7379 90.211 -7.22812 0.702483 -20.9998 43.0075
-99.7344 90.1057 -7.01318 0.708641 -21.1109 42.968
-99.7309 89.9999 -6.79844 0.714814 -21.2219 42.9285
-99.7273 89.8935 -6.5839 0.721 -21.3329 42.889
-99.7237 89.7866 -6.36955 0.7272 -21.4438 42.8495
-99.72 89.6791 -6.1554 0.733412 -21.5547 42.8099
-99.7163 89.571 -5.94145 0.739636 -21.6656 42.7703
-99.7126 89.4624 -5.7277 0.74587 -21.7764 42.7308
-99.7089 89.3533 -5.51414 0.752115 -21.8872 42.6911
-99.7051 89.2436 -5.30079 0.758368 -21.9979 42.6515
-99.7013 89.1333 -5.08763 0.764631 -22.1086 42.6119
-99.6974 89.0225 -4.87467 0.7709 -22.2192 42.5723
-99.6936 88.9111 -4.66191 0.777177 -22.3298 42.5327
-99.6897 88.7992 -4.44934 0.783459 -22.4403 42.4931
-99.6857 88.6867 -4.23697 0.789746 -22.5507 42.4535
-99.6818 88.5737 -4.02481 0.796038 -22.6611 42.4139
-99.6778 88.4601 -3.81283 0.802333 -22.7714 42.3744
-99.6737 88.346 -3.60106 0.80863 -22.8817 42.3349
-99.6697 88.2313 -3.38949 0.814929 -22.9919 42.2954
-99.6656 88.116 -3.17811 0.821229 -23.102 42.2559
-99.6615 88.0002 -2.96693 0.827528 -23.212 42.2165
-99.6573 87.8839 -2.75594 0.833827 -23.322 42.1772
-99.6531 87.767 -2.54515 0.840124 -23.4319 42.1379
-99.6489 87.6496 -2.33456 0.846418 -23.5417 42.0987
-99.6447 87.5316 -2.12417 0.852708 -23.6514 42.0595
-99.6404 87.4131 -1.91397 0.858994 -23.7611 42.0204
-99.6361 87.294 -1.70396 0.865274 -23.8706 41.9814
-99.6317 87.1744 -1.49415 0.871549 -23.9801 41.9425
-99.6274 87.0542 -1.28454 0.877816 -24.0894 41.9038
-99.623 86.9335 -1.07511 0.884075 -24.1987 41.8651
-99.6185 86.8122 -0.865886 0.890326 -24.3078 41.8265
-99.6141 86.6904 -0.656849 0.896567 -24.4169 41.7881
-99.6096 86.568 -0.448004 0.902798 -24.5258 41.7498
-99.605 86.4451 -0.239351 0.909017 -24.6346 41.7117
-99.6005 86.3217 -0.0308872 0.915224 -24.7432 41.6737
-99.5959 86.1977 0.177387 0.921419 -24.8518 41.6359
-99.5913 86.0732 0.385472 0.9276 -24.9602 41.5983
-99.5866 85.9481 0.59337 0.933767 -25.0684 41.5608
-99.5819 85.8225 0.801081 0.939918 -25.1765 41.5236
-99.5772 85.6963 1.00861 0.946054 -25.2844 41.4866
-99.5725 85.5697 1.21595 0.952173 -25.3922 41.4499
-99.5677 85.4424 1.42311 0.958274 -25.4998 41.4134
-99.5629 85.3147 1.63008 0.964357 -25.6072 41.3772
-99.558 85.1863 1.83688 0.970422 -25.7144 41.3412
-99.5532 85.0575 2.0435 0.976467 -25.8214 41.3056
-99.5483 84.9281 2.24994 0.982492 -25.9282 41.2702
-99.5433 84.7982 2.4562 0.988496 -26.0348 41.2352
-99.5384 84.6678 2.66229 0.994478 -26.1411 41.2006
-99.5334 84.5368 2.86821 1.00044 -26.2472 41.1663
-99.5284 84.4053 3.07395 1.00638 -26.353 41.1324
-99.5233 84.2733 3.27953 1.01229 -26.4585 41.099
-99.5183 84.1407 3.48494 1.01818 -26.5638 41.066
-99.5132 84.0076 3.69019 1.02405 -26.6687 41.0334
-99.508 83.874 3.89528 1.02989 -26.7733 41.0014
-99.5029 83.7399 4.10021 1.0357 -26.8775 40.9698
-99.4977 83.6053 4.30498 1.04149 -26.9814 40.9388
-99.4924 83.4701 4.5096 1.04726 -27.0849 40.9084
-99.4872 83.3344 4.71406 1.05299 -27.1879 40.8786
-99.4819 83.1982 4.91838 1.0587 -27.2905 40.8494
-99.4766 83.0615 5.12256 1.06438 -27.3927 40.8208
-99.4713 82.9243 5.32659 1.07003 -27.4943 40.793
-99.4659 82.7866 5.53049 1.07565 -27.5954 40.7659
-99.4605 82.6483 5.73425 1.08125 -27.6959 40.7396
-99.4551 82.5096 5.93789 1.08681 -27.7958 40.7141
-99.4496 82.3704 6.1414 1.09235 -27.895 40.6895
-99.4442 82.2307 6.34478 1.09785 -27.9936 40.6657
-99.4387 82.0905 6.54806 1.10332 -28.0913 40.6429
-99.4331 81.9498 6.75122 1.10876 -28.1883 40.6211
-99.4276 81.8086 6.95427 1.11417 -28.2844 40.6004
-99.422 81.6669 7.15722 1.11955 -28.3796 40.5807
-99.4164 81.5248 7.36008 1.1249 -28.4738 40.5622
-99.4107 81.3822 7.56285 1.13021 -28.5669 40.5448
-99.4051 81.2391 7.76553 1.13549 -28.6589 40.5287
-99.3994 81.0956 7.96814 1.14074 -28.7496 40.5139
-99.3937 80.9516 8.17067 1.14595 -28.839 40.5005
-99.3879 80.8072 8.37315 1.15113 -28.9269 40.4885
-99.3822 80.6623 8.57556 1.15628 -29.0133 40.478
-99.3764 80.5171 8.77793 1.16139 -29.098 40.469
-99.3705 80.3714 8.98026 1.16646 -29.1808 40.4616
-99.3647 80.2253 9.18255 1.1715 -29.2618 40.4559
-99.3588 80.0788 9.38482 1.17651 -29.3405 40.4519
-99.3529 79.9319 9.58707 1.18148 -29.417 40.4496
-99.347 79.7846 9.78932 1.18641 -29.491 40.4492
-99.3411 79.637 9.99157 1.1913 -29.5624 40.4506
-99.3351 79.489 10.1938 1.19616 -29.6308 40.4539
-99.3291 79.3406 10.3961 1.20098 -29.696 40.4591
-99.3231 79.192 10.5984 1.20576 -29.7579 40.4662
-99.3171 79.0431 10.8008 1.2105 -29.8161 40.4752
-99.311 78.8939 11.0032 1.2152 -29.8704 40.4861
-99.3049 78.7444 11.2056 1.21985 -29.9204 40.4989
-99.2988 78.5947 11.4082 1.22447 -29.9658 40.5134
-99.2927 78.4447 11.6108 1.22904 -30.0063 40.5296
-99.2865 78.2946 11.8135 1.23357 -30.0416 40.5474
-99.2803 78.1443 12.0163 1.23805 -30.0712 40.5664
-99.2741 77.9939 12.2192 1.24248 -30.0949 40.5866
-99.2679 77.8434 12.4221 1.24687 -30.1122 40.6076
-99.2617 77.6928 12.6252 1.2512 -30.1229 40.6291
-99.2554 77.5422 12.8284 1.25548 -30.1267 40.6507
-99.2491 77.3915 13.0317 1.25971 -30.1231 40.6719
-99.2428 77.2409 13.2352 1.26389 -30.1121 40.6921
-99.2365 77.0904 13.4387 1.268 -30.0935 40.7108
-99.2301 76.94 13.6423 1.27207 -30.0672 40.7273
-99.2237 76.7898 13.8459 1.27607 -30.0331 40.7408
-99.2173 76.6397 14.0497 1.28001 -29.9915 40.7507
-99.2109 76.4899 14.2534 1.28389 -29.9426 40.756
-99.2045 76.3403 14.4572 1.28771 -29.8868 40.756
-99.1981 76.191 14.661 1.29147 -29.8247 40.7499
-99.1916 76.0421 14.8647 1.29517 -29.7569 40.737
-99.1851 75.8935 15.0684 1.29881 -29.6843 40.7167
-99.1786 75.7453 15.2719 1.3024 -29.6078 40.6882
-99.1721 75.5974 15.4752 1.30593 -29.5285 40.6513
-99.1655 75.45 15.6784 1.3094 -29.4476 40.6056
-99.159 75.303 15.8813 1.31283 -29.3662 40.5509
-99.1524 75.1563 16.0839 1.31621 -29.2855 40.4873
-99.1458 75.0101 16.2861 1.31955 -29.2067 40.415
-99.1392 74.8643 16.488 1.32285 -29.1308 40.3343
-99.1326 74.7188 16.6895 1.32611 -29.0588 40.2457
-99.126 74.5737 16.8905 1.32934 -28.9916 40.1496
-99.1193 74.4289 17.091 1.33255 -28.9299 40.0469
-99.1126 74.2844 17.2909 1.33572 -28.8744 39.9381
-99.1059 74.1401 17.4903 1.33888 -28.8254 39.824
-99.0992 73.9961 17.6891 1.34202 -28.7834 39.7053
-99.0925 73.8523 17.8874 1.34514 -28.7485 39.5828
-99.0858 73.7086 18.085 1.34824 -28.7208 39.4571
-99.079 73.5651 18.2819 1.35133 -28.7003 39.329
-99.0723 73.4216 18.4782 1.35441 -28.6869 39.1989
-99.0655 73.2782 18.6739 1.35747 -28.6805 39.0675
-99.0587 73.1348 18.8689 1.36052 -28.6807 38.9352
-99.0519 72.9914 19.0633 1.36356 -28.6875 38.8024
-99.0451 72.8479 19.2569 1.36659 -28.7004 38.6696
-99.0382 72.7044 19.45 1.36961 -28.7192 38.537
-99.0314 72.5607 19.6423 1.37262 -28.7436 38.4049
-99.0245 72.4169 19.834 1.37562 -28.7732 38.2734
-99.0176 72.273 20.025 1.3786 -28.8077 38.1429
-99.0107 72.1289 20.2154 1.38157 -28.8469 38.0134
-99.0038 71.9845 20.4052 1.38453 -28.8904 37.885
-98.9969 71.8399 20.5943 1.38748 -28.938 37.7579
-98.9899 71.6951 20.7828 1.39042 -28.9894 37.6321
-98.983 71.5501 20.9706 1.39334 -29.0442 37.5076
-98.976 71.4047 21.1578 1.39625 -29.1024 37.3844
-98.969 71.259 21.3444 1.39914 -29.1636 37.2626
-98.962 71.113 21.5305 1.40202 -29.2277 37.1422
-98.955 70.9667 21.7159 1.40489 -29.2943 37.0232
-98.948 70.8201 21.9007 1.40774 -29.3635 36.9055
-98.9409 70.6731 22.0849 1.41058 -29.4349 36.7891
-98.9338 70.5257 22.2686 1.4134 -29.5085 36.674
-98.9268 70.378 22.4517 1.4162 -29.5841 36.5601
-98.9197 70.2299 22.6342 1.41899 -29.6615 36.4475
-98.9126 70.0814 22.8161 1.42177 -29.7406 36.3361
-98.9055 69.9325 22.9975 1.42452 -29.8213 36.2258
-98.8983 69.7832 23.1784 1.42727 -29.9035 36.1166
-98.8912 69.6335 23.3587 1.42999 -29.9871 36.0085
-98.884 69.4833 23.5385 1.4327 -30.072 35.9014
-98.8769 69.3327 23.7177 1.43539 -30.1581 35.7954
-98.8697 69.1817 23.8964 1.43806 -30.2453 35.6902
-98.8625 69.0303 24.0746 1.44072 -30.3336 35.586
-98.8553 68.8784 24.2523 1.44336 -30.4229 35.4827
-98.8481 68.726 24.4295 1.44599 -30.5131 35.3801
-98.8408 68.5733 24.6061 1.44859 -30.6042 35.2784
-98.8336 68.42 24.7822 1.45118 -30.6961 35.1775
-98.8263 68.2663 24.9579 1.45376 -30.7888 35.0773
-98.819 68.1121 25.133 1.45631 -30.8822 34.9778
-98.8117 67.9575 25.3077 1.45885 -30.9762 34.879
-98.8044 67.8024 25.4818 1.46137 -31.0709 34.7808
-98.7971 67.6468 25.6555 1.46388 -31.1663 34.6832
-98.7898 67.4907 25.8286 1.46637 -31.2621 34.5862
-98.7825 67.3341 26.0013 1.46884 -31.3585 34.4898
-98.7751 67.1771 26.1735 1.47129 -31.4555 34.3939
-98.7678 67.0196 26.3453 1.47373 -31.5528 34.2984
-98.7604 66.8616 26.5165 1.47615 -31.6507 34.2035
-98.753 66.7031 26.6873 1.47856 -31.7489 34.1091
-98.7456 66.5441 26.8576 1.48095 -31.8476 34.015
-98.7382 66.3846 27.0275 1.48332 -31.9467 33.9214
-98.7308 66.2246 27.1968 1.48567 -32.0461 33.8282
-98.7233 66.0641 27.3657 1.48801 -32.1458 33.7354
-98.7159 65.9032 27.5342 1.49033 -32.2459 33.6429
-98.7084 65.7417 27.7022 1.49264 -32.3463 33.5507
-98.701 65.5797 27.8697 1.49493 -32.447 33.4589
-98.6935 65.4172 28.0368 1.4972 -32.5479 33.3674
-98.686 65.2542 28.2034 1.49946 -32.6492 33.2762
-98.6785 65.0907 28.3695 1.5017 -32.7507 33.1852
-98.671 64.9267 28.5352 1.50392 -32.8524 33.0945
-98.6634 64.7622 28.7005 1.50613 -32.9543 33.0041
-98.6559 64.5972 28.8653 1.50833 -33.0565 32.9138
-98.6484 64.4316 29.0296 1.51051 -33.1589 32.8238
-98.6408 64.2656 29.1935 1.51267 -33.2615 32.734
-98.6332 64.099 29.3569 1.51481 -33.3643 32.6444
-98.6256 63.9319 29.5199 1.51695 -33.4673 32.555
-98.6181 63.7643 29.6825 1.51906 -33.5705 32.4658
-98.6105 63.5962 29.8446 1.52116 -33.6738 32.3767
-98.6028 63.4276 30.0063 1.52325 -33.7773 32.2877
-98.5952 63.2584 30.1675 1.52532 -33.881 32.1989
-98.5876 63.0888 30.3283 1.52737 -33.9848 32.1102
-98.58 62.9186 30.4886 1.52941 -34.0887 32.0217
-98.5723 62.7479 30.6485 1.53144 -34.1928 31.9332
-98.5646 62.5767 30.8079 1.53345 -34.2971 31.8449
-98.557 62.4049 30.9669 1.53544 -34.4014 31.7566
-98.5493 62.2327 31.1255 1.53742 -34.5059 31.6685
-98.5416 62.0599 31.2836 1.53939 -34.6106 31.5804
-98.5339 61.8866 31.4413 1.54134 -34.7153 31.4924
-98.5262 61.7127 31.5985 1.54328 -34.8202 31.4044
-98.5185 61.5383 31.7553 1.5452 -34.9251 31.3165
-98.5107 61.3635 31.9117 1.54711 -35.0302 31.2287
-98.503 61.188 32.0676 1.549 -35.1354 31.1409
-98.4952 61.0121 32.2231 1.55088 -35.2407 31.0531
-98.4875 60.8356 32.3782 1.55275 -35.3461 30.9654
-98.4797 60.6586 32.5328 1.5546 -35.4516 30.8777
-98.4719 60.4811 32.6869 1.55644 -35.5572 30.79
-98.4641 60.3031 32.8407 1.55826 -35.6628 30.7023
-98.4563 60.1245 32.994 1.56007 -35.7686 30.6146
-98.4485 59.9454 33.1468 1.56187 -35.8745 30.527
-98.4407 59.7657 33.2992 1.56365 -35.9804 30.4393
-98.4329 59.5856 33.4512 1.56542 -36.0864 30.3516
-98.4251 59.4049 33.6027 1.56718 -36.1925 30.2639
-98.4172 59.2237 33.7538 1.56892 -36.2987 30.1762
-98.4094 59.0419 33.9045 1.57065 -36.405 30.0885
-98.4015 58.8596 34.0547 1.57236 -36.5114 30.0007
-98.3937 58.6768 34.2045 1.57406 -36.6178 29.9129
-98.3858 58.4934 34.3539 1.57575 -36.7243 29.8251
-98.3779 58.3095 34.5028 1.57743 -36.8309 29.7372
-98.37 58.1251 34.6512 1.57909 -36.9375 29.6493
-98.3621 57.9402 34.7993 1.58074 -37.0442 29.5614
-98.3542 57.7547 34.9468 1.58238 -37.151 29.4734
-98.3463 57.5687 35.094 1.584 -37.2579 29.3853
-98.3384 57.3821 35.2407 1.58561 -37.3648 29.2972
-98.3304 57.195 35.387 1.58721 -37.4718 29.209
-98.3225 57.0074 35.5328 1.58879 -37.5789 29.1207
-98.3145 56.8192 35.6782 1.59036 -37.686 29.0324
-98.3066 56.6305 35.8231 1.59192 -37.7932 28.944
-98.2986 56.4413 35.9676 1.59347 -37.9004 28.8556
-98.2907 56.2515 36.1117 1.595 -38.0078 28.767
-98.2827 56.0612 36.2553 1.59652 -38.1152 28.6784
-98.2747 55.8704 36.3984 1.59803 -38.2226 28.5897
-98.2667 55.679 36.5412 1.59953 -38.3301 28.5009
-98.2587 55.4871 36.6835 1.60101 -38.4377 28.412
-98.2507 55.2946 36.8253 1.60248 -38.5453 28.323
-98.2427 55.1016 36.9667 1.60394 -38.653 28.2339
-98.2346 54.9081 37.1076 1.60539 -38.7608 28.1447
-98.2266 54.714 37.2481 1.60682 -38.8686 28.0554
-98.2186 54.5194 37.3882 1.60824 -38.9765 27.966
-98.2105 54.3242 37.5278 1.60965 -39.0844 27.8765
-98.2025 54.1285 37.667 1.61105 -39.1925 27.7869
-98.1944 53.9323 37.8057 1.61244 -39.3005 27.6972
-98.1864 53.7355 37.9439 1.61381 -39.4086 27.6074
-98.1783 53.5382 38.0817 1.61517 -39.5168 27.5174
-98.1702 53.3404 38.2191 1.61652 -39.6251 27.4273
-98.1621 53.142 38.356 1.61786 -39.7334 27.3371
-98.154 52.943 38.4925 1.61918 -39.8417 27.2468
-98.1459 52.7436 38.6285 1.6205 -39.9501 27.1564
-98.1378 52.5435 38.764 1.6218 -40.0586 27.0658
-98.1297 52.343 38.8991 1.62309 -40.1671 26.9751
-98.1216 52.1419 39.0338 1.62437 -40.2757 26.8842
-98.1135 51.9402 39.168 1.62564 -40.3844 26.7933
-98.1053 51.738 39.3017 1.62689 -40.4931 26.7021
-98.0972 51.5353 39.435 1.62814 -40.6019 26.6109
-98.0891 51.332 39.5678 1.62937 -40.7107 26.5195
-98.0809 51.1282 39.7002 1.63059 -40.8196 26.4279
-98.0727 50.9238 39.8321 1.6318 -40.9286 26.3362
-98.0646 50.7189 39.9636 1.63299 -41.0376 26.2444
-98.0564 50.5134 40.0945 1.63418 -41.1466 26.1524
-98.0482 50.3074 40.2251 1.63535 -41.2558 26.0602
-98.0401 50.1009 40.3552 1.63652 -41.3649 25.9679
-98.0319 49.8938 40.4848 1.63767 -41.4742 25.8755
-98.0237 49.6861 40.6139 1.63881 -41.5835 25.7828
-98.0155 49.4779 40.7426 1.63993 -41.6929 25.69
-98.0073 49.2692 40.8708 1.64105 -41.8023 25.5971
-97.9991 49.0599 40.9986 1.64216 -41.9118 25.504
-97.9909 48.8501 41.1258 1.64325 -42.0213 25.4107
-97.9826 48.6397 41.2527 1.64433 -42.1309 25.3173
-97.9744 48.4288 41.379 1.64541 -42.2406 25.2237
-97.9662 48.2173 41.5049 1.64647 -42.3503 25.1299
-97.958 48.0053 41.6303 1.64752 -42.4601 25.0359
-97.9497 47.7927 41.7553 1.64855 -42.57 24.9418
-97.9415 47.5796 41.8797 1.64958 -42.6799 24.8474
-97.9332 47.3659 42.0037 1.6506 -42.7899 24.7529
-97.925 47.1517 42.1273 1.6516 -42.8999 24.6583
-97.9167 46.9369 42.2503 1.65259 -43.01 24.5634
-97.9084 46.7216 42.3729 1.65358 -43.1202 24.4684
-97.9002 46.5057 42.495 1.65455 -43.2304 24.3731
-97.8919 46.2893 42.6166 1.65551 -43.3407 24.2777
-97.8836 46.0723 42.7378 1.65646 -43.4511 24.1821
-97.8753 45.8548 42.8585 1.65739 -43.5615 24.0863
-97.867 45.6367 42.9786 1.65832 -43.672 23.9903
-97.8587 45.418 43.0984 1.65924 -43.7826 23.8941
-97.8504 45.1988 43.2176 1.66014 -43.8932 23.7977
-97.8421 44.9791 43.3363 1.66104 -44.0039 23.7011
-97.8338 44.7588 43.4546 1.66192 -44.1146 23.6043
-97.8255 44.538 43.5724 1.66279 -44.2254 23.5073
-97.8172 44.3165 43.6897 1.66365 -44.3363 23.4101
-97.8089 44.0946 43.8065 1.6645 -44.4473 23.3127
-97.8006 43.8721 43.9228 1.66534 -44.5583 23.2151
-97.7922 43.649 44.0386 1.66617 -44.6694 23.1173
-97.7839 43.4254 44.154 1.66698 -44.7805 23.0193
-97.7756 43.2012 44.2688 1.66779 -44.8918 22.921
-97.7672 42.9765 44.3832 1.66859 -45.0031 22.8226
-97.7589 42.7512 44.497 1.66937 -45.1144 22.7239
-97.7505 42.5253 44.6104 1.67014 -45.2259 22.625
-97.7422 42.2989 44.7233 1.67091 -45.3374 22.5259
-97.7338 42.0719 44.8357 1.67166 -45.4489 22.4266
-97.7255 41.8444 44.9476 1.6724 -45.5606 22.327
-97.7171 41.6163 45.0589 1.67313 -45.6723 22.2273
-97.7087 41.3877 45.1698 1.67385 -45.7841 22.1272
-97.7004 41.1585 45.2802 1.67455 -45.896 22.027
-97.692 40.9287 45.3901 1.67525 -46.0079 21.9266
-97.6836 40.6984 45.4995 1.67594 -46.1199 21.8259
-97.6752 40.4675 45.6084 1.67661 -46.232 21.7249
-97.6668 40.2361 45.7167 1.67728 -46.3441 21.6238
-97.6585 40.0041 45.8246 1.67793 -46.4564 21.5224
-97.6501 39.7715 45.932 1.67857 -46.5687 21.4207
-97.6417 39.5384 46.0388 1.67921 -46.6811 21.3189
-97.6333 39.3047 46.1451 1.67983 -46.7935 21.2167
-97.6249 39.0705 46.251 1.68044 -46.9061 21.1144
-97.6165 38.8357 46.3563 1.68104 -47.0187 21.0118
-97.6081 38.6003 46.4611 1.68163 -47.1314 20.9089
-97.5997 38.3643 46.5654 1.6822 -47.2441 20.8058
-97.5912 38.1278 46.6692 1.68277 -47.357 20.7025
-97.5828 37.8908 46.7724 1.68333 -47.4699 20.5989
-97.5744 37.6531 46.8751 1.68387 -47.5829 20.495
-97.566 37.4149 46.9774 1.68441 -47.696 20.3909
-97.5576 37.1762 47.0791 1.68493 -47.8092 20.2865
-97.5491 36.9369 47.1802 1.68544 -47.9224 20.1819
-97.5407 36.697 47.2809 1.68594 -48.0357 20.077
-97.5323 36.4565 47.381 1.68644 -48.1492 19.9719
-97.5238 36.2155 47.4806 1.68692 -48.2626 19.8665
-97.5154 35.9739 47.5797 1.68738 -48.3762 19.7608
-97.507 35.7317 47.6782 1.68784 -48.4899 19.6548
-97.4985 35.489 47.7762 1.68829 -48.6036 19.5486
-97.4901 35.2457 47.8737 1.68873 -48.7175 19.4421
-97.4816 35.0018 47.9706 1.68915 -48.8314 19.3354
-97.4732 34.7574 48.067 1.68957 -48.9454 19.2283
-97.4647 34.5123 48.1629 1.68997 -49.0595 19.121
-97.4563 34.2668 48.2582 1.69036 -49.1736 19.0134
-97.4478 34.0206 48.353 1.69074 -49.2879 18.9056
-97.4394 33.7739 48.4473 1.69111 -49.4022 18.7974
-97.4309 33.5266 48.541 1.69147 -49.5167 18.689
-97.4225 33.2787 48.6342 1.69182 -49.6312 18.5803
-97.414 33.0303 48.7268 1.69216 -49.7458 18.4713
-97.4056 32.7813 48.8189 1.69249 -49.8605 18.362
-97.3971 32.5317 48.9104 1.6928 -49.9753 18.2524
-97.3886 32.2815 49.0014 1.69311 -50.0902 18.1425
-97.3802 32.0308 49.0919 1.6934 -50.2052 18.0323
-97.3717 31.7795 49.1818 1.69368 -50.3203 17.9218
-97.3632 31.5276 49.2711 1.69395 -50.4354 17.8111
-97.3547 31.2751 49.3599 1.69421 -50.5507 17.7
-97.3463 31.0221 49.4481 1.69446 -50.666 17.5886
-97.3378 30.7684 49.5357 1.6947 -50.7815 17.4769
-97.3293 30.5142 49.6229 1.69493 -50.897 17.3649
-97.3209 30.2595 49.7094 1.69514 -51.0127 17.2527
-97.3124 30.0041 49.7954 1.69535 -51.1284 17.14
-97.3039 29.7482 49.8808 1.69554 -51.2442 17.0271
-97.2954 29.4917 49.9657 1.69572 -51.3601 16.9139
-97.2869 29.2346 50.0499 1.69589 -51.4762 16.8003
-97.2785 28.9769 50.1337 1.69605 -51.5923 16.6865
-97.27 28.7187 50.2168 1.6962 -51.7085 16.5723
-97.2615 28.4598 50.2994 1.69634 -51.8248 16.4578
-97.253 28.2004 50.3814 1.69646 -51.9413 16.3429
-97.2445 27.9404 50.4628 1.69658 -52.0578 16.2278
-97.2361 27.6798 50.5437 1.69668 -52.1744 16.1123
-97.2276 27.4187 50.6239 1.69677 -52.2912 15.9965
-97.2191 27.1569 50.7036 1.69685 -52.408 15.8803
-97.2106 26.8946 50.7827 1.69692 -52.5249 15.7638
-97.2021 26.6317 50.8613 1.69697 -52.642 15.647
-97.1936 26.3682 50.9392 1.69702 -52.7591 15.5299
-97.1851 26.1041 51.0166 1.69705 -52.8764 15.4124
-97.1767 25.8394 51.0933 1.69707 -52.9937 15.2945
-97.1682 25.5741 51.1695 1.69708 -53.1112 15.1763
-97.1597 25.3083 51.2451 1.69708 -53.2288 15.0578
-97.1512 25.0419 51.3201 1.69707 -53.3465 14.9389
-97.1427 24.7748 51.3945 1.69705 -53.4643 14.8196
-97.1342 24.5072 51.4683 1.69701 -53.5822 14.7001
-97.1258 24.239 51.5415 1.69696 -53.7002 14.5801
-97.1173 23.9702 51.6141 1.6969 -53.8183 14.4598
-97.1088 23.7008 51.6861 1.69683 -53.9366 14.3391
-97.1003 23.4308 51.7575 1.69674 -54.0549 14.2181
-97.0918 23.1603 51.8283 1.69665 -54.1734 14.0967
-97.0833 22.8891 51.8984 1.69654 -54.2919 13.9749
-97.0748 22.6174 51.968 1.69642 -54.4106 13.8528
-97.0664 22.345 52.037 1.69629 -54.5294 13.7303
-97.0579 22.0721 52.1053 1.69614 -54.6484 13.6074
-97.0494 21.7985 52.173 1.69599 -54.7674 13.4842
-97.0409 21.5244 52.2402 1.69582 -54.8866 13.3605
-97.0324 21.2497 52.3066 1.69564 -55.0058 13.2365
-97.024 20.9743 52.3725 1.69544 -55.1252 13.1121
-97.0155 20.6984 52.4378 1.69524 -55.2447 12.9873
-97.007 20.4219 52.5024 1.69502 -55.3644 12.8621
-96.9985 20.1448 52.5664 1.69479 -55.4841 12.7366
-96.9901 19.867 52.6298 1.69455 -55.604 12.6106
-96.9816 19.5887 52.6925 1.69429 -55.724 12.4843
-96.9731 19.3098 52.7546 1.69402 -55.8441 12.3575
-96.9647 19.0303 52.8161 1.69374 -55.9644 12.2304
-96.9562 18.7502 52.8769 1.69345 -56.0847 12.1028
-96.9477 18.4694 52.9371 1.69314 -56.2052 11.9748
-96.9393 18.1881 52.9967 1.69282 -56.3258 11.8465
-96.9308 17.9062 53.0556 1.69249 -56.4466 11.7177
-96.9223 17.6236 53.1138 1.69214 -56.5675 11.5885
-96.9139 17.3405 53.1714 1.69179 -56.6885 11.4589
-96.9054 17.0567 53.2284 1.69141 -56.8096 11.3289
-96.897 16.7724 53.2847 1.69103 -56.9309 11.1984
-96.8885 16.4874 53.3404 1.69063 -57.0523 11.0675
-96.8801 16.2019 53.3954 1.69022 -57.1738 10.9362
-96.8716 15.9157 53.4498 1.6898 -57.2955 10.8045
-96.8632 15.6289 53.5035 1.68936 -57.4173 10.6723
-96.8547 15.3415 53.5565 1.68891 -57.5392 10.5397
-96.8463 15.0535 53.6089 1.68844 -57.6612 10.4067
-96.8378 14.7649 53.6606 1.68796 -57.7834 10.2732
-96.8294 14.4757 53.7116 1.68747 -57.9058 10.1393
-96.8209 14.1859 53.7619 1.68696 -58.0282 10.005
-96.8125 13.8954 53.8116 1.68644 -58.1509 9.87016
-96.8041 13.6043 53.8606 1.68591 -58.2736 9.73491
-96.7957 13.3127 53.909 1.68536 -58.3965 9.5992
-96.7872 13.0204 53.9566 1.6848 -58.5195 9.46303
-96.7788 12.7275 54.0036 1.68422 -58.6427 9.3264
-96.7704 12.434 54.0499 1.68363 -58.766 9.18932
-96.762 12.1398 54.0955 1.68302 -58.8895 9.05177
-96.7536 11.8451 54.1404 1.6824 -59.0131 8.91375
-96.7451 11.5497 54.1846 1.68177 -59.1368 8.77526
-96.7367 11.2537 54.2282 1.68112 -59.2607 8.63629
-96.7283 10.9571 54.271 1.68045 -59.3847 8.49685
-96.7199 10.6598 54.3131 1.67977 -59.5089 8.35694
-96.7115 10.362 54.3546 1.67908 -59.6333 8.21653
-96.7031 10.0635 54.3953 1.67837 -59.7578 8.07565
-96.6948 9.76441 54.4353 1.67764 -59.8824 7.93428
-96.6864 9.46469 54.4747 1.6769 -60.0072 7.79241
-96.678 9.16434 54.5133 1.67615 -60.1321 7.65005
-96.6696 8.86337 54.5512 1.67538 -60.2572 7.5072
-96.6612 8.56177 54.5883 1.67459 -60.3825 7.36384
-96.6529 8.25954 54.6248 1.67379 -60.5079 7.21998
-96.6445 7.95669 54.6605 1.67297 -60.6334 7.07562
-96.6361 7.65321 54.6955 1.67213 -60.7591 6.93074
-96.6278 7.3491 54.7298 1.67128 -60.885 6.78535
-96.6194 7.04436 54.7634 1.67041 -61.0111 6.63945
-96.6111 6.73899 54.7962 1.66953 -61.1373 6.49303
-96.6027 6.43298 54.8283 1.66863 -61.2636 6.34609
-96.5944 6.12635 54.8597 1.66771 -61.3901 6.19862
-96.586 5.81908 54.8903 1.66678 -61.5168 6.05062
-96.5777 5.51118 54.9202 1.66583 -61.6437 5.9021
-96.5694 5.20265 54.9493 1.66486 -61.7707 5.75303
-96.5611 4.89347 54.9777 1.66387 -61.8978 5.60344
-96.5528 4.58367 55.0054 1.66287 -62.0252 5.4533
-96.5444 4.27322 55.0323 1.66185 -62.1527 5.30261
-96.5361 3.96214 55.0584 1.66081 -62.2804 5.15138
-96.5278 3.65042 55.0838 1.65975 -62.4082 4.9996
-96.5195 3.33806 55.1084 1.65867 -62.5362 4.84726
-96.5112 3.02506 55.1322 1.65758 -62.6644 4.69437
-96.503 2.71141 55.1553 1.65647 -62.7928 4.54092
-96.4947 2.39713 55.1777 1.65534 -62.9213 4.3869
-96.4864 2.0822 55.1992 1.65419 -63.0501 4.23232
-96.4781 1.76663 55.22 1.65302 -63.179 4.07716
-96.4699 1.45041 55.24 1.65183 -63.308 3.92144
-96.4616 1.13355 55.2592 1.65062 -63.4373 3.76513
-96.4534 0.816035 55.2776 1.6494 -63.5667 3.60825
-96.4451 0.497878 55.2953 1.64815 -63.6963 3.45078
-96.4369 0.179072 55.3121 1.64688 -63.8261 3.29273
-96.4287 -0.140384 55.3282 1.64559 -63.9561 3.13408
-96.4204 -0.460489 55.3435 1.64428 -64.0862 2.97484
-96.4122 -0.781246 55.358 1.64295 -64.2166 2.81501
-96.404 -1.10266 55.3716 1.6416 -64.3471 2.65458
-96.3958 -1.42472 55.3845 1.64023 -64.4778 2.49354
-96.3876 -1.74743 55.3966 1.63884 -64.6087 2.33189
-96.3794 -2.07081 55.4078 1.63742 -64.7398 2.16964
-96.3712 -2.39483 55.4183 1.63599 -64.8711 2.00677
-96.363 -2.71952 55.4279 1.63453 -65.0026 1.84328
-96.3549 -3.04486 55.4367 1.63305 -65.1343 1.67918
-96.3467 -3.37086 55.4447 1.63154 -65.2661 1.51445
-96.3386 -3.69752 55.4518 1.63001 -65.3982 1.3491
-96.3304 -4.02484 55.4582 1.62846 -65.5304 1.18311
-96.3223 -4.35283 55.4637 1.62688 -65.6629 1.01649
-96.3141 -4.68147 55.4683 1.62528 -65.7955 0.849235
-96.306 -5.01078 55.4722 1.62366 -65.9284 0.681339
-96.2979 -5.34076 55.4751 1.62201 -66.0614 0.5128
-96.2898 -5.6714 55.4773 1.62034 -66.1947 0.343615
-96.2817 -6.0027 55.4786 1.61864 -66.3281 0.173779
-96.2736 -6.33468 55.479 1.61691 -66.4617 0.00329086
-96.2655 -6.66732 55.4786 1.61516 -66.5956 -0.167854
-96.2575 -7.00063 55.4773 1.61339 -66.7296 -0.339658
-96.2494 -7.33462 55.4752 1.61158 -66.8639 -0.512125
-96.2414 -7.66927 55.4722 1.60975 -66.9984 -0.685259
-96.2333 -8.0046 55.4684 1.60789 -67.133 -0.859061
-96.2253 -8.3406 55.4636 1.606 -67.2679 -1.03354
-96.2172 -8.67728 55.458 1.60409 -67.403 -1.20869
-96.2092 -9.01463 55.4515 1.60215 -67.5383 -1.38451
-96.2012 -9.35266 55.4442 1.60017 -67.6738 -1.56102
-96.1932 -9.69137 55.4359 1.59817 -67.8095 -1.73822
-96.1852 -10.0308 55.4268 1.59614 -67.9454 -1.9161
-96.1773 -10.3708 55.4168 1.59407 -68.0815 -2.09468
-96.1693 -10.7116 55.4059 1.59198 -68.2178 -2.27394
-96.1614 -11.053 55.394 1.58985 -68.3543 -2.45391
-96.1534 -11.3951 55.3813 1.5877 -68.4911 -2.63457
-96.1455 -11.7379 55.3677 1.58551 -68.628 -2.81594
-96.1376 -12.0814 55.3532 1.58329 -68.7652 -2.99801
-96.1296 -12.4256 55.3377 1.58103 -68.9026 -3.1808
-96.1217 -12.7704 55.3213 1.57874 -69.0402 -3.36429
-96.1139 -13.116 55.3041 1.57642 -69.1779 -3.5485
-96.106 -13.4622 55.2859 1.57406 -69.3159 -3.73343
-96.0981 -13.8091 55.2667 1.57167 -69.4541 -3.91907
-96.0903 -14.1567 55.2467 1.56924 -69.5925 -4.10544
-96.0824 -14.5051 55.2257 1.56677 -69.7311 -4.29254
-96.0746 -14.8541 55.2037 1.56427 -69.87 -4.48037
-96.0668 -15.2038 55.1809 1.56173 -70.009 -4.66892
-96.059 -15.5541 55.1571 1.55915 -70.1482 -4.85822
-96.0512 -15.9052 55.1323 1.55654 -70.2876 -5.04825
-96.0434 -16.257 55.1066 1.55388 -70.4272 -5.23902
-96.0356 -16.6095 55.0799 1.55119 -70.567 -5.43054
-96.0279 -16.9627 55.0523 1.54845 -70.707 -5.62281
-96.0202 -17.3166 55.0237 1.54568 -70.8471 -5.81582
-96.0124 -17.6712 54.9941 1.54286 -70.9875 -6.00959
-96.0047 -18.0265 54.9636 1.54 -71.128 -6.20412
-95.997 -18.3824 54.9321 1.5371 -71.2688 -6.39941
-95.9894 -18.7391 54.8996 1.53416 -71.4097 -6.59546
-95.9817 -19.0965 54.8661 1.53117 -71.5507 -6.79228
-95.9741 -19.4546 54.8317 1.52814 -71.6919 -6.98987
-95.9664 -19.8135 54.7962 1.52507 -71.8333 -7.18824
-95.9588 -20.173 54.7598 1.52195 -71.9749 -7.38739
-95.9512 -20.5332 54.7223 1.51878 -72.1166 -7.58732
-95.9436 -20.8941 54.6839 1.51557 -72.2584 -7.78804
-95.936 -21.2558 54.6445 1.51232 -72.4004 -7.98955
-95.9285 -21.6182 54.604 1.50901 -72.5425 -8.19186
-95.921 -21.9812 54.5625 1.50566 -72.6847 -8.39497
-95.9134 -22.345 54.5201 1.50226 -72.8271 -8.5989
-95.9059 -22.7095 54.4766 1.49881 -72.9696 -8.80364
-95.8984 -23.0747 54.432 1.49532 -73.1121 -9.0092
-95.891 -23.4406 54.3865 1.49178 -73.2548 -9.21558
-95.8835 -23.8072 54.3399 1.48818 -73.3976 -9.42281
-95.8761 -24.1746 54.2922 1.48454 -73.5404 -9.63087
-95.8687 -24.5426 54.2436 1.48085 -73.6833 -9.83979
-95.8613 -24.9114 54.1938 1.47711 -73.8262 -10.0496
-95.8539 -25.2809 54.1431 1.47332 -73.9692 -10.2602
-95.8466 -25.6511 54.0912 1.46948 -74.1123 -10.4717
-95.8392 -26.022 54.0383 1.46559 -74.2554 -10.6841
-95.8319 -26.3937 53.9844 1.46165 -74.3985 -10.8974
-95.8246 -26.766 53.9294 1.45766 -74.5415 -11.1117
-95.8173 -27.1391 53.8733 1.45362 -74.6846 -11.3268
-95.8101 -27.5129 53.8161 1.44953 -74.8277 -11.5429
-95.8028 -27.8874 53.7578 1.44539 -74.9708 -11.7599
-95.7956 -28.2626 53.6985 1.4412 -75.1138 -11.9779
-95.7884 -28.6385 53.6381 1.43697 -75.2567 -12.1969
-95.7812 -29.0151 53.5765 1.43268 -75.3996 -12.4168
-95.7741 -29.3925 53.5139 1.42835 -75.5424 -12.6378
-95.767 -29.7706 53.4502 1.42397 -75.6852 -12.8598
-95.7598 -30.1493 53.3853 1.41954 -75.8278 -13.0828
-95.7528 -30.5288 53.3193 1.41507 -75.9703 -13.3069
-95.7457 -30.9091 53.2522 1.41055 -76.1127 -13.5321
-95.7387 -31.29 53.184 1.40598 -76.255 -13.7584
-95.7316 -31.6716 53.1146 1.40137 -76.3971 -13.9859
-95.7246 -32.0539 53.0441 1.39672 -76.5391 -14.2144
-95.7177 -32.437 52.9725 1.39202 -76.6809 -14.4442
-95.7107 -32.8208 52.8997 1.38728 -76.8225 -14.6751
-95.7038 -33.2052 52.8258 1.3825 -76.9639 -14.9073
-95.6969 -33.5904 52.7506 1.37768 -77.1052 -15.1407
-95.69 -33.9763 52.6743 1.37282 -77.2462 -15.3753
-95.6832 -34.3629 52.5969 1.36793 -77.387 -15.6113
-95.6763 -34.7501 52.5182 1.36299 -77.5276 -15.8486
-95.6695 -35.1381 52.4384 1.35802 -77.668 -16.0872
-95.6628 -35.5268 52.3574 1.35301 -77.8081 -16.3272
-95.656 -35.9162 52.2751 1.34796 -77.948 -16.5686
-95.6493 -36.3063 52.1917 1.34289 -78.0877 -16.8115
-95.6426 -36.6971 52.107 1.33778 -78.2271 -17.0558
-95.6359 -37.0886 52.0211 1.33263 -78.3662 -17.3016
-95.6293 -37.4807 51.934 1.32746 -78.5051 -17.5489
-95.6226 -37.8736 51.8456 1.32226 -78.6438 -17.7977
-95.616 -38.2672 51.756 1.31702 -78.7821 -18.0481
-95.6095 -38.6614 51.6651 1.31176 -78.9202 -18.3001
-95.6029 -39.0564 51.573 1.30647 -79.0581 -18.5538
-95.5964 -39.452 51.4796 1.30115 -79.1957 -18.8091
-95.5899 -39.8483 51.3849 1.29581 -79.333 -19.0661
-95.5834 -40.2454 51.2889 1.29043 -79.47 -19.3248
-95.577 -40.643 51.1917 1.28504 -79.6068 -19.5852
-95.5706 -41.0414 51.0931 1.27961 -79.7433 -19.8474
-95.5642 -41.4405 50.9932 1.27416 -79.8796 -20.1114
-95.5578 -41.8402 50.892 1.26869 -80.0156 -20.3773
-95.5515 -42.2406 50.7894 1.26319 -80.1513 -20.6449
-95.5452 -42.6417 50.6855 1.25767 -80.2868 -20.9145
-95.5389 -43.0435 50.5803 1.25212 -80.422 -21.1859
-95.5327 -43.446 50.4737 1.24655 -80.557 -21.4593
-95.5265 -43.8491 50.3657 1.24096 -80.6918 -21.7347
-95.5203 -44.2529 50.2563 1.23534 -80.8263 -22.012
-95.5141 -44.6573 50.1456 1.22969 -80.9605 -22.2913
-95.508 -45.0625 50.0334 1.22402 -81.0946 -22.5726
-95.5019 -45.4683 49.9198 1.21833 -81.2284 -22.856
-95.4958 -45.8748 49.8048 1.2126 -81.362 -23.1414
-95.4898 -46.2819 49.6884 1.20686 -81.4953 -23.4289
-95.4837 -46.6897 49.5706 1.20108 -81.6284 -23.7186
-95.4777 -47.0982 49.4512 1.19528 -81.7613 -24.0104
-95.4718 -47.5073 49.3304 1.18945 -81.894 -24.3043
-95.4658 -47.9171 49.2082 1.18359 -82.0265 -24.6004
-95.4599 -48.3276 49.0844 1.17771 -82.1588 -24.8988
-95.4541 -48.7387 48.9592 1.17179 -82.2908 -25.1993
-95.4482 -49.1505 48.8325 1.16584 -82.4227 -25.5021
-95.4424 -49.5629 48.7042 1.15986 -82.5543 -25.8072
-95.4366 -49.976 48.5744 1.15385 -82.6857 -26.1145
-95.4309 -50.3898 48.443 1.1478 -82.8169 -26.4242
-95.4251 -50.8042 48.3101 1.14172 -82.9479 -26.7362
-95.4195 -51.2193 48.1757 1.1356 -83.0787 -27.0505
-95.4138 -51.635 48.0396 1.12945 -83.2093 -27.3672
-95.4082 -52.0514 47.902 1.12326 -83.3397 -27.6863
-95.4026 -52.4684 47.7628 1.11703 -83.4699 -28.0078
-95.397 -52.8861 47.6219 1.11076 -83.5998 -28.3318
-95.3915 -53.3044 47.4794 1.10444 -83.7295 -28.6582
-95.3859 -53.7234 47.3353 1.09809 -83.859 -28.987
-95.3805 -54.143 47.1896 1.09169 -83.9883 -29.3184
-95.375 -54.5633 47.0422 1.08525 -84.1173 -29.6523
-95.3696 -54.9842 46.8931 1.07876 -84.2462 -29.9888
-95.3642 -55.4057 46.7423 1.07222 -84.3747 -30.3278
-95.3589 -55.8279 46.5898 1.06564 -84.5031 -30.6694
-95.3536 -56.2507 46.4356 1.059 -84.6311 -31.0136
-95.3483 -56.6742 46.2796 1.05232 -84.7589 -31.3604
-95.3431 -57.0983 46.122 1.04558 -84.8865 -31.7099
-95.3378 -57.5231 45.9625 1.03878 -85.0138 -32.0621
-95.3327 -57.9485 45.8013 1.03194 -85.1408 -32.417
-95.3275 -58.3745 45.6384 1.02503 -85.2675 -32.7747
-95.3224 -58.8011 45.4736 1.01807 -85.3939 -33.135
-95.3173 -59.2284 45.307 1.01104 -85.52 -33.4982
-95.3123 -59.6563 45.1386 1.00396 -85.6458 -33.8642
-95.3073 -60.0849 44.9684 0.996808 -85.7712 -34.233
-95.3023 -60.5141 44.7963 0.989595 -85.8964 -34.6047
-95.2974 -60.9439 44.6223 0.982317 -86.0211 -34.9793
-95.2925 -61.3743 44.4465 0.974972 -86.1455 -35.3568
-95.2877 -61.8053 44.2688 0.967558 -86.2696 -35.7373
-95.2828 -62.237 44.0891 0.960074 -86.3932 -36.1207
-95.2781 -62.6692 43.9075 0.952518 -86.5165 -36.5071
-95.2733 -63.1021 43.724 0.944888 -86.6393 -36.8966
-95.2686 -63.5356 43.5386 0.937184 -86.7617 -37.2892
-95.2639 -63.9697 43.3511 0.929403 -86.8837 -37.6848
-95.2593 -64.4045 43.1617 0.921544 -87.0052 -38.0836
-95.2547 -64.8398 42.9703 0.913605 -87.1262 -38.4856
-95.2502 -65.2757 42.7769 0.905585 -87.2468 -38.8907
-95.2457 -65.7123 42.5814 0.897481 -87.3668 -39.2991
-95.2412 -66.1494 42.3839 0.889293 -87.4863 -39.7108
-95.2368 -66.5871 42.1843 0.881018 -87.6053 -40.1258
-95.2324 -67.0255 41.9826 0.872655 -87.7237 -40.5441
-95.2281 -67.4644 41.7789 0.864202 -87.8415 -40.9658
-95.2238 -67.9039 41.573 0.855657 -87.9588 -41.3909
-95.2195 -68.344 41.3649 0.847019 -88.0754 -41.8195
-95.2153 -68.7846 41.1548 0.838285 -88.1913 -42.2515
-95.2111 -69.2259 40.9424 0.829455 -88.3066 -42.6871
-95.207 -69.6677 40.7279 0.820525 -88.4212 -43.1263
-95.2029 -70.1101 40.5112 0.811494 -88.5351 -43.5691
-95.1989 -70.553 40.2922 0.80236 -88.6483 -44.0155
-95.1949 -70.9966 40.071 0.793122 -88.7607 -44.4657
-95.1909 -71.4407 39.8475 0.783777 -88.8723 -44.9195
-95.1871 -71.8853 39.6218 0.774323 -88.9832 -45.3772
-95.1832 -72.3305 39.3938 0.764758 -89.0931 -45.8387
-95.1794 -72.7762 39.1634 0.755081 -89.2023 -46.3041
-95.1757 -73.2225 38.9307 0.745289 -89.3105 -46.7734
-95.172 -73.6693 38.6957 0.73538 -89.4178 -47.2467
-95.1683 -74.1167 38.4583 0.725352 -89.5241 -47.724
-95.1647 -74.5646 38.2184 0.715203 -89.6295 -48.2054
-95.1611 -75.013 37.9762 0.70493 -89.7338 -48.6909
-95.1576 -75.4619 37.7315 0.694531 -89.8371 -49.1806
-95.1542 -75.9114 37.4844 0.684005 -89.9394 -49.6745
-95.1508 -76.3613 37.2348 0.673349 -90.0405 -50.1727
-95.1475 -76.8118 36.9827 0.66256 -90.1404 -50.6752
-95.1442 -77.2627 36.728 0.651635 -90.2392 -51.1822
-95.141 -77.7141 36.4709 0.640574 -90.3367 -51.6935
-95.1378 -78.1661 36.2111 0.629373 -90.433 -52.2094
-95.1347 -78.6185 35.9488 0.618029 -90.528 -52.7298
-95.1316 -79.0714 35.6838 0.606541 -90.6216 -53.2549
-95.1286 -79.5247 35.4162 0.594905 -90.7138 -53.7846
-95.1256 -79.9785 35.146 0.58312 -90.8046 -54.3191
-95.1228 -80.4327 34.873 0.571181 -90.8939 -54.8584
-95.1199 -80.8874 34.5974 0.559087 -90.9817 -55.4025
-95.1172 -81.3426 34.319 0.546835 -91.068 -55.9516
-95.1145 -81.7981 34.0378 0.534422 -91.1526 -56.5057
-95.1118 -82.2541 33.7539 0.521845 -91.2355 -57.0649
-95.1092 -82.7105 33.4672 0.509102 -91.3167 -57.6292
-95.1067 -83.1673 33.1776 0.496188 -91.3961 -58.1987
-95.1043 -83.6244 32.8852 0.483102 -91.4737 -58.7735
-95.1019 -84.082 32.5899 0.46984 -91.5494 -59.3536
-95.0996 -84.5399 32.2917 0.4564 -91.6232 -59.9392
-95.0973 -84.9982 31.9905 0.442777 -91.6949 -60.5302
-95.0952 -85.4569 31.6864 0.428969 -91.7645 -61.1269
-95.093 -85.9159 31.3792 0.414972 -91.8321 -61.7292
-95.091 -86.3752 31.0691 0.400783 -91.8974 -62.3372
-95.089 -86.8348 30.7559 0.386399 -91.9604 -62.951
-95.0871 -87.2948 30.4396 0.371816 -92.0211 -63.5707
-95.0853 -87.7551 30.1202 0.357031 -92.0794 -64.1964
-95.0836 -88.2156 29.7976 0.342039 -92.1352 -64.8282
-95.0819 -88.6764 29.4719 0.326839 -92.1884 -65.4661
-95.0803 -89.1375 29.1429 0.311424 -92.2389 -66.1103
-95.0788 -89.5988 28.8108 0.295793 -92.2868 -66.7608
-95.0773 -90.0603 28.4753 0.27994 -92.3318 -67.4177
-95.076 -90.5221 28.1366 0.263862 -92.3739 -68.0811
-95.0747 -90.9841 27.7945 0.247556 -92.413 -68.7511
-95.0735 -91.4462 27.4491 0.231016 -92.449 -69.4278
-95.0724 -91.9086 27.1002 0.214239 -92.4818 -70.1113
-95.0714 -92.3711 26.748 0.19722 -92.5113 -70.8017
-95.0704 -92.8337 26.3922 0.179955 -92.5374 -71.4991
-95.0696 -93.2964 26.033 0.16244 -92.56 -72.2036
-95.0688 -93.7593 25.6702 0.14467 -92.579 -72.9153
-95.0681 -94.2222 25.3038 0.126641 -92.5943 -73.6343
-95.0675 -94.6852 24.9338 0.108348 -92.6058 -74.3607
-95.067 -95.1483 24.5602 0.0897852 -92.6132 -75.0946
-95.0666 -95.6114 24.1829 0.0709493 -92.6166 -75.8362
-95.0663 -96.0744 23.8018 0.0518347 -92.6158 -76.5855
-95.0661 -96.5375 23.417 0.0324364 -92.6106 -77.3427
-95.066 -97.0006 23.0284 0.0127494 -92.6009 -78.1079
-95.066 -97.4635 22.6359 -0.00723168 -92.5865 -78.8811
-95.0661 -97.9264 22.2396 -0.0275121 -92.5674 -79.6626
-95.0663 -98.3892 21.8393 -0.0480972 -92.5433 -80.4524
-95.0666 -98.8519 21.4351 -0.0689925 -92.5141 -81.2507
-95.067 -99.3143 21.0268 -0.0902037 -92.4797 -82.0575
-95.0675 -99.7766 20.6145 -0.111736 -92.4398 -82.8731
-95.0681 -100.239 20.1981 -0.133597 -92.3943 -83.6975
-95.0688 -100.701 19.7775 -0.15579 -92.343 -84.5309
-95.0696 -101.162 19.3528 -0.178323 -92.2857 -85.3734
-95.0706 -101.623 18.9238 -0.201201 -92.2222 -86.2251
-95.0716 -102.084 18.4905 -0.224432 -92.1524 -87.0862
-95.0728 -102.545 18.0529 -0.24802 -92.0759 -87.9568
-95.0741 -103.005 17.6109 -0.271973 -91.9927 -88.8371
-95.0755 -103.465 17.1645 -0.296297 -91.9024 -89.7272
-95.0771 -103.924 16.7137 -0.320999 -91.8048 -90.6272
-95.0788 -104.383 16.2583 -0.346085 -91.6997 -91.5373
-95.0805 -104.841 15.7983 -0.371564 -91.5868 -92.4576
-95.0825 -105.299 15.3337 -0.397441 -91.466 -93.3883
-95.0845 -105.756 14.8644 -0.423724 -91.3368 -94.3295
-95.0867 -106.212 14.3904 -0.45042 -91.1991 -95.2813
-95.089 -106.668 13.9116 -0.477536 -91.0525 -96.244
-95.0915 -107.123 13.428 -0.505081 -90.8967 -97.2177
-95.0941 -107.577 12.9394 -0.533062 -90.7315 -98.2025
-95.0968 -108.03 12.4459 -0.561486 -90.5565 -99.1986
-95.0997 -108.482 11.9474 -0.590362 -90.3714 -100.206
-95.1027 -108.934 11.4439 -0.619697 -90.1758 -101.225
-95.1059 -109.384 10.9352 -0.649499 -89.9694 -102.256
-95.1092 -109.833 10.4213 -0.679778 -89.7518 -103.299
-95.1127 -110.282 9.90218 -0.710541 -89.5226 -104.354
-95.1163 -110.729 9.37776 -0.741796 -89.2814 -105.421
-95.1201 -111.174 8.84797 -0.773553 -89.0278 -106.5
-95.1241 -111.619 8.31276 -0.80582 -88.7614 -107.592
-95.1282 -112.062 7.77205 -0.838606 -88.4818 -108.696
-95.1324 -112.504 7.22579 -0.871919 -88.1884 -109.814
-95.1369 -112.944 6.67391 -0.905769 -87.8807 -110.944
-95.1415 -113.383 6.11635 -0.940165 -87.5584 -112.087
-95.1463 -113.82 5.55304 -0.975117 -87.2208 -113.244
-95.1512 -114.255 4.98391 -1.01063 -86.8675 -114.414
-95.1564 -114.688 4.4089 -1.04672 -86.4979 -115.597
-95.1617 -115.12 3.82794 -1.08339 -86.1113 -116.794
-95.1672 -115.549 3.24095 -1.12066 -85.7073 -118.005
-95.1729 -115.977 2.64788 -1.15853 -85.2851 -119.23
-95.1788 -116.402 2.04866 -1.19701 -84.8442 -120.468
-95.1849 -116.825 1.4432 -1.23611 -84.3838 -121.721
-95.1912 -117.246 0.831444 -1.27584 -83.9033 -122.988
-95.1976 -117.664 0.213319 -1.31622 -83.402 -124.269
-95.2043 -118.08 -0.411246 -1.35724 -82.8791 -125.564
-95.2112 -118.493 -1.04233 -1.39892 -82.3339 -126.874
-95.2183 -118.903 -1.67999 -1.44128 -81.7655 -128.198
-95.2256 -119.311 -2.32431 -1.48431 -81.1731 -129.537
-95.2332 -119.715 -2.97536 -1.52803 -80.5559 -130.89
-95.2409 -120.116 -3.63321 -1.57245 -79.913 -132.257
-95.2489 -120.514 -4.29793 -1.61758 -79.2434 -133.639
-95.2571 -120.909 -4.9696 -1.66342 -78.5462 -135.035
-95.2655 -121.3 -5.64829 -1.70999 -77.8205 -136.446
-95.2742 -121.687 -6.33406 -1.75728 -77.0651 -137.871
-95.2831 -122.07 -7.027 -1.80532 -76.2791 -139.309
-95.2922 -122.45 -7.72716 -1.85411 -75.4613 -140.762
-95.3016 -122.825 -8.43462 -1.90365 -74.6107 -142.229
-95.3113 -123.196 -9.14945 -1.95395 -73.726 -143.709
-95.3212 -123.562 -9.87171 -2.00502 -72.8061 -145.202
-95.3313 -123.924 -10.6015 -2.05686 -71.8497 -146.708
-95.3417 -124.281 -11.3388 -2.10948 -70.8556 -148.227
-95.3524 -124.632 -12.0838 -2.16288 -69.8225 -149.758
-95.3634 -124.979 -12.8364 -2.21706 -68.749 -151.301
-95.3746 -125.32 -13.5968 -2.27203 -67.6337 -152.855
-95.3861 -125.655 -14.3649 -2.32778 -66.4752 -154.42
-95.3979 -125.985 -15.141 -2.38432 -65.272 -155.995
-95.4099 -126.308 -15.9249 -2.44164 -64.0227 -157.579
-95.4223 -126.625 -16.7168 -2.49973 -62.7258 -159.172
-95.4349 -126.935 -17.5166 -2.5586 -61.3797 -160.772
-95.4479 -127.239 -18.3245 -2.61823 -59.9827 -162.379
-95.4611 -127.535 -19.1404 -2.67861 -58.5333 -163.992
-95.4747 -127.824 -19.9644 -2.73974 -57.03 -165.61
-95.4885 -128.105 -20.7965 -2.80159 -55.4709 -167.231
-95.5027 -128.379 -21.6367 -2.86415 -53.8545 -168.854
-95.5171 -128.644 -22.4851 -2.9274 -52.179 -170.478
-95.5319 -128.9 -23.3415 -2.99132 -50.4428 -172.101
-95.5471 -129.148 -24.2061 -3.05588 -48.6443 -173.721
-95.5625 -129.387 -25.0787 -3.12104 -46.7817 -175.336
-95.5783 -129.616 -25.9594 -3.18678 -44.8533 -176.945
-95.5944 -129.835 -26.8482 -3.25305 -42.8576 -178.546
-95.6108 -130.045 -27.7449 -3.31982 -40.793 -180.135
-95.6276 -130.243 -28.6495 -3.38703 -38.6579 -181.711
-95.6447 -130.431 -29.562 -3.45462 -36.4508 -183.271
-95.6621 -130.608 -30.4822 -3.52255 -34.1704 -184.813
-95.6799 -130.773 -31.4101 -3.59075 -31.8152 -186.333
-95.698 -130.926 -32.3455 -3.65914 -29.3841 -187.828
-95.7165 -131.067 -33.2884 -3.72766 -26.8759 -189.295
-95.7353 -131.195 -34.2385 -3.79622 -24.2898 -190.73
-95.7544 -131.31 -35.1957 -3.86472 -21.6248 -192.131
-95.7739 -131.411 -36.1598 -3.93308 -18.8804 -193.492
-95.7938 -131.498 -37.1306 -4.0012 -16.056 -194.811
-95.814 -131.572 -38.1079 -4.06896 -13.1516 -196.082
-95.8345 -131.63 -39.0914 -4.13624 -10.167 -197.303
-95.8553 -131.673 -40.0809 -4.20293 -7.10264 -198.467
-95.8765 -131.701 -41.0761 -4.2689 -3.95902 -199.571
-95.898 -131.713 -42.0766 -4.334 -0.73704 -200.61
-95.9198 -131.708 -43.0822 -4.3981 2.5621 -201.579
-95.942 -131.687 -44.0924 -4.46105 5.93683 -202.474
-95.9644 -131.649 -45.1069 -4.5227 9.38523 -203.289
-95.9872 -131.593 -46.1253 -4.58288 12.905 -204.02
-96.0103 -131.52 -47.1471 -4.64143 16.4933 -204.661
-96.0336 -131.428 -48.1719 -4.69819 20.1471 -205.209
-96.0572 -131.318 -49.1992 -4.75299 23.8628 -205.657
-96.0811 -131.19 -50.2284 -4.80566 27.6363 -206.002
-96.1053 -131.042 -51.2592 -4.85603 31.4633 -206.24
-96.1297 -130.875 -52.2908 -4.90393 35.3388 -206.365
-96.1543 -130.689 -53.3228 -4.94919 39.2576 -206.374
-96.1792 -130.483 -54.3546 -4.99165 43.2139 -206.264
-96.2043 -130.257 -55.3855 -5.03115 47.2017 -206.031
-96.2295 -130.01 -56.4149 -5.06754 51.2144 -205.672
-96.2549 -129.744 -57.4422 -5.10068 55.2453 -205.185
-96.2805 -129.458 -58.4667 -5.13043 59.2874 -204.567
-96.3062 -129.152 -59.4878 -5.15667 63.3332 -203.818
-96.3321 -128.825 -60.5049 -5.17929 67.3753 -202.936
-96.358 -128.478 -61.5172 -5.19819 71.4059 -201.922
-96.3841 -128.111 -62.5241 -5.21329 75.4173 -200.775
-96.4102 -127.724 -63.5249 -5.22453 79.4017 -199.495
-96.4363 -127.317 -64.519 -5.23185 83.3514 -198.086
