0 25 -75 0 0 49
-0.000295507 24.9996 -74.7551 -0.118164 -0.146409 48.9744
-0.00118169 24.9985 -74.5103 -0.236272 -0.292732 48.9487
-0.00265827 24.9967 -74.2656 -0.354323 -0.43897 48.9227
-0.00472498 24.9941 -74.021 -0.47232 -0.585124 48.8965
-0.00738153 24.9909 -73.7766 -0.590263 -0.731195 48.8702
-0.0106277 24.9868 -73.5323 -0.708154 -0.877184 48.8436
-0.0144631 24.9821 -73.2882 -0.825992 -1.02309 48.8169
-0.0188876 24.9766 -73.0442 -0.943779 -1.16892 48.7899
-0.023901 24.9704 -72.8003 -1.06152 -1.31467 48.7628
-0.0295029 24.9635 -72.5565 -1.17921 -1.46035 48.7354
-0.0356931 24.9558 -72.3129 -1.29685 -1.60594 48.7079
-0.0424714 24.9474 -72.0695 -1.41444 -1.75147 48.6802
-0.0498375 24.9383 -71.8261 -1.53199 -1.89691 48.6522
-0.0577913 24.9284 -71.5829 -1.64949 -2.04229 48.6241
-0.0663325 24.9179 -71.3399 -1.76695 -2.18759 48.5958
-0.0754608 24.9066 -71.097 -1.88436 -2.33282 48.5673
-0.0851762 24.8945 -70.8542 -2.00174 -2.47798 48.5386
-0.0954782 24.8818 -70.6116 -2.11907 -2.62308 48.5097
-0.106367 24.8683 -70.3691 -2.23636 -2.7681 48.4806
-0.117842 24.8541 -70.1268 -2.35361 -2.91306 48.4513
-0.129903 24.8392 -69.8846 -2.47082 -3.05795 48.4218
-0.14255 24.8235 -69.6426 -2.588 -3.20278 48.3921
-0.155783 24.8071 -69.4007 -2.70514 -3.34754 48.3622
-0.169602 24.79 -69.1589 -2.82224 -3.49224 48.3321
-0.184006 24.7722 -68.9174 -2.93931 -3.63688 48.3018
-0.198995 24.7537 -68.6759 -3.05635 -3.78146 48.2714
-0.214569 24.7344 -68.4346 -3.17335 -3.92597 48.2407
-0.230728 24.7144 -68.1935 -3.29032 -4.07043 48.2098
-0.247472 24.6937 -67.9525 -3.40726 -4.21483 48.1788
-0.264801 24.6723 -67.7117 -3.52417 -4.35918 48.1475
-0.282714 24.6501 -67.4711 -3.64105 -4.50347 48.116
-0.301212 24.6272 -67.2306 -3.75791 -4.6477 48.0844
-0.320293 24.6036 -66.9902 -3.87473 -4.79188 48.0525
-0.339959 24.5793 -66.75 -3.99153 -4.93601 48.0205
-0.360209 24.5543 -66.51 -4.10831 -5.08008 47.9882
-0.381042 24.5285 -66.2702 -4.22506 -5.2241 47.9558
-0.402459 24.502 -66.0305 -4.34178 -5.36808 47.9231
-0.42446 24.4748 -65.7909 -4.45849 -5.512 47.8903
-0.447044 24.4469 -65.5516 -4.57517 -5.65588 47.8572
-0.470212 24.4183 -65.3124 -4.69183 -5.79971 47.824
-0.493963 24.3889 -65.0733 -4.80847 -5.94349 47.7905
-0.518297 24.3588 -64.8344 -4.92509 -6.08723 47.7569
-0.543214 24.328 -64.5957 -5.0417 -6.23093 47.723
-0.568714 24.2965 -64.3572 -5.15828 -6.37458 47.689
-0.594797 24.2643 -64.1189 -5.27485 -6.51818 47.6547
-0.621462 24.2313 -63.8807 -5.39141 -6.66175 47.6203
-0.648711 24.1977 -63.6427 -5.50795 -6.80528 47.5857
-0.676542 24.1633 -63.4048 -5.62448 -6.94876 47.5508
-0.704956 24.1282 -63.1671 -5.74099 -7.09221 47.5158
-0.733952 24.0924 -62.9297 -5.8575 -7.23562 47.4805
-0.763531 24.0558 -62.6923 -5.97399 -7.37899 47.445
-0.793692 24.0186 -62.4552 -6.09047 -7.52233 47.4094
-0.824435 23.9806 -62.2182 -6.20695 -7.66563 47.3735
-0.855761 23.9419 -61.9815 -6.32341 -7.8089 47.3374
-0.88767 23.9025 -61.7449 -6.43987 -7.95213 47.3012
-0.92016 23.8624 -61.5085 -6.55632 -8.09534 47.2647
-0.953233 23.8216 -61.2722 -6.67277 -8.23851 47.228
-0.986888 23.78 -61.0362 -6.78921 -8.38165 47.1911
-1.02113 23.7377 -60.8003 -6.90565 -8.52476 47.154
-1.05594 23.6948 -60.5646 -7.02208 -8.66784 47.1167
-1.09135 23.6511 -60.3291 -7.13852 -8.81089 47.0792
-1.12733 23.6067 -60.0938 -7.25495 -8.95391 47.0415
-1.1639 23.5615 -59.8587 -7.37138 -9.09691 47.0036
-1.20104 23.5157 -59.6238 -7.48781 -9.23989 46.9655
-1.23877 23.4691 -59.3891 -7.60425 -9.38284 46.9271
-1.27709 23.4219 -59.1545 -7.72068 -9.52576 46.8886
-1.31598 23.3739 -58.9202 -7.83712 -9.66866 46.8498
-1.35546 23.3252 -58.686 -7.95357 -9.81154 46.8109
-1.39552 23.2758 -58.4521 -8.07002 -9.9544 46.7717
-1.43616 23.2256 -58.2183 -8.18647 -10.0972 46.7323
-1.47738 23.1748 -57.9848 -8.30294 -10.2401 46.6927
-1.51919 23.1232 -57.7514 -8.41941 -10.3829 46.6529
-1.56158 23.071 -57.5182 -8.53589 -10.5256 46.6129
-1.60455 23.018 -57.2853 -8.65237 -10.6684 46.5726
-1.6481 22.9643 -57.0525 -8.76887 -10.8112 46.5322
-1.69223 22.9099 -56.8199 -8.88538 -10.9539 46.4915
-1.73695 22.8547 -56.5876 -9.0019 -11.0966 46.4506
-1.78225 22.7989 -56.3554 -9.11844 -11.2393 46.4095
-1.82814 22.7423 -56.1235 -9.23499 -11.382 46.3682
-1.8746 22.6851 -55.8918 -9.35155 -11.5247 46.3267
-1.92165 22.6271 -55.6602 -9.46813 -11.6673 46.2849
-1.96929 22.5684 -55.4289 -9.58472 -11.81 46.243
-2.0175 22.509 -55.1978 -9.70134 -11.9526 46.2008
-2.0663 22.4489 -54.9669 -9.81797 -12.0953 46.1584
-2.11568 22.388 -54.7362 -9.93462 -12.2379 46.1157
-2.16564 22.3265 -54.5057 -10.0513 -12.3805 46.0729
-2.21619 22.2642 -54.2755 -10.168 -12.5231 46.0298
-2.26732 22.2013 -54.0454 -10.2847 -12.6658 45.9865
-2.31904 22.1376 -53.8156 -10.4014 -12.8084 45.943
-2.37134 22.0732 -53.586 -10.5182 -12.951 45.8993
-2.42422 22.0081 -53.3566 -10.635 -13.0935 45.8553
-2.47769 21.9422 -53.1275 -10.7518 -13.2361 45.8111
-2.53174 21.8757 -52.8985 -10.8686 -13.3787 45.7667
-2.58637 21.8085 -52.6698 -10.9855 -13.5213 45.722
-2.64159 21.7405 -52.4413 -11.1023 -13.6639 45.6771
-2.6974 21.6718 -52.213 -11.2193 -13.8065 45.632
-2.75379 21.6024 -51.985 -11.3362 -13.9491 45.5867
-2.81076 21.5323 -51.7572 -11.4532 -14.0916 45.5411
-2.86832 21.4615 -51.5296 -11.5702 -14.2342 45.4953
-2.92646 21.39 -51.3022 -11.6872 -14.3768 45.4492
-2.98519 21.3177 -51.0751 -11.8043 -14.5194 45.403
-3.04451 21.2448 -50.8482 -11.9214 -14.662 45.3565
-3.10441 21.1711 -50.6215 -12.0385 -14.8046 45.3097
-3.16489 21.0967 -50.3951 -12.1557 -14.9472 45.2627
-3.22596 21.0216 -50.1689 -12.2729 -15.0898 45.2155
-3.28762 20.9458 -49.9429 -12.3902 -15.2324 45.168
-3.34986 20.8693 -49.7172 -12.5075 -15.375 45.1203
-3.4127 20.7921 -49.4917 -12.6248 -15.5177 45.0724
-3.47611 20.7141 -49.2665 -12.7422 -15.6603 45.0242
-3.54012 20.6355 -49.0415 -12.8596 -15.8029 44.9758
-3.60471 20.5561 -48.8167 -12.977 -15.9456 44.9271
-3.66989 20.476 -48.5922 -13.0945 -16.0883 44.8782
-3.73565 20.3952 -48.3679 -13.212 -16.2309 44.829
-3.80201 20.3137 -48.1439 -13.3296 -16.3736 44.7796
-3.86895 20.2315 -47.9201 -13.4472 -16.5163 44.7299
-3.93648 20.1486 -47.6966 -13.5649 -16.659 44.68
-4.0046 20.0649 -47.4733 -13.6826 -16.8018 44.6298
-4.07331 19.9805 -47.2503 -13.8004 -16.9445 44.5794
-4.1426 19.8955 -47.0275 -13.9182 -17.0872 44.5287
-4.21249 19.8097 -46.805 -14.036 -17.23 44.4778
-4.28296 19.7232 -46.5828 -14.154 -17.3728 44.4266
-4.35403 19.6359 -46.3608 -14.2719 -17.5156 44.3752
-4.42568 19.548 -46.139 -14.3899 -17.6584 44.3234
-4.49793 19.4594 -45.9175 -14.508 -17.8012 44.2715
-4.57076 19.37 -45.6963 -14.6261 -17.9441 44.2192
-4.64419 19.2799 -45.4753 -14.7443 -18.0869 44.1667
-4.71821 19.1891 -45.2546 -14.8625 -18.2298 44.114
-4.79281 19.0976 -45.0342 -14.9808 -18.3727 44.061
-4.86801 19.0054 -44.814 -15.0992 -18.5156 44.0077
-4.94381 18.9125 -44.5941 -15.2176 -18.6586 43.9541
-5.02019 18.8188 -44.3745 -15.3361 -18.8015 43.9003
-5.09717 18.7244 -44.1551 -15.4546 -18.9445 43.8462
-5.17474 18.6294 -43.936 -15.5732 -19.0875 43.7918
-5.2529 18.5336 -43.7172 -15.6918 -19.2305 43.7371
-5.33165 18.4371 -43.4986 -15.8105 -19.3736 43.6822
-5.411 18.3398 -43.2804 -15.9293 -19.5166 43.627
-5.49095 18.2419 -43.0624 -16.0482 -19.6597 43.5715
-5.57149 18.1432 -42.8447 -16.1671 -19.8028 43.5157
-5.65262 18.0439 -42.6272 -16.2861 -19.946 43.4596
-5.73435 17.9438 -42.4101 -16.4051 -20.0891 43.4033
-5.81667 17.843 -42.1932 -16.5243 -20.2323 43.3467
-5.89959 17.7415 -41.9766 -16.6435 -20.3755 43.2897
-5.9831 17.6392 -41.7603 -16.7627 -20.5188 43.2325
-6.06722 17.5363 -41.5443 -16.8821 -20.662 43.175
-6.15193 17.4326 -41.3285 -17.0015 -20.8053 43.1172
-6.23723 17.3282 -41.1131 -17.121 -20.9487 43.0591
-6.32314 17.2231 -40.8979 -17.2405 -21.092 43.0007
-6.40964 17.1173 -40.6831 -17.3602 -21.2354 42.9421
-6.49674 17.0108 -40.4685 -17.4799 -21.3788 42.8831
-6.58444 16.9035 -40.2543 -17.5997 -21.5222 42.8238
-6.67273 16.7955 -40.0403 -17.7196 -21.6657 42.7642
-6.76163 16.6869 -39.8266 -17.8395 -21.8091 42.7043
-6.85113 16.5774 -39.6132 -17.9596 -21.9527 42.644
-6.94123 16.4673 -39.4002 -18.0797 -22.0962 42.5835
-7.03193 16.3565 -39.1874 -18.1999 -22.2398 42.5227
-7.12323 16.2449 -38.9749 -18.3202 -22.3834 42.4615
-7.21513 16.1327 -38.7628 -18.4406 -22.527 42.4
-7.30763 16.0197 -38.5509 -18.5611 -22.6707 42.3382
-7.40074 15.9059 -38.3394 -18.6817 -22.8144 42.2761
-7.49445 15.7915 -38.1282 -18.8024 -22.9581 42.2136
-7.58876 15.6764 -37.9173 -18.9231 -23.1019 42.1509
-7.68368 15.5605 -37.7067 -19.044 -23.2457 42.0878
-7.7792 15.4439 -37.4964 -19.1649 -23.3895 42.0243
-7.87533 15.3266 -37.2864 -19.286 -23.5334 41.9606
-7.97206 15.2086 -37.0768 -19.4071 -23.6773 41.8965
-8.0694 15.0898 -36.8675 -19.5283 -23.8212 41.832
-8.16735 14.9704 -36.6585 -19.6497 -23.9652 41.7672
-8.2659 14.8502 -36.4498 -19.7711 -24.1092 41.7021
-8.36506 14.7293 -36.2415 -19.8927 -24.2532 41.6366
-8.46483 14.6076 -36.0334 -20.0143 -24.3973 41.5708
-8.5652 14.4853 -35.8257 -20.1361 -24.5414 41.5046
-8.66619 14.3622 -35.6184 -20.2579 -24.6855 41.4381
-8.76778 14.2384 -35.4114 -20.3799 -24.8297 41.3712
-8.86999 14.1139 -35.2047 -20.502 -24.9739 41.3039
-8.9728 13.9887 -34.9983 -20.6242 -25.1182 41.2363
-9.07623 13.8627 -34.7923 -20.7465 -25.2625 41.1683
-9.18027 13.7361 -34.5866 -20.8689 -25.4068 41.0999
-9.28492 13.6087 -34.3813 -20.9914 -25.5512 41.0312
-9.39018 13.4806 -34.1763 -21.1141 -25.6956 40.9621
-9.49606 13.3517 -33.9717 -21.2369 -25.8401 40.8926
-9.60255 13.2222 -33.7674 -21.3598 -25.9846 40.8228
-9.70966 13.0919 -33.5635 -21.4828 -26.1291 40.7525
-9.81738 12.9609 -33.3599 -21.6059 -26.2737 40.6819
-9.92572 12.8291 -33.1566 -21.7291 -26.4183 40.6109
-10.0347 12.6967 -32.9538 -21.8525 -26.563 40.5394
-10.1442 12.5635 -32.7513 -21.976 -26.7077 40.4676
-10.2544 12.4296 -32.5491 -22.0997 -26.8524 40.3954
-10.3652 12.295 -32.3473 -22.2234 -26.9972 40.3228
-10.4767 12.1596 -32.1459 -22.3473 -27.1421 40.2497
-10.5887 12.0236 -31.9448 -22.4713 -27.2869 40.1763
-10.7014 11.8868 -31.7441 -22.5955 -27.4319 40.1024
-10.8147 11.7492 -31.5438 -22.7198 -27.5768 40.0282
-10.9286 11.611 -31.3438 -22.8442 -27.7219 39.9535
-11.0431 11.472 -31.1442 -22.9687 -27.867 39.8783
-11.1583 11.3323 -30.945 -23.0934 -28.0121 39.8028
-11.274 11.1919 -30.7462 -23.2183 -28.1573 39.7268
-11.3904 11.0508 -30.5478 -23.3432 -28.3025 39.6503
-11.5075 10.9089 -30.3497 -23.4683 -28.4478 39.5735
-11.6251 10.7663 -30.152 -23.5936 -28.5931 39.4962
-11.7434 10.623 -29.9547 -23.719 -28.7385 39.4184
-11.8623 10.4789 -29.7579 -23.8445 -28.884 39.3402
-11.9819 10.3341 -29.5613 -23.9702 -29.0295 39.2615
-12.102 10.1886 -29.3652 -24.096 -29.175 39.1823
-12.2228 10.0424 -29.1695 -24.222 -29.3207 39.1027
-12.3442 9.8954 -28.9742 -24.3481 -29.4664 39.0226
-12.4663 9.7477 -28.7793 -24.4744 -29.6121 38.9421
-12.589 9.59927 -28.5848 -24.6008 -29.7579 38.861
-12.7123 9.45012 -28.3907 -24.7274 -29.9038 38.7795
-12.8363 9.30024 -28.197 -24.8541 -30.0498 38.6975
-12.9608 9.14962 -28.0037 -24.981 -30.1958 38.615
-13.0861 8.99828 -27.8108 -25.108 -30.3419 38.532
-13.2119 8.8462 -27.6184 -25.2352 -30.4881 38.4485
-13.3384 8.6934 -27.4264 -25.3625 -30.6343 38.3645
-13.4656 8.53986 -27.2347 -25.49 -30.7806 38.28
-13.5933 8.38559 -27.0436 -25.6177 -30.9271 38.1949
-13.7217 8.23059 -26.8528 -25.7455 -31.0735 38.1094
-13.8508 8.07485 -26.6625 -25.8734 -31.2201 38.0233
-13.9805 7.91839 -26.4726 -26.0015 -31.3668 37.9367
-14.1108 7.76119 -26.2831 -26.1298 -31.5135 37.8495
-14.2418 7.60325 -26.0941 -26.2582 -31.6603 37.7618
-14.3734 7.44458 -25.9055 -26.3868 -31.8073 37.6736
-14.5056 7.28518 -25.7173 -26.5155 -31.9543 37.5849
-14.6385 7.12504 -25.5296 -26.6444 -32.1014 37.4955
-14.7721 6.96416 -25.3424 -26.7735 -32.2487 37.4056
-14.9063 6.80255 -25.1556 -26.9027 -32.396 37.3152
-15.0411 6.6402 -24.9692 -27.032 -32.5435 37.2242
-15.1766 6.47712 -24.7833 -27.1615 -32.691 37.1326
-15.3127 6.31329 -24.5979 -27.2912 -32.8387 37.0405
-15.4495 6.14873 -24.4129 -27.421 -32.9865 36.9477
-15.5869 5.98343 -24.2284 -27.551 -33.1344 36.8544
-15.725 5.81739 -24.0444 -27.6812 -33.2825 36.7605
-15.8637 5.6506 -23.8608 -27.8115 -33.4306 36.666
-16.0031 5.48308 -23.6777 -27.9419 -33.5789 36.5709
-16.1432 5.31482 -23.4951 -28.0726 -33.7274 36.4752
-16.2838 5.14581 -23.313 -28.2033 -33.876 36.3789
-16.4252 4.97606 -23.1313 -28.3342 -34.0247 36.282
-16.5672 4.80556 -22.9502 -28.4653 -34.1736 36.1844
-16.7098 4.63432 -22.7695 -28.5966 -34.3226 36.0863
-16.8532 4.46233 -22.5893 -28.7279 -34.4718 35.9875
-16.9971 4.2896 -22.4096 -28.8595 -34.6211 35.8881
-17.1418 4.11612 -22.2304 -28.9912 -34.7707 35.7881
-17.287 3.9419 -22.0517 -29.123 -34.9204 35.6874
-17.433 3.76692 -21.8735 -29.255 -35.0702 35.5861
-17.5796 3.59119 -21.6959 -29.3872 -35.2203 35.4842
-17.7269 3.41472 -21.5187 -29.5195 -35.3705 35.3816
-17.8748 3.23749 -21.342 -29.6519 -35.5209 35.2784
-18.0234 3.05951 -21.1659 -29.7845 -35.6715 35.1745
-18.1726 2.88077 -20.9903 -29.9173 -35.8223 35.07
-18.3225 2.70128 -20.8152 -30.0502 -35.9733 34.9648
-18.4731 2.52104 -20.6406 -30.1832 -36.1246 34.8589
-18.6244 2.34004 -20.4666 -30.3164 -36.276 34.7524
-18.7763 2.15828 -20.2931 -30.4497 -36.4276 34.6452
-18.9289 1.97576 -20.1202 -30.5832 -36.5795 34.5373
-19.0821 1.79248 -19.9478 -30.7169 -36.7316 34.4288
-19.236 1.60844 -19.7759 -30.8507 -36.8839 34.3195
-19.3906 1.42364 -19.6046 -30.9846 -37.0365 34.2096
-19.5459 1.23808 -19.4338 -31.1187 -37.1893 34.099
-19.7018 1.05175 -19.2636 -31.2529 -37.3424 33.9878
-19.8584 0.864656 -19.0939 -31.3873 -37.4957 33.8758
-20.0157 0.676794 -18.9248 -31.5219 -37.6493 33.7631
-20.1736 0.488163 -18.7563 -31.6565 -37.8031 33.6498
-20.3323 0.298762 -18.5883 -31.7914 -37.9572 33.5357
-20.4916 0.108591 -18.4209 -31.9263 -38.1115 33.421
-20.6515 -0.0823533 -18.2541 -32.0615 -38.2662 33.3055
-20.8122 -0.274071 -18.0879 -32.1967 -38.4211 33.1894
-20.9735 -0.466565 -17.9222 -32.3322 -38.5763 33.0725
-21.1355 -0.659835 -17.7571 -32.4678 -38.7318 32.9549
-21.2982 -0.853883 -17.5927 -32.6035 -38.8876 32.8366
-21.4615 -1.04871 -17.4288 -32.7394 -39.0437 32.7176
-21.6256 -1.24432 -17.2655 -32.8754 -39.2001 32.5979
-21.7903 -1.44071 -17.1028 -33.0116 -39.3568 32.4775
-21.9557 -1.63789 -16.9407 -33.1479 -39.5138 32.3563
-22.1218 -1.83585 -16.7792 -33.2844 -39.6712 32.2344
-22.2885 -2.0346 -16.6184 -33.4211 -39.8288 32.1118
-22.456 -2.23414 -16.4581 -33.5579 -39.9868 31.9884
-22.6241 -2.43447 -16.2985 -33.6949 -40.1451 31.8643
-22.7929 -2.63559 -16.1395 -33.832 -40.3038 31.7395
-22.9624 -2.83751 -15.9811 -33.9693 -40.4628 31.6139
-23.1326 -3.04022 -15.8233 -34.1068 -40.6221 31.4876
-23.3035 -3.24373 -15.6662 -34.2444 -40.7818 31.3606
-23.4751 -3.44804 -15.5097 -34.3822 -40.9418 31.2328
-23.6473 -3.65315 -15.3539 -34.5202 -41.1022 31.1042
-23.8203 -3.85906 -15.1987 -34.6583 -41.2629 30.9749
-23.9939 -4.06578 -15.0441 -34.7966 -41.424 30.8449
-24.1682 -4.2733 -14.8902 -34.9351 -41.5855 30.7141
-24.3432 -4.48163 -14.737 -35.0737 -41.7473 30.5825
-24.519 -4.69077 -14.5844 -35.2126 -41.9095 30.4501
-24.6954 -4.90073 -14.4325 -35.3516 -42.0721 30.317
-24.8725 -5.1115 -14.2812 -35.4908 -42.2351 30.1831
-25.0503 -5.32308 -14.1307 -35.6301 -42.3984 30.0484
-25.2288 -5.53548 -13.9808 -35.7697 -42.5622 29.913
-25.408 -5.7487 -13.8315 -35.9095 -42.7263 29.7767
-25.5879 -5.96274 -13.683 -36.0494 -42.8908 29.6397
-25.7685 -6.17761 -13.5351 -36.1895 -43.0557 29.5019
-25.9498 -6.3933 -13.388 -36.3299 -43.221 29.3633
-26.1318 -6.60982 -13.2415 -36.4704 -43.3867 29.2239
-26.3145 -6.82717 -13.0957 -36.6111 -43.5528 29.0836
-26.4979 -7.04535 -12.9507 -36.7521 -43.7193 28.9426
-26.682 -7.26436 -12.8063 -36.8932 -43.8863 28.8008
-26.8668 -7.48421 -12.6627 -37.0345 -44.0536 28.6581
-27.0523 -7.7049 -12.5197 -37.1761 -44.2213 28.5146
-27.2386 -7.92643 -12.3775 -37.3178 -44.3895 28.3703
-27.4255 -8.14879 -12.236 -37.4598 -44.5581 28.2251
-27.6132 -8.37201 -12.0953 -37.602 -44.727 28.0791
-27.8015 -8.59606 -11.9552 -37.7444 -44.8965 27.9323
-27.9906 -8.82097 -11.8159 -37.887 -45.0663 27.7846
-28.1804 -9.04673 -11.6774 -38.0299 -45.2366 27.6361
-28.3709 -9.27334 -11.5396 -38.1729 -45.4073 27.4867
-28.5621 -9.5008 -11.4025 -38.3162 -45.5784 27.3364
-28.7541 -9.72912 -11.2662 -38.4597 -45.75 27.1853
-28.9467 -9.9583 -11.1307 -38.6035 -45.922 27.0333
-29.1401 -10.1883 -10.9959 -38.7474 -46.0944 26.8804
-29.3342 -10.4192 -10.8619 -38.8917 -46.2673 26.7266
-29.529 -10.651 -10.7286 -39.0361 -46.4406 26.572
-29.7246 -10.8837 -10.5961 -39.1808 -46.6143 26.4164
-29.9208 -11.1172 -10.4644 -39.3257 -46.7885 26.26
-30.1178 -11.3515 -10.3335 -39.4709 -46.9632 26.1026
-30.3155 -11.5868 -10.2034 -39.6163 -47.1383 25.9443
-30.514 -11.8229 -10.0741 -39.762 -47.3139 25.7851
-30.7132 -12.0599 -9.94557 -39.9079 -47.4899 25.6249
-30.9131 -12.2978 -9.81785 -40.0541 -47.6664 25.4639
-31.1137 -12.5366 -9.69093 -40.2005 -47.8433 25.3018
-31.3151 -12.7763 -9.56483 -40.3472 -48.0207 25.1389
-31.5172 -13.0168 -9.43955 -40.4941 -48.1986 24.9749
-31.72 -13.2582 -9.31508 -40.6413 -48.3769 24.81
-31.9236 -13.5006 -9.19145 -40.7888 -48.5557 24.6442
-32.1279 -13.7438 -9.06864 -40.9365 -48.735 24.4773
-32.333 -13.9879 -8.94667 -41.0846 -48.9148 24.3095
-32.5388 -14.2329 -8.82555 -41.2329 -49.095 24.1406
-32.7453 -14.4789 -8.70527 -41.3814 -49.2758 23.9708
-32.9526 -14.7257 -8.58584 -41.5303 -49.457 23.7999
-33.1606 -14.9734 -8.46727 -41.6794 -49.6387 23.628
-33.3694 -15.2221 -8.34956 -41.8288 -49.8209 23.4551
-33.5789 -15.4717 -8.23272 -41.9785 -50.0035 23.2812
-33.7891 -15.7221 -8.11675 -42.1285 -50.1867 23.1062
-34.0002 -15.9735 -8.00166 -42.2788 -50.3704 22.9301
-34.2119 -16.2258 -7.88745 -42.4294 -50.5546 22.753
-34.4245 -16.4791 -7.77413 -42.5803 -50.7393 22.5748
-34.6377 -16.7332 -7.6617 -42.7315 -50.9245 22.3955
-34.8518 -16.9883 -7.55017 -42.883 -51.1102 22.2151
-35.0666 -17.2443 -7.43955 -43.0348 -51.2964 22.0336
-35.2821 -17.5013 -7.32984 -43.187 -51.4831 21.851
-35.4984 -17.7592 -7.22104 -43.3394 -51.6704 21.6672
-35.7155 -18.018 -7.11316 -43.4922 -51.8581 21.4823
-35.9334 -18.2777 -7.00622 -43.6452 -52.0464 21.2963
-36.152 -18.5384 -6.9002 -43.7986 -52.2353 21.1091
-36.3713 -18.8001 -6.79512 -43.9524 -52.4246 20.9208
-36.5915 -19.0627 -6.69099 -44.1064 -52.6145 20.7312
-36.8124 -19.3262 -6.58781 -44.2608 -52.805 20.5405
-37.0341 -19.5907 -6.48559 -44.4156 -52.996 20.3485
-37.2566 -19.8562 -6.38433 -44.5706 -53.1875 20.1553
-37.4798 -20.1226 -6.28404 -44.726 -53.3796 19.9609
-37.7038 -20.39 -6.18472 -44.8818 -53.5722 19.7653
-37.9286 -20.6583 -6.08638 -45.0379 -53.7654 19.5684
-38.1542 -20.9276 -5.98903 -45.1944 -53.9591 19.3702
-38.3806 -21.1979 -5.89268 -45.3512 -54.1534 19.1708
-38.6077 -21.4692 -5.79733 -45.5083 -54.3483 18.9701
-38.8357 -21.7414 -5.70298 -45.6659 -54.5437 18.768
-39.0644 -22.0146 -5.60965 -45.8238 -54.7397 18.5646
-39.2939 -22.2888 -5.51733 -45.982 -54.9363 18.3599
-39.5242 -22.564 -5.42605 -46.1407 -55.1335 18.1539
-39.7553 -22.8401 -5.33579 -46.2997 -55.3313 17.9465
-39.9872 -23.1173 -5.24658 -46.4591 -55.5296 17.7377
-40.2199 -23.3954 -5.15842 -46.6188 -55.7286 17.5275
-40.4534 -23.6746 -5.07131 -46.779 -55.9281 17.3159
-40.6877 -23.9547 -4.98526 -46.9395 -56.1282 17.1028
-40.9228 -24.2359 -4.90028 -47.1004 -56.329 16.8884
-41.1587 -24.518 -4.81638 -47.2618 -56.5303 16.6724
-41.3954 -24.8012 -4.73356 -47.4235 -56.7323 16.4551
-41.6329 -25.0853 -4.65183 -47.5856 -56.9349 16.2362
-41.8713 -25.3705 -4.57119 -47.7481 -57.1381 16.0158
-42.1104 -25.6567 -4.49167 -47.911 -57.3419 15.7939
-42.3504 -25.9439 -4.41325 -48.0744 -57.5464 15.5704
-42.5911 -26.2322 -4.33596 -48.2381 -57.7515 15.3454
-42.8327 -26.5215 -4.2598 -48.4023 -57.9572 15.1189
-43.0752 -26.8118 -4.18477 -48.5669 -58.1636 14.8907
-43.3184 -27.1031 -4.11089 -48.7319 -58.3706 14.6609
-43.5625 -27.3955 -4.03817 -48.8973 -58.5783 14.4295
-43.8074 -27.6889 -3.9666 -49.0632 -58.7867 14.1965
-44.0531 -27.9833 -3.8962 -49.2295 -58.9957 13.9618
-44.2997 -28.2788 -3.82698 -49.3962 -59.2053 13.7254
-44.5471 -28.5754 -3.75895 -49.5634 -59.4157 13.4873
-44.7953 -28.873 -3.69211 -49.731 -59.6267 13.2474
-45.0444 -29.1717 -3.62647 -49.8991 -59.8384 13.0059
-45.2943 -29.4714 -3.56205 -50.0676 -60.0507 12.7625
-45.5451 -29.7722 -3.49885 -50.2366 -60.2638 12.5174
-45.7967 -30.074 -3.43688 -50.406 -60.4776 12.2704
-46.0491 -30.3769 -3.37614 -50.5759 -60.692 12.0217
-46.3024 -30.6809 -3.31666 -50.7462 -60.9072 11.771
-46.5566 -30.986 -3.25843 -50.9171 -61.1231 11.5185
-46.8116 -31.2922 -3.20147 -51.0884 -61.3397 11.2641
-47.0675 -31.5994 -3.14579 -51.2601 -61.557 11.0078
-47.3242 -31.9077 -3.0914 -51.4324 -61.7751 10.7495
-47.5818 -32.2172 -3.0383 -51.6051 -61.9938 10.4893
-47.8403 -32.5277 -2.9865 -51.7783 -62.2134 10.2271
-48.0996 -32.8393 -2.93603 -51.952 -62.4336 9.9628
-48.3598 -33.152 -2.88688 -52.1263 -62.6546 9.69649
-48.6208 -33.4658 -2.83906 -52.301 -62.8764 9.42811
-48.8828 -33.7808 -2.7926 -52.4762 -63.0989 9.15763
-49.1456 -34.0968 -2.74749 -52.6519 -63.3222 8.88503
-49.4093 -34.414 -2.70374 -52.8281 -63.5462 8.61027
-49.6739 -34.7323 -2.66138 -53.0048 -63.771 8.33334
-49.9394 -35.0517 -2.62041 -53.1821 -63.9966 8.05419
-50.2057 -35.3723 -2.58084 -53.3598 -64.223 7.7728
-50.473 -35.6939 -2.54268 -53.5381 -64.4502 7.48915
-50.7411 -36.0168 -2.50595 -53.7169 -64.6782 7.2032
-51.0101 -36.3407 -2.47065 -53.8963 -64.907 6.91492
-51.2801 -36.6658 -2.4368 -54.0761 -65.1366 6.62428
-51.5509 -36.9921 -2.40441 -54.2566 -65.367 6.33126
-51.8226 -37.3195 -2.37349 -54.4375 -65.5982 6.03581
-52.0953 -37.6481 -2.34405 -54.619 -65.8303 5.7379
-52.3688 -37.9778 -2.31611 -54.8011 -66.0632 5.4375
-52.6433 -38.3087 -2.28968 -54.9837 -66.2969 5.13458
-52.9187 -38.6408 -2.26476 -55.1668 -66.5315 4.82911
-53.1949 -38.974 -2.24139 -55.3506 -66.767 4.52104
-53.4722 -39.3084 -2.21955 -55.5348 -67.0033 4.21034
-53.7503 -39.6441 -2.19928 -55.7197 -67.2404 3.89697
-54.0294 -39.9809 -2.18059 -55.9051 -67.4785 3.58091
-54.3093 -40.3188 -2.16347 -56.0911 -67.7174 3.2621
-54.5903 -40.658 -2.14796 -56.2777 -67.9572 2.94051
-54.8721 -40.9984 -2.13407 -56.4648 -68.1978 2.6161
-55.1549 -41.34 -2.1218 -56.6526 -68.4394 2.28883
-55.4386 -41.6828 -2.11118 -56.8409 -68.6819 1.95866
-55.7233 -42.0268 -2.10222 -57.0298 -68.9253 1.62555
-56.0089 -42.3721 -2.09493 -57.2193 -69.1696 1.28945
-56.2955 -42.7185 -2.08932 -57.4095 -69.4148 0.95032
-56.583 -43.0662 -2.08542 -57.6002 -69.661 0.608118
-56.8715 -43.4151 -2.08324 -57.7915 -69.908 0.262796
-57.161 -43.7653 -2.0828 -57.9834 -70.1561 -0.0856912
-57.4514 -44.1167 -2.0841 -58.176 -70.405 -0.437392
-57.7427 -44.4693 -2.08717 -58.3691 -70.655 -0.792353
-58.035 -44.8232 -2.09202 -58.5629 -70.9058 -1.15063
-58.3283 -45.1784 -2.09868 -58.7573 -71.1577 -1.51226
-58.6226 -45.5348 -2.10715 -58.9523 -71.4105 -1.8773
-58.9179 -45.8925 -2.11745 -59.1479 -71.6643 -2.24581
-59.2141 -46.2515 -2.12961 -59.3442 -71.9191 -2.61784
-59.5113 -46.6117 -2.14363 -59.5411 -72.1748 -2.99344
-59.8095 -46.9732 -2.15954 -59.7386 -72.4316 -3.37267
-60.1087 -47.336 -2.17736 -59.9368 -72.6894 -3.75558
-60.4089 -47.7001 -2.1971 -60.1356 -72.9481 -4.14224
-60.7101 -48.0655 -2.21878 -60.3351 -73.2079 -4.5327
-61.0122 -48.4322 -2.24242 -60.5352 -73.4687 -4.92702
-61.3154 -48.8002 -2.26805 -60.7359 -73.7305 -5.32527
-61.6196 -49.1695 -2.29568 -60.9373 -73.9934 -5.7275
-61.9248 -49.5401 -2.32533 -61.1393 -74.2572 -6.1338
-62.231 -49.9121 -2.35702 -61.342 -74.5222 -6.54421
-62.5382 -50.2853 -2.39077 -61.5454 -74.7881 -6.95881
-62.8464 -50.6599 -2.4266 -61.7493 -75.0551 -7.37766
-63.1557 -51.0359 -2.46455 -61.954 -75.3232 -7.80085
-63.466 -51.4132 -2.50461 -62.1593 -75.5923 -8.22843
-63.7773 -51.7918 -2.54683 -62.3652 -75.8625 -8.6605
-64.0896 -52.1718 -2.59122 -62.5718 -76.1338 -9.09711
-64.403 -52.5532 -2.6378 -62.7791 -76.4061 -9.53835
-64.7174 -52.9359 -2.6866 -62.987 -76.6795 -9.9843
-65.0329 -53.32 -2.73765 -63.1956 -76.954 -10.435
-65.3494 -53.7054 -2.79095 -63.4048 -77.2295 -10.8906
-65.6669 -54.0922 -2.84655 -63.6147 -77.5062 -11.3512
-65.9855 -54.4805 -2.90447 -63.8252 -77.7839 -11.8168
-66.3052 -54.8701 -2.96472 -64.0363 -78.0627 -12.2876
-66.6259 -55.2611 -3.02734 -64.2482 -78.3426 -12.7636
-66.9477 -55.6535 -3.09236 -64.4606 -78.6236 -13.2449
-67.2705 -56.0473 -3.15979 -64.6737 -78.9057 -13.7316
-67.5944 -56.4426 -3.22968 -64.8874 -79.1888 -14.2238
-67.9194 -56.8392 -3.30203 -65.1018 -79.4731 -14.7217
-68.2454 -57.2373 -3.37689 -65.3168 -79.7585 -15.2252
-68.5725 -57.6368 -3.45429 -65.5324 -80.0449 -15.7346
-68.9007 -58.0378 -3.53424 -65.7486 -80.3325 -16.25
-69.23 -58.4401 -3.61679 -65.9655 -80.6211 -16.7714
-69.5604 -58.844 -3.70196 -66.1829 -80.9108 -17.2989
-69.8919 -59.2492 -3.78978 -66.401 -81.2016 -17.8328
-70.2244 -59.656 -3.88028 -66.6196 -81.4935 -18.373
-70.5581 -60.0642 -3.97351 -66.8388 -81.7865 -18.9198
-70.8928 -60.4738 -4.06948 -67.0586 -82.0805 -19.4733
-71.2286 -60.885 -4.16824 -67.2789 -82.3756 -20.0335
-71.5656 -61.2976 -4.26982 -67.4998 -82.6717 -20.6006
-71.9036 -61.7117 -4.37425 -67.7212 -82.9689 -21.1749
-72.2428 -62.1273 -4.48157 -67.9432 -83.2671 -21.7563
-72.5831 -62.5444 -4.59181 -68.1657 -83.5664 -22.3451
-72.9245 -62.963 -4.70502 -68.3886 -83.8667 -22.9414
-73.267 -63.383 -4.82123 -68.612 -84.168 -23.5453
-73.6106 -63.8046 -4.94048 -68.8359 -84.4702 -24.1571
-73.9553 -64.2278 -5.0628 -69.0603 -84.7735 -24.7768
-74.3012 -64.6524 -5.18825 -69.2851 -85.0777 -25.4048
-74.6482 -65.0785 -5.31685 -69.5102 -85.3829 -26.041
-74.9963 -65.5062 -5.44866 -69.7358 -85.689 -26.6858
-75.3455 -65.9354 -5.58371 -69.9617 -85.996 -27.3392
-75.6959 -66.3662 -5.72205 -70.1879 -86.3039 -28.0016
-76.0474 -66.7985 -5.86373 -70.4145 -86.6127 -28.673
-76.4001 -67.2323 -6.00878 -70.6413 -86.9223 -29.3537
-76.7538 -67.6677 -6.15726 -70.8684 -87.2327 -30.0439
-77.1087 -68.1046 -6.30922 -71.0957 -87.5439 -30.7438
-77.4648 -68.5431 -6.4647 -71.3232 -87.8559 -31.4536
-77.822 -68.9832 -6.62376 -71.5508 -88.1686 -32.1736
-78.1803 -69.4248 -6.78644 -71.7786 -88.4821 -32.904
-78.5398 -69.868 -6.9528 -72.0064 -88.7961 -33.645
-78.9004 -70.3128 -7.1229 -72.2342 -89.1108 -34.3969
-79.2621 -70.7591 -7.29677 -72.462 -89.4261 -35.16
-79.625 -71.207 -7.4745 -72.6898 -89.7419 -35.9344
-79.989 -71.6565 -7.65612 -72.9175 -90.0582 -36.7206
-80.3542 -72.1076 -7.8417 -73.1449 -90.375 -37.5187
-80.7204 -72.5603 -8.03131 -73.3722 -90.6921 -38.329
-81.0879 -73.0145 -8.225 -73.5992 -91.0096 -39.1519
-81.4564 -73.4704 -8.42283 -73.8258 -91.3274 -39.9877
-81.8261 -73.9278 -8.62488 -74.0521 -91.6453 -40.8367
-82.197 -74.3868 -8.8312 -74.2778 -91.9635 -41.6992
-82.5689 -74.8475 -9.04187 -74.5031 -92.2817 -42.5755
-82.942 -75.3097 -9.25696 -74.7276 -92.5999 -43.4661
-83.3162 -75.7735 -9.47654 -74.9515 -92.918 -44.3713
-83.6915 -76.2388 -9.70067 -75.1746 -93.236 -45.2914
-84.0679 -76.7058 -9.92945 -75.3967 -93.5537 -46.2268
-84.4455 -77.1744 -10.1629 -75.6179 -93.8711 -47.178
-84.8241 -77.6445 -10.4012 -75.838 -94.188 -48.1454
-85.2039 -78.1163 -10.6444 -76.0569 -94.5044 -49.1293
-85.5847 -78.5896 -10.8925 -76.2744 -94.8201 -50.1303
-85.9666 -79.0645 -11.1457 -76.4906 -95.135 -51.1488
-86.3496 -79.5409 -11.404 -76.7051 -95.4489 -52.1852
-86.7337 -80.019 -11.6676 -76.9179 -95.7618 -53.24
-87.1188 -80.4985 -11.9364 -77.1289 -96.0735 -54.3139
-87.5049 -80.9797 -12.2107 -77.3378 -96.3838 -55.4072
-87.8922 -81.4624 -12.4905 -77.5445 -96.6925 -56.5205
-88.2804 -81.9466 -12.7759 -77.7489 -96.9995 -57.6543
-88.6696 -82.4324 -13.0671 -77.9507 -97.3046 -58.8094
-89.0599 -82.9197 -13.364 -78.1498 -97.6076 -59.9862
-89.4511 -83.4085 -13.6669 -78.3459 -97.9082 -61.1853
-89.8434 -83.8987 -13.9759 -78.5388 -98.2062 -62.4075
-90.2365 -84.3905 -14.291 -78.7283 -98.5013 -63.6533
-90.6306 -84.8838 -14.6124 -78.9141 -98.7934 -64.9235
-91.0257 -85.3785 -14.9402 -79.0959 -99.0821 -66.2187
-91.4216 -85.8746 -15.2746 -79.2735 -99.367 -67.5398
-91.8184 -86.3721 -15.6156 -79.4465 -99.6479 -68.8874
-92.2161 -86.8711 -15.9635 -79.6146 -99.9245 -70.2624
-92.6146 -87.3714 -16.3183 -79.7774 -100.196 -71.6655
-93.0138 -87.873 -16.6801 -79.9346 -100.463 -73.0977
-93.4139 -88.376 -17.0493 -80.0858 -100.724 -74.5598
-93.8147 -88.8803 -17.4257 -80.2306 -100.979 -76.0527
-94.2162 -89.3858 -17.8098 -80.3684 -101.227 -77.5773
-94.6184 -89.8925 -18.2015 -80.4989 -101.468 -79.1346
-95.0212 -90.4005 -18.6011 -80.6214 -101.702 -80.7257
-95.4246 -90.9096 -19.0088 -80.7354 -101.927 -82.3516
-95.8286 -91.4197 -19.4247 -80.8404 -102.144 -84.0133
-96.233 -91.931 -19.8489 -80.9357 -102.35 -85.7121
-96.6379 -92.4433 -20.2818 -81.0205 -102.547 -87.4489
-97.0432 -92.9565 -20.7234 -81.0943 -102.732 -89.2251
-97.4489 -93.4706 -21.1741 -81.1561 -102.905 -91.042
-97.8548 -93.9855 -21.6339 -81.2051 -103.065 -92.9006
-98.2609 -94.5012 -22.1031 -81.2406 -103.211 -94.8025
-98.6672 -95.0176 -22.5819 -81.2614 -103.342 -96.749
-99.0735 -95.5346 -23.0706 -81.2665 -103.457 -98.7414
-99.4798 -96.0522 -23.5693 -81.2549 -103.554 -100.781
-99.8861 -96.5702 -24.0784 -81.2254 -103.632 -102.87
-100.292 -97.0885 -24.598 -81.1766 -103.69 -105.009
-100.698 -97.6071 -25.1285 -81.1073 -103.726 -107.201
-101.103 -98.1258 -25.67 -81.0158 -103.739 -109.446
-101.508 -98.6445 -26.223 -80.9007 -103.726 -111.746
-101.912 -99.163 -26.7875 -80.7603 -103.685 -114.103
-102.316 -99.6813 -27.364 -80.5927 -103.616 -116.519
-102.718 -100.199 -27.9527 -80.3959 -103.515 -118.996
-103.12 -100.716 -28.554 -80.1678 -103.379 -121.535
-103.52 -101.233 -29.1681 -79.9061 -103.207 -124.137
-103.919 -101.749 -29.7954 -79.6085 -102.995 -126.806
-104.316 -102.263 -30.4362 -79.2722 -102.741 -129.542
-104.711 -102.776 -31.0908 -78.8944 -102.44 -132.348
-105.105 -103.287 -31.7597 -78.4721 -102.09 -135.224
-105.496 -103.797 -32.4431 -78.002 -101.686 -138.173
-105.885 -104.304 -33.1414 -77.4806 -101.225 -141.197
-106.271 -104.809 -33.855 -76.904 -100.702 -144.296
-106.654 -105.311 -34.5844 -76.2682 -100.112 -147.472
-107.034 -105.81 -35.3298 -75.5688 -99.4496 -150.726
-107.41 -106.306 -36.0917 -74.8011 -98.7098 -154.06
-107.782 -106.797 -36.8704 -73.9602 -97.8863 -157.473
-108.149 -107.285 -37.6664 -73.0406 -96.9728 -160.966
-108.512 -107.767 -38.4801 -72.0366 -95.9623 -164.54
-108.869 -108.244 -39.3118 -70.9421 -94.8475 -168.193
-109.221 -108.715 -40.162 -69.7506 -93.6205 -171.925
-109.567 -109.18 -41.0311 -68.4551 -92.2728 -175.733
-109.906 -109.638 -41.9194 -67.0485 -90.7957 -179.617
-110.237 -110.088 -42.8273 -65.5229 -89.1796 -183.571
-110.561 -110.53 -43.7551 -63.8703 -87.4147 -187.592
-110.876 -110.962 -44.7032 -62.0822 -85.4904 -191.675
-111.182 -111.385 -45.6719 -60.1501 -83.396 -195.812
-111.478 -111.796 -46.6614 -58.0648 -81.1203 -199.995
-111.763 -112.196 -47.6718 -55.8172 -78.6516 -204.215
-112.036 -112.583 -48.7035 -53.398 -75.9781 -208.46
-112.296 -112.956 -49.7565 -50.7982 -73.0882 -212.715
-112.544 -113.314 -50.8307 -48.0086 -69.9702 -216.965
-112.777 -113.655 -51.9261 -45.0209 -66.6127 -221.191
-112.994 -113.98 -53.0426 -41.8269 -63.005 -225.371
-113.195 -114.285 -54.1798 -38.4198 -59.1375 -229.483
-113.378 -114.571 -55.3374 -34.7938 -55.0018 -233.499
-113.543 -114.835 -56.5148 -30.9446 -50.591 -237.389
-113.687 -115.077 -57.7113 -26.8699 -45.9008 -241.123
-113.811 -115.294 -58.926 -22.5699 -40.9293 -244.665
-113.913 -115.486 -60.1579 -18.0472 -35.6779 -247.978
-113.992 -115.651 -61.4058 -13.3079 -30.1514 -251.025
-114.046 -115.788 -62.6681 -8.36132 -24.3592 -253.766
-114.075 -115.895 -63.9434 -3.22059 -18.3147 -256.162
-114.078 -115.971 -65.2297 2.09718 -12.0365 -258.174
-114.054 -116.015 -66.5251 7.5709 -5.54777 -259.766
-114.003 -116.026 -67.8273 13.1755 1.12322 -260.903
-113.923 -116.004 -69.1341 18.8824 7.94363 -261.557
-113.814 -115.947 -70.4429 24.6596 14.8764 -261.704
-113.676 -115.855 -71.7511 30.4725 21.8812 -261.326
-113.509 -115.728 -73.0561 36.285 28.9147 -260.413
-113.313 -115.566 -74.3552 42.0596 35.9324 -258.963
-113.089 -115.369 -75.6457 47.7592 42.8893 -256.981
-112.836 -115.137 -76.925 53.3476 49.7411 -254.482
-112.555 -114.871 -78.1905 58.7906 56.4455 -251.486
-112.248 -114.573 -79.4398 64.0569 62.9634 -248.024
-111.915 -114.242 -80.6707 69.1187 69.2595 -244.129
-111.557 -113.88 -81.8811 73.9525 75.3033 -239.84
-111.175 -113.489 -83.0691 78.5389 81.0693 -235.202
-110.771 -113.07 -84.2331 82.8635 86.5375 -230.258
-110.347 -112.624 -85.3717 86.9162 91.6933 -225.056
-109.902 -112.153 -86.4837 90.6912 96.5273 -219.64
-109.44 -111.658 -87.5681 94.1868 101.035 -214.056
-108.96 -111.142 -88.6243 97.4047 105.216 -208.346
-108.466 -110.606 -89.6516 100.35 109.074 -202.549
-107.957 -110.052 -90.6498 103.03 112.616 -196.702
-107.435 -109.48 -91.6187 105.454 115.852 -190.839
-106.902 -108.893 -92.5582 107.634 118.793 -184.987
-106.359 -108.292 -93.4686 109.581 121.452 -179.174
-105.807 -107.679 -94.35 111.309 123.845 -173.422
-105.246 -107.054 -95.2029 112.831 125.985 -167.748
-104.678 -106.419 -96.0275 114.16 127.889 -162.17
-104.104 -105.775 -96.8246 115.31 129.57 -156.699
-103.525 -105.123 -97.5946 116.294 131.046 -151.347
-102.942 -104.465 -98.3381 117.124 132.329 -146.12
-102.354 -103.8 -99.0558 117.813 133.435 -141.025
-101.763 -103.13 -99.7484 118.372 134.377 -136.066
-101.17 -102.456 -100.417 118.812 135.167 -131.245
-100.575 -101.779 -101.061 119.143 135.818 -126.564
-99.9789 -101.098 -101.682 119.374 136.341 -122.022
-99.3815 -100.415 -102.281 119.514 136.746 -117.618
-98.7837 -99.7305 -102.858 119.572 137.044 -113.35
-98.1858 -99.0447 -103.415 119.554 137.245 -109.217
-97.5882 -98.3581 -103.951 119.469 137.356 -105.215
-96.9911 -97.6711 -104.467 119.322 137.386 -101.341
-96.3949 -96.9842 -104.964 119.12 137.342 -97.5908
-95.7999 -96.2977 -105.443 118.867 137.232 -93.9617
-95.2063 -95.6119 -105.904 118.57 137.061 -90.4496
-94.6142 -94.9271 -106.347 118.233 136.837 -87.0508
-94.0239 -94.2435 -106.774 117.86 136.563 -83.7616
-93.4356 -93.5614 -107.185 117.454 136.246 -80.5783
-92.8494 -92.881 -107.58 117.021 135.89 -77.4972
-92.2654 -92.2025 -107.96 116.562 135.498 -74.5148
-91.6838 -91.5261 -108.325 116.08 135.074 -71.6275
-91.1046 -90.8518 -108.676 115.579 134.622 -68.832
-90.528 -90.1798 -109.013 115.06 134.145 -66.1249
-89.954 -89.5103 -109.337 114.527 133.646 -63.5029
-89.3827 -88.8434 -109.649 113.979 133.126 -60.9629
-88.8142 -88.1791 -109.947 113.421 132.589 -58.5019
-88.2485 -87.5175 -110.234 112.852 132.036 -56.1167
-87.6857 -86.8587 -110.508 112.275 131.47 -53.8047
-87.1257 -86.2028 -110.772 111.691 130.891 -51.563
-86.5687 -85.5498 -111.024 111.101 130.302 -49.389
-86.0147 -84.8997 -111.266 110.506 129.704 -47.28
-85.4637 -84.2527 -111.497 109.907 129.098 -45.2337
-84.9156 -83.6088 -111.718 109.305 128.485 -43.2476
-84.3706 -82.9679 -111.929 108.7 127.867 -41.3195
-83.8286 -82.3301 -112.131 108.094 127.244 -39.4472
-83.2897 -81.6954 -112.324 107.487 126.617 -37.6286
-82.7538 -81.0639 -112.507 106.879 125.988 -35.8616
-82.2209 -80.4355 -112.682 106.272 125.356 -34.1444
-81.691 -79.8103 -112.849 105.665 124.722 -32.4751
-81.1642 -79.1883 -113.007 105.06 124.087 -30.8519
-80.6404 -78.5695 -113.157 104.455 123.452 -29.2732
-80.1197 -77.9538 -113.3 103.853 122.817 -27.7374
-79.6019 -77.3413 -113.435 103.252 122.183 -26.2428
-79.0871 -76.732 -113.562 102.654 121.549 -24.788
-78.5754 -76.1258 -113.683 102.058 120.917 -23.3717
-78.0666 -75.5228 -113.796 101.465 120.286 -21.9923
-77.5607 -74.9229 -113.903 100.875 119.657 -20.6487
-77.0578 -74.3262 -114.002 100.288 119.03 -19.3395
-76.5578 -73.7326 -114.096 99.7046 118.406 -18.0636
-76.0608 -73.1422 -114.183 99.1243 117.784 -16.8199
-75.5666 -72.5548 -114.264 98.5475 117.165 -15.6072
-75.0753 -71.9705 -114.339 97.9743 116.549 -14.4246
-74.5868 -71.3893 -114.408 97.4048 115.936 -13.2709
-74.1012 -70.8111 -114.472 96.839 115.327 -12.1453
-73.6184 -70.236 -114.53 96.277 114.721 -11.0468
-73.1385 -69.6639 -114.582 95.7188 114.118 -9.97454
-72.6612 -69.0948 -114.63 95.1645 113.519 -8.92768
-72.1868 -68.5287 -114.672 94.6142 112.924 -7.9054
-71.7151 -67.9656 -114.709 94.0677 112.333 -6.90692
-71.2461 -67.4054 -114.741 93.5252 111.745 -5.93151
-70.7799 -66.8481 -114.768 92.9867 111.161 -4.97843
-70.3163 -66.2938 -114.79 92.4521 110.582 -4.04701
-69.8553 -65.7423 -114.808 91.9214 110.006 -3.13658
-69.397 -65.1937 -114.822 91.3947 109.434 -2.24652
-68.9414 -64.648 -114.831 90.8718 108.867 -1.37621
-68.4883 -64.1051 -114.836 90.3529 108.303 -0.525071
-68.0378 -63.5649 -114.836 89.8379 107.744 0.307463
-67.5899 -63.0276 -114.833 89.3267 107.188 1.12193
-67.1446 -62.4931 -114.825 88.8193 106.637 1.91885
-66.7017 -61.9612 -114.813 88.3158 106.089 2.69872
-66.2614 -61.4322 -114.798 87.816 105.546 3.46202
-65.8236 -60.9058 -114.779 87.32 105.006 4.20922
-65.3882 -60.3821 -114.756 86.8277 104.471 4.94075
-64.9553 -59.8611 -114.729 86.339 103.939 5.65706
-64.5248 -59.3427 -114.699 85.854 103.411 6.35856
-64.0968 -58.827 -114.666 85.3727 102.888 7.04564
-63.6711 -58.3138 -114.629 84.8949 102.368 7.71869
-63.2478 -57.8033 -114.589 84.4207 101.851 8.37809
-62.8269 -57.2953 -114.545 83.95 101.339 9.02419
-62.4083 -56.7899 -114.498 83.4828 100.83 9.65735
-61.9921 -56.287 -114.448 83.0191 100.325 10.2779
-61.5781 -55.7866 -114.396 82.5589 99.8229 10.8862
-61.1665 -55.2888 -114.34 82.1021 99.3247 11.4825
-60.7571 -54.7934 -114.281 81.6487 98.83 12.0671
-60.35 -54.3005 -114.219 81.1987 98.3386 12.6404
-59.9451 -53.81 -114.154 80.7521 97.8507 13.2026
-59.5425 -53.322 -114.087 80.3088 97.3661 13.754
-59.142 -52.8364 -114.017 79.8689 96.8847 14.2949
-58.7438 -52.3531 -113.944 79.4323 96.4065 14.8255
-58.3477 -51.8723 -113.868 78.999 95.9315 15.3461
-57.9538 -51.3938 -113.79 78.5691 95.4597 15.857
-57.562 -50.9177 -113.71 78.1424 94.9909 16.3583
-57.1724 -50.4439 -113.627 77.7189 94.5251 16.8504
-56.7848 -49.9724 -113.541 77.2987 94.0624 17.3334
-56.3994 -49.5033 -113.454 76.8818 93.6026 17.8076
-56.016 -49.0364 -113.363 76.468 93.1458 18.2732
-55.6347 -48.5718 -113.271 76.0575 92.6918 18.7304
-55.2554 -48.1095 -113.176 75.6501 92.2407 19.1794
-54.8782 -47.6494 -113.079 75.2459 91.7924 19.6204
-54.503 -47.1916 -112.98 74.8448 91.347 20.0535
-54.1297 -46.7359 -112.878 74.4469 90.9043 20.4791
-53.7585 -46.2825 -112.775 74.052 90.4643 20.8972
-53.3892 -45.8313 -112.67 73.6601 90.0271 21.308
-53.0219 -45.3823 -112.562 73.2713 89.5926 21.7117
-52.6565 -44.9354 -112.452 72.8855 89.1607 22.1085
-52.293 -44.4906 -112.341 72.5027 88.7315 22.4985
-51.9315 -44.0481 -112.227 72.1227 88.3049 22.8818
-51.5718 -43.6076 -112.112 71.7457 87.881 23.2587
-51.214 -43.1692 -111.995 71.3715 87.4596 23.6293
-50.8581 -42.733 -111.876 71.0002 87.0407 23.9937
-50.504 -42.2988 -111.755 70.6316 86.6244 24.3521
-50.1518 -41.8668 -111.632 70.2658 86.2106 24.7046
-49.8014 -41.4367 -111.508 69.9027 85.7993 25.0513
-49.4527 -41.0088 -111.382 69.5422 85.3905 25.3924
-49.1059 -40.5828 -111.254 69.1844 84.984 25.7279
-48.7609 -40.1589 -111.124 68.8292 84.5801 26.0581
-48.4176 -39.737 -110.993 68.4766 84.1785 26.383
-48.0761 -39.3171 -110.861 68.1264 83.7793 26.7028
-47.7364 -38.8992 -110.726 67.7787 83.3824 27.0175
-47.3983 -38.4833 -110.59 67.4335 82.9879 27.3274
-47.062 -38.0694 -110.453 67.0907 82.5957 27.6324
-46.7274 -37.6574 -110.314 66.7503 82.2057 27.9327
-46.3945 -37.2473 -110.174 66.4121 81.8181 28.2284
-46.0633 -36.8392 -110.032 66.0763 81.4326 28.5197
-45.7338 -36.433 -109.889 65.7428 81.0495 28.8065
-45.4059 -36.0287 -109.744 65.4115 80.6685 29.089
-45.0797 -35.6263 -109.598 65.0824 80.2897 29.3674
-44.7551 -35.2258 -109.45 64.7554 79.913 29.6416
-44.4321 -34.8272 -109.301 64.4307 79.5386 29.9118
-44.1108 -34.4304 -109.151 64.108 79.1662 30.178
-43.791 -34.0355 -108.999 63.7874 78.7959 30.4404
-43.4729 -33.6424 -108.847 63.4689 78.4278 30.6991
-43.1563 -33.2512 -108.692 63.1524 78.0617 30.954
-42.8414 -32.8618 -108.537 62.8379 77.6977 31.2053
-42.528 -32.4742 -108.38 62.5254 77.3357 31.4531
-42.2161 -32.0885 -108.222 62.2148 76.9757 31.6974
-41.9058 -31.7045 -108.063 61.9062 76.6178 31.9383
-41.597 -31.3223 -107.903 61.5995 76.2618 32.1759
-41.2898 -30.9419 -107.742 61.2947 75.9078 32.4102
-40.9841 -30.5632 -107.579 60.9917 75.5558 32.6414
-40.6799 -30.1863 -107.415 60.6906 75.2057 32.8693
-40.3772 -29.8111 -107.25 60.3913 74.8575 33.0942
-40.076 -29.4377 -107.084 60.0939 74.5112 33.3161
-39.7763 -29.066 -106.917 59.7982 74.1669 33.535
-39.478 -28.6961 -106.749 59.5043 73.8244 33.751
-39.1812 -28.3278 -106.58 59.2121 73.4837 33.9642
-38.8859 -27.9612 -106.409 58.9217 73.1449 34.1745
-38.592 -27.5963 -106.238 58.6329 72.808 34.3821
-38.2995 -27.2331 -106.065 58.3459 72.4728 34.5869
-38.0085 -26.8716 -105.892 58.0606 72.1395 34.7891
-37.7189 -26.5117 -105.718 57.7769 71.8079 34.9887
-37.4308 -26.1535 -105.542 57.4948 71.4781 35.1857
-37.144 -25.797 -105.366 57.2144 71.1501 35.3802
-36.8586 -25.442 -105.188 56.9356 70.8237 35.5722
-36.5746 -25.0887 -105.01 56.6584 70.4992 35.7617
-36.292 -24.737 -104.831 56.3827 70.1763 35.9488
-36.0108 -24.387 -104.651 56.1086 69.8551 36.1335
-35.7309 -24.0385 -104.469 55.8361 69.5356 36.3159
-35.4524 -23.6916 -104.287 55.5651 69.2177 36.496
-35.1753 -23.3463 -104.104 55.2956 68.9015 36.6738
-34.8995 -23.0026 -103.921 55.0276 68.5869 36.8494
-34.625 -22.6604 -103.736 54.7611 68.2739 37.0228
-34.3519 -22.3199 -103.55 54.4961 67.9626 37.194
-34.0801 -21.9808 -103.364 54.2325 67.6528 37.3631
-33.8096 -21.6433 -103.177 53.9703 67.3446 37.53
-33.5404 -21.3074 -102.989 53.7096 67.0379 37.6949
-33.2725 -20.9729 -102.8 53.4503 66.7328 37.8577
-33.0059 -20.64 -102.61 53.1924 66.4292 38.0185
-32.7405 -20.3087 -102.42 52.9358 66.1271 38.1773
-32.4765 -19.9788 -102.228 52.6807 65.8265 38.3342
-32.2137 -19.6504 -102.036 52.4268 65.5274 38.4891
-31.9522 -19.3235 -101.843 52.1744 65.2298 38.642
-31.692 -18.9981 -101.65 51.9232 64.9336 38.7931
-31.433 -18.6742 -101.456 51.6734 64.6388 38.9423
-31.1753 -18.3517 -101.26 51.4248 64.3455 39.0897
-30.9187 -18.0307 -101.065 51.1776 64.0536 39.2353
-30.6635 -17.7112 -100.868 50.9316 63.763 39.379
-30.4094 -17.3931 -100.671 50.6868 63.4739 39.521
-30.1566 -17.0764 -100.473 50.4434 63.1861 39.6612
-29.905 -16.7612 -100.274 50.2011 62.8996 39.7997
-29.6546 -16.4474 -100.075 49.9601 62.6145 39.9365
-29.4054 -16.1351 -99.8748 49.7202 62.3307 40.0716
-29.1574 -15.8241 -99.6742 49.4816 62.0483 40.205
-28.9106 -15.5146 -99.4728 49.2441 61.7671 40.3368
-28.665 -15.2064 -99.2708 49.0078 61.4872 40.4669
-28.4205 -14.8997 -99.0681 48.7727 61.2085 40.5955
-28.1772 -14.5944 -98.8648 48.5387 60.9311 40.7224
-27.9351 -14.2904 -98.6609 48.3058 60.655 40.8478
-27.6942 -13.9878 -98.4564 48.074 60.3801 40.9716
-27.4544 -13.6866 -98.2512 47.8433 60.1064 41.0939
-27.2157 -13.3867 -98.0454 47.6138 59.8338 41.2147
-26.9782 -13.0883 -97.839 47.3853 59.5625 41.334
-26.7419 -12.7911 -97.6321 47.1578 59.2924 41.4517
-26.5067 -12.4953 -97.4245 46.9314 59.0234 41.5681
-26.2726 -12.2009 -97.2164 46.7061 58.7555 41.683
-26.0396 -11.9078 -97.0077 46.4818 58.4888 41.7964
-25.8077 -11.616 -96.7984 46.2585 58.2232 41.9084
-25.577 -11.3255 -96.5886 46.0362 57.9587 42.0191
-25.3474 -11.0364 -96.3782 45.8148 57.6953 42.1283
-25.1189 -10.7486 -96.1673 45.5945 57.433 42.2362
-24.8914 -10.4621 -95.9559 45.3751 57.1717 42.3428
-24.6651 -10.1769 -95.7439 45.1567 56.9115 42.448
-24.4399 -9.89297 -95.5314 44.9393 56.6524 42.5519
-24.2157 -9.61035 -95.3184 44.7227 56.3943 42.6545
-23.9926 -9.32903 -95.1049 44.5071 56.1372 42.7558
-23.7706 -9.04898 -94.8908 44.2924 55.8811 42.8558
-23.5497 -8.77022 -94.6763 44.0786 55.626 42.9546
-23.3299 -8.49272 -94.4613 43.8656 55.3719 43.0521
-23.1111 -8.2165 -94.2458 43.6536 55.1187 43.1485
-22.8933 -7.94154 -94.0298 43.4424 54.8665 43.2436
-22.6766 -7.66783 -93.8133 43.232 54.6153 43.3375
-22.461 -7.39538 -93.5964 43.0225 54.365 43.4302
-22.2464 -7.12418 -93.379 42.8138 54.1157 43.5218
-22.0329 -6.85423 -93.1612 42.606 53.8672 43.6123
-21.8204 -6.58551 -92.9429 42.3989 53.6197 43.7016
-21.6089 -6.31803 -92.7242 42.1927 53.3731 43.7898
-21.3984 -6.05178 -92.505 41.9872 53.1273 43.8768
-21.189 -5.78676 -92.2854 41.7826 52.8824 43.9628
-20.9806 -5.52295 -92.0654 41.5786 52.6384 44.0478
-20.7732 -5.26037 -91.8449 41.3755 52.3953 44.1316
-20.5669 -4.999 -91.6241 41.1731 52.153 44.2144
-20.3615 -4.73884 -91.4028 40.9714 51.9115 44.2962
-20.1571 -4.47989 -91.1811 40.7705 51.6709 44.377
-19.9538 -4.22213 -90.959 40.5703 51.4311 44.4568
-19.7514 -3.96558 -90.7365 40.3708 51.1921 44.5355
-19.5501 -3.71021 -90.5137 40.172 50.9539 44.6133
-19.3497 -3.45604 -90.2904 39.9739 50.7165 44.6902
-19.1503 -3.20305 -90.0668 39.7765 50.4799 44.7661
-18.9519 -2.95124 -89.8427 39.5797 50.2441 44.8411
-18.7545 -2.70061 -89.6184 39.3837 50.009 44.9151
-18.5581 -2.45115 -89.3936 39.1883 49.7747 44.9882
-18.3627 -2.20286 -89.1685 38.9936 49.5412 45.0605
-18.1682 -1.95573 -88.943 38.7995 49.3084 45.1318
-17.9747 -1.70977 -88.7171 38.6061 49.0764 45.2023
-17.7821 -1.46497 -88.491 38.4132 48.8451 45.272
-17.5905 -1.22132 -88.2644 38.2211 48.6145 45.3407
-17.3999 -0.978826 -88.0376 38.0295 48.3846 45.4087
-17.2102 -0.737477 -87.8103 37.8386 48.1555 45.4758
-17.0215 -0.497271 -87.5828 37.6483 47.9271 45.5422
-16.8338 -0.258206 -87.3549 37.4586 47.6994 45.6077
-16.6469 -0.0202773 -87.1267 37.2695 47.4724 45.6724
-16.4611 0.216518 -86.8982 37.0809 47.246 45.7364
-16.2761 0.452183 -86.6694 36.893 47.0204 45.7996
-16.0921 0.686722 -86.4402 36.7057 46.7954 45.862
-15.9091 0.920137 -86.2107 36.5189 46.5711 45.9237
-15.7269 1.15243 -85.981 36.3327 46.3475 45.9847
-15.5457 1.38361 -85.7509 36.1471 46.1246 46.0449
-15.3655 1.61368 -85.5205 35.962 45.9023 46.1044
-15.1861 1.84264 -85.2898 35.7775 45.6807 46.1632
-15.0077 2.07049 -85.0589 35.5935 45.4597 46.2213
-14.8302 2.29723 -84.8276 35.4101 45.2394 46.2788
-14.6536 2.52288 -84.5961 35.2272 45.0197 46.3355
-14.4779 2.74743 -84.3643 35.0449 44.8006 46.3916
-14.3031 2.97089 -84.1322 34.8631 44.5822 46.447
-14.1293 3.19325 -83.8998 34.6819 44.3644 46.5018
-13.9563 3.41453 -83.6672 34.5012 44.1472 46.5559
-13.7843 3.63472 -83.4342 34.321 43.9307 46.6094
-13.6131 3.85384 -83.2011 34.1413 43.7147 46.6622
-13.4429 4.07187 -82.9676 33.9621 43.4994 46.7144
-13.2735 4.28883 -82.7339 33.7835 43.2847 46.766
-13.105 4.50472 -82.5 33.6053 43.0705 46.817
-12.9374 4.71954 -82.2657 33.4277 42.857 46.8674
-12.7707 4.93329 -82.0313 33.2505 42.6441 46.9172
-12.6049 5.14598 -81.7966 33.0739 42.4317 46.9664
-12.44 5.3576 -81.5616 32.8977 42.2199 47.015
-12.276 5.56818 -81.3264 32.7221 42.0088 47.0631
-12.1128 5.77769 -81.091 32.5469 41.7981 47.1106
-11.9505 5.98616 -80.8553 32.3722 41.5881 47.1575
-11.7891 6.19357 -80.6194 32.198 41.3786 47.2038
-11.6285 6.39994 -80.3833 32.0243 41.1697 47.2496
-11.4688 6.60527 -80.1469 31.8511 40.9614 47.2949
-11.31 6.80956 -79.9103 31.6783 40.7536 47.3396
-11.152 7.01281 -79.6735 31.506 40.5463 47.3837
-10.9949 7.21502 -79.4365 31.3341 40.3397 47.4273
-10.8387 7.4162 -79.1992 31.1627 40.1335 47.4705
-10.6833 7.61636 -78.9618 30.9918 39.9279 47.513
-10.5288 7.81548 -78.7241 30.8213 39.7228 47.5551
-10.3751 8.01358 -78.4862 30.6513 39.5183 47.5966
-10.2223 8.21066 -78.2482 30.4818 39.3143 47.6377
-10.0703 8.40673 -78.0099 30.3126 39.1108 47.6782
-9.91914 8.60177 -77.7714 30.1439 38.9078 47.7182
-9.76884 8.7958 -77.5327 29.9757 38.7054 47.7578
-9.61938 8.98883 -77.2938 29.8079 38.5034 47.7968
-9.47076 9.18084 -77.0547 29.6405 38.302 47.8354
-9.32298 9.37185 -76.8154 29.4736 38.1011 47.8735
-9.17603 9.56185 -76.576 29.3071 37.9007 47.911
-9.02991 9.75085 -76.3363 29.141 37.7008 47.9482
-8.88462 9.93886 -76.0965 28.9753 37.5014 47.9848
-8.74015 10.1259 -75.8565 28.8101 37.3024 48.021
-8.59652 10.3119 -75.6163 28.6452 37.104 48.0567
-8.4537 10.4969 -75.3759 28.4808 36.9061 48.0919
-8.31171 10.6809 -75.1354 28.3168 36.7086 48.1267
-8.17053 10.864 -74.8946 28.1532 36.5116 48.1611
-8.03018 11.0461 -74.6538 27.99 36.3151 48.1949
-7.89063 11.2271 -74.4127 27.8272 36.119 48.2284
-7.7519 11.4073 -74.1715 27.6648 35.9235 48.2614
-7.61399 11.5864 -73.9301 27.5028 35.7284 48.2939
-7.47688 11.7645 -73.6885 27.3412 35.5337 48.326
-7.34057 11.9417 -73.4468 27.18 35.3395 48.3577
-7.20508 12.1179 -73.205 27.0192 35.1458 48.3889
-7.07038 12.2932 -72.9629 26.8587 34.9525 48.4197
-6.93649 12.4675 -72.7208 26.6987 34.7596 48.4501
-6.8034 12.6408 -72.4784 26.539 34.5672 48.4801
-6.6711 12.8131 -72.236 26.3797 34.3753 48.5096
-6.5396 12.9845 -71.9933 26.2207 34.1838 48.5388
-6.40889 13.155 -71.7506 26.0622 33.9927 48.5675
-6.27898 13.3244 -71.5077 25.904 33.802 48.5958
-6.14985 13.493 -71.2646 25.7462 33.6118 48.6236
-6.02152 13.6606 -71.0214 25.5887 33.422 48.6511
-5.89397 13.8272 -70.7781 25.4316 33.2326 48.6782
-5.7672 13.9929 -70.5346 25.2749 33.0436 48.7049
-5.64122 14.1576 -70.291 25.1185 32.8551 48.7311
-5.51602 14.3214 -70.0473 24.9624 32.667 48.757
-5.39159 14.4843 -69.8035 24.8067 32.4792 48.7825
-5.26795 14.6462 -69.5595 24.6514 32.2919 48.8076
-5.14508 14.8072 -69.3154 24.4964 32.105 48.8323
-5.02298 14.9673 -69.0712 24.3418 31.9185 48.8566
-4.90166 15.1264 -68.8268 24.1875 31.7323 48.8805
-4.78111 15.2846 -68.5824 24.0335 31.5466 48.9041
-4.66133 15.4419 -68.3378 23.8799 31.3613 48.9272
-4.54231 15.5982 -68.0931 23.7266 31.1763 48.95
-4.42406 15.7536 -67.8483 23.5736 30.9917 48.9724
-4.30657 15.9081 -67.6034 23.4209 30.8075 48.9945
-4.18985 16.0617 -67.3583 23.2686 30.6237 49.0161
-4.07389 16.2144 -67.1132 23.1166 30.4403 49.0374
-3.95869 16.3661 -66.868 22.9649 30.2572 49.0583
-3.84424 16.5169 -66.6226 22.8136 30.0745 49.0789
-3.73055 16.6669 -66.3772 22.6625 29.8922 49.0991
-3.61761 16.8159 -66.1316 22.5118 29.7103 49.1189
-3.50543 16.964 -65.886 22.3614 29.5287 49.1384
-3.394 17.1112 -65.6403 22.2113 29.3474 49.1575
-3.28332 17.2574 -65.3944 22.0615 29.1665 49.1763
-3.17338 17.4028 -65.1485 21.912 28.986 49.1947
-3.0642 17.5473 -64.9025 21.7628 28.8058 49.2128
-2.95576 17.6909 -64.6564 21.6139 28.626 49.2305
-2.84806 17.8336 -64.4102 21.4653 28.4465 49.2479
-2.7411 17.9753 -64.1639 21.317 28.2674 49.2649
-2.63489 18.1162 -63.9175 21.169 28.0886 49.2816
-2.52941 18.2562 -63.6711 21.0213 27.9101 49.2979
-2.42468 18.3953 -63.4245 20.8739 27.732 49.3139
-2.32068 18.5336 -63.1779 20.7267 27.5542 49.3295
-2.21741 18.6709 -62.9312 20.5799 27.3767 49.3448
-2.11488 18.8073 -62.6845 20.4333 27.1996 49.3598
-2.01308 18.9429 -62.4376 20.287 27.0228 49.3745
-1.91201 19.0775 -62.1907 20.141 26.8463 49.3888
-1.81167 19.2113 -61.9438 19.9952 26.6701 49.4028
-1.71205 19.3442 -61.6967 19.8498 26.4942 49.4164
-1.61317 19.4763 -61.4496 19.7046 26.3187 49.4298
-1.51501 19.6074 -61.2024 19.5597 26.1435 49.4428
-1.41757 19.7377 -60.9552 19.415 25.9686 49.4555
-1.32086 19.8671 -60.7079 19.2706 25.7939 49.4678
-1.22487 19.9957 -60.4605 19.1265 25.6196 49.4799
-1.12959 20.1233 -60.2131 18.9826 25.4456 49.4916
-1.03504 20.2501 -59.9656 18.839 25.2719 49.503
-0.941204 20.376 -59.718 18.6957 25.0985 49.5141
-0.848084 20.5011 -59.4704 18.5526 24.9254 49.5248
-0.755678 20.6253 -59.2228 18.4097 24.7526 49.5353
-0.663986 20.7486 -58.9751 18.2671 24.5801 49.5454
-0.573007 20.8711 -58.7273 18.1248 24.4078 49.5553
-0.482739 20.9927 -58.4795 17.9827 24.2359 49.5648
-0.39318 21.1135 -58.2317 17.8409 24.0642 49.574
-0.30433 21.2333 -57.9838 17.6993 23.8928 49.583
-0.216187 21.3524 -57.7358 17.5579 23.7217 49.5916
-0.128751 21.4706 -57.4879 17.4168 23.5509 49.5999
-0.0420195 21.5879 -57.2398 17.2759 23.3804 49.6079
0.0440081 21.7044 -56.9918 17.1353 23.2101 49.6156
0.129333 21.82 -56.7437 16.9949 23.0401 49.623
0.213957 21.9348 -56.4956 16.8547 22.8704 49.6301
0.29788 22.0487 -56.2474 16.7147 22.7009 49.6369
0.381104 22.1618 -55.9992 16.575 22.5317 49.6434
0.46363 22.274 -55.751 16.4356 22.3628 49.6497
0.54546 22.3854 -55.5027 16.2963 22.1941 49.6556
0.626593 22.496 -55.2544 16.1573 22.0257 49.6612
0.707032 22.6057 -55.0061 16.0185 21.8575 49.6666
0.786778 22.7145 -54.7577 15.8799 21.6896 49.6716
