-25 25 -75 0 0 49
-25.0003 24.9995 -74.7551 -0.116371 -0.19283 48.9657
-25.0012 24.9981 -74.5103 -0.232676 -0.38553 48.9312
-25.0026 24.9957 -74.2658 -0.348919 -0.578103 48.8965
-25.0047 24.9923 -74.0214 -0.465099 -0.770549 48.8614
-25.0073 24.988 -73.7772 -0.581219 -0.962872 48.8262
-25.0105 24.9827 -73.5331 -0.697279 -1.15507 48.7906
-25.0142 24.9764 -73.2893 -0.813282 -1.34715 48.7548
-25.0186 24.9692 -73.0456 -0.929228 -1.53912 48.7188
-25.0235 24.961 -72.8021 -1.04512 -1.73097 48.6825
-25.029 24.9519 -72.5587 -1.16096 -1.9227 48.6459
-25.0351 24.9418 -72.3156 -1.27674 -2.11432 48.6091
-25.0418 24.9307 -72.0727 -1.39248 -2.30584 48.5721
-25.0491 24.9187 -71.8299 -1.50816 -2.49724 48.5347
-25.0569 24.9058 -71.5873 -1.6238 -2.68855 48.4972
-25.0653 24.8918 -71.3449 -1.73939 -2.87974 48.4593
-25.0743 24.877 -71.1027 -1.85494 -3.07084 48.4212
-25.0839 24.8611 -70.8607 -1.97044 -3.26184 48.3829
-25.094 24.8443 -70.6189 -2.0859 -3.45273 48.3443
-25.1047 24.8266 -70.3773 -2.20131 -3.64354 48.3054
-25.116 24.8079 -70.1358 -2.31669 -3.83425 48.2663
-25.1279 24.7883 -69.8946 -2.43203 -4.02487 48.2269
-25.1403 24.7677 -69.6536 -2.54733 -4.21539 48.1873
-25.1534 24.7461 -69.4127 -2.6626 -4.40584 48.1474
-25.167 24.7236 -69.1721 -2.77783 -4.59619 48.1073
-25.1811 24.7001 -68.9316 -2.89303 -4.78646 48.0669
-25.1959 24.6757 -68.6914 -3.0082 -4.97665 48.0262
-25.2112 24.6504 -68.4514 -3.12334 -5.16676 47.9853
-25.2271 24.6241 -68.2116 -3.23845 -5.35679 47.9441
-25.2436 24.5968 -67.9719 -3.35353 -5.54675 47.9027
-25.2607 24.5686 -67.7325 -3.46859 -5.73663 47.861
-25.2783 24.5394 -67.4933 -3.58362 -5.92644 47.819
-25.2965 24.5093 -67.2543 -3.69863 -6.11618 47.7768
-25.3153 24.4783 -67.0156 -3.81361 -6.30584 47.7343
-25.3346 24.4463 -66.777 -3.92858 -6.49545 47.6916
-25.3546 24.4133 -66.5386 -4.04352 -6.68499 47.6486
-25.3751 24.3794 -66.3005 -4.15845 -6.87446 47.6053
-25.3961 24.3446 -66.0626 -4.27336 -7.06388 47.5618
-25.4178 24.3088 -65.8249 -4.38826 -7.25323 47.518
-25.44 24.2721 -65.5874 -4.50314 -7.44253 47.4739
-25.4628 24.2344 -65.3502 -4.61801 -7.63177 47.4296
-25.4862 24.1957 -65.1131 -4.73287 -7.82096 47.385
-25.5102 24.1562 -64.8763 -4.84772 -8.0101 47.3401
-25.5347 24.1156 -64.6397 -4.96256 -8.19918 47.295
-25.5598 24.0742 -64.4034 -5.0774 -8.38822 47.2496
-25.5855 24.0318 -64.1672 -5.19222 -8.57721 47.2039
-25.6117 23.9884 -63.9313 -5.30705 -8.76616 47.158
-25.6385 23.9441 -63.6956 -5.42187 -8.95507 47.1118
-25.6659 23.8988 -63.4602 -5.53669 -9.14393 47.0653
-25.6939 23.8527 -63.225 -5.65151 -9.33276 47.0186
-25.7224 23.8055 -62.99 -5.76633 -9.52155 46.9716
-25.7516 23.7574 -62.7553 -5.88115 -9.7103 46.9243
-25.7813 23.7084 -62.5208 -5.99598 -9.89902 46.8768
-25.8115 23.6584 -62.2865 -6.11081 -10.0877 46.8289
-25.8424 23.6075 -62.0525 -6.22565 -10.2764 46.7808
-25.8738 23.5557 -61.8187 -6.34049 -10.465 46.7325
-25.9058 23.5029 -61.5852 -6.45535 -10.6536 46.6838
-25.9383 23.4491 -61.3519 -6.57022 -10.8422 46.6349
-25.9715 23.3945 -61.1188 -6.68509 -11.0307 46.5857
-26.0052 23.3388 -60.886 -6.79998 -11.2193 46.5362
-26.0395 23.2823 -60.6534 -6.91489 -11.4078 46.4864
-26.0743 23.2248 -60.4211 -7.02981 -11.5963 46.4364
-26.1098 23.1663 -60.1891 -7.14475 -11.7847 46.386
-26.1458 23.1069 -59.9573 -7.25971 -11.9732 46.3354
-26.1824 23.0466 -59.7257 -7.37468 -12.1617 46.2845
-26.2195 22.9853 -59.4944 -7.48968 -12.3501 46.2333
-26.2573 22.9231 -59.2634 -7.6047 -12.5385 46.1819
-26.2956 22.8599 -59.0326 -7.71975 -12.727 46.1301
-26.3345 22.7958 -58.8021 -7.83482 -12.9154 46.0781
-26.3739 22.7308 -58.5718 -7.94991 -13.1038 46.0258
-26.414 22.6648 -58.3418 -8.06504 -13.2922 45.9731
-26.4546 22.5978 -58.1121 -8.18019 -13.4806 45.9202
-26.4958 22.53 -57.8826 -8.29537 -13.669 45.867
-26.5375 22.4611 -57.6534 -8.41059 -13.8575 45.8135
-26.5799 22.3914 -57.4245 -8.52584 -14.0459 45.7597
-26.6228 22.3207 -57.1958 -8.64112 -14.2343 45.7056
-26.6663 22.249 -56.9674 -8.75644 -14.4227 45.6513
-26.7103 22.1765 -56.7393 -8.87179 -14.6112 45.5966
-26.755 22.1029 -56.5115 -8.98719 -14.7996 45.5416
-26.8002 22.0285 -56.2839 -9.10262 -14.9881 45.4863
-26.846 21.953 -56.0566 -9.21809 -15.1766 45.4307
-26.8924 21.8767 -55.8296 -9.33361 -15.3651 45.3748
-26.9394 21.7994 -55.6029 -9.44917 -15.5536 45.3187
-26.9869 21.7212 -55.3764 -9.56477 -15.7421 45.2622
-27.035 21.642 -55.1502 -9.68042 -15.9307 45.2053
-27.0837 21.5619 -54.9244 -9.79612 -16.1193 45.1482
-27.133 21.4808 -54.6988 -9.91187 -16.3079 45.0908
-27.1828 21.3988 -54.4734 -10.0277 -16.4965 45.0331
-27.2332 21.3158 -54.2484 -10.1435 -16.6852 44.975
-27.2842 21.2319 -54.0237 -10.2594 -16.8738 44.9166
-27.3358 21.1471 -53.7993 -10.3754 -17.0626 44.8579
-27.388 21.0613 -53.5751 -10.4914 -17.2513 44.7989
-27.4407 20.9746 -53.3513 -10.6074 -17.4401 44.7396
-27.4941 20.8869 -53.1277 -10.7235 -17.6289 44.68
-27.548 20.7983 -52.9045 -10.8397 -17.8177 44.62
-27.6025 20.7087 -52.6815 -10.956 -18.0066 44.5597
-27.6575 20.6182 -52.4589 -11.0723 -18.1955 44.4991
-27.7132 20.5268 -52.2365 -11.1886 -18.3845 44.4381
-27.7694 20.4344 -52.0145 -11.305 -18.5735 44.3768
-27.8262 20.341 -51.7928 -11.4215 -18.7626 44.3152
-27.8836 20.2467 -51.5713 -11.5381 -18.9517 44.2533
-27.9416 20.1515 -51.3502 -11.6547 -19.1408 44.191
-28.0002 20.0553 -51.1294 -11.7714 -19.33 44.1284
-28.0593 19.9582 -50.9089 -11.8881 -19.5192 44.0654
-28.1191 19.8601 -50.6888 -12.005 -19.7085 44.0021
-28.1794 19.7611 -50.4689 -12.1219 -19.8979 43.9385
-28.2403 19.6612 -50.2494 -12.2388 -20.0873 43.8745
-28.3018 19.5603 -50.0302 -12.3559 -20.2767 43.8101
-28.3639 19.4584 -49.8113 -12.473 -20.4662 43.7454
-28.4265 19.3556 -49.5927 -12.5902 -20.6558 43.6804
-28.4898 19.2518 -49.3745 -12.7074 -20.8454 43.615
-28.5536 19.1471 -49.1566 -12.8248 -21.0351 43.5493
-28.618 19.0415 -48.939 -12.9422 -21.2249 43.4832
-28.683 18.9349 -48.7217 -13.0597 -21.4147 43.4167
-28.7486 18.8273 -48.5048 -13.1773 -21.6045 43.3499
-28.8148 18.7188 -48.2882 -13.295 -21.7945 43.2827
-28.8815 18.6094 -48.072 -13.4127 -21.9845 43.2151
-28.9489 18.499 -47.8561 -13.5305 -22.1746 43.1472
-29.0169 18.3876 -47.6405 -13.6484 -22.3647 43.0789
-29.0854 18.2753 -47.4253 -13.7664 -22.5549 43.0102
-29.1545 18.1621 -47.2104 -13.8845 -22.7452 42.9412
-29.2242 18.0479 -46.9959 -14.0027 -22.9355 42.8718
-29.2945 17.9327 -46.7817 -14.121 -23.126 42.802
-29.3654 17.8166 -46.5679 -14.2393 -23.3165 42.7318
-29.4369 17.6996 -46.3544 -14.3578 -23.5071 42.6612
-29.509 17.5816 -46.1413 -14.4763 -23.6977 42.5903
-29.5817 17.4626 -45.9285 -14.5949 -23.8884 42.519
-29.655 17.3427 -45.7161 -14.7136 -24.0793 42.4472
-29.7288 17.2218 -45.504 -14.8324 -24.2701 42.3751
-29.8033 17.1 -45.2923 -14.9513 -24.4611 42.3026
-29.8784 16.9772 -45.081 -15.0703 -24.6522 42.2297
-29.954 16.8535 -44.87 -15.1894 -24.8433 42.1563
-30.0302 16.7288 -44.6594 -15.3086 -25.0345 42.0826
-30.1071 16.6031 -44.4492 -15.4279 -25.2258 42.0085
-30.1845 16.4765 -44.2393 -15.5473 -25.4172 41.9339
-30.2626 16.3489 -44.0299 -15.6668 -25.6087 41.859
-30.3412 16.2204 -43.8207 -15.7864 -25.8003 41.7836
-30.4204 16.0909 -43.612 -15.906 -25.9919 41.7078
-30.5003 15.9605 -43.4037 -16.0258 -26.1837 41.6316
-30.5807 15.8291 -43.1957 -16.1457 -26.3755 41.555
-30.6617 15.6967 -42.9881 -16.2657 -26.5675 41.478
-30.7433 15.5634 -42.7809 -16.3858 -26.7595 41.4005
-30.8256 15.4291 -42.5741 -16.506 -26.9516 41.3226
-30.9084 15.2939 -42.3677 -16.6263 -27.1438 41.2442
-30.9918 15.1577 -42.1617 -16.7467 -27.3361 41.1655
-31.0759 15.0205 -41.956 -16.8673 -27.5285 41.0862
-31.1605 14.8824 -41.7508 -16.9879 -27.721 41.0066
-31.2457 14.7433 -41.546 -17.1086 -27.9136 40.9265
-31.3316 14.6033 -41.3415 -17.2295 -28.1063 40.8459
-31.418 14.4623 -41.1375 -17.3504 -28.299 40.7649
-31.5051 14.3203 -40.9339 -17.4715 -28.4919 40.6835
-31.5928 14.1774 -40.7307 -17.5927 -28.6849 40.6015
-31.681 14.0334 -40.5279 -17.7139 -28.878 40.5192
-31.7699 13.8886 -40.3255 -17.8353 -29.0711 40.4363
-31.8594 13.7427 -40.1235 -17.9568 -29.2644 40.353
-31.9495 13.5959 -39.922 -18.0785 -29.4578 40.2692
-32.0402 13.4482 -39.7208 -18.2002 -29.6513 40.185
-32.1315 13.2994 -39.5201 -18.3221 -29.8449 40.1002
-32.2234 13.1497 -39.3198 -18.444 -30.0386 40.015
-32.3159 12.999 -39.12 -18.5661 -30.2324 39.9293
-32.409 12.8474 -38.9205 -18.6883 -30.4263 39.8432
-32.5028 12.6948 -38.7215 -18.8106 -30.6203 39.7565
-32.5972 12.5412 -38.523 -18.9331 -30.8144 39.6693
-32.6921 12.3866 -38.3248 -19.0556 -31.0086 39.5816
-32.7877 12.2311 -38.1271 -19.1783 -31.2029 39.4935
-32.8839 12.0746 -37.9299 -19.3011 -31.3974 39.4048
-32.9807 11.9171 -37.7331 -19.424 -31.5919 39.3156
-33.0781 11.7587 -37.5367 -19.5471 -31.7866 39.2259
-33.1762 11.5993 -37.3408 -19.6702 -31.9813 39.1357
-33.2748 11.4389 -37.1454 -19.7935 -32.1762 39.0449
-33.3741 11.2775 -36.9504 -19.9169 -32.3712 38.9537
-33.474 11.1152 -36.7558 -20.0405 -32.5663 38.8619
-33.5745 10.9518 -36.5618 -20.1641 -32.7615 38.7695
-33.6757 10.7875 -36.3682 -20.2879 -32.9568 38.6767
-33.7774 10.6223 -36.175 -20.4118 -33.1522 38.5832
-33.8798 10.456 -35.9823 -20.5359 -33.3478 38.4893
-33.9828 10.2888 -35.7901 -20.66 -33.5434 38.3947
-34.0864 10.1206 -35.5984 -20.7843 -33.7392 38.2997
-34.1906 9.9514 -35.4071 -20.9088 -33.9351 38.204
-34.2955 9.78123 -35.2163 -21.0333 -34.1312 38.1078
-34.4009 9.61008 -35.026 -21.158 -34.3273 38.011
-34.507 9.43796 -34.8362 -21.2829 -34.5236 37.9136
-34.6138 9.26485 -34.6469 -21.4078 -34.72 37.8157
-34.7211 9.09076 -34.4581 -21.5329 -34.9165 37.7171
-34.8291 8.91568 -34.2697 -21.6581 -35.1131 37.618
-34.9377 8.73963 -34.0819 -21.7835 -35.3099 37.5183
-35.0469 8.56259 -33.8945 -21.909 -35.5068 37.4179
-35.1568 8.38456 -33.7077 -22.0346 -35.7038 37.317
-35.2673 8.20555 -33.5214 -22.1604 -35.901 37.2154
-35.3784 8.02555 -33.3356 -22.2863 -36.0983 37.1132
-35.4901 7.84456 -33.1502 -22.4124 -36.2957 37.0103
-35.6025 7.66259 -32.9654 -22.5386 -36.4933 36.9069
-35.7155 7.47963 -32.7812 -22.6649 -36.691 36.8027
-35.8292 7.29568 -32.5974 -22.7914 -36.8888 36.698
-35.9434 7.11074 -32.4142 -22.918 -37.0868 36.5925
-36.0584 6.92481 -32.2315 -23.0447 -37.285 36.4865
-36.1739 6.73789 -32.0493 -23.1716 -37.4833 36.3797
-36.2901 6.54998 -31.8677 -23.2987 -37.6818 36.2723
-36.4069 6.36108 -31.6866 -23.4259 -37.8804 36.1641
-36.5243 6.17118 -31.5061 -23.5532 -38.0791 36.0553
-36.6424 5.98028 -31.3261 -23.6807 -38.2781 35.9458
-36.7611 5.7884 -31.1466 -23.8083 -38.4772 35.8356
-36.8805 5.59551 -30.9677 -23.9361 -38.6765 35.7246
-37.0005 5.40163 -30.7894 -24.0641 -38.8759 35.613
-37.1211 5.20675 -30.6116 -24.1921 -39.0756 35.5006
-37.2424 5.01088 -30.4343 -24.3204 -39.2754 35.3875
-37.3643 4.814 -30.2577 -24.4488 -39.4754 35.2736
-37.4869 4.61612 -30.0816 -24.5773 -39.6756 35.159
-37.6101 4.41724 -29.9061 -24.706 -39.876 35.0436
-37.734 4.21736 -29.7312 -24.8348 -40.0766 34.9274
-37.8585 4.01648 -29.5568 -24.9638 -40.2774 34.8105
-37.9836 3.81459 -29.3831 -25.093 -40.4784 34.6928
-38.1094 3.61169 -29.2099 -25.2223 -40.6797 34.5743
-38.2358 3.40779 -29.0373 -25.3518 -40.8812 34.455
-38.3629 3.20288 -28.8653 -25.4814 -41.0829 34.3349
-38.4906 2.99696 -28.694 -25.6112 -41.2848 34.214
-38.619 2.79003 -28.5232 -25.7411 -41.487 34.0922
-38.7481 2.58209 -28.3531 -25.8712 -41.6894 33.9696
-38.8777 2.37314 -28.1835 -26.0015 -41.8921 33.8462
-39.0081 2.16317 -28.0146 -26.1319 -42.095 33.7219
-39.1391 1.95219 -27.8463 -26.2625 -42.2983 33.5968
-39.2707 1.74019 -27.6786 -26.3933 -42.5018 33.4708
-39.403 1.52717 -27.5116 -26.5242 -42.7056 33.3439
-39.5359 1.31313 -27.3452 -26.6553 -42.9096 33.2161
-39.6695 1.09808 -27.1794 -26.7866 -43.114 33.0875
-39.8038 0.881994 -27.0143 -26.918 -43.3187 32.9579
-39.9387 0.664888 -26.8498 -27.0497 -43.5237 32.8275
-40.0743 0.446756 -26.686 -27.1814 -43.729 32.6961
-40.2105 0.227598 -26.5229 -27.3134 -43.9347 32.5638
-40.3474 0.00740942 -26.3604 -27.4455 -44.1407 32.4306
-40.485 -0.21381 -26.1986 -27.5779 -44.3471 32.2964
-40.6232 -0.436061 -26.0374 -27.7104 -44.5538 32.1613
-40.7621 -0.659347 -25.877 -27.843 -44.7608 32.0253
-40.9016 -0.88367 -25.7172 -27.9759 -44.9683 31.8882
-41.0419 -1.10903 -25.5581 -28.1089 -45.1761 31.7503
-41.1827 -1.33543 -25.3997 -28.2422 -45.3844 31.6113
-41.3243 -1.56287 -25.242 -28.3756 -45.593 31.4714
-41.4665 -1.79136 -25.085 -28.5092 -45.8021 31.3304
-41.6094 -2.02089 -24.9287 -28.643 -46.0115 31.1885
-41.7529 -2.25148 -24.7731 -28.777 -46.2214 31.0456
-41.8971 -2.48311 -24.6182 -28.9112 -46.4318 30.9016
-42.042 -2.71579 -24.4641 -29.0456 -46.6425 30.7566
-42.1876 -2.94953 -24.3106 -29.1801 -46.8538 30.6106
-42.3338 -3.18433 -24.158 -29.3149 -47.0655 30.4636
-42.4807 -3.42019 -24.006 -29.4499 -47.2776 30.3155
-42.6283 -3.65711 -23.8548 -29.5852 -47.4903 30.1664
-42.7766 -3.89509 -23.7043 -29.7206 -47.7035 30.0163
-42.9255 -4.13414 -23.5546 -29.8562 -47.9171 29.865
-43.0752 -4.37426 -23.4057 -29.9921 -48.1313 29.7127
-43.2255 -4.61546 -23.2575 -30.1281 -48.346 29.5593
-43.3764 -4.85772 -23.1101 -30.2644 -48.5612 29.4049
-43.5281 -5.10107 -22.9635 -30.4009 -48.7769 29.2493
-43.6804 -5.34549 -22.8176 -30.5377 -48.9932 29.0927
-43.8335 -5.591 -22.6725 -30.6747 -49.21 28.9349
-43.9872 -5.83759 -22.5283 -30.8119 -49.4274 28.776
-44.1416 -6.08528 -22.3848 -30.9494 -49.6454 28.6161
-44.2967 -6.33405 -22.2421 -31.0871 -49.864 28.4549
-44.4525 -6.58392 -22.1002 -31.225 -50.0831 28.2927
-44.6089 -6.83488 -21.9592 -31.3632 -50.3028 28.1293
-44.7661 -7.08694 -21.8189 -31.5016 -50.5232 27.9648
-44.924 -7.34011 -21.6795 -31.6403 -50.7441 27.7991
-45.0825 -7.59439 -21.5409 -31.7793 -50.9657 27.6322
-45.2417 -7.84977 -21.4032 -31.9185 -51.1879 27.4642
-45.4017 -8.10626 -21.2663 -32.058 -51.4107 27.295
-45.5623 -8.36388 -21.1303 -32.1978 -51.6341 27.1245
-45.7237 -8.62261 -20.9951 -32.3378 -51.8582 26.9529
-45.8857 -8.88246 -20.8607 -32.4781 -52.083 26.7801
-46.0485 -9.14344 -20.7273 -32.6187 -52.3084 26.6061
-46.2119 -9.40554 -20.5947 -32.7596 -52.5345 26.4308
-46.376 -9.66878 -20.4629 -32.9008 -52.7613 26.2544
-46.5409 -9.93316 -20.3321 -33.0422 -52.9888 26.0766
-46.7065 -10.1987 -20.2022 -33.184 -53.2169 25.8977
-46.8727 -10.4653 -20.0731 -33.3261 -53.4458 25.7174
-47.0397 -10.7331 -19.945 -33.4685 -53.6753 25.5359
-47.2074 -11.0021 -19.8178 -33.6111 -53.9056 25.3531
-47.3758 -11.2722 -19.6915 -33.7542 -54.1366 25.169
-47.545 -11.5434 -19.5661 -33.8975 -54.3683 24.9836
-47.7148 -11.8159 -19.4416 -34.0411 -54.6007 24.7969
-47.8854 -12.0895 -19.3181 -34.1851 -54.8339 24.6089
-48.0567 -12.3642 -19.1956 -34.3294 -55.0678 24.4195
-48.2287 -12.6401 -19.0739 -34.4741 -55.3025 24.2288
-48.4014 -12.9172 -18.9533 -34.6191 -55.5379 24.0367
-48.5749 -13.1955 -18.8336 -34.7644 -55.7741 23.8432
-48.7491 -13.475 -18.7148 -34.9101 -56.011 23.6484
-48.924 -13.7556 -18.5971 -35.0561 -56.2488 23.4521
-49.0996 -14.0375 -18.4803 -35.2026 -56.4873 23.2545
-49.276 -14.3205 -18.3645 -35.3493 -56.7266 23.0554
-49.4531 -14.6047 -18.2498 -35.4965 -56.9667 22.8549
-49.631 -14.8902 -18.136 -35.644 -57.2076 22.6529
-49.8095 -15.1768 -18.0232 -35.7919 -57.4493 22.4495
-49.9889 -15.4647 -17.9115 -35.9402 -57.6918 22.2445
-50.169 -15.7537 -17.8008 -36.0888 -57.9351 22.0381
-50.3498 -16.044 -17.6911 -36.2379 -58.1792 21.8302
-50.5313 -16.3355 -17.5825 -36.3873 -58.4242 21.6207
-50.7136 -16.6282 -17.4749 -36.5372 -58.67 21.4097
-50.8967 -16.9222 -17.3684 -36.6874 -58.9167 21.1971
-51.0805 -17.2174 -17.2629 -36.8381 -59.1642 20.9829
-51.2651 -17.5139 -17.1586 -36.9892 -59.4125 20.7672
-51.4504 -17.8115 -17.0553 -37.1407 -59.6618 20.5498
-51.6365 -18.1105 -16.9531 -37.2926 -59.9118 20.3308
-51.8233 -18.4107 -16.852 -37.445 -60.1628 20.1102
-52.0109 -18.7121 -16.752 -37.5977 -60.4146 19.8878
-52.1993 -19.0148 -16.6531 -37.751 -60.6673 19.6638
-52.3885 -19.3188 -16.5553 -37.9046 -60.9209 19.4381
-52.5784 -19.624 -16.4587 -38.0587 -61.1753 19.2107
-52.769 -19.9305 -16.3632 -38.2132 -61.4307 18.9816
-52.9605 -20.2383 -16.2689 -38.3682 -61.687 18.7506
-53.1527 -20.5474 -16.1757 -38.5237 -61.9441 18.5179
-53.3457 -20.8578 -16.0837 -38.6796 -62.2022 18.2834
-53.5395 -21.1694 -15.9929 -38.8359 -62.4612 18.0471
-53.7341 -21.4824 -15.9032 -38.9928 -62.7212 17.8089
-53.9294 -21.7966 -15.8148 -39.1501 -62.982 17.5689
-54.1256 -22.1122 -15.7275 -39.3078 -63.2438 17.327
-54.3225 -22.4291 -15.6415 -39.4661 -63.5066 17.0831
-54.5202 -22.7473 -15.5567 -39.6248 -63.7703 16.8374
-54.7188 -23.0668 -15.4731 -39.784 -64.0349 16.5897
-54.9181 -23.3876 -15.3908 -39.9437 -64.3005 16.34
-55.1182 -23.7098 -15.3097 -40.1039 -64.5671 16.0883
-55.3191 -24.0333 -15.2299 -40.2646 -64.8347 15.8346
-55.5209 -24.3581 -15.1514 -40.4258 -65.1033 15.5788
-55.7234 -24.6843 -15.0741 -40.5875 -65.3728 15.321
-55.9267 -25.0119 -14.9982 -40.7497 -65.6434 15.0611
-56.1309 -25.3408 -14.9235 -40.9125 -65.915 14.799
-56.3359 -25.671 -14.8502 -41.0757 -66.1875 14.5348
-56.5416 -26.0026 -14.7782 -41.2395 -66.4611 14.2684
-56.7483 -26.3356 -14.7075 -41.4038 -66.7358 13.9999
-56.9557 -26.67 -14.6382 -41.5686 -67.0115 13.729
-57.1639 -27.0057 -14.5702 -41.734 -67.2882 13.4559
-57.373 -27.3429 -14.5036 -41.9 -67.566 13.1805
-57.5829 -27.6814 -14.4384 -42.0664 -67.8449 12.9028
-57.7937 -28.0213 -14.3746 -42.2335 -68.1248 12.6228
-58.0053 -28.3626 -14.3122 -42.401 -68.4059 12.3403
-58.2177 -28.7054 -14.2512 -42.5692 -68.688 12.0554
-58.431 -29.0495 -14.1916 -42.7379 -68.9712 11.7681
-58.6451 -29.3951 -14.1335 -42.9072 -69.2556 11.4783
-58.86 -29.7421 -14.0769 -43.0771 -69.541 11.1859
-59.0758 -30.0905 -14.0217 -43.2476 -69.8276 10.891
-59.2925 -30.4404 -13.9679 -43.4186 -70.1154 10.5936
-59.51 -30.7917 -13.9157 -43.5903 -70.4043 10.2934
-59.7284 -31.1444 -13.865 -43.7625 -70.6944 9.99066
-59.9477 -31.4986 -13.8158 -43.9354 -70.9856 9.68517
-60.1678 -31.8543 -13.7682 -44.1089 -71.278 9.37694
-60.3888 -32.2114 -13.722 -44.283 -71.5716 9.06592
-60.6106 -32.57 -13.6775 -44.4577 -71.8664 8.75208
-60.8333 -32.9301 -13.6345 -44.633 -72.1625 8.43538
-61.0569 -33.2916 -13.5931 -44.809 -72.4597 8.11576
-61.2814 -33.6546 -13.5534 -44.9856 -72.7582 7.7932
-61.5068 -34.0192 -13.5152 -45.1629 -73.058 7.46764
-61.733 -34.3852 -13.4787 -45.3408 -73.359 7.13904
-61.9602 -34.7528 -13.4438 -45.5194 -73.6613 6.80736
-62.1882 -35.1218 -13.4106 -45.6986 -73.9648 6.47254
-62.4172 -35.4924 -13.3791 -45.8786 -74.2697 6.13453
-62.647 -35.8645 -13.3493 -46.0592 -74.5758 5.7933
-62.8778 -36.2382 -13.3212 -46.2404 -74.8833 5.44878
-63.1094 -36.6134 -13.2948 -46.4224 -75.1921 5.10093
-63.342 -36.9901 -13.2702 -46.6051 -75.5023 4.7497
-63.5755 -37.3684 -13.2473 -46.7884 -75.8138 4.39502
-63.8099 -37.7482 -13.2262 -46.9725 -76.1267 4.03685
-64.0452 -38.1297 -13.2069 -47.1573 -76.4409 3.67513
-64.2815 -38.5127 -13.1895 -47.3428 -76.7566 3.3098
-64.5186 -38.8972 -13.1738 -47.529 -77.0736 2.94081
-64.7567 -39.2834 -13.16 -47.7159 -77.3921 2.56808
-64.9958 -39.6712 -13.1481 -47.9036 -77.712 2.19157
-65.2358 -40.0605 -13.1381 -48.0921 -78.0333 1.8112
-65.4767 -40.4515 -13.13 -48.2813 -78.3561 1.42692
-65.7186 -40.8441 -13.1239 -48.4712 -78.6804 1.03865
-65.9614 -41.2383 -13.1196 -48.6619 -79.0062 0.646338
-66.2052 -41.6341 -13.1174 -48.8534 -79.3335 0.249903
-66.45 -42.0316 -13.1171 -49.0457 -79.6622 -0.150723
-66.6957 -42.4308 -13.1189 -49.2387 -79.9925 -0.555612
-66.9424 -42.8316 -13.1227 -49.4325 -80.3244 -0.964838
-67.19 -43.234 -13.1286 -49.6272 -80.6578 -1.37848
-67.4386 -43.6381 -13.1365 -49.8226 -80.9927 -1.79661
-67.6882 -44.0439 -13.1465 -50.0188 -81.3293 -2.21931
-67.9388 -44.4514 -13.1587 -50.2159 -81.6674 -2.64666
-68.1904 -44.8606 -13.173 -50.4137 -82.0072 -3.07875
-68.443 -45.2715 -13.1895 -50.6124 -82.3486 -3.51566
-68.6965 -45.6841 -13.2081 -50.812 -82.6916 -3.95749
-68.9511 -46.0984 -13.229 -51.0123 -83.0363 -4.40431
-69.2066 -46.5145 -13.2522 -51.2135 -83.3827 -4.85623
-69.4632 -46.9322 -13.2776 -51.4156 -83.7307 -5.31333
-69.7208 -47.3518 -13.3053 -51.6185 -84.0805 -5.77572
-69.9794 -47.7731 -13.3354 -51.8223 -84.4319 -6.2435
-70.239 -48.1961 -13.3678 -52.027 -84.7851 -6.71676
-70.4997 -48.6209 -13.4025 -52.2325 -85.14 -7.19562
-70.7613 -49.0475 -13.4397 -52.4389 -85.4967 -7.68018
-71.0241 -49.4759 -13.4793 -52.6462 -85.8552 -8.17055
-71.2878 -49.906 -13.5214 -52.8544 -86.2155 -8.66685
-71.5526 -50.338 -13.566 -53.0635 -86.5775 -9.16919
-71.8184 -50.7718 -13.6131 -53.2735 -86.9414 -9.67769
-72.0853 -51.2074 -13.6628 -53.4843 -87.3071 -10.1925
-72.3533 -51.6449 -13.715 -53.6961 -87.6747 -10.7137
-72.6223 -52.0842 -13.7699 -53.9089 -88.0441 -11.2414
-72.8924 -52.5253 -13.8275 -54.1225 -88.4154 -11.7759
-73.1635 -52.9683 -13.8877 -54.337 -88.7886 -12.3171
-73.4357 -53.4132 -13.9506 -54.5525 -89.1636 -12.8653
-73.709 -53.86 -14.0163 -54.7689 -89.5406 -13.4206
-73.9834 -54.3086 -14.0848 -54.9863 -89.9196 -13.9831
-74.2589 -54.7592 -14.1562 -55.2045 -90.3004 -14.5531
-74.5355 -55.2116 -14.2304 -55.4238 -90.6832 -15.1306
-74.8132 -55.666 -14.3075 -55.6439 -91.068 -15.7159
-75.0919 -56.1223 -14.3875 -55.865 -91.4548 -16.309
-75.3718 -56.5806 -14.4706 -56.087 -91.8435 -16.9102
-75.6528 -57.0408 -14.5566 -56.31 -92.2343 -17.5197
-75.9349 -57.5029 -14.6458 -56.5339 -92.627 -18.1376
-76.2181 -57.967 -14.738 -56.7588 -93.0218 -18.7641
-76.5025 -58.4331 -14.8334 -56.9846 -93.4185 -19.3995
-76.788 -58.9012 -14.932 -57.2113 -93.8173 -20.0438
-77.0746 -59.3713 -15.0338 -57.4389 -94.2182 -20.6974
-77.3624 -59.8434 -15.139 -57.6675 -94.6211 -21.3605
-77.6513 -60.3175 -15.2475 -57.897 -95.026 -22.0331
-77.9413 -60.7937 -15.3593 -58.1275 -95.4329 -22.7157
-78.2326 -61.2718 -15.4746 -58.3588 -95.842 -23.4084
-78.5249 -61.7521 -15.5934 -58.591 -96.253 -24.1115
-78.8185 -62.2344 -15.7157 -58.8242 -96.6661 -24.8252
-79.1132 -62.7187 -15.8417 -59.0582 -97.0813 -25.5498
-79.409 -63.2052 -15.9712 -59.2931 -97.4984 -26.2855
-79.7061 -63.6937 -16.1045 -59.5288 -97.9177 -27.0327
-80.0043 -64.1844 -16.2416 -59.7654 -98.3389 -27.7916
-80.3038 -64.6771 -16.3824 -60.0028 -98.7621 -28.5625
-80.6044 -65.172 -16.5272 -60.2411 -99.1874 -29.3457
-80.9062 -65.669 -16.6759 -60.4801 -99.6146 -30.1415
-81.2092 -66.1681 -16.8286 -60.7198 -100.044 -30.9504
-81.5134 -66.6694 -16.9854 -60.9604 -100.475 -31.7725
-81.8188 -67.1729 -17.1463 -61.2016 -100.908 -32.6083
-82.1254 -67.6785 -17.3115 -61.4435 -101.343 -33.4581
-82.4332 -68.1863 -17.4809 -61.6861 -101.779 -34.3224
-82.7422 -68.6963 -17.6547 -61.9293 -102.218 -35.2015
-83.0525 -69.2085 -17.8329 -62.173 -102.658 -36.0958
-83.364 -69.7229 -18.0157 -62.4173 -103.1 -37.0057
-83.6767 -70.2395 -18.203 -62.6621 -103.544 -37.9317
-83.9906 -70.7583 -18.395 -62.9073 -103.989 -38.8743
-84.3058 -71.2794 -18.5917 -63.153 -104.436 -39.8339
-84.6221 -71.8027 -18.7933 -63.3989 -104.884 -40.8111
-84.9397 -72.3282 -18.9998 -63.6451 -105.334 -41.8062
-85.2586 -72.856 -19.2114 -63.8916 -105.785 -42.82
-85.5787 -73.3861 -19.428 -64.1381 -106.237 -43.8529
-85.9 -73.9184 -19.6499 -64.3847 -106.691 -44.9055
-86.2225 -74.453 -19.8771 -64.6313 -107.145 -45.9785
-86.5463 -74.9899 -20.1097 -64.8777 -107.6 -47.0724
-86.8713 -75.529 -20.3478 -65.1239 -108.056 -48.188
-87.1975 -76.0704 -20.5916 -65.3698 -108.513 -49.3258
-87.525 -76.6141 -20.8411 -65.6152 -108.97 -50.4867
-87.8537 -77.1601 -21.0965 -65.86 -109.427 -51.6714
-88.1836 -77.7084 -21.3578 -66.1041 -109.884 -52.8806
-88.5147 -78.259 -21.6253 -66.3474 -110.342 -54.1152
-88.8471 -78.8118 -21.899 -66.5897 -110.799 -55.376
-89.1806 -79.367 -22.179 -66.8308 -111.255 -56.6639
-89.5154 -79.9244 -22.4656 -67.0705 -111.711 -57.9799
-89.8513 -80.4841 -22.7588 -67.3087 -112.166 -59.3248
-90.1885 -81.046 -23.0589 -67.5451 -112.619 -60.6998
-90.5268 -81.6103 -23.3658 -67.7795 -113.071 -62.1058
-90.8663 -82.1768 -23.6799 -68.0116 -113.521 -63.544
-91.2069 -82.7455 -24.0013 -68.2413 -113.968 -65.0156
-91.5487 -83.3164 -24.3301 -68.4682 -114.412 -66.5216
-91.8916 -83.8896 -24.6665 -68.6919 -114.854 -68.0635
-92.2356 -84.465 -25.0107 -68.9122 -115.291 -69.6425
-92.5807 -85.0425 -25.3629 -69.1287 -115.724 -71.26
-92.9269 -85.6222 -25.7233 -69.341 -116.153 -72.9175
-93.2741 -86.2041 -26.0921 -69.5487 -116.576 -74.6164
-93.6224 -86.788 -26.4695 -69.7513 -116.993 -76.3584
-93.9716 -87.374 -26.8557 -69.9483 -117.403 -78.1452
-94.3218 -87.962 -27.251 -70.1391 -117.806 -79.9784
-94.673 -88.5521 -27.6555 -70.3232 -118.2 -81.86
-95.0251 -89.144 -28.0696 -70.4999 -118.585 -83.7917
-95.378 -89.7379 -28.4934 -70.6686 -118.96 -85.7758
-95.7318 -90.3336 -28.9274 -70.8284 -119.322 -87.8141
-96.0863 -90.9311 -29.3716 -70.9785 -119.673 -89.909
-96.4416 -91.5304 -29.8265 -71.118 -120.009 -92.0629
-96.7975 -92.1312 -30.2922 -71.246 -120.329 -94.278
-97.154 -92.7336 -30.7692 -71.3613 -120.632 -96.557
-97.5111 -93.3375 -31.2578 -71.4628 -120.916 -98.9025
-97.8686 -93.9428 -31.7583 -71.5491 -121.18 -101.317
-98.2266 -94.5493 -32.271 -71.6189 -121.42 -103.804
-98.5848 -95.157 -32.7963 -71.6706 -121.635 -106.367
-98.9433 -95.7657 -33.3347 -71.7026 -121.822 -109.008
-99.3019 -96.3752 -33.8864 -71.7129 -121.979 -111.731
-99.6604 -96.9855 -34.452 -71.6996 -122.101 -114.539
-100.019 -97.5963 -35.0318 -71.6604 -122.187 -117.437
-100.377 -98.2074 -35.6264 -71.5928 -122.231 -120.427
-100.735 -98.8186 -36.2361 -71.4942 -122.231 -123.514
-101.092 -99.4297 -36.8616 -71.3616 -122.18 -126.702
-101.448 -100.04 -37.5032 -71.1917 -122.075 -129.996
-101.804 -100.65 -38.1615 -70.9808 -121.91 -133.398
-102.158 -101.259 -38.8372 -70.7252 -121.678 -136.915
-102.511 -101.867 -39.5307 -70.4203 -121.373 -140.551
-102.862 -102.473 -40.2427 -70.0614 -120.987 -144.31
-103.212 -103.077 -40.9738 -69.6431 -120.512 -148.196
-103.559 -103.678 -41.7247 -69.1595 -119.939 -152.215
-103.903 -104.276 -42.496 -68.6043 -119.257 -156.371
-104.245 -104.871 -43.2884 -67.9702 -118.455 -160.668
-104.583 -105.461 -44.1027 -67.2493 -117.521 -165.111
-104.917 -106.046 -44.9396 -66.4331 -116.441 -169.702
-105.247 -106.625 -45.7998 -65.512 -115.2 -174.446
-105.572 -107.198 -46.6841 -64.4754 -113.781 -179.343
-105.892 -107.763 -47.5932 -63.3119 -112.165 -184.396
-106.206 -108.32 -48.5281 -62.0089 -110.333 -189.604
-106.512 -108.866 -49.4893 -60.5528 -108.261 -194.965
-106.811 -109.402 -50.4777 -58.9285 -105.927 -200.475
-107.101 -109.926 -51.4941 -57.1202 -103.303 -206.129
-107.382 -110.435 -52.5391 -55.1105 -100.362 -211.915
-107.652 -110.929 -53.6133 -52.8812 -97.0736 -217.82
-107.911 -111.406 -54.7173 -50.4129 -93.4053 -223.827
-108.157 -111.863 -55.8516 -47.6857 -89.3239 -229.91
-108.388 -112.299 -57.0164 -44.6794 -84.7952 -236.04
-108.603 -112.711 -58.212 -41.3735 -79.7847 -242.179
-108.802 -113.097 -59.4382 -37.7487 -74.2587 -248.28
-108.981 -113.454 -60.6948 -33.7872 -68.1857 -254.289
-109.139 -113.779 -61.9811 -29.4737 -61.5378 -260.14
-109.275 -114.069 -63.2962 -24.7971 -54.2933 -265.759
-109.387 -114.322 -64.6387 -19.7517 -46.4386 -271.058
-109.473 -114.533 -66.0068 -14.3387 -37.9708 -275.946
-109.531 -114.701 -67.3981 -8.56797 -28.9007 -280.32
-109.559 -114.822 -68.8099 -2.45967 -19.2554 -284.075
-109.555 -114.894 -70.2388 3.95475 -9.08011 -287.105
-109.519 -114.913 -71.6809 10.6318 1.56029 -289.308
-109.449 -114.878 -73.1318 17.5158 12.581 -290.593
-109.344 -114.787 -74.5867 24.5405 23.879 -290.885
-109.204 -114.639 -76.0406 31.6304 35.3352 -290.131
-109.028 -114.434 -77.4879 38.7039 46.8201 -288.302
-108.817 -114.171 -78.9235 45.6773 58.1985 -285.402
-108.571 -113.852 -80.3419 52.4686 69.3366 -281.463
-108.292 -113.478 -81.7381 59.0014 80.1086 -276.544
-107.981 -113.051 -83.1073 65.2088 90.402 -270.734
-107.64 -112.574 -84.4454 71.0356 100.123 -264.136
-107.271 -112.05 -85.7487 76.4403 109.198 -256.869
-106.876 -111.482 -87.0141 81.3956 117.577 -249.06
-106.457 -110.874 -88.2393 85.8873 125.232 -240.833
-106.017 -110.23 -89.4225 89.9139 132.152 -232.31
-105.558 -109.553 -90.5625 93.4838 138.346 -223.603
-105.082 -108.847 -91.6586 96.614 143.837 -214.811
-104.592 -108.115 -92.7107 99.3276 148.656 -206.023
-104.089 -107.36 -93.7189 101.652 152.845 -197.31
-103.575 -106.586 -94.6838 103.616 156.448 -188.734
-103.053 -105.796 -95.6063 105.252 159.511 -180.342
-102.523 -104.991 -96.4873 106.589 162.084 -172.17
-101.987 -104.175 -97.3281 107.658 164.211 -164.246
-101.446 -103.349 -98.1299 108.487 165.939 -156.587
-100.902 -102.515 -98.894 109.103 167.308 -149.206
-100.355 -101.676 -99.622 109.53 168.359 -142.108
-99.8065 -100.832 -100.315 109.789 169.127 -135.295
-99.2571 -99.9847 -100.975 109.903 169.646 -128.764
-98.7074 -99.1355 -101.603 109.889 169.943 -122.511
-98.1582 -98.2853 -102.2 109.763 170.048 -116.528
-97.6098 -97.435 -102.768 109.539 169.983 -110.808
-97.0628 -96.5854 -103.308 109.232 169.769 -105.34
-96.5175 -95.7373 -103.822 108.852 169.426 -100.116
-95.9743 -94.8912 -104.309 108.409 168.97 -95.1244
-95.4334 -94.0476 -104.773 107.912 168.417 -90.3549
-94.8951 -93.207 -105.213 107.37 167.78 -85.7972
-94.3597 -92.3698 -105.631 106.788 167.069 -81.4411
-93.8272 -91.5363 -106.028 106.174 166.296 -77.2764
-93.2979 -90.7068 -106.404 105.532 165.47 -73.2936
-92.7719 -89.8816 -106.76 104.867 164.598 -69.4834
-92.2493 -89.0608 -107.099 104.184 163.688 -65.8369
-91.7301 -88.2447 -107.419 103.485 162.745 -62.3458
-91.2144 -87.4333 -107.722 102.773 161.776 -59.0019
-90.7023 -86.6269 -108.009 102.053 160.786 -55.7976
-90.1939 -85.8255 -108.28 101.325 159.777 -52.7259
-89.6891 -85.0291 -108.536 100.593 158.755 -49.78
-89.1879 -84.2379 -108.778 99.8567 157.722 -46.9535
-88.6905 -83.4519 -109.006 99.1193 156.681 -44.2405
-88.1967 -82.6711 -109.22 98.3815 155.636 -41.6354
-87.7067 -81.8955 -109.422 97.6446 154.587 -39.1329
-87.2203 -81.1252 -109.612 96.9095 153.537 -36.7282
-86.7376 -80.3601 -109.789 96.1771 152.488 -34.4168
-86.2585 -79.6003 -109.956 95.4481 151.441 -32.1942
-85.7831 -78.8457 -110.111 94.723 150.397 -30.0567
-85.3113 -78.0963 -110.256 94.0021 149.358 -28.0003
-84.8431 -77.3521 -110.391 93.2859 148.323 -26.0216
-84.3784 -76.6131 -110.517 92.5745 147.293 -24.1171
-83.9173 -75.8792 -110.633 91.8681 146.269 -22.2837
-83.4597 -75.1504 -110.739 91.1666 145.251 -20.5181
-83.0056 -74.4267 -110.838 90.4702 144.239 -18.8172
-82.555 -73.708 -110.928 89.7787 143.233 -17.1779
-82.1079 -72.9944 -111.01 89.0923 142.232 -15.597
-81.6641 -72.2857 -111.084 88.4109 141.236 -14.0713
-81.2237 -71.582 -111.15 87.7346 140.246 -12.5977
-80.7867 -70.8832 -111.21 87.0635 139.261 -11.1729
-80.3531 -70.1894 -111.262 86.398 138.281 -9.79403
-79.9228 -69.5004 -111.308 85.7383 137.308 -8.45817
-79.4957 -68.8163 -111.347 85.0847 136.34 -7.16274
-79.0719 -68.137 -111.379 84.4376 135.379 -5.90538
-78.6513 -67.4625 -111.406 83.7971 134.426 -4.68402
-78.2339 -66.7928 -111.426 83.1635 133.48 -3.49683
-77.8197 -66.1277 -111.441 82.5372 132.543 -2.34223
-77.4086 -65.4673 -111.449 81.9181 131.614 -1.2188
-77.0005 -64.8116 -111.453 81.3064 130.694 -0.125318
-76.5955 -64.1604 -111.451 80.7021 129.783 0.939346
-76.1935 -63.5137 -111.443 80.1052 128.882 1.97621
-75.7944 -62.8716 -111.431 79.5157 127.991 2.98623
-75.3983 -62.2338 -111.413 78.9335 127.109 3.97028
-75.0051 -61.6005 -111.391 78.3585 126.237 4.92921
-74.6147 -60.9715 -111.364 77.7906 125.374 5.86383
-74.2272 -60.3467 -111.333 77.2297 124.521 6.77491
-73.8424 -59.7262 -111.296 76.6757 123.677 7.66319
-73.4604 -59.1099 -111.256 76.1285 122.843 8.5294
-73.0812 -58.4978 -111.211 75.5879 122.019 9.37423
-72.7046 -57.8898 -111.162 75.0538 121.203 10.1984
-72.3306 -57.2858 -111.109 74.526 120.396 11.0024
-71.9593 -56.6858 -111.052 74.0045 119.599 11.7871
-71.5906 -56.0898 -110.991 73.4892 118.81 12.5529
-71.2244 -55.4977 -110.927 72.9798 118.03 13.3005
-70.8608 -54.9095 -110.858 72.4763 117.258 14.0305
-70.4996 -54.3251 -110.786 71.9785 116.495 14.7433
-70.141 -53.7445 -110.711 71.4864 115.74 15.4396
-69.7848 -53.1677 -110.632 70.9998 114.993 16.1198
-69.431 -52.5946 -110.55 70.5186 114.254 16.7844
-69.0796 -52.0252 -110.464 70.0427 113.523 17.4339
-68.7305 -51.4594 -110.375 69.572 112.799 18.0688
-68.3839 -50.8972 -110.283 69.1064 112.084 18.6894
-68.0395 -50.3385 -110.188 68.6459 111.375 19.2962
-67.6974 -49.7834 -110.09 68.1902 110.674 19.8897
-67.3576 -49.2318 -109.99 67.7393 109.98 20.4702
-67.02 -48.6836 -109.886 67.2931 109.293 21.038
-66.6846 -48.1388 -109.779 66.8515 108.613 21.5937
-66.3515 -47.5975 -109.67 66.4144 107.94 22.1374
-66.0205 -47.0594 -109.558 65.9818 107.274 22.6695
-65.6917 -46.5247 -109.443 65.5535 106.614 23.1905
-65.365 -45.9933 -109.326 65.1295 105.961 23.7005
-65.0404 -45.4651 -109.206 64.7097 105.314 24.1998
-64.7179 -44.9402 -109.084 64.294 104.673 24.6889
-64.3974 -44.4184 -108.959 63.8823 104.038 25.1679
-64.079 -43.8998 -108.832 63.4745 103.41 25.6371
-63.7627 -43.3843 -108.703 63.0707 102.787 26.0968
-63.4483 -42.8719 -108.571 62.6706 102.171 26.5472
-63.136 -42.3626 -108.437 62.2742 101.56 26.9886
-62.8256 -41.8563 -108.301 61.8815 100.954 27.4212
-62.5172 -41.353 -108.163 61.4924 100.355 27.8453
-62.2107 -40.8528 -108.023 61.1069 99.7605 28.2609
-61.9061 -40.3554 -107.881 60.7247 99.1717 28.6685
-61.6034 -39.861 -107.736 60.346 98.5881 29.0681
-61.3026 -39.3696 -107.59 59.9706 98.0098 29.4599
-61.0037 -38.8809 -107.442 59.5984 97.4366 29.8442
-60.7066 -38.3952 -107.291 59.2295 96.8684 30.221
-60.4114 -37.9123 -107.139 58.8637 96.3051 30.5907
-60.118 -37.4321 -106.985 58.501 95.7467 30.9534
-59.8264 -36.9548 -106.83 58.1413 95.1931 31.3091
-59.5366 -36.4802 -106.672 57.7846 94.6442 31.6582
-59.2486 -36.0083 -106.513 57.4308 94.0999 32.0006
-58.9623 -35.5392 -106.352 57.0798 93.5602 32.3367
-58.6778 -35.0727 -106.19 56.7317 93.0248 32.6665
-58.395 -34.609 -106.026 56.3864 92.4939 32.9901
-58.1139 -34.1478 -105.86 56.0438 91.9673 33.3078
-57.8345 -33.6893 -105.693 55.7039 91.4449 33.6195
-57.5569 -33.2334 -105.524 55.3666 90.9266 33.9255
-57.2809 -32.78 -105.353 55.0318 90.4125 34.2259
-57.0065 -32.3292 -105.182 54.6997 89.9023 34.5208
-56.7339 -31.881 -105.008 54.37 89.396 34.8102
-56.4628 -31.4353 -104.833 54.0428 88.8936 35.0944
-56.1934 -30.9921 -104.657 53.718 88.395 35.3734
-55.9257 -30.5513 -104.48 53.3956 87.9001 35.6473
-55.6595 -30.113 -104.301 53.0756 87.4089 35.9162
-55.3949 -29.6772 -104.121 52.7579 86.9212 36.1803
-55.1319 -29.2438 -103.939 52.4425 86.437 36.4395
-54.8705 -28.8129 -103.756 52.1293 85.9563 36.6941
-54.6106 -28.3843 -103.572 51.8184 85.4789 36.9441
-54.3523 -27.9581 -103.387 51.5097 85.0049 37.1896
-54.0955 -27.5342 -103.2 51.2031 84.5341 37.4307
-53.8403 -27.1127 -103.012 50.8988 84.0665 37.6675
-53.5865 -26.6936 -102.823 50.5965 83.602 37.9
-53.3343 -26.2767 -102.633 50.2964 83.1406 38.1284
-53.0836 -25.8622 -102.442 49.9983 82.6822 38.3527
-52.8343 -25.4499 -102.25 49.7023 82.2267 38.573
-52.5865 -25.0399 -102.056 49.4084 81.7742 38.7894
-52.3402 -24.6321 -101.862 49.1164 81.3245 39.002
-52.0954 -24.2266 -101.666 48.8265 80.8776 39.2108
-51.852 -23.8234 -101.47 48.5386 80.4335 39.4159
-51.61 -23.4223 -101.272 48.2526 79.9921 39.6174
-51.3694 -23.0234 -101.074 47.9686 79.5533 39.8154
-51.1303 -22.6268 -100.874 47.6865 79.1172 40.0099
-50.8926 -22.2323 -100.674 47.4063 78.6836 40.201
-50.6562 -21.8399 -100.472 47.128 78.2526 40.3888
-50.4213 -21.4497 -100.27 46.8516 77.824 40.5733
-50.1877 -21.0617 -100.066 46.5771 77.398 40.7547
-49.9555 -20.6758 -99.8621 46.3044 76.9743 40.933
-49.7247 -20.292 -99.657 46.0335 76.5531 41.1082
-49.4952 -19.9102 -99.4511 45.7644 76.1342 41.2804
-49.267 -19.5306 -99.2442 45.4972 75.7176 41.4496
-49.0402 -19.1531 -99.0366 45.2317 75.3033 41.616
-48.8147 -18.7776 -98.8281 44.9679 74.8914 41.7796
-48.5905 -18.4041 -98.6188 44.7059 74.4816 41.9405
-48.3677 -18.0328 -98.4087 44.4456 74.0741 42.0987
-48.1461 -17.6634 -98.1978 44.187 73.6687 42.2542
-47.9258 -17.2961 -97.9861 43.93 73.2656 42.4072
-47.7068 -16.9308 -97.7737 43.6747 72.8645 42.5576
-47.489 -16.5674 -97.5605 43.4211 72.4656 42.7056
-47.2726 -16.2061 -97.3466 43.169 72.0688 42.8512
-47.0574 -15.8467 -97.132 42.9186 71.6741 42.9944
-46.8434 -15.4894 -96.9167 42.6697 71.2814 43.1353
-46.6307 -15.1339 -96.7007 42.4224 70.8908 43.2739
-46.4192 -14.7804 -96.484 42.1766 70.5022 43.4103
-46.2089 -14.4289 -96.2666 41.9323 70.1156 43.5445
-45.9998 -14.0793 -96.0485 41.6896 69.7309 43.6766
-45.792 -13.7316 -95.8298 41.4483 69.3483 43.8065
-45.5854 -13.3858 -95.6105 41.2084 68.9675 43.9345
-45.3799 -13.0419 -95.3905 40.97 68.5887 44.0604
-45.1757 -12.6999 -95.1698 40.733 68.2118 44.1844
-44.9726 -12.3598 -94.9486 40.4974 67.8368 44.3064
-44.7707 -12.0216 -94.7268 40.2632 67.4636 44.4265
-44.5699 -11.6852 -94.5044 40.0304 67.0923 44.5448
-44.3704 -11.3506 -94.2813 39.7989 66.7229 44.6613
-44.172 -11.0179 -94.0577 39.5687 66.3553 44.776
-43.9747 -10.6871 -93.8336 39.3399 65.9894 44.8889
-43.7786 -10.358 -93.6088 39.1123 65.6254 45.0001
-43.5836 -10.0308 -93.3836 38.886 65.2631 45.1096
-43.3897 -9.70541 -93.1578 38.661 64.9026 45.2175
-43.197 -9.3818 -92.9314 38.4372 64.5439 45.3237
-43.0053 -9.05997 -92.7045 38.2146 64.1868 45.4283
-42.8148 -8.73993 -92.4771 37.9933 63.8315 45.5313
-42.6254 -8.42166 -92.2492 37.7732 63.4779 45.6328
-42.4371 -8.10515 -92.0208 37.5542 63.1259 45.7328
-42.2499 -7.7904 -91.7919 37.3364 62.7756 45.8313
-42.0637 -7.47739 -91.5625 37.1198 62.427 45.9283
-41.8787 -7.16613 -91.3326 36.9043 62.08 46.0239
-41.6947 -6.85659 -91.1022 36.6899 61.7346 46.118
-41.5118 -6.54878 -90.8714 36.4766 61.3908 46.2107
-41.3299 -6.24268 -90.6401 36.2645 61.0486 46.3021
-41.1491 -5.93829 -90.4084 36.0534 60.708 46.3921
-40.9694 -5.6356 -90.1762 35.8434 60.369 46.4807
-40.7907 -5.3346 -89.9436 35.6345 60.0315 46.568
-40.613 -5.03529 -89.7105 35.4266 59.6955 46.6541
-40.4364 -4.73765 -89.477 35.2197 59.361 46.7388
-40.2608 -4.44168 -89.2431 35.0139 59.028 46.8223
-40.0863 -4.14737 -89.0088 34.8091 58.6965 46.9046
-39.9127 -3.85471 -88.7741 34.6053 58.3665 46.9856
-39.7402 -3.5637 -88.539 34.4024 58.038 47.0654
-39.5687 -3.27433 -88.3034 34.2006 57.7109 47.144
-39.3982 -2.9866 -88.0675 33.9997 57.3852 47.2215
-39.2287 -2.70048 -87.8312 33.7998 57.0609 47.2977
-39.0602 -2.41599 -87.5945 33.6009 56.7381 47.3729
-38.8927 -2.1331 -87.3575 33.4028 56.4166 47.4469
-38.7262 -1.85182 -87.1201 33.2057 56.0965 47.5198
-38.5606 -1.57214 -86.8823 33.0095 55.7777 47.5915
-38.3961 -1.29404 -86.6442 32.8143 55.4604 47.6622
-38.2325 -1.01753 -86.4057 32.6199 55.1443 47.7319
-38.0699 -0.7426 -86.1668 32.4264 54.8296 47.8004
-37.9082 -0.469237 -85.9277 32.2338 54.5161 47.8679
-37.7476 -0.197438 -85.6882 32.042 54.204 47.9344
-37.5878 0.0728029 -85.4483 31.8511 53.8931 47.9998
-37.429 0.341493 -85.2082 31.6611 53.5835 48.0643
-37.2712 0.608638 -84.9677 31.4719 53.2752 48.1277
-37.1143 0.874245 -84.7269 31.2835 52.9681 48.1901
-36.9584 1.13832 -84.4858 31.096 52.6623 48.2516
-36.8034 1.40087 -84.2444 30.9093 52.3576 48.3121
-36.6493 1.6619 -84.0027 30.7233 52.0542 48.3716
-36.4961 1.92141 -83.7606 30.5382 51.7519 48.4302
-36.3439 2.17942 -83.5184 30.3538 51.4509 48.4879
-36.1926 2.43592 -83.2758 30.1703 51.151 48.5446
-36.0422 2.69092 -83.0329 29.9875 50.8522 48.6005
-35.8927 2.94444 -82.7898 29.8054 50.5546 48.6554
-35.7441 3.19647 -82.5463 29.6241 50.2582 48.7094
-35.5965 3.44702 -82.3027 29.4436 49.9628 48.7625
-35.4497 3.6961 -82.0587 29.2638 49.6686 48.8148
-35.3038 3.94371 -81.8145 29.0847 49.3754 48.8662
-35.1589 4.18985 -81.5701 28.9064 49.0834 48.9168
-35.0148 4.43454 -81.3254 28.7287 48.7924 48.9665
-34.8716 4.67778 -81.0804 28.5518 48.5025 49.0153
-34.7293 4.91957 -80.8352 28.3755 48.2136 49.0633
-34.5878 5.15991 -80.5898 28.2 47.9258 49.1105
-34.4473 5.39882 -80.3441 28.0251 47.639 49.1569
-34.3076 5.6363 -80.0982 27.8509 47.3532 49.2025
-34.1687 5.87236 -79.8521 27.6774 47.0685 49.2473
-34.0308 6.10699 -79.6057 27.5045 46.7847 49.2913
-33.8937 6.3402 -79.3592 27.3323 46.5019 49.3345
-33.7575 6.57201 -79.1124 27.1607 46.2201 49.377
-33.6221 6.8024 -78.8654 26.9898 45.9393 49.4187
-33.4876 7.0314 -78.6182 26.8195 45.6594 49.4596
-33.3539 7.259 -78.3708 26.6498 45.3805 49.4998
-33.2211 7.48521 -78.1232 26.4807 45.1025 49.5392
-33.0891 7.71002 -77.8754 26.3123 44.8255 49.5779
-32.958 7.93346 -77.6274 26.1444 44.5493 49.6159
-32.8276 8.15552 -77.3792 25.9772 44.2741 49.6531
-32.6982 8.3762 -77.1309 25.8105 43.9997 49.6897
-32.5695 8.59551 -76.8823 25.6444 43.7263 49.7255
-32.4417 8.81346 -76.6336 25.4789 43.4537 49.7607
-32.3148 9.03005 -76.3847 25.3139 43.1821 49.7951
-32.1886 9.24528 -76.1357 25.1495 42.9112 49.8289
-32.0633 9.45916 -75.8864 24.9857 42.6413 49.862
-31.9387 9.6717 -75.6371 24.8224 42.3721 49.8944
-31.815 9.88289 -75.3875 24.6597 42.1038 49.9261
-31.6921 10.0927 -75.1378 24.4974 41.8364 49.9572
-31.5701 10.3012 -74.8879 24.3358 41.5697 49.9877
-31.4488 10.5084 -74.6379 24.1746 41.3039 50.0175
-31.3283 10.7143 -74.3878 24.014 41.0389 50.0466
-31.2086 10.9188 -74.1374 23.8538 40.7746 50.0752
-31.0898 11.122 -73.887 23.6942 40.5112 50.1031
-30.9717 11.3239 -73.6364 23.5351 40.2485 50.1304
-30.8544 11.5245 -73.3857 23.3765 39.9866 50.1571
-30.7379 11.7238 -73.1348 23.2183 39.7255 50.1831
-30.6222 11.9218 -72.8839 23.0607 39.4651 50.2086
-30.5073 12.1184 -72.6328 22.9035 39.2054 50.2335
-30.3932 12.3138 -72.3815 22.7468 38.9465 50.2578
-30.2799 12.5079 -72.1302 22.5906 38.6884 50.2815
-30.1673 12.7007 -71.8787 22.4348 38.4309 50.3046
-30.0555 12.8922 -71.6271 22.2794 38.1742 50.3272
-29.9445 13.0825 -71.3754 22.1246 37.9182 50.3492
-29.8343 13.2714 -71.1236 21.9701 37.6629 50.3706
-29.7248 13.4591 -70.8717 21.8162 37.4083 50.3915
-29.6161 13.6455 -70.6197 21.6626 37.1544 50.4119
-29.5082 13.8306 -70.3676 21.5095 36.9011 50.4316
-29.401 14.0145 -70.1154 21.3568 36.6486 50.4509
-29.2946 14.1971 -69.8631 21.2045 36.3967 50.4696
-29.189 14.3785 -69.6107 21.0527 36.1455 50.4878
-29.0841 14.5586 -69.3582 20.9012 35.8949 50.5055
-28.98 14.7374 -69.1057 20.7502 35.645 50.5227
-28.8766 14.915 -68.853 20.5995 35.3957 50.5394
-28.774 15.0914 -68.6003 20.4493 35.1471 50.5555
-28.6721 15.2665 -68.3474 20.2994 34.8991 50.5712
-28.571 15.4404 -68.0946 20.15 34.6517 50.5863
-28.4706 15.613 -67.8416 20.0009 34.405 50.601
-28.371 15.7844 -67.5885 19.8522 34.1589 50.6151
-28.2721 15.9546 -67.3354 19.7039 33.9133 50.6288
-28.1739 16.1235 -67.0823 19.556 33.6684 50.6421
-28.0765 16.2913 -66.829 19.4084 33.4241 50.6548
-27.9798 16.4578 -66.5757 19.2612 33.1804 50.6671
-27.8839 16.6231 -66.3223 19.1144 32.9372 50.6789
-27.7887 16.7872 -66.0689 18.9679 32.6947 50.6902
-27.6942 16.95 -65.8154 18.8218 32.4527 50.7011
-27.6005 17.1117 -65.5619 18.676 32.2113 50.7116
-27.5075 17.2721 -65.3083 18.5306 31.9704 50.7216
-27.4152 17.4314 -65.0547 18.3855 31.7301 50.7312
-27.3236 17.5894 -64.801 18.2408 31.4904 50.7403
-27.2328 17.7463 -64.5473 18.0963 31.2512 50.749
-27.1426 17.902 -64.2935 17.9523 31.0126 50.7572
-27.0532 18.0564 -64.0397 17.8085 30.7745 50.765
-26.9646 18.2097 -63.7859 17.6651 30.5369 50.7724
-26.8766 18.3618 -63.532 17.522 30.2999 50.7794
-26.7893 18.5127 -63.2781 17.3793 30.0634 50.786
-26.7028 18.6624 -63.0241 17.2368 29.8274 50.7921
-26.617 18.811 -62.7702 17.0947 29.5919 50.7979
-26.5318 18.9583 -62.5161 16.9528 29.357 50.8032
-26.4474 19.1045 -62.2621 16.8113 29.1225 50.8081
-26.3637 19.2496 -62.0081 16.6701 28.8886 50.8127
-26.2807 19.3934 -61.754 16.5292 28.6551 50.8168
-26.1984 19.5361 -61.4999 16.3886 28.4221 50.8206
-26.1169 19.6776 -61.2458 16.2483 28.1897 50.8239
-26.036 19.818 -60.9917 16.1082 27.9577 50.8269
-25.9558 19.9572 -60.7375 15.9685 27.7262 50.8295
-25.8763 20.0953 -60.4834 15.8291 27.4951 50.8317
-25.7975 20.2322 -60.2292 15.6899 27.2646 50.8335
-25.7194 20.3679 -59.975 15.5511 27.0345 50.8349
-25.642 20.5025 -59.7209 15.4125 26.8049 50.836
-25.5653 20.636 -59.4667 15.2742 26.5757 50.8367
-25.4892 20.7683 -59.2125 15.1361 26.347 50.837
-25.4139 20.8994 -58.9583 14.9984 26.1187 50.837
-25.3392 21.0295 -58.7041 14.8609 25.8909 50.8366
-25.2653 21.1583 -58.4499 14.7236 25.6635 50.8359
-25.192 21.2861 -58.1958 14.5867 25.4365 50.8348
-25.1194 21.4127 -57.9416 14.45 25.21 50.8333
-25.0475 21.5382 -57.6874 14.3136 24.984 50.8315
-24.9763 21.6626 -57.4333 14.1774 24.7583 50.8293
-24.9057 21.7858 -57.1791 14.0415 24.5331 50.8268
-24.8359 21.9079 -56.925 13.9058 24.3083 50.8239
-24.7667 22.0289 -56.6709 13.7704 24.0839 50.8207
-24.6982 22.1487 -56.4168 13.6352 23.8599 50.8172
-24.6303 22.2675 -56.1627 13.5003 23.6363 50.8133
-24.5632 22.3851 -55.9087 13.3656 23.4131 50.809
-24.4967 22.5016 -55.6546 13.2312 23.1903 50.8045
-24.4308 22.617 -55.4006 13.097 22.968 50.7996
-24.3657 22.7313 -55.1466 12.963 22.746 50.7943
-24.3012 22.8444 -54.8927 12.8293 22.5244 50.7887
-24.2374 22.9565 -54.6387 12.6958 22.3031 50.7828
-24.1743 23.0675 -54.3848 12.5626 22.0823 50.7766
-24.1118 23.1773 -54.131 12.4296 21.8619 50.7701
-24.05 23.2861 -53.8771 12.2968 21.6418 50.7632
-23.9888 23.3938 -53.6233 12.1642 21.4221 50.756
-23.9283 23.5003 -53.3696 12.0318 21.2027 50.7485
-23.8685 23.6058 -53.1159 11.8997 20.9837 50.7406
-23.8093 23.7102 -52.8622 11.7678 20.7651 50.7325
-23.7508 23.8134 -52.6085 11.6361 20.5468 50.724
-23.693 23.9156 -52.3549 11.5046 20.3289 50.7152
-23.6358 24.0167 -52.1014 11.3734 20.1114 50.7061
-23.5792 24.1167 -51.8479 11.2423 19.8941 50.6967
-23.5233 24.2157 -51.5944 11.1115 19.6773 50.6869
-23.4681 24.3135 -51.341 10.9808 19.4607 50.6769
-23.4135 24.4103 -51.0876 10.8504 19.2445 50.6665
-23.3596 24.506 -50.8343 10.7202 19.0287 50.6559
-23.3063 24.6006 -50.5811 10.5901 18.8131 50.6449
-23.2537 24.6941 -50.3279 10.4603 18.5979 50.6336
-23.2017 24.7865 -50.0748 10.3307 18.383 50.6221
-23.1504 24.8779 -49.8217 10.2012 18.1685 50.6102
-23.0997 24.9682 -49.5686 10.072 17.9542 50.598
-23.0497 25.0575 -49.3157 9.94294 17.7403 50.5855
-23.0003 25.1456 -49.0628 9.81407 17.5267 50.5727
-22.9515 25.2327 -48.81 9.68539 17.3134 50.5597
-22.9034 25.3188 -48.5572 9.5569 17.1003 50.5463
-22.856 25.4037 -48.3045 9.42859 16.8876 50.5326
-22.8092 25.4876 -48.0519 9.30047 16.6752 50.5186
-22.763 25.5705 -47.7993 9.17252 16.4631 50.5044
-22.7174 25.6523 -47.5468 9.04475 16.2513 50.4898
-22.6725 25.733 -47.2944 8.91716 16.0398 50.4749
-22.6283 25.8127 -47.0421 8.78974 15.8285 50.4598
-22.5846 25.8913 -46.7898 8.6625 15.6176 50.4444
-22.5416 25.9688 -46.5376 8.53543 15.4069 50.4286
-22.4993 26.0453 -46.2855 8.40853 15.1965 50.4126
-22.4575 26.1208 -46.0335 8.28179 14.9864 50.3963
-22.4165 26.1952 -45.7816 8.15522 14.7765 50.3797
-22.376 26.2686 -45.5297 8.02882 14.5669 50.3628
-22.3362 26.3409 -45.2779 7.90258 14.3576 50.3456
-22.297 26.4121 -45.0263 7.77649 14.1485 50.3281
-22.2584 26.4824 -44.7747 7.65057 13.9398 50.3104
-22.2205 26.5515 -44.5231 7.52481 13.7312 50.2923
-22.1832 26.6197 -44.2717 7.3992 13.5229 50.274
-22.1465 26.6868 -44.0204 7.27374 13.3149 50.2554
-22.1104 26.7528 -43.7692 7.14844 13.1071 50.2365
-22.075 26.8178 -43.518 7.02328 12.8996 50.2173
-22.0402 26.8818 -43.267 6.89828 12.6923 50.1979
-22.006 26.9448 -43.0161 6.77342 12.4853 50.1781
-21.9724 27.0067 -42.7652 6.64871 12.2785 50.1581
-21.9395 27.0676 -42.5145 6.52415 12.0719 50.1378
-21.9072 27.1274 -42.2638 6.39972 11.8656 50.1172
-21.8755 27.1862 -42.0133 6.27544 11.6595 50.0963
-21.8445 27.244 -41.7629 6.15129 11.4536 50.0752
-21.814 27.3007 -41.5126 6.02728 11.2479 50.0537
-21.7842 27.3565 -41.2623 5.90341 11.0425 50.032
-21.755 27.4112 -41.0122 5.77967 10.8373 50.01
-21.7264 27.4648 -40.7622 5.65607 10.6323 49.9877
-21.6984 27.5175 -40.5124 5.5326 10.4275 49.9652
-21.6711 27.5691 -40.2626 5.40925 10.223 49.9424
-21.6443 27.6197 -40.0129 5.28603 10.0186 49.9192
-21.6182 27.6693 -39.7634 5.16294 9.81449 49.8958
-21.5927 27.7179 -39.514 5.03998 9.61055 49.8722
-21.5678 27.7654 -39.2647 4.91714 9.40682 49.8482
-21.5435 27.8119 -39.0155 4.79442 9.20329 49.824
-21.5199 27.8574 -38.7664 4.67182 8.99996 49.7995
-21.4968 27.9019 -38.5175 4.54934 8.79682 49.7747
-21.4744 27.9454 -38.2687 4.42697 8.59388 49.7497
-21.4525 27.9879 -38.02 4.30472 8.39112 49.7243
-21.4313 28.0293 -37.7714 4.18259 8.18856 49.6987
-21.4107 28.0698 -37.523 4.06057 7.98618 49.6729
-21.3907 28.1092 -37.2747 3.93866 7.78399 49.6467
-21.3713 28.1476 -37.0266 3.81686 7.58198 49.6203
-21.3525 28.185 -36.7785 3.69516 7.38015 49.5935
-21.3344 28.2214 -36.5306 3.57358 7.17849 49.5665
-21.3168 28.2568 -36.2829 3.4521 6.97701 49.5393
-21.2998 28.2912 -36.0352 3.33072 6.7757 49.5117
-21.2835 28.3245 -35.7877 3.20945 6.57456 49.4839
-21.2678 28.3569 -35.5404 3.08827 6.37359 49.4558
-21.2526 28.3883 -35.2932 2.9672 6.17279 49.4275
-21.2381 28.4186 -35.0461 2.84622 5.97215 49.3988
-21.2242 28.448 -34.7992 2.72534 5.77167 49.3699
-21.2108 28.4764 -34.5524 2.60456 5.57134 49.3407
-21.1981 28.5037 -34.3058 2.48387 5.37118 49.3112
-21.186 28.5301 -34.0593 2.36327 5.17117 49.2814
-21.1745 28.5554 -33.813 2.24276 4.97131 49.2514
-21.1636 28.5798 -33.5668 2.12235 4.7716 49.2211
-21.1532 28.6031 -33.3208 2.00202 4.57204 49.1905
-21.1435 28.6255 -33.0749 1.88178 4.37262 49.1597
-21.1344 28.6469 -32.8292 1.76162 4.17335 49.1285
-21.1259 28.6672 -32.5836 1.64155 3.97421 49.0971
-21.118 28.6866 -32.3382 1.52156 3.77522 49.0654
-21.1107 28.705 -32.0929 1.40165 3.57637 49.0335
-21.104 28.7224 -31.8479 1.28182 3.37765 49.0012
-21.0979 28.7388 -31.6029 1.16207 3.17906 48.9687
-21.0924 28.7542 -31.3582 1.0424 2.9806 48.9359
-21.0875 28.7686 -31.1136 0.922799 2.78227 48.9028
-21.0832 28.782 -30.8691 0.803277 2.58407 48.8695
-21.0794 28.7944 -30.6249 0.683828 2.38599 48.8358
-21.0763 28.8058 -30.3808 0.564451 2.18803 48.8019
-21.0738 28.8163 -30.1369 0.445145 1.9902 48.7677
-21.0719 28.8257 -29.8931 0.325908 1.79248 48.7333
-21.0705 28.8342 -29.6495 0.206738 1.59488 48.6985
-21.0698 28.8417 -29.4061 0.0876358 1.39739 48.6635
-21.0697 28.8482 -29.1629 -0.0314013 1.20001 48.6282
-21.0701 28.8537 -28.9198 -0.150374 1.00275 48.5926
-21.0712 28.8582 -28.677 -0.269285 0.805588 48.5567
-21.0728 28.8618 -28.4343 -0.388133 0.608536 48.5206
-21.075 28.8643 -28.1918 -0.506922 0.411587 48.4842
-21.0779 28.8659 -27.9494 -0.625652 0.21474 48.4474
-21.0813 28.8664 -27.7073 -0.744324 0.017993 48.4105
-21.0853 28.866 -27.4653 -0.86294 -0.178656 48.3732
-21.0899 28.8647 -27.2235 -0.9815 -0.37521 48.3356
-21.0951 28.8623 -26.982 -1.10001 -0.571669 48.2978
-21.1009 28.8589 -26.7406 -1.21846 -0.768037 48.2597
-21.1073 28.8546 -26.4994 -1.33686 -0.964315 48.2213
-21.1143 28.8493 -26.2584 -1.45522 -1.1605 48.1826
-21.1219 28.843 -26.0175 -1.57352 -1.35661 48.1436
-21.13 28.8357 -25.7769 -1.69178 -1.55263 48.1043
-21.1388 28.8275 -25.5365 -1.80999 -1.74857 48.0648
-21.1481 28.8182 -25.2963 -1.92815 -1.94442 48.025
-21.1581 28.808 -25.0562 -2.04628 -2.1402 47.9849
-21.1686 28.7968 -24.8164 -2.16435 -2.33591 47.9445
-21.1797 28.7847 -24.5768 -2.28239 -2.53154 47.9038
-21.1914 28.7715 -24.3374 -2.40039 -2.72709 47.8628
-21.2037 28.7574 -24.0982 -2.51835 -2.92258 47.8215
-21.2166 28.7423 -23.8592 -2.63627 -3.118 47.78
-21.2301 28.7262 -23.6204 -2.75415 -3.31335 47.7381
-21.2441 28.7092 -23.3818 -2.872 -3.50863 47.696
-21.2588 28.6911 -23.1434 -2.98982 -3.70386 47.6536
-21.274 28.6721 -22.9053 -3.1076 -3.89902 47.6109
-21.2899 28.6522 -22.6673 -3.22535 -4.09412 47.5679
-21.3063 28.6312 -22.4296 -3.34307 -4.28917 47.5246
-21.3233 28.6093 -22.1921 -3.46077 -4.48416 47.481
-21.3409 28.5864 -21.9548 -3.57843 -4.6791 47.4371
-21.3591 28.5625 -21.7177 -3.69607 -4.87398 47.3929
-21.3779 28.5376 -21.4808 -3.81368 -5.06882 47.3485
-21.3972 28.5118 -21.2442 -3.93127 -5.26361 47.3037
-21.4172 28.485 -21.0078 -4.04883 -5.45835 47.2586
-21.4377 28.4572 -20.7716 -4.16637 -5.65305 47.2133
-21.4588 28.4284 -20.5357 -4.28389 -5.84771 47.1676
