-50 25 -75 0 0 49
-50.0002 24.9994 -74.7551 -0.0975723 -0.243375 48.9564
-50.001 24.9976 -74.5104 -0.195085 -0.486567 48.9125
-50.0022 24.9945 -74.266 -0.292539 -0.729578 48.8683
-50.0039 24.9903 -74.0218 -0.389938 -0.972412 48.8238
-50.0061 24.9848 -73.7777 -0.487281 -1.21507 48.7789
-50.0088 24.9781 -73.534 -0.584572 -1.45756 48.7338
-50.0119 24.9702 -73.2904 -0.681812 -1.69989 48.6883
-50.0156 24.9611 -73.0471 -0.779001 -1.94205 48.6426
-50.0197 24.9508 -72.804 -0.876143 -2.18406 48.5965
-50.0244 24.9393 -72.5611 -0.973239 -2.4259 48.5501
-50.0295 24.9265 -72.3185 -1.07029 -2.6676 48.5034
-50.0351 24.9126 -72.0761 -1.1673 -2.90914 48.4564
-50.0411 24.8975 -71.8339 -1.26427 -3.15054 48.409
-50.0477 24.8811 -71.592 -1.36119 -3.3918 48.3614
-50.0547 24.8635 -71.3503 -1.45808 -3.63292 48.3134
-50.0623 24.8448 -71.1089 -1.55494 -3.87391 48.2651
-50.0703 24.8248 -70.8676 -1.65176 -4.11476 48.2166
-50.0788 24.8036 -70.6267 -1.74854 -4.35549 48.1676
-50.0878 24.7812 -70.386 -1.8453 -4.59609 48.1184
-50.0973 24.7577 -70.1455 -1.94202 -4.83657 48.0689
-50.1072 24.7329 -69.9053 -2.03872 -5.07693 48.019
-50.1176 24.7069 -69.6653 -2.1354 -5.31718 47.9689
-50.1286 24.6797 -69.4256 -2.23204 -5.55732 47.9184
-50.14 24.6513 -69.1861 -2.32867 -5.79734 47.8676
-50.1518 24.6217 -68.9469 -2.42528 -6.03727 47.8165
-50.1642 24.5909 -68.708 -2.52186 -6.27709 47.765
-50.1771 24.559 -68.4693 -2.61843 -6.51682 47.7133
-50.1904 24.5258 -68.2308 -2.71499 -6.75645 47.6612
-50.2042 24.4914 -67.9927 -2.81153 -6.99599 47.6088
-50.2185 24.4558 -67.7547 -2.90805 -7.23544 47.5561
-50.2333 24.419 -67.5171 -3.00457 -7.47481 47.5031
-50.2486 24.3811 -67.2797 -3.10108 -7.71409 47.4497
-50.2643 24.3419 -67.0426 -3.19758 -7.9533 47.3961
-50.2805 24.3015 -66.8058 -3.29408 -8.19244 47.3421
-50.2972 24.26 -66.5692 -3.39057 -8.4315 47.2877
-50.3144 24.2172 -66.3329 -3.48707 -8.6705 47.2331
-50.3321 24.1733 -66.0968 -3.58356 -8.90943 47.1781
-50.3503 24.1281 -65.8611 -3.68006 -9.1483 47.1228
-50.3689 24.0818 -65.6256 -3.77656 -9.38711 47.0672
-50.388 24.0343 -65.3904 -3.87306 -9.62587 47.0113
-50.4076 23.9855 -65.1555 -3.96957 -9.86458 46.955
-50.4277 23.9356 -64.9209 -4.0661 -10.1032 46.8984
-50.4483 23.8845 -64.6865 -4.16263 -10.3419 46.8414
-50.4694 23.8322 -64.4525 -4.25918 -10.5804 46.7841
-50.4909 23.7787 -64.2187 -4.35574 -10.819 46.7265
-50.5129 23.724 -63.9852 -4.45232 -11.0575 46.6686
-50.5354 23.6681 -63.752 -4.54892 -11.2959 46.6103
-50.5584 23.611 -63.5191 -4.64553 -11.5344 46.5517
-50.5819 23.5528 -63.2865 -4.74217 -11.7728 46.4928
-50.6058 23.4933 -63.0542 -4.83884 -12.0112 46.4335
-50.6303 23.4327 -62.8221 -4.93553 -12.2496 46.3739
-50.6552 23.3708 -62.5904 -5.03225 -12.4879 46.3139
-50.6806 23.3078 -62.359 -5.129 -12.7263 46.2536
-50.7065 23.2436 -62.1279 -5.22578 -12.9646 46.1929
-50.7328 23.1781 -61.8971 -5.32259 -13.203 46.1319
-50.7597 23.1115 -61.6666 -5.41944 -13.4413 46.0706
-50.787 23.0437 -61.4364 -5.51633 -13.6796 46.0089
-50.8149 22.9747 -61.2065 -5.61326 -13.918 45.9469
-50.8432 22.9045 -60.9769 -5.71023 -14.1563 45.8845
-50.872 22.8332 -60.7476 -5.80724 -14.3947 45.8217
-50.9012 22.7606 -60.5187 -5.9043 -14.6331 45.7586
-50.931 22.6868 -60.29 -6.0014 -14.8715 45.6952
-50.9613 22.6119 -60.0617 -6.09855 -15.1099 45.6313
-50.992 22.5357 -59.8337 -6.19576 -15.3483 45.5672
-51.0232 22.4584 -59.6061 -6.29302 -15.5868 45.5026
-51.0549 22.3799 -59.3787 -6.39033 -15.8253 45.4377
-51.0871 22.3001 -59.1517 -6.48771 -16.0638 45.3725
-51.1198 22.2192 -58.925 -6.58514 -16.3024 45.3068
-51.153 22.1371 -58.6986 -6.68263 -16.541 45.2408
-51.1866 22.0538 -58.4726 -6.78018 -16.7797 45.1744
-51.2208 21.9693 -58.2469 -6.8778 -17.0184 45.1077
-51.2554 21.8836 -58.0215 -6.97549 -17.2572 45.0406
-51.2905 21.7967 -57.7965 -7.07324 -17.496 44.9731
-51.3261 21.7087 -57.5718 -7.17107 -17.7348 44.9052
-51.3622 21.6194 -57.3474 -7.26897 -17.9738 44.8369
-51.3988 21.5289 -57.1234 -7.36695 -18.2128 44.7683
-51.4359 21.4373 -56.8997 -7.465 -18.4518 44.6992
-51.4735 21.3444 -56.6764 -7.56313 -18.691 44.6298
-51.5115 21.2504 -56.4534 -7.66134 -18.9302 44.5599
-51.5501 21.1551 -56.2308 -7.75964 -19.1695 44.4897
-51.5891 21.0587 -56.0085 -7.85801 -19.4088 44.4191
-51.6287 20.961 -55.7866 -7.95648 -19.6483 44.3481
-51.6687 20.8622 -55.565 -8.05503 -19.8878 44.2766
-51.7092 20.7621 -55.3438 -8.15368 -20.1275 44.2048
-51.7502 20.6609 -55.123 -8.25242 -20.3672 44.1326
-51.7918 20.5585 -54.9025 -8.35125 -20.607 44.0599
-51.8338 20.4548 -54.6824 -8.45017 -20.8469 43.9868
-51.8763 20.35 -54.4626 -8.5492 -21.0869 43.9133
-51.9192 20.244 -54.2433 -8.64832 -21.3271 43.8394
-51.9627 20.1367 -54.0243 -8.74755 -21.5673 43.765
-52.0067 20.0283 -53.8056 -8.84688 -21.8077 43.6903
-52.0512 19.9187 -53.5874 -8.94631 -22.0481 43.615
-52.0962 19.8078 -53.3695 -9.04585 -22.2887 43.5394
-52.1417 19.6958 -53.152 -9.1455 -22.5294 43.4633
-52.1876 19.5825 -52.9348 -9.24526 -22.7703 43.3867
-52.2341 19.4681 -52.7181 -9.34513 -23.0112 43.3098
-52.2811 19.3524 -52.5017 -9.44511 -23.2523 43.2323
-52.3286 19.2355 -52.2858 -9.54521 -23.4936 43.1544
-52.3765 19.1175 -52.0702 -9.64542 -23.7349 43.076
-52.425 18.9982 -51.855 -9.74575 -23.9765 42.9972
-52.474 18.8777 -51.6402 -9.8462 -24.2181 42.9179
-52.5235 18.756 -51.4258 -9.94677 -24.4599 42.8381
-52.5735 18.6331 -51.2118 -10.0475 -24.7019 42.7579
-52.624 18.509 -50.9982 -10.1483 -24.944 42.6771
-52.675 18.3837 -50.7851 -10.2492 -25.1862 42.5959
-52.7265 18.2571 -50.5723 -10.3503 -25.4287 42.5142
-52.7785 18.1294 -50.3599 -10.4515 -25.6712 42.4319
-52.831 18.0004 -50.148 -10.5528 -25.914 42.3492
-52.884 17.8702 -49.9364 -10.6542 -26.1569 42.266
-52.9375 17.7388 -49.7253 -10.7558 -26.4 42.1822
-52.9915 17.6062 -49.5146 -10.8575 -26.6433 42.098
-53.0461 17.4724 -49.3043 -10.9593 -26.8867 42.0132
-53.1011 17.3374 -49.0945 -11.0612 -27.1303 41.9279
-53.1567 17.2011 -48.8851 -11.1633 -27.3741 41.842
-53.2128 17.0636 -48.6761 -11.2655 -27.6181 41.7556
-53.2694 16.9249 -48.4675 -11.3679 -27.8623 41.6687
-53.3264 16.785 -48.2594 -11.4704 -28.1066 41.5812
-53.3841 16.6439 -48.0517 -11.573 -28.3512 41.4931
-53.4422 16.5015 -47.8444 -11.6757 -28.5959 41.4045
-53.5008 16.3579 -47.6376 -11.7786 -28.8409 41.3154
-53.56 16.2131 -47.4313 -11.8816 -29.086 41.2256
-53.6196 16.067 -47.2254 -11.9847 -29.3313 41.1353
-53.6798 15.9198 -47.0199 -12.088 -29.5769 41.0444
-53.7405 15.7713 -46.8149 -12.1914 -29.8226 40.9529
-53.8017 15.6215 -46.6104 -12.2949 -30.0686 40.8608
-53.8635 15.4706 -46.4063 -12.3986 -30.3148 40.7681
-53.9257 15.3184 -46.2027 -12.5023 -30.5611 40.6748
-53.9885 15.165 -45.9996 -12.6062 -30.8077 40.5809
-54.0518 15.0103 -45.7969 -12.7103 -31.0546 40.4863
-54.1156 14.8544 -45.5947 -12.8144 -31.3016 40.3912
-54.1799 14.6973 -45.393 -12.9187 -31.5488 40.2954
-54.2448 14.5389 -45.1918 -13.0231 -31.7963 40.1989
-54.3101 14.3793 -44.991 -13.1276 -32.044 40.1019
-54.376 14.2185 -44.7907 -13.2322 -32.2919 40.0041
-54.4425 14.0564 -44.591 -13.337 -32.5401 39.9057
-54.5094 13.8931 -44.3917 -13.4419 -32.7885 39.8067
-54.5769 13.7285 -44.1929 -13.5469 -33.0371 39.707
-54.6449 13.5627 -43.9946 -13.652 -33.2859 39.6066
-54.7134 13.3957 -43.7968 -13.7572 -33.535 39.5055
-54.7825 13.2274 -43.5996 -13.8625 -33.7843 39.4038
-54.852 13.0578 -43.4028 -13.9679 -34.0339 39.3013
-54.9221 12.887 -43.2066 -14.0734 -34.2837 39.1982
-54.9928 12.715 -43.0108 -14.1791 -34.5337 39.0943
-55.0639 12.5417 -42.8156 -14.2848 -34.784 38.9898
-55.1356 12.3672 -42.6209 -14.3906 -35.0345 38.8845
-55.2078 12.1914 -42.4268 -14.4966 -35.2853 38.7785
-55.2806 12.0143 -42.2331 -14.6026 -35.5363 38.6718
-55.3539 11.836 -42.04 -14.7087 -35.7876 38.5644
-55.4277 11.6564 -41.8475 -14.8149 -36.0391 38.4562
-55.502 11.4756 -41.6555 -14.9212 -36.2909 38.3473
-55.5769 11.2935 -41.464 -15.0276 -36.5429 38.2376
-55.6523 11.1102 -41.2731 -15.134 -36.7952 38.1272
-55.7282 10.9256 -41.0827 -15.2406 -37.0478 38.016
-55.8047 10.7397 -40.8929 -15.3472 -37.3006 37.904
-55.8817 10.5526 -40.7037 -15.4539 -37.5536 37.7913
-55.9592 10.3642 -40.515 -15.5606 -37.807 37.6778
-56.0373 10.1745 -40.3269 -15.6675 -38.0606 37.5636
-56.1159 9.98355 -40.1394 -15.7744 -38.3145 37.4485
-56.195 9.79135 -39.9524 -15.8814 -38.5686 37.3326
-56.2747 9.59787 -39.7661 -15.9884 -38.823 37.216
-56.3549 9.40312 -39.5803 -16.0956 -39.0777 37.0986
-56.4357 9.20709 -39.3951 -16.2027 -39.3327 36.9803
-56.517 9.00979 -39.2105 -16.31 -39.5879 36.8612
-56.5988 8.81121 -39.0265 -16.4173 -39.8435 36.7414
-56.6811 8.61135 -38.8431 -16.5247 -40.0993 36.6207
-56.764 8.41022 -38.6603 -16.6321 -40.3554 36.4991
-56.8474 8.2078 -38.4781 -16.7396 -40.6118 36.3768
-56.9314 8.0041 -38.2965 -16.8471 -40.8685 36.2535
-57.0159 7.79912 -38.1155 -16.9547 -41.1255 36.1295
-57.101 7.59285 -37.9352 -17.0624 -41.3828 36.0046
-57.1865 7.38529 -37.7555 -17.1701 -41.6404 35.8788
-57.2727 7.17644 -37.5764 -17.2779 -41.8983 35.7522
-57.3593 6.9663 -37.398 -17.3857 -42.1565 35.6247
-57.4465 6.75488 -37.2202 -17.4936 -42.415 35.4964
-57.5343 6.54215 -37.043 -17.6016 -42.6739 35.3671
-57.6225 6.32814 -36.8665 -17.7096 -42.9331 35.237
-57.7114 6.11282 -36.6906 -17.8176 -43.1926 35.106
-57.8007 5.89621 -36.5154 -17.9257 -43.4524 34.9741
-57.8906 5.6783 -36.3409 -18.0339 -43.7126 34.8413
-57.981 5.45909 -36.167 -18.1421 -43.9731 34.7076
-58.072 5.23857 -35.9938 -18.2504 -44.234 34.5729
-58.1636 5.01675 -35.8213 -18.3588 -44.4952 34.4374
-58.2556 4.79362 -35.6494 -18.4672 -44.7568 34.3009
-58.3482 4.56918 -35.4783 -18.5757 -45.0187 34.1634
-58.4414 4.34343 -35.3078 -18.6843 -45.281 34.0251
-58.5351 4.11637 -35.138 -18.7929 -45.5437 33.8857
-58.6293 3.88799 -34.969 -18.9016 -45.8068 33.7455
-58.7241 3.6583 -34.8006 -19.0103 -46.0702 33.6042
-58.8194 3.42729 -34.6329 -19.1192 -46.3341 33.462
-58.9153 3.19496 -34.466 -19.2281 -46.5983 33.3188
-59.0117 2.96131 -34.2997 -19.3371 -46.863 33.1746
-59.1086 2.72633 -34.1342 -19.4462 -47.1281 33.0294
-59.2061 2.49003 -33.9694 -19.5554 -47.3936 32.8832
-59.3042 2.25239 -33.8054 -19.6646 -47.6595 32.7359
-59.4028 2.01343 -33.6421 -19.774 -47.9258 32.5877
-59.5019 1.77313 -33.4795 -19.8834 -48.1926 32.4384
-59.6016 1.5315 -33.3177 -19.9929 -48.4599 32.2881
-59.7019 1.28854 -33.1566 -20.1026 -48.7276 32.1367
-59.8027 1.04423 -32.9963 -20.2123 -48.9958 31.9843
-59.904 0.798577 -32.8368 -20.3222 -49.2644 31.8307
-60.0059 0.551583 -32.678 -20.4322 -49.5336 31.6762
-60.1083 0.303241 -32.52 -20.5423 -49.8032 31.5205
-60.2113 0.0535503 -32.3628 -20.6525 -50.0734 31.3637
-60.3148 -0.197493 -32.2064 -20.7628 -50.344 31.2058
-60.4189 -0.44989 -32.0507 -20.8733 -50.6152 31.0468
-60.5236 -0.703644 -31.8959 -20.9839 -50.8869 30.8866
-60.6288 -0.958759 -31.7419 -21.0946 -51.1591 30.7253
-60.7345 -1.21524 -31.5887 -21.2055 -51.4319 30.5629
-60.8408 -1.47308 -31.4363 -21.3165 -51.7052 30.3993
-60.9477 -1.73229 -31.2847 -21.4276 -51.9791 30.2345
-61.0551 -1.99287 -31.1339 -21.539 -52.2536 30.0685
-61.1631 -2.25482 -30.984 -21.6504 -52.5287 29.9014
-61.2716 -2.51816 -30.8349 -21.7621 -52.8043 29.733
-61.3807 -2.78287 -30.6867 -21.8739 -53.0806 29.5634
-61.4903 -3.04896 -30.5393 -21.9859 -53.3575 29.3925
-61.6005 -3.31644 -30.3927 -22.0981 -53.635 29.2204
-61.7113 -3.58531 -30.2471 -22.2104 -53.9131 29.0471
-61.8227 -3.85557 -30.1023 -22.3229 -54.1919 28.8725
-61.9345 -4.12723 -29.9583 -22.4357 -54.4714 28.6966
-62.047 -4.40029 -29.8153 -22.5486 -54.7515 28.5194
-62.16 -4.67475 -29.6731 -22.6617 -55.0324 28.3409
-62.2736 -4.95061 -29.5319 -22.7751 -55.3139 28.161
-62.3878 -5.22789 -29.3915 -22.8886 -55.5961 27.9799
-62.5025 -5.50657 -29.2521 -23.0024 -55.879 27.7974
-62.6178 -5.78668 -29.1136 -23.1164 -56.1627 27.6135
-62.7337 -6.0682 -28.9759 -23.2306 -56.4471 27.4282
-62.8501 -6.35115 -28.8393 -23.3451 -56.7322 27.2416
-62.9671 -6.63552 -28.7035 -23.4598 -57.0181 27.0535
-63.0847 -6.92133 -28.5687 -23.5747 -57.3048 26.864
-63.2029 -7.20857 -28.4349 -23.6899 -57.5922 26.6731
-63.3216 -7.49725 -28.302 -23.8053 -57.8805 26.4807
-63.4409 -7.78738 -28.1701 -23.921 -58.1695 26.2869
-63.5608 -8.07895 -28.0391 -24.037 -58.4594 26.0916
-63.6813 -8.37197 -27.9092 -24.1532 -58.7501 25.8948
-63.8024 -8.66645 -27.7802 -24.2697 -59.0417 25.6964
-63.924 -8.96239 -27.6522 -24.3865 -59.3341 25.4966
-64.0462 -9.25979 -27.5252 -24.5036 -59.6273 25.2952
-64.169 -9.55866 -27.3993 -24.621 -59.9215 25.0922
-64.2924 -9.859 -27.2743 -24.7387 -60.2165 24.8876
-64.4164 -10.1608 -27.1504 -24.8566 -60.5124 24.6815
-64.541 -10.4641 -27.0275 -24.9749 -60.8093 24.4737
-64.6662 -10.7689 -26.9056 -25.0935 -61.1071 24.2644
-64.7919 -11.0752 -26.7848 -25.2124 -61.4058 24.0533
-64.9183 -11.383 -26.6651 -25.3317 -61.7054 23.8406
-65.0452 -11.6923 -26.5464 -25.4512 -62.0061 23.6262
-65.1728 -12.003 -26.4288 -25.5711 -62.3077 23.4101
-65.301 -12.3153 -26.3123 -25.6914 -62.6102 23.1923
-65.4297 -12.6291 -26.1969 -25.812 -62.9138 22.9727
-65.5591 -12.9445 -26.0826 -25.9329 -63.2184 22.7513
-65.689 -13.2613 -25.9694 -26.0542 -63.5241 22.5282
-65.8196 -13.5797 -25.8573 -26.1759 -63.8307 22.3032
-65.9508 -13.8996 -25.7464 -26.2979 -64.1384 22.0765
-66.0826 -14.2211 -25.6366 -26.4203 -64.4472 21.8478
-66.215 -14.5441 -25.5279 -26.5431 -64.7571 21.6173
-66.348 -14.8687 -25.4204 -26.6663 -65.068 21.3849
-66.4817 -15.1948 -25.314 -26.7898 -65.38 21.1506
-66.6159 -15.5225 -25.2089 -26.9138 -65.6932 20.9144
-66.7508 -15.8517 -25.1049 -27.0381 -66.0075 20.6761
-66.8863 -16.1825 -25.0021 -27.1629 -66.3229 20.4359
-67.0224 -16.5149 -24.9005 -27.2881 -66.6395 20.1937
-67.1592 -16.8489 -24.8002 -27.4137 -66.9573 19.9494
-67.2966 -17.1845 -24.701 -27.5397 -67.2762 19.703
-67.4346 -17.5217 -24.6032 -27.6661 -67.5963 19.4546
-67.5732 -17.8605 -24.5065 -27.793 -67.9176 19.204
-67.7125 -18.2009 -24.4111 -27.9204 -68.2402 18.9513
-67.8524 -18.5429 -24.317 -28.0481 -68.564 18.6964
-67.993 -18.8865 -24.2241 -28.1764 -68.889 18.4393
-68.1342 -19.2318 -24.1326 -28.3051 -69.2154 18.1799
-68.2761 -19.5787 -24.0423 -28.4342 -69.5429 17.9183
-68.4185 -19.9272 -23.9534 -28.5638 -69.8718 17.6544
-68.5617 -20.2774 -23.8658 -28.694 -70.202 17.3881
-68.7055 -20.6292 -23.7795 -28.8245 -70.5335 17.1195
-68.8499 -20.9827 -23.6946 -28.9556 -70.8664 16.8485
-68.995 -21.3379 -23.611 -29.0872 -71.2006 16.575
-69.1408 -21.6947 -23.5289 -29.2193 -71.5361 16.2991
-69.2872 -22.0533 -23.4481 -29.3519 -71.8731 16.0207
-69.4343 -22.4135 -23.3687 -29.485 -72.2114 15.7397
-69.5821 -22.7754 -23.2907 -29.6186 -72.5512 15.4562
-69.7305 -23.139 -23.2141 -29.7528 -72.8924 15.1701
-69.8796 -23.5043 -23.139 -29.8875 -73.235 14.8813
-70.0294 -23.8713 -23.0653 -30.0227 -73.5791 14.5898
-70.1798 -24.2401 -22.9931 -30.1585 -73.9246 14.2956
-70.331 -24.6106 -22.9223 -30.2948 -74.2717 13.9986
-70.4828 -24.9828 -22.8531 -30.4317 -74.6203 13.6988
-70.6353 -25.3568 -22.7853 -30.5692 -74.9703 13.3962
-70.7885 -25.7325 -22.7191 -30.7072 -75.322 13.0906
-70.9424 -26.11 -22.6544 -30.8458 -75.6751 12.7821
-71.0969 -26.4893 -22.5913 -30.985 -76.0299 12.4706
-71.2522 -26.8703 -22.5297 -31.1248 -76.3862 12.1561
-71.4082 -27.2531 -22.4697 -31.2652 -76.7442 11.8385
-71.5649 -27.6377 -22.4113 -31.4062 -77.1038 11.5177
-71.7223 -28.0242 -22.3546 -31.5478 -77.465 11.1938
-71.8803 -28.4124 -22.2994 -31.6901 -77.8278 10.8666
-72.0392 -28.8024 -22.2459 -31.8329 -78.1924 10.5361
-72.1987 -29.1943 -22.194 -31.9764 -78.5586 10.2023
-72.3589 -29.588 -22.1439 -32.1206 -78.9266 9.86503
-72.5199 -29.9836 -22.0954 -32.2654 -79.2962 9.52435
-72.6816 -30.381 -22.0486 -32.4108 -79.6676 9.18015
-72.844 -30.7803 -22.0036 -32.5569 -80.0408 8.83239
-73.0071 -31.1814 -21.9603 -32.7037 -80.4157 8.48099
-73.171 -31.5844 -21.9188 -32.8512 -80.7925 8.1259
-73.3357 -31.9893 -21.879 -32.9993 -81.171 7.76705
-73.501 -32.3961 -21.8411 -33.1481 -81.5514 7.40439
-73.6671 -32.8048 -21.805 -33.2977 -81.9336 7.03785
-73.834 -33.2155 -21.7707 -33.4479 -82.3177 6.66736
-74.0016 -33.628 -21.7383 -33.5988 -82.7037 6.29285
-74.17 -34.0425 -21.7078 -33.7504 -83.0916 5.91426
-74.3391 -34.4589 -21.6792 -33.9028 -83.4814 5.53152
-74.509 -34.8773 -21.6525 -34.0559 -83.8732 5.14456
-74.6797 -35.2977 -21.6277 -34.2097 -84.2669 4.75329
-74.8511 -35.72 -21.605 -34.3643 -84.6626 4.35766
-75.0233 -36.1443 -21.5842 -34.5196 -85.0603 3.95757
-75.1963 -36.5706 -21.5654 -34.6756 -85.46 3.55295
-75.3701 -36.9989 -21.5486 -34.8324 -85.8618 3.14371
-75.5446 -37.4292 -21.5339 -34.99 -86.2656 2.72979
-75.72 -37.8616 -21.5213 -35.1484 -86.6716 2.31108
-75.8961 -38.2959 -21.5108 -35.3076 -87.0796 1.8875
-76.0731 -38.7324 -21.5025 -35.4675 -87.4898 1.45897
-76.2508 -39.1708 -21.4962 -35.6282 -87.9021 1.02538
-76.4293 -39.6114 -21.4922 -35.7898 -88.3167 0.58665
-76.6087 -40.054 -21.4904 -35.9522 -88.7334 0.142673
-76.7889 -40.4987 -21.4908 -36.1154 -89.1524 -0.306649
-76.9698 -40.9455 -21.4934 -36.2794 -89.5736 -0.761419
-77.1517 -41.3945 -21.4984 -36.4442 -89.9971 -1.22174
-77.3343 -41.8455 -21.5057 -36.6099 -90.4229 -1.68773
-77.5178 -42.2987 -21.5153 -36.7765 -90.8511 -2.15949
-77.7021 -42.754 -21.5273 -36.9439 -91.2816 -2.63715
-77.8872 -43.2115 -21.5416 -37.1122 -91.7145 -3.12082
-78.0732 -43.6712 -21.5585 -37.2814 -92.1498 -3.61061
-78.26 -44.133 -21.5778 -37.4515 -92.5876 -4.10667
-78.4477 -44.597 -21.5995 -37.6225 -93.0278 -4.60912
-78.6362 -45.0633 -21.6238 -37.7944 -93.4705 -5.11808
-78.8256 -45.5317 -21.6507 -37.9672 -93.9158 -5.63371
-79.0159 -46.0024 -21.6802 -38.1409 -94.3636 -6.15613
-79.207 -46.4754 -21.7123 -38.3155 -94.814 -6.68551
-79.3991 -46.9506 -21.747 -38.4912 -95.267 -7.22197
-79.592 -47.428 -21.7845 -38.6677 -95.7226 -7.76569
-79.7857 -47.9078 -21.8247 -38.8452 -96.1809 -8.31682
-79.9804 -48.3899 -21.8677 -39.0237 -96.6419 -8.87553
-80.176 -48.8742 -21.9135 -39.2032 -97.1056 -9.44198
-80.3724 -49.3609 -21.9621 -39.3837 -97.5721 -10.0163
-80.5698 -49.8499 -22.0136 -39.5651 -98.0414 -10.5988
-80.7681 -50.3413 -22.0681 -39.7476 -98.5135 -11.1896
-80.9673 -50.8351 -22.1255 -39.9311 -98.9885 -11.7888
-81.1674 -51.3312 -22.186 -40.1156 -99.4663 -12.3967
-81.3684 -51.8298 -22.2495 -40.3012 -99.9471 -13.0135
-81.5704 -52.3307 -22.3161 -40.4877 -100.431 -13.6394
-81.7733 -52.8341 -22.3859 -40.6754 -100.917 -14.2746
-81.9772 -53.3399 -22.4589 -40.8641 -101.407 -14.9193
-82.182 -53.8481 -22.5351 -41.0538 -101.9 -15.5738
-82.3877 -54.3589 -22.6146 -41.2447 -102.395 -16.2383
-82.5944 -54.8721 -22.6975 -41.4366 -102.894 -16.9131
-82.8021 -55.3878 -22.7837 -41.6296 -103.396 -17.5984
-83.0107 -55.9061 -22.8734 -41.8237 -103.901 -18.2945
-83.2203 -56.4268 -22.9667 -42.0188 -104.41 -19.0016
-83.4309 -56.9502 -23.0635 -42.2151 -104.921 -19.7201
-83.6425 -57.476 -23.1639 -42.4125 -105.436 -20.4503
-83.855 -58.0045 -23.268 -42.6111 -105.954 -21.1923
-84.0686 -58.5356 -23.3758 -42.8107 -106.475 -21.9467
-84.2831 -59.0693 -23.4874 -43.0115 -106.999 -22.7137
-84.4987 -59.6056 -23.6029 -43.2134 -107.527 -23.4936
-84.7153 -60.1445 -23.7224 -43.4164 -108.058 -24.2868
-84.9329 -60.6862 -23.8458 -43.6205 -108.593 -25.0937
-85.1515 -61.2305 -23.9733 -43.8258 -109.131 -25.9147
-85.3711 -61.7775 -24.105 -44.0322 -109.672 -26.7501
-85.5918 -62.3272 -24.2408 -44.2397 -110.217 -27.6003
-85.8135 -62.8796 -24.381 -44.4484 -110.765 -28.4659
-86.0363 -63.4348 -24.5255 -44.6581 -111.317 -29.3472
-86.2601 -63.9928 -24.6744 -44.869 -111.872 -30.2447
-86.485 -64.5536 -24.8279 -45.081 -112.43 -31.1588
-86.7109 -65.1171 -24.986 -45.294 -112.992 -32.0902
-86.9379 -65.6835 -25.1488 -45.5082 -113.557 -33.0393
-87.166 -66.2527 -25.3164 -45.7234 -114.126 -34.0066
-87.3952 -66.8247 -25.4889 -45.9397 -114.698 -34.9928
-87.6254 -67.3997 -25.6663 -46.157 -115.274 -35.9983
-87.8567 -67.9775 -25.8489 -46.3753 -115.852 -37.024
-88.0891 -68.5582 -26.0366 -46.5946 -116.435 -38.0702
-88.3227 -69.1418 -26.2296 -46.8148 -117.02 -39.1379
-88.5573 -69.7284 -26.428 -47.036 -117.609 -40.2276
-88.793 -70.3179 -26.6319 -47.258 -118.201 -41.34
-89.0299 -70.9104 -26.8414 -47.4809 -118.796 -42.4761
-89.2678 -71.5059 -27.0566 -47.7046 -119.394 -43.6365
-89.5069 -72.1044 -27.2777 -47.9291 -119.995 -44.822
-89.7471 -72.7058 -27.5049 -48.1542 -120.599 -46.0337
-89.9885 -73.3103 -27.7381 -48.38 -121.205 -47.2724
-90.2309 -73.9179 -27.9776 -48.6063 -121.814 -48.539
-90.4745 -74.5285 -28.2235 -48.8331 -122.426 -49.8346
-90.7193 -75.1422 -28.4759 -49.0603 -123.04 -51.1602
-90.9651 -75.7589 -28.7351 -49.2878 -123.656 -52.517
-91.2121 -76.3787 -29.0011 -49.5155 -124.274 -53.9061
-91.4603 -77.0016 -29.2742 -49.7432 -124.893 -55.3288
-91.7096 -77.6277 -29.5544 -49.9709 -125.514 -56.7864
-91.96 -78.2568 -29.842 -50.1984 -126.136 -58.2801
-92.2116 -78.889 -30.1372 -50.4255 -126.759 -59.8115
-92.4643 -79.5244 -30.4401 -50.6521 -127.382 -61.3821
-92.7181 -80.1628 -30.751 -50.878 -128.004 -62.9935
-92.973 -80.8044 -31.0701 -51.1029 -128.627 -64.6473
-93.2291 -81.4491 -31.3975 -51.3267 -129.248 -66.3453
-93.4863 -82.0969 -31.7335 -51.549 -129.868 -68.0894
-93.7446 -82.7478 -32.0784 -51.7696 -130.485 -69.8817
-94.004 -83.4018 -32.4324 -51.9881 -131.1 -71.7241
-94.2645 -84.0588 -32.7957 -52.2043 -131.711 -73.619
-94.526 -84.7189 -33.1686 -52.4178 -132.317 -75.5686
-94.7887 -85.382 -33.5514 -52.6281 -132.918 -77.5755
-95.0523 -86.0481 -33.9443 -52.8347 -133.512 -79.6424
-95.317 -86.7171 -34.3478 -53.0371 -134.099 -81.7719
-95.5827 -87.3891 -34.7621 -53.2349 -134.677 -83.9671
-95.8494 -88.0639 -35.1875 -53.4273 -135.244 -86.2312
-96.117 -88.7415 -35.6244 -53.6137 -135.799 -88.5674
-96.3855 -89.4219 -36.0732 -53.7932 -136.34 -90.9794
-96.6549 -90.1049 -36.5342 -53.9651 -136.866 -93.4709
-96.9252 -90.7905 -37.0079 -54.1283 -137.373 -96.0459
-97.1962 -91.4786 -37.4947 -54.2819 -137.861 -98.7087
-97.468 -92.1691 -37.995 -54.4247 -138.325 -101.464
-97.7404 -92.8619 -38.5093 -54.5553 -138.763 -104.316
-98.0135 -93.5568 -39.0382 -54.6723 -139.172 -107.27
-98.2872 -94.2536 -39.582 -54.7741 -139.547 -110.333
-98.5613 -94.9522 -40.1415 -54.8588 -139.885 -113.508
-98.8358 -95.6525 -40.7171 -54.9245 -140.181 -116.803
-99.1105 -96.354 -41.3096 -54.9688 -140.429 -120.224
-99.3854 -97.0567 -41.9194 -54.9892 -140.623 -123.778
-99.6604 -97.7603 -42.5474 -54.9828 -140.757 -127.472
-99.9353 -98.4643 -43.1941 -54.9464 -140.824 -131.313
-100.21 -99.1685 -43.8605 -54.8764 -140.813 -135.311
-100.484 -99.8725 -44.5473 -54.7686 -140.717 -139.472
-100.758 -100.576 -45.2553 -54.6184 -140.523 -143.807
-101.03 -101.278 -45.9854 -54.4207 -140.22 -148.325
-101.302 -101.978 -46.7385 -54.1695 -139.793 -153.034
-101.572 -102.676 -47.5158 -53.858 -139.226 -157.945
-101.84 -103.37 -48.318 -53.4789 -138.501 -163.067
-102.107 -104.061 -49.1465 -53.0234 -137.598 -168.412
-102.371 -104.746 -50.0022 -52.4819 -136.493 -173.987
-102.631 -105.426 -50.8864 -51.8434 -135.16 -179.804
-102.889 -106.098 -51.8003 -51.0955 -133.569 -185.87
-103.142 -106.761 -52.7451 -50.224 -131.684 -192.191
-103.391 -107.414 -53.7222 -49.2132 -129.469 -198.775
-103.635 -108.056 -54.7329 -48.0451 -126.879 -205.622
-103.872 -108.683 -55.7785 -46.6999 -123.864 -212.732
-104.102 -109.294 -56.8603 -45.1553 -120.372 -220.098
-104.323 -109.887 -57.9795 -43.3867 -116.34 -227.707
-104.535 -110.458 -59.1374 -41.3672 -111.702 -235.537
-104.737 -111.004 -60.335 -39.0679 -106.386 -243.556
-104.926 -111.522 -61.573 -36.4579 -100.315 -251.715
-105.101 -112.007 -62.8522 -33.5056 -93.4088 -259.952
-105.261 -112.456 -64.1726 -30.1795 -85.5865 -268.182
-105.403 -112.863 -65.534 -26.4501 -76.7718 -276.298
-105.525 -113.223 -66.9356 -22.2919 -66.8972 -284.165
-105.626 -113.532 -68.3756 -17.6867 -55.9118 -291.622
-105.702 -113.782 -69.8517 -12.6271 -43.7902 -298.48
-105.752 -113.969 -71.3604 -7.12055 -30.5424 -304.528
-105.773 -114.088 -72.8969 -1.19329 -16.2236 -309.538
-105.764 -114.132 -74.4557 5.10642 -0.943191 -313.283
-105.722 -114.097 -76.0296 11.7065 15.1307 -315.546
-105.647 -113.98 -77.611 18.512 31.7724 -316.147
-105.537 -113.779 -79.191 25.4084 48.7068 -314.96
-105.393 -113.493 -80.7605 32.269 65.6255 -311.93
-105.215 -113.123 -82.3102 38.9638 82.2088 -307.084
-105.003 -112.671 -83.8312 45.3694 98.1507 -300.528
-104.761 -112.142 -85.3154 51.3787 113.182 -292.443
-104.49 -111.54 -86.7556 56.908 127.088 -283.062
-104.192 -110.871 -88.146 61.9004 139.719 -272.65
-103.871 -110.143 -89.4822 66.3263 150.993 -261.482
-103.529 -109.361 -90.7609 70.1809 160.887 -249.821
-103.169 -108.534 -91.9805 73.4797 169.43 -237.908
-102.794 -107.667 -93.1401 76.2534 176.688 -225.946
-102.406 -106.767 -94.24 78.5425 182.755 -214.104
-102.009 -105.84 -95.2813 80.3931 187.738 -202.513
-101.603 -104.89 -96.2653 81.8531 191.751 -191.269
-101.19 -103.922 -97.1941 82.9698 194.907 -180.44
-100.773 -102.941 -98.0698 83.7877 197.314 -170.07
-100.352 -101.949 -98.8949 84.3482 199.071 -160.183
-99.9294 -100.95 -99.6718 84.6883 200.269 -150.787
-99.5054 -99.9464 -100.403 84.8411 200.99 -141.88
-99.081 -98.9402 -101.091 84.8355 201.304 -133.452
-98.657 -97.9334 -101.737 84.6967 201.274 -125.487
-98.234 -96.9275 -102.346 84.4464 200.953 -117.966
-97.8125 -95.9238 -102.917 84.1033 200.388 -110.866
-97.393 -94.9236 -103.454 83.6832 199.62 -104.166
-96.9757 -93.9276 -103.959 83.1998 198.681 -97.8412
-96.561 -92.9367 -104.433 82.6646 197.602 -91.8698
-96.149 -91.9516 -104.878 82.0873 196.407 -86.2293
-95.7401 -90.9726 -105.295 81.4764 195.118 -80.8985
-95.3343 -90.0004 -105.687 80.8387 193.752 -75.8571
-94.9317 -89.0351 -106.054 80.1803 192.324 -71.0862
-94.5325 -88.0771 -106.398 79.5062 190.848 -66.5677
-94.1366 -87.1266 -106.719 78.8205 189.335 -62.285
-93.7442 -86.1837 -107.02 78.1268 187.793 -58.2224
-93.3553 -85.2487 -107.302 77.4282 186.232 -54.3656
-92.9699 -84.3214 -107.564 76.7271 184.656 -50.7008
-92.5881 -83.4021 -107.809 76.0256 183.073 -47.2158
-92.2097 -82.4907 -108.036 75.3256 181.487 -43.899
-91.8348 -81.5872 -108.248 74.6284 179.901 -40.7395
-91.4634 -80.6916 -108.444 73.9353 178.32 -37.7275
-91.0954 -79.804 -108.625 73.2474 176.746 -34.8538
-90.7309 -78.9242 -108.792 72.5654 175.182 -32.1099
-90.3698 -78.0522 -108.946 71.89 173.629 -29.488
-90.012 -77.1879 -109.087 71.2218 172.089 -26.9806
-89.6576 -76.3313 -109.216 70.5612 170.563 -24.581
-89.3064 -75.4822 -109.333 69.9085 169.053 -22.2829
-88.9585 -74.6407 -109.439 69.2642 167.56 -20.0806
-88.6137 -73.8066 -109.534 68.6282 166.083 -17.9685
-88.2722 -72.9799 -109.618 68.0009 164.624 -15.9416
-87.9337 -72.1604 -109.693 67.3822 163.184 -13.9953
-87.5984 -71.348 -109.758 66.7723 161.762 -12.1252
-87.266 -70.5427 -109.814 66.1712 160.358 -10.3271
-86.9366 -69.7444 -109.862 65.5788 158.974 -8.5974
-86.6102 -68.953 -109.9 64.9952 157.608 -6.93246
-86.2867 -68.1683 -109.931 64.4203 156.261 -5.32902
-85.966 -67.3904 -109.954 63.8541 154.933 -3.78399
-85.6481 -66.619 -109.969 63.2964 153.624 -2.29451
-85.333 -65.8541 -109.977 62.7473 152.333 -0.857879
-85.0207 -65.0957 -109.977 62.2065 151.062 0.528393
-84.711 -64.3435 -109.971 61.6742 149.808 1.86665
-84.4039 -63.5976 -109.959 61.15 148.573 3.15907
-84.0995 -62.8578 -109.94 60.634 147.357 4.40768
-83.7976 -62.124 -109.915 60.1261 146.158 5.61439
-83.4982 -61.3962 -109.884 59.6262 144.977 6.78094
-83.2013 -60.6742 -109.847 59.1341 143.814 7.90898
-82.9069 -59.958 -109.805 58.6499 142.669 8.99999
-82.6148 -59.2475 -109.757 58.1734 141.54 10.0554
-82.3251 -58.5426 -109.704 57.7045 140.429 11.0764
-82.0378 -57.8432 -109.646 57.2432 139.336 12.0641
-81.7527 -57.1493 -109.583 56.7894 138.258 13.0197
-81.4699 -56.4606 -109.516 56.343 137.198 13.9439
-81.1893 -55.7773 -109.444 55.9039 136.154 14.8376
-80.9108 -55.0991 -109.368 55.472 135.126 15.7015
-80.6345 -54.426 -109.287 55.0473 134.114 16.536
-80.3604 -53.7579 -109.202 54.6296 133.118 17.3417
-80.0882 -53.0948 -109.114 54.2186 132.136 18.1189
-79.8182 -52.4366 -109.021 53.8141 131.168 18.8679
-79.5501 -51.7831 -108.925 53.4159 130.214 19.5892
-79.284 -51.1344 -108.825 53.0234 129.272 20.2831
-79.0199 -50.4904 -108.722 52.6363 128.342 20.9503
-78.7576 -49.851 -108.616 52.2541 127.421 21.5915
-78.4973 -49.2162 -108.506 51.876 126.509 22.2078
-78.2389 -48.5859 -108.394 51.5015 125.604 22.8008
-77.9823 -47.9602 -108.278 51.13 124.705 23.3721
-77.7276 -47.3389 -108.16 50.7611 123.811 23.924
-77.4747 -46.7221 -108.039 50.3944 122.922 24.4585
-77.2236 -46.1097 -107.915 50.0296 122.037 24.9779
-76.9744 -45.5017 -107.789 49.6667 121.156 25.4843
-76.727 -44.8981 -107.66 49.3058 120.28 25.9794
-76.4813 -44.2989 -107.529 48.947 119.41 26.4646
-76.2375 -43.704 -107.396 48.5906 118.545 26.9411
-75.9954 -43.1135 -107.26 48.2368 117.688 27.4096
-75.7551 -42.5272 -107.122 47.8858 116.837 27.8707
-75.5166 -41.9451 -106.981 47.5378 115.995 28.3246
-75.2798 -41.3672 -106.838 47.1931 115.161 28.7715
-75.0447 -40.7935 -106.693 46.8517 114.335 29.2115
-74.8112 -40.2239 -106.546 46.5137 113.518 29.6445
-74.5795 -39.6583 -106.397 46.1792 112.71 30.0705
-74.3495 -39.0967 -106.246 45.8482 111.911 30.4895
-74.121 -38.5392 -106.092 45.5208 111.121 30.9014
-73.8942 -37.9855 -105.937 45.1969 110.34 31.3063
-73.6691 -37.4358 -105.779 44.8765 109.567 31.704
-73.4455 -36.8899 -105.619 44.5596 108.803 32.0947
-73.2235 -36.3477 -105.458 44.2461 108.047 32.4783
-73.003 -35.8094 -105.295 43.9359 107.3 32.855
-72.7841 -35.2747 -105.129 43.629 106.561 33.2247
-72.5667 -34.7438 -104.962 43.3254 105.829 33.5876
-72.3509 -34.2164 -104.794 43.025 105.106 33.9436
-72.1365 -33.6927 -104.623 42.7276 104.39 34.293
-71.9236 -33.1725 -104.451 42.4334 103.682 34.6359
-71.7121 -32.6559 -104.277 42.1421 102.981 34.9722
-71.5022 -32.1427 -104.101 41.8537 102.287 35.3022
-71.2936 -31.633 -103.924 41.5683 101.6 35.6259
-71.0865 -31.1267 -103.745 41.2856 100.921 35.9434
-70.8807 -30.6238 -103.564 41.0057 100.247 36.255
-70.6764 -30.1242 -103.382 40.7285 99.5809 36.5606
-70.4735 -29.628 -103.199 40.4539 98.9209 36.8605
-70.2719 -29.135 -103.014 40.1819 98.2672 37.1547
-70.0716 -28.6453 -102.827 39.9124 97.6197 37.4433
-69.8727 -28.1588 -102.639 39.6454 96.9784 37.7265
-69.6752 -27.6755 -102.45 39.3808 96.343 38.0043
-69.4789 -27.1954 -102.259 39.1186 95.7135 38.2769
-69.284 -26.7184 -102.067 38.8587 95.0898 38.5444
-69.0904 -26.2445 -101.874 38.6011 94.4717 38.8069
-68.898 -25.7737 -101.679 38.3457 93.8591 39.0645
-68.7069 -25.3059 -101.483 38.0925 93.2521 39.3173
-68.5171 -24.8412 -101.286 37.8414 92.6503 39.5654
-68.3285 -24.3794 -101.087 37.5924 92.0538 39.8089
-68.1411 -23.9206 -100.888 37.3454 91.4625 40.0479
-67.955 -23.4648 -100.687 37.1004 90.8763 40.2825
-67.7701 -23.0119 -100.485 36.8574 90.295 40.5127
-67.5865 -22.5618 -100.282 36.6162 89.7186 40.7387
-67.404 -22.1147 -100.077 36.377 89.147 40.9606
-67.2227 -21.6704 -99.8721 36.1396 88.5802 41.1784
-67.0426 -21.2289 -99.6657 35.9039 88.018 41.3921
-66.8636 -20.7902 -99.4582 35.67 87.4604 41.602
-66.6859 -20.3543 -99.2496 35.4379 86.9073 41.8081
-66.5093 -19.9211 -99.0401 35.2074 86.3586 42.0103
-66.3338 -19.4907 -98.8295 34.9785 85.8143 42.2089
-66.1595 -19.063 -98.618 34.7512 85.2742 42.4039
-65.9863 -18.6379 -98.4055 34.5255 84.7384 42.5953
-65.8142 -18.2156 -98.192 34.3013 84.2066 42.7832
-65.6433 -17.7959 -97.9777 34.0786 83.679 42.9676
-65.4734 -17.3788 -97.7624 33.8574 83.1553 43.1487
-65.3047 -16.9643 -97.5462 33.6375 82.6356 43.3265
-65.1371 -16.5524 -97.3291 33.4191 82.1198 43.501
-64.9705 -16.1431 -97.1112 33.202 81.6077 43.6723
-64.805 -15.7363 -96.8924 32.9863 81.0994 43.8405
-64.6406 -15.3321 -96.6728 32.7718 80.5948 44.0056
-64.4773 -14.9304 -96.4523 32.5586 80.0937 44.1676
-64.3151 -14.5312 -96.2311 32.3466 79.5963 44.3266
-64.1539 -14.1344 -96.0091 32.1359 79.1023 44.4826
-63.9937 -13.7402 -95.7863 31.9263 78.6117 44.6357
-63.8346 -13.3483 -95.5627 31.7178 78.1245 44.786
-63.6765 -12.9589 -95.3384 31.5105 77.6406 44.9334
-63.5195 -12.5719 -95.1134 31.3043 77.1599 45.078
-63.3635 -12.1873 -94.8876 31.0992 76.6824 45.2199
-63.2085 -11.8051 -94.6612 30.8951 76.208 45.359
-63.0545 -11.4252 -94.434 30.6921 75.7367 45.4954
-62.9016 -11.0477 -94.2062 30.4901 75.2684 45.6293
-62.7496 -10.6725 -93.9777 30.2891 74.803 45.7604
-62.5987 -10.2997 -93.7486 30.0891 74.3404 45.8891
-62.4487 -9.92914 -93.5188 29.8901 73.8807 46.0151
-62.2998 -9.56088 -93.2885 29.692 73.4237 46.1387
-62.1518 -9.1949 -93.0575 29.495 72.9694 46.2598
-62.0048 -8.83119 -92.8259 29.2988 72.5178 46.3785
-61.8588 -8.46973 -92.5937 29.1036 72.0687 46.4947
-61.7138 -8.1105 -92.3609 28.9094 71.6221 46.6086
-61.5697 -7.75351 -92.1276 28.7161 71.178 46.7201
-61.4266 -7.39872 -91.8937 28.5238 70.7363 46.8293
-61.2845 -7.04614 -91.6593 28.3324 70.297 46.9363
-61.1433 -6.69575 -91.4243 28.142 69.8599 47.041
-61.0031 -6.34754 -91.1889 27.9525 69.4251 47.1435
-60.8638 -6.0015 -90.9529 27.764 68.9926 47.2439
-60.7254 -5.65762 -90.7164 27.5765 68.5621 47.3421
-60.588 -5.31588 -90.4795 27.3899 68.1338 47.4383
-60.4515 -4.97628 -90.2421 27.2044 67.7076 47.5324
-60.316 -4.63881 -90.0042 27.0198 67.2834 47.6245
-60.1813 -4.30345 -89.7658 26.8362 66.8612 47.7146
-60.0476 -3.97019 -89.527 26.6537 66.4409 47.8028
-59.9148 -3.63904 -89.2878 26.4721 66.0226 47.8891
-59.7829 -3.30997 -89.0481 26.2916 65.6062 47.9736
-59.6519 -2.98298 -88.808 26.1121 65.1917 48.0563
-59.5218 -2.65805 -88.5676 25.9337 64.7789 48.1372
-59.3926 -2.33519 -88.3267 25.7563 64.3681 48.2163
-59.2642 -2.01437 -88.0854 25.5799 63.9589 48.2938
-59.1368 -1.6956 -87.8437 25.4046 63.5516 48.3696
-59.0102 -1.37886 -87.6017 25.2304 63.146 48.4438
-58.8844 -1.06414 -87.3593 25.0572 62.7422 48.5164
-58.7596 -0.751434 -87.1165 24.885 62.3401 48.5875
-58.6356 -0.440737 -86.8734 24.714 61.9396 48.6571
-58.5125 -0.132038 -86.63 24.5439 61.5409 48.7252
-58.3902 0.174672 -86.3862 24.375 61.1438 48.7918
-58.2687 0.4794 -86.142 24.207 60.7484 48.8571
-58.1481 0.782155 -85.8976 24.0401 60.3546 48.921
-58.0283 1.08295 -85.6528 23.8742 59.9625 48.9836
-57.9093 1.38178 -85.4078 23.7094 59.572 49.0448
-57.7912 1.67867 -85.1624 23.5456 59.1831 49.1048
-57.6739 1.97361 -84.9167 23.3827 58.7959 49.1635
-57.5574 2.26662 -84.6708 23.2209 58.4102 49.221
-57.4417 2.55771 -84.4245 23.06 58.0261 49.2774
-57.3268 2.84689 -84.178 22.9001 57.6436 49.3325
-57.2127 3.13415 -83.9312 22.7412 57.2626 49.3865
-57.0994 3.41951 -83.6841 22.5832 56.8832 49.4393
-56.9868 3.70298 -83.4368 22.4262 56.5053 49.4911
-56.8751 3.98456 -83.1892 22.2701 56.129 49.5417
-56.7641 4.26427 -82.9414 22.1148 55.7542 49.5913
-56.654 4.54211 -82.6933 21.9605 55.3809 49.6399
-56.5445 4.81808 -82.445 21.8071 55.0092 49.6874
-56.4359 5.0922 -82.1964 21.6545 54.6389 49.734
-56.328 5.36447 -81.9476 21.5028 54.2701 49.7795
-56.2209 5.6349 -81.6986 21.3519 53.9027 49.8241
-56.1145 5.9035 -81.4494 21.2018 53.5369 49.8677
-56.0088 6.17027 -81.1999 21.0526 53.1725 49.9103
-55.9039 6.43522 -80.9503 20.9041 52.8095 49.952
-55.7998 6.69836 -80.7004 20.7565 52.4479 49.9929
-55.6964 6.9597 -80.4504 20.6096 52.0878 50.0328
-55.5937 7.21924 -80.2001 20.4634 51.7291 50.0718
-55.4918 7.47699 -79.9496 20.3181 51.3718 50.1099
-55.3905 7.73296 -79.699 20.1734 51.0158 50.1472
-55.29 7.98715 -79.4482 20.0295 50.6612 50.1837
-55.1902 8.23957 -79.1972 19.8863 50.308 50.2192
-55.0912 8.49023 -78.946 19.7438 49.9562 50.254
-54.9928 8.73913 -78.6946 19.602 49.6056 50.2879
-54.8951 8.98628 -78.4431 19.4609 49.2564 50.3211
-54.7982 9.2317 -78.1914 19.3204 48.9085 50.3534
-54.7019 9.47537 -77.9396 19.1806 48.5619 50.3849
-54.6064 9.71731 -77.6876 19.0414 48.2166 50.4157
-54.5115 9.95754 -77.4354 18.9029 47.8725 50.4457
-54.4173 10.196 -77.1831 18.765 47.5298 50.4749
-54.3239 10.4328 -76.9306 18.6277 47.1882 50.5034
-54.2311 10.6679 -76.6781 18.491 46.8479 50.5311
-54.139 10.9013 -76.4253 18.355 46.5089 50.5581
-54.0475 11.133 -76.1725 18.2195 46.171 50.5844
-53.9568 11.363 -75.9195 18.0846 45.8344 50.6099
-53.8667 11.5914 -75.6664 17.9502 45.4989 50.6348
-53.7773 11.818 -75.4131 17.8165 45.1647 50.6589
-53.6885 12.043 -75.1598 17.6833 44.8315 50.6823
-53.6004 12.2663 -74.9063 17.5506 44.4996 50.7051
-53.513 12.488 -74.6527 17.4185 44.1688 50.7271
-53.4262 12.708 -74.399 17.2869 43.8391 50.7485
-53.3401 12.9264 -74.1453 17.1558 43.5106 50.7692
-53.2547 13.1431 -73.8914 17.0252 43.1831 50.7892
-53.1699 13.3582 -73.6374 16.8952 42.8568 50.8086
-53.0857 13.5717 -73.3833 16.7656 42.5315 50.8273
-53.0022 13.7835 -73.1291 16.6366 42.2073 50.8454
-52.9194 13.9938 -72.8748 16.508 41.8842 50.8628
-52.8371 14.2024 -72.6205 16.38 41.5622 50.8796
-52.7556 14.4094 -72.366 16.2523 41.2412 50.8958
-52.6746 14.6148 -72.1115 16.1252 40.9212 50.9114
-52.5943 14.8186 -71.8569 15.9986 40.6022 50.9263
-52.5146 15.0208 -71.6022 15.8723 40.2843 50.9406
-52.4356 15.2214 -71.3475 15.7466 39.9673 50.9544
-52.3572 15.4205 -71.0927 15.6213 39.6514 50.9675
-52.2794 15.618 -70.8378 15.4964 39.3364 50.98
-52.2022 15.8138 -70.5829 15.372 39.0224 50.9919
-52.1257 16.0082 -70.3279 15.248 38.7094 51.0033
-52.0497 16.2009 -70.0729 15.1244 38.3973 51.0141
-51.9744 16.3921 -69.8178 15.0012 38.0861 51.0243
-51.8997 16.5818 -69.5626 14.8785 37.7759 51.0339
-51.8256 16.7699 -69.3074 14.7561 37.4666 51.0429
-51.7522 16.9565 -69.0522 14.6342 37.1582 51.0514
-51.6793 17.1415 -68.7969 14.5126 36.8507 51.0594
-51.607 17.325 -68.5416 14.3915 36.5442 51.0667
-51.5354 17.5069 -68.2862 14.2707 36.2384 51.0736
-51.4643 17.6874 -68.0309 14.1503 35.9336 51.0799
-51.3939 17.8663 -67.7754 14.0303 35.6296 51.0856
-51.324 18.0437 -67.52 13.9107 35.3265 51.0908
-51.2548 18.2195 -67.2645 13.7914 35.0243 51.0955
-51.1861 18.3939 -67.009 13.6725 34.7228 51.0997
-51.118 18.5668 -66.7535 13.554 34.4222 51.1033
-51.0506 18.7381 -66.498 13.4358 34.1225 51.1064
-50.9837 18.908 -66.2425 13.318 33.8235 51.109
-50.9174 19.0764 -65.9869 13.2005 33.5253 51.1111
-50.8517 19.2432 -65.7314 13.0834 33.2279 51.1127
-50.7865 19.4086 -65.4758 12.9666 32.9314 51.1137
-50.722 19.5726 -65.2202 12.8501 32.6356 51.1143
-50.658 19.735 -64.9646 12.734 32.3405 51.1144
-50.5947 19.896 -64.7091 12.6182 32.0462 51.114
-50.5319 20.0555 -64.4535 12.5027 31.7527 51.113
-50.4696 20.2135 -64.1979 12.3876 31.4599 51.1116
-50.408 20.3701 -63.9424 12.2727 31.1679 51.1098
-50.3469 20.5252 -63.6868 12.1582 30.8766 51.1074
-50.2864 20.6788 -63.4313 12.044 30.586 51.1046
-50.2265 20.831 -63.1758 11.9301 30.2961 51.1012
-50.1671 20.9818 -62.9203 11.8165 30.0069 51.0975
-50.1083 21.1311 -62.6648 11.7031 29.7185 51.0932
-50.0501 21.279 -62.4094 11.5901 29.4307 51.0885
-49.9924 21.4254 -62.1539 11.4774 29.1436 51.0833
-49.9353 21.5704 -61.8985 11.3649 28.8572 51.0777
-49.8788 21.714 -61.6432 11.2528 28.5714 51.0716
-49.8228 21.8561 -61.3878 11.1409 28.2863 51.0651
-49.7673 21.9968 -61.1325 11.0293 28.0019 51.0581
-49.7125 22.1361 -60.8772 10.918 27.7181 51.0506
-49.6582 22.274 -60.622 10.8069 27.435 51.0427
-49.6044 22.4105 -60.3668 10.6961 27.1525 51.0344
-49.5512 22.5455 -60.1117 10.5856 26.8706 51.0257
-49.4986 22.6792 -59.8566 10.4753 26.5893 51.0165
-49.4465 22.8114 -59.6015 10.3653 26.3087 51.0068
-49.3949 22.9423 -59.3465 10.2556 26.0286 50.9968
-49.3439 23.0717 -59.0915 10.1461 25.7492 50.9863
-49.2934 23.1998 -58.8366 10.0368 25.4703 50.9754
-49.2435 23.3264 -58.5818 9.92782 25.1921 50.9641
-49.1942 23.4517 -58.327 9.81905 24.9144 50.9523
-49.1453 23.5756 -58.0723 9.71053 24.6373 50.9401
-49.0971 23.6981 -57.8176 9.60224 24.3608 50.9276
-49.0493 23.8192 -57.563 9.49419 24.0848 50.9146
-49.0021 23.9389 -57.3084 9.38637 23.8094 50.9011
-48.9555 24.0573 -57.054 9.27878 23.5345 50.8873
-48.9093 24.1743 -56.7996 9.17142 23.2602 50.8731
-48.8637 24.2899 -56.5452 9.06428 22.9864 50.8585
-48.8187 24.4041 -56.291 8.95735 22.7132 50.8435
-48.7742 24.517 -56.0368 8.85065 22.4405 50.828
-48.7302 24.6285 -55.7827 8.74416 22.1683 50.8122
-48.6867 24.7387 -55.5287 8.63789 21.8966 50.796
-48.6438 24.8475 -55.2747 8.53183 21.6254 50.7794
-48.6014 24.9549 -55.0209 8.42597 21.3547 50.7624
-48.5595 25.061 -54.7671 8.32032 21.0846 50.745
-48.5182 25.1658 -54.5134 8.21487 20.8149 50.7272
-48.4774 25.2692 -54.2598 8.10962 20.5457 50.709
-48.4371 25.3712 -54.0063 8.00457 20.277 50.6905
-48.3973 25.472 -53.7529 7.89972 20.0087 50.6716
-48.3581 25.5713 -53.4996 7.79505 19.741 50.6523
-48.3194 25.6694 -53.2464 7.69058 19.4737 50.6326
-48.2812 25.7661 -52.9933 7.5863 19.2068 50.6125
-48.2435 25.8614 -52.7403 7.4822 18.9404 50.5921
-48.2064 25.9555 -52.4874 7.37829 18.6745 50.5713
-48.1697 26.0482 -52.2346 7.27456 18.409 50.5501
-48.1336 26.1396 -51.9819 7.17101 18.144 50.5285
-48.098 26.2296 -51.7293 7.06764 17.8793 50.5066
-48.063 26.3183 -51.4768 6.96444 17.6151 50.4843
-48.0284 26.4058 -51.2244 6.86141 17.3514 50.4617
-47.9943 26.4919 -50.9722 6.75855 17.088 50.4387
-47.9608 26.5766 -50.7201 6.65587 16.8251 50.4153
-47.9278 26.6601 -50.468 6.55335 16.5626 50.3916
-47.8953 26.7423 -50.2161 6.45099 16.3005 50.3675
-47.8633 26.8231 -49.9644 6.3488 16.0387 50.343
-47.8318 26.9027 -49.7127 6.24676 15.7774 50.3182
-47.8008 26.9809 -49.4612 6.14489 15.5165 50.293
-47.7703 27.0578 -49.2098 6.04317 15.2559 50.2675
-47.7404 27.1335 -48.9585 5.94161 14.9958 50.2417
-47.7109 27.2078 -48.7074 5.8402 14.736 50.2155
-47.682 27.2808 -48.4564 5.73893 14.4766 50.1889
-47.6535 27.3525 -48.2055 5.63782 14.2175 50.162
-47.6256 27.423 -47.9547 5.53686 13.9588 50.1347
-47.5982 27.4921 -47.7041 5.43604 13.7005 50.1071
-47.5712 27.56 -47.4537 5.33536 13.4425 50.0791
-47.5448 27.6266 -47.2033 5.23482 13.1849 50.0509
-47.5189 27.6918 -46.9532 5.13442 12.9276 50.0222
-47.4935 27.7558 -46.7031 5.03416 12.6707 49.9932
-47.4685 27.8185 -46.4532 4.93404 12.4141 49.9639
-47.4441 27.88 -46.2035 4.83405 12.1578 49.9342
-47.4202 27.9401 -45.9539 4.73419 11.9018 49.9042
-47.3968 27.999 -45.7044 4.63446 11.6462 49.8739
-47.3739 28.0566 -45.4551 4.53486 11.3909 49.8432
-47.3514 28.1129 -45.206 4.43539 11.1359 49.8122
-47.3295 28.1679 -44.957 4.33604 10.8813 49.7809
-47.3081 28.2217 -44.7082 4.23682 10.6269 49.7492
-47.2871 28.2742 -44.4595 4.13772 10.3728 49.7172
-47.2667 28.3254 -44.211 4.03874 10.119 49.6848
-47.2468 28.3754 -43.9627 3.93987 9.86556 49.6521
-47.2273 28.4241 -43.7145 3.84113 9.61238 49.6191
-47.2083 28.4715 -43.4665 3.7425 9.35948 49.5857
-47.1899 28.5177 -43.2186 3.64398 9.10686 49.5521
-47.1719 28.5626 -42.971 3.54557 8.85452 49.5181
-47.1544 28.6062 -42.7235 3.44728 8.60245 49.4837
-47.1374 28.6486 -42.4761 3.34909 8.35065 49.4491
-47.1209 28.6897 -42.229 3.25101 8.09912 49.4141
-47.1049 28.7296 -41.982 3.15304 7.84785 49.3787
-47.0894 28.7682 -41.7352 3.05517 7.59684 49.3431
-47.0744 28.8056 -41.4886 2.9574 7.34609 49.3071
-47.0598 28.8417 -41.2421 2.85974 7.09558 49.2708
-47.0458 28.8765 -40.9958 2.76217 6.84532 49.2342
-47.0322 28.9101 -40.7498 2.6647 6.59531 49.1972
-47.0191 28.9425 -40.5039 2.56733 6.34553 49.1599
-47.0065 28.9736 -40.2582 2.47005 6.09599 49.1223
-46.9944 29.0034 -40.0127 2.37287 5.84668 49.0844
-46.9828 29.0321 -39.7673 2.27578 5.5976 49.0461
-46.9717 29.0594 -39.5222 2.17878 5.34875 49.0076
-46.961 29.0855 -39.2772 2.08186 5.10011 48.9687
-46.9508 29.1104 -39.0325 1.98504 4.85169 48.9294
-46.9412 29.1341 -38.788 1.8883 4.60349 48.8899
-46.932 29.1565 -38.5436 1.79165 4.35549 48.85
-46.9232 29.1776 -38.2995 1.69508 4.1077 48.8098
-46.915 29.1975 -38.0555 1.59859 3.86012 48.7693
-46.9073 29.2162 -37.8118 1.50218 3.61273 48.7284
-46.9 29.2337 -37.5682 1.40585 3.36553 48.6873
-46.8932 29.2499 -37.3249 1.3096 3.11853 48.6458
-46.8869 29.2648 -37.0818 1.21342 2.87172 48.604
-46.8811 29.2786 -36.8388 1.11732 2.62509 48.5618
-46.8757 29.2911 -36.5961 1.0213 2.37864 48.5194
-46.8709 29.3024 -36.3537 0.925341 2.13237 48.4766
-46.8665 29.3124 -36.1114 0.829456 1.88627 48.4335
-46.8626 29.3212 -35.8693 0.733641 1.64035 48.3901
-46.8591 29.3288 -35.6275 0.637893 1.39459 48.3463
-46.8562 29.3352 -35.3859 0.542211 1.14899 48.3023
-46.8537 29.3403 -35.1445 0.446595 0.903558 48.2579
-46.8517 29.3442 -34.9033 0.351042 0.658279 48.2131
-46.8502 29.3469 -34.6623 0.255552 0.413153 48.1681
-46.8492 29.3484 -34.4216 0.160122 0.168177 48.1227
-46.8486 29.3486 -34.1811 0.0647528 -0.076652 48.077
-46.8485 29.3476 -33.9408 -0.0305587 -0.321338 48.031
-46.8489 29.3454 -33.7008 -0.125813 -0.565885 47.9847
-46.8498 29.3419 -33.461 -0.221012 -0.810296 47.938
-46.8511 29.3373 -33.2214 -0.316157 -1.05457 47.891
-46.8529 29.3314 -32.9821 -0.411248 -1.29872 47.8437
-46.8552 29.3243 -32.743 -0.506288 -1.54274 47.7961
-46.858 29.316 -32.5041 -0.601278 -1.78664 47.7481
-46.8612 29.3064 -32.2655 -0.696219 -2.03042 47.6998
-46.865 29.2956 -32.0271 -0.791112 -2.27409 47.6512
-46.8692 29.2837 -31.789 -0.885959 -2.51764 47.6022
-46.8738 29.2705 -31.5511 -0.980761 -2.76108 47.553
-46.879 29.2561 -31.3134 -1.07552 -3.00441 47.5034
-46.8846 29.2404 -31.0761 -1.17024 -3.24764 47.4534
-46.8907 29.2236 -30.8389 -1.26491 -3.49078 47.4032
-46.8972 29.2055 -30.602 -1.35955 -3.73381 47.3526
-46.9043 29.1862 -30.3654 -1.45414 -3.97675 47.3017
-46.9118 29.1657 -30.129 -1.5487 -4.21961 47.2504
-46.9197 29.144 -29.8929 -1.64323 -4.46237 47.1988
-46.9282 29.1211 -29.657 -1.73772 -4.70505 47.1469
-46.9371 29.097 -29.4214 -1.83217 -4.94766 47.0946
-46.9465 29.0716 -29.1861 -1.9266 -5.19018 47.042
-46.9564 29.0451 -28.951 -2.02099 -5.43263 46.9891
-46.9667 29.0173 -28.7162 -2.11535 -5.67501 46.9359
-46.9775 28.9883 -28.4816 -2.20969 -5.91733 46.8823
-46.9888 28.9581 -28.2474 -2.304 -6.15958 46.8283
-47.0006 28.9267 -28.0133 -2.39828 -6.40177 46.7741
-47.0128 28.8941 -27.7796 -2.49254 -6.6439 46.7195
-47.0255 28.8603 -27.5462 -2.58678 -6.88598 46.6645
-47.0387 28.8253 -27.313 -2.681 -7.128 46.6092
-47.0523 28.789 -27.0801 -2.77519 -7.36998 46.5536
-47.0664 28.7516 -26.8474 -2.86937 -7.61191 46.4977
-47.081 28.7129 -26.6151 -2.96353 -7.8538 46.4413
-47.0961 28.673 -26.383 -3.05767 -8.09565 46.3847
-47.1116 28.6319 -26.1512 -3.1518 -8.33747 46.3277
-47.1276 28.5897 -25.9197 -3.24592 -8.57926 46.2704
-47.144 28.5462 -25.6885 -3.34002 -8.82101 46.2127
-47.161 28.5014 -25.4576 -3.43411 -9.06274 46.1546
-47.1784 28.4555 -25.227 -3.52819 -9.30445 46.0962
-47.1963 28.4084 -24.9967 -3.62226 -9.54614 46.0375
-47.2146 28.3601 -24.7666 -3.71633 -9.78781 45.9784
-47.2334 28.3105 -24.5369 -3.81039 -10.0295 45.919
-47.2527 28.2598 -24.3074 -3.90444 -10.2711 45.8592
-47.2725 28.2078 -24.0783 -3.99849 -10.5128 45.799
-47.2927 28.1546 -23.8494 -4.09254 -10.7544 45.7385
-47.3134 28.1003 -23.6209 -4.18659 -10.996 45.6777
-47.3346 28.0447 -23.3927 -4.28064 -11.2377 45.6165
-47.3562 27.9879 -23.1647 -4.3747 -11.4793 45.5549
-47.3783 27.9299 -22.9371 -4.46875 -11.721 45.493
-47.4009 27.8707 -22.7098 -4.56281 -11.9626 45.4307
-47.4239 27.8103 -22.4828 -4.65688 -12.2043 45.368
-47.4475 27.7486 -22.2561 -4.75095 -12.446 45.305
-47.4715 27.6858 -22.0297 -4.84503 -12.6877 45.2416
-47.4959 27.6218 -21.8037 -4.93912 -12.9295 45.1779
-47.5208 27.5565 -21.578 -5.03322 -13.1713 45.1137
-47.5462 27.49 -21.3526 -5.12734 -13.4131 45.0492
-47.5721 27.4224 -21.1275 -5.22147 -13.6549 44.9844
-47.5985 27.3535 -20.9027 -5.31561 -13.8968 44.9191
-47.6253 27.2834 -20.6783 -5.40977 -14.1387 44.8535
-47.6526 27.2121 -20.4542 -5.50395 -14.3807 44.7875
-47.6803 27.1396 -20.2304 -5.59815 -14.6227 44.7212
-47.7085 27.0659 -20.007 -5.69237 -14.8647 44.6544
-47.7372 26.991 -19.7839 -5.78661 -15.1068 44.5873
-47.7664 26.9148 -19.5611 -5.88087 -15.349 44.5198
-47.796 26.8375 -19.3387 -5.97516 -15.5912 44.4519
-47.8262 26.7589 -19.1166 -6.06947 -15.8335 44.3837
-47.8567 26.6791 -18.8948 -6.16382 -16.0759 44.315
-47.8878 26.5981 -18.6734 -6.25819 -16.3183 44.2459
-47.9193 26.5159 -18.4524 -6.35259 -16.5608 44.1765
-47.9513 26.4325 -18.2317 -6.44702 -16.8034 44.1067
-47.9838 26.3479 -18.0113 -6.54148 -17.046 44.0365
-48.0167 26.2621 -17.7913 -6.63598 -17.2888 43.9658
-48.0502 26.175 -17.5716 -6.73052 -17.5316 43.8948
-48.084 26.0868 -17.3523 -6.82509 -17.7745 43.8234
-48.1184 25.9973 -17.1334 -6.9197 -18.0175 43.7516
-48.1532 25.9066 -16.9148 -7.01434 -18.2606 43.6794
-48.1885 25.8147 -16.6966 -7.10903 -18.5038 43.6067
-48.2243 25.7215 -16.4788 -7.20377 -18.747 43.5337
-48.2606 25.6272 -16.2613 -7.29854 -18.9904 43.4603
-48.2973 25.5316 -16.0442 -7.39337 -19.2339 43.3864
-48.3345 25.4349 -15.8274 -7.48823 -19.4776 43.3121
-48.3722 25.3369 -15.611 -7.58315 -19.7213 43.2374
-48.4103 25.2377 -15.395 -7.67812 -19.9651 43.1623
-48.449 25.1372 -15.1794 -7.77313 -20.2091 43.0868
-48.4881 25.0356 -14.9642 -7.8682 -20.4532 43.0109
-48.5277 24.9327 -14.7493 -7.96333 -20.6974 42.9345
-48.5677 24.8286 -14.5348 -8.05851 -20.9417 42.8577
-48.6082 24.7233 -14.3207 -8.15374 -21.1862 42.7805
-48.6493 24.6167 -14.107 -8.24904 -21.4308 42.7028
-48.6907 24.509 -13.8937 -8.34439 -21.6756 42.6248
-48.7327 24.4 -13.6808 -8.4398 -21.9205 42.5462
-48.7751 24.2898 -13.4682 -8.53528 -22.1656 42.4673
-48.818 24.1783 -13.2561 -8.63082 -22.4108 42.3879
-48.8614 24.0656 -13.0444 -8.72643 -22.6561 42.308
-48.9053 23.9517 -12.833 -8.8221 -22.9016 42.2277
-48.9497 23.8366 -12.6221 -8.91785 -23.1473 42.147
-48.9945 23.7203 -12.4115 -9.01366 -23.3931 42.0658
-49.0398 23.6027 -12.2014 -9.10954 -23.6391 41.9842
-49.0856 23.4839 -11.9917 -9.2055 -23.8853 41.9021
-49.1319 23.3638 -11.7824 -9.30153 -24.1317 41.8195
-49.1786 23.2426 -11.5735 -9.39764 -24.3782 41.7365
-49.2258 23.1201 -11.365 -9.49382 -24.6249 41.653
-49.2735 22.9963 -11.157 -9.59009 -24.8718 41.5691
-49.3217 22.8713 -10.9493 -9.68643 -25.1189 41.4847
-49.3704 22.7451 -10.7421 -9.78286 -25.3661 41.3998
-49.4196 22.6177 -10.5353 -9.87937 -25.6136 41.3144
-49.4692 22.489 -10.329 -9.97597 -25.8613 41.2286
-49.5193 22.3591 -10.1231 -10.0726 -26.1091 41.1422
-49.5699 22.2279 -9.91757 -10.1694 -26.3572 41.0554
-49.621 22.0955 -9.71251 -10.2663 -26.6055 40.9681
-49.6726 21.9618 -9.50789 -10.3632 -26.854 40.8803
-49.7246 21.827 -9.30371 -10.4603 -27.1027 40.7921
-49.7772 21.6908 -9.09997 -10.5574 -27.3516 40.7033
-49.8302 21.5534 -8.89667 -10.6547 -27.6007 40.614
-49.8837 21.4148 -8.69383 -10.752 -27.8501 40.5242
-49.9377 21.2749 -8.49143 -10.8494 -28.0997 40.4339
-49.9922 21.1338 -8.28949 -10.947 -28.3496 40.3432
-50.0472 20.9914 -8.088 -11.0446 -28.5997 40.2518
-50.1027 20.8478 -7.88697 -11.1424 -28.85 40.16
-50.1586 20.7029 -7.6864 -11.2402 -29.1005 40.0677
-50.2151 20.5568 -7.48629 -11.3382 -29.3514 39.9748
-50.272 20.4094 -7.28665 -11.4362 -29.6024 39.8814
-50.3294 20.2608 -7.08748 -11.5344 -29.8537 39.7875
-50.3874 20.1109 -6.88877 -11.6327 -30.1053 39.693
-50.4458 19.9597 -6.69055 -11.7311 -30.3572 39.5981
-50.5047 19.8073 -6.49279 -11.8297 -30.6093 39.5025
-50.5641 19.6536 -6.29552 -11.9283 -30.8617 39.4064
-50.624 19.4987 -6.09873 -12.0271 -31.1143 39.3098
-50.6843 19.3425 -5.90242 -12.1259 -31.3673 39.2126
-50.7452 19.185 -5.7066 -12.225 -31.6205 39.1149
-50.8066 19.0263 -5.51127 -12.3241 -31.874 39.0166
-50.8685 18.8663 -5.31644 -12.4234 -32.1278 38.9177
-50.9308 18.705 -5.1221 -12.5227 -32.3819 38.8183
-50.9937 18.5425 -4.92825 -12.6223 -32.6363 38.7183
-51.057 18.3786 -4.73491 -12.7219 -32.891 38.6177
-51.1209 18.2136 -4.54208 -12.8217 -33.146 38.5166
-51.1853 18.0472 -4.34975 -12.9216 -33.4013 38.4148
-51.2501 17.8795 -4.15793 -13.0217 -33.6569 38.3125
-51.3155 17.7106 -3.96662 -13.1219 -33.9129 38.2096
-51.3813 17.5404 -3.77583 -13.2223 -34.1691 38.106
-51.4477 17.3689 -3.58556 -13.3227 -34.4257 38.0019
-51.5146 17.1962 -3.39581 -13.4234 -34.6826 37.8972
-51.5819 17.0221 -3.20659 -13.5242 -34.9399 37.7918
-51.6498 16.8468 -3.0179 -13.6251 -35.1975 37.6858
-51.7182 16.6701 -2.82973 -13.7262 -35.4554 37.5793
-51.7871 16.4922 -2.6421 -13.8274 -35.7137 37.472
-51.8565 16.313 -2.45501 -13.9288 -35.9723 37.3642
