-50 100 -75 0 0 49
-50.0001 99.9997 -74.755 -0.0271941 -0.113683 48.9895
-50.0003 99.9989 -74.5101 -0.0543783 -0.227341 48.9789
-50.0006 99.9974 -74.2652 -0.0815526 -0.340975 48.9682
-50.0011 99.9955 -74.0204 -0.108717 -0.454585 48.9574
-50.0017 99.9929 -73.7757 -0.135872 -0.568172 48.9465
-50.0024 99.9898 -73.531 -0.163017 -0.681736 48.9355
-50.0033 99.9861 -73.2863 -0.190152 -0.795278 48.9244
-50.0043 99.9818 -73.0417 -0.217279 -0.908798 48.9133
-50.0055 99.977 -72.7972 -0.244395 -1.0223 48.902
-50.0068 99.9716 -72.5527 -0.271503 -1.13578 48.8907
-50.0082 99.9656 -72.3083 -0.298601 -1.24923 48.8793
-50.0098 99.9591 -72.0639 -0.32569 -1.36267 48.8678
-50.0115 99.952 -71.8196 -0.352769 -1.47609 48.8562
-50.0133 99.9443 -71.5753 -0.37984 -1.58949 48.8445
-50.0153 99.9361 -71.3311 -0.406902 -1.70287 48.8327
-50.0174 99.9273 -71.087 -0.433955 -1.81623 48.8208
-50.0196 99.9179 -70.8429 -0.460999 -1.92958 48.8089
-50.022 99.908 -70.5989 -0.488035 -2.04291 48.7968
-50.0245 99.8975 -70.355 -0.515061 -2.15622 48.7847
-50.0271 99.8865 -70.1111 -0.54208 -2.26952 48.7724
-50.0299 99.8748 -69.8672 -0.569089 -2.3828 48.7601
-50.0328 99.8626 -69.6235 -0.596091 -2.49606 48.7477
-50.0359 99.8499 -69.3798 -0.623083 -2.60931 48.7352
-50.0391 99.8365 -69.1361 -0.650068 -2.72255 48.7226
-50.0424 99.8226 -68.8925 -0.677044 -2.83578 48.71
-50.0458 99.8082 -68.649 -0.704013 -2.94899 48.6972
-50.0494 99.7931 -68.4056 -0.730973 -3.06218 48.6844
-50.0531 99.7776 -68.1622 -0.757925 -3.17537 48.6714
-50.057 99.7614 -67.9189 -0.784869 -3.28854 48.6584
-50.061 99.7447 -67.6756 -0.811805 -3.40171 48.6453
-50.0651 99.7274 -67.4324 -0.838733 -3.51486 48.6321
-50.0694 99.7095 -67.1893 -0.865654 -3.628 48.6188
-50.0738 99.6911 -66.9462 -0.892567 -3.74113 48.6054
-50.0783 99.6721 -66.7032 -0.919472 -3.85425 48.5919
-50.083 99.6526 -66.4603 -0.94637 -3.96737 48.5784
-50.0878 99.6324 -66.2174 -0.97326 -4.08047 48.5647
-50.0927 99.6118 -65.9746 -1.00014 -4.19357 48.551
-50.0978 99.5905 -65.7319 -1.02702 -4.30666 48.5372
-50.103 99.5687 -65.4893 -1.05389 -4.41975 48.5233
-50.1083 99.5463 -65.2467 -1.08075 -4.53282 48.5093
-50.1138 99.5234 -65.0042 -1.1076 -4.6459 48.4952
-50.1194 99.4998 -64.7617 -1.13445 -4.75896 48.481
-50.1251 99.4758 -64.5194 -1.16128 -4.87203 48.4668
-50.131 99.4511 -64.2771 -1.18812 -4.98508 48.4524
-50.137 99.4259 -64.0348 -1.21494 -5.09814 48.438
-50.1431 99.4001 -63.7927 -1.24176 -5.21119 48.4234
-50.1494 99.3738 -63.5506 -1.26857 -5.32424 48.4088
-50.1558 99.3469 -63.3086 -1.29537 -5.43728 48.3941
-50.1624 99.3194 -63.0667 -1.32217 -5.55032 48.3793
-50.169 99.2914 -62.8248 -1.34896 -5.66337 48.3645
-50.1759 99.2628 -62.583 -1.37575 -5.77641 48.3495
-50.1828 99.2336 -62.3413 -1.40252 -5.88945 48.3344
-50.1899 99.2039 -62.0997 -1.42929 -6.00249 48.3193
-50.1971 99.1736 -61.8581 -1.45606 -6.11553 48.3041
-50.2044 99.1427 -61.6166 -1.48282 -6.22858 48.2887
-50.2119 99.1113 -61.3752 -1.50957 -6.34162 48.2733
-50.2195 99.0793 -61.1339 -1.53631 -6.45467 48.2578
-50.2273 99.0468 -60.8927 -1.56305 -6.56772 48.2423
-50.2352 99.0137 -60.6515 -1.58978 -6.68078 48.2266
-50.2432 98.98 -60.4104 -1.6165 -6.79383 48.2108
-50.2513 98.9457 -60.1694 -1.64322 -6.9069 48.195
-50.2596 98.9109 -59.9284 -1.66994 -7.01996 48.1791
-50.268 98.8755 -59.6876 -1.69664 -7.13304 48.1631
-50.2766 98.8396 -59.4468 -1.72334 -7.24611 48.1469
-50.2853 98.8031 -59.2061 -1.75004 -7.3592 48.1307
-50.2941 98.766 -58.9655 -1.77672 -7.47229 48.1145
-50.303 98.7283 -58.725 -1.8034 -7.58539 48.0981
-50.3121 98.6901 -58.4845 -1.83008 -7.6985 48.0816
-50.3213 98.6513 -58.2442 -1.85675 -7.81162 48.0651
-50.3307 98.612 -58.0039 -1.88341 -7.92474 48.0485
-50.3402 98.5721 -57.7637 -1.91007 -8.03788 48.0317
-50.3498 98.5316 -57.5236 -1.93672 -8.15102 48.0149
-50.3595 98.4906 -57.2835 -1.96336 -8.26418 47.998
-50.3694 98.449 -57.0436 -1.99 -8.37735 47.9811
-50.3794 98.4068 -56.8037 -2.01664 -8.49053 47.964
-50.3896 98.3641 -56.5639 -2.04326 -8.60372 47.9468
-50.3999 98.3208 -56.3242 -2.06988 -8.71692 47.9296
-50.4103 98.2769 -56.0846 -2.0965 -8.83014 47.9123
-50.4208 98.2325 -55.8451 -2.12311 -8.94337 47.8948
-50.4315 98.1875 -55.6057 -2.14971 -9.05662 47.8773
-50.4423 98.1419 -55.3663 -2.17631 -9.16989 47.8597
-50.4533 98.0958 -55.1271 -2.2029 -9.28316 47.8421
-50.4644 98.0491 -54.8879 -2.22949 -9.39646 47.8243
-50.4756 98.0018 -54.6488 -2.25607 -9.50977 47.8064
-50.4869 97.954 -54.4099 -2.28264 -9.6231 47.7885
-50.4984 97.9056 -54.171 -2.30921 -9.73645 47.7705
-50.51 97.8566 -53.9322 -2.33577 -9.84982 47.7524
-50.5218 97.8071 -53.6934 -2.36233 -9.96321 47.7341
-50.5336 97.757 -53.4548 -2.38888 -10.0766 47.7159
-50.5456 97.7063 -53.2163 -2.41542 -10.19 47.6975
-50.5578 97.6551 -52.9778 -2.44196 -10.3035 47.679
-50.5701 97.6033 -52.7395 -2.4685 -10.417 47.6605
-50.5825 97.5509 -52.5012 -2.49502 -10.5305 47.6418
-50.595 97.498 -52.2631 -2.52154 -10.644 47.6231
-50.6077 97.4445 -52.025 -2.54806 -10.7575 47.6043
-50.6205 97.3904 -51.787 -2.57457 -10.8711 47.5854
-50.6334 97.3358 -51.5492 -2.60107 -10.9847 47.5664
-50.6465 97.2806 -51.3114 -2.62757 -11.0983 47.5473
-50.6597 97.2248 -51.0737 -2.65406 -11.2119 47.5282
-50.6731 97.1684 -50.8361 -2.68055 -11.3256 47.5089
-50.6865 97.1115 -50.5986 -2.70703 -11.4393 47.4896
-50.7001 97.054 -50.3612 -2.7335 -11.553 47.4702
-50.7139 96.996 -50.1239 -2.75997 -11.6668 47.4507
-50.7277 96.9374 -49.8867 -2.78643 -11.7806 47.4311
-50.7417 96.8782 -49.6496 -2.81289 -11.8944 47.4114
-50.7559 96.8184 -49.4126 -2.83934 -12.0082 47.3917
-50.7701 96.7581 -49.1757 -2.86578 -12.1221 47.3718
-50.7845 96.6972 -48.9388 -2.89222 -12.236 47.3519
-50.799 96.6357 -48.7021 -2.91865 -12.35 47.3319
-50.8137 96.5737 -48.4655 -2.94508 -12.464 47.3118
-50.8285 96.5111 -48.229 -2.9715 -12.578 47.2916
-50.8434 96.4479 -47.9926 -2.99791 -12.692 47.2713
-50.8585 96.3842 -47.7563 -3.02432 -12.8061 47.2509
-50.8737 96.3199 -47.5201 -3.05072 -12.9202 47.2305
-50.889 96.255 -47.284 -3.07712 -13.0344 47.21
-50.9044 96.1895 -47.048 -3.10351 -13.1486 47.1894
-50.92 96.1235 -46.8121 -3.12989 -13.2629 47.1687
-50.9357 96.0569 -46.5763 -3.15626 -13.3771 47.1479
-50.9516 95.9897 -46.3406 -3.18263 -13.4915 47.127
-50.9675 95.922 -46.105 -3.209 -13.6059 47.106
-50.9837 95.8537 -45.8696 -3.23535 -13.7203 47.085
-50.9999 95.7848 -45.6342 -3.26171 -13.8347 47.0639
-51.0163 95.7153 -45.3989 -3.28805 -13.9492 47.0427
-51.0328 95.6453 -45.1638 -3.31439 -14.0638 47.0214
-51.0494 95.5747 -44.9287 -3.34072 -14.1784 47
-51.0662 95.5035 -44.6938 -3.36704 -14.293 46.9785
-51.0831 95.4317 -44.4589 -3.39336 -14.4078 46.957
-51.1001 95.3594 -44.2242 -3.41967 -14.5225 46.9353
-51.1173 95.2865 -43.9896 -3.44598 -14.6373 46.9136
-51.1346 95.2131 -43.7551 -3.47228 -14.7522 46.8918
-51.152 95.139 -43.5207 -3.49857 -14.8671 46.8699
-51.1696 95.0644 -43.2864 -3.52485 -14.982 46.848
-51.1873 94.9892 -43.0522 -3.55113 -15.0971 46.8259
-51.2051 94.9134 -42.8181 -3.5774 -15.2121 46.8038
-51.223 94.8371 -42.5841 -3.60367 -15.3273 46.7815
-51.2411 94.7601 -42.3503 -3.62992 -15.4425 46.7592
-51.2593 94.6826 -42.1166 -3.65617 -15.5577 46.7368
-51.2777 94.6046 -41.8829 -3.68242 -15.6731 46.7144
-51.2962 94.5259 -41.6494 -3.70865 -15.7885 46.6918
-51.3148 94.4467 -41.416 -3.73488 -15.9039 46.6692
-51.3335 94.3669 -41.1827 -3.7611 -16.0194 46.6464
-51.3524 94.2865 -40.9495 -3.78732 -16.135 46.6236
-51.3714 94.2055 -40.7165 -3.81353 -16.2507 46.6007
-51.3905 94.124 -40.4835 -3.83973 -16.3664 46.5778
-51.4098 94.0419 -40.2507 -3.86592 -16.4822 46.5547
-51.4292 93.9592 -40.018 -3.89211 -16.5981 46.5316
-51.4487 93.8759 -39.7854 -3.91829 -16.714 46.5083
-51.4684 93.792 -39.5529 -3.94446 -16.83 46.485
-51.4881 93.7076 -39.3205 -3.97062 -16.9461 46.4616
-51.5081 93.6225 -39.0883 -3.99678 -17.0623 46.4381
-51.5281 93.5369 -38.8562 -4.02293 -17.1786 46.4146
-51.5483 93.4508 -38.6241 -4.04907 -17.2949 46.3909
-51.5686 93.364 -38.3922 -4.07521 -17.4113 46.3672
-51.589 93.2766 -38.1605 -4.10134 -17.5279 46.3434
-51.6096 93.1887 -37.9288 -4.12746 -17.6445 46.3195
-51.6303 93.1002 -37.6973 -4.15357 -17.7612 46.2955
-51.6511 93.0111 -37.4659 -4.17967 -17.8779 46.2714
-51.6721 92.9214 -37.2346 -4.20577 -17.9948 46.2472
-51.6932 92.8312 -37.0034 -4.23186 -18.1118 46.223
-51.7144 92.7403 -36.7723 -4.25794 -18.2289 46.1986
-51.7358 92.6489 -36.5414 -4.28402 -18.346 46.1742
-51.7573 92.5568 -36.3106 -4.31008 -18.4633 46.1497
-51.7789 92.4642 -36.0799 -4.33614 -18.5807 46.1251
-51.8006 92.371 -35.8493 -4.36219 -18.6982 46.1004
-51.8225 92.2773 -35.6189 -4.38824 -18.8157 46.0756
-51.8445 92.1829 -35.3886 -4.41427 -18.9334 46.0508
-51.8667 92.0879 -35.1584 -4.4403 -19.0512 46.0258
-51.8889 91.9924 -34.9283 -4.46632 -19.1692 46.0007
-51.9113 91.8962 -34.6984 -4.49234 -19.2872 45.9756
-51.9338 91.7995 -34.4686 -4.51834 -19.4053 45.9504
-51.9565 91.7022 -34.2389 -4.54434 -19.5236 45.925
-51.9793 91.6043 -34.0093 -4.57033 -19.642 45.8996
-52.0022 91.5058 -33.7799 -4.59631 -19.7605 45.8741
-52.0252 91.4067 -33.5506 -4.62228 -19.8792 45.8485
-52.0484 91.307 -33.3214 -4.64825 -19.9979 45.8227
-52.0717 91.2067 -33.0923 -4.67421 -20.1168 45.7969
-52.0952 91.1058 -32.8634 -4.70016 -20.2359 45.771
-52.1187 91.0043 -32.6346 -4.72611 -20.355 45.745
-52.1424 90.9022 -32.406 -4.75204 -20.4743 45.7188
-52.1663 90.7996 -32.1774 -4.77797 -20.5938 45.6926
-52.1902 90.6963 -31.9491 -4.80389 -20.7134 45.6663
-52.2143 90.5924 -31.7208 -4.82981 -20.8331 45.6398
-52.2385 90.488 -31.4927 -4.85571 -20.953 45.6132
-52.2628 90.3829 -31.2647 -4.88161 -21.073 45.5866
-52.2873 90.2772 -31.0368 -4.90751 -21.1932 45.5598
-52.3119 90.171 -30.8091 -4.93339 -21.3135 45.5329
-52.3367 90.0641 -30.5815 -4.95927 -21.434 45.5058
-52.3615 89.9566 -30.354 -4.98514 -21.5547 45.4787
-52.3865 89.8486 -30.1267 -5.01101 -21.6755 45.4514
-52.4116 89.7399 -29.8995 -5.03687 -21.7964 45.424
-52.4369 89.6306 -29.6724 -5.06272 -21.9176 45.3965
-52.4623 89.5207 -29.4455 -5.08857 -22.0389 45.3688
-52.4878 89.4102 -29.2187 -5.11441 -22.1603 45.341
-52.5134 89.2991 -28.9921 -5.14024 -22.282 45.3131
-52.5392 89.1874 -28.7656 -5.16607 -22.4038 45.285
-52.5651 89.0751 -28.5393 -5.1919 -22.5258 45.2568
-52.5911 88.9621 -28.313 -5.21772 -22.6479 45.2284
-52.6172 88.8486 -28.087 -5.24353 -22.7702 45.1999
-52.6435 88.7344 -27.861 -5.26934 -22.8927 45.1712
-52.6699 88.6197 -27.6353 -5.29515 -23.0154 45.1423
-52.6965 88.5043 -27.4096 -5.32095 -23.1383 45.1133
-52.7231 88.3883 -27.1841 -5.34675 -23.2614 45.0841
-52.7499 88.2717 -26.9588 -5.37255 -23.3846 45.0548
-52.7769 88.1544 -26.7336 -5.39834 -23.508 45.0253
-52.8039 88.0366 -26.5085 -5.42414 -23.6316 44.9956
-52.8311 87.9181 -26.2836 -5.44993 -23.7554 44.9657
-52.8584 87.799 -26.0589 -5.47572 -23.8793 44.9356
-52.8859 87.6793 -25.8343 -5.50151 -24.0035 44.9053
-52.9134 87.559 -25.6098 -5.5273 -24.1278 44.8749
-52.9411 87.438 -25.3855 -5.55309 -24.2523 44.8442
-52.969 87.3165 -25.1614 -5.57889 -24.377 44.8133
-52.9969 87.1943 -24.9374 -5.60469 -24.5019 44.7822
-53.025 87.0714 -24.7136 -5.63049 -24.627 44.7509
-53.0532 86.948 -24.4899 -5.65629 -24.7522 44.7193
-53.0816 86.8239 -24.2664 -5.6821 -24.8776 44.6876
-53.1101 86.6992 -24.043 -5.70792 -25.0032 44.6555
-53.1387 86.5739 -23.8198 -5.73375 -25.1289 44.6233
-53.1674 86.4479 -23.5968 -5.75958 -25.2549 44.5908
-53.1963 86.3213 -23.3739 -5.78542 -25.381 44.5581
-53.2252 86.1941 -23.1512 -5.81128 -25.5072 44.5251
-53.2544 86.0663 -22.9286 -5.83714 -25.6337 44.4918
-53.2836 85.9378 -22.7063 -5.86302 -25.7602 44.4583
-53.313 85.8087 -22.4841 -5.88892 -25.887 44.4245
-53.3425 85.6789 -22.262 -5.91483 -26.0139 44.3904
-53.3721 85.5485 -22.0402 -5.94076 -26.1409 44.356
-53.4019 85.4175 -21.8185 -5.9667 -26.2681 44.3214
-53.4318 85.2859 -21.597 -5.99267 -26.3954 44.2865
-53.4618 85.1536 -21.3756 -6.01866 -26.5228 44.2512
-53.492 85.0206 -21.1544 -6.04468 -26.6504 44.2157
-53.5223 84.8871 -20.9334 -6.07072 -26.7781 44.1799
-53.5527 84.7528 -20.7126 -6.09679 -26.9058 44.1437
-53.5833 84.618 -20.492 -6.12289 -27.0337 44.1073
-53.6139 84.4825 -20.2716 -6.14902 -27.1617 44.0705
-53.6447 84.3464 -20.0513 -6.17518 -27.2898 44.0334
-53.6757 84.2096 -19.8312 -6.20138 -27.418 43.996
-53.7068 84.0722 -19.6113 -6.22762 -27.5463 43.9582
-53.738 83.9341 -19.3917 -6.2539 -27.6746 43.9202
-53.7693 83.7955 -19.1721 -6.28022 -27.803 43.8818
-53.8008 83.6561 -18.9528 -6.30659 -27.9314 43.8431
-53.8324 83.5161 -18.7337 -6.333 -28.0599 43.804
-53.8641 83.3755 -18.5148 -6.35947 -28.1884 43.7646
-53.896 83.2343 -18.2961 -6.38598 -28.317 43.7249
-53.928 83.0923 -18.0775 -6.41255 -28.4456 43.6848
-53.9601 82.9498 -17.8592 -6.43918 -28.5742 43.6444
-53.9923 82.8066 -17.6411 -6.46587 -28.7028 43.6037
-54.0247 82.6628 -17.4232 -6.49262 -28.8314 43.5626
-54.0573 82.5183 -17.2055 -6.51943 -28.96 43.5212
-54.0899 82.3732 -16.988 -6.54631 -29.0886 43.4794
-54.1227 82.2274 -16.7707 -6.57326 -29.2171 43.4373
-54.1557 82.081 -16.5536 -6.60028 -29.3457 43.3949
-54.1887 81.9339 -16.3367 -6.62738 -29.4741 43.3521
-54.2219 81.7863 -16.1201 -6.65456 -29.6026 43.3091
-54.2553 81.6379 -15.9036 -6.68181 -29.731 43.2656
-54.2888 81.4889 -15.6874 -6.70915 -29.8593 43.2219
-54.3224 81.3393 -15.4714 -6.73658 -29.9875 43.1778
-54.3561 81.1891 -15.2556 -6.76409 -30.1157 43.1335
-54.39 81.0382 -15.0401 -6.7917 -30.2438 43.0888
-54.424 80.8866 -14.8248 -6.8194 -30.3718 43.0438
-54.4582 80.7345 -14.6097 -6.84719 -30.4997 42.9984
-54.4925 80.5816 -14.3948 -6.87509 -30.6275 42.9528
-54.527 80.4282 -14.1801 -6.90308 -30.7552 42.9069
-54.5615 80.2741 -13.9657 -6.93118 -30.8828 42.8606
-54.5963 80.1194 -13.7515 -6.95939 -31.0103 42.8141
-54.6311 79.964 -13.5376 -6.9877 -31.1377 42.7673
-54.6662 79.808 -13.3238 -7.01613 -31.2649 42.7202
-54.7013 79.6513 -13.1104 -7.04467 -31.392 42.6728
-54.7366 79.4941 -12.8971 -7.07332 -31.519 42.6251
-54.772 79.3361 -12.6841 -7.1021 -31.6458 42.5771
-54.8076 79.1776 -12.4713 -7.131 -31.7725 42.5289
-54.8433 79.0184 -12.2588 -7.16002 -31.8991 42.4804
-54.8792 78.8586 -12.0465 -7.18916 -32.0255 42.4317
-54.9152 78.6982 -11.8345 -7.21843 -32.1517 42.3827
-54.9514 78.5371 -11.6227 -7.24784 -32.2778 42.3334
-54.9877 78.3754 -11.4112 -7.27737 -32.4038 42.2839
-55.0242 78.2131 -11.1999 -7.30704 -32.5296 42.2341
-55.0608 78.0501 -10.9888 -7.33684 -32.6553 42.1841
-55.0975 77.8865 -10.778 -7.36679 -32.7808 42.1338
-55.1345 77.7223 -10.5675 -7.39687 -32.9061 42.0833
-55.1715 77.5574 -10.3572 -7.42709 -33.0313 42.0326
-55.2087 77.392 -10.1472 -7.45746 -33.1563 41.9816
-55.2461 77.2259 -9.93739 -7.48798 -33.2812 41.9304
-55.2836 77.0592 -9.72786 -7.51864 -33.4059 41.879
-55.3213 76.8918 -9.5186 -7.54945 -33.5305 41.8273
-55.3591 76.7239 -9.30959 -7.58041 -33.6549 41.7754
-55.3971 76.5553 -9.10084 -7.61152 -33.7792 41.7233
-55.4352 76.3861 -8.89235 -7.64278 -33.9033 41.671
-55.4735 76.2162 -8.68413 -7.6742 -34.0272 41.6185
-55.512 76.0458 -8.47617 -7.70578 -34.151 41.5657
-55.5506 75.8747 -8.26847 -7.73751 -34.2747 41.5127
-55.5893 75.703 -8.06104 -7.7694 -34.3982 41.4595
-55.6283 75.5307 -7.85388 -7.80146 -34.5215 41.4061
-55.6674 75.3578 -7.64698 -7.83367 -34.6447 41.3525
-55.7066 75.1843 -7.44035 -7.86604 -34.7678 41.2986
-55.746 75.0102 -7.234 -7.89857 -34.8907 41.2445
-55.7856 74.8354 -7.02791 -7.93127 -35.0135 41.1902
-55.8253 74.66 -6.82209 -7.96413 -35.1362 41.1357
-55.8652 74.484 -6.61655 -7.99715 -35.2587 41.081
-55.9053 74.3074 -6.41128 -8.03034 -35.381 41.026
-55.9455 74.1302 -6.20629 -8.06369 -35.5033 40.9709
-55.9859 73.9524 -6.00157 -8.09721 -35.6254 40.9155
-56.0265 73.774 -5.79714 -8.13089 -35.7474 40.8599
-56.0672 73.5949 -5.59298 -8.16474 -35.8692 40.804
-56.1082 73.4153 -5.38909 -8.19875 -35.991 40.7479
-56.1492 73.235 -5.1855 -8.23292 -36.1126 40.6916
-56.1905 73.0542 -4.98218 -8.26726 -36.2341 40.6351
-56.2319 72.8727 -4.77914 -8.30176 -36.3554 40.5783
-56.2735 72.6906 -4.5764 -8.33642 -36.4767 40.5213
-56.3153 72.5079 -4.37393 -8.37124 -36.5978 40.464
-56.3572 72.3246 -4.17175 -8.40622 -36.7189 40.4065
-56.3993 72.1407 -3.96987 -8.44136 -36.8398 40.3488
-56.4416 71.9562 -3.76827 -8.47666 -36.9607 40.2908
-56.4841 71.7711 -3.56696 -8.51211 -37.0814 40.2325
-56.5267 71.5854 -3.36594 -8.54771 -37.202 40.174
-56.5696 71.3991 -3.16522 -8.58347 -37.3225 40.1153
-56.6126 71.2122 -2.96479 -8.61937 -37.443 40.0562
-56.6558 71.0247 -2.76466 -8.65542 -37.5633 39.9969
-56.6991 70.8365 -2.56482 -8.69162 -37.6836 39.9374
-56.7427 70.6478 -2.36528 -8.72796 -37.8038 39.8775
-56.7864 70.4585 -2.16604 -8.76444 -37.9238 39.8174
-56.8303 70.2686 -1.96711 -8.80105 -38.0439 39.757
-56.8744 70.0781 -1.76847 -8.8378 -38.1638 39.6963
-56.9187 69.887 -1.57014 -8.87468 -38.2837 39.6353
-56.9632 69.6952 -1.37212 -8.91169 -38.4034 39.5741
-57.0078 69.5029 -1.1744 -8.94882 -38.5232 39.5125
-57.0527 69.31 -0.976995 -8.98607 -38.6428 39.4507
-57.0977 69.1165 -0.779897 -9.02343 -38.7624 39.3885
-57.1429 68.9224 -0.583111 -9.06091 -38.882 39.326
-57.1883 68.7277 -0.386637 -9.09849 -39.0014 39.2632
-57.2339 68.5324 -0.190478 -9.13618 -39.1209 39.2001
-57.2797 68.3365 0.00536437 -9.17397 -39.2403 39.1367
-57.3256 68.14 0.200889 -9.21185 -39.3596 39.073
-57.3718 67.9429 0.396094 -9.24982 -39.4789 39.009
-57.4181 67.7452 0.590979 -9.28788 -39.5982 38.9446
-57.4647 67.5469 0.78554 -9.32601 -39.7174 38.8799
-57.5114 67.348 0.979777 -9.36423 -39.8366 38.8149
-57.5583 67.1485 1.17369 -9.40251 -39.9558 38.7495
-57.6054 66.9484 1.36727 -9.44086 -40.0749 38.6838
-57.6527 66.7478 1.56053 -9.47926 -40.194 38.6178
-57.7002 66.5465 1.75345 -9.51773 -40.3132 38.5514
-57.7479 66.3446 1.94604 -9.55624 -40.4323 38.4847
-57.7958 66.1422 2.1383 -9.5948 -40.5514 38.4176
-57.8438 65.9391 2.33022 -9.63339 -40.6704 38.3502
-57.8921 65.7355 2.5218 -9.67202 -40.7895 38.2824
-57.9406 65.5312 2.71304 -9.71068 -40.9086 38.2143
-57.9892 65.3264 2.90394 -9.74936 -41.0277 38.1459
-58.038 65.121 3.0945 -9.78806 -41.1468 38.0771
-58.0871 64.9149 3.28471 -9.82677 -41.266 38.008
-58.1363 64.7083 3.47458 -9.86549 -41.3851 37.9385
-58.1857 64.5011 3.6641 -9.90421 -41.5043 37.8686
-58.2354 64.2932 3.85326 -9.94293 -41.6235 37.7984
-58.2852 64.0848 4.04208 -9.98164 -41.7427 37.7279
-58.3352 63.8758 4.23054 -10.0203 -41.8619 37.657
-58.3854 63.6662 4.41865 -10.059 -41.9812 37.5858
-58.4358 63.456 4.6064 -10.0977 -42.1006 37.5142
-58.4863 63.2452 4.79379 -10.1363 -42.2199 37.4422
-58.5371 63.0338 4.98082 -10.1749 -42.3394 37.37
-58.5881 62.8218 5.16749 -10.2135 -42.4588 37.2973
-58.6393 62.6092 5.3538 -10.252 -42.5784 37.2244
-58.6906 62.396 5.53974 -10.2905 -42.698 37.151
-58.7422 62.1822 5.72531 -10.3289 -42.8176 37.0774
-58.7939 61.9679 5.91051 -10.3673 -42.9373 37.0034
-58.8458 61.7529 6.09534 -10.4057 -43.0571 36.929
-58.898 61.5373 6.2798 -10.4439 -43.177 36.8544
-58.9503 61.3211 6.46388 -10.4821 -43.2969 36.7794
-59.0028 61.1043 6.64759 -10.5203 -43.4169 36.704
-59.0555 60.8869 6.83092 -10.5584 -43.537 36.6284
-59.1084 60.6689 7.01388 -10.5964 -43.6572 36.5524
-59.1614 60.4504 7.19645 -10.6343 -43.7775 36.476
-59.2147 60.2312 7.37864 -10.6722 -43.8978 36.3994
-59.2682 60.0114 7.56044 -10.71 -44.0183 36.3224
-59.3218 59.791 7.74186 -10.7477 -44.1388 36.2451
-59.3756 59.57 7.92289 -10.7853 -44.2594 36.1675
-59.4297 59.3484 8.10354 -10.8229 -44.3802 36.0896
-59.4839 59.1262 8.28379 -10.8603 -44.501 36.0113
-59.5383 58.9034 8.46365 -10.8977 -44.6219 35.9328
-59.5929 58.68 8.64312 -10.935 -44.743 35.8539
-59.6476 58.4559 8.82219 -10.9722 -44.8642 35.7748
-59.7026 58.2313 9.00086 -11.0094 -44.9854 35.6953
-59.7577 58.0061 9.17914 -11.0464 -45.1068 35.6155
-59.813 57.7803 9.35702 -11.0833 -45.2283 35.5354
-59.8685 57.5538 9.5345 -11.1202 -45.3499 35.4551
-59.9242 57.3268 9.71157 -11.157 -45.4717 35.3744
-59.9801 57.0991 9.88824 -11.1936 -45.5935 35.2934
-60.0362 56.8708 10.0645 -11.2302 -45.7155 35.2122
-60.0924 56.6419 10.2404 -11.2667 -45.8376 35.1306
-60.1488 56.4124 10.4158 -11.3031 -45.9599 35.0488
-60.2054 56.1823 10.5908 -11.3395 -46.0822 34.9667
-60.2622 55.9516 10.7655 -11.3757 -46.2047 34.8842
-60.3192 55.7203 10.9397 -11.4118 -46.3274 34.8015
-60.3764 55.4883 11.1135 -11.4479 -46.4501 34.7186
-60.4337 55.2558 11.2869 -11.4839 -46.573 34.6353
-60.4912 55.0226 11.4598 -11.5198 -46.696 34.5518
-60.5489 54.7888 11.6324 -11.5556 -46.8192 34.4679
-60.6067 54.5544 11.8045 -11.5913 -46.9425 34.3838
-60.6648 54.3194 11.9762 -11.6269 -47.0659 34.2995
-60.723 54.0838 12.1475 -11.6625 -47.1895 34.2148
-60.7814 53.8475 12.3184 -11.698 -47.3132 34.1299
-60.84 53.6106 12.4888 -11.7334 -47.4371 34.0447
-60.8988 53.3731 12.6588 -11.7687 -47.5611 33.9592
-60.9577 53.135 12.8284 -11.8039 -47.6852 33.8735
-61.0168 52.8963 12.9976 -11.8391 -47.8095 33.7874
-61.0761 52.6569 13.1663 -11.8742 -47.9339 33.7011
-61.1355 52.4169 13.3346 -11.9093 -48.0585 33.6146
-61.1952 52.1763 13.5024 -11.9442 -48.1832 33.5277
-61.255 51.9351 13.6699 -11.9791 -48.3081 33.4406
-61.315 51.6933 13.8368 -12.0139 -48.4331 33.3532
-61.3751 51.4508 14.0034 -12.0487 -48.5582 33.2656
-61.4354 51.2077 14.1695 -12.0834 -48.6836 33.1777
-61.4959 50.9639 14.3352 -12.118 -48.809 33.0895
-61.5566 50.7196 14.5004 -12.1526 -48.9346 33.001
-61.6175 50.4746 14.6652 -12.1871 -49.0604 32.9123
-61.6785 50.229 14.8295 -12.2216 -49.1863 32.8232
-61.7397 49.9827 14.9934 -12.256 -49.3124 32.7339
-61.8011 49.7359 15.1568 -12.2904 -49.4386 32.6444
-61.8626 49.4884 15.3198 -12.3247 -49.565 32.5545
-61.9243 49.2402 15.4824 -12.3589 -49.6915 32.4644
-61.9862 48.9914 15.6445 -12.3931 -49.8182 32.374
-62.0482 48.742 15.8061 -12.4273 -49.945 32.2834
-62.1105 48.492 15.9673 -12.4614 -50.072 32.1924
-62.1728 48.2413 16.1281 -12.4955 -50.1991 32.1012
-62.2354 47.99 16.2883 -12.5295 -50.3264 32.0097
-62.2981 47.738 16.4482 -12.5635 -50.4539 31.9179
-62.361 47.4855 16.6075 -12.5975 -50.5815 31.8258
-62.4241 47.2322 16.7664 -12.6314 -50.7092 31.7335
-62.4874 46.9784 16.9249 -12.6653 -50.8372 31.6409
-62.5508 46.7239 17.0828 -12.6991 -50.9652 31.5479
-62.6144 46.4687 17.2403 -12.7329 -51.0935 31.4547
-62.6781 46.2129 17.3974 -12.7667 -51.2219 31.3612
-62.742 45.9565 17.5539 -12.8005 -51.3504 31.2674
-62.8061 45.6994 17.71 -12.8342 -51.4792 31.1734
-62.8704 45.4417 17.8657 -12.8679 -51.608 31.079
-62.9348 45.1833 18.0208 -12.9016 -51.7371 30.9843
-62.9994 44.9243 18.1755 -12.9352 -51.8663 30.8894
-63.0641 44.6647 18.3297 -12.9689 -51.9956 30.7941
-63.1291 44.4044 18.4835 -13.0025 -52.1251 30.6985
-63.1942 44.1434 18.6367 -13.0361 -52.2548 30.6027
-63.2594 43.8818 18.7895 -13.0697 -52.3847 30.5065
-63.3249 43.6196 18.9418 -13.1032 -52.5147 30.41
-63.3905 43.3567 19.0936 -13.1368 -52.6448 30.3133
-63.4562 43.0931 19.2449 -13.1703 -52.7752 30.2162
-63.5222 42.8289 19.3958 -13.2038 -52.9057 30.1188
-63.5883 42.5641 19.5461 -13.2374 -53.0363 30.0211
-63.6545 42.2986 19.696 -13.2709 -53.1672 29.923
-63.721 42.0324 19.8453 -13.3044 -53.2981 29.8247
-63.7876 41.7656 19.9942 -13.3378 -53.4293 29.726
-63.8544 41.4981 20.1426 -13.3713 -53.5606 29.627
-63.9213 41.23 20.2905 -13.4048 -53.6921 29.5277
-63.9884 40.9612 20.4379 -13.4383 -53.8238 29.4281
-64.0557 40.6917 20.5848 -13.4718 -53.9556 29.3281
-64.1231 40.4216 20.7311 -13.5052 -54.0876 29.2278
-64.1907 40.1509 20.877 -13.5387 -54.2197 29.1272
-64.2585 39.8794 21.0224 -13.5722 -54.3521 29.0262
-64.3264 39.6073 21.1673 -13.6057 -54.4846 28.9249
-64.3946 39.3346 21.3117 -13.6391 -54.6172 28.8233
-64.4628 39.0612 21.4555 -13.6726 -54.7501 28.7213
-64.5313 38.7871 21.5989 -13.7061 -54.8831 28.619
-64.5999 38.5123 21.7417 -13.7396 -55.0163 28.5163
-64.6687 38.2369 21.884 -13.7731 -55.1496 28.4133
-64.7376 37.9608 22.0259 -13.8066 -55.2831 28.3099
-64.8067 37.6841 22.1671 -13.8401 -55.4168 28.2062
-64.876 37.4067 22.3079 -13.8737 -55.5507 28.1021
-64.9455 37.1286 22.4482 -13.9072 -55.6847 27.9977
-65.0151 36.8498 22.5879 -13.9408 -55.819 27.8929
-65.0849 36.5704 22.7271 -13.9743 -55.9534 27.7877
-65.1548 36.2903 22.8658 -14.0079 -56.0879 27.6822
-65.225 36.0095 23.0039 -14.0415 -56.2227 27.5763
-65.2953 35.7281 23.1415 -14.0751 -56.3576 27.47
-65.3657 35.4459 23.2786 -14.1088 -56.4927 27.3633
-65.4364 35.1631 23.4152 -14.1424 -56.628 27.2563
-65.5071 34.8797 23.5512 -14.1761 -56.7634 27.1489
-65.5781 34.5955 23.6867 -14.2097 -56.899 27.0411
-65.6492 34.3107 23.8216 -14.2435 -57.0348 26.9329
-65.7205 34.0252 23.956 -14.2772 -57.1708 26.8244
-65.792 33.739 24.0898 -14.3109 -57.307 26.7154
-65.8637 33.4521 24.2231 -14.3447 -57.4433 26.606
-65.9355 33.1645 24.3559 -14.3785 -57.5799 26.4963
-66.0074 32.8763 24.4881 -14.4123 -57.7166 26.3861
-66.0796 32.5874 24.6198 -14.4461 -57.8535 26.2756
-66.1519 32.2977 24.7509 -14.48 -57.9906 26.1646
-66.2244 32.0075 24.8814 -14.5138 -58.1278 26.0532
-66.297 31.7165 25.0114 -14.5477 -58.2653 25.9415
-66.3699 31.4248 25.1408 -14.5817 -58.4029 25.8293
-66.4429 31.1324 25.2697 -14.6156 -58.5407 25.7166
-66.516 30.8394 25.398 -14.6496 -58.6787 25.6036
-66.5894 30.5457 25.5257 -14.6837 -58.8169 25.4901
-66.6629 30.2512 25.6529 -14.7177 -58.9553 25.3762
-66.7365 29.9561 25.7795 -14.7518 -59.0939 25.2619
-66.8104 29.6603 25.9055 -14.7859 -59.2326 25.1472
-66.8844 29.3638 26.031 -14.82 -59.3716 25.032
-66.9586 29.0666 26.1558 -14.8542 -59.5107 24.9163
-67.0329 28.7687 26.2801 -14.8884 -59.65 24.8003
-67.1075 28.4701 26.4038 -14.9226 -59.7896 24.6837
-67.1822 28.1708 26.527 -14.9569 -59.9293 24.5668
-67.257 27.8708 26.6495 -14.9912 -60.0692 24.4493
-67.3321 27.5701 26.7714 -15.0255 -60.2093 24.3314
-67.4073 27.2687 26.8928 -15.0599 -60.3496 24.2131
-67.4827 26.9666 27.0136 -15.0943 -60.49 24.0943
-67.5582 26.6638 27.1338 -15.1287 -60.6307 23.975
-67.634 26.3603 27.2533 -15.1632 -60.7716 23.8553
-67.7099 26.0561 27.3723 -15.1977 -60.9127 23.7351
-67.7859 25.7511 27.4907 -15.2323 -61.054 23.6144
-67.8622 25.4455 27.6085 -15.2668 -61.1954 23.4932
-67.9386 25.1392 27.7256 -15.3015 -61.3371 23.3715
-68.0152 24.8322 27.8422 -15.3361 -61.479 23.2494
-68.092 24.5244 27.9581 -15.3708 -61.621 23.1267
-68.1689 24.2159 28.0734 -15.4056 -61.7633 23.0036
-68.246 23.9068 28.1881 -15.4403 -61.9058 22.88
-68.3233 23.5969 28.3022 -15.4752 -62.0485 22.7558
-68.4008 23.2863 28.4157 -15.51 -62.1913 22.6312
-68.4784 22.975 28.5285 -15.5449 -62.3344 22.506
-68.5562 22.6629 28.6408 -15.5799 -62.4777 22.3804
-68.6342 22.3502 28.7523 -15.6149 -62.6212 22.2542
-68.7124 22.0367 28.8633 -15.6499 -62.7649 22.1275
-68.7907 21.7225 28.9736 -15.685 -62.9088 22.0003
-68.8692 21.4076 29.0833 -15.7201 -63.0529 21.8725
-68.9479 21.092 29.1923 -15.7552 -63.1973 21.7442
-69.0268 20.7757 29.3007 -15.7904 -63.3418 21.6154
-69.1058 20.4586 29.4085 -15.8257 -63.4865 21.486
-69.185 20.1408 29.5156 -15.861 -63.6315 21.3561
-69.2644 19.8223 29.6221 -15.8963 -63.7767 21.2257
-69.344 19.503 29.7279 -15.9317 -63.922 21.0947
-69.4237 19.1831 29.833 -15.9671 -64.0676 20.9631
-69.5037 18.8624 29.9375 -16.0026 -64.2134 20.831
-69.5838 18.5409 30.0413 -16.0381 -64.3595 20.6983
-69.664 18.2188 30.1445 -16.0737 -64.5057 20.565
-69.7445 17.8959 30.247 -16.1093 -64.6521 20.4312
-69.8251 17.5722 30.3488 -16.145 -64.7988 20.2968
-69.9059 17.2479 30.4499 -16.1807 -64.9457 20.1618
-69.9869 16.9228 30.5504 -16.2165 -65.0928 20.0262
-70.0681 16.597 30.6502 -16.2523 -65.2401 19.89
-70.1495 16.2704 30.7493 -16.2881 -65.3877 19.7533
-70.231 15.9431 30.8477 -16.3241 -65.5354 19.6159
-70.3127 15.615 30.9455 -16.36 -65.6834 19.4779
-70.3946 15.2862 31.0425 -16.396 -65.8316 19.3393
-70.4767 14.9567 31.1389 -16.4321 -65.9801 19.2002
-70.5589 14.6264 31.2345 -16.4682 -66.1287 19.0603
-70.6413 14.2954 31.3295 -16.5044 -66.2776 18.9199
-70.724 13.9637 31.4237 -16.5406 -66.4267 18.7789
-70.8068 13.6312 31.5173 -16.5769 -66.576 18.6372
-70.8897 13.2979 31.6101 -16.6132 -66.7256 18.4948
-70.9729 12.9639 31.7022 -16.6496 -66.8754 18.3519
-71.0562 12.6291 31.7936 -16.686 -67.0254 18.2083
-71.1397 12.2936 31.8843 -16.7225 -67.1756 18.064
-71.2234 11.9574 31.9742 -16.759 -67.3261 17.9191
-71.3073 11.6204 32.0635 -16.7956 -67.4768 17.7735
-71.3914 11.2826 32.152 -16.8323 -67.6278 17.6273
-71.4757 10.9441 32.2397 -16.869 -67.7789 17.4804
-71.5601 10.6048 32.3268 -16.9057 -67.9303 17.3328
-71.6447 10.2648 32.4131 -16.9425 -68.082 17.1845
-71.7295 9.92401 32.4986 -16.9794 -68.2338 17.0355
-71.8145 9.58246 32.5834 -17.0163 -68.3859 16.8859
-71.8997 9.24015 32.6675 -17.0533 -68.5383 16.7355
-71.985 8.89708 32.7508 -17.0903 -68.6908 16.5845
-72.0706 8.55324 32.8333 -17.1274 -68.8437 16.4328
-72.1563 8.20864 32.9151 -17.1646 -68.9967 16.2803
-72.2422 7.86328 32.9961 -17.2018 -69.15 16.1271
-72.3283 7.51714 33.0764 -17.2391 -69.3035 15.9732
-72.4146 7.17024 33.1559 -17.2764 -69.4573 15.8186
-72.5011 6.82257 33.2346 -17.3138 -69.6113 15.6632
-72.5878 6.47413 33.3125 -17.3512 -69.7656 15.5071
-72.6746 6.12491 33.3896 -17.3887 -69.9201 15.3502
-72.7616 5.77493 33.466 -17.4263 -70.0748 15.1926
-72.8489 5.42416 33.5416 -17.4639 -70.2298 15.0343
-72.9363 5.07263 33.6163 -17.5016 -70.385 14.8751
-73.0239 4.72031 33.6903 -17.5393 -70.5405 14.7153
-73.1117 4.36722 33.7635 -17.5771 -70.6962 14.5546
-73.1997 4.01335 33.8359 -17.615 -70.8521 14.3931
-73.2878 3.6587 33.9074 -17.6529 -71.0083 14.2309
-73.3762 3.30327 33.9782 -17.6909 -71.1648 14.0679
-73.4647 2.94705 34.0481 -17.729 -71.3215 13.904
-73.5535 2.59005 34.1172 -17.7671 -71.4785 13.7394
-73.6424 2.23227 34.1855 -17.8052 -71.6357 13.574
-73.7315 1.8737 34.253 -17.8435 -71.7931 13.4077
-73.8208 1.51434 34.3196 -17.8818 -71.9508 13.2406
-73.9103 1.15419 34.3854 -17.9201 -72.1088 13.0727
-74 0.793249 34.4503 -17.9586 -72.267 12.904
-74.0899 0.431518 34.5144 -17.9971 -72.4254 12.7344
-74.18 0.0689941 34.5776 -18.0356 -72.5841 12.5639
-74.2703 -0.294324 34.64 -18.0742 -72.7431 12.3926
-74.3608 -0.658437 34.7016 -18.1129 -72.9023 12.2204
-74.4514 -1.02335 34.7622 -18.1517 -73.0618 12.0474
-74.5423 -1.38906 34.822 -18.1905 -73.2215 11.8735
-74.6333 -1.75556 34.881 -18.2294 -73.3815 11.6987
-74.7246 -2.12287 34.939 -18.2683 -73.5417 11.523
-74.816 -2.49098 34.9962 -18.3073 -73.7022 11.3464
-74.9076 -2.85989 35.0525 -18.3464 -73.863 11.1689
-74.9995 -3.22961 35.1079 -18.3855 -74.024 10.9905
-75.0915 -3.60013 35.1624 -18.4248 -74.1852 10.8112
-75.1837 -3.97146 35.216 -18.464 -74.3467 10.6309
-75.2761 -4.3436 35.2687 -18.5034 -74.5085 10.4498
-75.3688 -4.71655 35.3205 -18.5428 -74.6706 10.2676
-75.4616 -5.09031 35.3714 -18.5823 -74.8328 10.0846
-75.5546 -5.46488 35.4214 -18.6218 -74.9954 9.90052
-75.6478 -5.84026 35.4704 -18.6614 -75.1582 9.71553
-75.7412 -6.21646 35.5185 -18.7011 -75.3213 9.52956
-75.8348 -6.59347 35.5657 -18.7409 -75.4846 9.34261
-75.9286 -6.97131 35.6119 -18.7807 -75.6482 9.15468
-76.0226 -7.34996 35.6572 -18.8206 -75.812 8.96575
-76.1168 -7.72943 35.7016 -18.8606 -75.9761 8.77582
-76.2112 -8.10972 35.745 -18.9006 -76.1405 8.58487
-76.3058 -8.49083 35.7874 -18.9407 -76.3051 8.39291
-76.4006 -8.87277 35.8289 -18.9809 -76.47 8.19992
-76.4956 -9.25553 35.8694 -19.0211 -76.6351 8.00589
-76.5908 -9.63912 35.909 -19.0614 -76.8005 7.81082
-76.6862 -10.0235 35.9475 -19.1018 -76.9661 7.6147
-76.7818 -10.4088 35.9851 -19.1423 -77.132 7.41751
-76.8777 -10.7949 36.0217 -19.1828 -77.2982 7.21926
-76.9737 -11.1818 36.0573 -19.2234 -77.4646 7.01992
-77.0699 -11.5695 36.0919 -19.2641 -77.6313 6.8195
-77.1663 -11.9581 36.1255 -19.3048 -77.7982 6.61799
-77.2629 -12.3475 36.1581 -19.3456 -77.9654 6.41536
-77.3598 -12.7377 36.1897 -19.3865 -78.1329 6.21163
-77.4568 -13.1288 36.2202 -19.4274 -78.3005 6.00677
-77.554 -13.5207 36.2497 -19.4685 -78.4685 5.80078
-77.6515 -13.9135 36.2782 -19.5096 -78.6367 5.59364
-77.7491 -14.3071 36.3057 -19.5507 -78.8051 5.38536
-77.847 -14.7016 36.3321 -19.592 -78.9738 5.17591
-77.9451 -15.0968 36.3574 -19.6333 -79.1428 4.9653
-78.0433 -15.493 36.3817 -19.6747 -79.312 4.7535
-78.1418 -15.89 36.405 -19.7161 -79.4814 4.54052
-78.2405 -16.2878 36.4271 -19.7577 -79.6511 4.32633
-78.3394 -16.6865 36.4482 -19.7993 -79.821 4.11093
-78.4385 -17.086 36.4682 -19.8409 -79.9912 3.89432
-78.5378 -17.4864 36.4872 -19.8827 -80.1616 3.67647
-78.6373 -17.8876 36.505 -19.9245 -80.3323 3.45739
-78.737 -18.2897 36.5217 -19.9664 -80.5032 3.23705
-78.837 -18.6927 36.5374 -20.0084 -80.6743 3.01545
-78.9371 -19.0965 36.5519 -20.0504 -80.8457 2.79258
-79.0375 -19.5011 36.5653 -20.0925 -81.0173 2.56842
-79.138 -19.9066 36.5776 -20.1347 -81.1891 2.34297
-79.2388 -20.313 36.5887 -20.1769 -81.3611 2.11622
-79.3398 -20.7202 36.5987 -20.2192 -81.5334 1.88814
-79.441 -21.1283 36.6076 -20.2616 -81.7059 1.65874
-79.5424 -21.5373 36.6153 -20.3041 -81.8786 1.428
-79.6441 -21.9471 36.6219 -20.3466 -82.0515 1.19591
-79.7459 -22.3578 36.6273 -20.3892 -82.2246 0.96245
-79.848 -22.7694 36.6315 -20.4319 -82.398 0.727616
-79.9502 -23.1818 36.6346 -20.4746 -82.5715 0.491394
-80.0527 -23.5951 36.6364 -20.5174 -82.7453 0.253771
-80.1554 -24.0092 36.6371 -20.5603 -82.9192 0.0147338
-80.2583 -24.4243 36.6366 -20.6032 -83.0934 -0.22573
-80.3614 -24.8402 36.6348 -20.6462 -83.2677 -0.467633
-80.4648 -25.257 36.6319 -20.6893 -83.4422 -0.710989
-80.5683 -25.6746 36.6277 -20.7324 -83.6169 -0.955812
-80.6721 -26.0931 36.6223 -20.7756 -83.7918 -1.20211
-80.7761 -26.5125 36.6157 -20.8189 -83.9669 -1.44991
-80.8803 -26.9328 36.6078 -20.8622 -84.1421 -1.69922
-80.9847 -27.3539 36.5987 -20.9056 -84.3174 -1.95005
-81.0893 -27.776 36.5883 -20.949 -84.493 -2.20242
-81.1942 -28.1989 36.5767 -20.9925 -84.6687 -2.45634
-81.2993 -28.6227 36.5638 -21.036 -84.8445 -2.71183
-81.4045 -29.0473 36.5496 -21.0796 -85.0205 -2.9689
-81.5101 -29.4729 36.5341 -21.1233 -85.1966 -3.22757
-81.6158 -29.8993 36.5173 -21.167 -85.3728 -3.48786
-81.7217 -30.3266 36.4992 -21.2108 -85.5492 -3.74979
-81.8279 -30.7548 36.4798 -21.2546 -85.7256 -4.01336
-81.9343 -31.1838 36.4591 -21.2985 -85.9022 -4.2786
-82.0409 -31.6138 36.437 -21.3424 -86.0789 -4.54553
-82.1477 -32.0446 36.4136 -21.3863 -86.2556 -4.81416
-82.2547 -32.4764 36.3889 -21.4303 -86.4325 -5.08451
-82.362 -32.909 36.3628 -21.4743 -86.6094 -5.3566
-82.4695 -33.3425 36.3353 -21.5184 -86.7864 -5.63045
-82.5772 -33.7768 36.3065 -21.5625 -86.9635 -5.90608
-82.6851 -34.2121 36.2762 -21.6067 -87.1406 -6.18351
-82.7932 -34.6482 36.2446 -21.6508 -87.3178 -6.46275
-82.9016 -35.0853 36.2116 -21.695 -87.495 -6.74384
-83.0102 -35.5232 36.1772 -21.7393 -87.6722 -7.02679
-83.119 -35.962 36.1414 -21.7835 -87.8495 -7.31163
-83.228 -36.4017 36.1041 -21.8278 -88.0267 -7.59837
-83.3373 -36.8423 36.0654 -21.8721 -88.204 -7.88704
-83.4468 -37.2837 36.0252 -21.9164 -88.3812 -8.17766
-83.5564 -37.7261 35.9836 -21.9607 -88.5585 -8.47026
-83.6664 -38.1693 35.9405 -22.005 -88.7357 -8.76486
-83.7765 -38.6134 35.8959 -22.0493 -88.9129 -9.06148
-83.8869 -39.0584 35.8499 -22.0937 -89.09 -9.36015
-83.9974 -39.5043 35.8023 -22.138 -89.2671 -9.6609
-84.1082 -39.9511 35.7533 -22.1823 -89.4441 -9.96375
-84.2193 -40.3988 35.7027 -22.2266 -89.621 -10.2687
-84.3305 -40.8473 35.6506 -22.2709 -89.7979 -10.5759
-84.442 -41.2967 35.5969 -22.3152 -89.9746 -10.8852
-84.5537 -41.7471 35.5417 -22.3595 -90.1513 -11.1967
-84.6656 -42.1983 35.485 -22.4037 -90.3278 -11.5105
-84.7777 -42.6503 35.4266 -22.448 -90.5042 -11.8265
-84.89 -43.1033 35.3667 -22.4921 -90.6805 -12.1448
-85.0026 -43.5571 35.3052 -22.5363 -90.8567 -12.4655
-85.1154 -44.0119 35.2421 -22.5804 -91.0326 -12.7885
-85.2284 -44.4675 35.1773 -22.6245 -91.2085 -13.1139
-85.3416 -44.924 35.1109 -22.6685 -91.3841 -13.4418
-85.4551 -45.3813 35.0429 -22.7125 -91.5596 -13.772
-85.5688 -45.8395 34.9732 -22.7564 -91.7348 -14.1048
-85.6827 -46.2987 34.9018 -22.8003 -91.9099 -14.4401
-85.7968 -46.7586 34.8288 -22.8441 -92.0847 -14.7779
-85.9111 -47.2195 34.7541 -22.8878 -92.2593 -15.1183
-86.0257 -47.6812 34.6776 -22.9315 -92.4337 -15.4614
-86.1404 -48.1438 34.5994 -22.9751 -92.6078 -15.8071
-86.2554 -48.6073 34.5195 -23.0186 -92.7817 -16.1554
-86.3706 -49.0717 34.4379 -23.0621 -92.9553 -16.5065
-86.486 -49.5369 34.3545 -23.1054 -93.1286 -16.8604
-86.6017 -50.0029 34.2693 -23.1487 -93.3016 -17.217
-86.7175 -50.4699 34.1823 -23.1918 -93.4743 -17.5764
-86.8336 -50.9377 34.0935 -23.2349 -93.6467 -17.9388
-86.9499 -51.4064 34.0029 -23.2778 -93.8188 -18.304
-87.0664 -51.8759 33.9105 -23.3207 -93.9906 -18.6721
-87.1831 -52.3463 33.8162 -23.3634 -94.162 -19.0433
-87.3 -52.8175 33.72 -23.4061 -94.333 -19.4174
-87.4171 -53.2896 33.622 -23.4486 -94.5036 -19.7946
-87.5345 -53.7625 33.5221 -23.4909 -94.6739 -20.1748
-87.652 -54.2363 33.4203 -23.5332 -94.8438 -20.5582
-87.7698 -54.711 33.3165 -23.5753 -95.0133 -20.9448
-87.8878 -55.1865 33.2108 -23.6173 -95.1823 -21.3345
-88.006 -55.6628 33.1032 -23.6591 -95.3509 -21.7275
-88.1244 -56.14 32.9935 -23.7008 -95.5191 -22.1237
-88.243 -56.618 32.8819 -23.7423 -95.6867 -22.5233
-88.3618 -57.0968 32.7683 -23.7837 -95.8539 -22.9263
-88.4808 -57.5765 32.6527 -23.8249 -96.0206 -23.3326
-88.6001 -58.0571 32.535 -23.8659 -96.1868 -23.7423
-88.7195 -58.5384 32.4152 -23.9068 -96.3525 -24.1556
-88.8391 -59.0206 32.2934 -23.9475 -96.5176 -24.5724
-88.959 -59.5036 32.1695 -23.988 -96.6821 -24.9927
-89.079 -59.9874 32.0435 -24.0283 -96.8461 -25.4166
-89.1992 -60.472 31.9153 -24.0685 -97.0094 -25.8442
-89.3197 -60.9575 31.7851 -24.1084 -97.1722 -26.2754
-89.4403 -61.4438 31.6526 -24.1482 -97.3343 -26.7104
-89.5612 -61.9308 31.5179 -24.1877 -97.4957 -27.1492
-89.6822 -62.4187 31.3811 -24.227 -97.6564 -27.5918
-89.8034 -62.9074 31.242 -24.2661 -97.8165 -28.0382
-89.9249 -63.3969 31.1007 -24.305 -97.9758 -28.4886
-90.0465 -63.8872 30.9571 -24.3436 -98.1343 -28.9429
-90.1683 -64.3782 30.8113 -24.382 -98.2921 -29.4012
-90.2903 -64.8701 30.6631 -24.4201 -98.4491 -29.8635
-90.4125 -65.3627 30.5127 -24.458 -98.6052 -30.33
-90.5349 -65.8561 30.3598 -24.4957 -98.7605 -30.8005
-90.6575 -66.3503 30.2046 -24.533 -98.9149 -31.2753
-90.7802 -66.8453 30.0471 -24.5701 -99.0684 -31.7543
-90.9032 -67.341 29.8871 -24.607 -99.221 -32.2376
-91.0263 -67.8375 29.7247 -24.6435 -99.3726 -32.7252
-91.1496 -68.3347 29.5598 -24.6797 -99.5231 -33.2172
-91.2731 -68.8327 29.3925 -24.7156 -99.6727 -33.7137
-91.3968 -69.3315 29.2227 -24.7512 -99.8211 -34.2146
-91.5206 -69.8309 29.0504 -24.7865 -99.9685 -34.7201
-91.6446 -70.3311 28.8755 -24.8214 -100.115 -35.2302
-91.7688 -70.8321 28.6981 -24.856 -100.26 -35.7449
-91.8932 -71.3337 28.5181 -24.8903 -100.404 -36.2643
-92.0177 -71.8361 28.3354 -24.9242 -100.546 -36.7885
-92.1424 -72.3392 28.1502 -24.9577 -100.687 -37.3174
-92.2673 -72.843 27.9623 -24.9908 -100.827 -37.8513
-92.3923 -73.3475 27.7717 -25.0236 -100.966 -38.3901
-92.5175 -73.8527 27.5784 -25.0559 -101.103 -38.9338
-92.6429 -74.3585 27.3823 -25.0878 -101.238 -39.4827
-92.7684 -74.865 27.1835 -25.1193 -101.373 -40.0366
-92.8941 -75.3722 26.9819 -25.1503 -101.505 -40.5956
-93.0199 -75.8801 26.7776 -25.1809 -101.636 -41.1599
-93.1459 -76.3886 26.5703 -25.211 -101.765 -41.7295
-93.272 -76.8977 26.3603 -25.2406 -101.893 -42.3045
-93.3983 -77.4075 26.1473 -25.2698 -102.018 -42.8848
-93.5247 -77.9179 25.9314 -25.2984 -102.142 -43.4706
-93.6513 -78.4289 25.7126 -25.3265 -102.264 -44.062
-93.778 -78.9406 25.4908 -25.354 -102.384 -44.659
-93.9048 -79.4528 25.266 -25.381 -102.502 -45.2616
-94.0318 -79.9656 25.0382 -25.4074 -102.618 -45.87
-94.1589 -80.479 24.8073 -25.4333 -102.732 -46.4842
-94.2861 -80.9929 24.5733 -25.4585 -102.843 -47.1043
-94.4135 -81.5074 24.3363 -25.4831 -102.952 -47.7304
-94.541 -82.0224 24.096 -25.507 -103.059 -48.3624
-94.6686 -82.538 23.8526 -25.5303 -103.164 -49.0006
-94.7963 -83.0541 23.606 -25.5529 -103.265 -49.6449
-94.9241 -83.5706 23.3562 -25.5748 -103.365 -50.2955
-95.052 -84.0877 23.1031 -25.596 -103.461 -50.9524
-95.18 -84.6053 22.8467 -25.6164 -103.555 -51.6156
-95.3082 -85.1233 22.5869 -25.6361 -103.646 -52.2854
-95.4364 -85.6417 22.3238 -25.6549 -103.734 -52.9617
-95.5647 -86.1606 22.0573 -25.673 -103.819 -53.6446
-95.6931 -86.6799 21.7874 -25.6902 -103.901 -54.3342
-95.8216 -87.1996 21.5139 -25.7066 -103.979 -55.0306
-95.9502 -87.7197 21.237 -25.722 -104.055 -55.7339
-96.0788 -88.2402 20.9566 -25.7366 -104.127 -56.4441
-96.2076 -88.761 20.6726 -25.7502 -104.195 -57.1613
-96.3363 -89.2821 20.385 -25.7628 -104.26 -57.8857
-96.4652 -89.8036 20.0937 -25.7744 -104.32 -58.6172
-96.5941 -90.3253 19.7988 -25.785 -104.378 -59.356
-96.723 -90.8473 19.5002 -25.7946 -104.431 -60.1022
-96.852 -91.3696 19.1978 -25.803 -104.48 -60.8558
-96.9811 -91.8921 18.8916 -25.8103 -104.524 -61.6169
-97.1101 -92.4149 18.5816 -25.8165 -104.565 -62.3856
-97.2392 -92.9378 18.2678 -25.8215 -104.6 -63.1621
-97.3684 -93.4609 17.95 -25.8252 -104.632 -63.9463
-97.4975 -93.9841 17.6283 -25.8277 -104.658 -64.7384
-97.6266 -94.5074 17.3026 -25.8288 -104.679 -65.5385
-97.7558 -95.0309 16.9729 -25.8287 -104.696 -66.3466
-97.8849 -95.5544 16.6391 -25.8271 -104.707 -67.1629
-98.014 -96.078 16.3013 -25.8242 -104.713 -67.9873
-98.1432 -96.6015 15.9593 -25.8197 -104.713 -68.8201
-98.2722 -97.1251 15.6131 -25.8138 -104.707 -69.6613
-98.4013 -97.6486 15.2627 -25.8063 -104.696 -70.511
-98.5303 -98.172 14.908 -25.7972 -104.678 -71.3693
-98.6593 -98.6954 14.549 -25.7864 -104.654 -72.2362
-98.7882 -99.2186 14.1856 -25.774 -104.624 -73.1119
-98.917 -99.7416 13.8178 -25.7598 -104.587 -73.9964
-99.0458 -100.264 13.4456 -25.7438 -104.543 -74.8899
-99.1744 -100.787 13.0689 -25.7259 -104.492 -75.7923
-99.303 -101.309 12.6877 -25.7062 -104.434 -76.7039
-99.4315 -101.831 12.3019 -25.6845 -104.368 -77.6246
-99.5599 -102.353 11.9115 -25.6607 -104.295 -78.5546
-99.6881 -102.874 11.5163 -25.6349 -104.213 -79.4939
-99.8162 -103.395 11.1165 -25.6069 -104.123 -80.4426
-99.9442 -103.916 10.7119 -25.5767 -104.025 -81.4009
-100.072 -104.435 10.3025 -25.5443 -103.918 -82.3687
-100.2 -104.955 9.88823 -25.5095 -103.803 -83.3461
-100.327 -105.473 9.46904 -25.4723 -103.678 -84.3332
-100.454 -105.992 9.04489 -25.4326 -103.543 -85.3302
-100.581 -106.509 8.61573 -25.3903 -103.399 -86.337
-100.708 -107.026 8.18152 -25.3455 -103.244 -87.3536
-100.835 -107.541 7.74219 -25.2979 -103.079 -88.3803
-100.961 -108.056 7.29771 -25.2475 -102.903 -89.417
-101.087 -108.57 6.84802 -25.1942 -102.717 -90.4637
-101.213 -109.083 6.39307 -25.138 -102.519 -91.5206
-101.339 -109.596 5.93281 -25.0788 -102.309 -92.5876
-101.464 -110.107 5.46719 -25.0164 -102.087 -93.6648
-101.589 -110.616 4.99616 -24.9508 -101.853 -94.7522
-101.713 -111.125 4.51967 -24.8819 -101.606 -95.8499
-101.838 -111.632 4.03766 -24.8096 -101.346 -96.9578
-101.962 -112.139 3.55009 -24.7338 -101.072 -98.0761
-102.085 -112.643 3.0569 -24.6543 -100.785 -99.2046
-102.208 -113.146 2.55804 -24.5712 -100.483 -100.343
-102.331 -113.648 2.05346 -24.4842 -100.166 -101.492
-102.453 -114.148 1.54311 -24.3933 -99.8342 -102.652
-102.575 -114.646 1.02694 -24.2983 -99.4867 -103.821
-102.696 -115.143 0.504894 -24.1992 -99.1232 -105.001
-102.817 -115.638 -0.0230743 -24.0958 -98.7432 -106.191
-102.937 -116.13 -0.557017 -23.9881 -98.3462 -107.391
-103.057 -116.621 -1.09698 -23.8758 -97.9318 -108.6
-103.176 -117.11 -1.64303 -23.7588 -97.4994 -109.82
-103.294 -117.596 -2.19519 -23.6371 -97.0485 -111.05
-103.412 -118.08 -2.75353 -23.5105 -96.5787 -112.289
-103.529 -118.562 -3.31808 -23.3789 -96.0894 -113.538
-103.646 -119.041 -3.88891 -23.242 -95.58 -114.796
-103.762 -119.518 -4.46605 -23.0999 -95.0501 -116.063
-103.877 -119.992 -5.04954 -22.9523 -94.4991 -117.34
-103.991 -120.463 -5.63945 -22.7991 -93.9264 -118.625
-104.105 -120.931 -6.2358 -22.6402 -93.3314 -119.919
-104.218 -121.396 -6.83864 -22.4754 -92.7136 -121.221
-104.33 -121.858 -7.44801 -22.3045 -92.0723 -122.532
-104.441 -122.317 -8.06396 -22.1274 -91.407 -123.85
-104.551 -122.772 -8.68651 -21.944 -90.7171 -125.175
-104.66 -123.224 -9.31571 -21.7541 -90.0018 -126.508
-104.768 -123.672 -9.9516 -21.5574 -89.2607 -127.848
-104.876 -124.116 -10.5942 -21.354 -88.4931 -129.194
-104.982 -124.557 -11.2435 -21.1435 -87.6983 -130.546
-105.087 -124.993 -11.8997 -20.9259 -86.8757 -131.904
-105.191 -125.426 -12.5626 -20.701 -86.0246 -133.266
-105.294 -125.854 -13.2323 -20.4686 -85.1445 -134.634
-105.396 -126.277 -13.9089 -20.2285 -84.2346 -136.005
-105.496 -126.696 -14.5924 -19.9806 -83.2944 -137.379
-105.596 -127.11 -15.2827 -19.7247 -82.3231 -138.757
-105.694 -127.519 -15.9799 -19.4607 -81.3202 -140.136
-105.79 -127.923 -16.6841 -19.1884 -80.285 -141.517
-105.885 -128.322 -17.3951 -18.9075 -79.2168 -142.899
-105.979 -128.715 -18.1131 -18.6181 -78.1151 -144.28
-106.072 -129.103 -18.8379 -18.3199 -76.9792 -145.661
-106.163 -129.485 -19.5697 -18.0127 -75.8086 -147.04
-106.252 -129.861 -20.3083 -17.6965 -74.6027 -148.416
-106.339 -130.231 -21.0538 -17.3711 -73.3608 -149.788
-106.426 -130.595 -21.8062 -17.0363 -72.0825 -151.156
-106.51 -130.952 -22.5654 -16.6919 -70.7673 -152.519
-106.592 -131.303 -23.3314 -16.338 -69.4146 -153.875
-106.673 -131.646 -24.1041 -15.9744 -68.0241 -155.222
-106.752 -131.983 -24.8836 -15.6009 -66.5952 -156.561
-106.829 -132.312 -25.6698 -15.2175 -65.1276 -157.89
-106.904 -132.634 -26.4625 -14.824 -63.6209 -159.207
-106.977 -132.948 -27.2618 -14.4205 -62.0748 -160.511
-107.049 -133.255 -28.0676 -14.0068 -60.4891 -161.802
-107.118 -133.553 -28.8798 -13.5829 -58.8636 -163.076
-107.184 -133.843 -29.6984 -13.1487 -57.1981 -164.334
-107.249 -134.125 -30.5232 -12.7043 -55.4924 -165.574
-107.311 -134.398 -31.3541 -12.2496 -53.7466 -166.793
-107.372 -134.663 -32.1911 -11.7846 -51.9607 -167.991
-107.429 -134.918 -33.034 -11.3094 -50.1348 -169.166
-107.485 -135.164 -33.8828 -10.824 -48.2691 -170.317
-107.537 -135.401 -34.7372 -10.3285 -46.3637 -171.441
-107.588 -135.628 -35.5972 -9.82292 -44.4191 -172.537
-107.636 -135.845 -36.4626 -9.30745 -42.4356 -173.604
-107.681 -136.052 -37.3332 -8.78218 -40.4138 -174.64
-107.724 -136.249 -38.209 -8.24729 -38.3541 -175.643
-107.763 -136.436 -39.0896 -7.70293 -36.2574 -176.611
-107.801 -136.612 -39.9751 -7.14933 -34.1243 -177.543
-107.835 -136.777 -40.8651 -6.58669 -31.9557 -178.438
-107.866 -136.931 -41.7594 -6.01527 -29.7525 -179.292
-107.895 -137.074 -42.658 -5.43534 -27.5159 -180.106
-107.921 -137.206 -43.5605 -4.84722 -25.2469 -180.877
-107.944 -137.327 -44.4668 -4.25121 -22.9469 -181.603
-107.963 -137.436 -45.3765 -3.64767 -20.6171 -182.284
-107.98 -137.533 -46.2896 -3.03698 -18.259 -182.917
-107.994 -137.618 -47.2057 -2.41953 -15.8741 -183.501
-108.004 -137.692 -48.1246 -1.79573 -13.464 -184.036
-108.012 -137.753 -49.046 -1.16605 -11.0305 -184.518
-108.016 -137.802 -49.9698 -0.530927 -8.57527 -184.949
-108.017 -137.839 -50.8955 0.10914 -6.10029 -185.325
-108.015 -137.863 -51.823 0.753652 -3.60748 -185.647
-108.009 -137.875 -52.752 1.40209 -1.09884 -185.913
-108.001 -137.874 -53.6821 2.0539 1.42352 -186.122
-107.989 -137.861 -54.6132 2.70856 3.95748 -186.274
-107.974 -137.834 -55.5449 3.36548 6.50084 -186.368
-107.955 -137.796 -56.4769 4.02409 9.05136 -186.404
-107.933 -137.744 -57.4089 4.68381 11.6068 -186.38
-107.908 -137.679 -58.3407 5.34405 14.1648 -186.298
-107.88 -137.602 -59.2719 6.00421 16.723 -186.156
-107.848 -137.512 -60.2022 6.66369 19.2792 -185.954
-107.813 -137.409 -61.1314 7.32189 21.831 -185.694
-107.775 -137.294 -62.0591 7.97822 24.376 -185.374
-107.734 -137.166 -62.9851 8.63208 26.912 -184.995
-107.689 -137.025 -63.9091 9.28289 29.4367 -184.559
-107.641 -136.871 -64.8307 9.93005 31.9478 -184.064
-107.589 -136.705 -65.7497 10.573 34.443 -183.513
-107.535 -136.527 -66.6658 11.2112 36.9203 -182.905
-107.477 -136.336 -67.5788 11.8441 39.3775 -182.242
-107.417 -136.133 -68.4883 12.4712 41.8125 -181.525
-107.353 -135.918 -69.394 13.0919 44.2235 -180.754
-107.286 -135.691 -70.2958 13.7058 46.6084 -179.932
-107.216 -135.452 -71.1933 14.3124 48.9654 -179.059
-107.143 -135.201 -72.0864 14.9113 51.2929 -178.137
-107.066 -134.939 -72.9747 15.502 53.5891 -177.167
-106.988 -134.665 -73.858 16.0841 55.8526 -176.151
-106.906 -134.38 -74.7362 16.6572 58.0819 -175.09
-106.821 -134.085 -75.6089 17.2211 60.2756 -173.986
-106.733 -133.778 -76.4761 17.7754 62.4325 -172.841
-106.643 -133.46 -77.3374 18.3197 64.5515 -171.657
-106.55 -133.132 -78.1926 18.8539 66.6315 -170.434
-106.455 -132.794 -79.0417 19.3776 68.6716 -169.176
-106.356 -132.446 -79.8844 19.8907 70.6709 -167.883
-106.256 -132.087 -80.7205 20.3929 72.6288 -166.558
-106.153 -131.719 -81.55 20.8841 74.5446 -165.203
-106.047 -131.342 -82.3726 21.3642 76.4178 -163.819
-105.939 -130.955 -83.1882 21.833 78.2479 -162.408
-105.829 -130.559 -83.9966 22.2905 80.0347 -160.972
-105.716 -130.155 -84.7979 22.7366 81.7778 -159.512
-105.601 -129.742 -85.5918 23.1712 83.477 -158.031
-105.484 -129.32 -86.3782 23.5943 85.1324 -156.531
-105.365 -128.89 -87.1571 24.006 86.7439 -155.012
-105.244 -128.453 -87.9283 24.4062 88.3115 -153.477
-105.121 -128.007 -88.6919 24.795 89.8354 -151.927
-104.996 -127.554 -89.4476 25.1724 91.3158 -150.364
-104.869 -127.094 -90.1955 25.5385 92.7529 -148.79
-104.741 -126.627 -90.9355 25.8933 94.1471 -147.206
-104.611 -126.153 -91.6676 26.2371 95.4987 -145.613
-104.479 -125.672 -92.3916 26.5699 96.8082 -144.012
-104.345 -125.184 -93.1077 26.8918 98.076 -142.406
-104.21 -124.691 -93.8157 27.2029 99.3026 -140.796
-104.073 -124.191 -94.5156 27.5035 100.489 -139.182
-103.935 -123.686 -95.2075 27.7936 101.635 -137.566
-103.795 -123.175 -95.8913 28.0734 102.741 -135.949
-103.654 -122.659 -96.567 28.3431 103.809 -134.332
-103.511 -122.137 -97.2346 28.6029 104.838 -132.716
-103.368 -121.61 -97.8942 28.8529 105.83 -131.103
-103.223 -121.079 -98.5457 29.0933 106.786 -129.493
-103.077 -120.542 -99.1891 29.3244 107.705 -127.886
-102.93 -120.002 -99.8245 29.5462 108.589 -126.285
-102.781 -119.457 -100.452 29.7591 109.438 -124.689
-102.632 -118.907 -101.071 29.9631 110.254 -123.1
-102.482 -118.354 -101.683 30.1585 111.036 -121.517
-102.331 -117.797 -102.287 30.3455 111.786 -119.943
-102.178 -117.236 -102.882 30.5243 112.504 -118.376
-102.025 -116.672 -103.47 30.6951 113.192 -116.819
-101.871 -116.104 -104.051 30.858 113.849 -115.271
-101.717 -115.533 -104.623 31.0133 114.477 -113.733
-101.561 -114.959 -105.188 31.1611 115.076 -112.205
-101.405 -114.383 -105.745 31.3017 115.648 -110.688
-101.248 -113.803 -106.295 31.4352 116.192 -109.182
-101.091 -113.221 -106.837 31.5618 116.71 -107.687
-100.933 -112.636 -107.372 31.6818 117.202 -106.204
-100.774 -112.049 -107.899 31.7952 117.669 -104.734
-100.615 -111.459 -108.419 31.9023 118.112 -103.275
-100.455 -110.868 -108.932 32.0033 118.531 -101.83
-100.295 -110.274 -109.437 32.0983 118.927 -100.397
-100.134 -109.678 -109.936 32.1875 119.3 -98.9765
-99.9728 -109.081 -110.427 32.271 119.652 -97.5694
-99.8112 -108.482 -110.911 32.3491 119.983 -96.1755
-99.6493 -107.881 -111.389 32.4219 120.293 -94.7949
-99.487 -107.279 -111.859 32.4896 120.584 -93.4277
-99.3244 -106.675 -112.323 32.5522 120.855 -92.074
-99.1615 -106.07 -112.78 32.6101 121.108 -90.7337
-98.9983 -105.464 -113.23 32.6633 121.342 -89.4071
-98.8348 -104.857 -113.674 32.7119 121.559 -88.094
-98.6712 -104.249 -114.111 32.7562 121.759 -86.7944
-98.5073 -103.639 -114.542 32.7962 121.943 -85.5084
-98.3432 -103.029 -114.967 32.8321 122.11 -84.236
-98.1789 -102.418 -115.385 32.8641 122.262 -82.9771
-98.0145 -101.807 -115.796 32.8923 122.399 -81.7317
-97.85 -101.194 -116.202 32.9168 122.522 -80.4998
-97.6854 -100.581 -116.601 32.9377 122.631 -79.2812
-97.5206 -99.9679 -116.995 32.9551 122.726 -78.076
-97.3558 -99.3541 -117.382 32.9693 122.808 -76.8839
-97.191 -98.7398 -117.764 32.9802 122.877 -75.7051
-97.026 -98.1253 -118.139 32.9881 122.935 -74.5394
-96.8611 -97.5105 -118.509 32.993 122.98 -73.3866
-96.6961 -96.8955 -118.873 32.995 123.014 -72.2468
-96.5311 -96.2803 -119.231 32.9943 123.037 -71.1198
-96.3662 -95.6651 -119.584 32.991 123.049 -70.0055
-96.2012 -95.0499 -119.931 32.985 123.051 -68.9038
-96.0363 -94.4346 -120.273 32.9766 123.043 -67.8146
-95.8714 -93.8194 -120.61 32.9659 123.026 -66.7377
