-25 75 -100 0 0 49
-25.0001 74.9997 -99.755 -0.0538615 -0.127683 49.003
-25.0005 74.9987 -99.51 -0.107726 -0.255372 49.0058
-25.0012 74.9971 -99.2649 -0.161593 -0.383068 49.0085
-25.0022 74.9949 -99.0199 -0.215463 -0.510771 49.0111
-25.0034 74.992 -98.7748 -0.269337 -0.638483 49.0136
-25.0048 74.9885 -98.5297 -0.323215 -0.766204 49.0159
-25.0066 74.9844 -98.2847 -0.377097 -0.893933 49.0182
-25.0086 74.9796 -98.0396 -0.430983 -1.02167 49.0203
-25.0109 74.9741 -97.7945 -0.484874 -1.14942 49.0222
-25.0135 74.9681 -97.5493 -0.538769 -1.27718 49.024
-25.0163 74.9614 -97.3042 -0.59267 -1.40496 49.0258
-25.0194 74.954 -97.0591 -0.646576 -1.53274 49.0273
-25.0228 74.946 -96.8139 -0.700487 -1.66054 49.0288
-25.0264 74.9374 -96.5688 -0.754404 -1.78835 49.0301
-25.0303 74.9282 -96.3236 -0.808328 -1.91618 49.0313
-25.0345 74.9183 -96.0785 -0.862257 -2.04402 49.0324
-25.0389 74.9077 -95.8333 -0.916194 -2.17187 49.0334
-25.0436 74.8965 -95.5882 -0.970137 -2.29974 49.0342
-25.0486 74.8847 -95.343 -1.02409 -2.42763 49.0349
-25.0539 74.8723 -95.0978 -1.07804 -2.55553 49.0355
-25.0594 74.8592 -94.8526 -1.13201 -2.68346 49.0359
-25.0652 74.8454 -94.6074 -1.18598 -2.8114 49.0362
-25.0713 74.8311 -94.3623 -1.23996 -2.93936 49.0364
-25.0776 74.816 -94.1171 -1.29395 -3.06734 49.0365
-25.0842 74.8004 -93.8719 -1.34795 -3.19533 49.0364
-25.0911 74.7841 -93.6267 -1.40196 -3.32335 49.0363
-25.0982 74.7671 -93.3815 -1.45598 -3.45139 49.036
-25.1056 74.7496 -93.1364 -1.51 -3.57946 49.0355
-25.1133 74.7313 -92.8912 -1.56404 -3.70754 49.035
-25.1213 74.7125 -92.646 -1.61808 -3.83565 49.0343
-25.1295 74.693 -92.4008 -1.67214 -3.96378 49.0335
-25.138 74.6729 -92.1557 -1.72621 -4.09194 49.0325
-25.1468 74.6521 -91.9105 -1.78028 -4.22012 49.0315
-25.1558 74.6307 -91.6654 -1.83437 -4.34833 49.0303
-25.1651 74.6086 -91.4202 -1.88847 -4.47656 49.029
-25.1747 74.5859 -91.1751 -1.94258 -4.60482 49.0275
-25.1845 74.5625 -90.9299 -1.9967 -4.7331 49.026
-25.1947 74.5386 -90.6848 -2.05084 -4.86142 49.0243
-25.2051 74.5139 -90.4397 -2.10498 -4.98976 49.0225
-25.2157 74.4887 -90.1946 -2.15914 -5.11814 49.0205
-25.2266 74.4627 -89.9495 -2.21332 -5.24654 49.0185
-25.2378 74.4362 -89.7044 -2.2675 -5.37497 49.0163
-25.2493 74.409 -89.4593 -2.3217 -5.50343 49.0139
-25.2611 74.3812 -89.2143 -2.37591 -5.63193 49.0115
-25.2731 74.3527 -88.9692 -2.43014 -5.76046 49.0089
-25.2854 74.3236 -88.7242 -2.48438 -5.88902 49.0062
-25.2979 74.2938 -88.4791 -2.53864 -6.01761 49.0034
-25.3107 74.2634 -88.2341 -2.5929 -6.14624 49.0005
-25.3238 74.2323 -87.9891 -2.64719 -6.27491 48.9974
-25.3372 74.2006 -87.7442 -2.70149 -6.40361 48.9942
-25.3509 74.1683 -87.4992 -2.7558 -6.53234 48.9909
-25.3648 74.1353 -87.2543 -2.81014 -6.66111 48.9874
-25.379 74.1017 -87.0093 -2.86448 -6.78992 48.9838
-25.3934 74.0674 -86.7644 -2.91885 -6.91877 48.9801
-25.4082 74.0325 -86.5195 -2.97323 -7.04766 48.9763
-25.4232 73.9969 -86.2746 -3.02762 -7.17658 48.9723
-25.4384 73.9607 -86.0298 -3.08204 -7.30555 48.9683
-25.454 73.9239 -85.785 -3.13647 -7.43455 48.964
-25.4698 73.8864 -85.5402 -3.19091 -7.5636 48.9597
-25.4859 73.8482 -85.2954 -3.24538 -7.69269 48.9552
-25.5022 73.8095 -85.0506 -3.29987 -7.82182 48.9506
-25.5189 73.77 -84.8059 -3.35437 -7.95099 48.9459
-25.5358 73.7299 -84.5611 -3.40889 -8.08021 48.9411
-25.553 73.6892 -84.3165 -3.46343 -8.20947 48.9361
-25.5704 73.6478 -84.0718 -3.51799 -8.33878 48.931
-25.5882 73.6058 -83.8271 -3.57257 -8.46813 48.9258
-25.6062 73.5632 -83.5825 -3.62717 -8.59753 48.9204
-25.6244 73.5199 -83.3379 -3.68179 -8.72698 48.915
-25.643 73.4759 -83.0934 -3.73642 -8.85647 48.9094
-25.6618 73.4313 -82.8488 -3.79108 -8.98601 48.9036
-25.6809 73.386 -82.6043 -3.84576 -9.1156 48.8978
-25.7002 73.3401 -82.3599 -3.90047 -9.24524 48.8918
-25.7199 73.2936 -82.1154 -3.95519 -9.37493 48.8857
-25.7398 73.2464 -81.871 -4.00993 -9.50468 48.8794
-25.76 73.1985 -81.6266 -4.0647 -9.63447 48.873
-25.7804 73.15 -81.3823 -4.11949 -9.76431 48.8665
-25.8012 73.1009 -81.138 -4.1743 -9.89421 48.8599
-25.8222 73.0511 -80.8937 -4.22913 -10.0242 48.8532
-25.8435 73.0007 -80.6494 -4.28399 -10.1542 48.8463
-25.865 72.9496 -80.4052 -4.33886 -10.2842 48.8393
-25.8869 72.8978 -80.161 -4.39377 -10.4143 48.8321
-25.909 72.8454 -79.9169 -4.44869 -10.5445 48.8249
-25.9313 72.7924 -79.6728 -4.50364 -10.6747 48.8175
-25.954 72.7387 -79.4287 -4.55862 -10.805 48.8099
-25.9769 72.6843 -79.1847 -4.61362 -10.9354 48.8023
-26.0001 72.6293 -78.9407 -4.66864 -11.0658 48.7945
-26.0236 72.5737 -78.6967 -4.72369 -11.1962 48.7866
-26.0474 72.5173 -78.4528 -4.77876 -11.3268 48.7785
-26.0714 72.4604 -78.209 -4.83386 -11.4574 48.7704
-26.0957 72.4028 -77.9651 -4.88899 -11.588 48.7621
-26.1203 72.3445 -77.7213 -4.94414 -11.7187 48.7536
-26.1452 72.2856 -77.4776 -4.99932 -11.8495 48.7451
-26.1703 72.226 -77.2339 -5.05452 -11.9803 48.7364
-26.1957 72.1658 -76.9902 -5.10975 -12.1112 48.7276
-26.2214 72.1049 -76.7466 -5.16501 -12.2422 48.7186
-26.2474 72.0434 -76.503 -5.2203 -12.3732 48.7095
-26.2736 71.9812 -76.2595 -5.27561 -12.5043 48.7003
-26.3001 71.9183 -76.016 -5.33095 -12.6355 48.691
-26.3269 71.8548 -75.7726 -5.38632 -12.7667 48.6815
-26.354 71.7907 -75.5292 -5.44172 -12.898 48.6719
-26.3813 71.7258 -75.2859 -5.49715 -13.0294 48.6622
-26.4089 71.6604 -75.0426 -5.55261 -13.1608 48.6523
-26.4368 71.5942 -74.7994 -5.60809 -13.2923 48.6423
-26.465 71.5274 -74.5562 -5.66361 -13.4239 48.6322
-26.4935 71.46 -74.313 -5.71915 -13.5555 48.6219
-26.5222 71.3919 -74.07 -5.77473 -13.6872 48.6116
-26.5512 71.3231 -73.8269 -5.83033 -13.819 48.601
-26.5805 71.2537 -73.5839 -5.88597 -13.9509 48.5904
-26.6101 71.1836 -73.341 -5.94164 -14.0829 48.5796
-26.6399 71.1129 -73.0982 -5.99734 -14.2149 48.5687
-26.6701 71.0415 -72.8553 -6.05307 -14.347 48.5577
-26.7005 70.9694 -72.6126 -6.10883 -14.4791 48.5465
-26.7311 70.8967 -72.3699 -6.16463 -14.6114 48.5352
-26.7621 70.8233 -72.1272 -6.22045 -14.7437 48.5237
-26.7934 70.7492 -71.8846 -6.27631 -14.8761 48.5122
-26.8249 70.6745 -71.6421 -6.3322 -15.0086 48.5005
-26.8567 70.5991 -71.3996 -6.38813 -15.1412 48.4886
-26.8888 70.5231 -71.1572 -6.44409 -15.2738 48.4766
-26.9211 70.4464 -70.9149 -6.50008 -15.4065 48.4645
-26.9538 70.369 -70.6726 -6.55611 -15.5394 48.4523
-26.9867 70.291 -70.4303 -6.61217 -15.6722 48.4399
-27.0199 70.2123 -70.1882 -6.66827 -15.8052 48.4274
-27.0534 70.133 -69.9461 -6.7244 -15.9383 48.4148
-27.0871 70.0529 -69.704 -6.78057 -16.0714 48.4021
-27.1212 69.9722 -69.462 -6.83677 -16.2047 48.3892
-27.1555 69.8909 -69.2201 -6.89301 -16.338 48.3761
-27.1901 69.8089 -68.9783 -6.94928 -16.4714 48.363
-27.225 69.7262 -68.7365 -7.0056 -16.6049 48.3497
-27.2602 69.6428 -68.4948 -7.06194 -16.7385 48.3362
-27.2956 69.5588 -68.2531 -7.11833 -16.8722 48.3227
-27.3313 69.4741 -68.0116 -7.17475 -17.0059 48.309
-27.3673 69.3887 -67.77 -7.23122 -17.1398 48.2952
-27.4036 69.3027 -67.5286 -7.28772 -17.2737 48.2812
-27.4402 69.216 -67.2872 -7.34425 -17.4078 48.2671
-27.4771 69.1286 -67.0459 -7.40083 -17.5419 48.2529
-27.5142 69.0406 -66.8047 -7.45745 -17.6761 48.2385
-27.5517 68.9519 -66.5635 -7.51411 -17.8105 48.224
-27.5894 68.8625 -66.3225 -7.5708 -17.9449 48.2094
-27.6274 68.7724 -66.0815 -7.62754 -18.0794 48.1947
-27.6657 68.6817 -65.8405 -7.68432 -18.214 48.1798
-27.7042 68.5903 -65.5997 -7.74114 -18.3487 48.1647
-27.7431 68.4982 -65.3589 -7.798 -18.4835 48.1496
-27.7822 68.4054 -65.1182 -7.8549 -18.6184 48.1343
-27.8216 68.312 -64.8775 -7.91185 -18.7535 48.1189
-27.8613 68.2179 -64.637 -7.96884 -18.8886 48.1034
-27.9013 68.1231 -64.3965 -8.02587 -19.0238 48.0877
-27.9416 68.0277 -64.1561 -8.08295 -19.1591 48.0719
-27.9821 67.9315 -63.9158 -8.14007 -19.2945 48.0559
-28.023 67.8347 -63.6755 -8.19724 -19.4301 48.0399
-28.0641 67.7372 -63.4354 -8.25445 -19.5657 48.0237
-28.1055 67.6391 -63.1953 -8.31171 -19.7014 48.0073
-28.1472 67.5402 -62.9553 -8.36901 -19.8373 47.9909
-28.1892 67.4407 -62.7154 -8.42636 -19.9733 47.9743
-28.2315 67.3405 -62.4756 -8.48376 -20.1093 47.9576
-28.274 67.2396 -62.2358 -8.54121 -20.2455 47.9407
-28.3169 67.138 -61.9962 -8.59871 -20.3818 47.9237
-28.36 67.0358 -61.7566 -8.65625 -20.5182 47.9066
-28.4035 66.9328 -61.5171 -8.71385 -20.6547 47.8894
-28.4472 66.8292 -61.2777 -8.77149 -20.7913 47.8721
-28.4912 66.7249 -61.0384 -8.82919 -20.9281 47.8546
-28.5355 66.6199 -60.7991 -8.88694 -21.065 47.837
-28.58 66.5143 -60.56 -8.94475 -21.2019 47.8192
-28.6249 66.4079 -60.3209 -9.0026 -21.3391 47.8014
-28.6701 66.3009 -60.082 -9.06052 -21.4763 47.7834
-28.7155 66.1932 -59.8431 -9.11848 -21.6136 47.7653
-28.7613 66.0848 -59.6043 -9.17651 -21.7511 47.7471
-28.8073 65.9757 -59.3656 -9.23459 -21.8887 47.7287
-28.8536 65.8659 -59.127 -9.29273 -22.0264 47.7103
-28.9002 65.7554 -58.8885 -9.35092 -22.1642 47.6917
-28.9471 65.6442 -58.6501 -9.40918 -22.3022 47.673
-28.9943 65.5324 -58.4118 -9.4675 -22.4403 47.6541
-29.0418 65.4198 -58.1736 -9.52588 -22.5785 47.6352
-29.0896 65.3066 -57.9355 -9.58433 -22.7169 47.6161
-29.1376 65.1926 -57.6974 -9.64284 -22.8554 47.597
-29.186 65.078 -57.4595 -9.70141 -22.994 47.5777
-29.2346 64.9627 -57.2216 -9.76005 -23.1328 47.5583
-29.2836 64.8467 -56.9839 -9.81876 -23.2716 47.5388
-29.3328 64.73 -56.7463 -9.87754 -23.4107 47.5191
-29.3824 64.6126 -56.5087 -9.93639 -23.5499 47.4994
-29.4322 64.4945 -56.2713 -9.99531 -23.6892 47.4796
-29.4823 64.3757 -56.0339 -10.0543 -23.8286 47.4596
-29.5327 64.2562 -55.7967 -10.1134 -23.9682 47.4396
-29.5834 64.136 -55.5595 -10.1725 -24.108 47.4194
-29.6345 64.0151 -55.3225 -10.2318 -24.2479 47.3992
-29.6858 63.8935 -55.0855 -10.2911 -24.388 47.3788
-29.7374 63.7712 -54.8487 -10.3505 -24.5282 47.3584
-29.7893 63.6483 -54.6119 -10.4099 -24.6685 47.3378
-29.8415 63.5246 -54.3753 -10.4695 -24.8091 47.3172
-29.894 63.4002 -54.1388 -10.5292 -24.9497 47.2964
-29.9468 63.2751 -53.9023 -10.5889 -25.0906 47.2756
-29.9999 63.1493 -53.666 -10.6488 -25.2316 47.2547
-30.0533 63.0227 -53.4298 -10.7087 -25.3727 47.2337
-30.1069 62.8955 -53.1937 -10.7687 -25.5141 47.2126
-30.1609 62.7676 -52.9577 -10.8289 -25.6556 47.1915
-30.2152 62.639 -52.7218 -10.8891 -25.7973 47.1702
-30.2698 62.5096 -52.486 -10.9494 -25.9392 47.1489
-30.3247 62.3796 -52.2503 -11.0099 -26.0812 47.1275
-30.3799 62.2488 -52.0147 -11.0705 -26.2234 47.106
-30.4354 62.1173 -51.7792 -11.1312 -26.3658 47.0845
-30.4912 61.9852 -51.5438 -11.192 -26.5084 47.0629
-30.5474 61.8523 -51.3086 -11.2529 -26.6512 47.0413
-30.6038 61.7187 -51.0734 -11.314 -26.7942 47.0196
-30.6605 61.5843 -50.8384 -11.3752 -26.9374 46.9978
-30.7175 61.4493 -50.6035 -11.4365 -27.0808 46.976
-30.7749 61.3135 -50.3686 -11.498 -27.2244 46.9541
-30.8325 61.177 -50.1339 -11.5596 -27.3683 46.9322
-30.8905 61.0398 -49.8993 -11.6214 -27.5123 46.9103
-30.9487 60.9019 -49.6648 -11.6833 -27.6566 46.8883
-31.0073 60.7633 -49.4304 -11.7454 -27.801 46.8663
-31.0662 60.6239 -49.1961 -11.8077 -27.9458 46.8442
-31.1254 60.4838 -48.962 -11.8701 -28.0907 46.8221
-31.1849 60.343 -48.7279 -11.9327 -28.2359 46.8001
-31.2447 60.2014 -48.494 -11.9955 -28.3814 46.778
-31.3048 60.0592 -48.2601 -12.0585 -28.5271 46.7559
-31.3653 59.9162 -48.0264 -12.1217 -28.673 46.7338
-31.426 59.7724 -47.7928 -12.1851 -28.8193 46.7116
-31.4871 59.628 -47.5593 -12.2487 -28.9658 46.6896
-31.5485 59.4828 -47.3259 -12.3125 -29.1126 46.6675
-31.6103 59.3369 -47.0926 -12.3766 -29.2596 46.6454
-31.6723 59.1902 -46.8595 -12.4409 -29.407 46.6234
-31.7347 59.0428 -46.6264 -12.5055 -29.5547 46.6013
-31.7974 58.8946 -46.3934 -12.5704 -29.7027 46.5794
-31.8604 58.7458 -46.1606 -12.6355 -29.851 46.5574
-31.9237 58.5961 -45.9279 -12.7009 -29.9997 46.5356
-31.9874 58.4458 -45.6952 -12.7666 -30.1487 46.5137
-32.0514 58.2946 -45.4627 -12.8326 -30.298 46.492
-32.1157 58.1428 -45.2303 -12.899 -30.4478 46.4703
-32.1804 57.9902 -44.998 -12.9656 -30.5979 46.4487
-32.2454 57.8368 -44.7658 -13.0327 -30.7484 46.4271
-32.3107 57.6827 -44.5338 -13.1001 -30.8993 46.4057
-32.3764 57.5278 -44.3018 -13.1679 -31.0507 46.3843
-32.4424 57.3722 -44.0699 -13.2362 -31.2024 46.3631
-32.5087 57.2158 -43.8381 -13.3048 -31.3547 46.3419
-32.5754 57.0586 -43.6065 -13.3739 -31.5074 46.3209
-32.6425 56.9007 -43.3749 -13.4435 -31.6606 46.3
-32.7099 56.742 -43.1435 -13.5135 -31.8143 46.2793
-32.7776 56.5826 -42.9121 -13.5841 -31.9685 46.2586
-32.8457 56.4223 -42.6809 -13.6553 -32.1232 46.2381
-32.9141 56.2613 -42.4498 -13.727 -32.2786 46.2178
-32.983 56.0996 -42.2187 -13.7992 -32.4345 46.1976
-33.0521 55.937 -41.9878 -13.8722 -32.5911 46.1776
-33.1217 55.7736 -41.757 -13.9458 -32.7483 46.1577
-33.1916 55.6095 -41.5262 -14.02 -32.9062 46.1379
-33.2619 55.4446 -41.2956 -14.0951 -33.0647 46.1184
-33.3326 55.2789 -41.065 -14.1708 -33.224 46.099
-33.4036 55.1123 -40.8346 -14.2474 -33.3841 46.0797
-33.475 54.945 -40.6042 -14.3248 -33.545 46.0606
-33.5468 54.7769 -40.374 -14.4031 -33.7067 46.0416
-33.6191 54.6079 -40.1438 -14.4824 -33.8692 46.0228
-33.6917 54.4382 -39.9137 -14.5626 -34.0327 46.0041
-33.7647 54.2676 -39.6838 -14.6439 -34.1971 45.9855
-33.8381 54.0962 -39.4539 -14.7262 -34.3625 45.967
-33.912 53.924 -39.2241 -14.8097 -34.5289 45.9486
-33.9862 53.7509 -38.9944 -14.8943 -34.6964 45.9302
-34.0609 53.577 -38.7648 -14.9802 -34.865 45.9118
-34.136 53.4023 -38.5353 -15.0674 -35.0348 45.8934
-34.2116 53.2267 -38.3059 -15.156 -35.2058 45.8749
-34.2876 53.0502 -38.0765 -15.246 -35.378 45.8563
-34.364 52.8729 -37.8473 -15.3374 -35.5515 45.8375
-34.4409 52.6947 -37.6182 -15.4304 -35.7264 45.8185
-34.5183 52.5156 -37.3891 -15.525 -35.9027 45.7991
-34.5962 52.3357 -37.1602 -15.6212 -36.0804 45.7794
-34.6745 52.1548 -36.9313 -15.7191 -36.2596 45.7591
-34.7534 51.9731 -36.7026 -15.8188 -36.4403 45.7383
-34.8327 51.7904 -36.4739 -15.9203 -36.6225 45.7168
-34.9126 51.6068 -36.2454 -16.0236 -36.8063 45.6944
-34.993 51.4224 -36.017 -16.1287 -36.9918 45.6711
-35.0739 51.2369 -35.7887 -16.2358 -37.1788 45.6467
-35.1553 51.0506 -35.5605 -16.3447 -37.3674 45.621
-35.2373 50.8633 -35.3325 -16.4556 -37.5577 45.5939
-35.3199 50.675 -35.1046 -16.5683 -37.7496 45.5652
-35.403 50.4858 -34.8769 -16.6829 -37.943 45.5348
-35.4867 50.2956 -34.6493 -16.7993 -38.1379 45.5025
-35.571 50.1044 -34.4218 -16.9174 -38.3344 45.4681
-35.6559 49.9122 -34.1946 -17.0372 -38.5322 45.4314
-35.7414 49.7191 -33.9675 -17.1585 -38.7313 45.3922
-35.8275 49.5249 -33.7407 -17.2813 -38.9317 45.3504
-35.9142 49.3297 -33.514 -17.4053 -39.1331 45.3059
-36.0015 49.1336 -33.2876 -17.5305 -39.3355 45.2585
-36.0895 48.9364 -33.0614 -17.6567 -39.5387 45.2081
-36.1781 48.7382 -32.8355 -17.7836 -39.7425 45.1546
-36.2673 48.539 -32.6099 -17.911 -39.9468 45.0979
-36.3572 48.3387 -32.3846 -18.0388 -40.1515 45.038
-36.4477 48.1374 -32.1595 -18.1667 -40.3562 44.9748
-36.5389 47.9352 -31.9348 -18.2945 -40.5609 44.9085
-36.6307 47.7318 -31.7104 -18.422 -40.7654 44.8389
-36.7231 47.5275 -31.4864 -18.5489 -40.9695 44.7663
-36.8161 47.3221 -31.2628 -18.6751 -41.173 44.6906
-36.9098 47.1158 -31.0395 -18.8004 -41.3758 44.6121
-37.0041 46.9084 -30.8167 -18.9245 -41.5777 44.5308
-37.0991 46.7 -30.5942 -19.0473 -41.7787 44.4469
-37.1946 46.4906 -30.3722 -19.1688 -41.9785 44.3607
-37.2907 46.2802 -30.1506 -19.2886 -42.1771 44.2722
-37.3875 46.0688 -29.9295 -19.4068 -42.3745 44.1817
-37.4848 45.8565 -29.7088 -19.5233 -42.5705 44.0894
-37.5827 45.6431 -29.4886 -19.6379 -42.7652 43.9955
-37.6812 45.4288 -29.2688 -19.7508 -42.9584 43.9001
-37.7802 45.2136 -29.0496 -19.8617 -43.1503 43.8035
-37.8798 44.9973 -28.8308 -19.9708 -43.3407 43.7059
-37.9799 44.7802 -28.6125 -20.0781 -43.5297 43.6073
-38.0806 44.562 -28.3947 -20.1834 -43.7173 43.5081
-38.1817 44.343 -28.1774 -20.287 -43.9036 43.4082
-38.2834 44.123 -27.9606 -20.3888 -44.0885 43.3079
-38.3856 43.9021 -27.7444 -20.489 -44.2722 43.2073
-38.4883 43.6803 -27.5286 -20.5874 -44.4547 43.1065
-38.5915 43.4576 -27.3133 -20.6843 -44.636 43.0055
-38.6952 43.2339 -27.0985 -20.7796 -44.8162 42.9045
-38.7993 43.0094 -26.8842 -20.8735 -44.9953 42.8035
-38.9039 42.784 -26.6705 -20.966 -45.1735 42.7026
-39.009 42.5577 -26.4572 -21.0571 -45.3507 42.6019
-39.1145 42.3305 -26.2445 -21.1471 -45.527 42.5014
-39.2204 42.1024 -26.0322 -21.2358 -45.7026 42.401
-39.3268 41.8734 -25.8204 -21.3234 -45.8773 42.301
-39.4337 41.6436 -25.6092 -21.41 -46.0514 42.2012
-39.5409 41.4129 -25.3984 -21.4956 -46.2248 42.1017
-39.6486 41.1814 -25.1882 -21.5803 -46.3976 42.0025
-39.7567 40.949 -24.9784 -21.6641 -46.5699 41.9036
-39.8652 40.7157 -24.7691 -21.7471 -46.7416 41.805
-39.9742 40.4815 -24.5603 -21.8294 -46.9129 41.7067
-40.0835 40.2465 -24.3521 -21.9109 -47.0838 41.6087
-40.1933 40.0107 -24.1443 -21.9918 -47.2543 41.5109
-40.3035 39.774 -23.9369 -22.0721 -47.4245 41.4135
-40.414 39.5365 -23.7301 -22.1519 -47.5943 41.3163
-40.525 39.2981 -23.5238 -22.2311 -47.7639 41.2193
-40.6363 39.0588 -23.3179 -22.3099 -47.9333 41.1226
-40.7481 38.8187 -23.1126 -22.3882 -48.1025 41.0261
-40.8602 38.5778 -22.9077 -22.4661 -48.2714 40.9297
-40.9727 38.336 -22.7033 -22.5436 -48.4403 40.8336
-41.0856 38.0934 -22.4993 -22.6208 -48.609 40.7376
-41.1989 37.8499 -22.2959 -22.6977 -48.7776 40.6418
-41.3126 37.6056 -22.0929 -22.7743 -48.9462 40.546
-41.4267 37.3605 -21.8904 -22.8506 -49.1147 40.4504
-41.5411 37.1145 -21.6884 -22.9267 -49.2831 40.3548
-41.6559 36.8676 -21.4869 -23.0026 -49.4516 40.2593
-41.7711 36.6199 -21.2858 -23.0783 -49.6201 40.1639
-41.8867 36.3714 -21.0852 -23.1538 -49.7885 40.0684
-42.0027 36.1221 -20.8851 -23.2292 -49.9571 39.973
-42.119 35.8719 -20.6855 -23.3044 -50.1257 39.8776
-42.2357 35.6208 -20.4863 -23.3795 -50.2943 39.7821
-42.3528 35.3689 -20.2877 -23.4545 -50.463 39.6866
-42.4703 35.1162 -20.0895 -23.5294 -50.6319 39.591
-42.5881 34.8626 -19.8918 -23.6042 -50.8008 39.4953
-42.7063 34.6082 -19.6945 -23.679 -50.9699 39.3995
-42.8249 34.3529 -19.4978 -23.7537 -51.1391 39.3036
-42.9439 34.0968 -19.3015 -23.8284 -51.3084 39.2076
-43.0632 33.8398 -19.1057 -23.903 -51.4779 39.1114
-43.1829 33.582 -18.9104 -23.9777 -51.6476 39.0151
-43.303 33.3233 -18.7155 -24.0523 -51.8174 38.9185
-43.4234 33.0638 -18.5212 -24.1269 -51.9874 38.8218
-43.5442 32.8035 -18.3273 -24.2015 -52.1576 38.7249
-43.6654 32.5422 -18.1339 -24.2762 -52.3281 38.6277
-43.787 32.2802 -17.941 -24.3508 -52.4987 38.5303
-43.9089 32.0173 -17.7486 -24.4255 -52.6695 38.4327
-44.0312 31.7535 -17.5567 -24.5003 -52.8405 38.3348
-44.1539 31.4889 -17.3653 -24.575 -53.0118 38.2366
-44.277 31.2234 -17.1743 -24.6499 -53.1833 38.1381
-44.4004 30.957 -16.9839 -24.7247 -53.3551 38.0393
-44.5242 30.6898 -16.794 -24.7997 -53.527 37.9402
-44.6484 30.4217 -16.6045 -24.8747 -53.6993 37.8408
-44.773 30.1528 -16.4155 -24.9498 -53.8718 37.741
-44.8979 29.883 -16.2271 -25.0249 -54.0446 37.6409
-45.0232 29.6124 -16.0391 -25.1001 -54.2176 37.5404
-45.1489 29.3409 -15.8517 -25.1754 -54.3909 37.4396
-45.275 29.0685 -15.6647 -25.2508 -54.5645 37.3383
-45.4014 28.7952 -15.4783 -25.3263 -54.7384 37.2367
-45.5283 28.5211 -15.2924 -25.4019 -54.9126 37.1347
-45.6555 28.2461 -15.107 -25.4775 -55.0871 37.0322
-45.783 27.9702 -14.922 -25.5533 -55.2618 36.9293
-45.911 27.6935 -14.7377 -25.6292 -55.4369 36.826
-46.0393 27.4158 -14.5538 -25.7052 -55.6123 36.7223
-46.168 27.1373 -14.3704 -25.7812 -55.788 36.6181
-46.2971 26.858 -14.1876 -25.8574 -55.964 36.5134
-46.4266 26.5777 -14.0053 -25.9337 -56.1404 36.4083
-46.5565 26.2966 -13.8235 -26.0101 -56.3171 36.3027
-46.6867 26.0145 -13.6423 -26.0867 -56.4941 36.1966
-46.8173 25.7316 -13.4616 -26.1633 -56.6714 36.09
-46.9483 25.4478 -13.2814 -26.2401 -56.8491 35.9829
-47.0797 25.1631 -13.1017 -26.317 -57.0271 35.8753
-47.2115 24.8775 -12.9226 -26.394 -57.2055 35.7671
-47.3437 24.5911 -12.7441 -26.4711 -57.3842 35.6584
-47.4762 24.3037 -12.566 -26.5484 -57.5633 35.5492
-47.6092 24.0154 -12.3886 -26.6258 -57.7428 35.4394
-47.7425 23.7263 -12.2116 -26.7033 -57.9226 35.3291
-47.8762 23.4362 -12.0353 -26.781 -58.1028 35.2182
-48.0103 23.1452 -11.8595 -26.8587 -58.2833 35.1067
-48.1448 22.8534 -11.6842 -26.9367 -58.4643 34.9946
-48.2797 22.5606 -11.5095 -27.0147 -58.6456 34.882
-48.4149 22.2669 -11.3354 -27.0929 -58.8273 34.7688
-48.5506 21.9723 -11.1618 -27.1713 -59.0094 34.6549
-48.6866 21.6768 -10.9888 -27.2497 -59.1918 34.5404
-48.8231 21.3804 -10.8164 -27.3283 -59.3747 34.4253
-48.9599 21.0831 -10.6446 -27.4071 -59.558 34.3096
-49.0972 20.7848 -10.4733 -27.486 -59.7417 34.1933
-49.2348 20.4857 -10.3027 -27.565 -59.9257 34.0763
-49.3728 20.1856 -10.1326 -27.6442 -60.1102 33.9586
-49.5112 19.8846 -9.96306 -27.7235 -60.2951 33.8403
-49.65 19.5826 -9.79416 -27.803 -60.4805 33.7213
-49.7893 19.2798 -9.62585 -27.8826 -60.6662 33.6016
-49.9289 18.976 -9.45814 -27.9624 -60.8524 33.4813
-50.0689 18.6712 -9.29104 -28.0423 -61.039 33.3603
-50.2093 18.3656 -9.12454 -28.1224 -61.226 33.2385
-50.3501 18.059 -8.95865 -28.2026 -61.4135 33.1161
-50.4913 17.7514 -8.79338 -28.2829 -61.6014 32.9929
-50.6329 17.443 -8.62872 -28.3635 -61.7897 32.8691
-50.775 17.1335 -8.46469 -28.4441 -61.9785 32.7444
-50.9174 16.8232 -8.30128 -28.525 -62.1677 32.6191
-51.0602 16.5119 -8.1385 -28.606 -62.3574 32.493
-51.2034 16.1996 -7.97635 -28.6871 -62.5476 32.3662
-51.3471 15.8864 -7.81484 -28.7684 -62.7382 32.2386
-51.4911 15.5722 -7.65396 -28.8498 -62.9293 32.1102
-51.6356 15.2571 -7.49373 -28.9315 -63.1208 31.981
-51.7804 14.941 -7.33415 -29.0132 -63.3128 31.8511
-51.9257 14.624 -7.17522 -29.0952 -63.5053 31.7204
-52.0714 14.306 -7.01695 -29.1773 -63.6983 31.5889
-52.2175 13.987 -6.85933 -29.2595 -63.8917 31.4565
-52.364 13.667 -6.70238 -29.3419 -64.0856 31.3234
-52.5109 13.3461 -6.5461 -29.4245 -64.2801 31.1894
-52.6582 13.0242 -6.39049 -29.5073 -64.475 31.0546
-52.806 12.7014 -6.23555 -29.5902 -64.6704 30.919
-52.9541 12.3775 -6.0813 -29.6733 -64.8663 30.7825
-53.1027 12.0527 -5.92773 -29.7565 -65.0627 30.6451
-53.2517 11.7269 -5.77485 -29.8399 -65.2596 30.5069
-53.4011 11.4001 -5.62266 -29.9235 -65.457 30.3678
-53.5509 11.0723 -5.47117 -30.0073 -65.655 30.2278
-53.7012 10.7436 -5.32038 -30.0912 -65.8534 30.087
-53.8518 10.4138 -5.1703 -30.1753 -66.0524 29.9452
-54.0029 10.083 -5.02093 -30.2596 -66.2519 29.8025
-54.1544 9.75128 -4.87228 -30.344 -66.4519 29.6589
-54.3064 9.41852 -4.72434 -30.4287 -66.6525 29.5144
-54.4587 9.08475 -4.57713 -30.5135 -66.8536 29.369
-54.6115 8.74998 -4.43065 -30.5984 -67.0552 29.2226
-54.7647 8.4142 -4.28491 -30.6836 -67.2573 29.0752
-54.9183 8.07741 -4.1399 -30.7689 -67.4601 28.9269
-55.0724 7.7396 -3.99564 -30.8544 -67.6633 28.7776
-55.2269 7.40078 -3.85212 -30.9401 -67.8671 28.6273
-55.3818 7.06093 -3.70936 -31.026 -68.0715 28.4761
-55.5371 6.72006 -3.56736 -31.112 -68.2764 28.3238
-55.6929 6.37817 -3.42613 -31.1983 -68.4819 28.1705
-55.8491 6.03524 -3.28566 -31.2847 -68.6879 28.0162
-56.0058 5.69129 -3.14596 -31.3713 -68.8946 27.8609
-56.1628 5.34629 -3.00705 -31.4581 -69.1018 27.7045
-56.3204 5.00027 -2.86892 -31.5451 -69.3095 27.5471
-56.4783 4.6532 -2.73158 -31.6323 -69.5179 27.3886
-56.6367 4.30509 -2.59503 -31.7197 -69.7268 27.2291
-56.7955 3.95593 -2.45929 -31.8072 -69.9363 27.0684
-56.9547 3.60572 -2.32435 -31.895 -70.1464 26.9067
-57.1144 3.25447 -2.19022 -31.9829 -70.3571 26.7439
-57.2746 2.90215 -2.05691 -32.071 -70.5684 26.5799
-57.4352 2.54878 -1.92442 -32.1594 -70.7803 26.4148
-57.5962 2.19435 -1.79276 -32.2479 -70.9928 26.2486
-57.7576 1.83885 -1.66193 -32.3366 -71.2059 26.0813
-57.9195 1.48229 -1.53195 -32.4256 -71.4196 25.9127
-58.0819 1.12466 -1.40281 -32.5147 -71.634 25.743
-58.2447 0.76595 -1.27452 -32.604 -71.8489 25.5721
-58.4079 0.406167 -1.14708 -32.6935 -72.0645 25.4
-58.5716 0.0453045 -1.02052 -32.7833 -72.2807 25.2267
-58.7358 -0.31664 -0.894817 -32.8732 -72.4975 25.0522
-58.9004 -0.679671 -0.769994 -32.9633 -72.715 24.8764
-59.0654 -1.04379 -0.646053 -33.0537 -72.9331 24.6994
-59.2309 -1.409 -0.523 -33.1443 -73.1518 24.5212
-59.3968 -1.77531 -0.400841 -33.235 -73.3712 24.3416
-59.5632 -2.14271 -0.279584 -33.326 -73.5912 24.1608
-59.7301 -2.51122 -0.159233 -33.4172 -73.8119 23.9787
-59.8974 -2.88083 -0.0397969 -33.5086 -74.0332 23.7952
-60.0652 -3.25155 0.078719 -33.6002 -74.2552 23.6104
-60.2334 -3.62339 0.196308 -33.692 -74.4779 23.4243
-60.4021 -3.99633 0.312962 -33.7841 -74.7012 23.2369
-60.5713 -4.3704 0.428676 -33.8763 -74.9251 23.048
-60.7409 -4.74559 0.543442 -33.9688 -75.1498 22.8578
-60.9109 -5.1219 0.657254 -34.0615 -75.3751 22.6661
-61.0815 -5.49934 0.770104 -34.1544 -75.6011 22.4731
-61.2525 -5.87791 0.881985 -34.2475 -75.8278 22.2786
-61.424 -6.25762 0.992889 -34.3409 -76.0552 22.0827
-61.5959 -6.63846 1.10281 -34.4345 -76.2833 21.8853
-61.7683 -7.02045 1.21174 -34.5283 -76.512 21.6864
-61.9412 -7.40358 1.31967 -34.6223 -76.7415 21.486
-62.1145 -7.78786 1.4266 -34.7165 -76.9716 21.2841
-62.2883 -8.1733 1.53252 -34.811 -77.2025 21.0807
-62.4626 -8.55989 1.63741 -34.9057 -77.434 20.8758
-62.6374 -8.94764 1.74127 -35.0007 -77.6663 20.6693
-62.8126 -9.33655 1.8441 -35.0958 -77.8993 20.4611
-62.9884 -9.72663 1.94589 -35.1912 -78.133 20.2514
-63.1646 -10.1179 2.04662 -35.2869 -78.3674 20.0401
-63.3412 -10.5103 2.14629 -35.3827 -78.6026 19.8272
-63.5184 -10.9039 2.24489 -35.4788 -78.8384 19.6126
-63.696 -11.2987 2.34241 -35.5751 -79.0751 19.3963
-63.8741 -11.6947 2.43885 -35.6717 -79.3124 19.1783
-64.0527 -12.0918 2.5342 -35.7685 -79.5505 18.9586
-64.2318 -12.4902 2.62844 -35.8656 -79.7893 18.7372
-64.4114 -12.8897 2.72157 -35.9628 -80.0289 18.5141
-64.5914 -13.2905 2.81358 -36.0603 -80.2692 18.2891
-64.772 -13.6924 2.90446 -36.1581 -80.5103 18.0624
-64.953 -14.0956 2.9942 -36.2561 -80.7521 17.8339
-65.1346 -14.4999 3.0828 -36.3543 -80.9947 17.6035
-65.3166 -14.9055 3.17024 -36.4528 -81.238 17.3713
-65.4991 -15.3123 3.25651 -36.5515 -81.4822 17.1372
-65.6821 -15.7203 3.34161 -36.6505 -81.727 16.9012
-65.8656 -16.1296 3.42552 -36.7497 -81.9727 16.6632
-66.0496 -16.5401 3.50824 -36.8492 -82.2191 16.4234
-66.2341 -16.9518 3.58976 -36.9489 -82.4663 16.1815
-66.4191 -17.3647 3.67006 -37.0488 -82.7143 15.9377
-66.6046 -17.7789 3.74913 -37.149 -82.9631 15.6918
-66.7906 -18.1944 3.82697 -37.2495 -83.2127 15.4439
-66.9771 -18.611 3.90357 -37.3502 -83.463 15.194
-67.1641 -19.029 3.97891 -37.4511 -83.7142 14.9419
-67.3516 -19.4482 4.05299 -37.5523 -83.9661 14.6878
-67.5396 -19.8686 4.12579 -37.6537 -84.2189 14.4314
-67.7281 -20.2904 4.1973 -37.7554 -84.4724 14.173
-67.9171 -20.7134 4.26752 -37.8573 -84.7268 13.9123
-68.1067 -21.1376 4.33643 -37.9595 -84.9819 13.6494
-68.2967 -21.5632 4.40401 -38.0619 -85.2379 13.3842
-68.4873 -21.99 4.47027 -38.1646 -85.4947 13.1168
-68.6784 -22.4181 4.53518 -38.2675 -85.7523 12.847
-68.87 -22.8475 4.59874 -38.3707 -86.0107 12.5749
-69.0621 -23.2782 4.66093 -38.4741 -86.2699 12.3005
-69.2547 -23.7102 4.72174 -38.5778 -86.53 12.0236
-69.4479 -24.1435 4.78117 -38.6817 -86.7908 11.7443
-69.6415 -24.5782 4.83919 -38.7859 -87.0525 11.4625
-69.8357 -25.0141 4.89579 -38.8903 -87.3151 11.1783
-70.0304 -25.4513 4.95097 -38.995 -87.5784 10.8915
-70.2257 -25.8899 5.00471 -39.0999 -87.8426 10.6022
-70.4214 -26.3297 5.05699 -39.2051 -88.1076 10.3103
-70.6177 -26.7709 5.10781 -39.3105 -88.3735 10.0157
-70.8145 -27.2135 5.15715 -39.4161 -88.6402 9.7185
-71.0119 -27.6573 5.20499 -39.522 -88.9077 9.41859
-71.2098 -28.1025 5.25133 -39.6282 -89.1761 9.11594
-71.4082 -28.5491 5.29615 -39.7346 -89.4453 8.81053
-71.6071 -28.997 5.33944 -39.8412 -89.7153 8.5023
-71.8066 -29.4462 5.38117 -39.948 -89.9862 8.19123
-72.0066 -29.8969 5.42135 -40.0552 -90.2579 7.87728
-72.2071 -30.3488 5.45995 -40.1625 -90.5305 7.56041
-72.4082 -30.8022 5.49695 -40.2701 -90.8039 7.24057
-72.6098 -31.2569 5.53235 -40.3779 -91.0781 6.91772
-72.812 -31.7129 5.56613 -40.4859 -91.3532 6.59184
-73.0147 -32.1704 5.59827 -40.5942 -91.6291 6.26286
-73.2179 -32.6292 5.62876 -40.7027 -91.9058 5.93075
-73.4217 -33.0895 5.65758 -40.8114 -92.1834 5.59547
-73.6261 -33.5511 5.68471 -40.9204 -92.4618 5.25697
-73.8309 -34.0141 5.71015 -41.0296 -92.7411 4.9152
-74.0364 -34.4785 5.73386 -41.139 -93.0212 4.57012
-74.2423 -34.9443 5.75585 -41.2486 -93.3021 4.22169
-74.4488 -35.4115 5.77608 -41.3584 -93.5838 3.86984
-74.6559 -35.8801 5.79455 -41.4684 -93.8664 3.51454
-74.8635 -36.3502 5.81123 -41.5787 -94.1498 3.15574
-75.0717 -36.8216 5.8261 -41.6891 -94.434 2.79337
-75.2804 -37.2945 5.83916 -41.7998 -94.719 2.4274
-75.4897 -37.7688 5.85038 -41.9106 -95.0048 2.05777
-75.6995 -38.2446 5.85974 -42.0216 -95.2915 1.68442
-75.9099 -38.7217 5.86722 -42.1329 -95.5789 1.3073
-76.1208 -39.2004 5.87281 -42.2443 -95.8671 0.926356
-76.3323 -39.6804 5.87648 -42.3558 -96.1561 0.541525
-76.5444 -40.1619 5.87822 -42.4676 -96.4459 0.152752
-76.757 -40.6449 5.87801 -42.5795 -96.7365 -0.240024
-76.9702 -41.1293 5.87582 -42.6916 -97.0278 -0.636864
-77.1839 -41.6151 5.87164 -42.8038 -97.3199 -1.03783
-77.3982 -42.1025 5.86544 -42.9162 -97.6128 -1.44298
-77.6131 -42.5913 5.85721 -43.0287 -97.9064 -1.85239
-77.8285 -43.0815 5.84692 -43.1414 -98.2007 -2.26611
-78.0445 -43.5733 5.83455 -43.2542 -98.4958 -2.68422
-78.2611 -44.0665 5.82008 -43.3671 -98.7915 -3.10679
-78.4782 -44.5612 5.80348 -43.4801 -99.088 -3.53388
-78.6959 -45.0574 5.78474 -43.5932 -99.3852 -3.96556
-78.9141 -45.5551 5.76382 -43.7065 -99.683 -4.40192
-79.1329 -46.0542 5.74072 -43.8198 -99.9816 -4.84302
-79.3523 -46.5549 5.71539 -43.9332 -100.281 -5.28894
-79.5723 -47.057 5.68783 -44.0467 -100.581 -5.73975
-79.7928 -47.5607 5.65799 -44.1602 -100.881 -6.19555
-80.0139 -48.0658 5.62587 -44.2738 -101.182 -6.6564
-80.2355 -48.5725 5.59143 -44.3874 -101.484 -7.12239
-80.4577 -49.0807 5.55464 -44.5011 -101.786 -7.59361
-80.6805 -49.5904 5.51549 -44.6147 -102.089 -8.07013
-80.9039 -50.1016 5.47394 -44.7284 -102.392 -8.55206
-81.1278 -50.6143 5.42997 -44.842 -102.696 -9.03948
-81.3523 -51.1285 5.38355 -44.9557 -103 -9.53247
-81.5774 -51.6443 5.33464 -45.0693 -103.305 -10.0311
-81.803 -52.1616 5.28323 -45.1828 -103.61 -10.5356
-82.0292 -52.6804 5.22929 -45.2963 -103.916 -11.0459
-82.256 -53.2007 5.17277 -45.4097 -104.222 -11.5622
-82.4833 -53.7226 5.11366 -45.523 -104.529 -12.0845
-82.7112 -54.246 5.05193 -45.6362 -104.836 -12.613
-82.9397 -54.771 4.98753 -45.7493 -105.143 -13.1478
-83.1687 -55.2975 4.92045 -45.8622 -105.45 -13.689
-83.3983 -55.8255 4.85064 -45.975 -105.758 -14.2367
-83.6284 -56.355 4.77808 -46.0875 -106.066 -14.791
-83.8592 -56.8861 4.70273 -46.1999 -106.374 -15.352
-84.0904 -57.4188 4.62456 -46.312 -106.683 -15.9199
-84.3223 -57.953 4.54353 -46.4239 -106.991 -16.4948
-84.5547 -58.4887 4.45961 -46.5355 -107.3 -17.0767
-84.7876 -59.026 4.37276 -46.6468 -107.608 -17.6659
-85.0212 -59.5648 4.28295 -46.7578 -107.917 -18.2624
-85.2552 -60.1051 4.19014 -46.8684 -108.226 -18.8663
-85.4898 -60.647 4.09428 -46.9787 -108.534 -19.4779
-85.725 -61.1905 3.99536 -47.0886 -108.843 -20.0972
-85.9607 -61.7355 3.89331 -47.198 -109.151 -20.7244
-86.197 -62.282 3.78811 -47.307 -109.459 -21.3597
-86.4338 -62.8301 3.67971 -47.4155 -109.767 -22.0031
-86.6711 -63.3797 3.56808 -47.5234 -110.074 -22.6548
-86.909 -63.9308 3.45316 -47.6309 -110.381 -23.315
-87.1475 -64.4835 3.33493 -47.7377 -110.688 -23.9838
-87.3864 -65.0377 3.21332 -47.8439 -110.994 -24.6614
-87.6259 -65.5934 3.08831 -47.9494 -111.299 -25.3479
-87.8659 -66.1507 2.95984 -48.0543 -111.604 -26.0436
-88.1064 -66.7094 2.82787 -48.1583 -111.908 -26.7485
-88.3475 -67.2697 2.69235 -48.2617 -112.211 -27.4628
-88.589 -67.8316 2.55324 -48.3641 -112.513 -28.1868
-88.8311 -68.3949 2.41048 -48.4657 -112.815 -28.9206
-89.0737 -68.9597 2.26403 -48.5664 -113.115 -29.6643
-89.3168 -69.526 2.11384 -48.6662 -113.414 -30.4182
-89.5604 -70.0939 1.95985 -48.7649 -113.712 -31.1825
-89.8044 -70.6632 1.80201 -48.8625 -114.009 -31.9573
-90.049 -71.2339 1.64027 -48.959 -114.304 -32.7428
-90.294 -71.8062 1.47458 -49.0543 -114.598 -33.5392
-90.5395 -72.3799 1.30488 -49.1483 -114.89 -34.3468
-90.7855 -72.9551 1.13111 -49.2411 -115.18 -35.1657
-91.0319 -73.5317 0.953218 -49.3325 -115.468 -35.9962
-91.2788 -74.1098 0.771145 -49.4224 -115.754 -36.8385
-91.5262 -74.6893 0.584831 -49.5108 -116.038 -37.6927
-91.7739 -75.2702 0.394215 -49.5976 -116.32 -38.5592
-92.0221 -75.8525 0.199236 -49.6828 -116.599 -39.438
-92.2708 -76.4362 -0.000168203 -49.7662 -116.876 -40.3296
-92.5198 -77.0212 -0.204063 -49.8478 -117.15 -41.2341
-92.7693 -77.6077 -0.412512 -49.9275 -117.421 -42.1517
-93.0191 -78.1954 -0.625582 -50.0052 -117.689 -43.0827
-93.2693 -78.7845 -0.843342 -50.0808 -117.953 -44.0273
-93.5199 -79.375 -1.06586 -50.1542 -118.214 -44.9858
-93.7708 -79.9667 -1.2932 -50.2253 -118.471 -45.9585
-94.0221 -80.5597 -1.52545 -50.2939 -118.725 -46.9456
-94.2738 -81.1539 -1.76266 -50.3601 -118.974 -47.9474
-94.5257 -81.7494 -2.00493 -50.4236 -119.219 -48.9641
-94.778 -82.3461 -2.25231 -50.4844 -119.459 -49.9961
-95.0306 -82.944 -2.50489 -50.5423 -119.695 -51.0435
-95.2834 -83.5431 -2.76275 -50.5973 -119.925 -52.1068
-95.5366 -84.1433 -3.02596 -50.649 -120.15 -53.1861
-95.7899 -84.7446 -3.29461 -50.6975 -120.369 -54.2818
-96.0435 -85.347 -3.56878 -50.7425 -120.583 -55.3942
-96.2974 -85.9504 -3.84856 -50.784 -120.79 -56.5235
-96.5514 -86.5549 -4.13402 -50.8217 -120.99 -57.6701
-96.8056 -87.1603 -4.42526 -50.8554 -121.184 -58.8342
-97.0599 -87.7667 -4.72237 -50.8851 -121.37 -60.0162
-97.3144 -88.374 -5.02543 -50.9105 -121.548 -61.2165
-97.569 -88.9822 -5.33454 -50.9314 -121.718 -62.4352
-97.8237 -89.5912 -5.64979 -50.9477 -121.88 -63.6728
-98.0785 -90.201 -5.97127 -50.9591 -122.033 -64.9295
-98.3333 -90.8115 -6.29909 -50.9654 -122.176 -66.2056
-98.5882 -91.4227 -6.63333 -50.9664 -122.31 -67.5016
-98.843 -92.0346 -6.97411 -50.9618 -122.433 -68.8177
-99.0978 -92.6471 -7.32151 -50.9515 -122.546 -70.1542
-99.3525 -93.2601 -7.67566 -50.9351 -122.647 -71.5115
-99.6071 -93.8735 -8.03663 -50.9124 -122.736 -72.8898
-99.8616 -94.4874 -8.40456 -50.8831 -122.812 -74.2895
-100.116 -95.1017 -8.77954 -50.847 -122.875 -75.711
-100.37 -95.7162 -9.16167 -50.8037 -122.925 -77.1545
-100.624 -96.3309 -9.55109 -50.7528 -122.96 -78.6203
-100.878 -96.9458 -9.94788 -50.6942 -122.98 -80.1088
-101.131 -97.5607 -10.3522 -50.6275 -122.984 -81.6202
-101.384 -98.1756 -10.7641 -50.5523 -122.972 -83.1548
-101.636 -98.7904 -11.1837 -50.4682 -122.942 -84.7129
-101.889 -99.405 -11.6112 -50.3748 -122.894 -86.2948
-102.14 -100.019 -12.0467 -50.2719 -122.827 -87.9007
-102.391 -100.633 -12.4902 -50.1589 -122.74 -89.5309
-102.642 -101.247 -12.942 -50.0355 -122.632 -91.1855
-102.892 -101.86 -13.4021 -49.9011 -122.503 -92.8649
-103.141 -102.472 -13.8707 -49.7555 -122.35 -94.5691
-103.389 -103.083 -14.3478 -49.598 -122.174 -96.2983
-103.637 -103.694 -14.8337 -49.4282 -121.973 -98.0527
-103.883 -104.303 -15.3283 -49.2455 -121.745 -99.8324
-104.129 -104.911 -15.832 -49.0495 -121.491 -101.637
-104.374 -105.518 -16.3447 -48.8397 -121.208 -103.468
-104.618 -106.123 -16.8667 -48.6154 -120.895 -105.324
-104.86 -106.727 -17.398 -48.3761 -120.552 -107.205
-105.101 -107.329 -17.9387 -48.1211 -120.176 -109.111
-105.341 -107.928 -18.4891 -47.8499 -119.766 -111.042
-105.58 -108.526 -19.0492 -47.5619 -119.322 -112.999
-105.817 -109.122 -19.6191 -47.2564 -118.84 -114.98
-106.052 -109.715 -20.199 -46.9327 -118.321 -116.985
-106.286 -110.305 -20.7889 -46.5901 -117.762 -119.014
-106.518 -110.892 -21.3891 -46.228 -117.162 -121.067
-106.749 -111.477 -21.9996 -45.8456 -116.519 -123.143
-106.977 -112.057 -22.6205 -45.4423 -115.831 -125.241
-107.203 -112.635 -23.252 -45.0172 -115.097 -127.36
-107.427 -113.208 -23.8942 -44.5697 -114.315 -129.5
-107.649 -113.778 -24.547 -44.0989 -113.484 -131.66
-107.868 -114.343 -25.2108 -43.6042 -112.6 -133.839
-108.085 -114.904 -25.8854 -43.0848 -111.663 -136.035
-108.299 -115.46 -26.5711 -42.5398 -110.671 -138.248
-108.51 -116.011 -27.2679 -41.9685 -109.622 -140.475
-108.718 -116.556 -27.9759 -41.3702 -108.514 -142.716
-108.924 -117.096 -28.6951 -40.7442 -107.345 -144.968
-109.126 -117.63 -29.4256 -40.0896 -106.113 -147.23
-109.325 -118.157 -30.1674 -39.4057 -104.817 -149.499
-109.52 -118.678 -30.9206 -38.6919 -103.455 -151.774
-109.712 -119.191 -31.6851 -37.9475 -102.024 -154.052
-109.899 -119.698 -32.4611 -37.1719 -100.524 -156.331
-110.083 -120.197 -33.2485 -36.3644 -98.9528 -158.607
-110.263 -120.687 -34.0472 -35.5244 -97.3087 -160.879
-110.439 -121.17 -34.8572 -34.6516 -95.5903 -163.142
-110.61 -121.643 -35.6786 -33.7455 -93.7964 -165.393
-110.776 -122.108 -36.5112 -32.8056 -91.9258 -167.63
-110.938 -122.563 -37.3549 -31.8317 -89.9774 -169.848
-111.094 -123.007 -38.2097 -30.8235 -87.9504 -172.044
-111.246 -123.442 -39.0753 -29.7811 -85.8442 -174.214
-111.392 -123.866 -39.9518 -28.7042 -83.6583 -176.353
-111.533 -124.279 -40.8389 -27.593 -81.3923 -178.458
-111.668 -124.68 -41.7364 -26.4478 -79.0464 -180.524
-111.797 -125.069 -42.6441 -25.2687 -76.6208 -182.547
-111.921 -125.446 -43.5618 -24.0564 -74.1159 -184.521
-112.038 -125.81 -44.4893 -22.8112 -71.5327 -186.442
-112.149 -126.161 -45.4263 -21.534 -68.8723 -188.307
-112.253 -126.499 -46.3724 -20.2257 -66.1361 -190.109
-112.351 -126.823 -47.3274 -18.8871 -63.3258 -191.844
-112.442 -127.132 -48.2908 -17.5196 -60.4437 -193.508
-112.526 -127.427 -49.2624 -16.1243 -57.4921 -195.095
-112.603 -127.707 -50.2418 -14.7028 -54.4739 -196.602
-112.673 -127.972 -51.2284 -13.2566 -51.3922 -198.024
-112.736 -128.221 -52.222 -11.7876 -48.2505 -199.356
-112.791 -128.454 -53.222 -10.2974 -45.0525 -200.595
-112.839 -128.672 -54.2279 -8.78832 -41.8024 -201.738
-112.879 -128.872 -55.2393 -7.26232 -38.5046 -202.779
-112.912 -129.057 -56.2557 -5.72166 -35.1638 -203.717
-112.936 -129.224 -57.2765 -4.16871 -31.7849 -204.549
-112.953 -129.374 -58.3012 -2.60587 -28.373 -205.271
-112.962 -129.508 -59.3292 -1.03564 -24.9336 -205.882
-112.964 -129.624 -60.36 0.539445 -21.4721 -206.381
-112.957 -129.722 -61.393 2.1168 -17.9941 -206.765
-112.942 -129.804 -62.4276 3.69383 -14.5054 -207.034
-112.92 -129.868 -63.4633 5.26795 -11.0116 -207.188
-112.89 -129.914 -64.4995 6.83657 -7.5186 -207.227
-112.852 -129.943 -65.5356 8.39716 -4.03201 -207.15
-112.806 -129.954 -66.571 9.94723 -0.557475 -206.96
-112.752 -129.948 -67.6052 11.4844 2.89948 -206.657
-112.691 -129.925 -68.6375 13.0062 6.33351 -206.243
-112.622 -129.885 -69.6676 14.5106 9.73943 -205.72
-112.546 -129.828 -70.6947 15.9953 13.1123 -205.091
-112.462 -129.754 -71.7185 17.4584 16.4473 -204.358
-112.371 -129.663 -72.7383 18.8981 19.7401 -203.525
-112.273 -129.556 -73.7537 20.3125 22.9864 -202.596
-112.168 -129.433 -74.7643 21.7001 26.1824 -201.573
-112.056 -129.295 -75.7695 23.0594 29.3245 -200.461
-111.938 -129.14 -76.7689 24.3893 32.4094 -199.264
-111.812 -128.971 -77.7621 25.6884 35.4341 -197.986
-111.681 -128.786 -78.7487 26.9559 38.396 -196.632
-111.543 -128.587 -79.7284 28.1909 41.2928 -195.206
-111.399 -128.373 -80.7008 29.3927 44.1225 -193.712
-111.249 -128.145 -81.6655 30.5607 46.8834 -192.156
-111.093 -127.904 -82.6223 31.6945 49.574 -190.541
-110.932 -127.65 -83.5709 32.7938 52.1932 -188.872
-110.765 -127.382 -84.5111 33.8584 54.7403 -187.153
-110.593 -127.102 -85.4425 34.8883 57.2145 -185.389
-110.416 -126.81 -86.365 35.8835 59.6156 -183.585
-110.234 -126.506 -87.2783 36.8441 61.9435 -181.743
-110.048 -126.191 -88.1824 37.7704 64.1983 -179.868
-109.857 -125.864 -89.077 38.6626 66.3803 -177.964
-109.661 -125.527 -89.962 39.5213 68.49 -176.035
-109.462 -125.179 -90.8374 40.3468 70.528 -174.084
-109.258 -124.822 -91.7029 41.1396 72.4952 -172.114
-109.05 -124.454 -92.5585 41.9003 74.3925 -170.129
-108.839 -124.078 -93.4042 42.6296 76.221 -168.132
-108.624 -123.692 -94.2398 43.3281 77.9819 -166.126
-108.406 -123.298 -95.0654 43.9965 79.6764 -164.112
-108.184 -122.895 -95.881 44.6355 81.3058 -162.095
-107.959 -122.485 -96.6864 45.2459 82.8717 -160.075
-107.731 -122.067 -97.4817 45.8283 84.3754 -158.057
-107.501 -121.641 -98.267 46.3837 85.8185 -156.04
-107.268 -121.209 -99.0421 46.9127 87.2025 -154.028
-107.032 -120.769 -99.8073 47.4161 88.529 -152.023
-106.793 -120.323 -100.562 47.8948 89.7996 -150.025
-106.553 -119.871 -101.308 48.3495 91.0158 -148.037
-106.31 -119.413 -102.043 48.7811 92.1793 -146.059
-106.065 -118.949 -102.768 49.1901 93.2917 -144.094
-105.818 -118.48 -103.484 49.5776 94.3546 -142.141
-105.569 -118.006 -104.19 49.9441 95.3695 -140.203
-105.319 -117.526 -104.886 50.2904 96.338 -138.281
-105.066 -117.042 -105.572 50.6173 97.2617 -136.374
-104.812 -116.554 -106.249 50.9255 98.1421 -134.485
-104.557 -116.061 -106.917 51.2156 98.9806 -132.613
-104.3 -115.564 -107.576 51.4884 99.7787 -130.759
-104.042 -115.063 -108.225 51.7445 100.538 -128.924
-103.783 -114.559 -108.865 51.9845 101.26 -127.109
-103.522 -114.051 -109.496 52.2091 101.945 -125.313
-103.261 -113.539 -110.118 52.4189 102.596 -123.537
-102.998 -113.025 -110.731 52.6146 103.213 -121.782
-102.735 -112.507 -111.336 52.7965 103.798 -120.048
-102.47 -111.987 -111.932 52.9654 104.352 -118.334
-102.205 -111.464 -112.519 53.1218 104.876 -116.642
-101.939 -110.938 -113.098 53.2662 105.372 -114.971
-101.672 -110.41 -113.669 53.3991 105.84 -113.322
-101.405 -109.88 -114.231 53.5209 106.282 -111.695
-101.137 -109.347 -114.786 53.6322 106.698 -110.089
-100.869 -108.813 -115.332 53.7335 107.091 -108.506
-100.6 -108.276 -115.871 53.8251 107.46 -106.945
-100.33 -107.738 -116.402 53.9076 107.806 -105.406
-100.061 -107.198 -116.925 53.9812 108.132 -103.89
-99.7906 -106.657 -117.441 54.0465 108.437 -102.397
-99.5202 -106.114 -117.949 54.1038 108.723 -100.926
-99.2496 -105.569 -118.45 54.1534 108.989 -99.4792
-98.9787 -105.024 -118.944 54.1957 109.238 -98.0558
-98.7076 -104.477 -119.431 54.2311 109.469 -96.6563
-98.4364 -103.929 -119.91 54.2599 109.684 -95.2813
-98.165 -103.38 -120.383 54.2822 109.882 -93.9314
-97.8936 -102.83 -120.85 54.2984 110.063 -92.607
-97.622 -102.28 -121.309 54.3086 110.228 -91.3087
-97.3505 -101.728 -121.763 54.3129 110.377 -90.0372
-97.0789 -101.176 -122.21 54.3113 110.508 -88.7927
-96.8074 -100.623 -122.651 54.304 110.622 -87.5754
-96.5359 -100.07 -123.086 54.2906 110.716 -86.385
-96.2645 -99.5158 -123.515 54.2711 110.789 -85.2203
-95.9932 -98.9617 -123.938 54.2453 110.84 -84.0796
-95.722 -98.4074 -124.355 54.2129 110.869 -82.9602
-95.451 -97.8531 -124.767 54.1741 110.874 -81.8589
-95.1803 -97.2987 -125.174 54.1288 110.857 -80.7718
-94.9097 -96.7445 -125.575 54.0775 110.82 -79.6956
-94.6395 -96.1905 -125.971 54.0206 110.764 -78.6274
-94.3695 -95.6369 -126.361 53.9587 110.693 -77.5649
-94.0999 -95.0836 -126.747 53.8925 110.61 -76.5073
-93.8306 -94.5308 -127.126 53.8225 110.518 -75.4543
-93.5617 -93.9784 -127.501 53.7494 110.419 -74.4064
-93.2931 -93.4266 -127.87 53.6736 110.314 -73.3644
-93.0249 -92.8753 -128.235 53.5955 110.204 -72.3292
-92.7571 -92.3245 -128.594 53.5153 110.092 -71.3019
-92.4898 -91.7743 -128.948 53.4332 109.976 -70.2833
-92.2228 -91.2247 -129.297 53.3494 109.858 -69.2742
-91.9563 -90.6757 -129.64 53.264 109.737 -68.2753
-91.6902 -90.1274 -129.979 53.1771 109.614 -67.2871
-91.4245 -89.5796 -130.313 53.0888 109.488 -66.3098
-91.1593 -89.0325 -130.642 52.9992 109.36 -65.3439
-90.8945 -88.486 -130.967 52.9083 109.229 -64.3895
-90.6302 -87.9402 -131.286 52.8161 109.096 -63.4466
-90.3663 -87.395 -131.601 52.7228 108.96 -62.5155
-90.103 -86.8506 -131.912 52.6283 108.821 -61.5959
-89.8401 -86.3068 -132.217 52.5328 108.68 -60.6881
-89.5776 -85.7638 -132.518 52.4362 108.536 -59.7918
-89.3157 -85.2214 -132.815 52.3387 108.39 -58.9071
-89.0542 -84.6799 -133.107 52.2402 108.241 -58.0337
-88.7933 -84.139 -133.395 52.1408 108.089 -57.1717
-88.5328 -83.599 -133.679 52.0406 107.935 -56.3209
-88.2729 -83.0597 -133.959 51.9397 107.779 -55.4812
-88.0134 -82.5212 -134.234 51.8379 107.62 -54.6524
-87.7545 -81.9835 -134.505 51.7355 107.459 -53.8345
-87.4961 -81.4466 -134.772 51.6324 107.295 -53.0273
-87.2382 -80.9105 -135.035 51.5286 107.13 -52.2306
-86.9808 -80.3753 -135.295 51.4243 106.962 -51.4444
-86.7239 -79.8409 -135.55 51.3194 106.792 -50.6685
-86.4676 -79.3074 -135.801 51.214 106.62 -49.9028
-86.2118 -78.7747 -136.049 51.1081 106.446 -49.1471
-85.9565 -78.2429 -136.293 51.0017 106.27 -48.4013
-85.7018 -77.712 -136.533 50.8949 106.092 -47.6653
-85.4476 -77.182 -136.769 50.7877 105.912 -46.9389
-85.1939 -76.6529 -137.002 50.6801 105.73 -46.222
-84.9408 -76.1247 -137.232 50.5721 105.547 -45.5146
-84.6882 -75.5974 -137.458 50.4637 105.362 -44.8164
-84.4361 -75.0711 -137.68 50.355 105.175 -44.1273
-84.1846 -74.5457 -137.899 50.2459 104.987 -43.4473
-83.9337 -74.0212 -138.114 50.1365 104.797 -42.7761
-83.6833 -73.4977 -138.327 50.0267 104.605 -42.1136
-83.4334 -72.9752 -138.535 49.9166 104.412 -41.4598
-83.1841 -72.4536 -138.741 49.8062 104.217 -40.8144
-82.9353 -71.933 -138.944 49.6954 104.02 -40.1773
-82.6871 -71.4134 -139.143 49.5842 103.822 -39.5484
-82.4395 -70.8948 -139.339 49.4726 103.623 -38.9274
-82.1924 -70.3772 -139.532 49.3607 103.422 -38.3144
-81.9459 -69.8605 -139.722 49.2483 103.219 -37.7089
-81.6999 -69.345 -139.909 49.1356 103.015 -37.111
-81.4545 -68.8304 -140.093 49.0224 102.81 -36.5205
-81.2097 -68.3169 -140.274 48.9088 102.603 -35.9371
-80.9655 -67.8044 -140.453 48.7947 102.395 -35.3606
-80.7218 -67.2929 -140.628 48.6802 102.185 -34.791
-80.4787 -66.7825 -140.801 48.5653 101.974 -34.2279
-80.2361 -66.2732 -140.97 48.4499 101.762 -33.6713
-79.9942 -65.7649 -141.137 48.3341 101.549 -33.1209
-79.7528 -65.2577 -141.302 48.2178 101.334 -32.5765
-79.512 -64.7516 -141.463 48.1012 101.119 -32.0381
-79.2718 -64.2465 -141.622 47.9841 100.902 -31.5054
-79.0321 -63.7425 -141.778 47.8667 100.684 -30.9782
-78.7931 -63.2397 -141.932 47.749 100.466 -30.4564
-78.5546 -62.7379 -142.083 47.6309 100.247 -29.9399
-78.3168 -62.2372 -142.231 47.5126 100.027 -29.4285
-78.0795 -61.7376 -142.377 47.394 99.8066 -28.9221
-77.8428 -61.2391 -142.52 47.2752 99.5856 -28.4206
-77.6068 -60.7417 -142.661 47.1563 99.3642 -27.9239
-77.3713 -60.2455 -142.8 47.0372 99.1423 -27.4318
-77.1364 -59.7503 -142.936 46.9181 98.9202 -26.9443
-76.9021 -59.2563 -143.069 46.7988 98.6978 -26.4613
-76.6684 -58.7633 -143.2 46.6796 98.4752 -25.9827
-76.4353 -58.2715 -143.329 46.5604 98.2525 -25.5085
-76.2028 -57.7808 -143.455 46.4413 98.0298 -25.0386
-75.9709 -57.2912 -143.579 46.3222 97.807 -24.5729
-75.7396 -56.8027 -143.701 46.2032 97.5843 -24.1113
-75.5089 -56.3154 -143.82 46.0844 97.3617 -23.6539
-75.2787 -55.8291 -143.938 45.9658 97.1392 -23.2006
-75.0492 -55.344 -144.052 45.8474 96.9168 -22.7513
-74.8203 -54.86 -144.165 45.7292 96.6947 -22.3059
-74.5919 -54.377 -144.275 45.6112 96.4728 -21.8645
-74.3641 -53.8952 -144.384 45.4935 96.2511 -21.427
-74.137 -53.4145 -144.49 45.376 96.0298 -20.9934
-73.9104 -52.9349 -144.594 45.2589 95.8087 -20.5636
-73.6844 -52.4564 -144.695 45.142 95.588 -20.1376
-73.459 -51.9791 -144.795 45.0255 95.3676 -19.7153
-73.2341 -51.5028 -144.893 44.9093 95.1475 -19.2968
-73.0099 -51.0276 -144.988 44.7934 94.9279 -18.8819
-72.7862 -50.5535 -145.081 44.6779 94.7086 -18.4707
-72.5631 -50.0805 -145.173 44.5628 94.4897 -18.063
-72.3406 -49.6086 -145.262 44.448 94.2713 -17.659
-72.1186 -49.1378 -145.349 44.3337 94.0532 -17.2585
-71.8972 -48.6681 -145.435 44.2197 93.8356 -16.8615
-71.6764 -48.1994 -145.518 44.106 93.6184 -16.468
-71.4562 -47.7319 -145.599 43.9928 93.4016 -16.0779
-71.2365 -47.2654 -145.679 43.88 93.1853 -15.6912
-71.0174 -46.8 -145.756 43.7676 92.9694 -15.3079
-70.7988 -46.3357 -145.832 43.6556 92.754 -14.9279
-70.5808 -45.8725 -145.905 43.544 92.539 -14.5512
-70.3634 -45.4103 -145.977 43.4329 92.3245 -14.1778
-70.1465 -44.9492 -146.047 43.3221 92.1105 -13.8076
-69.9301 -44.4892 -146.115 43.2118 91.8969 -13.4406
-69.7144 -44.0303 -146.182 43.1019 91.6838 -13.0767
-69.4991 -43.5724 -146.246 42.9924 91.4712 -12.716
-69.2844 -43.1155 -146.309 42.8834 91.2591 -12.3584
-69.0703 -42.6598 -146.37 42.7748 91.0474 -12.0039
-68.8567 -42.2051 -146.429 42.6667 90.8362 -11.6524
-68.6436 -41.7514 -146.486 42.559 90.6254 -11.3039
-68.4311 -41.2988 -146.542 42.4517 90.4152 -10.9584
-68.2191 -40.8473 -146.596 42.3449 90.2054 -10.6158
-68.0076 -40.3968 -146.648 42.2385 89.9961 -10.2761
-67.7967 -39.9473 -146.699 42.1326 89.7873 -9.93934
-67.5863 -39.4989 -146.747 42.0272 89.5789 -9.60542
-67.3765 -39.0515 -146.795 41.9222 89.3711 -9.27432
-67.1671 -38.6052 -146.84 41.8176 89.1637 -8.94601
-66.9583 -38.1599 -146.884 41.7136 88.9568 -8.62048
-66.75 -37.7156 -146.926 41.6099 88.7503 -8.29769
-66.5422 -37.2724 -146.967 41.5068 88.5443 -7.97761
-66.3349 -36.8302 -147.006 41.4041 88.3388 -7.66022
-66.1281 -36.389 -147.044 41.3019 88.1338 -7.34549
-65.9219 -35.9488 -147.08 41.2002 87.9292 -7.03341
-65.7161 -35.5097 -147.114 41.099 87.7251 -6.72393
-65.5109 -35.0716 -147.147 40.9982 87.5215 -6.41704
-65.3061 -34.6345 -147.178 40.8979 87.3183 -6.11272
-65.1019 -34.1984 -147.208 40.7981 87.1156 -5.81094
-64.8982 -33.7633 -147.236 40.6988 86.9133 -5.51168
-64.6949 -33.3293 -147.263 40.5999 86.7115 -5.21492
-64.4922 -32.8962 -147.288 40.5016 86.5101 -4.92063
-64.2899 -32.4642 -147.312 40.4037 86.3091 -4.62879
-64.0881 -32.0331 -147.335 40.3064 86.1086 -4.33939
-63.8868 -31.6031 -147.356 40.2095 85.9085 -4.0524
-63.686 -31.174 -147.375 40.1131 85.7088 -3.76781
-63.4857 -30.746 -147.393 40.0172 85.5095 -3.48559
-63.2859 -30.3189 -147.41 39.9218 85.3106 -3.20572
-63.0865 -29.8929 -147.425 39.8269 85.1122 -2.92819
-62.8876 -29.4678 -147.439 39.7325 84.9141 -2.65298
-62.6892 -29.0437 -147.452 39.6386 84.7164 -2.38007
-62.4912 -28.6206 -147.463 39.5452 84.5191 -2.10945
-62.2937 -28.1985 -147.473 39.4522 84.3221 -1.84108
-62.0967 -27.7774 -147.482 39.3598 84.1255 -1.57497
-61.9001 -27.3573 -147.489 39.2678 83.9292 -1.31109
-61.704 -26.9381 -147.495 39.1763 83.7332 -1.04943
-61.5083 -26.52 -147.499 39.0852 83.5376 -0.789959
-61.3131 -26.1028 -147.503 38.9947 83.3423 -0.532672
-61.1184 -25.6865 -147.505 38.9045 83.1473 -0.27755
-60.9241 -25.2713 -147.505 38.8149 82.9525 -0.0245743
-60.7303 -24.857 -147.505 38.7256 82.7581 0.226272
-60.5368 -24.4437 -147.503 38.6368 82.5639 0.475006
-60.3439 -24.0314 -147.5 38.5484 82.3699 0.721646
-60.1514 -23.62 -147.496 38.4604 82.1762 0.966211
-59.9593 -23.2096 -147.49 38.3728 81.9827 1.20872
-59.7676 -22.8002 -147.484 38.2856 81.7894 1.44919
-59.5764 -22.3917 -147.476 38.1987 81.5964 1.68765
-59.3856 -21.9842 -147.467 38.1122 81.4035 1.92411
-59.1953 -21.5777 -147.457 38.026 81.2108 2.1586
-59.0054 -21.1721 -147.445 37.9401 81.0182 2.39114
-58.8159 -20.7675 -147.433 37.8545 80.8259 2.62176
-58.6268 -20.3638 -147.419 37.7692 80.6336 2.85047
-58.4382 -19.9612 -147.404 37.6841 80.4416 3.0773
-58.25 -19.5594 -147.388 37.5992 80.2496 3.30229
-58.0622 -19.1587 -147.371 37.5146 80.0578 3.52545
-57.8749 -18.7588 -147.353 37.4301 79.8662 3.74682
-57.6879 -18.36 -147.334 37.3458 79.6746 3.96643
-57.5014 -17.9621 -147.313 37.2616 79.4832 4.18429
-57.3153 -17.5652 -147.292 37.1776 79.2919 4.40046
-57.1296 -17.1692 -147.269 37.0937 79.1008 4.61495
-56.9444 -16.7742 -147.246 37.0098 78.9098 4.82779
-56.7595 -16.3801 -147.221 36.926 78.7189 5.03902
-56.5751 -15.987 -147.195 36.8423 78.5282 5.24868
-56.3911 -15.5948 -147.169 36.7586 78.3376 5.45679
-56.2075 -15.2036 -147.141 36.6749 78.1472 5.66338
-56.0244 -14.8133 -147.112 36.5911 77.9569 5.86849
-55.8416 -14.424 -147.082 36.5074 77.7669 6.07214
-55.6593 -14.0357 -147.051 36.4237 77.577 6.27438
-55.4774 -13.6483 -147.019 36.3399 77.3873 6.47523
-55.2959 -13.2618 -146.987 36.256 77.1979 6.67471
-55.1148 -12.8763 -146.953 36.1721 77.0087 6.87287
-54.9342 -12.4917 -146.918 36.0882 76.8197 7.06972
-54.7539 -12.1081 -146.882 36.0042 76.631 7.2653
-54.5741 -11.7254 -146.845 35.9201 76.4426 7.45962
-54.3947 -11.3436 -146.807 35.8359 76.2544 7.65273
-54.2158 -10.9628 -146.769 35.7517 76.0666 7.84463
-54.0372 -10.583 -146.729 35.6674 75.8791 8.03536
-53.8591 -10.2041 -146.688 35.5831 75.6919 8.22494
-53.6814 -9.82606 -146.647 35.4987 75.5051 8.41338
-53.5041 -9.449 -146.604 35.4142 75.3186 8.60071
-53.3272 -9.07288 -146.561 35.3296 75.1324 8.78695
-53.1508 -8.69768 -146.516 35.2451 74.9467 8.97211
-52.9748 -8.32341 -146.471 35.1604 74.7614 9.1562
