-75 75 -100 0 0 49
-75.0001 74.9996 -99.755 -0.0215529 -0.159583 49.0033
-75.0002 74.9984 -99.51 -0.043104 -0.319177 49.0065
-75.0005 74.9964 -99.2649 -0.0646536 -0.478781 49.0095
-75.0009 74.9936 -99.0199 -0.0862018 -0.638398 49.0123
-75.0013 74.99 -98.7748 -0.107749 -0.798027 49.015
-75.0019 74.9856 -98.5297 -0.129294 -0.957671 49.0175
-75.0026 74.9804 -98.2846 -0.150839 -1.11733 49.0199
-75.0034 74.9745 -98.0395 -0.172382 -1.27701 49.0221
-75.0044 74.9677 -97.7944 -0.193925 -1.4367 49.0241
-75.0054 74.9601 -97.5493 -0.215467 -1.59641 49.026
-75.0065 74.9517 -97.3041 -0.237008 -1.75614 49.0277
-75.0078 74.9425 -97.059 -0.258548 -1.91589 49.0292
-75.0091 74.9326 -96.8139 -0.280089 -2.07566 49.0306
-75.0106 74.9218 -96.5687 -0.301629 -2.23545 49.0318
-75.0121 74.9102 -96.3235 -0.323169 -2.39527 49.0329
-75.0138 74.8978 -96.0784 -0.344709 -2.55511 49.0338
-75.0156 74.8846 -95.8332 -0.366249 -2.71497 49.0346
-75.0175 74.8707 -95.588 -0.387789 -2.87486 49.0352
-75.0194 74.8559 -95.3428 -0.409329 -3.03478 49.0356
-75.0215 74.8403 -95.0977 -0.43087 -3.19473 49.0359
-75.0238 74.824 -94.8525 -0.452412 -3.35471 49.036
-75.0261 74.8068 -94.6073 -0.473954 -3.51471 49.0359
-75.0285 74.7888 -94.3621 -0.495497 -3.67475 49.0357
-75.031 74.77 -94.117 -0.517041 -3.83482 49.0354
-75.0337 74.7505 -93.8718 -0.538586 -3.99492 49.0348
-75.0364 74.7301 -93.6266 -0.560132 -4.15506 49.0341
-75.0393 74.7089 -93.3814 -0.581679 -4.31523 49.0333
-75.0422 74.6869 -93.1363 -0.603227 -4.47544 49.0323
-75.0453 74.6642 -92.8911 -0.624778 -4.63569 49.0311
-75.0485 74.6406 -92.646 -0.646329 -4.79598 49.0298
-75.0518 74.6162 -92.4008 -0.667883 -4.9563 49.0283
-75.0552 74.591 -92.1557 -0.689438 -5.11667 49.0266
-75.0587 74.565 -91.9105 -0.710995 -5.27707 49.0248
-75.0623 74.5382 -91.6654 -0.732554 -5.43752 49.0228
-75.066 74.5107 -91.4203 -0.754116 -5.59802 49.0207
-75.0698 74.4823 -91.1752 -0.77568 -5.75856 49.0184
-75.0737 74.4531 -90.9301 -0.797246 -5.91914 49.016
-75.0778 74.4231 -90.6851 -0.818814 -6.07977 49.0133
-75.0819 74.3923 -90.44 -0.840386 -6.24045 49.0106
-75.0862 74.3607 -90.195 -0.86196 -6.40118 49.0076
-75.0905 74.3283 -89.9499 -0.883537 -6.56196 49.0045
-75.095 74.295 -89.7049 -0.905116 -6.72279 49.0013
-75.0996 74.261 -89.4599 -0.926699 -6.88367 48.9978
-75.1043 74.2262 -89.2149 -0.948286 -7.04461 48.9942
-75.1091 74.1906 -88.97 -0.969875 -7.2056 48.9905
-75.114 74.1542 -88.725 -0.991468 -7.36664 48.9866
-75.119 74.1169 -88.4801 -1.01306 -7.52774 48.9825
-75.1241 74.0789 -88.2352 -1.03466 -7.6889 48.9783
-75.1293 74.04 -87.9903 -1.05627 -7.85012 48.9739
-75.1347 74.0004 -87.7455 -1.07788 -8.0114 48.9693
-75.1401 73.9599 -87.5006 -1.09949 -8.17274 48.9646
-75.1457 73.9186 -87.2558 -1.1211 -8.33414 48.9597
-75.1513 73.8766 -87.011 -1.14272 -8.4956 48.9547
-75.1571 73.8337 -86.7663 -1.16435 -8.65713 48.9495
-75.163 73.79 -86.5215 -1.18597 -8.81873 48.9441
-75.169 73.7455 -86.2768 -1.20761 -8.98039 48.9385
-75.175 73.7002 -86.0321 -1.22924 -9.14211 48.9328
-75.1812 73.6541 -85.7875 -1.25089 -9.30391 48.927
-75.1876 73.6072 -85.5429 -1.27253 -9.46578 48.9209
-75.194 73.5594 -85.2983 -1.29418 -9.62771 48.9148
-75.2005 73.5109 -85.0537 -1.31584 -9.78972 48.9084
-75.2071 73.4615 -84.8092 -1.3375 -9.9518 48.9019
-75.2139 73.4114 -84.5647 -1.35917 -10.114 48.8952
-75.2207 73.3604 -84.3203 -1.38084 -10.2762 48.8883
-75.2277 73.3086 -84.0758 -1.40252 -10.4385 48.8813
-75.2348 73.256 -83.8314 -1.4242 -10.6009 48.8741
-75.2419 73.2026 -83.5871 -1.44589 -10.7634 48.8668
-75.2492 73.1484 -83.3428 -1.46758 -10.9259 48.8592
-75.2566 73.0933 -83.0985 -1.48928 -11.0885 48.8515
-75.2641 73.0375 -82.8543 -1.51098 -11.2512 48.8437
-75.2717 72.9808 -82.6101 -1.53269 -11.414 48.8357
-75.2794 72.9233 -82.3659 -1.55441 -11.5769 48.8275
-75.2873 72.8651 -82.1218 -1.57613 -11.7399 48.8191
-75.2952 72.8059 -81.8777 -1.59786 -11.9029 48.8106
-75.3032 72.746 -81.6337 -1.6196 -12.066 48.8019
-75.3114 72.6853 -81.3897 -1.64134 -12.2293 48.793
-75.3196 72.6237 -81.1457 -1.66308 -12.3926 48.784
-75.328 72.5614 -80.9018 -1.68484 -12.556 48.7748
-75.3365 72.4982 -80.658 -1.70659 -12.7195 48.7654
-75.3451 72.4342 -80.4142 -1.72836 -12.8831 48.7559
-75.3538 72.3693 -80.1704 -1.75013 -13.0468 48.7461
-75.3626 72.3037 -79.9267 -1.77191 -13.2106 48.7362
-75.3715 72.2372 -79.6831 -1.7937 -13.3744 48.7262
-75.3805 72.1699 -79.4395 -1.81549 -13.5384 48.716
-75.3897 72.1018 -79.1959 -1.83729 -13.7025 48.7055
-75.3989 72.0329 -78.9524 -1.85909 -13.8667 48.695
-75.4082 71.9632 -78.709 -1.8809 -14.031 48.6842
-75.4177 71.8926 -78.4656 -1.90272 -14.1953 48.6733
-75.4273 71.8212 -78.2222 -1.92455 -14.3598 48.6622
-75.4369 71.749 -77.979 -1.94638 -14.5244 48.6509
-75.4467 71.676 -77.7357 -1.96822 -14.6891 48.6394
-75.4566 71.6021 -77.4926 -1.99007 -14.8539 48.6278
-75.4666 71.5274 -77.2494 -2.01192 -15.0188 48.616
-75.4768 71.4519 -77.0064 -2.03378 -15.1839 48.604
-75.487 71.3756 -76.7634 -2.05564 -15.349 48.5919
-75.4973 71.2984 -76.5205 -2.07752 -15.5142 48.5795
-75.5077 71.2205 -76.2776 -2.0994 -15.6796 48.567
-75.5183 71.1417 -76.0348 -2.12128 -15.8451 48.5543
-75.529 71.062 -75.7921 -2.14317 -16.0107 48.5414
-75.5397 70.9815 -75.5494 -2.16507 -16.1764 48.5283
-75.5506 70.9002 -75.3068 -2.18698 -16.3422 48.5151
-75.5616 70.8181 -75.0642 -2.20889 -16.5081 48.5017
-75.5727 70.7352 -74.8218 -2.23081 -16.6742 48.4881
-75.5839 70.6514 -74.5794 -2.25274 -16.8404 48.4743
-75.5952 70.5668 -74.337 -2.27467 -17.0067 48.4603
-75.6067 70.4813 -74.0948 -2.29661 -17.1731 48.4462
-75.6182 70.395 -73.8526 -2.31856 -17.3397 48.4318
-75.6298 70.3079 -73.6104 -2.34051 -17.5063 48.4173
-75.6416 70.22 -73.3684 -2.36247 -17.6731 48.4026
-75.6535 70.1312 -73.1264 -2.38443 -17.8401 48.3877
-75.6654 70.0416 -72.8845 -2.4064 -18.0071 48.3726
-75.6775 69.9511 -72.6427 -2.42838 -18.1743 48.3573
-75.6897 69.8598 -72.4009 -2.45036 -18.3416 48.3419
-75.702 69.7677 -72.1593 -2.47234 -18.5091 48.3262
-75.7145 69.6747 -71.9177 -2.49434 -18.6767 48.3104
-75.727 69.5809 -71.6762 -2.51633 -18.8444 48.2943
-75.7396 69.4863 -71.4347 -2.53834 -19.0123 48.2781
-75.7524 69.3908 -71.1934 -2.56034 -19.1802 48.2617
-75.7652 69.2945 -70.9521 -2.58236 -19.3484 48.2451
-75.7782 69.1973 -70.7109 -2.60437 -19.5166 48.2283
-75.7913 69.0993 -70.4698 -2.62639 -19.685 48.2113
-75.8044 69.0005 -70.2288 -2.64842 -19.8536 48.1941
-75.8177 68.9008 -69.9879 -2.67045 -20.0223 48.1767
-75.8312 68.8003 -69.7471 -2.69248 -20.1911 48.1591
-75.8447 68.6989 -69.5063 -2.71452 -20.3601 48.1413
-75.8583 68.5967 -69.2656 -2.73655 -20.5292 48.1234
-75.872 68.4936 -69.0251 -2.7586 -20.6984 48.1052
-75.8859 68.3897 -68.7846 -2.78064 -20.8678 48.0868
-75.8998 68.2849 -68.5442 -2.80269 -21.0374 48.0682
-75.9139 68.1793 -68.3039 -2.82474 -21.2071 48.0495
-75.9281 68.0728 -68.0637 -2.84679 -21.3769 48.0305
-75.9424 67.9655 -67.8236 -2.86884 -21.5469 48.0113
-75.9568 67.8574 -67.5836 -2.89089 -21.7171 47.9919
-75.9713 67.7484 -67.3437 -2.91294 -21.8874 47.9723
-75.9859 67.6385 -67.1039 -2.935 -22.0578 47.9526
-76.0006 67.5278 -66.8642 -2.95705 -22.2284 47.9326
-76.0155 67.4162 -66.6245 -2.9791 -22.3991 47.9124
-76.0304 67.3038 -66.385 -3.00115 -22.5701 47.892
-76.0455 67.1905 -66.1456 -3.0232 -22.7411 47.8713
-76.0607 67.0764 -65.9063 -3.04525 -22.9123 47.8505
-76.0759 66.9614 -65.6671 -3.06729 -23.0837 47.8295
-76.0913 66.8455 -65.428 -3.08934 -23.2552 47.8083
-76.1068 66.7288 -65.189 -3.11137 -23.4269 47.7868
-76.1224 66.6113 -64.9502 -3.13341 -23.5988 47.7652
-76.1382 66.4928 -64.7114 -3.15544 -23.7708 47.7433
-76.154 66.3736 -64.4727 -3.17746 -23.943 47.7212
-76.1699 66.2534 -64.2342 -3.19948 -24.1153 47.6989
-76.186 66.1324 -63.9957 -3.22149 -24.2878 47.6764
-76.2022 66.0105 -63.7574 -3.2435 -24.4604 47.6537
-76.2184 65.8878 -63.5192 -3.2655 -24.6333 47.6308
-76.2348 65.7642 -63.2811 -3.28748 -24.8062 47.6076
-76.2513 65.6397 -63.0431 -3.30946 -24.9794 47.5843
-76.2679 65.5144 -62.8053 -3.33143 -25.1527 47.5607
-76.2846 65.3882 -62.5675 -3.35339 -25.3262 47.5369
-76.3014 65.2611 -62.3299 -3.37534 -25.4998 47.5129
-76.3184 65.1332 -62.0924 -3.39728 -25.6737 47.4887
-76.3354 65.0044 -61.855 -3.4192 -25.8476 47.4643
-76.3526 64.8747 -61.6177 -3.44111 -26.0218 47.4396
-76.3698 64.7442 -61.3806 -3.46301 -26.1961 47.4147
-76.3872 64.6128 -61.1436 -3.48489 -26.3706 47.3896
-76.4047 64.4805 -60.9067 -3.50675 -26.5453 47.3643
-76.4223 64.3473 -60.6699 -3.5286 -26.7201 47.3388
-76.44 64.2133 -60.4333 -3.55042 -26.8951 47.313
-76.4578 64.0784 -60.1968 -3.57223 -27.0703 47.2871
-76.4757 63.9426 -59.9604 -3.59402 -27.2457 47.2609
-76.4937 63.8059 -59.7242 -3.61579 -27.4212 47.2345
-76.5118 63.6684 -59.4881 -3.63753 -27.5969 47.2079
-76.5301 63.5299 -59.2521 -3.65925 -27.7728 47.181
-76.5484 63.3906 -59.0163 -3.68095 -27.9489 47.154
-76.5669 63.2505 -58.7806 -3.70262 -28.1251 47.1267
-76.5855 63.1094 -58.545 -3.72426 -28.3015 47.0992
-76.6041 62.9674 -58.3096 -3.74588 -28.4781 47.0714
-76.6229 62.8246 -58.0743 -3.76746 -28.6549 47.0435
-76.6418 62.6809 -57.8392 -3.78902 -28.8319 47.0153
-76.6608 62.5363 -57.6042 -3.81054 -29.009 46.9869
-76.6799 62.3908 -57.3693 -3.83203 -29.1864 46.9583
-76.6991 62.2444 -57.1346 -3.85348 -29.3639 46.9295
-76.7184 62.0972 -56.9 -3.87489 -29.5416 46.9004
-76.7379 61.949 -56.6656 -3.89627 -29.7194 46.8711
-76.7574 61.8 -56.4313 -3.91761 -29.8975 46.8416
-76.7771 61.65 -56.1972 -3.93891 -30.0758 46.8119
-76.7968 61.4992 -55.9632 -3.96016 -30.2542 46.782
-76.8167 61.3475 -55.7293 -3.98137 -30.4329 46.7518
-76.8366 61.1949 -55.4956 -4.00253 -30.6117 46.7214
-76.8567 61.0414 -55.2621 -4.02365 -30.7907 46.6908
-76.8769 60.887 -55.0287 -4.04471 -30.9699 46.66
-76.8971 60.7317 -54.7955 -4.06572 -31.1493 46.629
-76.9175 60.5755 -54.5625 -4.08668 -31.3289 46.5977
-76.938 60.4184 -54.3295 -4.10758 -31.5087 46.5662
-76.9586 60.2604 -54.0968 -4.12842 -31.6887 46.5346
-76.9793 60.1015 -53.8642 -4.1492 -31.8689 46.5026
-77.0001 59.9417 -53.6318 -4.16992 -32.0493 46.4705
-77.021 59.781 -53.3995 -4.19057 -32.2299 46.4381
-77.042 59.6194 -53.1674 -4.21116 -32.4107 46.4056
-77.0631 59.4569 -52.9354 -4.23167 -32.5917 46.3728
-77.0843 59.2935 -52.7037 -4.25211 -32.7729 46.3398
-77.1056 59.1292 -52.472 -4.27248 -32.9543 46.3065
-77.127 58.9639 -52.2406 -4.29277 -33.1359 46.2731
-77.1485 58.7978 -52.0093 -4.31297 -33.3178 46.2394
-77.1702 58.6308 -51.7782 -4.33309 -33.4998 46.2055
-77.1919 58.4628 -51.5472 -4.35313 -33.682 46.1714
-77.2137 58.2939 -51.3165 -4.37307 -33.8645 46.1371
-77.2356 58.1242 -51.0859 -4.39292 -34.0472 46.1026
-77.2576 57.9535 -50.8555 -4.41268 -34.2301 46.0678
-77.2797 57.7819 -50.6252 -4.43233 -34.4132 46.0328
-77.3019 57.6093 -50.3951 -4.45188 -34.5966 45.9977
-77.3242 57.4359 -50.1652 -4.47132 -34.7801 45.9622
-77.3466 57.2615 -49.9355 -4.49064 -34.9639 45.9266
-77.3691 57.0863 -49.706 -4.50986 -35.148 45.8908
-77.3917 56.9101 -49.4766 -4.52895 -35.3322 45.8547
-77.4144 56.7329 -49.2474 -4.54792 -35.5167 45.8184
-77.4372 56.5549 -49.0184 -4.56676 -35.7014 45.7819
-77.4601 56.3759 -48.7896 -4.58547 -35.8863 45.7452
-77.4831 56.196 -48.561 -4.60404 -36.0715 45.7082
-77.5061 56.0152 -48.3325 -4.62246 -36.2569 45.6711
-77.5293 55.8335 -48.1042 -4.64074 -36.4426 45.6337
-77.5526 55.6508 -47.8762 -4.65887 -36.6285 45.5961
-77.5759 55.4672 -47.6483 -4.67684 -36.8147 45.5582
-77.5993 55.2826 -47.4206 -4.69465 -37.0011 45.5202
-77.6228 55.0972 -47.1931 -4.71229 -37.1877 45.4819
-77.6464 54.9108 -46.9658 -4.72975 -37.3746 45.4433
-77.6701 54.7234 -46.7386 -4.74703 -37.5617 45.4046
-77.6939 54.5351 -46.5117 -4.76413 -37.7491 45.3656
-77.7178 54.3459 -46.285 -4.78103 -37.9368 45.3263
-77.7417 54.1558 -46.0585 -4.79774 -38.1247 45.2869
-77.7658 53.9647 -45.8321 -4.81424 -38.3129 45.2472
-77.7899 53.7726 -45.606 -4.83053 -38.5014 45.2072
-77.8141 53.5797 -45.3801 -4.8466 -38.6901 45.167
-77.8383 53.3857 -45.1543 -4.86244 -38.8791 45.1266
-77.8627 53.1909 -44.9288 -4.87805 -39.0683 45.0858
-77.8871 52.9951 -44.7035 -4.89342 -39.2578 45.0449
-77.9116 52.7983 -44.4783 -4.90854 -39.4476 45.0036
-77.9362 52.6006 -44.2534 -4.92341 -39.6377 44.9621
-77.9609 52.4019 -44.0287 -4.93802 -39.8281 44.9203
-77.9856 52.2023 -43.8042 -4.95235 -40.0187 44.8783
-78.0104 52.0017 -43.5799 -4.96641 -40.2096 44.8359
-78.0352 51.8002 -43.3559 -4.98018 -40.4008 44.7933
-78.0602 51.5977 -43.132 -4.99366 -40.5923 44.7504
-78.0852 51.3943 -42.9084 -5.00684 -40.7841 44.7071
-78.1102 51.1899 -42.6849 -5.01971 -40.9761 44.6635
-78.1354 50.9845 -42.4617 -5.03226 -41.1685 44.6196
-78.1606 50.7782 -42.2387 -5.04449 -41.3611 44.5754
-78.1858 50.5709 -42.016 -5.05639 -41.5541 44.5308
-78.2111 50.3627 -41.7934 -5.06795 -41.7473 44.4859
-78.2365 50.1534 -41.5711 -5.07916 -41.9408 44.4406
-78.2619 49.9432 -41.349 -5.09002 -42.1347 44.395
-78.2874 49.7321 -41.1272 -5.10052 -42.3288 44.3489
-78.3129 49.52 -40.9055 -5.11065 -42.5232 44.3024
-78.3385 49.3069 -40.6841 -5.12041 -42.7179 44.2555
-78.3641 49.0928 -40.463 -5.12979 -42.9129 44.2082
-78.3898 48.8777 -40.242 -5.13879 -43.1083 44.1605
-78.4155 48.6617 -40.0214 -5.14741 -43.3039 44.1122
-78.4413 48.4447 -39.8009 -5.15563 -43.4998 44.0635
-78.4671 48.2267 -39.5807 -5.16346 -43.696 44.0143
-78.4929 48.0077 -39.3608 -5.17089 -43.8925 43.9646
-78.5188 47.7878 -39.1411 -5.17793 -44.0893 43.9144
-78.5447 47.5668 -38.9216 -5.18457 -44.2864 43.8636
-78.5706 47.3449 -38.7024 -5.19081 -44.4838 43.8122
-78.5966 47.122 -38.4835 -5.19665 -44.6815 43.7603
-78.6226 46.8981 -38.2648 -5.2021 -44.8795 43.7077
-78.6486 46.6732 -38.0464 -5.20716 -45.0778 43.6545
-78.6747 46.4473 -37.8283 -5.21184 -45.2763 43.6006
-78.7007 46.2204 -37.6104 -5.21613 -45.4752 43.5461
-78.7268 45.9926 -37.3928 -5.22006 -45.6743 43.4909
-78.7529 45.7637 -37.1755 -5.22362 -45.8737 43.4349
-78.7791 45.5338 -36.9585 -5.22683 -46.0734 43.3782
-78.8052 45.303 -36.7417 -5.2297 -46.2733 43.3208
-78.8314 45.0711 -36.5253 -5.23225 -46.4735 43.2625
-78.8575 44.8382 -36.3091 -5.23448 -46.674 43.2035
-78.8837 44.6043 -36.0932 -5.23642 -46.8748 43.1436
-78.9099 44.3695 -35.8777 -5.23808 -47.0758 43.0829
-78.9361 44.1336 -35.6624 -5.23949 -47.277 43.0213
-78.9623 43.8967 -35.4475 -5.24066 -47.4785 42.9588
-78.9885 43.6588 -35.2328 -5.24162 -47.6803 42.8954
-79.0147 43.4199 -35.0185 -5.24239 -47.8823 42.8311
-79.0409 43.18 -34.8045 -5.24299 -48.0845 42.7658
-79.0671 42.9391 -34.5909 -5.24345 -48.287 42.6996
-79.0933 42.6971 -34.3775 -5.24381 -48.4897 42.6325
-79.1196 42.4542 -34.1645 -5.24408 -48.6926 42.5643
-79.1458 42.2102 -33.9519 -5.24429 -48.8958 42.4951
-79.172 41.9652 -33.7396 -5.24448 -49.0992 42.425
-79.1982 41.7192 -33.5276 -5.24468 -49.3028 42.3538
-79.2245 41.4722 -33.316 -5.24491 -49.5066 42.2816
-79.2507 41.2241 -33.1048 -5.24521 -49.7106 42.2084
-79.2769 40.9751 -32.894 -5.24561 -49.9149 42.1342
-79.3031 40.725 -32.6835 -5.24614 -50.1194 42.0589
-79.3294 40.4739 -32.4734 -5.24682 -50.324 41.9826
-79.3556 40.2217 -32.2637 -5.24769 -50.5289 41.9053
-79.3818 39.9686 -32.0543 -5.24878 -50.734 41.8269
-79.4081 39.7144 -31.8454 -5.25012 -50.9393 41.7476
-79.4343 39.4592 -31.6368 -5.25173 -51.1449 41.6672
-79.4606 39.2029 -31.4287 -5.25365 -51.3506 41.5858
-79.4869 38.9457 -31.221 -5.25589 -51.5566 41.5034
-79.5132 38.6874 -31.0137 -5.25848 -51.7628 41.4201
-79.5395 38.4281 -30.8068 -5.26145 -51.9692 41.3357
-79.5658 38.1677 -30.6003 -5.26481 -52.1758 41.2504
-79.5921 37.9063 -30.3943 -5.26859 -52.3826 41.1641
-79.6185 37.6439 -30.1887 -5.27281 -52.5897 41.0769
-79.6448 37.3804 -29.9835 -5.27748 -52.797 40.9888
-79.6712 37.1159 -29.7788 -5.28262 -53.0046 40.8997
-79.6977 36.8503 -29.5745 -5.28825 -53.2123 40.8097
-79.7241 36.5838 -29.3707 -5.29437 -53.4204 40.7189
-79.7506 36.3161 -29.1673 -5.301 -53.6286 40.6272
-79.7771 36.0475 -28.9644 -5.30814 -53.8372 40.5346
-79.8037 35.7778 -28.762 -5.31582 -54.046 40.4411
-79.8303 35.507 -28.56 -5.32402 -54.255 40.3469
-79.8569 35.2352 -28.3585 -5.33277 -54.4643 40.2518
-79.8836 34.9624 -28.1575 -5.34206 -54.6739 40.1559
-79.9104 34.6885 -27.957 -5.35189 -54.8838 40.0592
-79.9371 34.4135 -27.7569 -5.36227 -55.094 39.9617
-79.964 34.1375 -27.5573 -5.3732 -55.3044 39.8635
-79.9909 33.8605 -27.3583 -5.38468 -55.5152 39.7644
-80.0178 33.5824 -27.1597 -5.3967 -55.7262 39.6647
-80.0448 33.3032 -26.9616 -5.40927 -55.9376 39.5642
-80.0719 33.023 -26.7641 -5.42238 -56.1493 39.463
-80.0991 32.7417 -26.567 -5.43603 -56.3613 39.361
-80.1263 32.4594 -26.3704 -5.45021 -56.5736 39.2584
-80.1536 32.176 -26.1744 -5.46492 -56.7863 39.155
-80.1809 31.8915 -25.9789 -5.48016 -56.9993 39.0509
-80.2084 31.606 -25.7839 -5.49591 -57.2126 38.9462
-80.2359 31.3194 -25.5894 -5.51217 -57.4263 38.8407
-80.2635 31.0317 -25.3955 -5.52894 -57.6404 38.7345
-80.2912 30.743 -25.2021 -5.5462 -57.8548 38.6277
-80.319 30.4532 -25.0092 -5.56396 -58.0696 38.5202
-80.3468 30.1623 -24.8169 -5.58219 -58.2847 38.412
-80.3748 29.8703 -24.6251 -5.6009 -58.5003 38.3031
-80.4028 29.5773 -24.4339 -5.62008 -58.7162 38.1936
-80.431 29.2832 -24.2432 -5.63971 -58.9326 38.0834
-80.4592 28.988 -24.053 -5.6598 -59.1493 37.9725
-80.4876 28.6917 -23.8634 -5.68033 -59.3664 37.8609
-80.516 28.3943 -23.6744 -5.70129 -59.584 37.7486
-80.5446 28.0959 -23.486 -5.72268 -59.8019 37.6357
-80.5733 27.7963 -23.2981 -5.74449 -60.0203 37.5221
-80.602 27.4956 -23.1107 -5.76671 -60.2391 37.4078
-80.6309 27.1939 -22.924 -5.78933 -60.4584 37.2928
-80.6599 26.8911 -22.7378 -5.81235 -60.6781 37.1771
-80.6891 26.5871 -22.5522 -5.83575 -60.8982 37.0607
-80.7183 26.2821 -22.3672 -5.85953 -61.1188 36.9436
-80.7477 25.9759 -22.1828 -5.88369 -61.3399 36.8258
-80.7771 25.6687 -21.9989 -5.90821 -61.5614 36.7073
-80.8067 25.3603 -21.8157 -5.93309 -61.7834 36.588
-80.8365 25.0508 -21.6331 -5.95833 -62.0059 36.4681
-80.8663 24.7403 -21.451 -5.98391 -62.2288 36.3474
-80.8963 24.4286 -21.2696 -6.00982 -62.4523 36.226
-80.9264 24.1157 -21.0888 -6.03607 -62.6762 36.1038
-80.9567 23.8018 -20.9085 -6.06264 -62.9006 35.9809
-80.987 23.4867 -20.7289 -6.08954 -63.1256 35.8572
-81.0176 23.1705 -20.55 -6.11675 -63.351 35.7327
-81.0482 22.8532 -20.3716 -6.14426 -63.577 35.6075
-81.079 22.5348 -20.1939 -6.17208 -63.8035 35.4815
-81.1099 22.2152 -20.0168 -6.2002 -64.0305 35.3547
-81.141 21.8945 -19.8404 -6.22861 -64.2581 35.2272
-81.1722 21.5726 -19.6645 -6.25731 -64.4862 35.0988
-81.2036 21.2496 -19.4894 -6.28629 -64.7148 34.9696
-81.2351 20.9255 -19.3148 -6.31555 -64.944 34.8395
-81.2667 20.6002 -19.141 -6.34508 -65.1737 34.7087
-81.2985 20.2737 -18.9678 -6.37488 -65.404 34.577
-81.3305 19.9461 -18.7952 -6.40495 -65.6349 34.4445
-81.3626 19.6174 -18.6233 -6.43528 -65.8663 34.3111
-81.3948 19.2875 -18.4521 -6.46587 -66.0984 34.1768
-81.4272 18.9564 -18.2815 -6.49671 -66.331 34.0417
-81.4598 18.6241 -18.1117 -6.5278 -66.5642 33.9056
-81.4925 18.2907 -17.9425 -6.55914 -66.798 33.7687
-81.5254 17.9562 -17.774 -6.59073 -67.0324 33.6309
-81.5584 17.6204 -17.6062 -6.62255 -67.2674 33.4922
-81.5916 17.2835 -17.4391 -6.65462 -67.503 33.3525
-81.625 16.9454 -17.2726 -6.68692 -67.7392 33.2119
-81.6585 16.6061 -17.1069 -6.71945 -67.9761 33.0704
-81.6922 16.2656 -16.9419 -6.75222 -68.2136 32.9279
-81.726 15.924 -16.7777 -6.78521 -68.4517 32.7844
-81.76 15.5811 -16.6141 -6.81843 -68.6905 32.64
-81.7942 15.2371 -16.4513 -6.85187 -68.9299 32.4946
-81.8285 14.8918 -16.2892 -6.88554 -69.17 32.3482
-81.8631 14.5454 -16.1278 -6.91943 -69.4107 32.2008
-81.8977 14.1977 -15.9671 -6.95353 -69.6521 32.0524
-81.9326 13.8488 -15.8073 -6.98785 -69.8941 31.903
-81.9676 13.4988 -15.6481 -7.02239 -70.1369 31.7525
-82.0028 13.1475 -15.4897 -7.05714 -70.3803 31.6009
-82.0382 12.795 -15.3321 -7.09211 -70.6244 31.4484
-82.0737 12.4412 -15.1752 -7.12728 -70.8692 31.2947
-82.1095 12.0863 -15.0192 -7.16267 -71.1147 31.14
-82.1454 11.7301 -14.8638 -7.19827 -71.3609 30.9841
-82.1814 11.3727 -14.7093 -7.23407 -71.6078 30.8272
-82.2177 11.014 -14.5556 -7.27009 -71.8554 30.6691
-82.2541 10.6541 -14.4026 -7.30631 -72.1037 30.5099
-82.2908 10.293 -14.2505 -7.34273 -72.3528 30.3496
-82.3276 9.93057 -14.0991 -7.37936 -72.6026 30.1882
-82.3646 9.56694 -13.9486 -7.4162 -72.8531 30.0255
-82.4017 9.20204 -13.7989 -7.45325 -73.1044 29.8617
-82.4391 8.83589 -13.65 -7.49049 -73.3564 29.6967
-82.4766 8.46848 -13.5019 -7.52794 -73.6092 29.5305
-82.5144 8.0998 -13.3547 -7.5656 -73.8627 29.3631
-82.5523 7.72985 -13.2083 -7.60346 -74.117 29.1944
-82.5904 7.35863 -13.0627 -7.64153 -74.372 29.0245
-82.6287 6.98613 -12.918 -7.6798 -74.6279 28.8534
-82.6672 6.61235 -12.7742 -7.71827 -74.8845 28.681
-82.7059 6.23729 -12.6312 -7.75695 -75.1419 28.5073
-82.7448 5.86093 -12.4891 -7.79583 -75.4001 28.3323
-82.7839 5.48328 -12.3479 -7.83492 -75.6591 28.156
-82.8231 5.10434 -12.2076 -7.87421 -75.9189 27.9784
-82.8626 4.72409 -12.0681 -7.91371 -76.1795 27.7995
-82.9023 4.34254 -11.9296 -7.95342 -76.441 27.6192
-82.9421 3.95968 -11.7919 -7.99333 -76.7032 27.4375
-82.9822 3.57551 -11.6552 -8.03345 -76.9663 27.2544
-83.0225 3.19002 -11.5194 -8.07378 -77.2302 27.07
-83.0629 2.80321 -11.3845 -8.11432 -77.4949 26.8841
-83.1036 2.41507 -11.2505 -8.15506 -77.7605 26.6968
-83.1445 2.0256 -11.1175 -8.19602 -78.0269 26.5081
-83.1856 1.6348 -10.9855 -8.23719 -78.2942 26.3179
-83.2269 1.24266 -10.8543 -8.27857 -78.5624 26.1262
-83.2684 0.849177 -10.7242 -8.32017 -78.8314 25.933
-83.3101 0.454346 -10.595 -8.36198 -79.1013 25.7384
-83.352 0.0581638 -10.4668 -8.404 -79.372 25.5422
-83.3941 -0.339375 -10.3396 -8.44625 -79.6437 25.3444
-83.4364 -0.738274 -10.2134 -8.4887 -79.9162 25.1451
-83.479 -1.13854 -10.0881 -8.53138 -80.1897 24.9442
-83.5217 -1.54017 -9.96392 -8.57428 -80.464 24.7417
-83.5647 -1.94318 -9.84072 -8.6174 -80.7392 24.5376
-83.6079 -2.34756 -9.71855 -8.66075 -81.0154 24.3318
-83.6513 -2.75333 -9.59741 -8.70432 -81.2924 24.1244
-83.695 -3.16049 -9.4773 -8.74811 -81.5704 23.9153
-83.7388 -3.56904 -9.35825 -8.79213 -81.8493 23.7046
-83.7829 -3.97898 -9.24026 -8.83638 -82.1292 23.4921
-83.8272 -4.39033 -9.12333 -8.88086 -82.41 23.2779
-83.8717 -4.80308 -9.00748 -8.92558 -82.6917 23.0619
-83.9164 -5.21725 -8.89271 -8.97052 -82.9744 22.8441
-83.9614 -5.63283 -8.77904 -9.0157 -83.2581 22.6245
-84.0066 -6.04983 -8.66647 -9.06112 -83.5427 22.4032
-84.052 -6.46826 -8.55501 -9.10678 -83.8283 22.1799
-84.0977 -6.88811 -8.44467 -9.15268 -84.1149 21.9548
-84.1435 -7.30941 -8.33546 -9.19882 -84.4024 21.7279
-84.1896 -7.73214 -8.22739 -9.2452 -84.691 21.499
-84.236 -8.15632 -8.12047 -9.29184 -84.9805 21.2682
-84.2826 -8.58194 -8.01471 -9.33872 -85.2711 21.0354
-84.3294 -9.00903 -7.91012 -9.38585 -85.5626 20.8006
-84.3764 -9.43757 -7.8067 -9.43323 -85.8552 20.5638
-84.4237 -9.86758 -7.70448 -9.48086 -86.1488 20.325
-84.4712 -10.2991 -7.60345 -9.52876 -86.4434 20.0841
-84.519 -10.732 -7.50364 -9.57691 -86.739 19.8412
-84.567 -11.1664 -7.40504 -9.62532 -87.0357 19.5961
-84.6153 -11.6024 -7.30768 -9.674 -87.3334 19.3489
-84.6637 -12.0398 -7.21155 -9.72294 -87.6322 19.0995
-84.7125 -12.4787 -7.11668 -9.77215 -87.932 18.8479
-84.7615 -12.9191 -7.02307 -9.82163 -88.2329 18.5941
-84.8107 -13.361 -6.93074 -9.87138 -88.5348 18.3381
-84.8602 -13.8045 -6.83969 -9.92141 -88.8379 18.0797
-84.9099 -14.2494 -6.74994 -9.97172 -89.142 17.8191
-84.9599 -14.6959 -6.6615 -10.0223 -89.4472 17.5561
-85.0101 -15.1439 -6.57438 -10.0732 -89.7535 17.2907
-85.0606 -15.5934 -6.48859 -10.1243 -90.0609 17.0229
-85.1114 -16.0445 -6.40415 -10.1758 -90.3694 16.7527
-85.1624 -16.4971 -6.32107 -10.2275 -90.679 16.48
-85.2137 -16.9513 -6.23935 -10.2795 -90.9897 16.2048
-85.2652 -17.407 -6.15902 -10.3318 -91.3016 15.927
-85.317 -17.8643 -6.08008 -10.3845 -91.6145 15.6467
-85.369 -18.3231 -6.00255 -10.4374 -91.9287 15.3638
-85.4213 -18.7836 -5.92644 -10.4906 -92.2439 15.0782
-85.4739 -19.2456 -5.85177 -10.5441 -92.5603 14.7899
-85.5268 -19.7092 -5.77855 -10.598 -92.8779 14.4989
-85.5799 -20.1744 -5.70678 -10.6521 -93.1966 14.2052
-85.6333 -20.6412 -5.63649 -10.7066 -93.5165 13.9086
-85.687 -21.1095 -5.5677 -10.7614 -93.8376 13.6092
-85.7409 -21.5795 -5.5004 -10.8165 -94.1598 13.307
-85.7951 -22.0511 -5.43463 -10.8719 -94.4832 13.0018
-85.8496 -22.5244 -5.37038 -10.9277 -94.8078 12.6936
-85.9044 -22.9992 -5.30769 -10.9838 -95.1336 12.3825
-85.9595 -23.4757 -5.24656 -11.0402 -95.4606 12.0682
-86.0148 -23.9538 -5.18701 -11.097 -95.7888 11.7509
-86.0705 -24.4336 -5.12905 -11.1541 -96.1182 11.4305
-86.1264 -24.915 -5.0727 -11.2116 -96.4488 11.1068
-86.1826 -25.3981 -5.01798 -11.2694 -96.7807 10.78
-86.2391 -25.8828 -4.9649 -11.3276 -97.1137 10.4498
-86.2958 -26.3692 -4.91348 -11.3861 -97.448 10.1163
-86.3529 -26.8573 -4.86374 -11.445 -97.7835 9.77946
-86.4103 -27.347 -4.81569 -11.5042 -98.1203 9.43916
-86.468 -27.8385 -4.76935 -11.5638 -98.4583 9.09537
-86.5259 -28.3316 -4.72474 -11.6238 -98.7976 8.74804
-86.5842 -28.8265 -4.68187 -11.6842 -99.1381 8.39712
-86.6428 -29.323 -4.64077 -11.7449 -99.4798 8.04255
-86.7017 -29.8213 -4.60144 -11.806 -99.8228 7.68427
-86.7608 -30.3212 -4.56392 -11.8675 -100.167 7.32223
-86.8203 -30.8229 -4.52822 -11.9294 -100.513 6.95636
-86.8801 -31.3264 -4.49436 -11.9917 -100.859 6.58662
-86.9402 -31.8315 -4.46236 -12.0544 -101.208 6.21292
-87.0007 -32.3384 -4.43223 -12.1175 -101.557 5.83522
-87.0614 -32.8471 -4.404 -12.181 -101.907 5.45345
-87.1225 -33.3575 -4.3777 -12.2449 -102.259 5.06753
-87.1839 -33.8697 -4.35333 -12.3092 -102.613 4.67741
-87.2456 -34.3836 -4.33092 -12.3739 -102.967 4.28302
-87.3076 -34.8994 -4.3105 -12.4391 -103.323 3.88429
-87.37 -35.4169 -4.29208 -12.5047 -103.68 3.48113
-87.4327 -35.9362 -4.27569 -12.5707 -104.038 3.07349
-87.4957 -36.4573 -4.26135 -12.6372 -104.398 2.66129
-87.559 -36.9801 -4.24908 -12.7041 -104.758 2.24444
-87.6227 -37.5048 -4.2389 -12.7714 -105.12 1.82287
-87.6867 -38.0314 -4.23085 -12.8392 -105.484 1.39651
-87.7511 -38.5597 -4.22494 -12.9075 -105.849 0.965267
-87.8158 -39.0898 -4.2212 -12.9762 -106.214 0.529058
-87.8809 -39.6218 -4.21965 -13.0454 -106.582 0.0877985
-87.9463 -40.1557 -4.22032 -13.115 -106.95 -0.358598
-88.012 -40.6913 -4.22324 -13.1852 -107.32 -0.810223
-88.0781 -41.2289 -4.22842 -13.2558 -107.691 -1.26717
-88.1446 -41.7682 -4.23591 -13.3268 -108.063 -1.72952
-88.2114 -42.3095 -4.24572 -13.3984 -108.436 -2.19739
-88.2786 -42.8526 -4.25788 -13.4705 -108.811 -2.67086
-88.3461 -43.3976 -4.27243 -13.543 -109.187 -3.15005
-88.414 -43.9445 -4.28938 -13.6161 -109.564 -3.63504
-88.4823 -44.4932 -4.30878 -13.6897 -109.942 -4.12596
-88.5509 -45.0439 -4.33064 -13.7638 -110.322 -4.6229
-88.6199 -45.5965 -4.35501 -13.8384 -110.702 -5.12597
-88.6893 -46.1509 -4.3819 -13.9135 -111.084 -5.6353
-88.759 -46.7073 -4.41136 -13.9892 -111.467 -6.15099
-88.8292 -47.2656 -4.44342 -14.0654 -111.851 -6.67317
-88.8997 -47.8258 -4.4781 -14.1421 -112.237 -7.20196
-88.9706 -48.388 -4.51544 -14.2194 -112.623 -7.73749
-89.0419 -48.952 -4.55547 -14.2972 -113.01 -8.27988
-89.1136 -49.5181 -4.59824 -14.3756 -113.399 -8.82926
-89.1856 -50.086 -4.64377 -14.4545 -113.788 -9.38577
-89.2581 -50.6559 -4.69209 -14.534 -114.179 -9.94956
-89.331 -51.2278 -4.74326 -14.614 -114.57 -10.5208
-89.4042 -51.8017 -4.7973 -14.6947 -114.963 -11.0995
-89.4779 -52.3774 -4.85426 -14.7759 -115.356 -11.686
-89.552 -52.9552 -4.91416 -14.8577 -115.75 -12.2803
-89.6265 -53.535 -4.97706 -14.9401 -116.145 -12.8826
-89.7014 -54.1167 -5.04299 -15.0231 -116.541 -13.4931
-89.7767 -54.7004 -5.112 -15.1067 -116.938 -14.112
-89.8525 -55.2861 -5.18411 -15.1908 -117.336 -14.7394
-89.9286 -55.8737 -5.25939 -15.2756 -117.734 -15.3754
-90.0052 -56.4634 -5.33787 -15.3611 -118.133 -16.0204
-90.0822 -57.0551 -5.4196 -15.4471 -118.533 -16.6744
-90.1597 -57.6487 -5.50461 -15.5337 -118.933 -17.3376
-90.2376 -58.2444 -5.59297 -15.621 -119.334 -18.0103
-90.3159 -58.8421 -5.68472 -15.7089 -119.735 -18.6926
-90.3947 -59.4417 -5.7799 -15.7975 -120.136 -19.3847
-90.4739 -60.0434 -5.87857 -15.8866 -120.538 -20.0869
-90.5535 -60.6471 -5.98077 -15.9765 -120.941 -20.7994
-90.6336 -61.2528 -6.08656 -16.0669 -121.343 -21.5224
-90.7142 -61.8606 -6.196 -16.1581 -121.746 -22.256
-90.7952 -62.4703 -6.30913 -16.2499 -122.149 -23.0007
-90.8767 -63.082 -6.42601 -16.3423 -122.551 -23.7565
-90.9587 -63.6958 -6.54669 -16.4354 -122.954 -24.5237
-91.0411 -64.3116 -6.67125 -16.5292 -123.357 -25.3026
-91.1239 -64.9294 -6.79972 -16.6236 -123.759 -26.0935
-91.2073 -65.5492 -6.93218 -16.7188 -124.161 -26.8966
-91.2911 -66.171 -7.06869 -16.8146 -124.562 -27.7122
-91.3754 -66.7948 -7.20931 -16.911 -124.963 -28.5405
-91.4602 -67.4206 -7.3541 -17.0082 -125.363 -29.3819
-91.5455 -68.0484 -7.50313 -17.106 -125.763 -30.2367
-91.6313 -68.6782 -7.65647 -17.2045 -126.161 -31.1051
-91.7176 -69.31 -7.81418 -17.3037 -126.559 -31.9875
-91.8043 -69.9438 -7.97635 -17.4036 -126.955 -32.8842
-91.8916 -70.5796 -8.14303 -17.5042 -127.35 -33.7955
-91.9794 -71.2173 -8.3143 -17.6054 -127.743 -34.7217
-92.0677 -71.857 -8.49025 -17.7073 -128.135 -35.6633
-92.1565 -72.4987 -8.67094 -17.8099 -128.524 -36.6206
-92.2458 -73.1423 -8.85646 -17.9132 -128.912 -37.5938
-92.3356 -73.7878 -9.04688 -18.0172 -129.298 -38.5835
-92.4259 -74.4352 -9.2423 -18.1218 -129.681 -39.59
-92.5168 -75.0846 -9.44278 -18.2271 -130.061 -40.6137
-92.6082 -75.7359 -9.64844 -18.3331 -130.439 -41.655
-92.7001 -76.389 -9.85934 -18.4397 -130.813 -42.7143
-92.7926 -77.044 -10.0756 -18.5469 -131.184 -43.7921
-92.8856 -77.7008 -10.2973 -18.6548 -131.551 -44.8887
-92.9792 -78.3595 -10.5245 -18.7634 -131.914 -46.0047
-93.0732 -79.02 -10.7573 -18.8725 -132.273 -47.1406
-93.1679 -79.6822 -10.9959 -18.9822 -132.628 -48.2967
-93.2631 -80.3463 -11.2403 -19.0926 -132.977 -49.4736
-93.3588 -81.012 -11.4906 -19.2035 -133.321 -50.6718
-93.4551 -81.6795 -11.747 -19.315 -133.66 -51.8918
-93.552 -82.3486 -12.0095 -19.427 -133.992 -53.1341
-93.6494 -83.0194 -12.2784 -19.5395 -134.318 -54.3993
-93.7474 -83.6918 -12.5535 -19.6525 -134.637 -55.6879
-93.8459 -84.3658 -12.8352 -19.7659 -134.948 -57.0005
-93.945 -85.0413 -13.1236 -19.8799 -135.252 -58.3377
-94.0447 -85.7183 -13.4186 -19.9942 -135.547 -59.7001
-94.145 -86.3967 -13.7206 -20.1089 -135.833 -61.0883
-94.2458 -87.0766 -14.0295 -20.2239 -136.109 -62.5029
-94.3472 -87.7578 -14.3456 -20.3392 -136.375 -63.9445
-94.4492 -88.4404 -14.669 -20.4547 -136.63 -65.4138
-94.5517 -89.1241 -14.9997 -20.5705 -136.873 -66.9115
-94.6549 -89.8091 -15.3381 -20.6863 -137.104 -68.4382
-94.7586 -90.4952 -15.6841 -20.8023 -137.322 -69.9947
-94.8629 -91.1823 -16.038 -20.9183 -137.526 -71.5816
-94.9678 -91.8704 -16.4 -21.0343 -137.714 -73.1997
-95.0732 -92.5595 -16.77 -21.1501 -137.887 -74.8496
-95.1793 -93.2493 -17.1485 -21.2657 -138.043 -76.5322
-95.2859 -93.9399 -17.5354 -21.381 -138.181 -78.2481
-95.3931 -94.6311 -17.9309 -21.496 -138.3 -79.9981
-95.5009 -95.3229 -18.3354 -21.6104 -138.399 -81.783
-95.6092 -96.0151 -18.7488 -21.7243 -138.476 -83.6036
-95.7181 -96.7076 -19.1714 -21.8374 -138.531 -85.4605
-95.8276 -97.4004 -19.6034 -21.9497 -138.561 -87.3546
-95.9376 -98.0933 -20.045 -22.0611 -138.566 -89.2866
-96.0482 -98.7861 -20.4963 -22.1712 -138.543 -91.2574
-96.1593 -99.4787 -20.9575 -22.2801 -138.492 -93.2676
-96.271 -100.171 -21.429 -22.3876 -138.41 -95.3179
-96.3832 -100.863 -21.9107 -22.4934 -138.295 -97.4092
-96.4959 -101.554 -22.4031 -22.5973 -138.146 -99.5421
-96.6092 -102.244 -22.9062 -22.6992 -137.961 -101.717
-96.7229 -102.934 -23.4202 -22.7987 -137.736 -103.935
-96.8372 -103.622 -23.9455 -22.8958 -137.471 -106.197
-96.9519 -104.308 -24.4822 -22.99 -137.163 -108.503
-97.0671 -104.993 -25.0306 -23.0811 -136.809 -110.853
-97.1827 -105.676 -25.5908 -23.1688 -136.406 -113.249
-97.2987 -106.357 -26.1631 -23.2528 -135.952 -115.689
-97.4152 -107.036 -26.7477 -23.3327 -135.443 -118.176
-97.5321 -107.712 -27.3448 -23.4081 -134.877 -120.708
-97.6493 -108.385 -27.9548 -23.4787 -134.251 -123.286
-97.7669 -109.054 -28.5777 -23.5441 -133.56 -125.91
-97.8847 -109.72 -29.2139 -23.6036 -132.801 -128.58
-98.0029 -110.382 -29.8635 -23.657 -131.971 -131.295
-98.1213 -111.04 -30.5269 -23.7037 -131.066 -134.055
-98.2399 -111.693 -31.2041 -23.743 -130.082 -136.859
-98.3587 -112.341 -31.8955 -23.7746 -129.014 -139.705
-98.4777 -112.983 -32.6012 -23.7977 -127.858 -142.594
-98.5967 -113.619 -33.3214 -23.8117 -126.61 -145.523
-98.7158 -114.249 -34.0564 -23.8159 -125.265 -148.49
-98.8349 -114.872 -34.8063 -23.8096 -123.818 -151.493
-98.9539 -115.487 -35.5713 -23.7922 -122.265 -154.531
-99.0728 -116.095 -36.3516 -23.7627 -120.601 -157.599
-99.1915 -116.693 -37.1474 -23.7205 -118.82 -160.696
-99.31 -117.283 -37.9586 -23.6646 -116.918 -163.816
-99.4282 -117.862 -38.7855 -23.5942 -114.889 -166.955
-99.5459 -118.432 -39.6282 -23.5085 -112.73 -170.11
-99.6632 -118.99 -40.4866 -23.4064 -110.434 -173.275
-99.78 -119.536 -41.3609 -23.2872 -107.998 -176.443
-99.8961 -120.07 -42.2511 -23.1499 -105.416 -179.608
-100.011 -120.59 -43.157 -22.9935 -102.685 -182.764
-100.126 -121.096 -44.0787 -22.8171 -99.8006 -185.903
-100.24 -121.588 -45.0161 -22.6198 -96.7594 -189.016
-100.352 -122.064 -45.9689 -22.4008 -93.5586 -192.095
-100.464 -122.524 -46.937 -22.1592 -90.1957 -195.13
-100.574 -122.966 -47.9202 -21.8941 -86.669 -198.111
-100.683 -123.39 -48.9181 -21.605 -82.9776 -201.028
-100.79 -123.796 -49.9305 -21.2911 -79.1215 -203.868
-100.896 -124.181 -50.9568 -20.9518 -75.1014 -206.622
-100.999 -124.547 -51.9967 -20.5868 -70.9195 -209.277
-101.101 -124.891 -53.0496 -20.1956 -66.5785 -211.821
-101.201 -125.213 -54.1149 -19.7782 -62.0828 -214.242
-101.299 -125.511 -55.192 -19.3345 -57.4379 -216.528
-101.395 -125.787 -56.2802 -18.8646 -52.6502 -218.667
-101.488 -126.038 -57.3786 -18.3688 -47.728 -220.647
-101.578 -126.264 -58.4866 -17.8477 -42.6804 -222.457
-101.666 -126.465 -59.6032 -17.3019 -37.5178 -224.086
-101.751 -126.639 -60.7274 -16.7323 -32.2521 -225.524
-101.834 -126.787 -61.8584 -16.1399 -26.896 -226.764
-101.913 -126.908 -62.9951 -15.5261 -21.4633 -227.796
-101.989 -127.002 -64.1363 -14.8923 -15.9688 -228.615
-102.062 -127.068 -65.2812 -14.2401 -10.4277 -229.215
-102.131 -127.106 -66.4285 -13.5712 -4.85613 -229.593
-102.197 -127.117 -67.5771 -12.8876 0.729676 -229.747
-102.26 -127.099 -68.7259 -12.1912 6.31322 -229.675
-102.319 -127.053 -69.8738 -11.4842 11.8781 -229.379
-102.375 -126.98 -71.0197 -10.7687 17.408 -228.861
-102.427 -126.879 -72.1624 -10.0469 22.8872 -228.126
-102.475 -126.751 -73.3009 -9.32108 28.3006 -227.178
-102.52 -126.596 -74.4342 -8.59331 33.6337 -226.025
-102.561 -126.415 -75.5612 -7.86577 38.873 -224.674
-102.599 -126.208 -76.6809 -7.14055 44.0061 -223.135
-102.633 -125.975 -77.7925 -6.41962 49.0217 -221.417
-102.663 -125.717 -78.8951 -5.70489 53.9097 -219.532
-102.69 -125.436 -79.9878 -4.99811 58.6612 -217.489
-102.713 -125.131 -81.07 -4.30094 63.2685 -215.302
-102.733 -124.803 -82.1408 -3.61485 67.7254 -212.981
-102.749 -124.454 -83.1998 -2.94122 72.0267 -210.54
-102.762 -124.083 -84.2462 -2.28125 76.1685 -207.989
-102.772 -123.692 -85.2797 -1.636 80.148 -205.341
-102.779 -123.281 -86.2996 -1.00638 83.9635 -202.607
-102.782 -122.852 -87.3057 -0.393137 87.6143 -199.799
-102.783 -122.405 -88.2976 0.203095 91.1005 -196.927
-102.78 -121.941 -89.275 0.781841 94.4233 -194.002
-102.775 -121.461 -90.2377 1.34276 97.5844 -191.032
-102.767 -120.966 -91.1854 1.88564 100.586 -188.028
-102.756 -120.455 -92.118 2.41039 103.432 -184.997
-102.743 -119.931 -93.0353 2.91703 106.125 -181.948
-102.727 -119.394 -93.9375 3.40568 108.67 -178.887
-102.708 -118.845 -94.8242 3.87658 111.071 -175.821
-102.688 -118.283 -95.6957 4.33001 113.332 -172.756
-102.665 -117.711 -96.5518 4.76632 115.459 -169.699
-102.64 -117.129 -97.3927 5.18594 117.456 -166.653
-102.613 -116.537 -98.2183 5.58928 119.33 -163.623
-102.584 -115.936 -99.0289 5.97682 121.084 -160.614
-102.554 -115.326 -99.8245 6.34903 122.724 -157.629
-102.521 -114.708 -100.605 6.70639 124.256 -154.672
-102.487 -114.083 -101.371 7.04936 125.684 -151.746
-102.45 -113.452 -102.123 7.37844 127.012 -148.852
-102.413 -112.813 -102.86 7.69408 128.247 -145.994
-102.373 -112.169 -103.583 7.99675 129.392 -143.173
-102.333 -111.519 -104.292 8.2869 130.452 -140.391
-102.291 -110.865 -104.987 8.56498 131.431 -137.649
-102.247 -110.205 -105.668 8.83141 132.333 -134.948
-102.202 -109.541 -106.336 9.08663 133.162 -132.29
-102.156 -108.873 -106.991 9.33105 133.922 -129.674
-102.109 -108.202 -107.633 9.56507 134.616 -127.102
-102.061 -107.527 -108.262 9.7891 135.248 -124.573
-102.011 -106.85 -108.879 10.0035 135.822 -122.087
-101.961 -106.169 -109.483 10.2087 136.34 -119.645
-101.909 -105.486 -110.075 10.405 136.805 -117.247
-101.857 -104.801 -110.655 10.5928 137.22 -114.892
-101.803 -104.114 -111.224 10.7725 137.588 -112.58
-101.749 -103.425 -111.781 10.9442 137.912 -110.311
-101.694 -102.735 -112.327 11.1085 138.193 -108.084
-101.638 -102.043 -112.862 11.2656 138.435 -105.899
-101.581 -101.35 -113.386 11.4157 138.639 -103.755
-101.524 -100.657 -113.9 11.5592 138.807 -101.651
-101.465 -99.9624 -114.403 11.6963 138.942 -99.5879
-101.407 -99.2674 -114.895 11.8273 139.046 -97.5637
-101.347 -98.5719 -115.378 11.9526 139.12 -95.5782
-101.287 -97.8762 -115.851 12.0722 139.165 -93.6306
-101.226 -97.1803 -116.315 12.1864 139.184 -91.7203
-101.165 -96.4843 -116.768 12.2955 139.178 -89.8466
-101.103 -95.7885 -117.213 12.3997 139.149 -88.0087
-101.041 -95.0928 -117.649 12.4992 139.097 -86.206
-100.978 -94.3975 -118.075 12.5942 139.024 -84.4376
-100.915 -93.7026 -118.493 12.6849 138.932 -82.703
-100.852 -93.0082 -118.902 12.7714 138.821 -81.0013
-100.788 -92.3144 -119.303 12.854 138.693 -79.332
-100.723 -91.6213 -119.695 12.9328 138.548 -77.6942
-100.658 -90.9289 -120.08 13.0079 138.389 -76.0874
-100.593 -90.2374 -120.456 13.0796 138.214 -74.5107
-100.527 -89.5468 -120.825 13.148 138.026 -72.9637
-100.462 -88.8571 -121.186 13.2131 137.826 -71.4455
-100.395 -88.1685 -121.539 13.2753 137.613 -69.9556
-100.329 -87.481 -121.886 13.3345 137.39 -68.4934
-100.262 -86.7946 -122.224 13.3909 137.156 -67.0582
-100.195 -86.1094 -122.556 13.4447 136.913 -65.6494
-100.127 -85.4255 -122.881 13.496 136.66 -64.2664
-100.06 -84.7428 -123.199 13.5448 136.399 -62.9088
-99.992 -84.0615 -123.51 13.5914 136.131 -61.5759
-99.924 -83.3815 -123.815 13.6357 135.856 -60.2672
-99.8557 -82.7029 -124.113 13.678 135.574 -58.9822
-99.7872 -82.0258 -124.404 13.7183 135.286 -57.7205
-99.7185 -81.35 -124.69 13.7568 134.993 -56.4814
-99.6496 -80.6758 -124.969 13.7934 134.695 -55.2647
-99.5806 -80.0031 -125.243 13.8285 134.393 -54.0699
-99.5113 -79.3319 -125.51 13.862 134.088 -52.8966
-99.4419 -78.6622 -125.772 13.8941 133.779 -51.7445
-99.3724 -77.9941 -126.027 13.925 133.468 -50.6132
-99.3027 -77.3275 -126.278 13.9547 133.156 -49.5025
-99.2328 -76.6625 -126.522 13.9833 132.842 -48.4122
-99.1629 -75.9991 -126.762 14.0112 132.527 -47.3422
-99.0927 -75.3372 -126.996 14.0384 132.213 -46.2924
-99.0225 -74.677 -127.225 14.0652 131.901 -45.2629
-98.9521 -74.0182 -127.448 14.0918 131.59 -44.254
-98.8816 -73.3611 -127.667 14.1185 131.283 -43.2661
-98.8109 -72.7054 -127.881 14.1458 130.979 -42.2998
-98.7401 -72.0512 -128.09 14.1742 130.682 -41.3564
-98.6691 -71.3986 -128.295 14.2043 130.392 -40.4372
-98.598 -70.7473 -128.495 14.237 130.11 -39.5447
-98.5268 -70.0975 -128.69 14.2733 129.839 -38.682
-98.4553 -69.4489 -128.882 14.3148 129.579 -37.8537
-98.3836 -68.8017 -129.069 14.3634 129.332 -37.0658
-98.3117 -68.1556 -129.252 14.4214 129.097 -36.3265
-98.2394 -67.5107 -129.432 14.4915 128.869 -35.6454
-98.1667 -66.8669 -129.609 14.5764 128.64 -35.0324
-98.0936 -66.2243 -129.782 14.6773 128.392 -34.4941
-98.0199 -65.5831 -129.954 14.7921 128.102 -34.0265
-97.9457 -64.9434 -130.123 14.9144 127.748 -33.6102
-97.8708 -64.3057 -130.29 15.0342 127.319 -33.2113
-97.7954 -63.6703 -130.455 15.1414 126.822 -32.7935
-97.7194 -63.0375 -130.618 15.2302 126.281 -32.3325
-97.6431 -62.4075 -130.778 15.2995 125.719 -31.8206
-97.5665 -61.7803 -130.936 15.3515 125.157 -31.2625
-97.4896 -61.1559 -131.091 15.3897 124.606 -30.668
-97.4126 -60.5342 -131.242 15.4173 124.07 -30.0477
-97.3354 -59.9151 -131.391 15.4371 123.552 -29.4104
-97.2582 -59.2986 -131.536 15.4511 123.05 -28.763
-97.1809 -58.6846 -131.679 15.4608 122.562 -28.1108
-97.1036 -58.073 -131.818 15.4672 122.088 -27.4572
-97.0263 -57.4637 -131.953 15.4711 121.625 -26.805
-96.9489 -56.8567 -132.086 15.473 121.172 -26.1561
-96.8715 -56.252 -132.215 15.4734 120.728 -25.5116
-96.7942 -55.6494 -132.341 15.4725 120.291 -24.8726
-96.7168 -55.0491 -132.463 15.4706 119.861 -24.2398
-96.6395 -54.4508 -132.583 15.4678 119.436 -23.6135
-96.5621 -53.8547 -132.7 15.4642 119.017 -22.9941
-96.4848 -53.2607 -132.813 15.46 118.602 -22.3819
-96.4075 -52.6687 -132.923 15.4552 118.191 -21.7768
-96.3303 -52.0787 -133.031 15.4499 117.784 -21.179
-96.253 -51.4908 -133.135 15.4441 117.381 -20.5885
-96.1758 -50.9049 -133.237 15.438 116.981 -20.0054
-96.0986 -50.321 -133.335 15.4314 116.583 -19.4294
-96.0215 -49.7391 -133.431 15.4245 116.189 -18.8607
-95.9444 -49.1591 -133.524 15.4173 115.797 -18.2991
-95.8673 -48.5811 -133.614 15.4098 115.408 -17.7446
-95.7903 -48.005 -133.701 15.402 115.02 -17.1971
-95.7133 -47.4309 -133.786 15.3939 114.635 -16.6564
-95.6364 -46.8587 -133.868 15.3856 114.252 -16.1226
-95.5595 -46.2884 -133.947 15.3771 113.872 -15.5954
-95.4826 -45.72 -134.024 15.3683 113.493 -15.0748
-95.4058 -45.1535 -134.098 15.3593 113.115 -14.5606
-95.329 -44.5888 -134.169 15.35 112.74 -14.0529
-95.2523 -44.0261 -134.238 15.3406 112.367 -13.5514
-95.1756 -43.4652 -134.305 15.3309 111.995 -13.0561
-95.099 -42.9061 -134.369 15.3211 111.624 -12.5669
-95.0224 -42.3489 -134.431 15.3111 111.256 -12.0837
-94.9459 -41.7935 -134.49 15.3008 110.889 -11.6063
-94.8694 -41.24 -134.547 15.2904 110.523 -11.1346
-94.7929 -40.6883 -134.601 15.2798 110.159 -10.6687
-94.7166 -40.1384 -134.653 15.269 109.797 -10.2083
-94.6403 -39.5903 -134.703 15.258 109.436 -9.7534
-94.564 -39.0441 -134.751 15.2469 109.076 -9.30388
-94.4878 -38.4996 -134.796 15.2355 108.718 -8.85963
-94.4116 -37.9569 -134.84 15.2239 108.361 -8.42058
-94.3355 -37.416 -134.881 15.2122 108.006 -7.98664
-94.2595 -36.8768 -134.919 15.2003 107.652 -7.55771
-94.1835 -36.3394 -134.956 15.1881 107.299 -7.13371
-94.1076 -35.8038 -134.991 15.1758 106.948 -6.71454
-94.0318 -35.27 -135.023 15.1633 106.598 -6.30014
-93.956 -34.7378 -135.054 15.1506 106.249 -5.8904
-93.8803 -34.2075 -135.082 15.1377 105.902 -5.48526
-93.8046 -33.6788 -135.109 15.1246 105.556 -5.08463
-93.729 -33.1519 -135.133 15.1113 105.211 -4.68843
-93.6535 -32.6267 -135.155 15.0978 104.868 -4.29658
-93.5781 -32.1032 -135.176 15.0841 104.525 -3.90902
-93.5027 -31.5815 -135.195 15.0703 104.185 -3.52567
-93.4274 -31.0614 -135.211 15.0562 103.845 -3.14645
-93.3521 -30.543 -135.226 15.0419 103.506 -2.77129
-93.2769 -30.0263 -135.239 15.0274 103.169 -2.40013
-93.2018 -29.5113 -135.25 15.0127 102.833 -2.0329
-93.1268 -28.998 -135.259 14.9978 102.499 -1.66952
-93.0519 -28.4863 -135.267 14.9828 102.165 -1.30994
-92.977 -27.9763 -135.272 14.9675 101.833 -0.954099
-92.9022 -27.468 -135.276 14.952 101.502 -0.601925
-92.8275 -26.9613 -135.278 14.9364 101.173 -0.253361
-92.7528 -26.4563 -135.279 14.9206 100.844 0.0916509
-92.6783 -25.9529 -135.277 14.9045 100.517 0.433169
-92.6038 -25.4511 -135.274 14.8883 100.191 0.77125
-92.5294 -24.9509 -135.27 14.872 99.8661 1.10595
-92.4551 -24.4524 -135.263 14.8554 99.5425 1.43732
-92.3808 -23.9555 -135.255 14.8387 99.2202 1.76541
-92.3067 -23.4602 -135.246 14.8218 98.899 2.09028
-92.2326 -22.9665 -135.234 14.8048 98.5791 2.41197
-92.1586 -22.4744 -135.222 14.7876 98.2604 2.73053
-92.0847 -21.9839 -135.207 14.7702 97.9428 3.04602
-92.0109 -21.495 -135.191 14.7527 97.6265 3.35847
-91.9372 -21.0077 -135.174 14.7351 97.3113 3.66794
-91.8636 -20.5219 -135.154 14.7173 96.9974 3.97446
-91.79 -20.0377 -135.134 14.6993 96.6846 4.27808
-91.7166 -19.555 -135.112 14.6813 96.373 4.57885
-91.6432 -19.074 -135.088 14.6631 96.0626 4.8768
-91.5699 -18.5944 -135.063 14.6448 95.7533 5.17197
-91.4968 -18.1164 -135.036 14.6264 95.4452 5.46441
-91.4237 -17.64 -135.008 14.6078 95.1383 5.75415
-91.3507 -17.165 -134.979 14.5892 94.8325 6.04123
-91.2778 -16.6916 -134.948 14.5704 94.5279 6.32569
-91.205 -16.2198 -134.916 14.5516 94.2244 6.60756
-91.1323 -15.7494 -134.882 14.5326 93.922 6.88688
-91.0597 -15.2805 -134.847 14.5136 93.6208 7.16369
-90.9871 -14.8132 -134.81 14.4945 93.3207 7.43801
-90.9147 -14.3473 -134.772 14.4753 93.0217 7.70988
-90.8424 -13.883 -134.733 14.456 92.7238 7.97934
-90.7701 -13.4201 -134.692 14.4367 92.427 8.24641
-90.698 -12.9587 -134.651 14.4172 92.1313 8.51112
-90.626 -12.4988 -134.607 14.3977 91.8367 8.77352
-90.554 -12.0403 -134.563 14.3782 91.5432 9.03362
-90.4822 -11.5833 -134.517 14.3586 91.2507 9.29146
-90.4104 -11.1278 -134.47 14.3389 90.9594 9.54706
-90.3388 -10.6738 -134.422 14.3192 90.669 9.80046
-90.2673 -10.2211 -134.372 14.2994 90.3798 10.0517
-90.1958 -9.76996 -134.321 14.2796 90.0916 10.3007
-90.1245 -9.32022 -134.269 14.2598 89.8044 10.5477
-90.0532 -8.87191 -134.216 14.2399 89.5182 10.7925
-89.9821 -8.42503 -134.161 14.22 89.2331 11.0353
-89.911 -7.97958 -134.105 14.2 88.949 11.276
-89.8401 -7.53554 -134.048 14.18 88.6659 11.5147
-89.7692 -7.09292 -133.99 14.16 88.3838 11.7514
-89.6985 -6.6517 -133.931 14.1399 88.1027 11.9862
-89.6278 -6.21189 -133.87 14.1199 87.8226 12.219
-89.5573 -5.77348 -133.809 14.0998 87.5435 12.4498
-89.4868 -5.33646 -133.746 14.0797 87.2653 12.6788
-89.4165 -4.90082 -133.682 14.0596 86.9881 12.9058
-89.3462 -4.46658 -133.617 14.0394 86.7118 13.131
-89.2761 -4.03371 -133.55 14.0193 86.4366 13.3544
-89.206 -3.60221 -133.483 13.9991 86.1622 13.576
-89.1361 -3.17208 -133.415 13.9789 85.8888 13.7957
-89.0662 -2.74332 -133.345 13.9587 85.6163 14.0137
-88.9965 -2.31592 -133.275 13.9385 85.3447 14.23
-88.9269 -1.88987 -133.203 13.9183 85.074 14.4445
-88.8573 -1.46518 -133.13 13.8981 84.8043 14.6572
-88.7879 -1.04183 -133.056 13.8779 84.5354 14.8683
-88.7185 -0.619824 -132.981 13.8577 84.2674 15.0778
-88.6493 -0.199156 -132.906 13.8375 84.0004 15.2855
-88.5802 0.22018 -132.829 13.8173 83.7341 15.4916
-88.5111 0.638186 -132.751 13.7971 83.4688 15.6961
-88.4422 1.05487 -132.672 13.7769 83.2043 15.899
-88.3734 1.47023 -132.592 13.7567 82.9407 16.1004
-88.3046 1.88428 -132.511 13.7365 82.6779 16.3001
-88.236 2.29701 -132.429 13.7163 82.416 16.4983
-88.1675 2.70844 -132.346 13.6961 82.1548 16.695
-88.099 3.11856 -132.262 13.6759 81.8946 16.8901
-88.0307 3.52738 -132.177 13.6557 81.6351 17.0838
-87.9625 3.93491 -132.091 13.6356 81.3765 17.2759
-87.8943 4.34115 -132.004 13.6154 81.1186 17.4666
-87.8263 4.7461 -131.916 13.5952 80.8616 17.6559
-87.7584 5.14976 -131.827 13.575 80.6053 17.8437
-87.6906 5.55215 -131.738 13.5549 80.3499 18.0301
-87.6228 5.95326 -131.647 13.5347 80.0952 18.215
-87.5552 6.3531 -131.556 13.5146 79.8413 18.3986
-87.4877 6.75167 -131.463 13.4945 79.5882 18.5809
-87.4203 7.14898 -131.37 13.4743 79.3358 18.7617
-87.3529 7.54503 -131.275 13.4542 79.0842 18.9412
-87.2857 7.93983 -131.18 13.4341 78.8333 19.1194
-87.2186 8.33337 -131.084 13.414 78.5832 19.2962
-87.1516 8.72566 -130.987 13.3938 78.3338 19.4718
-87.0847 9.1167 -130.89 13.3737 78.0852 19.6461
-87.0179 9.50651 -130.791 13.3536 77.8372 19.819
-86.9511 9.89508 -130.691 13.3335 77.5901 19.9907
-86.8845 10.2824 -130.591 13.3134 77.3436 20.1612
-86.818 10.6685 -130.49 13.2933 77.0978 20.3304
-86.7516 11.0534 -130.388 13.2732 76.8527 20.4984
-86.6853 11.437 -130.285 13.2532 76.6084 20.6652
-86.6191 11.8195 -130.181 13.2331 76.3647 20.8308
-86.5529 12.2007 -130.076 13.213 76.1217 20.9952
-86.4869 12.5807 -129.971 13.1929 75.8794 21.1584
-86.421 12.9595 -129.865 13.1728 75.6378 21.3204
-86.3552 13.3371 -129.758 13.1527 75.3968 21.4813
-86.2895 13.7135 -129.65 13.1326 75.1566 21.6411
-86.2239 14.0886 -129.541 13.1126 74.9169 21.7997
-86.1584 14.4626 -129.432 13.0925 74.678 21.9572
-86.0929 14.8354 -129.322 13.0724 74.4397 22.1136
-86.0276 15.207 -129.211 13.0523 74.202 22.2689
-85.9624 15.5774 -129.099 13.0322 73.965 22.4231
-85.8973 15.9467 -128.987 13.0121 73.7287 22.5763
-85.8323 16.3147 -128.873 12.992 73.4929 22.7284
-85.7674 16.6816 -128.759 12.9719 73.2578 22.8794
-85.7026 17.0473 -128.645 12.9518 73.0234 23.0294
-85.6379 17.4118 -128.529 12.9316 72.7895 23.1783
-85.5733 17.7752 -128.413 12.9115 72.5563 23.3263
-85.5088 18.1374 -128.296 12.8914 72.3237 23.4732
-85.4443 18.4984 -128.178 12.8712 72.0917 23.6191
-85.38 18.8583 -128.06 12.8511 71.8603 23.764
-85.3158 19.217 -127.941 12.8309 71.6295 23.908
-85.2517 19.5746 -127.821 12.8108 71.3993 24.0509
-85.1877 19.931 -127.7 12.7906 71.1697 24.1929
-85.1238 20.2863 -127.579 12.7704 70.9407 24.334
-85.06 20.6404 -127.457 12.7502 70.7122 24.4741
-84.9963 20.9934 -127.334 12.73 70.4844 24.6133
-84.9327 21.3453 -127.211 12.7098 70.2571 24.7515
-84.8692 21.696 -127.086 12.6895 70.0304 24.8888
-84.8058 22.0456 -126.962 12.6693 69.8043 25.0253
-84.7425 22.394 -126.836 12.649 69.5788 25.1608
-84.6793 22.7414 -126.71 12.6287 69.3538 25.2954
-84.6162 23.0876 -126.583 12.6085 69.1294 25.4292
-84.5533 23.4327 -126.456 12.5882 68.9055 25.562
-84.4904 23.7766 -126.328 12.5679 68.6822 25.694
-84.4276 24.1195 -126.199 12.5475 68.4594 25.8252
-84.3649 24.4612 -126.069 12.5272 68.2372 25.9555
-84.3023 24.8019 -125.939 12.5068 68.0156 26.085
-84.2398 25.1414 -125.808 12.4865 67.7944 26.2136
-84.1774 25.4798 -125.677 12.4661 67.5739 26.3414
-84.1152 25.8171 -125.545 12.4457 67.3538 26.4684
-84.053 26.1533 -125.412 12.4253 67.1343 26.5945
-83.9909 26.4885 -125.279 12.4049 66.9153 26.7199
-83.9289 26.8225 -125.145 12.3844 66.6968 26.8445
-83.8671 27.1554 -125.011 12.364 66.4789 26.9683
-83.8053 27.4873 -124.876 12.3435 66.2615 27.0913
-83.7436 27.8181 -124.74 12.323 66.0446 27.2135
-83.6821 28.1477 -124.603 12.3025 65.8282 27.335
-83.6206 28.4763 -124.466 12.282 65.6123 27.4557
-83.5592 28.8039 -124.329 12.2615 65.3969 27.5757
-83.498 29.1303 -124.191 12.2409 65.182 27.6949
-83.4368 29.4557 -124.052 12.2204 64.9676 27.8133
-83.3758 29.78 -123.913 12.1998 64.7538 27.9311
-83.3148 30.1032 -123.773 12.1792 64.5404 28.0481
-83.254 30.4254 -123.632 12.1586 64.3275 28.1644
-83.1933 30.7465 -123.491 12.138 64.1151 28.28
-83.1326 31.0665 -123.349 12.1174 63.9032 28.3948
-83.0721 31.3855 -123.207 12.0967 63.6918 28.509
-83.0116 31.7035 -123.064 12.0761 63.4808 28.6225
-82.9513 32.0203 -122.921 12.0554 63.2704 28.7353
-82.8911 32.3362 -122.777 12.0347 63.0604 28.8474
-82.831 32.6509 -122.632 12.014 62.8508 28.9588
-82.771 32.9647 -122.487 11.9933 62.6418 29.0696
-82.711 33.2774 -122.342 11.9726 62.4332 29.1797
-82.6512 33.589 -122.195 11.9519 62.2251 29.2892
-82.5915 33.8996 -122.049 11.9311 62.0174 29.3979
-82.5319 34.2092 -121.901 11.9104 61.8102 29.5061
-82.4724 34.5177 -121.754 11.8896 61.6035 29.6136
-82.413 34.8252 -121.605 11.8688 61.3972 29.7204
-82.3537 35.1317 -121.456 11.848 61.1914 29.8267
-82.2945 35.4371 -121.307 11.8272 60.986 29.9323
-82.2355 35.7415 -121.157 11.8064 60.781 30.0373
-82.1765 36.0449 -121.007 11.7856 60.5766 30.1416
-82.1176 36.3473 -120.856 11.7647 60.3725 30.2454
-82.0588 36.6487 -120.704 11.7439 60.1689 30.3485
-82.0002 36.949 -120.552 11.723 59.9657 30.4511
-81.9416 37.2483 -120.4 11.7022 59.7629 30.553
-81.8831 37.5466 -120.247 11.6813 59.5606 30.6544
-81.8248 37.8439 -120.093 11.6604 59.3587 30.7552
-81.7665 38.1402 -119.939 11.6395 59.1572 30.8554
-81.7084 38.4355 -119.785 11.6186 58.9562 30.955
-81.6504 38.7298 -119.63 11.5977 58.7556 31.054
-81.5924 39.023 -119.474 11.5768 58.5554 31.1525
-81.5346 39.3153 -119.318 11.5559 58.3556 31.2504
-81.4769 39.6066 -119.162 11.5349 58.1562 31.3478
-81.4192 39.8969 -119.005 11.514 57.9572 31.4446
-81.3617 40.1862 -118.847 11.4931 57.7586 31.5409
-81.3043 40.4745 -118.689 11.4721 57.5605 31.6366
-81.247 40.7618 -118.531 11.4511 57.3627 31.7317
