0 0 25 0 0 -49
-0.000190511 -0.00016999 24.7548 -0.0763025 -0.0681025 -49.0898
-0.000763115 -0.000681069 24.5091 -0.152838 -0.136436 -49.1797
-0.00171898 -0.0015344 24.263 -0.229607 -0.205002 -49.2696
-0.00305927 -0.00273114 24.0164 -0.306611 -0.273802 -49.3596
-0.00478518 -0.00427246 23.7694 -0.383851 -0.342837 -49.4497
-0.00689788 -0.00615955 23.5219 -0.461329 -0.412108 -49.5399
-0.00939856 -0.00839359 23.274 -0.539046 -0.481617 -49.6301
-0.0122884 -0.0109758 23.0256 -0.617003 -0.551364 -49.7204
-0.0155687 -0.0139073 22.7768 -0.695202 -0.621351 -49.8108
-0.0192405 -0.0171893 22.5275 -0.773643 -0.691579 -49.9012
-0.0233052 -0.0208231 22.2778 -0.852328 -0.76205 -49.9917
-0.0277639 -0.0248099 22.0276 -0.931259 -0.832765 -50.0823
-0.0326179 -0.0291508 21.7769 -1.01044 -0.903725 -50.1729
-0.0378684 -0.0338472 21.5259 -1.08986 -0.974931 -50.2637
-0.0435166 -0.0389002 21.2743 -1.16954 -1.04639 -50.3544
-0.0495638 -0.0443111 21.0223 -1.24946 -1.11809 -50.4453
-0.0560113 -0.0500811 20.7699 -1.32964 -1.19004 -50.5362
-0.0628603 -0.0562115 20.5169 -1.41007 -1.26225 -50.6272
-0.0701121 -0.0627036 20.2636 -1.49075 -1.33471 -50.7183
-0.0777679 -0.0695587 20.0098 -1.57169 -1.40742 -50.8095
-0.0858291 -0.0767779 19.7555 -1.65289 -1.48039 -50.9007
-0.0942969 -0.0843626 19.5008 -1.73435 -1.55362 -50.992
-0.103173 -0.0923142 19.2456 -1.81607 -1.62711 -51.0833
-0.112458 -0.100634 18.9899 -1.89805 -1.70085 -51.1748
-0.122153 -0.109323 18.7338 -1.98029 -1.77486 -51.2663
-0.132261 -0.118382 18.4773 -2.0628 -1.84913 -51.3579
-0.142781 -0.127814 18.2202 -2.14558 -1.92367 -51.4495
-0.153717 -0.137619 17.9628 -2.22862 -1.99847 -51.5412
-0.165068 -0.147799 17.7048 -2.31193 -2.07354 -51.633
-0.176836 -0.158355 17.4464 -2.39551 -2.14888 -51.7249
-0.189023 -0.169288 17.1876 -2.47937 -2.22449 -51.8169
-0.20163 -0.1806 16.9283 -2.56349 -2.30037 -51.9089
-0.214658 -0.192292 16.6685 -2.6479 -2.37653 -52.001
-0.228109 -0.204365 16.4083 -2.73258 -2.45296 -52.0931
-0.241984 -0.216821 16.1476 -2.81753 -2.52967 -52.1854
-0.256284 -0.229662 15.8864 -2.90277 -2.60665 -52.2777
-0.271012 -0.242888 15.6248 -2.98829 -2.68392 -52.37
-0.286167 -0.256501 15.3627 -3.07409 -2.76147 -52.4625
-0.301753 -0.270502 15.1002 -3.16018 -2.8393 -52.555
-0.317769 -0.284894 14.8372 -3.24655 -2.91741 -52.6476
-0.334218 -0.299677 14.5737 -3.33321 -2.99582 -52.7403
-0.351101 -0.314852 14.3097 -3.42016 -3.07451 -52.8331
-0.36842 -0.330422 14.0453 -3.5074 -3.15348 -52.9259
-0.386176 -0.346387 13.7805 -3.59494 -3.23276 -53.0188
-0.40437 -0.362749 13.5152 -3.68277 -3.31232 -53.1118
-0.423003 -0.37951 13.2494 -3.77089 -3.39218 -53.2048
-0.442079 -0.396671 12.9831 -3.85931 -3.47234 -53.2979
-0.461597 -0.414234 12.7164 -3.94803 -3.55279 -53.3911
-0.481559 -0.432199 12.4492 -4.03706 -3.63354 -53.4844
-0.501967 -0.450569 12.1815 -4.12638 -3.7146 -53.5777
-0.522823 -0.469345 11.9134 -4.21601 -3.79596 -53.6712
-0.544128 -0.488529 11.6448 -4.30595 -3.87762 -53.7647
-0.565883 -0.508121 11.3758 -4.3962 -3.95959 -53.8582
-0.58809 -0.528125 11.1063 -4.48675 -4.04187 -53.9519
-0.61075 -0.54854 10.8363 -4.57762 -4.12446 -54.0456
-0.633866 -0.569369 10.5658 -4.6688 -4.20737 -54.1394
-0.657438 -0.590614 10.2949 -4.7603 -4.29059 -54.2332
-0.681469 -0.612275 10.0235 -4.85211 -4.37412 -54.3272
-0.70596 -0.634355 9.75159 -4.94425 -4.45797 -54.4212
-0.730912 -0.656855 9.47925 -5.0367 -4.54215 -54.5153
-0.756327 -0.679777 9.20644 -5.12948 -4.62664 -54.6094
-0.782207 -0.703122 8.93316 -5.22258 -4.71146 -54.7037
-0.808553 -0.726891 8.6594 -5.31601 -4.7966 -54.798
-0.835367 -0.751088 8.38518 -5.40977 -4.88208 -54.8924
-0.862651 -0.775712 8.11048 -5.50386 -4.96788 -54.9868
-0.890406 -0.800767 7.83531 -5.59828 -5.05401 -55.0814
-0.918633 -0.826252 7.55967 -5.69304 -5.14048 -55.176
-0.947336 -0.852171 7.28355 -5.78813 -5.22729 -55.2707
-0.976515 -0.878525 7.00696 -5.88356 -5.31443 -55.3654
-1.00617 -0.905316 6.7299 -5.97934 -5.40191 -55.4602
-1.03631 -0.932545 6.45236 -6.07545 -5.48973 -55.5552
-1.06693 -0.960213 6.17434 -6.17191 -5.5779 -55.6501
-1.09803 -0.988324 5.89586 -6.26872 -5.66642 -55.7452
-1.12961 -1.01688 5.61689 -6.36588 -5.75528 -55.8403
-1.16169 -1.04588 5.33745 -6.46339 -5.8445 -55.9355
-1.19425 -1.07532 5.05754 -6.56125 -5.93406 -56.0308
-1.2273 -1.10522 4.77715 -6.65947 -6.02399 -56.1262
-1.26084 -1.13556 4.49628 -6.75804 -6.11427 -56.2216
-1.29488 -1.16636 4.21493 -6.85697 -6.20491 -56.3171
-1.32941 -1.19761 3.93311 -6.95627 -6.29591 -56.4126
-1.36444 -1.22932 3.6508 -7.05593 -6.38727 -56.5083
-1.39997 -1.26148 3.36802 -7.15596 -6.479 -56.604
-1.436 -1.29411 3.08476 -7.25636 -6.5711 -56.6998
-1.47254 -1.3272 2.80102 -7.35712 -6.66357 -56.7957
-1.50957 -1.36074 2.51681 -7.45826 -6.75642 -56.8916
-1.54712 -1.39476 2.23211 -7.55978 -6.84964 -56.9876
-1.58517 -1.42924 1.94693 -7.66168 -6.94324 -57.0837
-1.62374 -1.46419 1.66127 -7.76395 -7.03722 -57.1799
-1.66281 -1.49961 1.37513 -7.86661 -7.13158 -57.2761
-1.7024 -1.53551 1.08851 -7.96965 -7.22633 -57.3724
-1.74251 -1.57188 0.801407 -8.07308 -7.32146 -57.4688
-1.78313 -1.60872 0.513822 -8.1769 -7.41699 -57.5652
-1.82428 -1.64605 0.225754 -8.28112 -7.51291 -57.6617
-1.86594 -1.68385 -0.0627959 -8.38572 -7.60923 -57.7583
-1.90813 -1.72214 -0.351829 -8.49073 -7.70594 -57.855
-1.95085 -1.76091 -0.641346 -8.59614 -7.80305 -57.9517
-1.9941 -1.80017 -0.931347 -8.70195 -7.90057 -58.0485
-2.03787 -1.83992 -1.22183 -8.80816 -7.99849 -58.1454
-2.08218 -1.88015 -1.5128 -8.91478 -8.09683 -58.2424
-2.12702 -1.92089 -1.80426 -9.02181 -8.19557 -58.3394
-2.1724 -1.96211 -2.09619 -9.12926 -8.29473 -58.4365
-2.21831 -2.00383 -2.38862 -9.23712 -8.3943 -58.5336
-2.26477 -2.04605 -2.68153 -9.3454 -8.4943 -58.6309
-2.31177 -2.08878 -2.97493 -9.4541 -8.59471 -58.7281
-2.35931 -2.132 -3.26881 -9.56322 -8.69556 -58.8255
-2.4074 -2.17573 -3.56318 -9.67277 -8.79683 -58.9229
-2.45604 -2.21997 -3.85804 -9.78275 -8.89853 -59.0205
-2.50523 -2.26472 -4.15339 -9.89316 -9.00066 -59.118
-2.55497 -2.30998 -4.44922 -10.004 -9.10323 -59.2157
-2.60527 -2.35575 -4.74554 -10.1153 -9.20624 -59.3134
-2.65612 -2.40204 -5.04236 -10.227 -9.3097 -59.4111
-2.70754 -2.44885 -5.33966 -10.3392 -9.4136 -59.509
-2.75951 -2.49617 -5.63745 -10.4518 -9.51795 -59.6069
-2.81205 -2.54403 -5.93573 -10.5649 -9.62275 -59.7049
-2.86516 -2.5924 -6.23449 -10.6784 -9.728 -59.8029
-2.91884 -2.64131 -6.53375 -10.7924 -9.83372 -59.901
-2.97309 -2.69074 -6.8335 -10.9068 -9.93989 -59.9992
-3.02791 -2.74071 -7.13375 -11.0217 -10.0465 -60.0974
-3.0833 -2.7912 -7.43448 -11.137 -10.1536 -60.1957
-3.13928 -2.84224 -7.7357 -11.2529 -10.2612 -60.2941
-3.19583 -2.89382 -8.03742 -11.3692 -10.3693 -60.3925
-3.25297 -2.94593 -8.33963 -11.4859 -10.4778 -60.491
-3.31069 -2.9986 -8.64233 -11.6032 -10.5868 -60.5895
-3.369 -3.0518 -8.94552 -11.7209 -10.6963 -60.6881
-3.4279 -3.10556 -9.24921 -11.8391 -10.8063 -60.7868
-3.48739 -3.15987 -9.55339 -11.9578 -10.9168 -60.8855
-3.54748 -3.21473 -9.85807 -12.077 -11.0277 -60.9843
-3.60816 -3.27014 -10.1632 -12.1967 -11.1392 -61.0832
-3.66945 -3.32612 -10.4689 -12.3169 -11.2512 -61.1821
-3.73133 -3.38265 -10.7751 -12.4376 -11.3636 -61.2811
-3.79382 -3.43975 -11.0817 -12.5588 -11.4766 -61.3801
-3.85692 -3.49742 -11.3889 -12.6805 -11.5901 -61.4792
-3.92063 -3.55566 -11.6965 -12.8027 -11.7041 -61.5783
-3.98495 -3.61446 -12.0046 -12.9254 -11.8186 -61.6775
-4.04988 -3.67384 -12.3133 -13.0486 -11.9337 -61.7768
-4.11543 -3.7338 -12.6224 -13.1724 -12.0493 -61.8761
-4.18161 -3.79433 -12.932 -13.2967 -12.1654 -61.9754
-4.2484 -3.85545 -13.2422 -13.4215 -12.282 -62.0748
-4.31582 -3.91715 -13.5528 -13.5468 -12.3992 -62.1743
-4.38387 -3.97944 -13.8639 -13.6727 -12.5169 -62.2738
-4.45255 -4.04232 -14.1755 -13.7992 -12.6352 -62.3734
-4.52186 -4.1058 -14.4876 -13.9261 -12.754 -62.473
-4.59181 -4.16986 -14.8003 -14.0536 -12.8734 -62.5727
-4.6624 -4.23453 -15.1134 -14.1817 -12.9933 -62.6724
-4.73363 -4.2998 -15.427 -14.3103 -13.1138 -62.7722
-4.8055 -4.36567 -15.7411 -14.4395 -13.2349 -62.872
-4.87802 -4.43215 -16.0557 -14.5693 -13.3565 -62.9718
-4.95119 -4.49923 -16.3708 -14.6996 -13.4788 -63.0717
-5.02502 -4.56693 -16.6864 -14.8305 -13.6015 -63.1717
-5.0995 -4.63525 -17.0025 -14.962 -13.7249 -63.2716
-5.17464 -4.70418 -17.3191 -15.094 -13.8489 -63.3717
-5.25044 -4.77374 -17.6362 -15.2267 -13.9735 -63.4717
-5.3269 -4.84392 -17.9538 -15.3599 -14.0986 -63.5718
-5.40404 -4.91473 -18.272 -15.4937 -14.2244 -63.672
-5.48184 -4.98616 -18.5906 -15.6281 -14.3507 -63.7722
-5.56032 -5.05823 -18.9097 -15.7631 -14.4777 -63.8724
-5.63947 -5.13094 -19.2293 -15.8988 -14.6053 -63.9726
-5.71931 -5.20429 -19.5494 -16.035 -14.7335 -64.0729
-5.79982 -5.27828 -19.87 -16.1718 -14.8624 -64.1732
-5.88103 -5.35291 -20.1911 -16.3093 -14.9918 -64.2736
-5.96292 -5.42819 -20.5128 -16.4474 -15.1219 -64.374
-6.0455 -5.50413 -20.8349 -16.5861 -15.2527 -64.4744
-6.12878 -5.58072 -21.1575 -16.7255 -15.3841 -64.5748
-6.21276 -5.65797 -21.4806 -16.8655 -15.5161 -64.6753
-6.29743 -5.73588 -21.8043 -17.0062 -15.6488 -64.7758
-6.38282 -5.81446 -22.1284 -17.1474 -15.7822 -64.8763
-6.46891 -5.8937 -22.453 -17.2894 -15.9162 -64.9768
-6.55571 -5.97362 -22.7782 -17.432 -16.0509 -65.0774
-6.64323 -6.05421 -23.1038 -17.5753 -16.1862 -65.178
-6.73146 -6.13548 -23.4299 -17.7192 -16.3223 -65.2786
-6.82042 -6.21744 -23.7566 -17.8638 -16.459 -65.3792
-6.9101 -6.30007 -24.0837 -18.0091 -16.5965 -65.4798
-7.00051 -6.3834 -24.4114 -18.1551 -16.7346 -65.5804
-7.09165 -6.46742 -24.7395 -18.3017 -16.8734 -65.6811
-7.18353 -6.55213 -25.0682 -18.4491 -17.0129 -65.7817
-7.27614 -6.63755 -25.3973 -18.5972 -17.1532 -65.8824
-7.3695 -6.72367 -25.727 -18.7459 -17.2942 -65.9831
-7.4636 -6.81049 -26.0572 -18.8954 -17.4359 -66.0837
-7.55846 -6.89802 -26.3878 -19.0456 -17.5783 -66.1844
-7.65406 -6.98627 -26.719 -19.1965 -17.7215 -66.2851
-7.75042 -7.07524 -27.0507 -19.3482 -17.8654 -66.3858
-7.84754 -7.16493 -27.3829 -19.5005 -18.0101 -66.4864
-7.94543 -7.25534 -27.7156 -19.6537 -18.1555 -66.5871
-8.04408 -7.34648 -28.0487 -19.8075 -18.3017 -66.6878
-8.1435 -7.43836 -28.3824 -19.9621 -18.4486 -66.7884
-8.2437 -7.53097 -28.7166 -20.1175 -18.5963 -66.889
-8.34468 -7.62432 -29.0513 -20.2736 -18.7448 -66.9897
-8.44644 -7.71842 -29.3865 -20.4306 -18.8941 -67.0903
-8.54898 -7.81326 -29.7222 -20.5882 -19.0442 -67.1908
-8.65232 -7.90886 -30.0584 -20.7467 -19.1951 -67.2914
-8.75645 -8.00521 -30.3951 -20.9059 -19.3468 -67.3919
-8.86138 -8.10233 -30.7324 -21.066 -19.4994 -67.4924
-8.96711 -8.20021 -31.0701 -21.2268 -19.6527 -67.5929
-9.07365 -8.29886 -31.4083 -21.3885 -19.8069 -67.6934
-9.181 -8.39828 -31.747 -21.551 -19.9619 -67.7938
-9.28916 -8.49847 -32.0862 -21.7143 -20.1177 -67.8941
-9.39814 -8.59945 -32.4259 -21.8784 -20.2744 -67.9945
-9.50794 -8.70122 -32.7662 -22.0433 -20.432 -68.0948
-9.61857 -8.80377 -33.1069 -22.2091 -20.5904 -68.195
-9.73003 -8.90712 -33.4481 -22.3758 -20.7497 -68.2952
-9.84233 -9.01127 -33.7898 -22.5433 -20.9099 -68.3954
-9.95547 -9.11622 -34.1321 -22.7117 -21.0709 -68.4955
-10.0694 -9.22198 -34.4748 -22.8809 -21.2329 -68.5955
-10.1843 -9.32855 -34.818 -23.051 -21.3958 -68.6955
-10.3 -9.43594 -35.1618 -23.222 -21.5595 -68.7954
-10.4165 -9.54415 -35.506 -23.3939 -21.7242 -68.8952
-10.5339 -9.65318 -35.8507 -23.5667 -21.8898 -68.995
-10.6522 -9.76304 -36.1959 -23.7404 -22.0564 -69.0946
-10.7713 -9.87374 -36.5417 -23.915 -22.2239 -69.1943
-10.8913 -9.98528 -36.8879 -24.0905 -22.3923 -69.2938
-11.0122 -10.0977 -37.2346 -24.267 -22.5617 -69.3932
-11.134 -10.2109 -37.5818 -24.4444 -22.7321 -69.4926
-11.2566 -10.325 -37.9295 -24.6228 -22.9035 -69.5918
-11.3802 -10.4399 -38.2777 -24.8021 -23.0758 -69.691
-11.5047 -10.5557 -38.6264 -24.9823 -23.2492 -69.79
-11.63 -10.6724 -38.9756 -25.1636 -23.4235 -69.889
-11.7563 -10.79 -39.3253 -25.3458 -23.5989 -69.9878
-11.8835 -10.9084 -39.6755 -25.529 -23.7752 -70.0866
-12.0116 -11.0277 -40.0262 -25.7132 -23.9527 -70.1852
-12.1406 -11.1479 -40.3774 -25.8985 -24.1311 -70.2836
-12.2706 -11.269 -40.729 -26.0847 -24.3106 -70.382
-12.4015 -11.391 -41.0812 -26.272 -24.4912 -70.4802
-12.5333 -11.514 -41.4338 -26.4603 -24.6728 -70.5783
-12.6661 -11.6378 -41.787 -26.6496 -24.8555 -70.6762
-12.7998 -11.7625 -42.1406 -26.84 -25.0393 -70.774
-12.9345 -11.8882 -42.4947 -27.0314 -25.2242 -70.8716
-13.0701 -12.0148 -42.8493 -27.224 -25.4103 -70.9691
-13.2067 -12.1423 -43.2044 -27.4176 -25.5974 -71.0664
-13.3443 -12.2707 -43.56 -27.6123 -25.7857 -71.1635
-13.4828 -12.4001 -43.916 -27.8081 -25.9751 -71.2605
-13.6224 -12.5305 -44.2726 -28.005 -26.1657 -71.3572
-13.7629 -12.6618 -44.6296 -28.203 -26.3574 -71.4538
-13.9044 -12.7941 -44.9871 -28.4022 -26.5503 -71.5502
-14.0469 -12.9273 -45.3451 -28.6025 -26.7444 -71.6464
-14.1904 -13.0615 -45.7036 -28.8039 -26.9397 -71.7424
-14.335 -13.1967 -46.0625 -29.0066 -27.1362 -71.8381
-14.4805 -13.3329 -46.4219 -29.2104 -27.3339 -71.9337
-14.6271 -13.47 -46.7819 -29.4153 -27.5328 -72.029
-14.7746 -13.6082 -47.1422 -29.6215 -27.733 -72.1241
-14.9233 -13.7474 -47.5031 -29.8289 -27.9345 -72.2189
-15.0729 -13.8875 -47.8644 -30.0375 -28.1372 -72.3135
-15.2236 -14.0287 -48.2262 -30.2473 -28.3412 -72.4078
-15.3754 -14.1709 -48.5885 -30.4584 -28.5465 -72.5019
-15.5282 -14.3142 -48.9512 -30.6707 -28.7531 -72.5957
-15.6821 -14.4585 -49.3145 -30.8843 -28.961 -72.6892
-15.8371 -14.6038 -49.6781 -31.0992 -29.1703 -72.7825
-15.9931 -14.7502 -50.0423 -31.3154 -29.3809 -72.8754
-16.1502 -14.8976 -50.4069 -31.5328 -29.5928 -72.968
-16.3084 -15.0461 -50.772 -31.7516 -29.8062 -73.0603
-16.4677 -15.1957 -51.1375 -31.9717 -30.0209 -73.1523
-16.6282 -15.3463 -51.5035 -32.1932 -30.237 -73.244
-16.7897 -15.498 -51.8699 -32.416 -30.4545 -73.3353
-16.9523 -15.6509 -52.2368 -32.6402 -30.6735 -73.4263
-17.1161 -15.8048 -52.6042 -32.8657 -30.8939 -73.5169
-17.281 -15.9598 -52.972 -33.0927 -31.1157 -73.6071
-17.447 -16.1159 -53.3403 -33.321 -31.339 -73.697
-17.6142 -16.2732 -53.709 -33.5508 -31.5639 -73.7865
-17.7825 -16.4316 -54.0781 -33.7821 -31.7902 -73.8755
-17.952 -16.5911 -54.4477 -34.0147 -32.018 -73.9642
-18.1227 -16.7518 -54.8178 -34.2489 -32.2474 -74.0524
-18.2945 -16.9136 -55.1883 -34.4845 -32.4783 -74.1402
-18.4675 -17.0765 -55.5592 -34.7216 -32.7108 -74.2276
-18.6417 -17.2407 -55.9305 -34.9602 -32.9448 -74.3144
-18.8171 -17.406 -56.3023 -35.2004 -33.1805 -74.4009
-18.9937 -17.5725 -56.6745 -35.4421 -33.4177 -74.4868
-19.1715 -17.7402 -57.0472 -35.6854 -33.6566 -74.5722
-19.3506 -17.909 -57.4203 -35.9302 -33.8972 -74.6572
-19.5308 -18.0791 -57.7938 -36.1766 -34.1394 -74.7416
-19.7123 -18.2504 -58.1677 -36.4247 -34.3833 -74.8254
-19.8951 -18.423 -58.542 -36.6743 -34.6289 -74.9087
-20.0791 -18.5967 -58.9168 -36.9256 -34.8762 -74.9915
-20.2643 -18.7717 -59.2919 -37.1786 -35.1252 -75.0737
-20.4509 -18.948 -59.6675 -37.4332 -35.376 -75.1552
-20.6387 -19.1255 -60.0435 -37.6896 -35.6286 -75.2362
-20.8278 -19.3043 -60.4199 -37.9476 -35.883 -75.3166
-21.0181 -19.4843 -60.7966 -38.2074 -36.1392 -75.3963
-21.2098 -19.6657 -61.1738 -38.4689 -36.3972 -75.4753
-21.4028 -19.8483 -61.5514 -38.7322 -36.657 -75.5537
-21.5972 -20.0322 -61.9294 -38.9973 -36.9188 -75.6313
-21.7928 -20.2175 -62.3077 -39.2642 -37.1824 -75.7083
-21.9898 -20.4041 -62.6864 -39.5329 -37.4479 -75.7845
-22.1881 -20.592 -63.0656 -39.8035 -37.7154 -75.86
-22.3878 -20.7812 -63.445 -40.076 -37.9849 -75.9348
-22.5889 -20.9718 -63.8249 -40.3503 -38.2563 -76.0087
-22.7913 -21.1638 -64.2051 -40.6266 -38.5297 -76.0818
-22.9952 -21.3571 -64.5857 -40.9047 -38.8051 -76.1542
-23.2004 -21.5518 -64.9667 -41.1849 -39.0825 -76.2256
-23.407 -21.7479 -65.348 -41.467 -39.3621 -76.2962
-23.6151 -21.9454 -65.7296 -41.7511 -39.6437 -76.366
-23.8245 -22.1444 -66.1116 -42.0372 -39.9274 -76.4348
-24.0354 -22.3447 -66.494 -42.3254 -40.2133 -76.5027
-24.2478 -22.5465 -66.8767 -42.6157 -40.5013 -76.5696
-24.4616 -22.7497 -67.2597 -42.908 -40.7915 -76.6355
-24.6769 -22.9544 -67.643 -43.2025 -41.0839 -76.7005
-24.8936 -23.1606 -68.0267 -43.4991 -41.3786 -76.7644
-25.1118 -23.3682 -68.4107 -43.7979 -41.6755 -76.8273
-25.3316 -23.5773 -68.795 -44.0988 -41.9747 -76.8891
-25.5528 -23.788 -69.1796 -44.402 -42.2762 -76.9498
-25.7756 -24.0001 -69.5645 -44.7074 -42.58 -77.0094
-25.9999 -24.2138 -69.9496 -45.0151 -42.8862 -77.0678
-26.2258 -24.429 -70.3351 -45.3251 -43.1948 -77.125
-26.4532 -24.6457 -70.7209 -45.6374 -43.5058 -77.1811
-26.6821 -24.864 -71.1069 -45.952 -43.8193 -77.2359
-26.9127 -25.0839 -71.4933 -46.2691 -44.1352 -77.2894
-27.1448 -25.3054 -71.8798 -46.5885 -44.4536 -77.3416
-27.3786 -25.5284 -72.2667 -46.9103 -44.7746 -77.3925
-27.6139 -25.7531 -72.6538 -47.2347 -45.0981 -77.442
-27.8509 -25.9794 -73.0411 -47.5615 -45.4242 -77.4901
-28.0895 -26.2073 -73.4287 -47.8908 -45.753 -77.5368
-28.3298 -26.4369 -73.8165 -48.2226 -46.0844 -77.582
-28.5718 -26.6682 -74.2045 -48.5571 -46.4185 -77.6257
-28.8154 -26.9011 -74.5927 -48.8941 -46.7552 -77.6679
-29.0607 -27.1357 -74.9812 -49.2337 -47.0948 -77.7085
-29.3077 -27.3721 -75.3698 -49.5761 -47.4371 -77.7475
-29.5565 -27.6101 -75.7586 -49.9211 -47.7822 -77.7848
-29.8069 -27.8499 -76.1476 -50.2688 -48.1302 -77.8205
-30.0592 -28.0914 -76.5368 -50.6193 -48.4811 -77.8543
-30.3131 -28.3347 -76.9262 -50.9726 -48.8349 -77.8864
-30.5689 -28.5798 -77.3157 -51.3287 -49.1916 -77.9167
-30.8264 -28.8266 -77.7054 -51.6876 -49.5513 -77.9451
-31.0858 -29.0753 -78.0952 -52.0494 -49.9141 -77.9716
-31.3469 -29.3258 -78.4851 -52.4142 -50.2799 -77.9961
-31.6099 -29.5781 -78.8751 -52.7819 -50.6488 -78.0186
-31.8747 -29.8323 -79.2653 -53.1526 -51.0209 -78.039
-32.1414 -30.0883 -79.6555 -53.5263 -51.3961 -78.0572
-32.41 -30.3462 -80.0458 -53.903 -51.7745 -78.0733
-32.6805 -30.606 -80.4362 -54.2829 -52.1562 -78.0872
-32.9528 -30.8678 -80.8267 -54.6659 -52.5412 -78.0988
-33.2271 -31.1314 -81.2172 -55.0521 -52.9295 -78.108
-33.5033 -31.3971 -81.6078 -55.4414 -53.3212 -78.1149
-33.7815 -31.6647 -81.9984 -55.834 -53.7163 -78.1192
-34.0617 -31.9342 -82.389 -56.2299 -54.1149 -78.121
-34.3438 -32.2058 -82.7796 -56.6291 -54.517 -78.1202
-34.628 -32.4794 -83.1702 -57.0317 -54.9226 -78.1168
-34.9141 -32.755 -83.5607 -57.4377 -55.3318 -78.1106
-35.2024 -33.0327 -83.9513 -57.8471 -55.7447 -78.1016
-35.4926 -33.3125 -84.3418 -58.26 -56.1612 -78.0898
-35.785 -33.5943 -84.7322 -58.6765 -56.5815 -78.0749
-36.0794 -33.8783 -85.1225 -59.0965 -57.0055 -78.0571
-36.3759 -34.1644 -85.5127 -59.5201 -57.4334 -78.0361
-36.6746 -34.4526 -85.9029 -59.9474 -57.8652 -78.012
-36.9754 -34.743 -86.2929 -60.3784 -58.3008 -77.9846
-37.2784 -35.0356 -86.6827 -60.8131 -58.7405 -77.9538
-37.5835 -35.3304 -87.0724 -61.2516 -59.1841 -77.9195
-37.8909 -35.6275 -87.4619 -61.6939 -59.6318 -77.8818
-38.2005 -35.9268 -87.8512 -62.1402 -60.0837 -77.8404
-38.5123 -36.2283 -88.2403 -62.5903 -60.5397 -77.7952
-38.8264 -36.5322 -88.6292 -63.0445 -61 -77.7463
-39.1427 -36.8383 -89.0178 -63.5026 -61.4645 -77.6934
-39.4614 -37.1468 -89.4061 -63.9649 -61.9334 -77.6365
-39.7824 -37.4576 -89.7941 -64.4312 -62.4066 -77.5754
-40.1057 -37.7709 -90.1819 -64.9018 -62.8843 -77.5101
-40.4314 -38.0865 -90.5692 -65.3765 -63.3665 -77.4404
-40.7595 -38.4045 -90.9563 -65.8555 -63.8533 -77.3662
-41.09 -38.725 -91.3429 -66.3389 -64.3447 -77.2874
-41.4229 -39.048 -91.7291 -66.8266 -64.8407 -77.2039
-41.7582 -39.3734 -92.1149 -67.3187 -65.3415 -77.1156
-42.096 -39.7014 -92.5003 -67.8153 -65.8471 -77.0222
-42.4364 -40.0319 -92.8852 -68.3165 -66.3575 -76.9237
-42.7792 -40.365 -93.2695 -68.8222 -66.8728 -76.8199
-43.1246 -40.7006 -93.6534 -69.3326 -67.3931 -76.7108
-43.4725 -41.0389 -94.0366 -69.8476 -67.9185 -76.596
-43.8231 -41.3798 -94.4193 -70.3674 -68.4489 -76.4756
-44.1762 -41.7234 -94.8014 -70.892 -68.9845 -76.3493
-44.532 -42.0697 -95.1828 -71.4214 -69.5252 -76.2169
-44.8904 -42.4186 -95.5636 -71.9557 -70.0713 -76.0783
-45.2515 -42.7704 -95.9436 -72.495 -70.6227 -75.9334
-45.6154 -43.1249 -96.3229 -73.0393 -71.1795 -75.7819
-45.9819 -43.4822 -96.7014 -73.5887 -71.7418 -75.6237
-46.3513 -43.8423 -97.0791 -74.1432 -72.3096 -75.4585
-46.7234 -44.2053 -97.456 -74.7028 -72.883 -75.2862
-47.0983 -44.5711 -97.832 -75.2677 -73.4621 -75.1066
-47.476 -44.9399 -98.2071 -75.8379 -74.0469 -74.9194
-47.8567 -45.3116 -98.5812 -76.4134 -74.6374 -74.7245
-48.2402 -45.6863 -98.9543 -76.9943 -75.2339 -74.5217
-48.6266 -46.0639 -99.3264 -77.5806 -75.8362 -74.3106
-49.016 -46.4446 -99.6974 -78.1724 -76.4445 -74.0911
-49.4083 -46.8284 -100.067 -78.7698 -77.0589 -73.863
-49.8037 -47.2152 -100.436 -79.3728 -77.6794 -73.6259
-50.2021 -47.6052 -100.804 -79.9814 -78.306 -73.3797
-50.6035 -47.9983 -101.17 -80.5957 -78.9388 -73.124
-51.008 -48.3945 -101.535 -81.2158 -79.578 -72.8586
-51.4157 -48.794 -101.898 -81.8417 -80.2235 -72.5832
-51.8264 -49.1968 -102.261 -82.4733 -80.8754 -72.2975
-52.2404 -49.6028 -102.621 -83.1109 -81.5338 -72.0013
-52.6575 -50.0121 -102.981 -83.7544 -82.1987 -71.6941
-53.0779 -50.4248 -103.338 -84.4039 -82.8701 -71.3757
-53.5016 -50.8408 -103.694 -85.0593 -83.5482 -71.0458
-53.9285 -51.2603 -104.049 -85.7208 -84.233 -70.704
-54.3588 -51.6831 -104.401 -86.3884 -84.9245 -70.35
-54.7924 -52.1095 -104.752 -87.062 -85.6228 -69.9834
-55.2294 -52.5394 -105.101 -87.7418 -86.3279 -69.6038
-55.6698 -52.9728 -105.448 -88.4278 -87.0399 -69.2109
-56.1137 -53.4098 -105.793 -89.1199 -87.7588 -68.8043
-56.561 -53.8504 -106.136 -89.8182 -88.4846 -68.3835
-57.0119 -54.2946 -106.477 -90.5227 -89.2174 -67.9482
-57.4662 -54.7425 -106.816 -91.2334 -89.9571 -67.4979
-57.9242 -55.1942 -107.152 -91.9504 -90.7039 -67.0321
-58.3857 -55.6496 -107.486 -92.6736 -91.4577 -66.5504
-58.8509 -56.1088 -107.818 -93.4029 -92.2186 -66.0524
-59.3198 -56.5718 -108.147 -94.1385 -92.9865 -65.5375
-59.7923 -57.0386 -108.473 -94.8802 -93.7615 -65.0053
-60.2686 -57.5094 -108.797 -95.6281 -94.5435 -64.4552
-60.7486 -57.9841 -109.118 -96.3821 -95.3326 -63.8867
-61.2324 -58.4627 -109.436 -97.1422 -96.1287 -63.2993
-61.72 -58.9453 -109.751 -97.9082 -96.9317 -62.6923
-62.2115 -59.432 -110.063 -98.6803 -97.7418 -62.0653
-62.7068 -59.9228 -110.371 -99.4582 -98.5587 -61.4176
-63.2061 -60.4176 -110.677 -100.242 -99.3825 -60.7486
-63.7092 -60.9166 -110.979 -101.031 -100.213 -60.0577
-64.2164 -61.4197 -111.277 -101.826 -101.05 -59.3443
-64.7275 -61.9271 -111.572 -102.627 -101.894 -58.6076
-65.2426 -62.4387 -111.863 -103.433 -102.744 -57.847
-65.7618 -62.9545 -112.151 -104.244 -103.601 -57.0619
-66.2851 -63.4747 -112.434 -105.06 -104.464 -56.2515
-66.8124 -63.9992 -112.713 -105.881 -105.333 -55.415
-67.3439 -64.528 -112.988 -106.707 -106.208 -54.5518
-67.8795 -65.0612 -113.259 -107.537 -107.089 -53.661
-68.4192 -65.5989 -113.525 -108.371 -107.975 -52.7419
-68.9632 -66.141 -113.786 -109.21 -108.867 -51.7938
-69.5113 -66.6876 -114.043 -110.052 -109.763 -50.8156
-70.0637 -67.2386 -114.294 -110.897 -110.665 -49.8068
-70.6203 -67.7942 -114.541 -111.746 -111.571 -48.7663
-71.1812 -68.3543 -114.782 -112.597 -112.481 -47.6934
-71.7463 -68.919 -115.018 -113.451 -113.395 -46.5872
-72.3157 -69.4883 -115.248 -114.306 -114.312 -45.4467
-72.8893 -70.0621 -115.472 -115.163 -115.232 -44.2712
-73.4673 -70.6406 -115.691 -116.021 -116.155 -43.0597
-74.0495 -71.2237 -115.903 -116.879 -117.08 -41.8112
-74.6361 -71.8114 -116.109 -117.737 -118.006 -40.525
-75.2269 -72.4037 -116.308 -118.595 -118.934 -39.1999
-75.822 -73.0007 -116.501 -119.452 -119.862 -37.8352
-76.4214 -73.6023 -116.686 -120.306 -120.789 -36.4298
-77.0251 -74.2086 -116.865 -121.158 -121.716 -34.983
-77.633 -74.8195 -117.036 -122.006 -122.641 -33.4936
-78.2451 -75.435 -117.2 -122.851 -123.564 -31.9609
-78.8615 -76.0551 -117.356 -123.69 -124.484 -30.3839
-79.482 -76.6798 -117.504 -124.523 -125.399 -28.7618
-80.1067 -77.3091 -117.643 -125.35 -126.31 -27.0937
-80.7355 -77.9429 -117.775 -126.169 -127.214 -25.3787
-81.3684 -78.5813 -117.897 -126.979 -128.112 -23.616
-82.0053 -79.224 -118.011 -127.779 -129.001 -21.8049
-82.6462 -79.8713 -118.115 -128.567 -129.881 -19.9446
-83.291 -80.5228 -118.21 -129.344 -130.751 -18.0345
-83.9396 -81.1788 -118.296 -130.107 -131.609 -16.0739
-84.592 -81.8389 -118.371 -130.855 -132.454 -14.0622
-85.2482 -82.5033 -118.436 -131.586 -133.285 -11.999
-85.9079 -83.1718 -118.491 -132.3 -134.099 -9.88371
-86.5712 -83.8443 -118.535 -132.995 -134.897 -7.71609
-87.2379 -84.5207 -118.568 -133.669 -135.675 -5.49586
-87.9079 -85.201 -118.59 -134.321 -136.433 -3.22284
-88.5811 -85.8851 -118.6 -134.949 -137.169 -0.896997
-89.2573 -86.5727 -118.599 -135.551 -137.881 1.48162
-89.9366 -87.2639 -118.586 -136.125 -138.567 3.91282
-90.6186 -87.9584 -118.56 -136.671 -139.226 6.39629
-91.3033 -88.6561 -118.522 -137.186 -139.855 8.93156
-91.9904 -89.3569 -118.471 -137.668 -140.453 11.518
-92.6799 -90.0606 -118.406 -138.115 -141.018 14.1549
-93.3716 -90.7671 -118.329 -138.526 -141.548 16.8412
-94.0652 -91.4761 -118.238 -138.898 -142.041 19.5759
-94.7606 -92.1875 -118.133 -139.23 -142.495 22.3576
-95.4575 -92.9011 -118.015 -139.521 -142.908 25.1849
-96.1558 -93.6166 -117.881 -139.767 -143.277 28.056
-96.8552 -94.3338 -117.734 -139.967 -143.603 30.9692
-97.5554 -95.0526 -117.572 -140.12 -143.881 33.9222
-98.2564 -95.7726 -117.395 -140.224 -144.11 36.9129
-98.9577 -96.4937 -117.203 -140.277 -144.29 39.9387
-99.6591 -97.2155 -116.995 -140.277 -144.417 42.9969
-100.36 -97.9379 -116.773 -140.223 -144.49 46.0847
-101.061 -98.6604 -116.535 -140.114 -144.508 49.199
-101.762 -99.3829 -116.281 -139.948 -144.469 52.3364
-102.461 -100.105 -116.011 -139.724 -144.372 55.4936
-103.159 -100.827 -115.726 -139.442 -144.215 58.6669
-103.855 -101.547 -115.425 -139.099 -143.998 61.8526
-104.55 -102.267 -115.107 -138.696 -143.72 65.0467
-105.242 -102.984 -114.774 -138.232 -143.38 68.2452
-105.932 -103.7 -114.425 -137.707 -142.977 71.444
-106.619 -104.414 -114.06 -137.12 -142.511 74.6388
-107.303 -105.126 -113.679 -136.471 -141.981 77.8254
-107.984 -105.834 -113.281 -135.76 -141.389 80.9994
-108.661 -106.539 -112.869 -134.989 -140.733 84.1564
-109.334 -107.241 -112.44 -134.157 -140.015 87.2922
-110.003 -107.94 -111.996 -133.265 -139.234 90.4023
-110.667 -108.634 -111.536 -132.314 -138.393 93.4826
-111.326 -109.324 -111.061 -131.306 -137.491 96.5287
-111.98 -110.009 -110.571 -130.241 -136.53 99.5367
-112.628 -110.689 -110.066 -129.121 -135.511 102.503
-113.271 -111.364 -109.546 -127.948 -134.436 105.422
-113.908 -112.033 -109.011 -126.724 -133.307 108.293
-114.538 -112.697 -108.463 -125.45 -132.125 111.11
-115.162 -113.354 -107.9 -124.129 -130.892 113.871
-115.779 -114.006 -107.324 -122.763 -129.611 116.572
-116.39 -114.651 -106.735 -121.355 -128.284 119.211
-116.993 -115.289 -106.132 -119.906 -126.913 121.786
-117.589 -115.92 -105.517 -118.419 -125.501 124.293
-118.177 -116.544 -104.889 -116.897 -124.05 126.731
-118.758 -117.16 -104.249 -115.343 -122.563 129.098
-119.331 -117.769 -103.598 -113.758 -121.042 131.392
-119.895 -118.371 -102.935 -112.146 -119.49 133.612
-120.452 -118.964 -102.262 -110.51 -117.91 135.757
-121 -119.55 -101.578 -108.852 -116.304 137.827
-121.541 -120.127 -100.884 -107.174 -114.676 139.82
-122.072 -120.697 -100.18 -105.479 -113.027 141.736
-122.595 -121.258 -99.4663 -103.77 -111.36 143.575
-123.11 -121.81 -98.7439 -102.05 -109.677 145.338
-123.616 -122.354 -98.013 -100.32 -107.982 147.023
-124.113 -122.89 -97.2737 -98.5823 -106.277 148.633
-124.602 -123.417 -96.5266 -96.8401 -104.563 150.168
-125.082 -123.936 -95.772 -95.0952 -102.844 151.628
-125.553 -124.446 -95.0103 -93.3497 -101.12 153.015
-126.015 -124.947 -94.2419 -91.6053 -99.3954 154.329
-126.469 -125.44 -93.467 -89.8642 -97.6705 155.572
-126.914 -125.924 -92.6862 -88.1279 -95.9476 156.745
-127.35 -126.399 -91.8996 -86.3981 -94.2286 157.85
-127.778 -126.866 -91.1077 -84.6764 -92.515 158.888
-128.197 -127.324 -90.3107 -82.9643 -90.8084 159.861
-128.607 -127.774 -89.5091 -81.263 -89.1102 160.77
-129.009 -128.215 -88.703 -79.5739 -87.4217 161.617
-129.403 -128.648 -87.8929 -77.898 -85.7443 162.404
-129.788 -129.073 -87.079 -76.2365 -84.0791 163.132
-130.165 -129.489 -86.2616 -74.5903 -82.427 163.804
-130.534 -129.897 -85.4409 -72.9603 -80.7892 164.421
-130.895 -130.297 -84.6173 -71.3473 -79.1665 164.985
-131.248 -130.689 -83.7911 -69.7519 -77.5597 165.498
-131.593 -131.072 -82.9623 -68.1749 -75.9694 165.962
-131.93 -131.448 -82.1314 -66.6167 -74.3964 166.378
-132.259 -131.816 -81.2986 -65.0779 -72.8412 166.748
-132.58 -132.177 -80.464 -63.5588 -71.3044 167.074
-132.894 -132.529 -79.6278 -62.0599 -69.7863 167.357
-133.201 -132.875 -78.7904 -60.5815 -68.2873 167.6
-133.5 -133.212 -77.9518 -59.1237 -66.8078 167.804
-133.792 -133.543 -77.1123 -57.6868 -65.348 167.97
-134.077 -133.866 -76.2721 -56.2709 -63.9082 168.101
-134.355 -134.182 -75.4313 -54.8762 -62.4884 168.197
-134.626 -134.491 -74.5901 -53.5026 -61.0889 168.26
-134.89 -134.793 -73.7487 -52.1503 -59.7097 168.292
-135.147 -135.088 -72.9072 -50.8191 -58.3509 168.293
-135.398 -135.376 -72.0658 -49.5091 -57.0124 168.266
-135.642 -135.658 -71.2245 -48.2202 -55.6942 168.212
-135.88 -135.933 -70.3837 -46.9522 -54.3964 168.132
-136.112 -136.202 -69.5432 -45.7051 -53.1188 168.026
-136.337 -136.464 -68.7034 -44.4787 -51.8613 167.897
-136.557 -136.721 -67.8642 -43.2728 -50.6238 167.746
-136.77 -136.971 -67.0259 -42.0872 -49.4061 167.573
-136.978 -137.215 -66.1885 -40.9218 -48.2081 167.38
-137.179 -137.453 -65.3521 -39.7763 -47.0297 167.168
-137.375 -137.685 -64.5168 -38.6506 -45.8705 166.937
-137.566 -137.911 -63.6827 -37.5442 -44.7305 166.688
-137.751 -138.132 -62.8499 -36.4571 -43.6094 166.424
-137.93 -138.347 -62.0185 -35.3889 -42.5069 166.143
-138.105 -138.557 -61.1885 -34.3394 -41.4229 165.848
-138.274 -138.762 -60.36 -33.3083 -40.357 165.539
-138.438 -138.961 -59.5331 -32.2954 -39.3091 165.216
-138.597 -139.155 -58.7079 -31.3003 -38.2789 164.881
-138.751 -139.344 -57.8843 -30.3228 -37.2662 164.535
-138.9 -139.527 -57.0625 -29.3625 -36.2705 164.177
-139.044 -139.706 -56.2425 -28.4193 -35.2918 163.808
-139.184 -139.88 -55.4244 -27.4928 -34.3297 163.43
-139.319 -140.05 -54.6082 -26.5826 -33.384 163.043
-139.45 -140.214 -53.794 -25.6887 -32.4544 162.646
-139.576 -140.374 -52.9818 -24.8105 -31.5406 162.242
-139.698 -140.53 -52.1716 -23.948 -30.6423 161.83
-139.816 -140.681 -51.3635 -23.1007 -29.7594 161.41
-139.929 -140.827 -50.5575 -22.2684 -28.8914 160.984
-140.038 -140.969 -49.7536 -21.4509 -28.0382 160.552
-140.144 -141.108 -48.9519 -20.6477 -27.1995 160.114
-140.245 -141.241 -48.1525 -19.8588 -26.375 159.67
-140.342 -141.371 -47.3552 -19.0837 -25.5644 159.221
-140.436 -141.497 -46.5603 -18.3223 -24.7676 158.768
-140.525 -141.619 -45.7676 -17.5742 -23.9842 158.31
-140.611 -141.737 -44.9772 -16.8392 -23.2141 157.848
-140.694 -141.851 -44.1891 -16.1171 -22.4568 157.382
-140.773 -141.962 -43.4033 -15.4076 -21.7123 156.913
-140.848 -142.068 -42.62 -14.7104 -20.9803 156.441
-140.92 -142.171 -41.8389 -14.0254 -20.2604 155.966
-140.988 -142.271 -41.0603 -13.3522 -19.5526 155.488
-141.053 -142.367 -40.284 -12.6906 -18.8565 155.008
-141.115 -142.459 -39.5102 -12.0404 -18.172 154.526
-141.174 -142.549 -38.7388 -11.4014 -17.4988 154.042
-141.229 -142.634 -37.9698 -10.7733 -16.8366 153.557
-141.281 -142.717 -37.2032 -10.1559 -16.1854 153.07
-141.331 -142.796 -36.4391 -9.5491 -15.5448 152.581
-141.377 -142.872 -35.6774 -8.95255 -14.9147 152.092
-141.42 -142.945 -34.9182 -8.36609 -14.2948 151.601
-141.461 -143.015 -34.1614 -7.78952 -13.685 151.11
-141.498 -143.082 -33.4071 -7.22264 -13.085 150.619
-141.533 -143.146 -32.6552 -6.66525 -12.4947 150.127
-141.565 -143.207 -31.9058 -6.11716 -11.9139 149.634
-141.594 -143.265 -31.1589 -5.57819 -11.3424 149.141
-141.62 -143.321 -30.4144 -5.04815 -10.78 148.649
-141.644 -143.373 -29.6724 -4.52687 -10.2266 148.156
-141.666 -143.423 -28.9328 -4.01417 -9.68185 147.664
-141.685 -143.47 -28.1957 -3.50988 -9.14574 147.172
-141.701 -143.514 -27.4611 -3.01382 -8.61805 146.68
-141.715 -143.556 -26.7289 -2.52585 -8.09863 146.189
-141.726 -143.595 -25.9992 -2.04578 -7.5873 145.698
-141.735 -143.632 -25.2719 -1.57348 -7.08392 145.208
-141.742 -143.666 -24.5471 -1.10878 -6.58834 144.719
-141.746 -143.698 -23.8248 -0.65154 -6.10039 144.231
-141.748 -143.727 -23.1048 -0.201604 -5.61994 143.744
-141.748 -143.754 -22.3873 0.241167 -5.14684 143.257
-141.746 -143.779 -21.6722 0.676915 -4.68095 142.772
-141.741 -143.801 -20.9596 1.10578 -4.22213 142.288
-141.735 -143.821 -20.2494 1.52789 -3.77025 141.804
-141.726 -143.839 -19.5416 1.94338 -3.32518 141.323
-141.715 -143.854 -18.8361 2.35238 -2.88679 140.842
-141.703 -143.867 -18.1331 2.75501 -2.45494 140.363
-141.688 -143.879 -17.4325 3.1514 -2.02953 139.885
-141.671 -143.888 -16.7343 3.54167 -1.61042 139.408
-141.652 -143.895 -16.0384 3.92593 -1.1975 138.933
-141.632 -143.9 -15.345 4.3043 -0.790654 138.46
-141.609 -143.903 -14.6538 4.67689 -0.389769 137.988
-141.585 -143.904 -13.9651 5.04382 0.00526711 137.517
-141.559 -143.903 -13.2787 5.40518 0.394562 137.048
-141.531 -143.9 -12.5946 5.76109 0.778221 136.581
-141.501 -143.895 -11.9129 6.11164 1.15635 136.116
-141.47 -143.888 -11.2334 6.45695 1.52905 135.652
-141.437 -143.88 -10.5563 6.79709 1.89641 135.189
-141.402 -143.869 -9.88154 7.13218 2.25854 134.729
-141.365 -143.857 -9.20905 7.46231 2.61554 134.27
-141.327 -143.843 -8.53884 7.78756 2.96748 133.813
-141.288 -143.827 -7.87092 8.10803 3.31448 133.358
-141.246 -143.81 -7.20527 8.4238 3.6566 132.904
-141.203 -143.791 -6.54188 8.73497 3.99395 132.452
-141.159 -143.77 -5.88075 9.04161 4.3266 132.002
-141.113 -143.747 -5.22186 9.34381 4.65464 131.554
-141.065 -143.723 -4.5652 9.64165 4.97816 131.108
-141.017 -143.698 -3.91078 9.9352 5.29722 130.664
-140.966 -143.67 -3.25857 10.2245 5.61192 130.221
-140.914 -143.642 -2.60857 10.5098 5.92232 129.78
-140.861 -143.611 -1.96077 10.7909 6.2285 129.341
-140.806 -143.579 -1.31516 11.0681 6.53053 128.904
-140.75 -143.546 -0.671725 11.3413 6.8285 128.469
-140.693 -143.511 -0.0304661 11.6108 7.12245 128.036
-140.634 -143.475 0.608631 11.8764 7.41248 127.604
-140.574 -143.437 1.24558 12.1383 7.69863 127.175
-140.513 -143.398 1.88038 12.3966 7.98099 126.747
-140.45 -143.357 2.51304 12.6513 8.2596 126.321
-140.386 -143.315 3.14359 12.9024 8.53455 125.897
-140.321 -143.272 3.77202 13.1502 8.80588 125.475
-140.255 -143.227 4.39834 13.3945 9.07366 125.055
-140.187 -143.181 5.02256 13.6354 9.33795 124.636
-140.118 -143.134 5.6447 13.8731 9.59881 124.22
-140.049 -143.085 6.26476 14.1075 9.85629 123.805
-139.977 -143.035 6.88276 14.3388 10.1105 123.393
-139.905 -142.984 7.49869 14.567 10.3613 122.982
-139.832 -142.931 8.11257 14.792 10.609 122.573
-139.757 -142.878 8.72442 15.0141 10.8536 122.165
-139.682 -142.823 9.33423 15.2332 11.095 121.76
-139.605 -142.767 9.94202 15.4493 11.3333 121.357
-139.527 -142.71 10.5478 15.6626 11.5687 120.955
-139.448 -142.651 11.1516 15.8731 11.8011 120.555
-139.368 -142.592 11.7533 16.0808 12.0305 120.157
-139.287 -142.531 12.3531 16.2858 12.2572 119.761
-139.205 -142.469 12.9509 16.488 12.481 119.366
-139.123 -142.406 13.5468 16.6877 12.702 118.974
-139.039 -142.342 14.1407 16.8847 12.9203 118.583
-138.954 -142.277 14.7326 17.0792 13.1359 118.194
-138.868 -142.211 15.3226 17.2711 13.3488 117.806
-138.781 -142.143 15.9107 17.4606 13.5592 117.421
-138.693 -142.075 16.4968 17.6476 13.7669 117.037
-138.605 -142.006 17.0811 17.8323 13.9722 116.655
-138.515 -141.935 17.6634 18.0145 14.175 116.275
-138.424 -141.864 18.2438 18.1945 14.3753 115.896
-138.333 -141.791 18.8223 18.3721 14.5732 115.52
-138.241 -141.718 19.399 18.5475 14.7687 115.144
-138.147 -141.644 19.9738 18.7207 14.9619 114.771
-138.053 -141.569 20.5467 18.8917 15.1528 114.399
-137.959 -141.492 21.1178 19.0606 15.3415 114.029
-137.863 -141.415 21.687 19.2273 15.5279 113.661
-137.766 -141.337 22.2544 19.3919 15.7121 113.295
-137.669 -141.258 22.82 19.5545 15.8941 112.93
-137.571 -141.178 23.3837 19.7151 16.074 112.566
-137.472 -141.097 23.9456 19.8737 16.2518 112.205
-137.372 -141.016 24.5057 20.0303 16.4275 111.845
-137.271 -140.933 25.0641 20.1849 16.6012 111.486
-137.17 -140.85 25.6206 20.3377 16.7729 111.129
-137.068 -140.765 26.1754 20.4886 16.9426 110.774
-136.965 -140.68 26.7283 20.6377 17.1103 110.421
-136.862 -140.594 27.2796 20.7849 17.2761 110.069
-136.757 -140.507 27.829 20.9304 17.44 109.718
-136.652 -140.42 28.3767 21.074 17.6021 109.369
-136.547 -140.331 28.9227 21.216 17.7623 109.022
-136.44 -140.242 29.467 21.3562 17.9207 108.676
-136.333 -140.152 30.0095 21.4947 18.0773 108.332
-136.225 -140.061 30.5503 21.6316 18.2321 107.99
-136.117 -139.97 31.0894 21.7668 18.3852 107.648
-136.008 -139.877 31.6268 21.9004 18.5365 107.309
-135.898 -139.784 32.1625 22.0324 18.6862 106.971
-135.787 -139.691 32.6965 22.1628 18.8342 106.634
-135.676 -139.596 33.2288 22.2917 18.9805 106.299
-135.564 -139.501 33.7595 22.419 19.1253 105.965
-135.452 -139.405 34.2885 22.5449 19.2684 105.633
-135.339 -139.308 34.8158 22.6692 19.4099 105.302
-135.225 -139.211 35.3415 22.7921 19.5499 104.973
-135.111 -139.113 35.8655 22.9135 19.6884 104.645
-134.996 -139.014 36.3879 23.0336 19.8253 104.319
-134.881 -138.914 36.9087 23.1522 19.9608 103.994
-134.765 -138.814 37.4279 23.2694 20.0947 103.67
-134.648 -138.713 37.9454 23.3852 20.2273 103.348
-134.531 -138.612 38.4613 23.4998 20.3583 103.027
-134.413 -138.51 38.9757 23.6129 20.488 102.707
-134.295 -138.407 39.4884 23.7248 20.6163 102.389
-134.176 -138.304 39.9996 23.8354 20.7431 102.073
-134.056 -138.2 40.5091 23.9447 20.8687 101.757
-133.936 -138.095 41.0171 24.0527 20.9928 101.443
-133.816 -137.99 41.5236 24.1595 21.1157 101.13
-133.695 -137.884 42.0284 24.2651 21.2372 100.819
-133.573 -137.777 42.5318 24.3694 21.3575 100.509
-133.451 -137.67 43.0335 24.4726 21.4765 100.2
-133.328 -137.563 43.5338 24.5746 21.5942 99.8927
-133.205 -137.454 44.0325 24.6754 21.7107 99.5865
-133.082 -137.345 44.5296 24.7751 21.8259 99.2816
-132.958 -137.236 45.0253 24.8736 21.94 98.978
-132.833 -137.126 45.5194 24.971 22.0528 98.6756
-132.708 -137.016 46.012 25.0674 22.1645 98.3745
-132.582 -136.904 46.5032 25.1626 22.275 98.0746
-132.456 -136.793 46.9928 25.2567 22.3843 97.776
-132.33 -136.681 47.4809 25.3498 22.4925 97.4786
-132.203 -136.568 47.9676 25.4419 22.5996 97.1824
-132.075 -136.455 48.4527 25.5329 22.7056 96.8874
-131.947 -136.341 48.9364 25.6229 22.8105 96.5936
-131.819 -136.226 49.4187 25.7119 22.9143 96.3011
-131.69 -136.112 49.8994 25.7999 23.017 96.0097
-131.561 -135.996 50.3788 25.8869 23.1187 95.7195
-131.431 -135.88 50.8566 25.9729 23.2194 95.4304
-131.301 -135.764 51.3331 26.058 23.319 95.1425
-131.171 -135.647 51.8081 26.1421 23.4176 94.8558
-131.04 -135.53 52.2816 26.2253 23.5152 94.5702
-130.909 -135.412 52.7538 26.3076 23.6118 94.2858
-130.777 -135.294 53.2245 26.389 23.7074 94.0025
-130.645 -135.175 53.6938 26.4694 23.802 93.7203
-130.512 -135.056 54.1617 26.549 23.8957 93.4392
-130.379 -134.936 54.6282 26.6277 23.9885 93.1593
-130.246 -134.816 55.0933 26.7055 24.0803 92.8804
-130.112 -134.695 55.557 26.7825 24.1712 92.6026
-129.978 -134.574 56.0193 26.8586 24.2612 92.326
-129.843 -134.453 56.4802 26.9339 24.3503 92.0504
-129.709 -134.331 56.9398 27.0083 24.4384 91.7758
-129.573 -134.208 57.398 27.082 24.5257 91.5024
-129.438 -134.085 57.8548 27.1548 24.6122 91.2299
-129.302 -133.962 58.3103 27.2268 24.6978 90.9586
-129.166 -133.838 58.7644 27.2981 24.7825 90.6882
-129.029 -133.714 59.2172 27.3686 24.8664 90.419
-128.892 -133.59 59.6686 27.4383 24.9494 90.1507
-128.755 -133.465 60.1187 27.5072 25.0317 89.8835
-128.617 -133.339 60.5674 27.5754 25.1131 89.6172
-128.479 -133.214 61.0149 27.6428 25.1937 89.352
-128.34 -133.088 61.461 27.7095 25.2735 89.0878
-128.202 -132.961 61.9057 27.7755 25.3526 88.8246
-128.063 -132.834 62.3492 27.8408 25.4308 88.5623
-127.923 -132.707 62.7914 27.9054 25.5083 88.3011
-127.784 -132.579 63.2322 27.9692 25.585 88.0408
-127.644 -132.451 63.6718 28.0324 25.661 87.7814
-127.503 -132.322 64.11 28.0949 25.7363 87.5231
-127.363 -132.193 64.547 28.1567 25.8108 87.2657
-127.222 -132.064 64.9827 28.2178 25.8846 87.0092
-127.08 -131.935 65.4171 28.2783 25.9576 86.7537
-126.939 -131.805 65.8502 28.3381 26.03 86.4991
-126.797 -131.674 66.2821 28.3973 26.1016 86.2455
-126.655 -131.544 66.7127 28.4558 26.1726 85.9927
-126.512 -131.413 67.142 28.5137 26.2429 85.7409
-126.37 -131.281 67.5701 28.571 26.3124 85.49
-126.227 -131.149 67.9969 28.6277 26.3814 85.24
-126.083 -131.017 68.4225 28.6837 26.4496 84.9909
-125.94 -130.885 68.8468 28.7392 26.5172 84.7427
-125.796 -130.752 69.2699 28.794 26.5841 84.4953
-125.652 -130.619 69.6918 28.8483 26.6504 84.2489
-125.508 -130.486 70.1124 28.902 26.7161 84.0033
-125.363 -130.352 70.5318 28.9551 26.7811 83.7586
-125.218 -130.218 70.95 29.0076 26.8455 83.5148
-125.073 -130.084 71.367 29.0596 26.9093 83.2718
-124.927 -129.949 71.7827 29.111 26.9725 83.0297
-124.782 -129.814 72.1973 29.1618 27.0351 82.7884
-124.636 -129.678 72.6106 29.2121 27.097 82.5479
-124.49 -129.543 73.0227 29.2619 27.1584 82.3083
-124.343 -129.407 73.4337 29.3111 27.2192 82.0695
-124.197 -129.271 73.8434 29.3598 27.2794 81.8316
-124.05 -129.134 74.252 29.408 27.339 81.5944
-123.902 -128.997 74.6594 29.4556 27.3981 81.3581
-123.755 -128.86 75.0656 29.5028 27.4566 81.1226
-123.607 -128.723 75.4706 29.5494 27.5146 80.8879
-123.46 -128.585 75.8744 29.5956 27.572 80.6539
-123.311 -128.447 76.2771 29.6412 27.6288 80.4208
-123.163 -128.309 76.6787 29.6864 27.6851 80.1885
-123.015 -128.17 77.079 29.731 27.7409 79.9569
-122.866 -128.031 77.4782 29.7752 27.7961 79.7261
-122.717 -127.892 77.8763 29.8189 27.8509 79.4961
-122.568 -127.753 78.2732 29.8622 27.9051 79.2669
-122.418 -127.613 78.6689 29.9049 27.9588 79.0384
-122.269 -127.473 79.0636 29.9473 28.0119 78.8107
-122.119 -127.333 79.4571 29.9891 28.0646 78.5837
-121.969 -127.193 79.8494 30.0305 28.1168 78.3575
-121.818 -127.052 80.2406 30.0715 28.1685 78.132
-121.668 -126.911 80.6307 30.112 28.2197 77.9073
-121.517 -126.77 81.0197 30.1521 28.2704 77.6833
-121.367 -126.628 81.4076 30.1918 28.3206 77.46
-121.215 -126.486 81.7943 30.231 28.3703 77.2374
-121.064 -126.344 82.1799 30.2698 28.4196 77.0156
-120.913 -126.202 82.5645 30.3082 28.4684 76.7945
-120.761 -126.06 82.9479 30.3462 28.5168 76.5741
-120.609 -125.917 83.3302 30.3837 28.5647 76.3544
-120.457 -125.774 83.7114 30.4209 28.6121 76.1354
-120.305 -125.631 84.0916 30.4577 28.6591 75.917
-120.153 -125.488 84.4706 30.494 28.7057 75.6994
-120 -125.344 84.8485 30.53 28.7518 75.4825
-119.847 -125.2 85.2254 30.5656 28.7974 75.2663
-119.694 -125.056 85.6012 30.6008 28.8427 75.0507
-119.541 -124.912 85.9759 30.6356 28.8875 74.8358
-119.388 -124.767 86.3496 30.67 28.9319 74.6216
-119.235 -124.622 86.7221 30.7041 28.9759 74.4081
-119.081 -124.477 87.0936 30.7378 29.0194 74.1952
-118.927 -124.332 87.4641 30.7711 29.0625 73.983
-118.773 -124.187 87.8335 30.8041 29.1053 73.7714
-118.619 -124.041 88.2018 30.8367 29.1476 73.5605
-118.465 -123.895 88.5691 30.869 29.1895 73.3502
-118.311 -123.749 88.9353 30.9009 29.2311 73.1406
-118.156 -123.603 89.3005 30.9324 29.2722 72.9316
-118.001 -123.456 89.6646 30.9636 29.3129 72.7232
-117.846 -123.31 90.0277 30.9945 29.3533 72.5155
-117.691 -123.163 90.3898 31.0251 29.3933 72.3084
-117.536 -123.016 90.7508 31.0553 29.4328 72.102
-117.381 -122.869 91.1108 31.0852 29.4721 71.8961
-117.225 -122.721 91.4698 31.1147 29.5109 71.6909
-117.07 -122.573 91.8277 31.1439 29.5494 71.4862
-116.914 -122.426 92.1846 31.1729 29.5875 71.2822
-116.758 -122.278 92.5405 31.2015 29.6252 71.0788
-116.602 -122.129 92.8954 31.2297 29.6626 70.876
-116.446 -121.981 93.2493 31.2577 29.6996 70.6738
-116.289 -121.832 93.6021 31.2854 29.7363 70.4722
-116.133 -121.684 93.954 31.3128 29.7726 70.2711
-115.976 -121.535 94.3049 31.3398 29.8086 70.0707
-115.819 -121.385 94.6547 31.3666 29.8442 69.8708
-115.662 -121.236 95.0036 31.3931 29.8795 69.6716
-115.505 -121.087 95.3514 31.4193 29.9145 69.4728
-115.348 -120.937 95.6983 31.4452 29.9491 69.2747
-115.191 -120.787 96.0442 31.4708 29.9834 69.0771
-115.034 -120.637 96.3891 31.4962 30.0173 68.8801
-114.876 -120.487 96.733 31.5212 30.051 68.6837
-114.718 -120.337 97.0759 31.546 30.0843 68.4878
-114.561 -120.186 97.4179 31.5705 30.1173 68.2925
-114.403 -120.035 97.7588 31.5948 30.1499 68.0977
-114.245 -119.885 98.0988 31.6187 30.1823 67.9035
-114.086 -119.734 98.4379 31.6425 30.2143 67.7098
-113.928 -119.583 98.7759 31.6659 30.246 67.5167
-113.77 -119.431 99.113 31.6891 30.2774 67.3241
-113.611 -119.28 99.4492 31.712 30.3085 67.132
-113.453 -119.128 99.7844 31.7347 30.3394 66.9405
-113.294 -118.976 100.119 31.7572 30.3699 66.7495
-113.135 -118.824 100.452 31.7794 30.4001 66.559
-112.976 -118.672 100.784 31.8013 30.43 66.3691
-112.817 -118.52 101.116 31.823 30.4596 66.1796
-112.658 -118.368 101.446 31.8445 30.489 65.9907
-112.499 -118.215 101.775 31.8657 30.518 65.8023
-112.339 -118.063 102.104 31.8867 30.5468 65.6144
-112.18 -117.91 102.432 31.9075 30.5752 65.427
-112.02 -117.757 102.758 31.928 30.6034 65.2402
-111.86 -117.604 103.084 31.9484 30.6314 65.0538
-111.701 -117.45 103.409 31.9685 30.659 64.8679
-111.541 -117.297 103.733 31.9883 30.6864 64.6825
-111.381 -117.144 104.056 32.008 30.7135 64.4976
-111.221 -116.99 104.378 32.0274 30.7403 64.3132
-111.061 -116.836 104.699 32.0466 30.7669 64.1293
-110.9 -116.682 105.019 32.0657 30.7932 63.9458
-110.74 -116.528 105.338 32.0845 30.8192 63.7629
-110.579 -116.374 105.657 32.1031 30.845 63.5804
-110.419 -116.22 105.974 32.1215 30.8705 63.3984
-110.258 -116.065 106.291 32.1397 30.8958 63.2168
-110.097 -115.911 106.606 32.1577 30.9208 63.0357
-109.937 -115.756 106.921 32.1755 30.9456 62.8551
-109.776 -115.601 107.235 32.1931 30.9701 62.675
-109.615 -115.447 107.548 32.2105 30.9943 62.4953
-109.454 -115.291 107.86 32.2278 31.0184 62.3161
-109.292 -115.136 108.171 32.2448 31.0421 62.1373
-109.131 -114.981 108.481 32.2617 31.0657 61.959
-108.97 -114.826 108.79 32.2784 31.089 61.7811
-108.808 -114.67 109.099 32.2949 31.112 61.6036
-108.647 -114.515 109.406 32.3112 31.1348 61.4267
-108.485 -114.359 109.713 32.3274 31.1574 61.2501
-108.324 -114.203 110.019 32.3433 31.1798 61.074
-108.162 -114.047 110.324 32.3591 31.2019 60.8983
-108 -113.891 110.628 32.3748 31.2238 60.723
-107.838 -113.735 110.931 32.3903 31.2455 60.5482
-107.676 -113.579 111.233 32.4056 31.2669 60.3738
-107.514 -113.422 111.535 32.4207 31.2882 60.1998
-107.352 -113.266 111.835 32.4357 31.3092 60.0263
-107.19 -113.109 112.135 32.4506 31.33 59.8531
-107.027 -112.952 112.434 32.4653 31.3505 59.6804
-106.865 -112.796 112.732 32.4798 31.3709 59.508
-106.703 -112.639 113.029 32.4942 31.391 59.3361
-106.54 -112.482 113.325 32.5084 31.411 59.1646
-106.377 -112.325 113.621 32.5225 31.4307 58.9935
-106.215 -112.167 113.915 32.5365 31.4502 58.8228
-106.052 -112.01 114.209 32.5503 31.4695 58.6525
-105.889 -111.853 114.502 32.564 31.4886 58.4826
-105.726 -111.695 114.794 32.5775 31.5075 58.313
-105.564 -111.538 115.085 32.5909 31.5262 58.1439
-105.401 -111.38 115.375 32.6042 31.5447 57.9751
-105.237 -111.222 115.665 32.6173 31.563 57.8067
-105.074 -111.064 115.953 32.6303 31.5811 57.6387
-104.911 -110.906 116.241 32.6432 31.599 57.4711
-104.748 -110.748 116.528 32.656 31.6167 57.3038
-104.585 -110.59 116.814 32.6686 31.6343 57.137
-104.421 -110.432 117.099 32.6811 31.6516 56.9704
-104.258 -110.274 117.384 32.6935 31.6687 56.8043
-104.094 -110.115 117.667 32.7058 31.6857 56.6385
-103.931 -109.957 117.95 32.718 31.7025 56.473
-103.767 -109.798 118.232 32.73 31.7191 56.308
-103.603 -109.64 118.513 32.742 31.7355 56.1432
-103.44 -109.481 118.794 32.7538 31.7517 55.9788
-103.276 -109.322 119.073 32.7656 31.7678 55.8148
-103.112 -109.163 119.352 32.7772 31.7836 55.6511
-102.948 -109.004 119.629 32.7887 31.7993 55.4877
-102.784 -108.845 119.907 32.8002 31.8148 55.3247
-102.62 -108.686 120.183 32.8115 31.8302 55.162
-102.456 -108.527 120.458 32.8227 31.8454 54.9997
-102.292 -108.368 120.733 32.8338 31.8604 54.8376
-102.128 -108.208 121.007 32.8449 31.8752 54.6759
-101.963 -108.049 121.28 32.8558 31.8899 54.5145
-101.799 -107.889 121.552 32.8667 31.9044 54.3534
-101.635 -107.73 121.823 32.8775 31.9187 54.1927
-101.47 -107.57 122.094 32.8882 31.9329 54.0322
-101.306 -107.41 122.363 32.8988 31.9469 53.8721
-101.141 -107.251 122.632 32.9093 31.9607 53.7122
-100.977 -107.091 122.9 32.9197 31.9744 53.5527
-100.812 -106.931 123.168 32.93 31.988 53.3934
-100.648 -106.771 123.434 32.9403 32.0013 53.2344
-100.483 -106.611 123.7 32.9505 32.0145 53.0758
-100.318 -106.451 123.965 32.9606 32.0276 52.9174
-100.153 -106.291 124.229 32.9707 32.0405 52.7593
-99.9883 -106.13 124.493 32.9806 32.0533 52.6014
-99.8234 -105.97 124.755 32.9905 32.0659 52.4439
-99.6584 -105.81 125.017 33.0003 32.0783 52.2866
-99.4934 -105.649 125.278 33.0101 32.0906 52.1296
-99.3283 -105.489 125.538 33.0198 32.1028 51.9728
-99.1632 -105.328 125.798 33.0294 32.1148 51.8163
-98.998 -105.168 126.057 33.0389 32.1266 51.6601
-98.8328 -105.007 126.315 33.0484 32.1383 51.5041
-98.6675 -104.846 126.572 33.0578 32.1499 51.3483
-98.5022 -104.686 126.828 33.0671 32.1613 51.1928
-98.3369 -104.525 127.084 33.0764 32.1726 51.0376
-98.1715 -104.364 127.338 33.0856 32.1838 50.8825
-98.006 -104.203 127.592 33.0947 32.1948 50.7278
-97.8405 -104.042 127.846 33.1038 32.2056 50.5732
-97.675 -103.881 128.098 33.1128 32.2163 50.4189
-97.5094 -103.72 128.35 33.1217 32.2269 50.2647
-97.3438 -103.559 128.601 33.1306 32.2374 50.1108
-97.1781 -103.397 128.851 33.1394 32.2477 49.9571
-97.0124 -103.236 129.1 33.1481 32.2579 49.8037
-96.8466 -103.075 129.349 33.1568 32.2679 49.6504
-96.6808 -102.913 129.597 33.1654 32.2778 49.4973
-96.5149 -102.752 129.844 33.1739 32.2876 49.3445
-96.3491 -102.591 130.09 33.1823 32.2972 49.1918
-96.1831 -102.429 130.336 33.1907 32.3067 49.0393
-96.0171 -102.267 130.581 33.199 32.3161 48.887
-95.8511 -102.106 130.825 33.2073 32.3253 48.7349
-95.6851 -101.944 131.068 33.2155 32.3344 48.5829
-95.519 -101.783 131.311 33.2236 32.3434 48.4312
-95.3528 -101.621 131.552 33.2316 32.3523 48.2796
-95.1867 -101.459 131.793 33.2395 32.361 48.1281
-95.0204 -101.297 132.034 33.2474 32.3696 47.9769
-94.8542 -101.135 132.273 33.2552 32.378 47.8258
-94.6879 -100.973 132.512 33.2628 32.3863 47.6749
-94.5216 -100.811 132.75 33.2704 32.3945 47.5241
-94.3552 -100.649 132.987 33.278 32.4026 47.3734
-94.1888 -100.487 133.224 33.2854 32.4105 47.223
-94.0223 -100.325 133.459 33.2927 32.4183 47.0726
-93.8558 -100.163 133.694 33.2999 32.426 46.9224
-93.6893 -100.001 133.929 33.3071 32.4336 46.7724
-93.5228 -99.8389 134.162 33.3141 32.441 46.6225
-93.3562 -99.6767 134.395 33.321 32.4483 46.4727
-93.1896 -99.5144 134.627 33.3278 32.4554 46.3231
-93.0229 -99.3521 134.858 33.3345 32.4624 46.1736
-92.8562 -99.1898 135.089 33.3411 32.4693 46.0242
-92.6895 -99.0274 135.318 33.3476 32.4761 45.875
-92.5227 -98.865 135.547 33.3539 32.4827 45.7259
-92.356 -98.7026 135.776 33.3601 32.4892 45.5769
-92.1891 -98.5401 136.003 33.3662 32.4956 45.428
-92.0223 -98.3776 136.23 33.3721 32.5018 45.2793
-91.8554 -98.2151 136.456 33.378 32.5079 45.1307
-91.6885 -98.0526 136.681 33.3836 32.5139 44.9822
-91.5216 -97.89 136.906 33.3891 32.5197 44.8338
-91.3546 -97.7274 137.13 33.3945 32.5255 44.6855
-91.1876 -97.5647 137.353 33.3997 32.531 44.5374
-91.0206 -97.402 137.575 33.4048 32.5365 44.3894
-90.8536 -97.2394 137.796 33.4097 32.5418 44.2415
-90.6865 -97.0766 138.017 33.4144 32.5469 44.0938
-90.5195 -96.9139 138.237 33.4189 32.552 43.9462
-90.3523 -96.7511 138.457 33.4233 32.5568 43.7987
-90.1852 -96.5883 138.675 33.4275 32.5616 43.6513
-90.0181 -96.4255 138.893 33.4315 32.5662 43.504
-89.8509 -96.2627 139.11 33.4354 32.5707 43.3569
-89.6837 -96.0998 139.327 33.439 32.575 43.2099
-89.5165 -95.9369 139.543 33.4425 32.5793 43.0631
-89.3493 -95.774 139.757 33.4457 32.5833 42.9164
-89.1821 -95.6111 139.972 33.4488 32.5872 42.7698
-89.0148 -95.4481 140.185 33.4516 32.591 42.6234
-88.8475 -95.2852 140.398 33.4543 32.5947 42.4771
-88.6803 -95.1222 140.61 33.4567 32.5982 42.3309
-88.513 -94.9592 140.821 33.4589 32.6015 42.1849
