-50 25 25 0 0 -49
-50.0001 24.9998 24.7548 -0.0434403 -0.08808 -49.0876
-50.0004 24.9991 24.5091 -0.0869999 -0.176498 -49.1754
-50.001 24.998 24.263 -0.13068 -0.265257 -49.2633
-50.0017 24.9965 24.0165 -0.17448 -0.354358 -49.3512
-50.0027 24.9945 23.7695 -0.218401 -0.443804 -49.4393
-50.0039 24.992 23.5221 -0.262445 -0.533595 -49.5275
-50.0053 24.9891 23.2742 -0.30661 -0.623735 -49.6159
-50.007 24.9858 23.0259 -0.350899 -0.714224 -49.7043
-50.0089 24.982 22.7772 -0.395312 -0.805066 -49.7929
-50.0109 24.9777 22.528 -0.439849 -0.896263 -49.8815
-50.0133 24.973 22.2784 -0.48451 -0.987815 -49.9703
-50.0158 24.9679 22.0283 -0.529298 -1.07973 -50.0592
-50.0185 24.9622 21.7778 -0.574212 -1.172 -50.1482
-50.0215 24.9561 21.5268 -0.619253 -1.26463 -50.2374
-50.0247 24.9496 21.2754 -0.664421 -1.35763 -50.3266
-50.0282 24.9426 21.0236 -0.709718 -1.45099 -50.416
-50.0318 24.9351 20.7713 -0.755144 -1.54473 -50.5055
-50.0357 24.9271 20.5185 -0.800699 -1.63883 -50.5951
-50.0398 24.9187 20.2653 -0.846385 -1.73331 -50.6848
-50.0442 24.9098 20.0117 -0.892202 -1.82816 -50.7747
-50.0488 24.9004 19.7576 -0.938151 -1.92339 -50.8647
-50.0536 24.8906 19.503 -0.984232 -2.019 -50.9547
-50.0586 24.8802 19.248 -1.03045 -2.11499 -51.045
-50.0639 24.8694 18.9926 -1.0768 -2.21137 -51.1353
-50.0694 24.8581 18.7367 -1.12328 -2.30813 -51.2257
-50.0751 24.8463 18.4803 -1.1699 -2.40528 -51.3163
-50.0811 24.8341 18.2235 -1.21665 -2.50283 -51.407
-50.0873 24.8213 17.9662 -1.26354 -2.60076 -51.4978
-50.0937 24.808 17.7085 -1.31057 -2.69909 -51.5887
-50.1004 24.7943 17.4503 -1.35774 -2.79782 -51.6798
-50.1073 24.7801 17.1917 -1.40505 -2.89695 -51.771
-50.1144 24.7653 16.9326 -1.4525 -2.99648 -51.8623
-50.1218 24.7501 16.6731 -1.50008 -3.09642 -51.9537
-50.1294 24.7344 16.4131 -1.54781 -3.19677 -52.0453
-50.1373 24.7181 16.1526 -1.59568 -3.29752 -52.1369
-50.1454 24.7014 15.8917 -1.6437 -3.39869 -52.2287
-50.1537 24.6842 15.6304 -1.69186 -3.50028 -52.3206
-50.1623 24.6664 15.3685 -1.74016 -3.60228 -52.4127
-50.1711 24.6481 15.1062 -1.78861 -3.7047 -52.5049
-50.1802 24.6294 14.8435 -1.83721 -3.80754 -52.5972
-50.1895 24.6101 14.5803 -1.88595 -3.91081 -52.6896
-50.1991 24.5902 14.3166 -1.93484 -4.01451 -52.7821
-50.2088 24.5699 14.0524 -1.98388 -4.11864 -52.8748
-50.2189 24.5491 13.7878 -2.03308 -4.2232 -52.9676
-50.2292 24.5277 13.5228 -2.08242 -4.32819 -53.0605
-50.2397 24.5058 13.2572 -2.13191 -4.43363 -53.1536
-50.2505 24.4833 12.9912 -2.18156 -4.5395 -53.2467
-50.2615 24.4604 12.7248 -2.23136 -4.64582 -53.34
-50.2728 24.4369 12.4578 -2.28131 -4.75259 -53.4335
-50.2843 24.4129 12.1904 -2.33142 -4.8598 -53.527
-50.2961 24.3883 11.9226 -2.38168 -4.96747 -53.6207
-50.3082 24.3632 11.6542 -2.43211 -5.07559 -53.7145
-50.3204 24.3375 11.3854 -2.48269 -5.18417 -53.8084
-50.333 24.3113 11.1161 -2.53343 -5.29321 -53.9025
-50.3458 24.2846 10.8464 -2.58433 -5.40272 -53.9967
-50.3588 24.2573 10.5762 -2.63539 -5.51269 -54.091
-50.3721 24.2295 10.3055 -2.68661 -5.62313 -54.1855
-50.3857 24.2011 10.0343 -2.738 -5.73404 -54.2801
-50.3995 24.1721 9.76267 -2.78955 -5.84543 -54.3748
-50.4136 24.1426 9.49056 -2.84126 -5.95729 -54.4696
-50.4279 24.1126 9.21798 -2.89314 -6.06964 -54.5646
-50.4425 24.0819 8.94492 -2.94519 -6.18247 -54.6597
-50.4574 24.0507 8.67138 -2.99741 -6.29579 -54.7549
-50.4725 24.019 8.39737 -3.04979 -6.4096 -54.8503
-50.4879 23.9866 8.12288 -3.10235 -6.5239 -54.9458
-50.5035 23.9537 7.84791 -3.15507 -6.6387 -55.0414
-50.5194 23.9203 7.57246 -3.20797 -6.754 -55.1372
-50.5356 23.8862 7.29654 -3.26104 -6.8698 -55.2331
-50.552 23.8516 7.02013 -3.31429 -6.98611 -55.3291
-50.5687 23.8163 6.74325 -3.36771 -7.10292 -55.4252
-50.5857 23.7805 6.46588 -3.42131 -7.22025 -55.5215
-50.603 23.7441 6.18803 -3.47509 -7.3381 -55.6179
-50.6205 23.7071 5.9097 -3.52905 -7.45647 -55.7145
-50.6382 23.6696 5.63089 -3.58318 -7.57536 -55.8112
-50.6563 23.6314 5.35159 -3.6375 -7.69477 -55.908
-50.6746 23.5926 5.07181 -3.692 -7.81472 -56.0049
-50.6932 23.5532 4.79154 -3.74668 -7.93519 -56.102
-50.7121 23.5133 4.51079 -3.80155 -8.05621 -56.1992
-50.7312 23.4727 4.22955 -3.8566 -8.17776 -56.2965
-50.7507 23.4315 3.94782 -3.91185 -8.29986 -56.394
-50.7704 23.3897 3.66561 -3.96728 -8.42251 -56.4916
-50.7903 23.3473 3.38291 -4.0229 -8.5457 -56.5893
-50.8106 23.3042 3.09972 -4.07871 -8.66945 -56.6872
-50.8311 23.2606 2.81604 -4.13471 -8.79376 -56.7852
-50.8519 23.2163 2.53186 -4.19091 -8.91863 -56.8834
-50.873 23.1714 2.2472 -4.2473 -9.04407 -56.9816
-50.8944 23.1259 1.96205 -4.30388 -9.17008 -57.08
-50.9161 23.0797 1.6764 -4.36067 -9.29666 -57.1786
-50.938 23.0329 1.39026 -4.41765 -9.42381 -57.2772
-50.9602 22.9855 1.10363 -4.47484 -9.55155 -57.3761
-50.9828 22.9374 0.816502 -4.53222 -9.67987 -57.475
-51.0056 22.8887 0.528879 -4.58981 -9.80878 -57.5741
-51.0287 22.8393 0.240761 -4.6476 -9.93829 -57.6733
-51.052 22.7893 -0.0478535 -4.7056 -10.0684 -57.7726
-51.0757 22.7386 -0.336965 -4.7638 -10.1991 -57.8721
-51.0997 22.6873 -0.626574 -4.82221 -10.3304 -57.9717
-51.1239 22.6353 -0.916682 -4.88083 -10.4623 -58.0714
-51.1485 22.5827 -1.20729 -4.93967 -10.5948 -58.1713
-51.1733 22.5293 -1.49839 -4.99871 -10.728 -58.2713
-51.1985 22.4754 -1.79 -5.05797 -10.8617 -58.3715
-51.2239 22.4207 -2.08211 -5.11745 -10.9961 -58.4717
-51.2496 22.3654 -2.37472 -5.17714 -11.1312 -58.5722
-51.2757 22.3094 -2.66783 -5.23705 -11.2668 -58.6727
-51.302 22.2527 -2.96145 -5.29719 -11.4031 -58.7734
-51.3287 22.1954 -3.25556 -5.35754 -11.5401 -58.8742
-51.3556 22.1373 -3.55019 -5.41812 -11.6776 -58.9751
-51.3828 22.0786 -3.84532 -5.47892 -11.8159 -59.0762
-51.4104 22.0192 -4.14095 -5.53995 -11.9548 -59.1774
-51.4382 21.9591 -4.43709 -5.6012 -12.0943 -59.2788
-51.4664 21.8982 -4.73374 -5.66269 -12.2346 -59.3802
-51.4949 21.8367 -5.03089 -5.72441 -12.3755 -59.4818
-51.5236 21.7745 -5.32856 -5.78636 -12.517 -59.5836
-51.5527 21.7116 -5.62673 -5.84854 -12.6593 -59.6855
-51.5821 21.6479 -5.92541 -5.91096 -12.8022 -59.7875
-51.6118 21.5835 -6.2246 -5.97362 -12.9458 -59.8896
-51.6419 21.5184 -6.52431 -6.03652 -13.0902 -59.9919
-51.6722 21.4526 -6.82452 -6.09966 -13.2352 -60.0943
-51.7029 21.3861 -7.12525 -6.16305 -13.3809 -60.1968
-51.7338 21.3188 -7.42649 -6.22668 -13.5273 -60.2995
-51.7651 21.2508 -7.72824 -6.29055 -13.6745 -60.4023
-51.7967 21.1821 -8.03051 -6.35468 -13.8224 -60.5052
-51.8287 21.1126 -8.33329 -6.41905 -13.971 -60.6082
-51.8609 21.0424 -8.63659 -6.48368 -14.1203 -60.7114
-51.8935 20.9714 -8.94041 -6.54856 -14.2703 -60.8147
-51.9264 20.8997 -9.24474 -6.6137 -14.4211 -60.9182
-51.9596 20.8272 -9.54959 -6.6791 -14.5727 -61.0217
-51.9932 20.7539 -9.85496 -6.74476 -14.725 -61.1254
-52.0271 20.6799 -10.1608 -6.81068 -14.8781 -61.2293
-52.0613 20.6052 -10.4673 -6.87686 -15.0319 -61.3332
-52.0959 20.5296 -10.7742 -6.94331 -15.1865 -61.4373
-52.1307 20.4533 -11.0816 -7.01003 -15.3418 -61.5415
-52.166 20.3762 -11.3896 -7.07701 -15.498 -61.6458
-52.2015 20.2983 -11.6981 -7.14427 -15.6549 -61.7503
-52.2374 20.2196 -12.0071 -7.21181 -15.8126 -61.8549
-52.2736 20.1402 -12.3166 -7.27962 -15.9712 -61.9596
-52.3102 20.0599 -12.6267 -7.34771 -16.1305 -62.0644
-52.3471 19.9789 -12.9373 -7.41608 -16.2906 -62.1694
-52.3844 19.897 -13.2484 -7.48473 -16.4516 -62.2744
-52.422 19.8144 -13.56 -7.55367 -16.6133 -62.3796
-52.4599 19.7309 -13.8722 -7.62289 -16.7759 -62.485
-52.4982 19.6466 -14.1849 -7.69241 -16.9394 -62.5904
-52.5368 19.5615 -14.4981 -7.76221 -17.1037 -62.696
-52.5758 19.4756 -14.8118 -7.83232 -17.2688 -62.8017
-52.6151 19.3888 -15.1261 -7.90271 -17.4348 -62.9075
-52.6548 19.3012 -15.4409 -7.97341 -17.6016 -63.0134
-52.6949 19.2128 -15.7562 -8.04441 -17.7693 -63.1194
-52.7353 19.1235 -16.0721 -8.11571 -17.9379 -63.2256
-52.776 19.0334 -16.3885 -8.18731 -18.1073 -63.3318
-52.8171 18.9425 -16.7054 -8.25923 -18.2777 -63.4382
-52.8586 18.8506 -17.0229 -8.33146 -18.4489 -63.5447
-52.9005 18.758 -17.3409 -8.404 -18.6211 -63.6513
-52.9427 18.6644 -17.6594 -8.47685 -18.7941 -63.7581
-52.9852 18.57 -17.9784 -8.55003 -18.9681 -63.8649
-53.0282 18.4748 -18.298 -8.62352 -19.143 -63.9719
-53.0715 18.3786 -18.6182 -8.69734 -19.3188 -64.0789
-53.1151 18.2816 -18.9388 -8.77149 -19.4955 -64.1861
-53.1592 18.1836 -19.26 -8.84597 -19.6732 -64.2933
-53.2036 18.0848 -19.5818 -8.92078 -19.8519 -64.4007
-53.2484 17.9851 -19.904 -8.99592 -20.0315 -64.5082
-53.2936 17.8845 -20.2268 -9.0714 -20.2121 -64.6158
-53.3391 17.783 -20.5502 -9.14722 -20.3936 -64.7235
-53.385 17.6806 -20.8741 -9.22339 -20.5762 -64.8313
-53.4313 17.5772 -21.1985 -9.2999 -20.7597 -64.9392
-53.478 17.473 -21.5235 -9.37676 -20.9442 -65.0472
-53.5251 17.3678 -21.849 -9.45397 -21.1297 -65.1552
-53.5726 17.2617 -22.175 -9.53154 -21.3163 -65.2634
-53.6204 17.1546 -22.5016 -9.60946 -21.5039 -65.3717
-53.6687 17.0466 -22.8287 -9.68775 -21.6925 -65.4801
-53.7173 16.9377 -23.1564 -9.7664 -21.8821 -65.5885
-53.7663 16.8278 -23.4846 -9.84542 -22.0728 -65.6971
-53.8157 16.717 -23.8134 -9.92481 -22.2645 -65.8057
-53.8656 16.6052 -24.1427 -10.0046 -22.4574 -65.9145
-53.9158 16.4924 -24.4725 -10.0847 -22.6512 -66.0233
-53.9664 16.3787 -24.8029 -10.1652 -22.8462 -66.1322
-54.0174 16.2639 -25.1338 -10.2461 -23.0423 -66.2411
-54.0689 16.1482 -25.4653 -10.3274 -23.2394 -66.3502
-54.1207 16.0316 -25.7973 -10.4091 -23.4377 -66.4593
-54.173 15.9139 -26.1299 -10.4912 -23.6371 -66.5686
-54.2256 15.7952 -26.463 -10.5737 -23.8376 -66.6778
-54.2787 15.6755 -26.7967 -10.6565 -24.0393 -66.7872
-54.3322 15.5548 -27.1309 -10.7398 -24.2421 -66.8966
-54.3861 15.4331 -27.4657 -10.8235 -24.4461 -67.0061
-54.4404 15.3103 -27.801 -10.9076 -24.6513 -67.1157
-54.4952 15.1866 -28.1368 -10.9921 -24.8576 -67.2253
-54.5504 15.0618 -28.4732 -11.077 -25.0651 -67.335
-54.6059 14.9359 -28.8102 -11.1624 -25.2738 -67.4448
-54.662 14.809 -29.1477 -11.2482 -25.4837 -67.5546
-54.7184 14.6811 -29.4857 -11.3344 -25.6949 -67.6644
-54.7753 14.5521 -29.8243 -11.4211 -25.9073 -67.7743
-54.8326 14.422 -30.1635 -11.5082 -26.1209 -67.8843
-54.8904 14.2909 -30.5031 -11.5957 -26.3357 -67.9943
-54.9486 14.1586 -30.8434 -11.6837 -26.5519 -68.1044
-55.0072 14.0253 -31.1842 -11.7721 -26.7693 -68.2145
-55.0663 13.891 -31.5255 -11.861 -26.988 -68.3246
-55.1258 13.7555 -31.8674 -11.9503 -27.208 -68.4348
-55.1858 13.6189 -32.2099 -12.0402 -27.4293 -68.545
-55.2462 13.4812 -32.5529 -12.1304 -27.6519 -68.6552
-55.3071 13.3424 -32.8964 -12.2212 -27.8759 -68.7655
-55.3685 13.2024 -33.2405 -12.3124 -28.1012 -68.8757
-55.4303 13.0613 -33.5852 -12.4042 -28.3279 -68.986
-55.4925 12.9191 -33.9304 -12.4964 -28.5559 -69.0964
-55.5552 12.7758 -34.2762 -12.5891 -28.7853 -69.2067
-55.6184 12.6313 -34.6225 -12.6822 -29.0161 -69.317
-55.682 12.4856 -34.9693 -12.7759 -29.2483 -69.4274
-55.7462 12.3388 -35.3167 -12.8701 -29.482 -69.5377
-55.8107 12.1908 -35.6647 -12.9649 -29.717 -69.6481
-55.8758 12.0416 -36.0132 -13.0601 -29.9536 -69.7584
-55.9413 11.8913 -36.3623 -13.1558 -30.1916 -69.8687
-56.0074 11.7397 -36.7119 -13.2521 -30.431 -69.9791
-56.0739 11.587 -37.0621 -13.3489 -30.672 -70.0894
-56.1408 11.433 -37.4128 -13.4463 -30.9144 -70.1997
-56.2083 11.2778 -37.7641 -13.5442 -31.1584 -70.3099
-56.2763 11.1214 -38.1159 -13.6426 -31.4039 -70.4201
-56.3447 10.9638 -38.4683 -13.7416 -31.6509 -70.5303
-56.4137 10.8049 -38.8212 -13.8411 -31.8995 -70.6405
-56.4832 10.6448 -39.1747 -13.9413 -32.1497 -70.7506
-56.5531 10.4834 -39.5287 -14.0419 -32.4014 -70.8606
-56.6236 10.3208 -39.8833 -14.1432 -32.6548 -70.9706
-56.6945 10.1569 -40.2384 -14.2451 -32.9098 -71.0806
-56.766 9.99167 -40.5941 -14.3475 -33.1664 -71.1905
-56.838 9.82519 -40.9503 -14.4505 -33.4247 -71.3003
-56.9105 9.65742 -41.3071 -14.5542 -33.6847 -71.41
-56.9836 9.48834 -41.6644 -14.6584 -33.9463 -71.5197
-57.0571 9.31796 -42.0223 -14.7632 -34.2097 -71.6292
-57.1312 9.14625 -42.3807 -14.8687 -34.4747 -71.7387
-57.2058 8.97321 -42.7397 -14.9748 -34.7415 -71.8481
-57.2809 8.79883 -43.0992 -15.0815 -35.0101 -71.9573
-57.3566 8.62311 -43.4593 -15.1889 -35.2804 -72.0665
-57.4328 8.44603 -43.8199 -15.2969 -35.5525 -72.1755
-57.5096 8.26758 -44.181 -15.4056 -35.8264 -72.2844
-57.5869 8.08776 -44.5427 -15.5149 -36.1022 -72.3932
-57.6647 7.90656 -44.9049 -15.6249 -36.3798 -72.5019
-57.7431 7.72397 -45.2677 -15.7356 -36.6592 -72.6104
-57.8221 7.53997 -45.631 -15.847 -36.9406 -72.7187
-57.9016 7.35456 -45.9949 -15.959 -37.2238 -72.8269
-57.9817 7.16773 -46.3593 -16.0718 -37.5089 -72.9349
-58.0623 6.97947 -46.7243 -16.1852 -37.796 -73.0427
-58.1435 6.78977 -47.0897 -16.2994 -38.0851 -73.1504
-58.2253 6.59862 -47.4558 -16.4143 -38.3761 -73.2578
-58.3077 6.40601 -47.8223 -16.5299 -38.6692 -73.3651
-58.3906 6.21193 -48.1894 -16.6463 -38.9643 -73.4721
-58.4741 6.01637 -48.557 -16.7634 -39.2614 -73.579
-58.5583 5.81931 -48.9252 -16.8812 -39.5606 -73.6856
-58.643 5.62076 -49.2939 -16.9998 -39.8618 -73.7919
-58.7283 5.4207 -49.6631 -17.1192 -40.1652 -73.8981
-58.8141 5.21911 -50.0329 -17.2394 -40.4707 -74.0039
-58.9006 5.01599 -50.4032 -17.3603 -40.7784 -74.1095
-58.9878 4.81133 -50.774 -17.4821 -41.0882 -74.2148
-59.0755 4.60511 -51.1453 -17.6047 -41.4003 -74.3199
-59.1638 4.39732 -51.5172 -17.728 -41.7146 -74.4246
-59.2527 4.18796 -51.8895 -17.8522 -42.0311 -74.529
-59.3423 3.97701 -52.2625 -17.9773 -42.3499 -74.6331
-59.4325 3.76446 -52.6359 -18.1032 -42.6711 -74.7369
-59.5234 3.5503 -53.0098 -18.2299 -42.9945 -74.8403
-59.6148 3.33452 -53.3843 -18.3575 -43.3203 -74.9434
-59.7069 3.1171 -53.7593 -18.486 -43.6485 -75.0461
-59.7997 2.89803 -54.1347 -18.6154 -43.9791 -75.1484
-59.8931 2.67731 -54.5107 -18.7456 -44.3121 -75.2503
-59.9871 2.45491 -54.8872 -18.8768 -44.6476 -75.3518
-60.0818 2.23083 -55.2643 -19.0089 -44.9856 -75.4529
-60.1772 2.00505 -55.6418 -19.1419 -45.3261 -75.5535
-60.2733 1.77757 -56.0198 -19.2759 -45.6692 -75.6537
-60.37 1.54836 -56.3983 -19.4108 -46.0148 -75.7535
-60.4674 1.31742 -56.7773 -19.5467 -46.363 -75.8527
-60.5655 1.08473 -57.1568 -19.6836 -46.7139 -75.9515
-60.6642 0.850282 -57.5368 -19.8214 -47.0675 -76.0497
-60.7637 0.614058 -57.9173 -19.9603 -47.4237 -76.1474
-60.8638 0.376045 -58.2983 -20.1001 -47.7827 -76.2446
-60.9647 0.136231 -58.6798 -20.241 -48.1444 -76.3412
-61.0662 -0.105399 -59.0617 -20.3829 -48.509 -76.4372
-61.1685 -0.348859 -59.4441 -20.5259 -48.8763 -76.5327
-61.2715 -0.594163 -59.8271 -20.67 -49.2466 -76.6275
-61.3752 -0.841325 -60.2104 -20.8151 -49.6197 -76.7216
-61.4796 -1.09036 -60.5943 -20.9613 -49.9958 -76.8151
-61.5848 -1.34128 -60.9786 -21.1086 -50.3748 -76.908
-61.6907 -1.59411 -61.3633 -21.2571 -50.7569 -77.0001
-61.7974 -1.84885 -61.7486 -21.4066 -51.142 -77.0915
-61.9048 -2.10553 -62.1343 -21.5574 -51.5302 -77.1822
-62.013 -2.36415 -62.5204 -21.7093 -51.9215 -77.2721
-62.1219 -2.62474 -62.907 -21.8623 -52.316 -77.3612
-62.2316 -2.88731 -63.294 -22.0166 -52.7136 -77.4495
-62.342 -3.15188 -63.6815 -22.1721 -53.1145 -77.537
-62.4533 -3.41846 -64.0694 -22.3288 -53.5187 -77.6236
-62.5653 -3.68707 -64.4577 -22.4867 -53.9262 -77.7094
-62.6782 -3.95772 -64.8465 -22.6459 -54.3371 -77.7942
-62.7918 -4.23044 -65.2357 -22.8064 -54.7513 -77.8781
-62.9062 -4.50523 -65.6253 -22.9682 -55.1691 -77.961
-63.0215 -4.78213 -66.0153 -23.1313 -55.5903 -78.043
-63.1375 -5.06114 -66.4057 -23.2957 -56.015 -78.1239
-63.2544 -5.34228 -66.7965 -23.4615 -56.4434 -78.2038
-63.3722 -5.62557 -67.1877 -23.6286 -56.8754 -78.2826
-63.4907 -5.91103 -67.5793 -23.7972 -57.311 -78.3603
-63.6101 -6.19868 -67.9713 -23.9671 -57.7504 -78.4368
-63.7304 -6.48854 -68.3637 -24.1384 -58.1936 -78.5122
-63.8515 -6.78062 -68.7564 -24.3112 -58.6406 -78.5863
-63.9735 -7.07494 -69.1496 -24.4855 -59.0915 -78.6593
-64.0964 -7.37153 -69.543 -24.6612 -59.5463 -78.7309
-64.2201 -7.67041 -69.9369 -24.8384 -60.0051 -78.8012
-64.3448 -7.97158 -70.331 -25.0172 -60.4679 -78.8702
-64.4703 -8.27508 -70.7256 -25.1975 -60.9348 -78.9378
-64.5967 -8.58093 -71.1204 -25.3793 -61.4059 -79.004
-64.7241 -8.88914 -71.5156 -25.5628 -61.8811 -79.0686
-64.8524 -9.19974 -71.9111 -25.7478 -62.3607 -79.1318
-64.9816 -9.51275 -72.3069 -25.9345 -62.8445 -79.1935
-65.1117 -9.82819 -72.703 -26.1229 -63.3327 -79.2535
-65.2428 -10.1461 -73.0995 -26.3129 -63.8253 -79.3119
-65.3748 -10.4664 -73.4962 -26.5046 -64.3224 -79.3686
-65.5078 -10.7893 -73.8931 -26.698 -64.8241 -79.4235
-65.6418 -11.1147 -74.2904 -26.8931 -65.3304 -79.4767
-65.7768 -11.4426 -74.6879 -27.09 -65.8413 -79.528
-65.9127 -11.7731 -75.0857 -27.2887 -66.357 -79.5774
-66.0496 -12.1062 -75.4837 -27.4892 -66.8775 -79.6249
-66.1876 -12.4419 -75.8819 -27.6916 -67.4028 -79.6704
-66.3266 -12.7802 -76.2804 -27.8957 -67.9331 -79.7138
-66.4666 -13.1212 -76.6791 -28.1018 -68.4683 -79.755
-66.6076 -13.4649 -77.0779 -28.3098 -69.0087 -79.7941
-66.7497 -13.8113 -77.477 -28.5197 -69.5541 -79.831
-66.8928 -14.1604 -77.8762 -28.7316 -70.1048 -79.8655
-67.037 -14.5123 -78.2757 -28.9454 -70.6608 -79.8976
-67.1822 -14.867 -78.6752 -29.1613 -71.2221 -79.9273
-67.3286 -15.2246 -79.0749 -29.3792 -71.7888 -79.9544
-67.476 -15.5849 -79.4748 -29.5992 -72.3611 -79.9789
-67.6246 -15.9482 -79.8747 -29.8213 -72.9389 -80.0008
-67.7742 -16.3143 -80.2748 -30.0454 -73.5224 -80.0198
-67.925 -16.6834 -80.6749 -30.2718 -74.1116 -80.0361
-68.077 -17.0554 -81.0751 -30.5003 -74.7067 -80.0494
-68.23 -17.4305 -81.4754 -30.7311 -75.3076 -80.0596
-68.3843 -17.8085 -81.8757 -30.964 -75.9146 -80.0668
-68.5397 -18.1896 -82.2761 -31.1993 -76.5276 -80.0708
-68.6963 -18.5738 -82.6764 -31.4369 -77.1468 -80.0714
-68.854 -18.9611 -83.0768 -31.6768 -77.7722 -80.0687
-69.013 -19.3515 -83.4771 -31.919 -78.404 -80.0624
-69.1732 -19.7451 -83.8774 -32.1637 -79.0423 -80.0525
-69.3347 -20.1419 -84.2776 -32.4108 -79.687 -80.0389
-69.4973 -20.542 -84.6778 -32.6604 -80.3384 -80.0215
-69.6613 -20.9453 -85.0779 -32.9125 -80.9965 -80.0001
-69.8265 -21.3519 -85.4778 -33.1672 -81.6615 -79.9747
-69.9929 -21.7619 -85.8776 -33.4244 -82.3333 -79.945
-70.1607 -22.1753 -86.2772 -33.6842 -83.0122 -79.911
-70.3298 -22.592 -86.6767 -33.9467 -83.6982 -79.8726
-70.5002 -23.0123 -87.076 -34.2119 -84.3914 -79.8295
-70.6719 -23.436 -87.475 -34.4798 -85.092 -79.7817
-70.845 -23.8632 -87.8738 -34.7505 -85.8 -79.7291
-71.0194 -24.294 -88.2723 -35.024 -86.5156 -79.6713
-71.1952 -24.7283 -88.6705 -35.3003 -87.2389 -79.6084
-71.3724 -25.1663 -89.0684 -35.5796 -87.9699 -79.5401
-71.551 -25.608 -89.4659 -35.8617 -88.7088 -79.4663
-71.731 -26.0534 -89.863 -36.1468 -89.4558 -79.3868
-71.9125 -26.5026 -90.2598 -36.435 -90.2109 -79.3014
-72.0954 -26.9555 -90.656 -36.7261 -90.9742 -79.2099
-72.2797 -27.4123 -91.0519 -37.0204 -91.7459 -79.1121
-72.4656 -27.873 -91.4472 -37.3178 -92.5262 -79.0079
-72.6529 -28.3376 -91.8419 -37.6184 -93.315 -78.897
-72.8418 -28.8062 -92.2361 -37.9223 -94.1126 -78.7792
-73.0321 -29.2787 -92.6297 -38.2294 -94.9191 -78.6543
-73.2241 -29.7553 -93.0227 -38.5398 -95.7346 -78.5221
-73.4175 -30.2361 -93.4149 -38.8536 -96.5592 -78.3822
-73.6126 -30.7209 -93.8065 -39.1708 -97.3931 -78.2346
-73.8092 -31.21 -94.1973 -39.4915 -98.2364 -78.0789
-74.0075 -31.7033 -94.5873 -39.8156 -99.0893 -77.9148
-74.2074 -32.2009 -94.9764 -40.1433 -99.9518 -77.7421
-74.4089 -32.7028 -95.3647 -40.4746 -100.824 -77.5605
-74.6121 -33.2091 -95.752 -40.8096 -101.706 -77.3697
-74.817 -33.7199 -96.1384 -41.1482 -102.599 -77.1693
-75.0236 -34.2351 -96.5237 -41.4906 -103.501 -76.9592
-75.2319 -34.7549 -96.908 -41.8367 -104.414 -76.7389
-75.442 -35.2793 -97.2911 -42.1867 -105.338 -76.5081
-75.6538 -35.8083 -97.6731 -42.5406 -106.272 -76.2665
-75.8674 -36.342 -98.0538 -42.8984 -107.217 -76.0137
-76.0828 -36.8804 -98.4332 -43.2601 -108.173 -75.7493
-76.3 -37.4237 -98.8113 -43.6259 -109.14 -75.4729
-76.5191 -37.9718 -99.1879 -43.9958 -110.118 -75.1841
-76.74 -38.5249 -99.5631 -44.3697 -111.108 -74.8825
-76.9627 -39.0829 -99.9368 -44.7478 -112.109 -74.5676
-77.1874 -39.646 -100.309 -45.1301 -113.122 -74.239
-77.414 -40.2141 -100.679 -45.5167 -114.146 -73.8963
-77.6426 -40.7874 -101.048 -45.9075 -115.183 -73.5388
-77.8731 -41.366 -101.415 -46.3026 -116.231 -73.1662
-78.1056 -41.9498 -101.779 -46.7021 -117.292 -72.7779
-78.3401 -42.5389 -102.142 -47.106 -118.365 -72.3733
-78.5767 -43.1334 -102.503 -47.5143 -119.45 -71.9519
-78.8153 -43.7334 -102.862 -47.927 -120.548 -71.5131
-79.056 -44.3389 -103.218 -48.3442 -121.658 -71.0562
-79.2987 -44.95 -103.572 -48.766 -122.781 -70.5807
-79.5436 -45.5667 -103.924 -49.1923 -123.917 -70.0858
-79.7906 -46.1891 -104.273 -49.6231 -125.066 -69.5709
-80.0398 -46.8173 -104.62 -50.0585 -126.228 -69.0354
-80.2912 -47.4514 -104.964 -50.4985 -127.403 -68.4783
-80.5448 -48.0914 -105.305 -50.943 -128.591 -67.899
-80.8007 -48.7373 -105.643 -51.3922 -129.792 -67.2968
-81.0587 -49.3893 -105.978 -51.8459 -131.007 -66.6706
-81.3191 -50.0474 -106.309 -52.3042 -132.234 -66.0198
-81.5818 -50.7116 -106.638 -52.767 -133.475 -65.3435
-81.8468 -51.3821 -106.963 -53.2344 -134.729 -64.6406
-82.1141 -52.0589 -107.284 -53.7062 -135.997 -63.9103
-82.3838 -52.7421 -107.602 -54.1825 -137.277 -63.1517
-82.656 -53.4317 -107.916 -54.6632 -138.57 -62.3635
-82.9305 -54.1278 -108.225 -55.1483 -139.877 -61.5449
-83.2074 -54.8304 -108.531 -55.6376 -141.196 -60.6948
-83.4869 -55.5397 -108.832 -56.131 -142.528 -59.8119
-83.7687 -56.2557 -109.129 -56.6286 -143.872 -58.8952
-84.0531 -56.9785 -109.421 -57.1301 -145.229 -57.9435
-84.34 -57.708 -109.709 -57.6354 -146.597 -56.9555
-84.6295 -58.4444 -109.991 -58.1445 -147.977 -55.9298
-84.9215 -59.1878 -110.268 -58.6571 -149.369 -54.8654
-85.2161 -59.9381 -110.54 -59.173 -150.771 -53.7606
-85.5132 -60.6955 -110.806 -59.692 -152.184 -52.6143
-85.813 -61.4599 -111.066 -60.214 -153.607 -51.4248
-86.1154 -62.2315 -111.32 -60.7386 -155.039 -50.1909
-86.4204 -63.0103 -111.568 -61.2657 -156.48 -48.9108
-86.728 -63.7963 -111.809 -61.7948 -157.929 -47.5832
-87.0383 -64.5896 -112.043 -62.3256 -159.385 -46.2064
-87.3513 -65.3902 -112.271 -62.8579 -160.848 -44.7788
-87.6669 -66.1981 -112.491 -63.3912 -162.316 -43.2987
-87.9852 -67.0133 -112.704 -63.925 -163.789 -41.7645
-88.3061 -67.836 -112.909 -64.4589 -165.265 -40.1746
-88.6298 -68.666 -113.106 -64.9924 -166.743 -38.5271
-88.956 -69.5034 -113.294 -65.5249 -168.222 -36.8203
-89.285 -70.3482 -113.474 -66.0559 -169.701 -35.0525
-89.6166 -71.2004 -113.645 -66.5846 -171.177 -33.222
-89.9508 -72.0599 -113.806 -67.1104 -172.649 -31.327
-90.2877 -72.9269 -113.958 -67.6326 -174.116 -29.3657
-90.6272 -73.8011 -114.1 -68.1504 -175.574 -27.3365
-90.9692 -74.6826 -114.231 -68.6628 -177.023 -25.2376
-91.3138 -75.5713 -114.352 -69.169 -178.46 -23.0675
-91.6609 -76.4672 -114.462 -69.6681 -179.882 -20.8245
-92.0105 -77.3701 -114.56 -70.1589 -181.287 -18.5071
-92.3625 -78.28 -114.647 -70.6403 -182.672 -16.1138
-92.7169 -79.1968 -114.722 -71.1113 -184.034 -13.6434
-93.0736 -80.1204 -114.784 -71.5706 -185.37 -11.0946
-93.4326 -81.0505 -114.833 -72.0168 -186.677 -8.46617
-93.7937 -81.9871 -114.868 -72.4487 -187.951 -5.75733
-94.1571 -82.93 -114.89 -72.8648 -189.188 -2.96726
-94.5224 -83.879 -114.898 -73.2636 -190.385 -0.0953804
-94.8897 -84.8339 -114.891 -73.6435 -191.538 2.85865
-95.2588 -85.7944 -114.869 -74.003 -192.643 5.89494
-95.6297 -86.7603 -114.832 -74.3404 -193.695 9.01333
-96.0022 -87.7313 -114.779 -74.654 -194.689 12.2133
-96.3762 -88.7072 -114.71 -74.942 -195.622 15.4942
-96.7516 -89.6875 -114.624 -75.2026 -196.488 18.8548
-97.1283 -90.672 -114.522 -75.4342 -197.283 22.2935
-97.506 -91.6603 -114.401 -75.6347 -198.002 25.8086
-97.8846 -92.6521 -114.263 -75.8024 -198.64 29.3977
-98.264 -93.6467 -114.107 -75.9355 -199.193 33.058
-98.644 -94.644 -113.933 -76.0322 -199.654 36.7864
-99.0243 -95.6433 -113.74 -76.0908 -200.02 40.5791
-99.4049 -96.6442 -113.527 -76.1094 -200.286 44.432
-99.7854 -97.6461 -113.295 -76.0865 -200.448 48.3405
-100.166 -98.6486 -113.044 -76.0206 -200.5 52.2996
-100.546 -99.6511 -112.772 -75.9101 -200.44 56.3035
-100.925 -100.653 -112.481 -75.7538 -200.263 60.3462
-101.303 -101.654 -112.169 -75.5506 -199.966 64.4214
-101.68 -102.653 -111.837 -75.2993 -199.545 68.5221
-102.056 -103.649 -111.484 -74.9993 -199 72.641
-102.43 -104.643 -111.11 -74.6497 -198.326 76.7706
-102.803 -105.632 -110.716 -74.2502 -197.523 80.9029
-103.173 -106.618 -110.301 -73.8006 -196.59 85.0298
-103.541 -107.598 -109.866 -73.3009 -195.526 89.143
-103.906 -108.573 -109.41 -72.7514 -194.331 93.2342
-104.268 -109.542 -108.933 -72.1524 -193.007 97.2947
-104.627 -110.503 -108.437 -71.5048 -191.554 101.316
-104.983 -111.457 -107.92 -70.8095 -189.975 105.29
-105.335 -112.403 -107.384 -70.0678 -188.272 109.209
-105.684 -113.34 -106.828 -69.2809 -186.448 113.064
-106.028 -114.268 -106.253 -68.4507 -184.508 116.848
-106.368 -115.185 -105.66 -67.5789 -182.456 120.553
-106.704 -116.092 -105.048 -66.6676 -180.297 124.173
-107.035 -116.988 -104.418 -65.7189 -178.035 127.702
-107.361 -117.873 -103.771 -64.7351 -175.677 131.132
-107.682 -118.745 -103.107 -63.7188 -173.229 134.46
-107.998 -119.605 -102.426 -62.6725 -170.697 137.681
-108.309 -120.452 -101.73 -61.5987 -168.087 140.789
-108.614 -121.286 -101.018 -60.5002 -165.407 143.783
-108.914 -122.106 -100.292 -59.3797 -162.663 146.658
-109.208 -122.912 -99.5518 -58.2399 -159.863 149.413
-109.497 -123.705 -98.798 -57.0835 -157.012 152.046
-109.779 -124.483 -98.0314 -55.913 -154.118 154.555
-110.056 -125.246 -97.2525 -54.7312 -151.188 156.942
-110.326 -125.994 -96.462 -53.5406 -148.227 159.204
-110.591 -126.728 -95.6604 -52.3435 -145.244 161.344
-110.85 -127.447 -94.8485 -51.1424 -142.243 163.361
-111.103 -128.151 -94.0268 -49.9395 -139.23 165.258
-111.349 -128.839 -93.1959 -48.7369 -136.211 167.035
-111.59 -129.513 -92.3565 -47.5365 -133.192 168.696
-111.825 -130.171 -91.509 -46.3404 -130.178 170.243
-112.053 -130.814 -90.654 -45.1502 -127.172 171.678
-112.276 -131.443 -89.7922 -43.9675 -124.18 173.005
-112.493 -132.056 -88.924 -42.7939 -121.206 174.226
-112.704 -132.655 -88.0499 -41.6306 -118.252 175.345
-112.909 -133.239 -87.1705 -40.479 -115.323 176.366
-113.109 -133.808 -86.2862 -39.34 -112.422 177.29
-113.303 -134.363 -85.3976 -38.2148 -109.552 178.124
-113.491 -134.904 -84.505 -37.1041 -106.714 178.869
-113.674 -135.43 -83.6089 -36.0089 -103.911 179.53
-113.851 -135.943 -82.7097 -34.9296 -101.145 180.109
-114.023 -136.442 -81.8078 -33.8669 -98.418 180.612
-114.19 -136.927 -80.9036 -32.8213 -95.7311 181.04
-114.351 -137.399 -79.9974 -31.7931 -93.0855 181.399
-114.508 -137.858 -79.0896 -30.7828 -90.4822 181.69
-114.659 -138.304 -78.1805 -29.7904 -87.9222 181.918
-114.806 -138.737 -77.2704 -28.8163 -85.4059 182.086
-114.947 -139.158 -76.3596 -27.8604 -82.934 182.196
-115.084 -139.566 -75.4484 -26.923 -80.5068 182.253
-115.217 -139.963 -74.5371 -26.0039 -78.1243 182.258
-115.344 -140.348 -73.6258 -25.1033 -75.7868 182.214
-115.468 -140.721 -72.7149 -24.2208 -73.4941 182.125
-115.587 -141.083 -71.8046 -23.3566 -71.2462 181.993
-115.701 -141.433 -70.895 -22.5104 -69.0427 181.821
-115.812 -141.773 -69.9864 -21.6821 -66.8835 181.611
-115.918 -142.102 -69.0789 -20.8714 -64.768 181.364
-116.02 -142.421 -68.1727 -20.0781 -62.6959 181.085
-116.119 -142.729 -67.268 -19.302 -60.6666 180.773
-116.213 -143.027 -66.365 -18.5429 -58.6796 180.432
-116.304 -143.316 -65.4637 -17.8005 -56.7343 180.064
-116.391 -143.595 -64.5643 -17.0744 -54.8301 179.67
-116.475 -143.864 -63.667 -16.3645 -52.9663 179.252
-116.555 -144.124 -62.7718 -15.6704 -51.1422 178.811
-116.632 -144.376 -61.8789 -14.9917 -49.3572 178.35
-116.705 -144.618 -60.9883 -14.3283 -47.6105 177.869
-116.775 -144.852 -60.1002 -13.6797 -45.9014 177.37
-116.842 -145.077 -59.2146 -13.0457 -44.2291 176.854
-116.905 -145.294 -58.3316 -12.426 -42.593 176.322
-116.966 -145.503 -57.4514 -11.8202 -40.9922 175.777
-117.024 -145.704 -56.5739 -11.2281 -39.426 175.218
-117.078 -145.897 -55.6992 -10.6492 -37.8937 174.647
-117.13 -146.083 -54.8274 -10.0834 -36.3945 174.065
-117.179 -146.261 -53.9585 -9.53028 -34.9277 173.472
-117.225 -146.432 -53.0927 -8.98956 -33.4925 172.87
-117.269 -146.596 -52.2298 -8.46096 -32.0883 172.26
-117.31 -146.753 -51.3701 -7.94418 -30.7143 171.642
-117.348 -146.903 -50.5134 -7.43892 -29.3698 171.017
-117.384 -147.047 -49.6599 -6.94491 -28.0541 170.385
-117.418 -147.184 -48.8096 -6.46188 -26.7666 169.748
-117.449 -147.314 -47.9624 -5.98954 -25.5065 169.105
-117.478 -147.439 -47.1185 -5.52763 -24.2732 168.458
-117.504 -147.557 -46.2778 -5.07589 -23.066 167.807
-117.529 -147.669 -45.4404 -4.63407 -21.8844 167.153
-117.551 -147.776 -44.6063 -4.20191 -20.7277 166.495
-117.571 -147.877 -43.7755 -3.77917 -19.5953 165.835
-117.588 -147.972 -42.948 -3.36562 -18.4866 165.173
-117.604 -148.062 -42.1238 -2.96102 -17.401 164.509
-117.618 -148.146 -41.3029 -2.56514 -16.3379 163.843
-117.63 -148.225 -40.4853 -2.17777 -15.2969 163.177
-117.64 -148.299 -39.6711 -1.79868 -14.2773 162.51
-117.648 -148.368 -38.8602 -1.42767 -13.2786 161.843
-117.654 -148.432 -38.0527 -1.06454 -12.3004 161.175
-117.658 -148.491 -37.2485 -0.70908 -11.342 160.507
-117.661 -148.545 -36.4476 -0.3611 -10.4031 159.84
-117.662 -148.595 -35.6501 -0.0204122 -9.48315 159.174
-117.661 -148.64 -34.8559 0.313168 -8.58166 158.508
-117.659 -148.681 -34.065 0.639818 -7.69821 157.844
-117.655 -148.717 -33.2774 0.959713 -6.83235 157.18
-117.649 -148.749 -32.4932 1.27302 -5.98365 156.518
-117.642 -148.777 -31.7122 1.57991 -5.15169 155.858
-117.634 -148.8 -30.9346 1.88053 -4.33607 155.199
-117.623 -148.82 -30.1603 2.17505 -3.5364 154.542
-117.612 -148.836 -29.3892 2.46361 -2.75228 153.888
-117.599 -148.848 -28.6214 2.74636 -1.98335 153.235
-117.584 -148.856 -27.8568 3.02345 -1.22924 152.584
-117.569 -148.86 -27.0955 3.29501 -0.489592 151.936
-117.551 -148.86 -26.3375 3.56118 0.235935 151.291
-117.533 -148.857 -25.5826 3.82209 0.947678 150.647
-117.513 -148.851 -24.831 4.07787 1.64596 150.007
-117.492 -148.841 -24.0826 4.32863 2.33111 149.369
-117.47 -148.828 -23.3373 4.57451 3.00342 148.734
-117.446 -148.811 -22.5952 4.81562 3.6632 148.101
-117.422 -148.791 -21.8563 5.05208 4.31074 147.472
-117.396 -148.768 -21.1205 5.28398 4.94633 146.845
-117.369 -148.742 -20.3878 5.51145 5.57024 146.222
-117.341 -148.712 -19.6583 5.73459 6.18275 145.601
-117.312 -148.68 -18.9318 5.95349 6.7841 144.984
-117.281 -148.644 -18.2085 6.16826 7.37457 144.369
-117.25 -148.606 -17.4881 6.37899 7.95439 143.758
-117.217 -148.565 -16.7709 6.58578 8.52381 143.15
-117.184 -148.521 -16.0567 6.78872 9.08307 142.544
-117.15 -148.474 -15.3454 6.9879 9.63238 141.943
-117.114 -148.424 -14.6372 7.1834 10.172 141.344
-117.078 -148.372 -13.932 7.37531 10.7021 140.749
-117.04 -148.317 -13.2297 7.5637 11.2229 140.156
-117.002 -148.26 -12.5304 7.74866 11.7346 139.567
-116.963 -148.2 -11.8341 7.93027 12.2375 138.982
-116.923 -148.138 -11.1406 8.10859 12.7316 138.399
-116.882 -148.073 -10.4501 8.28371 13.2173 137.82
-116.84 -148.005 -9.76242 8.4557 13.6946 137.244
-116.797 -147.936 -9.07763 8.62461 14.1638 136.672
-116.754 -147.864 -8.3957 8.79053 14.625 136.102
-116.709 -147.79 -7.71661 8.95351 15.0785 135.536
-116.664 -147.713 -7.04034 9.11362 15.5243 134.973
-116.618 -147.634 -6.36688 9.27092 15.9626 134.413
-116.571 -147.553 -5.69621 9.42548 16.3937 133.857
-116.524 -147.47 -5.02831 9.57735 16.8176 133.304
-116.476 -147.385 -4.36317 9.72658 17.2344 132.754
-116.427 -147.298 -3.70078 9.87324 17.6445 132.207
-116.377 -147.209 -3.0411 10.0174 18.0478 131.663
-116.326 -147.118 -2.38414 10.1591 18.4445 131.123
-116.275 -147.024 -1.72987 10.2983 18.8348 130.586
-116.224 -146.929 -1.07828 10.4352 19.2187 130.052
-116.171 -146.832 -0.429357 10.5698 19.5965 129.521
-116.118 -146.733 0.216923 10.7021 19.9683 128.993
-116.064 -146.632 0.860572 10.8321 20.334 128.468
-116.009 -146.53 1.5016 10.96 20.694 127.947
-115.954 -146.425 2.14004 11.0858 21.0483 127.428
-115.899 -146.319 2.77588 11.2095 21.3969 126.913
-115.842 -146.212 3.40916 11.3311 21.7401 126.4
-115.785 -146.102 4.03989 11.4507 22.0779 125.891
-115.728 -145.991 4.66807 11.5684 22.4105 125.384
-115.67 -145.878 5.29373 11.6841 22.7379 124.881
-115.611 -145.763 5.91688 11.798 23.0602 124.38
-115.552 -145.647 6.53753 11.91 23.3775 123.883
-115.492 -145.53 7.1557 12.0201 23.69 123.388
-115.431 -145.41 7.77141 12.1285 23.9977 122.896
-115.371 -145.29 8.38467 12.2352 24.3007 122.408
-115.309 -145.167 8.99548 12.3401 24.5991 121.922
-115.247 -145.044 9.60388 12.4433 24.893 121.438
-115.185 -144.918 10.2099 12.545 25.1824 120.958
-115.122 -144.792 10.8135 12.6449 25.4675 120.48
-115.058 -144.664 11.4147 12.7433 25.7484 120.006
-114.994 -144.534 12.0135 12.8402 26.025 119.534
-114.93 -144.404 12.61 12.9355 26.2976 119.064
-114.865 -144.271 13.2042 13.0293 26.5661 118.598
-114.8 -144.138 13.796 13.1217 26.8306 118.134
-114.734 -144.003 14.3855 13.2126 27.0912 117.673
-114.667 -143.867 14.9727 13.3021 27.3481 117.214
-114.601 -143.73 15.5576 13.3902 27.6011 116.758
-114.533 -143.591 16.1403 13.4769 27.8505 116.305
-114.466 -143.451 16.7207 13.5623 28.0963 115.854
-114.398 -143.31 17.2988 13.6464 28.3385 115.406
-114.329 -143.168 17.8747 13.7292 28.5772 114.96
-114.261 -143.024 18.4484 13.8107 28.8125 114.517
-114.191 -142.88 19.0199 13.891 29.0444 114.077
-114.122 -142.734 19.5892 13.9701 29.273 113.639
-114.052 -142.587 20.1563 14.0479 29.4983 113.203
-113.981 -142.439 20.7212 14.1246 29.7205 112.77
-113.91 -142.29 21.284 14.2001 29.9394 112.339
-113.839 -142.139 21.8446 14.2744 30.1553 111.91
-113.768 -141.988 22.4031 14.3477 30.3682 111.484
-113.696 -141.836 22.9595 14.4198 30.5781 111.061
-113.623 -141.682 23.5137 14.4909 30.785 110.639
-113.551 -141.528 24.0659 14.5609 30.989 110.22
-113.478 -141.372 24.6159 14.6298 31.1902 109.804
-113.404 -141.216 25.1639 14.6978 31.3886 109.389
-113.331 -141.058 25.7098 14.7647 31.5843 108.977
-113.257 -140.9 26.2537 14.8306 31.7773 108.567
-113.183 -140.741 26.7955 14.8955 31.9676 108.16
-113.108 -140.58 27.3353 14.9595 32.1552 107.754
-113.033 -140.419 27.873 15.0226 32.3404 107.351
-112.958 -140.257 28.4088 15.0847 32.5229 106.95
-112.882 -140.094 28.9425 15.1459 32.703 106.551
-112.806 -139.93 29.4743 15.2062 32.8807 106.154
-112.73 -139.765 30.0041 15.2656 33.0559 105.759
-112.654 -139.599 30.5319 15.3241 33.2288 105.366
-112.577 -139.433 31.0577 15.3818 33.3993 104.976
-112.5 -139.265 31.5816 15.4387 33.5675 104.587
-112.422 -139.097 32.1036 15.4947 33.7335 104.201
-112.345 -138.928 32.6236 15.5499 33.8972 103.816
-112.267 -138.758 33.1417 15.6043 34.0587 103.434
-112.189 -138.587 33.658 15.6579 34.2181 103.053
-112.11 -138.416 34.1723 15.7108 34.3754 102.675
-112.032 -138.244 34.6847 15.7628 34.5305 102.298
-111.953 -138.071 35.1952 15.8141 34.6836 101.923
-111.873 -137.897 35.7039 15.8647 34.8347 101.551
-111.794 -137.722 36.2108 15.9146 34.9838 101.18
-111.714 -137.547 36.7157 15.9637 35.1309 100.811
-111.634 -137.371 37.2189 16.0121 35.2761 100.444
-111.554 -137.194 37.7202 16.0599 35.4193 100.078
-111.474 -137.017 38.2196 16.1069 35.5607 99.7151
-111.393 -136.839 38.7173 16.1533 35.7003 99.3535
-111.312 -136.66 39.2132 16.199 35.838 98.9937
-111.231 -136.48 39.7073 16.2441 35.9739 98.6357
-111.15 -136.3 40.1995 16.2885 36.108 98.2795
-111.068 -136.119 40.69 16.3323 36.2404 97.9251
-110.987 -135.938 41.1788 16.3754 36.371 97.5724
-110.905 -135.756 41.6658 16.418 36.5 97.2214
-110.822 -135.573 42.151 16.4599 36.6273 96.8722
-110.74 -135.389 42.6345 16.5012 36.753 96.5246
-110.657 -135.205 43.1162 16.542 36.877 96.1787
-110.575 -135.02 43.5963 16.5821 36.9994 95.8345
-110.492 -134.835 44.0746 16.6217 37.1202 95.492
-110.408 -134.649 44.5512 16.6607 37.2395 95.1511
-110.325 -134.463 45.0261 16.6992 37.3573 94.8118
-110.241 -134.276 45.4993 16.7371 37.4735 94.4742
-110.158 -134.088 45.9708 16.7745 37.5883 94.1381
-110.074 -133.9 46.4407 16.8114 37.7016 93.8036
-109.989 -133.711 46.9089 16.8477 37.8134 93.4707
-109.905 -133.522 47.3754 16.8835 37.9238 93.1394
-109.821 -133.332 47.8403 16.9188 38.0328 92.8096
-109.736 -133.141 48.3035 16.9537 38.1404 92.4814
-109.651 -132.95 48.7651 16.988 38.2466 92.1546
-109.566 -132.759 49.225 17.0218 38.3515 91.8294
-109.481 -132.567 49.6834 17.0551 38.4551 91.5057
-109.395 -132.374 50.1401 17.088 38.5573 91.1835
-109.31 -132.181 50.5952 17.1204 38.6582 90.8627
-109.224 -131.988 51.0487 17.1524 38.7579 90.5434
-109.138 -131.794 51.5006 17.1838 38.8563 90.2256
-109.052 -131.599 51.951 17.2149 38.9534 89.9091
-108.966 -131.404 52.3997 17.2455 39.0493 89.5942
-108.88 -131.209 52.8469 17.2756 39.144 89.2806
-108.794 -131.013 53.2925 17.3054 39.2375 88.9684
-108.707 -130.816 53.7366 17.3347 39.3298 88.6576
-108.62 -130.619 54.1791 17.3636 39.4209 88.3482
-108.533 -130.422 54.6201 17.3921 39.5109 88.0402
-108.446 -130.224 55.0595 17.4201 39.5998 87.7335
-108.359 -130.026 55.4974 17.4478 39.6875 87.4281
-108.272 -129.827 55.9338 17.4751 39.7741 87.1241
-108.184 -129.628 56.3687 17.5019 39.8596 86.8214
-108.097 -129.429 56.802 17.5284 39.9441 86.5201
-108.009 -129.229 57.2339 17.5546 40.0274 86.22
-107.921 -129.029 57.6642 17.5803 40.1098 85.9212
-107.833 -128.828 58.0931 17.6057 40.191 85.6237
-107.745 -128.627 58.5204 17.6307 40.2713 85.3275
-107.657 -128.425 58.9463 17.6553 40.3505 85.0325
-107.569 -128.223 59.3708 17.6796 40.4288 84.7388
-107.48 -128.021 59.7937 17.7036 40.506 84.4463
-107.392 -127.818 60.2152 17.7271 40.5823 84.1551
-107.303 -127.615 60.6353 17.7504 40.6576 83.865
-107.214 -127.412 61.0539 17.7733 40.732 83.5762
-107.125 -127.208 61.471 17.7959 40.8054 83.2886
-107.036 -127.003 61.8868 17.8181 40.8779 83.0022
-106.947 -126.799 62.3011 17.8401 40.9494 82.717
-106.858 -126.594 62.7139 17.8617 41.0201 82.4329
-106.768 -126.389 63.1254 17.883 41.0899 82.15
-106.679 -126.183 63.5354 17.9039 41.1588 81.8683
-106.589 -125.977 63.9441 17.9246 41.2268 81.5877
-106.5 -125.771 64.3513 17.945 41.2939 81.3082
-106.41 -125.564 64.7572 17.965 41.3602 81.0299
-106.32 -125.357 65.1616 17.9848 41.4256 80.7527
-106.23 -125.15 65.5647 18.0043 41.4902 80.4766
-106.14 -124.942 65.9664 18.0235 41.554 80.2016
-106.05 -124.734 66.3667 18.0424 41.617 79.9277
-105.959 -124.526 66.7657 18.061 41.6792 79.6549
-105.869 -124.318 67.1633 18.0793 41.7405 79.3831
-105.779 -124.109 67.5595 18.0974 41.8011 79.1125
-105.688 -123.9 67.9544 18.1152 41.8609 78.8429
-105.598 -123.69 68.3479 18.1327 41.9199 78.5743
-105.507 -123.48 68.7401 18.15 41.9782 78.3068
-105.416 -123.27 69.131 18.167 42.0357 78.0403
-105.325 -123.06 69.5205 18.1837 42.0925 77.7749
-105.234 -122.849 69.9087 18.2002 42.1486 77.5104
-105.143 -122.639 70.2956 18.2164 42.2039 77.247
-105.052 -122.427 70.6812 18.2324 42.2585 76.9846
-104.961 -122.216 71.0655 18.2482 42.3124 76.7232
-104.87 -122.004 71.4484 18.2637 42.3656 76.4628
-104.778 -121.792 71.8301 18.2789 42.4181 76.2034
-104.687 -121.58 72.2105 18.294 42.4699 75.9449
-104.595 -121.368 72.5895 18.3088 42.521 75.6875
-104.504 -121.155 72.9673 18.3233 42.5715 75.4309
-104.412 -120.942 73.3439 18.3377 42.6213 75.1754
-104.32 -120.729 73.7191 18.3518 42.6705 74.9208
-104.229 -120.515 74.0931 18.3656 42.7189 74.6671
-104.137 -120.301 74.4658 18.3793 42.7668 74.4143
-104.045 -120.088 74.8372 18.3928 42.814 74.1625
-103.953 -119.873 75.2074 18.406 42.8606 73.9116
-103.861 -119.659 75.5763 18.419 42.9066 73.6616
-103.769 -119.444 75.944 18.4319 42.9519 73.4126
-103.676 -119.229 76.3104 18.4445 42.9967 73.1644
-103.584 -119.014 76.6757 18.4569 43.0408 72.9171
-103.492 -118.799 77.0396 18.4691 43.0843 72.6707
-103.399 -118.583 77.4024 18.4811 43.1273 72.4252
-103.307 -118.368 77.7639 18.4929 43.1697 72.1806
-103.214 -118.152 78.1242 18.5045 43.2114 71.9368
-103.122 -117.936 78.4832 18.516 43.2527 71.6939
-103.029 -117.719 78.8411 18.5272 43.2933 71.4519
-102.937 -117.503 79.1978 18.5382 43.3334 71.2107
-102.844 -117.286 79.5532 18.5491 43.3729 70.9703
-102.751 -117.069 79.9075 18.5598 43.4119 70.7308
-102.658 -116.852 80.2605 18.5703 43.4504 70.4921
-102.565 -116.634 80.6124 18.5806 43.4883 70.2542
-102.473 -116.417 80.9631 18.5908 43.5257 70.0172
-102.38 -116.199 81.3126 18.6008 43.5625 69.781
-102.287 -115.981 81.6609 18.6106 43.5989 69.5456
-102.193 -115.763 82.008 18.6202 43.6347 69.3109
-102.1 -115.545 82.354 18.6297 43.67 69.0771
-102.007 -115.326 82.6988 18.639 43.7048 68.8441
-101.914 -115.108 83.0424 18.6482 43.7391 68.6119
-101.821 -114.889 83.3849 18.6572 43.7729 68.3804
-101.727 -114.67 83.7262 18.666 43.8062 68.1497
-101.634 -114.451 84.0664 18.6747 43.839 67.9198
-101.541 -114.232 84.4054 18.6832 43.8713 67.6907
-101.447 -114.012 84.7433 18.6916 43.9032 67.4623
-101.354 -113.793 85.08 18.6998 43.9346 67.2347
-101.26 -113.573 85.4156 18.7079 43.9655 67.0078
-101.167 -113.353 85.7501 18.7158 43.996 66.7816
-101.073 -113.133 86.0835 18.7236 44.026 66.5562
-100.979 -112.913 86.4157 18.7312 44.0555 66.3316
-100.886 -112.692 86.7468 18.7387 44.0846 66.1076
-100.792 -112.472 87.0768 18.7461 44.1133 65.8844
-100.698 -112.251 87.4056 18.7533 44.1415 65.6619
-100.604 -112.031 87.7334 18.7604 44.1692 65.4402
-100.511 -111.81 88.06 18.7673 44.1966 65.2191
-100.417 -111.589 88.3856 18.7741 44.2235 64.9987
-100.323 -111.367 88.71 18.7808 44.2499 64.7791
-100.229 -111.146 89.0334 18.7874 44.276 64.5601
-100.135 -110.925 89.3556 18.7938 44.3016 64.3418
-100.041 -110.703 89.6768 18.8002 44.3268 64.1242
-99.947 -110.481 89.9969 18.8063 44.3516 63.9073
-99.853 -110.26 90.3158 18.8124 44.3761 63.6911
-99.7589 -110.038 90.6338 18.8184 44.4 63.4755
-99.6648 -109.816 90.9506 18.8242 44.4236 63.2606
-99.5707 -109.593 91.2664 18.8299 44.4468 63.0464
-99.4765 -109.371 91.5811 18.8355 44.4696 62.8328
-99.3823 -109.149 91.8947 18.841 44.4921 62.6199
-99.2881 -108.926 92.2073 18.8464 44.5141 62.4076
-99.1938 -108.704 92.5188 18.8517 44.5357 62.196
-99.0996 -108.481 92.8292 18.8568 44.557 61.985
-99.0053 -108.258 93.1386 18.8619 44.5779 61.7747
-98.9109 -108.035 93.447 18.8668 44.5984 61.565
-98.8166 -107.812 93.7543 18.8717 44.6185 61.3559
-98.7222 -107.589 94.0605 18.8764 44.6383 61.1474
-98.6278 -107.366 94.3657 18.8811 44.6577 60.9396
-98.5334 -107.142 94.6699 18.8856 44.6768 60.7324
-98.439 -106.919 94.9731 18.8901 44.6955 60.5258
-98.3445 -106.695 95.2752 18.8944 44.7138 60.3198
-98.25 -106.472 95.5763 18.8987 44.7318 60.1144
-98.1555 -106.248 95.8763 18.9029 44.7494 59.9096
-98.061 -106.024 96.1754 18.907 44.7667 59.7054
-97.9665 -105.8 96.4734 18.911 44.7837 59.5018
-97.8719 -105.576 96.7704 18.9149 44.8003 59.2988
-97.7773 -105.352 97.0664 18.9187 44.8165 59.0964
-97.6827 -105.128 97.3613 18.9224 44.8324 58.8946
-97.5881 -104.904 97.6553 18.9261 44.848 58.6933
-97.4934 -104.68 97.9483 18.9297 44.8633 58.4926
-97.3988 -104.455 98.2402 18.9331 44.8782 58.2925
-97.3041 -104.231 98.5312 18.9366 44.8928 58.093
-97.2094 -104.006 98.8212 18.9399 44.9071 57.894
-97.1147 -103.782 99.1101 18.9432 44.9211 57.6955
-97.02 -103.557 99.3981 18.9464 44.9347 57.4977
-96.9253 -103.333 99.6851 18.9495 44.948 57.3004
-96.8305 -103.108 99.9711 18.9525 44.9611 57.1036
-96.7357 -102.883 100.256 18.9555 44.9737 56.9074
-96.6409 -102.658 100.54 18.9584 44.9861 56.7117
-96.5461 -102.433 100.823 18.9613 44.9982 56.5165
-96.4513 -102.208 101.105 18.964 45.01 56.3219
-96.3565 -101.983 101.386 18.9668 45.0215 56.1279
-96.2617 -101.758 101.667 18.9694 45.0326 55.9343
-96.1668 -101.533 101.946 18.972 45.0435 55.7413
-96.0719 -101.307 102.224 18.9745 45.0541 55.5488
-95.9771 -101.082 102.501 18.977 45.0644 55.3568
-95.8822 -100.857 102.778 18.9794 45.0743 55.1653
-95.7873 -100.631 103.053 18.9818 45.084 54.9744
-95.6924 -100.406 103.327 18.9841 45.0934 54.7839
-95.5974 -100.18 103.601 18.9864 45.1026 54.594
-95.5025 -99.9549 103.873 18.9886 45.1114 54.4046
-95.4075 -99.7293 104.145 18.9908 45.1199 54.2156
-95.3126 -99.5037 104.415 18.9929 45.1282 54.0272
-95.2176 -99.278 104.685 18.995 45.1362 53.8392
-95.1226 -99.0523 104.954 18.997 45.1439 53.6518
-95.0276 -98.8266 105.222 18.999 45.1513 53.4648
-94.9326 -98.6008 105.489 19.0009 45.1585 53.2783
-94.8376 -98.375 105.754 19.0028 45.1653 53.0923
-94.7426 -98.1491 106.019 19.0047 45.172 52.9067
-94.6476 -97.9233 106.283 19.0065 45.1783 52.7216
-94.5526 -97.6973 106.547 19.0083 45.1844 52.537
-94.4575 -97.4714 106.809 19.0101 45.1902 52.3529
-94.3624 -97.2454 107.07 19.0118 45.1957 52.1692
-94.2674 -97.0195 107.331 19.0135 45.201 51.986
-94.1723 -96.7934 107.59 19.0152 45.206 51.8033
-94.0772 -96.5674 107.849 19.0168 45.2107 51.621
-93.9821 -96.3413 108.106 19.0185 45.2152 51.4391
-93.887 -96.1152 108.363 19.02 45.2194 51.2577
-93.7919 -95.8891 108.619 19.0216 45.2234 51.0768
-93.6968 -95.663 108.874 19.0232 45.2271 50.8962
-93.6017 -95.4369 109.128 19.0247 45.2305 50.7162
-93.5066 -95.2107 109.381 19.0262 45.2337 50.5365
-93.4115 -94.9845 109.633 19.0277 45.2367 50.3573
-93.3163 -94.7583 109.884 19.0291 45.2393 50.1785
-93.2212 -94.5321 110.135 19.0306 45.2418 50.0002
-93.126 -94.3059 110.384 19.032 45.244 49.8223
-93.0308 -94.0797 110.633 19.0335 45.2459 49.6448
-92.9357 -93.8535 110.881 19.0349 45.2476 49.4677
-92.8405 -93.6272 111.128 19.0363 45.249 49.291
-92.7453 -93.401 111.374 19.0377 45.2502 49.1147
-92.6501 -93.1747 111.619 19.0391 45.2512 48.9389
-92.5549 -92.9485 111.863 19.0405 45.2519 48.7634
-92.4597 -92.7222 112.107 19.0419 45.2523 48.5883
-92.3645 -92.4959 112.349 19.0433 45.2526 48.4137
-92.2693 -92.2697 112.591 19.0447 45.2525 48.2394
-92.174 -92.0434 112.832 19.0461 45.2523 48.0656
-92.0788 -91.8172 113.071 19.0475 45.2518 47.8921
-91.9836 -91.5909 113.31 19.0489 45.251 47.719
-91.8883 -91.3646 113.549 19.0503 45.25 47.5463
-91.7931 -91.1384 113.786 19.0517 45.2488 47.374
-91.6978 -90.9122 114.022 19.0531 45.2473 47.202
-91.6025 -90.6859 114.258 19.0545 45.2456 47.0304
-91.5073 -90.4597 114.493 19.056 45.2437 46.8592
-91.412 -90.2335 114.727 19.0574 45.2415 46.6884
-91.3167 -90.0073 114.96 19.0589 45.2391 46.5179
-91.2214 -89.7811 115.192 19.0604 45.2364 46.3478
-91.1261 -89.5549 115.423 19.0618 45.2336 46.178
-91.0308 -89.3288 115.653 19.0634 45.2304 46.0086
-90.9355 -89.1026 115.883 19.0649 45.2271 45.8396
-90.8401 -88.8765 116.112 19.0664 45.2235 45.6709
-90.7448 -88.6504 116.34 19.068 45.2197 45.5025
-90.6494 -88.4243 116.567 19.0696 45.2156 45.3345
-90.5541 -88.1982 116.793 19.0712 45.2113 45.1668
-90.4587 -87.9722 117.019 19.0729 45.2068 44.9994
-90.3634 -87.7462 117.243 19.0745 45.202 44.8324
-90.268 -87.5202 117.467 19.0762 45.197 44.6657
-90.1726 -87.2942 117.69 19.078 45.1918 44.4993
-90.0772 -87.0682 117.912 19.0797 45.1863 44.3333
-89.9818 -86.8423 118.133 19.0815 45.1806 44.1675
-89.8864 -86.6164 118.354 19.0833 45.1747 44.0021
-89.791 -86.3906 118.573 19.0851 45.1686 43.837
-89.6955 -86.1647 118.792 19.087 45.1622 43.6722
-89.6001 -85.939 119.01 19.0889 45.1555 43.5077
-89.5046 -85.7132 119.227 19.0909 45.1487 43.3435
-89.4092 -85.4875 119.443 19.0928 45.1416 43.1796
-89.3137 -85.2618 119.659 19.0949 45.1343 43.0159
-89.2182 -85.0361 119.873 19.0969 45.1267 42.8526
-89.1227 -84.8105 120.087 19.099 45.1189 42.6896
-89.0272 -84.5849 120.3 19.1011 45.1109 42.5268
-88.9317 -84.3594 120.513 19.1033 45.1026 42.3643
-88.8362 -84.1339 120.724 19.1055 45.0941 42.2021
-88.7407 -83.9085 120.935 19.1077 45.0854 42.0401
-88.6451 -83.6831 121.144 19.11 45.0764 41.8784
-88.5496 -83.4577 121.353 19.1123 45.0672 41.717
-88.454 -83.2324 121.562 19.1146 45.0578 41.5558
-88.3584 -83.0071 121.769 19.117 45.0481 41.3949
-88.2628 -82.7819 121.976 19.1194 45.0382 41.2342
-88.1672 -82.5567 122.181 19.1218 45.028 41.0737
-88.0716 -82.3316 122.386 19.1243 45.0176 40.9135
-87.976 -82.1066 122.59 19.1268 45.007 40.7536
-87.8804 -81.8816 122.794 19.1294 44.9961 40.5939
-87.7847 -81.6566 122.996 19.132 44.985 40.4344
-87.689 -81.4317 123.198 19.1346 44.9737 40.2751
-87.5934 -81.2069 123.399 19.1373 44.9621 40.116
-87.4977 -80.9821 123.599 19.14 44.9503 39.9572
-87.402 -80.7574 123.799 19.1427 44.9382 39.7986
-87.3062 -80.5327 123.997 19.1454 44.9259 39.6402
-87.2105 -80.3081 124.195 19.1482 44.9134 39.4819
-87.1148 -80.0836 124.392 19.151 44.9006 39.3239
-87.019 -79.8591 124.588 19.1538 44.8876 39.1661
-86.9232 -79.6347 124.784 19.1567 44.8744 39.0085
-86.8274 -79.4104 124.978 19.1595 44.8609 38.851
-86.7316 -79.1861 125.172 19.1624 44.8471 38.6938
-86.6358 -78.9619 125.365 19.1653 44.8331 38.5367
-86.54 -78.7377 125.558 19.1682 44.8189 38.3798
-86.4441 -78.5137 125.749 19.1711 44.8045 38.2231
-86.3483 -78.2897 125.94 19.1741 44.7898 38.0665
-86.2524 -78.0658 126.13 19.177 44.7748 37.9101
-86.1565 -77.842 126.319 19.1799 44.7596 37.7539
-86.0606 -77.6182 126.507 19.1829 44.7442 37.5978
-85.9647 -77.3945 126.695 19.1858 44.7286 37.4419
-85.8687 -77.1709 126.882 19.1887 44.7127 37.2862
-85.7728 -76.9474 127.068 19.1916 44.6965 37.1305
-85.6768 -76.7239 127.253 19.1945 44.6801 36.9751
-85.5808 -76.5006 127.438 19.1974 44.6635 36.8197
-85.4848 -76.2773 127.621 19.2002 44.6467 36.6645
-85.3888 -76.0541 127.804 19.2031 44.6296 36.5095
-85.2928 -75.831 127.986 19.2058 44.6122 36.3546
-85.1968 -75.608 128.168 19.2086 44.5947 36.1998
-85.1007 -75.3851 128.348 19.2113 44.5769 36.0451
-85.0047 -75.1622 128.528 19.214 44.5589 35.8906
-84.9086 -74.9395 128.707 19.2166 44.5406 35.7361
-84.8125 -74.7168 128.886 19.2192 44.5221 35.5818
-84.7164 -74.4943 129.063 19.2217 44.5034 35.4277
-84.6203 -74.2718 129.24 19.2242 44.4845 35.2736
-84.5241 -74.0494 129.416 19.2266 44.4653 35.1197
-84.428 -73.8271 129.591 19.2289 44.4459 34.9658
-84.3319 -73.605 129.765 19.2311 44.4263 34.8121
-84.2357 -73.3829 129.939 19.2333 44.4064 34.6585
-84.1395 -73.1609 130.112 19.2353 44.3864 34.505
-84.0433 -72.939 130.284 19.2373 44.3661 34.3517
-83.9471 -72.7172 130.456 19.2392 44.3456 34.1984
-83.8509 -72.4956 130.626 19.241 44.3249 34.0452
-83.7547 -72.274 130.796 19.2426 44.304 33.8922
-83.6585 -72.0525 130.965 19.2442 44.2829 33.7393
-83.5623 -71.8312 131.133 19.2456 44.2616 33.5864
-83.4661 -71.6099 131.301 19.2469 44.2401 33.4337
-83.3698 -71.3888 131.468 19.2481 44.2184 33.2811
-83.2736 -71.1677 131.634 19.2492 44.1965 33.1286
-83.1773 -70.9468 131.799 19.2501 44.1744 32.9762
-83.0811 -70.726 131.964 19.2509 44.1521 32.824
-82.9848 -70.5053 132.127 19.2515 44.1296 32.6718
-82.8886 -70.2847 132.29 19.252 44.1069 32.5198
-82.7923 -70.0642 132.452 19.2523 44.0841 32.3679
-82.696 -69.8438 132.614 19.2525 44.0611 32.2161
-82.5998 -69.6236 132.775 19.2525 44.0379 32.0644
-82.5035 -69.4035 132.935 19.2524 44.0145 31.9128
-82.4073 -69.1834 133.094 19.252 43.991 31.7614
-82.311 -68.9635 133.252 19.2515 43.9673 31.6101
-82.2147 -68.7438 133.41 19.2509 43.9434 31.4589
-82.1185 -68.5241 133.567 19.25 43.9194 31.3079
-82.0222 -68.3046 133.723 19.249 43.8953 31.157
-81.926 -68.0852 133.878 19.2477 43.871 31.0062
-81.8298 -67.8659 134.033 19.2463 43.8465 30.8556
-81.7335 -67.6467 134.187 19.2447 43.8219 30.7051
-81.6373 -67.4276 134.34 19.2429 43.7972 30.5548
-81.5411 -67.2087 134.492 19.2409 43.7723 30.4046
-81.4449 -66.9899 134.644 19.2387 43.7473 30.2546
-81.3487 -66.7712 134.795 19.2363 43.7222 30.1047
-81.2525 -66.5527 134.945 19.2338 43.6969 29.955
-81.1564 -66.3343 135.095 19.231 43.6715 29.8054
-81.0602 -66.116 135.243 19.228 43.646 29.656
-80.9641 -65.8978 135.391 19.2248 43.6204 29.5068
-80.868 -65.6798 135.538 19.2214 43.5947 29.3578
-80.7719 -65.4619 135.685 19.2178 43.5689 29.2089
-80.6758 -65.2441 135.83 19.214 43.5429 29.0602
-80.5797 -65.0264 135.975 19.2099 43.5169 28.9117
-80.4837 -64.8089 136.119 19.2057 43.4907 28.7633
-80.3877 -64.5915 136.263 19.2013 43.4645 28.6152
