-50 50 25 0 0 -49
-50.0001 49.9998 24.7549 -0.0312927 -0.0936738 -49.0358
-50.0003 49.9991 24.5096 -0.0626295 -0.187557 -49.0716
-50.0007 49.9979 24.2642 -0.0940108 -0.28165 -49.1074
-50.0013 49.9962 24.0186 -0.125437 -0.375954 -49.1433
-50.002 49.9941 23.7728 -0.156907 -0.470469 -49.1792
-50.0028 49.9915 23.5268 -0.188423 -0.565197 -49.2151
-50.0038 49.9885 23.2806 -0.219983 -0.660138 -49.2511
-50.005 49.9849 23.0343 -0.25159 -0.755293 -49.287
-50.0064 49.9809 22.7877 -0.283241 -0.850662 -49.323
-50.0079 49.9764 22.541 -0.314939 -0.946247 -49.3591
-50.0095 49.9715 22.2942 -0.346682 -1.04205 -49.3951
-50.0113 49.966 22.0471 -0.378472 -1.13807 -49.4312
-50.0133 49.9601 21.7998 -0.410308 -1.2343 -49.4673
-50.0154 49.9537 21.5524 -0.44219 -1.33076 -49.5034
-50.0177 49.9468 21.3048 -0.474119 -1.42743 -49.5395
-50.0202 49.9394 21.057 -0.506096 -1.52432 -49.5757
-50.0228 49.9315 20.8091 -0.538119 -1.62144 -49.6119
-50.0255 49.9232 20.5609 -0.57019 -1.71878 -49.6481
-50.0285 49.9143 20.3126 -0.602308 -1.81634 -49.6843
-50.0316 49.905 20.0641 -0.634475 -1.91412 -49.7206
-50.0348 49.8952 19.8154 -0.666689 -2.01213 -49.7568
-50.0382 49.8849 19.5665 -0.698951 -2.11036 -49.7931
-50.0418 49.8741 19.3175 -0.731262 -2.20882 -49.8294
-50.0455 49.8628 19.0682 -0.763621 -2.3075 -49.8658
-50.0494 49.851 18.8188 -0.796029 -2.40641 -49.9021
-50.0535 49.8387 18.5692 -0.828486 -2.50556 -49.9385
-50.0577 49.826 18.3194 -0.860993 -2.60493 -49.9749
-50.0621 49.8127 18.0694 -0.893549 -2.70453 -50.0113
-50.0667 49.7989 17.8193 -0.926154 -2.80436 -50.0477
-50.0714 49.7847 17.569 -0.958809 -2.90442 -50.0841
-50.0763 49.7699 17.3185 -0.991514 -3.00472 -50.1206
-50.0813 49.7546 17.0678 -1.02427 -3.10525 -50.1571
-50.0865 49.7388 16.8169 -1.05708 -3.20601 -50.1935
-50.0919 49.7225 16.5658 -1.08993 -3.30701 -50.2301
-50.0974 49.7058 16.3146 -1.12284 -3.40825 -50.2666
-50.1031 49.6885 16.0632 -1.1558 -3.50972 -50.3031
-50.109 49.6707 15.8116 -1.18881 -3.61143 -50.3397
-50.115 49.6523 15.5598 -1.22187 -3.71338 -50.3762
-50.1212 49.6335 15.3078 -1.25498 -3.81558 -50.4128
-50.1275 49.6142 15.0557 -1.28815 -3.91801 -50.4494
-50.1341 49.5943 14.8033 -1.32136 -4.02068 -50.486
-50.1407 49.574 14.5508 -1.35463 -4.1236 -50.5226
-50.1476 49.5531 14.2981 -1.38796 -4.22676 -50.5593
-50.1546 49.5317 14.0452 -1.42133 -4.33016 -50.5959
-50.1618 49.5098 13.7921 -1.45476 -4.43381 -50.6326
-50.1692 49.4874 13.5389 -1.48824 -4.53771 -50.6692
-50.1767 49.4644 13.2854 -1.52177 -4.64185 -50.7059
-50.1844 49.441 13.0318 -1.55536 -4.74624 -50.7426
-50.1922 49.417 12.778 -1.589 -4.85088 -50.7793
-50.2003 49.3925 12.524 -1.6227 -4.95577 -50.816
-50.2085 49.3674 12.2699 -1.65645 -5.06092 -50.8528
-50.2168 49.3418 12.0155 -1.69026 -5.16631 -50.8895
-50.2254 49.3157 11.761 -1.72412 -5.27196 -50.9262
-50.2341 49.2891 11.5062 -1.75803 -5.37786 -50.963
-50.243 49.262 11.2513 -1.792 -5.48402 -50.9997
-50.252 49.2343 10.9963 -1.82603 -5.59044 -51.0365
-50.2612 49.2061 10.741 -1.86011 -5.69711 -51.0733
-50.2706 49.1773 10.4855 -1.89425 -5.80404 -51.1101
-50.2802 49.148 10.2299 -1.92844 -5.91123 -51.1468
-50.2899 49.1182 9.97405 -1.96269 -6.01868 -51.1836
-50.2998 49.0878 9.71804 -1.99699 -6.12639 -51.2204
-50.3099 49.0569 9.46185 -2.03136 -6.23436 -51.2572
-50.3201 49.0255 9.20547 -2.06578 -6.3426 -51.2941
-50.3305 48.9935 8.94891 -2.10026 -6.4511 -51.3309
-50.3411 48.961 8.69217 -2.13479 -6.55987 -51.3677
-50.3519 48.9279 8.43524 -2.16938 -6.6689 -51.4045
-50.3628 48.8943 8.17812 -2.20404 -6.7782 -51.4414
-50.3739 48.8601 7.92083 -2.23875 -6.88777 -51.4782
-50.3852 48.8254 7.66334 -2.27351 -6.99761 -51.515
-50.3966 48.7902 7.40568 -2.30834 -7.10772 -51.5519
-50.4083 48.7543 7.14783 -2.34323 -7.21811 -51.5887
-50.4201 48.718 6.88979 -2.37817 -7.32876 -51.6256
-50.432 48.6811 6.63157 -2.41318 -7.43969 -51.6624
-50.4442 48.6436 6.37317 -2.44824 -7.5509 -51.6993
-50.4565 48.6055 6.11458 -2.48337 -7.66238 -51.7361
-50.469 48.567 5.85581 -2.51855 -7.77414 -51.773
-50.4817 48.5278 5.59686 -2.5538 -7.88618 -51.8098
-50.4946 48.4881 5.33772 -2.58911 -7.9985 -51.8467
-50.5076 48.4478 5.07839 -2.62447 -8.1111 -51.8835
-50.5208 48.407 4.81888 -2.6599 -8.22399 -51.9204
-50.5342 48.3656 4.55919 -2.69539 -8.33715 -51.9572
-50.5478 48.3236 4.29931 -2.73095 -8.45061 -51.9941
-50.5615 48.2811 4.03925 -2.76656 -8.56434 -52.0309
-50.5754 48.238 3.77901 -2.80224 -8.67837 -52.0677
-50.5895 48.1943 3.51858 -2.83798 -8.79268 -52.1046
-50.6038 48.15 3.25796 -2.87378 -8.90728 -52.1414
-50.6183 48.1052 2.99716 -2.90965 -9.02218 -52.1783
-50.6329 48.0598 2.73618 -2.94558 -9.13736 -52.2151
-50.6477 48.0138 2.47502 -2.98158 -9.25284 -52.2519
-50.6627 47.9673 2.21367 -3.01764 -9.36862 -52.2887
-50.6779 47.9202 1.95213 -3.05376 -9.48469 -52.3256
-50.6933 47.8724 1.69041 -3.08995 -9.60105 -52.3624
-50.7088 47.8241 1.42851 -3.1262 -9.71772 -52.3992
-50.7245 47.7753 1.16642 -3.16252 -9.83468 -52.436
-50.7404 47.7258 0.904152 -3.1989 -9.95195 -52.4728
-50.7565 47.6757 0.641697 -3.23535 -10.0695 -52.5096
-50.7728 47.6251 0.379058 -3.27187 -10.1874 -52.5464
-50.7892 47.5739 0.116235 -3.30845 -10.3056 -52.5831
-50.8059 47.5221 -0.146771 -3.34511 -10.424 -52.6199
-50.8227 47.4696 -0.409961 -3.38182 -10.5428 -52.6567
-50.8397 47.4166 -0.673335 -3.41861 -10.6619 -52.6934
-50.8569 47.363 -0.936893 -3.45546 -10.7813 -52.7302
-50.8742 47.3088 -1.20063 -3.49238 -10.9011 -52.7669
-50.8918 47.254 -1.46456 -3.52937 -11.0211 -52.8036
-50.9095 47.1986 -1.72867 -3.56643 -11.1414 -52.8403
-50.9275 47.1426 -1.99296 -3.60356 -11.2621 -52.877
-50.9456 47.086 -2.25744 -3.64076 -11.3831 -52.9137
-50.9639 47.0288 -2.5221 -3.67803 -11.5044 -52.9504
-50.9823 46.9709 -2.78694 -3.71537 -11.626 -52.9871
-51.001 46.9125 -3.05196 -3.75277 -11.748 -53.0237
-51.0199 46.8535 -3.31717 -3.79025 -11.8702 -53.0604
-51.0389 46.7938 -3.58256 -3.82781 -11.9928 -53.097
-51.0582 46.7335 -3.84814 -3.86543 -12.1157 -53.1336
-51.0776 46.6726 -4.1139 -3.90312 -12.239 -53.1702
-51.0972 46.6111 -4.37984 -3.94089 -12.3625 -53.2068
-51.117 46.549 -4.64596 -3.97873 -12.4864 -53.2434
-51.137 46.4863 -4.91227 -4.01665 -12.6107 -53.28
-51.1571 46.4229 -5.17876 -4.05464 -12.7352 -53.3165
-51.1775 46.3589 -5.44543 -4.0927 -12.8601 -53.353
-51.1981 46.2943 -5.71229 -4.13083 -12.9854 -53.3895
-51.2188 46.2291 -5.97933 -4.16904 -13.111 -53.426
-51.2398 46.1632 -6.24655 -4.20733 -13.2369 -53.4625
-51.2609 46.0967 -6.51395 -4.24569 -13.3631 -53.499
-51.2822 46.0296 -6.78153 -4.28413 -13.4897 -53.5354
-51.3037 45.9618 -7.0493 -4.32264 -13.6167 -53.5719
-51.3254 45.8934 -7.31725 -4.36124 -13.744 -53.6083
-51.3473 45.8244 -7.58538 -4.39991 -13.8716 -53.6447
-51.3694 45.7547 -7.8537 -4.43865 -13.9996 -53.6811
-51.3917 45.6844 -8.12219 -4.47748 -14.128 -53.7174
-51.4142 45.6134 -8.39087 -4.51638 -14.2567 -53.7537
-51.4369 45.5418 -8.65973 -4.55536 -14.3857 -53.7901
-51.4598 45.4696 -8.92877 -4.59443 -14.5151 -53.8264
-51.4828 45.3967 -9.19799 -4.63357 -14.6449 -53.8626
-51.5061 45.3231 -9.46739 -4.67279 -14.775 -53.8989
-51.5296 45.2489 -9.73697 -4.71209 -14.9055 -53.9351
-51.5532 45.174 -10.0067 -4.75148 -15.0363 -53.9713
-51.5771 45.0985 -10.2767 -4.79095 -15.1676 -54.0075
-51.6011 45.0224 -10.5468 -4.8305 -15.2991 -54.0437
-51.6254 44.9455 -10.8171 -4.87013 -15.4311 -54.0798
-51.6498 44.8681 -11.0876 -4.90985 -15.5634 -54.1159
-51.6745 44.7899 -11.3583 -4.94965 -15.6961 -54.152
-51.6993 44.7111 -11.6291 -4.98953 -15.8292 -54.1881
-51.7244 44.6316 -11.9002 -5.0295 -15.9626 -54.2241
-51.7496 44.5515 -12.1714 -5.06956 -16.0965 -54.2601
-51.7751 44.4707 -12.4428 -5.1097 -16.2307 -54.2961
-51.8007 44.3892 -12.7143 -5.14992 -16.3652 -54.3321
-51.8266 44.307 -12.9861 -5.19024 -16.5002 -54.368
-51.8526 44.2242 -13.258 -5.23064 -16.6356 -54.4039
-51.8789 44.1407 -13.5301 -5.27113 -16.7713 -54.4398
-51.9053 44.0565 -13.8024 -5.31172 -16.9075 -54.4757
-51.932 43.9716 -14.0749 -5.35239 -17.044 -54.5115
-51.9589 43.886 -14.3475 -5.39315 -17.1809 -54.5473
-51.9859 43.7998 -14.6203 -5.434 -17.3182 -54.583
-52.0132 43.7128 -14.8933 -5.47494 -17.4559 -54.6188
-52.0407 43.6252 -15.1665 -5.51597 -17.5941 -54.6545
-52.0684 43.5369 -15.4399 -5.5571 -17.7326 -54.6902
-52.0962 43.4479 -15.7134 -5.59832 -17.8715 -54.7258
-52.1243 43.3582 -15.9871 -5.63963 -18.0108 -54.7614
-52.1526 43.2678 -16.261 -5.68104 -18.1506 -54.797
-52.1811 43.1767 -16.5351 -5.72255 -18.2907 -54.8325
-52.2099 43.0849 -16.8093 -5.76415 -18.4313 -54.8681
-52.2388 42.9924 -17.0838 -5.80584 -18.5723 -54.9035
-52.2679 42.8992 -17.3584 -5.84764 -18.7137 -54.939
-52.2973 42.8052 -17.6332 -5.88953 -18.8555 -54.9744
-52.3268 42.7106 -17.9081 -5.93152 -18.9978 -55.0098
-52.3566 42.6153 -18.1833 -5.97361 -19.1404 -55.0451
-52.3866 42.5192 -18.4586 -6.0158 -19.2835 -55.0804
-52.4167 42.4224 -18.7341 -6.05809 -19.427 -55.1157
-52.4471 42.3249 -19.0097 -6.10048 -19.571 -55.1509
-52.4777 42.2267 -19.2856 -6.14297 -19.7154 -55.1861
-52.5086 42.1278 -19.5616 -6.18557 -19.8602 -55.2213
-52.5396 42.0281 -19.8378 -6.22828 -20.0055 -55.2564
-52.5708 41.9277 -20.1141 -6.27108 -20.1512 -55.2915
-52.6023 41.8266 -20.3907 -6.31399 -20.2974 -55.3265
-52.634 41.7247 -20.6674 -6.35701 -20.444 -55.3616
-52.6659 41.6222 -20.9443 -6.40014 -20.591 -55.3965
-52.698 41.5188 -21.2214 -6.44338 -20.7386 -55.4314
-52.7303 41.4148 -21.4986 -6.48672 -20.8865 -55.4663
-52.7628 41.31 -21.776 -6.53017 -21.0349 -55.5012
-52.7956 41.2044 -22.0536 -6.57374 -21.1838 -55.536
-52.8286 41.0981 -22.3314 -6.61741 -21.3332 -55.5707
-52.8618 40.9911 -22.6093 -6.6612 -21.483 -55.6055
-52.8952 40.8833 -22.8874 -6.7051 -21.6333 -55.6401
-52.9288 40.7748 -23.1657 -6.74912 -21.784 -55.6748
-52.9627 40.6655 -23.4442 -6.79325 -21.9352 -55.7094
-52.9968 40.5554 -23.7228 -6.8375 -22.087 -55.7439
-53.0311 40.4446 -24.0016 -6.88187 -22.2391 -55.7784
-53.0656 40.333 -24.2806 -6.92635 -22.3918 -55.8128
-53.1003 40.2207 -24.5597 -6.97096 -22.545 -55.8473
-53.1353 40.1076 -24.8391 -7.01568 -22.6986 -55.8816
-53.1705 39.9937 -25.1186 -7.06053 -22.8528 -55.9159
-53.2059 39.879 -25.3982 -7.1055 -23.0074 -55.9502
-53.2415 39.7636 -25.6781 -7.15059 -23.1625 -55.9844
-53.2774 39.6474 -25.9581 -7.19581 -23.3182 -56.0186
-53.3135 39.5304 -26.2382 -7.24115 -23.4743 -56.0527
-53.3498 39.4127 -26.5186 -7.28662 -23.6309 -56.0868
-53.3864 39.2941 -26.7991 -7.33222 -23.7881 -56.1208
-53.4231 39.1748 -27.0798 -7.37795 -23.9458 -56.1547
-53.4601 39.0547 -27.3607 -7.42381 -24.104 -56.1887
-53.4974 38.9338 -27.6417 -7.4698 -24.2627 -56.2225
-53.5348 38.812 -27.9229 -7.51593 -24.4219 -56.2563
-53.5725 38.6895 -28.2042 -7.56218 -24.5817 -56.2901
-53.6105 38.5662 -28.4858 -7.60858 -24.742 -56.3238
-53.6486 38.4421 -28.7675 -7.65511 -24.9028 -56.3574
-53.687 38.3172 -29.0493 -7.70178 -25.0642 -56.391
-53.7256 38.1915 -29.3314 -7.74859 -25.2261 -56.4246
-53.7645 38.0649 -29.6136 -7.79553 -25.3886 -56.4581
-53.8036 37.9376 -29.896 -7.84263 -25.5516 -56.4915
-53.8429 37.8094 -30.1785 -7.88986 -25.7151 -56.5249
-53.8825 37.6804 -30.4612 -7.93724 -25.8793 -56.5582
-53.9223 37.5506 -30.7441 -7.98477 -26.044 -56.5914
-53.9623 37.42 -31.0271 -8.03244 -26.2092 -56.6246
-54.0026 37.2885 -31.3103 -8.08026 -26.375 -56.6578
-54.0431 37.1563 -31.5937 -8.12824 -26.5414 -56.6908
-54.0839 37.0231 -31.8772 -8.17637 -26.7084 -56.7238
-54.1249 36.8892 -32.1609 -8.22465 -26.8759 -56.7568
-54.1661 36.7544 -32.4448 -8.27308 -27.0441 -56.7897
-54.2076 36.6187 -32.7288 -8.32167 -27.2128 -56.8225
-54.2493 36.4822 -33.013 -8.37043 -27.3821 -56.8553
-54.2913 36.3449 -33.2974 -8.41934 -27.552 -56.888
-54.3335 36.2067 -33.5819 -8.46841 -27.7225 -56.9206
-54.376 36.0677 -33.8666 -8.51765 -27.8937 -56.9532
-54.4187 35.9278 -34.1514 -8.56705 -28.0654 -56.9857
-54.4617 35.787 -34.4364 -8.61662 -28.2378 -57.0181
-54.5049 35.6454 -34.7216 -8.66636 -28.4107 -57.0505
-54.5483 35.5029 -35.0069 -8.71627 -28.5843 -57.0828
-54.592 35.3596 -35.2924 -8.76635 -28.7586 -57.115
-54.636 35.2153 -35.5781 -8.81661 -28.9334 -57.1472
-54.6802 35.0702 -35.8639 -8.86704 -29.1089 -57.1793
-54.7247 34.9243 -36.1499 -8.91765 -29.2851 -57.2113
-54.7694 34.7774 -36.436 -8.96844 -29.4618 -57.2432
-54.8143 34.6296 -36.7223 -9.01942 -29.6393 -57.2751
-54.8596 34.481 -37.0087 -9.07057 -29.8174 -57.3069
-54.9051 34.3315 -37.2954 -9.12192 -29.9962 -57.3386
-54.9508 34.181 -37.5821 -9.17345 -30.1756 -57.3703
-54.9968 34.0297 -37.8691 -9.22517 -30.3557 -57.4018
-55.043 33.8775 -38.1561 -9.27708 -30.5365 -57.4333
-55.0896 33.7244 -38.4434 -9.32919 -30.718 -57.4648
-55.1363 33.5703 -38.7308 -9.3815 -30.9001 -57.4961
-55.1834 33.4154 -39.0183 -9.434 -31.083 -57.5273
-55.2307 33.2595 -39.3061 -9.48671 -31.2666 -57.5585
-55.2782 33.1027 -39.5939 -9.53962 -31.4508 -57.5896
-55.3261 32.945 -39.882 -9.59273 -31.6358 -57.6206
-55.3742 32.7863 -40.1701 -9.64605 -31.8215 -57.6515
-55.4225 32.6268 -40.4585 -9.69959 -32.0079 -57.6824
-55.4712 32.4663 -40.747 -9.75333 -32.1951 -57.7131
-55.5201 32.3048 -41.0356 -9.8073 -32.383 -57.7438
-55.5692 32.1424 -41.3244 -9.86148 -32.5716 -57.7744
-55.6187 31.9791 -41.6133 -9.91588 -32.761 -57.8049
-55.6684 31.8148 -41.9024 -9.9705 -32.9511 -57.8353
-55.7184 31.6496 -42.1917 -10.0254 -33.142 -57.8656
-55.7686 31.4834 -42.4811 -10.0804 -33.3337 -57.8958
-55.8192 31.3163 -42.7706 -10.1357 -33.5261 -57.9259
-55.87 31.1481 -43.0603 -10.1913 -33.7193 -57.9559
-55.9211 30.9791 -43.3502 -10.2471 -33.9133 -57.9858
-55.9725 30.809 -43.6402 -10.3031 -34.1082 -58.0157
-56.0241 30.638 -43.9304 -10.3593 -34.3038 -58.0454
-56.0761 30.466 -44.2207 -10.4159 -34.5002 -58.075
-56.1283 30.293 -44.5111 -10.4726 -34.6974 -58.1045
-56.1808 30.119 -44.8017 -10.5296 -34.8954 -58.134
-56.2336 29.944 -45.0924 -10.5869 -35.0943 -58.1633
-56.2866 29.7681 -45.3833 -10.6444 -35.294 -58.1925
-56.34 29.5911 -45.6744 -10.7022 -35.4946 -58.2216
-56.3937 29.4131 -45.9655 -10.7602 -35.696 -58.2506
-56.4476 29.2341 -46.2569 -10.8185 -35.8983 -58.2795
-56.5018 29.0541 -46.5483 -10.8771 -36.1014 -58.3082
-56.5564 28.8731 -46.8399 -10.936 -36.3054 -58.3369
-56.6112 28.6911 -47.1317 -10.9951 -36.5103 -58.3654
-56.6663 28.508 -47.4236 -11.0545 -36.7161 -58.3939
-56.7217 28.3239 -47.7156 -11.1142 -36.9228 -58.4222
-56.7775 28.1388 -48.0078 -11.1742 -37.1304 -58.4504
-56.8335 27.9526 -48.3001 -11.2345 -37.339 -58.4784
-56.8898 27.7654 -48.5926 -11.2951 -37.5484 -58.5063
-56.9464 27.5771 -48.8852 -11.356 -37.7588 -58.5342
-57.0034 27.3878 -49.1779 -11.4171 -37.9701 -58.5618
-57.0606 27.1974 -49.4708 -11.4786 -38.1824 -58.5894
-57.1182 27.006 -49.7638 -11.5404 -38.3956 -58.6168
-57.176 26.8135 -50.057 -11.6025 -38.6098 -58.6441
-57.2342 26.6199 -50.3503 -11.665 -38.825 -58.6712
-57.2927 26.4252 -50.6437 -11.7277 -39.0412 -58.6982
-57.3515 26.2295 -50.9372 -11.7908 -39.2584 -58.7251
-57.4106 26.0327 -51.2309 -11.8542 -39.4766 -58.7518
-57.47 25.8347 -51.5248 -11.918 -39.6958 -58.7784
-57.5297 25.6357 -51.8187 -11.982 -39.916 -58.8048
-57.5898 25.4356 -52.1128 -12.0465 -40.1373 -58.8311
-57.6502 25.2343 -52.407 -12.1113 -40.3596 -58.8573
-57.7109 25.032 -52.7014 -12.1764 -40.583 -58.8832
-57.772 24.8285 -52.9958 -12.2419 -40.8074 -58.9091
-57.8333 24.6239 -53.2905 -12.3078 -41.033 -58.9347
-57.895 24.4182 -53.5852 -12.374 -41.2596 -58.9602
-57.9571 24.2113 -53.8801 -12.4406 -41.4874 -58.9855
-58.0194 24.0033 -54.175 -12.5076 -41.7162 -59.0107
-58.0822 23.7941 -54.4702 -12.5749 -41.9462 -59.0357
-58.1452 23.5838 -54.7654 -12.6427 -42.1773 -59.0605
-58.2086 23.3724 -55.0608 -12.7108 -42.4096 -59.0851
-58.2723 23.1597 -55.3562 -12.7793 -42.643 -59.1096
-58.3364 22.946 -55.6519 -12.8483 -42.8776 -59.1339
-58.4008 22.731 -55.9476 -12.9176 -43.1134 -59.158
-58.4655 22.5148 -56.2434 -12.9874 -43.3504 -59.1819
-58.5307 22.2975 -56.5394 -13.0576 -43.5886 -59.2056
-58.5961 22.0789 -56.8355 -13.1282 -43.828 -59.2291
-58.6619 21.8592 -57.1317 -13.1992 -44.0686 -59.2524
-58.7281 21.6383 -57.428 -13.2707 -44.3105 -59.2756
-58.7946 21.4161 -57.7244 -13.3426 -44.5537 -59.2985
-58.8615 21.1927 -58.021 -13.4149 -44.7981 -59.3212
-58.9288 20.9681 -58.3177 -13.4877 -45.0438 -59.3437
-58.9964 20.7423 -58.6144 -13.561 -45.2908 -59.366
-59.0644 20.5152 -58.9113 -13.6347 -45.5391 -59.388
-59.1327 20.2869 -59.2083 -13.7089 -45.7888 -59.4098
-59.2015 20.0573 -59.5054 -13.7835 -46.0397 -59.4314
-59.2706 19.8265 -59.8026 -13.8587 -46.2921 -59.4528
-59.3401 19.5944 -60.0999 -13.9343 -46.5458 -59.4739
-59.4099 19.361 -60.3974 -14.0104 -46.8008 -59.4948
-59.4802 19.1264 -60.6949 -14.087 -47.0573 -59.5154
-59.5508 18.8905 -60.9925 -14.1641 -47.3151 -59.5358
-59.6218 18.6533 -61.2902 -14.2417 -47.5744 -59.5559
-59.6932 18.4147 -61.5881 -14.3198 -47.8351 -59.5757
-59.765 18.1749 -61.886 -14.3985 -48.0973 -59.5953
-59.8372 17.9338 -62.184 -14.4776 -48.3609 -59.6146
-59.9098 17.6913 -62.4821 -14.5573 -48.626 -59.6336
-59.9828 17.4475 -62.7803 -14.6376 -48.8926 -59.6523
-60.0561 17.2024 -63.0786 -14.7184 -49.1607 -59.6707
-60.1299 16.9559 -63.377 -14.7997 -49.4304 -59.6888
-60.2041 16.7081 -63.6755 -14.8816 -49.7016 -59.7066
-60.2788 16.4589 -63.9741 -14.964 -49.9743 -59.7241
-60.3538 16.2083 -64.2728 -15.0471 -50.2486 -59.7412
-60.4292 15.9564 -64.5715 -15.1307 -50.5245 -59.758
-60.5051 15.7031 -64.8704 -15.2149 -50.802 -59.7744
-60.5814 15.4484 -65.1693 -15.2997 -51.0812 -59.7905
-60.6581 15.1923 -65.4683 -15.385 -51.3619 -59.8063
-60.7352 14.9348 -65.7673 -15.471 -51.6444 -59.8217
-60.8128 14.6758 -66.0665 -15.5576 -51.9285 -59.8366
-60.8908 14.4155 -66.3657 -15.6449 -52.2143 -59.8512
-60.9692 14.1537 -66.665 -15.7327 -52.5019 -59.8655
-61.0481 13.8905 -66.9643 -15.8212 -52.7911 -59.8793
-61.1274 13.6258 -67.2638 -15.9104 -53.0822 -59.8926
-61.2072 13.3597 -67.5633 -16.0002 -53.375 -59.9056
-61.2874 13.092 -67.8628 -16.0906 -53.6695 -59.9181
-61.3681 12.823 -68.1624 -16.1818 -53.966 -59.9302
-61.4493 12.5524 -68.4621 -16.2736 -54.2642 -59.9418
-61.5309 12.2803 -68.7619 -16.3661 -54.5643 -59.953
-61.6129 12.0067 -69.0617 -16.4593 -54.8662 -59.9637
-61.6954 11.7317 -69.3615 -16.5532 -55.1701 -59.9739
-61.7784 11.455 -69.6614 -16.6478 -55.4759 -59.9835
-61.8619 11.1769 -69.9613 -16.7431 -55.7836 -59.9927
-61.9459 10.8972 -70.2613 -16.8392 -56.0933 -60.0013
-62.0303 10.616 -70.5613 -16.936 -56.4049 -60.0094
-62.1152 10.3332 -70.8614 -17.0335 -56.7186 -60.017
-62.2006 10.0488 -71.1615 -17.1318 -57.0343 -60.024
-62.2866 9.76283 -71.4616 -17.2309 -57.352 -60.0304
-62.373 9.47527 -71.7618 -17.3307 -57.6719 -60.0362
-62.4599 9.18611 -72.062 -17.4314 -57.9938 -60.0414
-62.5473 8.89534 -72.3622 -17.5328 -58.3178 -60.0459
-62.6352 8.60294 -72.6625 -17.6351 -58.644 -60.0499
-62.7236 8.3089 -72.9627 -17.7381 -58.9723 -60.0531
-62.8126 8.01322 -73.263 -17.842 -59.3029 -60.0558
-62.902 7.71588 -73.5633 -17.9467 -59.6357 -60.0577
-62.992 7.41686 -73.8636 -18.0523 -59.9707 -60.0589
-63.0826 7.11617 -74.1639 -18.1587 -60.308 -60.0594
-63.1736 6.81379 -74.4642 -18.2661 -60.6476 -60.0591
-63.2652 6.5097 -74.7645 -18.3742 -60.9895 -60.0581
-63.3574 6.2039 -75.0647 -18.4833 -61.3338 -60.0564
-63.45 5.89636 -75.365 -18.5933 -61.6804 -60.0538
-63.5433 5.58709 -75.6653 -18.7042 -62.0295 -60.0504
-63.6371 5.27607 -75.9655 -18.816 -62.381 -60.0462
-63.7314 4.96329 -76.2657 -18.9288 -62.735 -60.0411
-63.8264 4.64873 -76.5659 -19.0425 -63.0915 -60.0352
-63.9219 4.33238 -76.8661 -19.1571 -63.4505 -60.0283
-64.0179 4.01422 -77.1662 -19.2728 -63.812 -60.0206
-64.1146 3.69426 -77.4663 -19.3894 -64.1762 -60.0119
-64.2118 3.37246 -77.7663 -19.507 -64.5429 -60.0022
-64.3097 3.04883 -78.0663 -19.6257 -64.9123 -59.9915
-64.4081 2.72334 -78.3662 -19.7453 -65.2844 -59.9799
-64.5071 2.39599 -78.6661 -19.866 -65.6592 -59.9672
-64.6067 2.06676 -78.9659 -19.9878 -66.0367 -59.9534
-64.707 1.73563 -79.2656 -20.1106 -66.4171 -59.9385
-64.8078 1.40259 -79.5653 -20.2345 -66.8002 -59.9226
-64.9093 1.06763 -79.8649 -20.3594 -67.1862 -59.9054
-65.0114 0.730729 -80.1643 -20.4855 -67.575 -59.8871
-65.1142 0.39188 -80.4637 -20.6127 -67.9668 -59.8677
-65.2176 0.0510646 -80.763 -20.7411 -68.3615 -59.8469
-65.3216 -0.291732 -81.0622 -20.8705 -68.7592 -59.825
-65.4263 -0.636525 -81.3613 -21.0012 -69.1599 -59.8017
-65.5316 -0.983328 -81.6602 -21.133 -69.5637 -59.7771
-65.6376 -1.33216 -81.959 -21.266 -69.9706 -59.7511
-65.7443 -1.68303 -82.2577 -21.4002 -70.3806 -59.7238
-65.8516 -2.03596 -82.5563 -21.5357 -70.7938 -59.695
-65.9596 -2.39097 -82.8547 -21.6723 -71.2102 -59.6648
-66.0683 -2.74806 -83.1529 -21.8103 -71.6298 -59.6331
-66.1777 -3.10726 -83.451 -21.9495 -72.0528 -59.5998
-66.2878 -3.46859 -83.7489 -22.09 -72.4791 -59.565
-66.3986 -3.83205 -84.0467 -22.2317 -72.9087 -59.5285
-66.5101 -4.19767 -84.3442 -22.3748 -73.3418 -59.4904
-66.6224 -4.56546 -84.6416 -22.5193 -73.7783 -59.4507
-66.7353 -4.93545 -84.9387 -22.6651 -74.2183 -59.4091
-66.849 -5.30765 -85.2356 -22.8123 -74.6619 -59.3658
-66.9634 -5.68207 -85.5324 -22.9608 -75.1091 -59.3207
-67.0786 -6.05873 -85.8289 -23.1108 -75.5599 -59.2737
-67.1945 -6.43766 -86.1251 -23.2622 -76.0143 -59.2248
-67.3112 -6.81887 -86.4211 -23.415 -76.4725 -59.174
-67.4287 -7.20239 -86.7168 -23.5693 -76.9345 -59.1211
-67.5469 -7.58822 -87.0123 -23.7251 -77.4003 -59.0662
-67.6659 -7.97639 -87.3075 -23.8824 -77.87 -59.0091
-67.7857 -8.36691 -87.6024 -24.0412 -78.3435 -58.9499
-67.9064 -8.75982 -87.897 -24.2016 -78.8211 -58.8885
-68.0278 -9.15512 -88.1913 -24.3635 -79.3027 -58.8248
-68.15 -9.55284 -88.4852 -24.527 -79.7883 -58.7587
-68.273 -9.953 -88.7789 -24.6921 -80.2781 -58.6903
-68.3969 -10.3556 -89.0721 -24.8588 -80.772 -58.6194
-68.5216 -10.7607 -89.3651 -25.0272 -81.2702 -58.546
-68.6472 -11.1683 -89.6576 -25.1972 -81.7726 -58.47
-68.7736 -11.5784 -89.9498 -25.369 -82.2794 -58.3913
-68.9009 -11.9911 -90.2415 -25.5424 -82.7906 -58.31
-69.029 -12.4063 -90.5329 -25.7176 -83.3063 -58.2258
-69.158 -12.8242 -90.8238 -25.8946 -83.8264 -58.1388
-69.288 -13.2446 -91.1143 -26.0733 -84.3511 -58.0489
-69.4188 -13.6677 -91.4043 -26.2538 -84.8805 -57.9559
-69.5505 -14.0934 -91.6938 -26.4362 -85.4145 -57.8599
-69.6831 -14.5218 -91.9829 -26.6204 -85.9533 -57.7607
-69.8167 -14.9529 -92.2714 -26.8066 -86.4969 -57.6583
-69.9512 -15.3868 -92.5594 -26.9946 -87.0453 -57.5525
-70.0866 -15.8234 -92.8469 -27.1845 -87.5987 -57.4433
-70.223 -16.2628 -93.1339 -27.3765 -88.1571 -57.3307
-70.3604 -16.705 -93.4202 -27.5704 -88.7206 -57.2144
-70.4987 -17.15 -93.706 -27.7663 -89.2892 -57.0944
-70.6381 -17.5978 -93.9912 -27.9643 -89.863 -56.9707
-70.7784 -18.0486 -94.2757 -28.1643 -90.4421 -56.843
-70.9197 -18.5023 -94.5596 -28.3664 -91.0265 -56.7114
-71.062 -18.9589 -94.8428 -28.5707 -91.6164 -56.5756
-71.2054 -19.4184 -95.1254 -28.7772 -92.2117 -56.4357
-71.3498 -19.881 -95.4072 -28.9858 -92.8126 -56.2914
-71.4953 -20.3466 -95.6883 -29.1966 -93.4191 -56.1427
-71.6418 -20.8152 -95.9686 -29.4097 -94.0313 -55.9895
-71.7894 -21.2869 -96.2482 -29.6251 -94.6493 -55.8315
-71.938 -21.7617 -96.5269 -29.8428 -95.2731 -55.6688
-72.0878 -22.2396 -96.8049 -30.0629 -95.9029 -55.5011
-72.2387 -22.7207 -97.0819 -30.2853 -96.5387 -55.3284
-72.3906 -23.205 -97.3582 -30.5101 -97.1806 -55.1504
-72.5438 -23.6925 -97.6335 -30.7374 -97.8287 -54.9671
-72.698 -24.1833 -97.9078 -30.9672 -98.4831 -54.7783
-72.8534 -24.6773 -98.1812 -31.1995 -99.1437 -54.5839
-73.01 -25.1747 -98.4537 -31.4344 -99.8108 -54.3837
-73.1678 -25.6754 -98.7251 -31.6718 -100.484 -54.1774
-73.3267 -26.1795 -98.9954 -31.9119 -101.165 -53.9651
-73.4869 -26.6871 -99.2647 -32.1547 -101.852 -53.7464
-73.6483 -27.198 -99.5329 -32.4002 -102.545 -53.5213
-73.8109 -27.7125 -99.7999 -32.6484 -103.246 -53.2895
-73.9747 -28.2305 -100.066 -32.8994 -103.953 -53.0509
-74.1399 -28.752 -100.33 -33.1532 -104.668 -52.8051
-74.3063 -29.2772 -100.594 -33.4099 -105.39 -52.5522
-74.474 -29.8059 -100.856 -33.6695 -106.118 -52.2918
-74.643 -30.3384 -101.117 -33.932 -106.855 -52.0237
-74.8133 -30.8745 -101.376 -34.1976 -107.598 -51.7477
-74.9849 -31.4143 -101.634 -34.4662 -108.35 -51.4635
-75.158 -31.958 -101.891 -34.7379 -109.108 -51.1711
-75.3323 -32.5054 -102.146 -35.0127 -109.875 -50.87
-75.5081 -33.0567 -102.4 -35.2906 -110.649 -50.56
-75.6852 -33.6119 -102.652 -35.5718 -111.431 -50.2409
-75.8638 -34.171 -102.902 -35.8563 -112.222 -49.9124
-76.0438 -34.7341 -103.151 -36.144 -113.02 -49.5742
-76.2252 -35.3012 -103.398 -36.4351 -113.827 -49.226
-76.4081 -35.8724 -103.643 -36.7296 -114.641 -48.8676
-76.5925 -36.4476 -103.886 -37.0276 -115.465 -48.4986
-76.7784 -37.027 -104.128 -37.3291 -116.296 -48.1186
-76.9658 -37.6106 -104.368 -37.6341 -117.137 -47.7275
-77.1548 -38.1984 -104.605 -37.9428 -117.986 -47.3247
-77.3452 -38.7905 -104.841 -38.2551 -118.844 -46.91
-77.5373 -39.3868 -105.074 -38.571 -119.711 -46.4829
-77.731 -39.9876 -105.306 -38.8908 -120.586 -46.0432
-77.9262 -40.5927 -105.535 -39.2143 -121.471 -45.5903
-78.1231 -41.2023 -105.762 -39.5417 -122.365 -45.124
-78.3216 -41.8163 -105.986 -39.8731 -123.269 -44.6436
-78.5218 -42.435 -106.208 -40.2083 -124.182 -44.1489
-78.7237 -43.0582 -106.427 -40.5476 -125.104 -43.6393
-78.9273 -43.686 -106.644 -40.891 -126.036 -43.1144
-79.1326 -44.3185 -106.859 -41.2384 -126.977 -42.5737
-79.3397 -44.9558 -107.07 -41.59 -127.928 -42.0166
-79.5485 -45.5978 -107.279 -41.9459 -128.889 -41.4427
-79.7591 -46.2446 -107.485 -42.306 -129.86 -40.8513
-79.9716 -46.8964 -107.687 -42.6704 -130.841 -40.2418
-80.1858 -47.5531 -107.887 -43.0392 -131.832 -39.6138
-80.402 -48.2147 -108.083 -43.4124 -132.832 -38.9666
-80.62 -48.8814 -108.277 -43.79 -133.843 -38.2995
-80.8399 -49.5531 -108.466 -44.1721 -134.864 -37.6118
-81.0617 -50.23 -108.653 -44.5588 -135.896 -36.9029
-81.2854 -50.9121 -108.835 -44.9501 -136.937 -36.172
-81.5112 -51.5994 -109.014 -45.346 -137.989 -35.4185
-81.7389 -52.292 -109.19 -45.7465 -139.051 -34.6414
-81.9686 -52.9899 -109.361 -46.1518 -140.123 -33.8401
-82.2004 -53.6932 -109.528 -46.5617 -141.205 -33.0136
-82.4343 -54.4019 -109.691 -46.9764 -142.297 -32.1611
-82.6702 -55.1162 -109.85 -47.3959 -143.4 -31.2817
-82.9082 -55.8359 -110.004 -47.8202 -144.513 -30.3745
-83.1484 -56.5613 -110.153 -48.2492 -145.635 -29.4384
-83.3907 -57.2923 -110.298 -48.6831 -146.768 -28.4725
-83.6352 -58.0289 -110.438 -49.1218 -147.91 -27.4757
-83.8819 -58.7714 -110.573 -49.5653 -149.061 -26.4468
-84.1309 -59.5195 -110.703 -50.0136 -150.222 -25.3849
-84.3821 -60.2736 -110.827 -50.4666 -151.392 -24.2886
-84.6355 -61.0335 -110.945 -50.9244 -152.571 -23.1568
-84.8913 -61.7993 -111.058 -51.3868 -153.759 -21.9882
-85.1494 -62.571 -111.165 -51.854 -154.955 -20.7815
-85.4098 -63.3488 -111.266 -52.3256 -156.158 -19.5353
-85.6726 -64.1326 -111.361 -52.8018 -157.369 -18.2482
-85.9378 -64.9225 -111.449 -53.2824 -158.588 -16.9187
-86.2055 -65.7185 -111.53 -53.7673 -159.812 -15.5453
-86.4755 -66.5206 -111.604 -54.2563 -161.043 -14.1264
-86.748 -67.3289 -111.671 -54.7493 -162.279 -12.6605
-87.023 -68.1434 -111.731 -55.2462 -163.519 -11.1458
-87.3005 -68.9641 -111.783 -55.7467 -164.764 -9.58058
-87.5805 -69.791 -111.827 -56.2507 -166.011 -7.96308
-87.863 -70.6242 -111.862 -56.7578 -167.26 -6.29145
-88.148 -71.4636 -111.889 -57.2679 -168.51 -4.56379
-88.4357 -72.3093 -111.908 -57.7805 -169.76 -2.77814
-88.7258 -73.1612 -111.917 -58.2954 -171.008 -0.932511
-89.0186 -74.0194 -111.917 -58.8122 -172.254 0.97515
-89.314 -74.8837 -111.907 -59.3304 -173.495 2.94694
-89.6119 -75.7543 -111.888 -59.8495 -174.73 4.985
-89.9125 -76.631 -111.858 -60.3692 -175.957 7.09151
-90.2156 -77.5139 -111.817 -60.8886 -177.175 9.26867
-90.5213 -78.4028 -111.765 -61.4074 -178.38 11.5187
-90.8297 -79.2977 -111.702 -61.9246 -179.572 13.844
-91.1406 -80.1985 -111.627 -62.4397 -180.747 16.2466
-91.4541 -81.1051 -111.539 -62.9517 -181.902 18.7289
-91.7701 -82.0175 -111.439 -63.4598 -183.035 21.2932
-92.0887 -82.9355 -111.326 -63.963 -184.143 23.9416
-92.4097 -83.8589 -111.2 -64.4602 -185.222 26.6764
-92.7333 -84.7877 -111.06 -64.9503 -186.269 29.4996
-93.0592 -85.7216 -110.905 -65.432 -187.28 32.4133
-93.3876 -86.6605 -110.735 -65.9039 -188.25 35.4195
-93.7183 -87.6041 -110.551 -66.3646 -189.175 38.5199
-94.0512 -88.5522 -110.35 -66.8126 -190.051 41.7161
-94.3864 -89.5046 -110.134 -67.2462 -190.872 45.0096
-94.7237 -90.4609 -109.9 -67.6635 -191.634 48.4016
-95.063 -91.4209 -109.65 -68.0627 -192.33 51.893
-95.4043 -92.3842 -109.381 -68.4418 -192.954 55.4845
-95.7474 -93.3505 -109.095 -68.7985 -193.501 59.1762
-96.0923 -94.3192 -108.79 -69.1307 -193.963 62.968
-96.4387 -95.2901 -108.465 -69.436 -194.335 66.8594
-96.7866 -96.2626 -108.121 -69.7118 -194.609 70.8492
-97.1358 -97.2362 -107.757 -69.9556 -194.777 74.9357
-97.4862 -98.2103 -107.372 -70.1647 -194.833 79.1166
-97.8375 -99.1845 -106.965 -70.3363 -194.768 83.3888
-98.1895 -100.158 -106.538 -70.4677 -194.575 87.7488
-98.5422 -101.13 -106.088 -70.5558 -194.247 92.1919
-98.8951 -102.1 -105.616 -70.5979 -193.775 96.7128
-99.2481 -103.068 -105.121 -70.591 -193.152 101.305
-99.601 -104.032 -104.603 -70.5322 -192.371 105.962
-99.9534 -104.992 -104.061 -70.4188 -191.425 110.675
-100.305 -105.946 -103.496 -70.248 -190.307 115.436
-100.656 -106.895 -102.907 -70.0172 -189.01 120.234
-101.005 -107.836 -102.294 -69.7241 -187.53 125.059
-101.353 -108.77 -101.656 -69.3666 -185.862 129.899
-101.699 -109.695 -100.995 -68.9426 -184.002 134.74
-102.043 -110.61 -100.309 -68.4506 -181.946 139.571
-102.384 -111.515 -99.5992 -67.8894 -179.694 144.377
-102.722 -112.407 -98.8654 -67.2581 -177.245 149.144
-103.056 -113.287 -98.1078 -66.5563 -174.599 153.856
-103.387 -114.153 -97.3268 -65.784 -171.759 158.498
-103.714 -115.005 -96.5228 -64.9418 -168.728 163.056
-104.036 -115.84 -95.6963 -64.0305 -165.51 167.515
-104.354 -116.66 -94.8477 -63.0517 -162.113 171.859
-104.667 -117.462 -93.9777 -62.0074 -158.543 176.075
-104.974 -118.245 -93.087 -60.9 -154.81 180.148
-105.276 -119.01 -92.1763 -59.7325 -150.924 184.066
-105.572 -119.755 -91.2463 -58.5083 -146.896 187.818
-105.861 -120.479 -90.2981 -57.231 -142.738 191.393
-106.144 -121.182 -89.3324 -55.9047 -138.463 194.782
-106.42 -121.863 -88.3503 -54.5339 -134.084 197.976
-106.689 -122.523 -87.3527 -53.1231 -129.617 200.97
-106.951 -123.16 -86.3406 -51.6771 -125.075 203.759
-107.206 -123.774 -85.3151 -50.2008 -120.473 206.338
-107.453 -124.364 -84.2772 -48.699 -115.826 208.707
-107.693 -124.932 -83.228 -47.1768 -111.147 210.864
-107.925 -125.476 -82.1685 -45.6389 -106.451 212.811
-108.15 -125.996 -81.0999 -44.0901 -101.75 214.549
-108.366 -126.493 -80.023 -42.535 -97.0588 216.082
-108.575 -126.967 -78.939 -40.9779 -92.3878 217.415
-108.776 -127.417 -77.8489 -39.4228 -87.7486 218.552
-108.969 -127.845 -76.7535 -37.8738 -83.1517 219.5
-109.155 -128.249 -75.6539 -36.3344 -78.6065 220.265
-109.332 -128.631 -74.5508 -34.8078 -74.1215 220.855
-109.503 -128.99 -73.4453 -33.297 -69.7044 221.278
-109.665 -129.328 -72.3381 -31.8049 -65.3618 221.542
-109.821 -129.644 -71.2299 -30.3337 -61.0996 221.655
-109.969 -129.939 -70.1215 -28.8855 -56.9228 221.625
-110.11 -130.213 -69.0136 -27.4622 -52.8356 221.462
-110.243 -130.467 -67.9069 -26.0654 -48.8412 221.173
-110.37 -130.701 -66.8019 -24.6964 -44.9425 220.767
-110.49 -130.916 -65.6992 -23.3561 -41.1413 220.251
-110.604 -131.113 -64.5993 -22.0455 -37.4392 219.635
-110.711 -131.291 -63.5028 -20.7653 -33.8369 218.925
-110.811 -131.451 -62.4101 -19.5158 -30.3349 218.129
-110.906 -131.594 -61.3215 -18.2974 -26.9331 217.254
-110.994 -131.72 -60.2375 -17.1102 -23.6309 216.306
-111.077 -131.83 -59.1584 -15.9542 -20.4275 215.293
-111.154 -131.925 -58.0846 -14.8294 -17.322 214.22
-111.225 -132.004 -57.0162 -13.7354 -14.3128 213.093
-111.291 -132.068 -55.9536 -12.672 -11.3984 211.916
-111.352 -132.118 -54.8971 -11.6389 -8.57695 210.697
-111.408 -132.154 -53.8467 -10.6355 -5.84663 209.438
-111.458 -132.176 -52.8027 -9.66136 -3.20535 208.145
-111.504 -132.186 -51.7652 -8.71593 -0.65096 206.821
-111.546 -132.183 -50.7344 -7.7986 1.81875 205.471
-111.582 -132.167 -49.7105 -6.90875 4.20604 204.098
-111.615 -132.141 -48.6935 -6.04575 6.51322 202.705
-111.643 -132.102 -47.6834 -5.20891 8.74261 201.295
-111.667 -132.053 -46.6805 -4.39757 10.8965 199.872
-111.687 -131.993 -45.6847 -3.61105 12.9773 198.437
-111.703 -131.923 -44.6961 -2.84865 14.9872 196.993
-111.715 -131.843 -43.7148 -2.10968 16.9285 195.542
-111.724 -131.754 -42.7407 -1.39347 18.8035 194.087
-111.729 -131.655 -41.7739 -0.699337 20.6143 192.628
-111.731 -131.548 -40.8144 -0.0266053 22.3632 191.168
-111.729 -131.432 -39.8622 0.625383 24.0521 189.709
-111.725 -131.307 -38.9173 1.25728 25.6833 188.251
-111.717 -131.175 -37.9797 1.86971 27.2586 186.796
-111.706 -131.035 -37.0494 2.46331 28.78 185.345
-111.692 -130.887 -36.1263 3.03868 30.2495 183.899
-111.676 -130.732 -35.2104 3.59641 31.6688 182.459
-111.656 -130.57 -34.3017 4.13709 33.0397 181.026
-111.634 -130.402 -33.4001 4.66127 34.364 179.601
-111.61 -130.227 -32.5057 5.16949 35.6433 178.183
-111.583 -130.045 -31.6183 5.66229 36.8793 176.775
-111.553 -129.858 -30.7379 6.14018 38.0733 175.376
-111.521 -129.665 -29.8645 6.60365 39.2271 173.987
-111.487 -129.466 -28.9981 7.05319 40.3419 172.608
-111.451 -129.261 -28.1385 7.48926 41.4193 171.239
-111.412 -129.052 -27.2857 7.91231 42.4605 169.882
-111.371 -128.837 -26.4396 8.32277 43.4668 168.536
-111.329 -128.617 -25.6003 8.72107 44.4394 167.201
-111.284 -128.392 -24.7676 9.1076 45.3797 165.878
-111.238 -128.163 -23.9415 9.48276 46.2886 164.567
-111.189 -127.929 -23.122 9.84692 47.1674 163.268
-111.139 -127.691 -22.3089 10.2005 48.017 161.981
-111.087 -127.449 -21.5022 10.5437 48.8386 160.706
-111.034 -127.203 -20.7018 10.877 49.633 159.443
-110.979 -126.953 -19.9077 11.2007 50.4013 158.193
-110.922 -126.699 -19.1199 11.5151 51.1444 156.954
-110.864 -126.441 -18.3382 11.8205 51.863 155.728
-110.804 -126.18 -17.5626 12.1172 52.5581 154.515
-110.742 -125.916 -16.793 12.4054 53.2305 153.313
-110.68 -125.648 -16.0295 12.6856 53.881 152.124
-110.615 -125.377 -15.2718 12.9578 54.5102 150.947
-110.55 -125.103 -14.52 13.2223 55.1189 149.782
-110.483 -124.826 -13.774 13.4795 55.7079 148.629
-110.415 -124.546 -13.0337 13.7295 56.2777 147.487
-110.346 -124.263 -12.2991 13.9726 56.8291 146.358
-110.275 -123.978 -11.5701 14.2089 57.3626 145.241
-110.204 -123.689 -10.8467 14.4387 57.8787 144.135
-110.131 -123.399 -10.1288 14.6623 58.3782 143.04
-110.057 -123.106 -9.41632 14.8797 58.8615 141.957
-109.982 -122.81 -8.70922 15.0911 59.3292 140.886
-109.906 -122.512 -8.00746 15.2968 59.7818 139.825
-109.829 -122.212 -7.31098 15.497 60.2197 138.776
-109.751 -121.91 -6.61971 15.6917 60.6434 137.737
-109.672 -121.606 -5.9336 15.8812 61.0534 136.71
-109.593 -121.3 -5.25261 16.0657 61.4501 135.693
-109.512 -120.991 -4.57668 16.2451 61.834 134.687
-109.43 -120.681 -3.90575 16.4198 62.2054 133.691
-109.348 -120.369 -3.23977 16.5899 62.5648 132.705
-109.264 -120.056 -2.5787 16.7554 62.9124 131.73
-109.18 -119.74 -1.92247 16.9165 63.2487 130.765
-109.095 -119.423 -1.27105 17.0734 63.574 129.81
-109.009 -119.104 -0.624378 17.2262 63.8887 128.864
-108.923 -118.784 0.0175909 17.3749 64.1931 127.928
-108.836 -118.463 0.654905 17.5197 64.4874 127.002
-108.748 -118.139 1.28761 17.6608 64.772 126.085
-108.659 -117.815 1.91576 17.7982 65.0473 125.178
-108.57 -117.489 2.53939 17.9319 65.3133 124.28
-108.48 -117.162 3.15855 18.0622 65.5705 123.39
-108.389 -116.833 3.77329 18.1892 65.8191 122.51
-108.298 -116.503 4.38365 18.3128 66.0594 121.639
-108.206 -116.173 4.98968 18.4332 66.2915 120.776
-108.113 -115.841 5.59141 18.5505 66.5158 119.922
-108.02 -115.507 6.18889 18.6648 66.7324 119.076
-107.927 -115.173 6.78216 18.7761 66.9416 118.238
-107.833 -114.838 7.37127 18.8845 67.1436 117.409
-107.738 -114.502 7.95625 18.9902 67.3386 116.588
-107.643 -114.165 8.53715 19.0931 67.5267 115.775
-107.547 -113.827 9.114 19.1934 67.7083 114.969
-107.451 -113.488 9.68684 19.2911 67.8834 114.172
-107.354 -113.148 10.2557 19.3863 68.0522 113.382
-107.257 -112.807 10.8207 19.479 68.215 112.599
-107.159 -112.466 11.3817 19.5694 68.3718 111.824
-107.061 -112.123 11.9389 19.6574 68.5229 111.057
-106.963 -111.78 12.4923 19.7432 68.6684 110.296
-106.864 -111.437 13.0419 19.8267 68.8085 109.543
-106.764 -111.092 13.5877 19.9081 68.9433 108.797
-106.665 -110.747 14.1298 19.9874 69.0729 108.057
-106.565 -110.401 14.6683 20.0647 69.1975 107.325
-106.464 -110.055 15.2031 20.1399 69.3172 106.599
-106.363 -109.708 15.7343 20.2133 69.4322 105.88
-106.262 -109.361 16.2619 20.2847 69.5425 105.167
-106.16 -109.013 16.7859 20.3542 69.6484 104.461
-106.058 -108.664 17.3065 20.422 69.7498 103.761
-105.956 -108.315 17.8235 20.488 69.847 103.068
-105.853 -107.966 18.3372 20.5522 69.94 102.38
-105.751 -107.616 18.8473 20.6148 70.029 101.699
-105.647 -107.266 19.3541 20.6757 70.114 101.024
-105.544 -106.915 19.8576 20.7351 70.1951 100.355
-105.44 -106.564 20.3577 20.7928 70.2726 99.6912
-105.336 -106.212 20.8545 20.8491 70.3463 99.0335
-105.231 -105.86 21.348 20.9038 70.4165 98.3815
-105.127 -105.508 21.8383 20.9571 70.4832 97.7351
-105.022 -105.155 22.3254 21.0089 70.5466 97.0943
-104.917 -104.802 22.8092 21.0594 70.6066 96.4589
-104.811 -104.449 23.29 21.1085 70.6634 95.8289
-104.706 -104.096 23.7675 21.1563 70.7171 95.2042
-104.6 -103.742 24.242 21.2027 70.7677 94.5847
-104.494 -103.388 24.7134 21.2479 70.8153 93.9705
-104.387 -103.034 25.1817 21.2919 70.86 93.3613
-104.281 -102.68 25.647 21.3346 70.9019 92.7572
-104.174 -102.325 26.1093 21.3762 70.9409 92.158
-104.067 -101.97 26.5686 21.4166 70.9773 91.5637
-103.96 -101.615 27.0249 21.4558 71.011 90.9743
-103.852 -101.26 27.4783 21.4939 71.0422 90.3897
-103.745 -100.905 27.9288 21.531 71.0708 89.8097
-103.637 -100.549 28.3764 21.567 71.097 89.2344
-103.529 -100.194 28.8211 21.6019 71.1208 88.6637
-103.421 -99.8381 29.263 21.6358 71.1422 88.0976
-103.313 -99.4824 29.7021 21.6687 71.1613 87.5359
-103.204 -99.1265 30.1384 21.7007 71.1782 86.9786
-103.096 -98.7706 30.5719 21.7317 71.193 86.4257
-102.987 -98.4146 31.0027 21.7617 71.2056 85.8771
-102.878 -98.0585 31.4307 21.7908 71.2161 85.3327
-102.769 -97.7024 31.856 21.8191 71.2246 84.7925
-102.66 -97.3463 32.2786 21.8464 71.231 84.2565
-102.551 -96.9901 32.6985 21.8729 71.2356 83.7246
-102.441 -96.6339 33.1158 21.8985 71.2382 83.1966
-102.332 -96.2777 33.5305 21.9234 71.239 82.6727
-102.222 -95.9215 33.9426 21.9474 71.238 82.1528
-102.112 -95.5654 34.352 21.9706 71.2353 81.6367
-102.002 -95.2092 34.7589 21.993 71.2307 81.1244
-101.892 -94.853 35.1633 22.0147 71.2245 80.616
-101.782 -94.4969 35.5651 22.0356 71.2167 80.1113
-101.672 -94.1409 35.9644 22.0558 71.2072 79.6103
-101.562 -93.7849 36.3612 22.0752 71.1962 79.1129
-101.451 -93.4289 36.7555 22.094 71.1836 78.6192
-101.341 -93.073 37.1474 22.1121 71.1695 78.129
-101.23 -92.7172 37.5368 22.1295 71.1539 77.6424
-101.119 -92.3615 37.9238 22.1462 71.1369 77.1592
-101.009 -92.0059 38.3084 22.1623 71.1184 76.6795
-100.898 -91.6503 38.6906 22.1777 71.0986 76.2032
-100.787 -91.2949 39.0704 22.1925 71.0774 75.7303
-100.676 -90.9395 39.4479 22.2067 71.055 75.2607
-100.565 -90.5843 39.823 22.2203 71.0312 74.7944
-100.454 -90.2292 40.1958 22.2333 71.0061 74.3313
-100.342 -89.8743 40.5663 22.2457 70.9799 73.8714
-100.231 -89.5194 40.9346 22.2575 70.9524 73.4147
-100.12 -89.1647 41.3005 22.2688 70.9237 72.9612
-100.008 -88.8102 41.6642 22.2795 70.8939 72.5107
-99.897 -88.4558 42.0256 22.2897 70.8629 72.0633
-99.7856 -88.1016 42.3848 22.2994 70.8309 71.619
-99.674 -87.7475 42.7418 22.3085 70.7977 71.1776
-99.5625 -87.3936 43.0966 22.3171 70.7635 70.7392
-99.4509 -87.0399 43.4492 22.3252 70.7283 70.3037
-99.3392 -86.6863 43.7996 22.3328 70.6921 69.8712
-99.2275 -86.3329 44.1479 22.34 70.6548 69.4414
-99.1158 -85.9798 44.494 22.3466 70.6166 69.0146
-99.0041 -85.6268 44.838 22.3528 70.5774 68.5905
-98.8923 -85.274 45.1799 22.3586 70.5373 68.1692
-98.7805 -84.9214 45.5197 22.3639 70.4963 67.7506
-98.6687 -84.569 45.8574 22.3687 70.4544 67.3348
-98.5568 -84.2168 46.1931 22.3731 70.4117 66.9216
-98.4449 -83.8649 46.5266 22.3771 70.3681 66.5111
-98.333 -83.5132 46.8582 22.3806 70.3236 66.1032
-98.2211 -83.1617 47.1877 22.3837 70.2783 65.6979
-98.1092 -82.8104 47.5152 22.3864 70.2323 65.2952
-97.9973 -82.4593 47.8406 22.3888 70.1854 64.895
-97.8853 -82.1085 48.1641 22.3907 70.1378 64.4974
-97.7733 -81.758 48.4856 22.3922 70.0895 64.1022
-97.6614 -81.4076 48.8051 22.3934 70.0404 63.7095
-97.5494 -81.0576 49.1227 22.3941 69.9906 63.3192
-97.4374 -80.7077 49.4383 22.3945 69.94 62.9314
-97.3255 -80.3582 49.752 22.3946 69.8888 62.5459
-97.2135 -80.0088 50.0638 22.3943 69.837 62.1628
-97.1015 -79.6598 50.3736 22.3936 69.7844 61.782
-96.9896 -79.311 50.6816 22.3926 69.7313 61.4036
-96.8776 -78.9625 50.9877 22.3912 69.6775 61.0274
-96.7656 -78.6142 51.2919 22.3895 69.6231 60.6535
-96.6537 -78.2662 51.5942 22.3875 69.568 60.2819
-96.5418 -77.9185 51.8947 22.3851 69.5124 59.9124
-96.4299 -77.5711 52.1933 22.3824 69.4563 59.5452
-96.3179 -77.224 52.4901 22.3794 69.3995 59.1802
-96.2061 -76.8771 52.7851 22.3761 69.3422 58.8173
-96.0942 -76.5306 53.0783 22.3725 69.2844 58.4566
-95.9823 -76.1843 53.3697 22.3685 69.226 58.0979
-95.8705 -75.8383 53.6593 22.3643 69.1671 57.7414
-95.7587 -75.4926 53.9471 22.3598 69.1077 57.387
-95.6469 -75.1472 54.2332 22.3549 69.0479 57.0346
-95.5351 -74.8021 54.5175 22.3498 68.9875 56.6842
-95.4234 -74.4573 54.8 22.3444 68.9267 56.3359
-95.3117 -74.1129 55.0808 22.3388 68.8654 55.9895
-95.2 -73.7687 55.3599 22.3328 68.8036 55.6452
-95.0884 -73.4248 55.6373 22.3266 68.7414 55.3028
-94.9768 -73.0813 55.9129 22.3201 68.6788 54.9623
-94.8652 -72.738 56.1869 22.3134 68.6158 54.6238
-94.7536 -72.3951 56.4592 22.3063 68.5523 54.2871
-94.6421 -72.0525 56.7298 22.2991 68.4885 53.9524
-94.5306 -71.7102 56.9987 22.2915 68.4242 53.6195
-94.4192 -71.3683 57.266 22.2837 68.3596 53.2885
-94.3078 -71.0266 57.5316 22.2757 68.2946 52.9593
-94.1964 -70.6853 57.7955 22.2674 68.2293 52.6319
-94.0851 -70.3443 58.0579 22.2589 68.1635 52.3064
-93.9738 -70.0037 58.3186 22.2501 68.0975 51.9826
-93.8626 -69.6634 58.5777 22.2411 68.0311 51.6606
-93.7514 -69.3234 58.8352 22.2318 67.9643 51.3404
-93.6403 -68.9837 59.0911 22.2223 67.8972 51.0218
-93.5292 -68.6444 59.3454 22.2126 67.8299 50.7051
-93.4182 -68.3054 59.5982 22.2027 67.7622 50.39
-93.3072 -67.9668 59.8493 22.1925 67.6942 50.0766
-93.1962 -67.6285 60.0989 22.1821 67.6259 49.7649
-93.0854 -67.2905 60.347 22.1715 67.5573 49.4549
-92.9745 -66.9529 60.5935 22.1606 67.4885 49.1465
-92.8638 -66.6156 60.8384 22.1496 67.4194 48.8398
-92.753 -66.2787 61.0819 22.1383 67.35 48.5346
-92.6424 -65.9421 61.3238 22.1268 67.2804 48.2311
-92.5318 -65.6059 61.5642 22.1151 67.2105 47.9292
-92.4212 -65.27 61.8031 22.1031 67.1404 47.6288
-92.3107 -64.9345 62.0405 22.091 67.07 47.3301
-92.2003 -64.5993 62.2764 22.0787 66.9994 47.0329
-92.09 -64.2645 62.5108 22.0661 66.9286 46.7372
-91.9797 -63.9301 62.7437 22.0534 66.8576 46.443
-91.8694 -63.5959 62.9752 22.0404 66.7863 46.1504
-91.7592 -63.2622 63.2053 22.0272 66.7149 45.8593
-91.6491 -62.9288 63.4338 22.0139 66.6433 45.5696
-91.5391 -62.5958 63.6609 22.0003 66.5714 45.2815
-91.4291 -62.2631 63.8866 21.9865 66.4994 44.9948
-91.3192 -61.9308 64.1109 21.9726 66.4272 44.7095
-91.2094 -61.5988 64.3337 21.9584 66.3549 44.4257
-91.0997 -61.2672 64.5552 21.944 66.2823 44.1434
-90.99 -60.936 64.7752 21.9295 66.2096 43.8624
-90.8804 -60.6051 64.9938 21.9147 66.1368 43.5829
-90.7708 -60.2746 65.211 21.8997 66.0638 43.3047
-90.6614 -59.9445 65.4268 21.8846 65.9906 43.028
-90.552 -59.6147 65.6413 21.8692 65.9174 42.7526
-90.4427 -59.2853 65.8543 21.8537 65.8439 42.4786
-90.3334 -58.9563 66.0661 21.838 65.7704 42.2059
-90.2243 -58.6276 66.2764 21.8221 65.6967 41.9346
-90.1152 -58.2993 66.4854 21.8059 65.6229 41.6646
-90.0062 -57.9714 66.6931 21.7896 65.549 41.3959
-89.8973 -57.6438 66.8994 21.7731 65.475 41.1286
-89.7885 -57.3166 67.1043 21.7564 65.4009 40.8625
-89.6798 -56.9898 67.308 21.7395 65.3267 40.5978
-89.5711 -56.6634 67.5103 21.7224 65.2524 40.3343
-89.4625 -56.3373 67.7113 21.7052 65.178 40.072
-89.3541 -56.0116 67.911 21.6877 65.1035 39.8111
-89.2457 -55.6863 68.1094 21.67 65.029 39.5514
-89.1374 -55.3613 68.3065 21.6522 64.9543 39.2929
-89.0291 -55.0367 68.5024 21.6341 64.8796 39.0357
-88.921 -54.7125 68.6969 21.6159 64.8049 38.7797
-88.813 -54.3887 68.8902 21.5974 64.73 38.5249
-88.705 -54.0652 69.0822 21.5788 64.6552 38.2713
-88.5972 -53.7421 69.2729 21.5599 64.5802 38.0189
-88.4894 -53.4194 69.4623 21.5409 64.5053 37.7677
-88.3818 -53.0971 69.6506 21.5216 64.4302 37.5176
-88.2742 -52.7751 69.8375 21.5022 64.3552 37.2687
-88.1668 -52.4535 70.0232 21.4825 64.2801 37.021
-88.0594 -52.1323 70.2077 21.4627 64.205 36.7745
-87.9521 -51.8115 70.391 21.4426 64.1298 36.529
-87.845 -51.491 70.573 21.4224 64.0546 36.2847
-87.7379 -51.1709 70.7538 21.4019 63.9794 36.0416
-87.631 -50.8512 70.9334 21.3813 63.9042 35.7995
-87.5241 -50.5319 71.1118 21.3604 63.829 35.5586
-87.4174 -50.2129 71.289 21.3393 63.7538 35.3187
-87.3107 -49.8943 71.465 21.318 63.6786 35.0799
-87.2042 -49.5761 71.6398 21.2965 63.6034 34.8423
-87.0977 -49.2583 71.8134 21.2747 63.5281 34.6056
-86.9914 -48.9408 71.9859 21.2528 63.4529 34.3701
-86.8852 -48.6238 72.1571 21.2306 63.3778 34.1356
-86.7791 -48.3071 72.3272 21.2082 63.3026 33.9021
-86.6731 -47.9907 72.4962 21.1856 63.2274 33.6697
-86.5673 -47.6748 72.6639 21.1628 63.1523 33.4384
-86.4615 -47.3592 72.8305 21.1397 63.0772 33.208
-86.3559 -47.044 72.996 21.1164 63.0021 32.9787
-86.2503 -46.7292 73.1603 21.0928 62.9271 32.7503
-86.1449 -46.4148 73.3235 21.0691 62.8521 32.523
-86.0397 -46.1007 73.4856 21.0451 62.7771 32.2966
-85.9345 -45.787 73.6465 21.0208 62.7022 32.0713
-85.8294 -45.4737 73.8063 20.9963 62.6273 31.8469
-85.7245 -45.1607 73.9649 20.9716 62.5525 31.6234
-85.6197 -44.8481 74.1225 20.9466 62.4777 31.4009
-85.5151 -44.5359 74.2789 20.9213 62.403 31.1794
-85.4105 -44.2241 74.4343 20.8958 62.3284 30.9588
-85.3061 -43.9127 74.5885 20.8701 62.2538 30.7392
-85.2018 -43.6016 74.7417 20.844 62.1792 30.5205
-85.0977 -43.2909 74.8937 20.8177 62.1048 30.3026
-84.9936 -42.9805 75.0447 20.7912 62.0304 30.0857
-84.8897 -42.6706 75.1946 20.7644 61.956 29.8697
-84.786 -42.361 75.3434 20.7373 61.8818 29.6546
-84.6824 -42.0517 75.4911 20.7099 61.8076 29.4404
-84.5789 -41.7429 75.6378 20.6822 61.7335 29.227
-84.4756 -41.4344 75.7834 20.6543 61.6595 29.0145
-84.3723 -41.1263 75.928 20.626 61.5856 28.8029
-84.2693 -40.8185 76.0714 20.5975 61.5117 28.5921
-84.1664 -40.5112 76.2139 20.5687 61.4379 28.3822
-84.0636 -40.2042 76.3553 20.5395 61.3642 28.1731
-83.961 -39.8975 76.4956 20.5101 61.2907 27.9648
-83.8585 -39.5913 76.6349 20.4803 61.2172 27.7573
-83.7562 -39.2854 76.7732 20.4503 61.1437 27.5507
-83.654 -38.9798 76.9104 20.4199 61.0704 27.3448
-83.552 -38.6747 77.0466 20.3892 60.9972 27.1397
-83.4501 -38.3699 77.1818 20.3582 60.9241 26.9354
-83.3484 -38.0654 77.316 20.3268 60.851 26.7319
-83.2468 -37.7613 77.4491 20.2952 60.7781 26.5292
-83.1454 -37.4576 77.5813 20.2631 60.7052 26.3272
-83.0442 -37.1543 77.7124 20.2308 60.6325 26.1259
-82.9431 -36.8513 77.8425 20.1981 60.5598 25.9254
-82.8422 -36.5487 77.9717 20.165 60.4872 25.7256
-82.7415 -36.2464 78.0998 20.1316 60.4148 25.5265
-82.6409 -35.9445 78.2269 20.0979 60.3424 25.3281
-82.5405 -35.643 78.3531 20.0637 60.2701 25.1305
-82.4403 -35.3418 78.4782 20.0292 60.1979 24.9335
-82.3402 -35.041 78.6024 19.9944 60.1259 24.7372
-82.2403 -34.7406 78.7256 19.9591 60.0539 24.5415
-82.1406 -34.4405 78.8478 19.9235 59.9819 24.3466
-82.0411 -34.1408 78.9691 19.8875 59.9101 24.1522
-81.9417 -33.8414 79.0893 19.8511 59.8384 23.9585
-81.8426 -33.5424 79.2086 19.8143 59.7667 23.7655
-81.7436 -33.2437 79.327 19.7772 59.6952 23.573
-81.6448 -32.9454 79.4444 19.7396 59.6237 23.3812
-81.5462 -32.6475 79.5608 19.7017 59.5522 23.19
-81.4478 -32.3499 79.6763 19.6633 59.4809 22.9993
-81.3496 -32.0527 79.7908 19.6245 59.4096 22.8092
-81.2515 -31.7558 79.9044 19.5853 59.3384 22.6197
-81.1537 -31.4593 80.017 19.5457 59.2673 22.4308
-81.0561 -31.1631 80.1287 19.5057 59.1962 22.2424
-80.9587 -30.8673 80.2394 19.4653 59.1252 22.0545
-80.8614 -30.5719 80.3492 19.4244 59.0542 21.8671
-80.7644 -30.2768 80.4581 19.3831 58.9833 21.6803
-80.6676 -29.9821 80.566 19.3414 58.9124 21.494
-80.571 -29.6877 80.673 19.2993 58.8415 21.3081
-80.4746 -29.3936 80.7791 19.2568 58.7707 21.1227
-80.3784 -29.1 80.8842 19.2138 58.6999 20.9378
-80.2825 -28.8066 80.9885 19.1703 58.6291 20.7534
-80.1867 -28.5137 81.0918 19.1265 58.5583 20.5694
-80.0912 -28.2211 81.1942 19.0822 58.4876 20.3858
-79.9959 -27.9288 81.2956 19.0375 58.4168 20.2027
-79.9008 -27.6369 81.3962 18.9923 58.346 20.02
-79.806 -27.3453 81.4958 18.9467 58.2752 19.8376
-79.7114 -27.0541 81.5946 18.9007 58.2044 19.6557
-79.617 -26.7633 81.6924 18.8543 58.1336 19.4741
-79.5228 -26.4728 81.7893 18.8074 58.0627 19.2929
-79.4289 -26.1827 81.8853 18.7601 57.9918 19.1121
-79.3352 -25.8929 81.9804 18.7123 57.9208 18.9316
-79.2418 -25.6035 82.0746 18.6642 57.8497 18.7514
-79.1486 -25.3144 82.1679 18.6156 57.7786 18.5716
-79.0556 -25.0257 82.2604 18.5666 57.7074 18.3921
-78.9629 -24.7373 82.3519 18.5171 57.6361 18.2128
-78.8704 -24.4493 82.4425 18.4673 57.5646 18.0339
-78.7782 -24.1617 82.5322 18.4171 57.4931 17.8552
-78.6863 -23.8744 82.621 18.3664 57.4215 17.6768
-78.5946 -23.5875 82.709 18.3154 57.3497 17.4987
-78.5031 -23.3009 82.796 18.2639 57.2778 17.3208
-78.4119 -23.0147 82.8822 18.2121 57.2057 17.1432
-78.321 -22.7288 82.9674 18.1599 57.1335 16.9658
-78.2303 -22.4433 83.0518 18.1073 57.0611 16.7886
-78.1399 -22.1582 83.1353 18.0544 56.9885 16.6116
-78.0498 -21.8735 83.2179 18.0011 56.9157 16.4348
-77.9599 -21.5891 83.2997 17.9474 56.8427 16.2583
-77.8703 -21.305 83.3805 17.8934 56.7695 16.0819
-77.781 -21.0214 83.4605 17.8391 56.6961 15.9056
-77.6919 -20.7381 83.5396 17.7844 56.6224 15.7296
-77.6031 -20.4551 83.6178 17.7294 56.5485 15.5537
-77.5146 -20.1726 83.6951 17.6741 56.4743 15.3779
-77.4264 -19.8904 83.7716 17.6185 56.3999 15.2023
-77.3384 -19.6086 83.8471 17.5627 56.3251 15.0269
-77.2508 -19.3272 83.9218 17.5065 56.2501 14.8516
-77.1634 -19.0461 83.9957 17.4501 56.1748 14.6764
-77.0763 -18.7654 84.0686 17.3934 56.0992 14.5013
-76.9894 -18.4851 84.1407 17.3365 56.0232 14.3264
-76.9029 -18.2052 84.2119 17.2794 55.9469 14.1515
-76.8166 -17.9256 84.2822 17.222 55.8703 13.9768
-76.7307 -17.6465 84.3516 17.1645 55.7933 13.8022
-76.645 -17.3677 84.4202 17.1067 55.7159 13.6276
-76.5596 -17.0893 84.4879 17.0488 55.6382 13.4532
-76.4745 -16.8113 84.5547 16.9907 55.5601 13.2788
-76.3897 -16.5337 84.6207 16.9325 55.4816 13.1046
-76.3052 -16.2565 84.6858 16.8741 55.4028 12.9304
-76.221 -15.9797 84.75 16.8156 55.3235 12.7563
-76.137 -15.7033 84.8133 16.757 55.2438 12.5823
-76.0534 -15.4272 84.8758 16.6983 55.1636 12.4084
-75.97 -15.1516 84.9374 16.6395 55.0831 12.2346
-75.887 -14.8764 84.9982 16.5806 55.0021 12.0608
-75.8042 -14.6016 85.058 16.5217 54.9207 11.8872
-75.7218 -14.3272 85.117 16.4627 54.8388 11.7136
-75.6396 -14.0532 85.1752 16.4037 54.7564 11.5401
-75.5577 -13.7796 85.2324 16.3447 54.6737 11.3666
-75.4762 -13.5065 85.2888 16.2857 54.5904 11.1933
-75.3949 -13.2337 85.3444 16.2267 54.5067 11.02
-75.3139 -12.9614 85.399 16.1677 54.4224 10.8469
-75.2332 -12.6895 85.4528 16.1087 54.3378 10.6738
-75.1528 -12.418 85.5058 16.0498 54.2526 10.5008
-75.0727 -12.147 85.5578 15.991 54.1669 10.3279
-74.9929 -11.8764 85.6091 15.9322 54.0808 10.1552
-74.9134 -11.6062 85.6594 15.8736 53.9941 9.98248
-74.8342 -11.3364 85.7089 15.815 53.907 9.8099
-74.7552 -11.0671 85.7575 15.7565 53.8194 9.63743
-74.6766 -10.7982 85.8053 15.6982 53.7312 9.46508
