-75 50 25 0 0 -49
-75 49.9997 24.7548 -0.00336138 -0.102533 -49.0679
-75 49.999 24.5093 -0.00677676 -0.205333 -49.1359
-75.0001 49.9977 24.2635 -0.0102463 -0.308401 -49.2039
-75.0001 49.9959 24.0173 -0.0137702 -0.411739 -49.272
-75.0002 49.9936 23.7708 -0.0173486 -0.515346 -49.3402
-75.0003 49.9907 23.5239 -0.0209816 -0.619225 -49.4084
-75.0004 49.9874 23.2767 -0.0246694 -0.723377 -49.4766
-75.0006 49.9835 23.0291 -0.0284123 -0.827803 -49.545
-75.0007 49.9791 22.7812 -0.0322103 -0.932504 -49.6134
-75.0009 49.9742 22.533 -0.0360636 -1.03748 -49.6818
-75.0011 49.9687 22.2844 -0.0399724 -1.14274 -49.7504
-75.0013 49.9628 22.0355 -0.0439369 -1.24827 -49.8189
-75.0015 49.9562 21.7862 -0.0479572 -1.35408 -49.8876
-75.0018 49.9492 21.5366 -0.0520336 -1.46018 -49.9563
-75.002 49.9416 21.2866 -0.0561661 -1.56655 -50.025
-75.0023 49.9335 21.0364 -0.0603551 -1.67321 -50.0938
-75.0026 49.9249 20.7857 -0.0646006 -1.78016 -50.1627
-75.003 49.9157 20.5347 -0.0689029 -1.88739 -50.2317
-75.0033 49.906 20.2834 -0.0732621 -1.99491 -50.3007
-75.0037 49.8958 20.0317 -0.0776784 -2.10271 -50.3697
-75.0041 49.885 19.7797 -0.0821521 -2.21081 -50.4388
-75.0045 49.8737 19.5273 -0.0866833 -2.3192 -50.508
-75.005 49.8618 19.2746 -0.0912722 -2.42788 -50.5772
-75.0054 49.8494 19.0216 -0.0959191 -2.53686 -50.6465
-75.0059 49.8365 18.7682 -0.100624 -2.64613 -50.7159
-75.0064 49.8229 18.5144 -0.105387 -2.75569 -50.7853
-75.007 49.8089 18.2603 -0.110209 -2.86556 -50.8548
-75.0075 49.7943 18.0059 -0.11509 -2.97572 -50.9243
-75.0081 49.7791 17.7511 -0.120029 -3.08618 -50.9939
-75.0087 49.7634 17.4959 -0.125028 -3.19695 -51.0635
-75.0094 49.7472 17.2404 -0.130086 -3.30802 -51.1332
-75.01 49.7303 16.9846 -0.135203 -3.4194 -51.203
-75.0107 49.713 16.7284 -0.14038 -3.53108 -51.2728
-75.0114 49.695 16.4719 -0.145618 -3.64307 -51.3427
-75.0122 49.6765 16.215 -0.150915 -3.75536 -51.4126
-75.0129 49.6575 15.9577 -0.156273 -3.86797 -51.4826
-75.0137 49.6379 15.7001 -0.161692 -3.98089 -51.5527
-75.0146 49.6177 15.4422 -0.167172 -4.09413 -51.6228
-75.0154 49.5969 15.1839 -0.172713 -4.20767 -51.6929
-75.0163 49.5756 14.9253 -0.178315 -4.32154 -51.7631
-75.0172 49.5537 14.6663 -0.183979 -4.43572 -51.8334
-75.0181 49.5312 14.4069 -0.189705 -4.55022 -51.9038
-75.0191 49.5082 14.1472 -0.195493 -4.66505 -51.9741
-75.0201 49.4846 13.8872 -0.201343 -4.78019 -52.0446
-75.0211 49.4604 13.6268 -0.207256 -4.89566 -52.1151
-75.0222 49.4356 13.366 -0.213231 -5.01146 -52.1856
-75.0232 49.4103 13.1049 -0.21927 -5.12758 -52.2563
-75.0243 49.3844 12.8435 -0.225373 -5.24403 -52.3269
-75.0255 49.3578 12.5817 -0.231539 -5.36081 -52.3976
-75.0267 49.3308 12.3195 -0.237768 -5.47793 -52.4684
-75.0279 49.3031 12.057 -0.244062 -5.59537 -52.5392
-75.0291 49.2748 11.7941 -0.250421 -5.71315 -52.6101
-75.0304 49.2459 11.5309 -0.256844 -5.83127 -52.6811
-75.0317 49.2165 11.2673 -0.263332 -5.94973 -52.7521
-75.033 49.1864 11.0034 -0.269886 -6.06853 -52.8231
-75.0344 49.1558 10.7391 -0.276505 -6.18767 -52.8942
-75.0358 49.1246 10.4744 -0.28319 -6.30715 -52.9654
-75.0372 49.0927 10.2094 -0.289941 -6.42698 -53.0366
-75.0387 49.0603 9.94406 -0.296758 -6.54715 -53.1078
-75.0402 49.0273 9.67834 -0.303642 -6.66768 -53.1792
-75.0417 48.9936 9.41226 -0.310593 -6.78855 -53.2505
-75.0433 48.9594 9.14583 -0.317612 -6.90978 -53.3219
-75.0449 48.9245 8.87904 -0.324698 -7.03136 -53.3934
-75.0465 48.8891 8.6119 -0.331852 -7.15329 -53.4649
-75.0482 48.853 8.3444 -0.339074 -7.27559 -53.5365
-75.0499 48.8163 8.07653 -0.346365 -7.39824 -53.6081
-75.0517 48.779 7.80831 -0.353725 -7.52125 -53.6798
-75.0534 48.7411 7.53974 -0.361154 -7.64463 -53.7516
-75.0553 48.7026 7.2708 -0.368653 -7.76837 -53.8233
-75.0571 48.6634 7.0015 -0.376221 -7.89248 -53.8952
-75.059 48.6236 6.73185 -0.38386 -8.01696 -53.967
-75.061 48.5832 6.46183 -0.391569 -8.14181 -54.039
-75.0629 48.5422 6.19146 -0.399349 -8.26703 -54.111
-75.065 48.5006 5.92072 -0.4072 -8.39262 -54.183
-75.067 48.4583 5.64963 -0.415123 -8.5186 -54.2551
-75.0691 48.4154 5.37817 -0.423118 -8.64495 -54.3272
-75.0712 48.3718 5.10636 -0.431186 -8.77168 -54.3994
-75.0734 48.3277 4.83418 -0.439325 -8.89879 -54.4716
-75.0756 48.2828 4.56164 -0.447538 -9.02629 -54.5439
-75.0779 48.2374 4.28874 -0.455825 -9.15417 -54.6162
-75.0802 48.1913 4.01548 -0.464185 -9.28244 -54.6886
-75.0825 48.1446 3.74185 -0.472619 -9.41111 -54.761
-75.0849 48.0972 3.46787 -0.481128 -9.54016 -54.8335
-75.0874 48.0492 3.19352 -0.489712 -9.66961 -54.906
-75.0898 48.0005 2.91881 -0.498371 -9.79946 -54.9785
-75.0923 47.9512 2.64373 -0.507106 -9.9297 -55.0511
-75.0949 47.9012 2.3683 -0.515917 -10.0604 -55.1238
-75.0975 47.8506 2.0925 -0.524804 -10.1914 -55.1965
-75.1001 47.7993 1.81633 -0.533769 -10.3229 -55.2692
-75.1028 47.7473 1.5398 -0.542811 -10.4547 -55.342
-75.1056 47.6947 1.26291 -0.551931 -10.587 -55.4148
-75.1083 47.6415 0.985657 -0.561129 -10.7197 -55.4877
-75.1112 47.5875 0.708036 -0.570405 -10.8528 -55.5606
-75.1141 47.5329 0.430051 -0.579761 -10.9863 -55.6336
-75.117 47.4777 0.151701 -0.589196 -11.1202 -55.7066
-75.1199 47.4217 -0.127015 -0.598712 -11.2546 -55.7796
-75.123 47.3651 -0.406095 -0.608307 -11.3894 -55.8527
-75.126 47.3079 -0.685542 -0.617984 -11.5246 -55.9258
-75.1291 47.2499 -0.965354 -0.627742 -11.6602 -55.999
-75.1323 47.1913 -1.24553 -0.637582 -11.7963 -56.0722
-75.1355 47.1319 -1.52608 -0.647504 -11.9328 -56.1454
-75.1388 47.0719 -1.80699 -0.657509 -12.0697 -56.2187
-75.1421 47.0112 -2.08826 -0.667597 -12.2071 -56.2921
-75.1455 46.9499 -2.36991 -0.677769 -12.3449 -56.3654
-75.1489 46.8878 -2.65192 -0.688026 -12.4832 -56.4388
-75.1523 46.825 -2.93429 -0.698367 -12.6219 -56.5123
-75.1558 46.7616 -3.21704 -0.708793 -12.761 -56.5858
-75.1594 46.6974 -3.50015 -0.719305 -12.9006 -56.6593
-75.163 46.6326 -3.78363 -0.729904 -13.0407 -56.7328
-75.1667 46.567 -4.06748 -0.740589 -13.1812 -56.8064
-75.1704 46.5007 -4.3517 -0.751362 -13.3222 -56.8801
-75.1742 46.4338 -4.63628 -0.762223 -13.4636 -56.9537
-75.1781 46.3661 -4.92123 -0.773172 -13.6055 -57.0274
-75.182 46.2977 -5.20655 -0.78421 -13.7479 -57.1011
-75.1859 46.2286 -5.49224 -0.795338 -13.8907 -57.1749
-75.1899 46.1588 -5.7783 -0.806556 -14.034 -57.2487
-75.194 46.0883 -6.06473 -0.817864 -14.1778 -57.3225
-75.1981 46.017 -6.35153 -0.829264 -14.322 -57.3964
-75.2023 45.9451 -6.6387 -0.840756 -14.4668 -57.4703
-75.2065 45.8724 -6.92623 -0.852341 -14.612 -57.5442
-75.2108 45.799 -7.21414 -0.864018 -14.7577 -57.6182
-75.2151 45.7248 -7.50241 -0.875789 -14.9039 -57.6921
-75.2195 45.6499 -7.79106 -0.887654 -15.0506 -57.7662
-75.224 45.5743 -8.08007 -0.899615 -15.1978 -57.8402
-75.2285 45.4979 -8.36946 -0.911671 -15.3455 -57.9143
-75.2331 45.4208 -8.65922 -0.923823 -15.4937 -57.9884
-75.2378 45.343 -8.94934 -0.936072 -15.6424 -58.0625
-75.2425 45.2644 -9.23984 -0.948418 -15.7916 -58.1366
-75.2473 45.1851 -9.53071 -0.960863 -15.9413 -58.2108
-75.2521 45.105 -9.82195 -0.973406 -16.0915 -58.285
-75.257 45.0242 -10.1136 -0.986049 -16.2422 -58.3592
-75.262 44.9426 -10.4055 -0.998792 -16.3935 -58.4335
-75.267 44.8602 -10.6979 -1.01164 -16.5453 -58.5077
-75.2721 44.7771 -10.9906 -1.02458 -16.6976 -58.582
-75.2772 44.6933 -11.2837 -1.03763 -16.8504 -58.6563
-75.2825 44.6086 -11.5772 -1.05078 -17.0038 -58.7307
-75.2877 44.5232 -11.871 -1.06403 -17.1577 -58.805
-75.2931 44.437 -12.1652 -1.07739 -17.3121 -58.8794
-75.2985 44.3501 -12.4598 -1.09086 -17.4671 -58.9538
-75.304 44.2624 -12.7548 -1.10443 -17.6227 -59.0282
-75.3096 44.1739 -13.0501 -1.1181 -17.7787 -59.1026
-75.3152 44.0846 -13.3458 -1.13189 -17.9354 -59.177
-75.3209 43.9945 -13.6419 -1.14578 -18.0926 -59.2515
-75.3266 43.9037 -13.9383 -1.15978 -18.2503 -59.326
-75.3325 43.812 -14.2351 -1.17389 -18.4087 -59.4004
-75.3384 43.7196 -14.5323 -1.18812 -18.5676 -59.4749
-75.3444 43.6263 -14.8299 -1.20245 -18.727 -59.5494
-75.3504 43.5323 -15.1278 -1.21689 -18.8871 -59.6239
-75.3565 43.4375 -15.4261 -1.23145 -19.0477 -59.6985
-75.3627 43.3418 -15.7248 -1.24613 -19.2089 -59.773
-75.369 43.2454 -16.0238 -1.26091 -19.3706 -59.8475
-75.3753 43.1481 -16.3233 -1.27582 -19.533 -59.9221
-75.3817 43.05 -16.6231 -1.29084 -19.696 -59.9966
-75.3882 42.9512 -16.9232 -1.30597 -19.8595 -60.0712
-75.3948 42.8515 -17.2238 -1.32123 -20.0237 -60.1457
-75.4014 42.7509 -17.5247 -1.3366 -20.1885 -60.2203
-75.4082 42.6496 -17.826 -1.3521 -20.3539 -60.2949
-75.415 42.5474 -18.1276 -1.36771 -20.5199 -60.3694
-75.4218 42.4444 -18.4297 -1.38345 -20.6865 -60.444
-75.4288 42.3405 -18.7321 -1.39931 -20.8537 -60.5186
-75.4358 42.2358 -19.0349 -1.4153 -21.0216 -60.5931
-75.4429 42.1303 -19.338 -1.43141 -21.1901 -60.6677
-75.4501 42.0239 -19.6415 -1.44764 -21.3592 -60.7422
-75.4574 41.9167 -19.9454 -1.464 -21.529 -60.8168
-75.4648 41.8086 -20.2497 -1.48049 -21.6994 -60.8913
-75.4722 41.6997 -20.5543 -1.49711 -21.8704 -60.9658
-75.4798 41.5899 -20.8594 -1.51386 -22.0421 -61.0404
-75.4874 41.4793 -21.1647 -1.53074 -22.2145 -61.1149
-75.4951 41.3678 -21.4705 -1.54775 -22.3875 -61.1894
-75.5028 41.2554 -21.7766 -1.5649 -22.5612 -61.2638
-75.5107 41.1422 -22.0831 -1.58217 -22.7356 -61.3383
-75.5187 41.0281 -22.39 -1.59959 -22.9106 -61.4128
-75.5267 40.9131 -22.6973 -1.61714 -23.0863 -61.4872
-75.5348 40.7972 -23.0049 -1.63483 -23.2627 -61.5616
-75.5431 40.6804 -23.3129 -1.65265 -23.4398 -61.636
-75.5514 40.5628 -23.6213 -1.67062 -23.6176 -61.7104
-75.5598 40.4443 -23.93 -1.68872 -23.7961 -61.7847
-75.5682 40.3248 -24.2391 -1.70697 -23.9753 -61.8591
-75.5768 40.2045 -24.5486 -1.72537 -24.1552 -61.9334
-75.5855 40.0833 -24.8584 -1.7439 -24.3358 -62.0076
-75.5943 39.9612 -25.1687 -1.76258 -24.5171 -62.0819
-75.6031 39.8381 -25.4793 -1.78141 -24.6992 -62.1561
-75.6121 39.7142 -25.7902 -1.80039 -24.8819 -62.2303
-75.6211 39.5893 -26.1016 -1.81951 -25.0654 -62.3044
-75.6303 39.4635 -26.4133 -1.83879 -25.2497 -62.3785
-75.6395 39.3368 -26.7253 -1.85822 -25.4347 -62.4526
-75.6489 39.2092 -27.0378 -1.8778 -25.6204 -62.5267
-75.6583 39.0806 -27.3506 -1.89754 -25.8069 -62.6007
-75.6678 38.9511 -27.6638 -1.91743 -25.9942 -62.6746
-75.6775 38.8207 -27.9774 -1.93748 -26.1822 -62.7485
-75.6872 38.6893 -28.2913 -1.95769 -26.371 -62.8224
-75.697 38.5569 -28.6056 -1.97805 -26.5606 -62.8962
-75.707 38.4237 -28.9202 -1.99858 -26.751 -62.97
-75.717 38.2894 -29.2353 -2.01927 -26.9421 -63.0437
-75.7272 38.1542 -29.5507 -2.04013 -27.1341 -63.1174
-75.7374 38.0181 -29.8665 -2.06115 -27.3268 -63.191
-75.7478 37.881 -30.1826 -2.08234 -27.5204 -63.2645
-75.7583 37.7429 -30.4991 -2.1037 -27.7147 -63.338
-75.7688 37.6038 -30.816 -2.12522 -27.9099 -63.4115
-75.7795 37.4638 -31.1332 -2.14692 -28.1059 -63.4848
-75.7903 37.3228 -31.4508 -2.16879 -28.3028 -63.5581
-75.8012 37.1808 -31.7688 -2.19084 -28.5004 -63.6314
-75.8122 37.0378 -32.0871 -2.21306 -28.699 -63.7045
-75.8233 36.8938 -32.4058 -2.23546 -28.8983 -63.7776
-75.8346 36.7488 -32.7249 -2.25804 -29.0986 -63.8507
-75.8459 36.6028 -33.0443 -2.2808 -29.2997 -63.9236
-75.8574 36.4558 -33.3641 -2.30374 -29.5016 -63.9965
-75.8689 36.3078 -33.6843 -2.32687 -29.7045 -64.0693
-75.8806 36.1587 -34.0048 -2.35018 -29.9082 -64.142
-75.8924 36.0087 -34.3257 -2.37368 -30.1128 -64.2146
-75.9044 35.8576 -34.647 -2.39737 -30.3183 -64.2871
-75.9164 35.7055 -34.9686 -2.42125 -30.5247 -64.3596
-75.9286 35.5524 -35.2906 -2.44532 -30.732 -64.4319
-75.9409 35.3982 -35.6129 -2.46959 -30.9403 -64.5042
-75.9533 35.243 -35.9356 -2.49405 -31.1494 -64.5763
-75.9658 35.0867 -36.2587 -2.51871 -31.3595 -64.6484
-75.9785 34.9294 -36.5821 -2.54358 -31.5705 -64.7203
-75.9912 34.771 -36.9059 -2.56864 -31.7825 -64.7922
-76.0041 34.6115 -37.23 -2.59391 -31.9955 -64.8639
-76.0172 34.451 -37.5545 -2.61938 -32.2094 -64.9355
-76.0303 34.2895 -37.8794 -2.64506 -32.4242 -65.007
-76.0436 34.1268 -38.2046 -2.67095 -32.6401 -65.0784
-76.057 33.9631 -38.5302 -2.69706 -32.8569 -65.1496
-76.0706 33.7982 -38.8561 -2.72337 -33.0747 -65.2208
-76.0843 33.6323 -39.1824 -2.7499 -33.2935 -65.2918
-76.0981 33.4653 -39.509 -2.77665 -33.5134 -65.3627
-76.112 33.2972 -39.836 -2.80362 -33.7342 -65.4334
-76.1261 33.1279 -40.1633 -2.83081 -33.9561 -65.504
-76.1404 32.9576 -40.491 -2.85823 -34.179 -65.5745
-76.1547 32.7862 -40.8191 -2.88587 -34.403 -65.6448
-76.1692 32.6136 -41.1475 -2.91374 -34.628 -65.715
-76.1839 32.4399 -41.4762 -2.94184 -34.854 -65.785
-76.1986 32.265 -41.8053 -2.97017 -35.0811 -65.8548
-76.2136 32.0891 -42.1348 -2.99874 -35.3094 -65.9245
-76.2286 31.9119 -42.4646 -3.02754 -35.5386 -65.9941
-76.2438 31.7337 -42.7947 -3.05659 -35.769 -66.0635
-76.2592 31.5543 -43.1252 -3.08587 -36.0005 -66.1327
-76.2747 31.3737 -43.456 -3.1154 -36.2331 -66.2017
-76.2903 31.1919 -43.7872 -3.14518 -36.4668 -66.2705
-76.3061 31.009 -44.1188 -3.1752 -36.7017 -66.3392
-76.3221 30.8249 -44.4506 -3.20548 -36.9377 -66.4077
-76.3382 30.6396 -44.7828 -3.23601 -37.1748 -66.476
-76.3544 30.4532 -45.1154 -3.2668 -37.4132 -66.5441
-76.3709 30.2655 -45.4483 -3.29785 -37.6526 -66.612
-76.3874 30.0766 -45.7815 -3.32916 -37.8933 -66.6797
-76.4042 29.8866 -46.1151 -3.36073 -38.1351 -66.7471
-76.421 29.6953 -46.449 -3.39257 -38.3782 -66.8144
-76.4381 29.5028 -46.7832 -3.42468 -38.6225 -66.8815
-76.4553 29.3091 -47.1178 -3.45706 -38.8679 -66.9483
-76.4726 29.1141 -47.4527 -3.48972 -39.1146 -67.0149
-76.4902 28.9179 -47.7879 -3.52265 -39.3626 -67.0812
-76.5079 28.7205 -48.1235 -3.55587 -39.6118 -67.1474
-76.5257 28.5218 -48.4594 -3.58937 -39.8623 -67.2133
-76.5438 28.3219 -48.7956 -3.62315 -40.114 -67.2789
-76.562 28.1207 -49.1322 -3.65723 -40.3671 -67.3443
-76.5803 27.9182 -49.4691 -3.6916 -40.6214 -67.4094
-76.5989 27.7144 -49.8063 -3.72626 -40.8771 -67.4742
-76.6176 27.5094 -50.1438 -3.76122 -41.134 -67.5388
-76.6365 27.3031 -50.4817 -3.79648 -41.3923 -67.6031
-76.6556 27.0955 -50.8199 -3.83205 -41.652 -67.6672
-76.6748 26.8866 -51.1583 -3.86792 -41.913 -67.7309
-76.6942 26.6764 -51.4972 -3.9041 -42.1753 -67.7943
-76.7139 26.4648 -51.8363 -3.9406 -42.4391 -67.8575
-76.7336 26.252 -52.1757 -3.97742 -42.7042 -67.9203
-76.7536 26.0378 -52.5155 -4.01456 -42.9708 -67.9828
-76.7738 25.8223 -52.8556 -4.05202 -43.2387 -68.0451
-76.7941 25.6054 -53.1959 -4.08981 -43.5081 -68.1069
-76.8147 25.3872 -53.5366 -4.12792 -43.779 -68.1685
-76.8354 25.1676 -53.8776 -4.16638 -44.0513 -68.2297
-76.8564 24.9467 -54.2189 -4.20517 -44.3251 -68.2905
-76.8775 24.7244 -54.5605 -4.2443 -44.6003 -68.351
-76.8988 24.5007 -54.9024 -4.28378 -44.8771 -68.4112
-76.9203 24.2756 -55.2446 -4.32361 -45.1554 -68.4709
-76.942 24.0491 -55.5871 -4.36379 -45.4352 -68.5303
-76.964 23.8212 -55.9299 -4.40432 -45.7165 -68.5893
-76.9861 23.5919 -56.273 -4.44522 -45.9994 -68.648
-77.0084 23.3612 -56.6164 -4.48648 -46.2839 -68.7062
-77.0309 23.1291 -56.9601 -4.52811 -46.5699 -68.764
-77.0537 22.8955 -57.3041 -4.57011 -46.8576 -68.8214
-77.0766 22.6605 -57.6483 -4.61249 -47.1468 -68.8783
-77.0998 22.4241 -57.9928 -4.65525 -47.4377 -68.9349
-77.1232 22.1862 -58.3377 -4.69839 -47.7303 -68.991
-77.1468 21.9468 -58.6828 -4.74192 -48.0245 -69.0466
-77.1706 21.7059 -59.0281 -4.78584 -48.3204 -69.1018
-77.1946 21.4636 -59.3738 -4.83017 -48.618 -69.1565
-77.2189 21.2197 -59.7197 -4.87489 -48.9173 -69.2107
-77.2434 20.9744 -60.0659 -4.92002 -49.2183 -69.2645
-77.2681 20.7275 -60.4123 -4.96556 -49.5211 -69.3177
-77.2931 20.4792 -60.7591 -5.01152 -49.8256 -69.3704
-77.3182 20.2293 -61.106 -5.05789 -50.1319 -69.4227
-77.3436 19.9779 -61.4533 -5.1047 -50.44 -69.4743
-77.3693 19.7249 -61.8008 -5.15193 -50.7499 -69.5255
-77.3951 19.4704 -62.1485 -5.19959 -51.0617 -69.5761
-77.4213 19.2143 -62.4965 -5.2477 -51.3753 -69.6261
-77.4476 18.9566 -62.8448 -5.29625 -51.6907 -69.6756
-77.4742 18.6974 -63.1933 -5.34525 -52.0081 -69.7245
-77.5011 18.4365 -63.542 -5.3947 -52.3274 -69.7728
-77.5282 18.1741 -63.891 -5.44461 -52.6486 -69.8205
-77.5555 17.91 -64.2402 -5.49499 -52.9717 -69.8676
-77.5831 17.6444 -64.5897 -5.54584 -53.2968 -69.914
-77.611 17.3771 -64.9394 -5.59716 -53.6238 -69.9598
-77.6391 17.1081 -65.2893 -5.64896 -53.9529 -70.005
-77.6675 16.8375 -65.6394 -5.70124 -54.284 -70.0495
-77.6961 16.5653 -65.9898 -5.75402 -54.6171 -70.0933
-77.725 16.2914 -66.3404 -5.80729 -54.9523 -70.1364
-77.7542 16.0158 -66.6912 -5.86107 -55.2896 -70.1789
-77.7836 15.7385 -67.0422 -5.91535 -55.629 -70.2206
-77.8133 15.4595 -67.3934 -5.97014 -55.9704 -70.2615
-77.8433 15.1788 -67.7448 -6.02545 -56.3141 -70.3017
-77.8736 14.8963 -68.0964 -6.08128 -56.6598 -70.3412
-77.9041 14.6122 -68.4482 -6.13764 -57.0078 -70.3799
-77.935 14.3263 -68.8002 -6.19453 -57.358 -70.4178
-77.9661 14.0386 -69.1524 -6.25197 -57.7103 -70.4548
-77.9975 13.7492 -69.5047 -6.30995 -58.065 -70.4911
-78.0292 13.4579 -69.8573 -6.36848 -58.4219 -70.5265
-78.0612 13.1649 -70.21 -6.42756 -58.781 -70.561
-78.0935 12.8701 -70.5629 -6.48721 -59.1425 -70.5946
-78.126 12.5735 -70.9159 -6.54743 -59.5063 -70.6274
-78.1589 12.2751 -71.2692 -6.60823 -59.8725 -70.6592
-78.1921 11.9748 -71.6225 -6.66961 -60.241 -70.6901
-78.2256 11.6727 -71.9761 -6.73157 -60.612 -70.7201
-78.2594 11.3687 -72.3297 -6.79413 -60.9853 -70.749
-78.2936 11.0628 -72.6835 -6.85729 -61.3612 -70.777
-78.328 10.7551 -73.0375 -6.92106 -61.7394 -70.8039
-78.3628 10.4454 -73.3916 -6.98544 -62.1202 -70.8299
-78.3979 10.1339 -73.7458 -7.05044 -62.5035 -70.8547
-78.4333 9.82038 -74.1001 -7.11607 -62.8894 -70.8785
-78.469 9.50497 -74.4546 -7.18233 -63.2778 -70.9011
-78.5051 9.1876 -74.8091 -7.24924 -63.6688 -70.9227
-78.5415 8.86828 -75.1638 -7.3168 -64.0624 -70.943
-78.5783 8.54698 -75.5186 -7.38501 -64.4587 -70.9622
-78.6154 8.22369 -75.8734 -7.45389 -64.8577 -70.9802
-78.6528 7.8984 -76.2284 -7.52344 -65.2594 -70.997
-78.6906 7.5711 -76.5834 -7.59367 -65.6638 -71.0125
-78.7287 7.24177 -76.9385 -7.66458 -66.0709 -71.0267
-78.7672 6.91039 -77.2937 -7.73619 -66.4809 -71.0396
-78.8061 6.57696 -77.6489 -7.80851 -66.8936 -71.0512
-78.8453 6.24145 -78.0042 -7.88153 -67.3092 -71.0614
-78.8849 5.90387 -78.3595 -7.95528 -67.7277 -71.0702
-78.9249 5.56418 -78.7149 -8.02975 -68.1491 -71.0776
-78.9652 5.22237 -79.0703 -8.10496 -68.5735 -71.0836
-79.0059 4.87844 -79.4257 -8.18091 -69.0008 -71.088
-79.047 4.53237 -79.7812 -8.25762 -69.4311 -71.0909
-79.0885 4.18413 -80.1366 -8.33509 -69.8644 -71.0923
-79.1304 3.83372 -80.4921 -8.41333 -70.3008 -71.0921
-79.1726 3.48112 -80.8475 -8.49235 -70.7402 -71.0903
-79.2153 3.12632 -81.203 -8.57216 -71.1828 -71.0868
-79.2584 2.7693 -81.5584 -8.65278 -71.6286 -71.0816
-79.3018 2.41004 -81.9138 -8.7342 -72.0775 -71.0747
-79.3457 2.04852 -82.2692 -8.81644 -72.5297 -71.066
-79.39 1.68474 -82.6245 -8.89951 -72.9852 -71.0556
-79.4347 1.31867 -82.9797 -8.98341 -73.4439 -71.0433
-79.4798 0.9503 -83.3349 -9.06817 -73.9059 -71.0291
-79.5254 0.579611 -83.69 -9.15379 -74.3714 -71.0129
-79.5714 0.206586 -84.045 -9.24027 -74.8402 -70.9948
-79.6178 -0.168791 -84.3999 -9.32764 -75.3124 -70.9747
-79.6646 -0.546538 -84.7548 -9.41589 -75.7882 -70.9526
-79.7119 -0.926672 -85.1095 -9.50505 -76.2674 -70.9283
-79.7597 -1.30921 -85.464 -9.59512 -76.7502 -70.9019
-79.8079 -1.69417 -85.8185 -9.68612 -77.2366 -70.8733
-79.8565 -2.08158 -86.1728 -9.77805 -77.7266 -70.8425
-79.9057 -2.47144 -86.5269 -9.87093 -78.2202 -70.8094
-79.9553 -2.86378 -86.8809 -9.96477 -78.7176 -70.7739
-80.0053 -3.25861 -87.2347 -10.0596 -79.2187 -70.736
-80.0558 -3.65597 -87.5882 -10.1554 -79.7236 -70.6957
-80.1069 -4.05585 -87.9416 -10.2522 -80.2323 -70.6529
-80.1584 -4.45829 -88.2948 -10.35 -80.7448 -70.6075
-80.2104 -4.8633 -88.6477 -10.4488 -81.2613 -70.5595
-80.2629 -5.2709 -89.0004 -10.5486 -81.7817 -70.5088
-80.3159 -5.68111 -89.3528 -10.6495 -82.3062 -70.4553
-80.3694 -6.09396 -89.7049 -10.7515 -82.8346 -70.3991
-80.4234 -6.50946 -90.0568 -10.8545 -83.3671 -70.34
-80.4779 -6.92763 -90.4083 -10.9586 -83.9038 -70.278
-80.533 -7.3485 -90.7595 -11.0639 -84.4446 -70.2129
-80.5885 -7.77208 -91.1104 -11.1702 -84.9896 -70.1448
-80.6447 -8.19839 -91.461 -11.2777 -85.5388 -70.0736
-80.7013 -8.62746 -91.8112 -11.3863 -86.0924 -69.9991
-80.7585 -9.05932 -92.161 -11.496 -86.6503 -69.9214
-80.8163 -9.49397 -92.5104 -11.607 -87.2126 -69.8403
-80.8746 -9.93144 -92.8594 -11.7191 -87.7793 -69.7558
-80.9335 -10.3718 -93.2079 -11.8324 -88.3505 -69.6677
-80.9929 -10.8149 -93.5561 -11.947 -88.9262 -69.5761
-81.0529 -11.261 -93.9037 -12.0628 -89.5066 -69.4807
-81.1135 -11.71 -94.2509 -12.1798 -90.0915 -69.3816
-81.1747 -12.1619 -94.5975 -12.2981 -90.6811 -69.2786
-81.2365 -12.6168 -94.9436 -12.4177 -91.2755 -69.1717
-81.2989 -13.0747 -95.2892 -12.5386 -91.8746 -69.0607
-81.3619 -13.5356 -95.6343 -12.6608 -92.4785 -68.9456
-81.4255 -13.9995 -95.9787 -12.7844 -93.0873 -68.8263
-81.4897 -14.4664 -96.3225 -12.9093 -93.701 -68.7026
-81.5546 -14.9365 -96.6657 -13.0355 -94.3197 -68.5744
-81.6201 -15.4096 -97.0083 -13.1632 -94.9435 -68.4417
-81.6862 -15.8859 -97.3501 -13.2922 -95.5723 -68.3044
-81.753 -16.3654 -97.6913 -13.4227 -96.2062 -68.1622
-81.8205 -16.848 -98.0317 -13.5547 -96.8453 -68.0152
-81.8886 -17.3338 -98.3715 -13.6881 -97.4896 -67.8632
-81.9573 -17.8229 -98.7104 -13.8229 -98.1392 -67.7061
-82.0268 -18.3152 -99.0485 -13.9593 -98.7941 -67.5436
-82.0969 -18.8108 -99.3858 -14.0972 -99.4544 -67.3759
-82.1678 -19.3097 -99.7223 -14.2366 -100.12 -67.2025
-82.2393 -19.812 -100.058 -14.3776 -100.791 -67.0236
-82.3115 -20.3177 -100.393 -14.5202 -101.468 -66.8389
-82.3845 -20.8267 -100.726 -14.6644 -102.15 -66.6482
-82.4582 -21.3392 -101.059 -14.8102 -102.838 -66.4514
-82.5326 -21.8551 -101.391 -14.9576 -103.532 -66.2485
-82.6078 -22.3745 -101.721 -15.1067 -104.231 -66.0391
-82.6837 -22.8974 -102.051 -15.2575 -104.936 -65.8232
-82.7603 -23.4238 -102.38 -15.41 -105.647 -65.6006
-82.8378 -23.9539 -102.707 -15.5642 -106.364 -65.3711
-82.916 -24.4875 -103.033 -15.7202 -107.087 -65.1346
-82.995 -25.0247 -103.358 -15.878 -107.816 -64.8908
-83.0748 -25.5656 -103.682 -16.0375 -108.551 -64.6397
-83.1553 -26.1102 -104.005 -16.1989 -109.292 -64.3809
-83.2367 -26.6586 -104.326 -16.3621 -110.038 -64.1144
-83.319 -27.2106 -104.646 -16.5272 -110.792 -63.8399
-83.402 -27.7665 -104.965 -16.6941 -111.551 -63.5572
-83.4859 -28.3261 -105.282 -16.863 -112.317 -63.2661
-83.5706 -28.8896 -105.597 -17.0338 -113.088 -62.9664
-83.6562 -29.457 -105.911 -17.2066 -113.867 -62.6579
-83.7427 -30.0283 -106.224 -17.3813 -114.651 -62.3403
-83.8301 -30.6035 -106.535 -17.5581 -115.442 -62.0135
-83.9183 -31.1827 -106.844 -17.7369 -116.239 -61.6771
-84.0074 -31.7659 -107.151 -17.9177 -117.043 -61.3309
-84.0975 -32.3531 -107.457 -18.1006 -117.853 -60.9747
-84.1884 -32.9444 -107.761 -18.2857 -118.67 -60.6082
-84.2803 -33.5398 -108.063 -18.4728 -119.493 -60.2312
-84.3732 -34.1394 -108.363 -18.6621 -120.323 -59.8433
-84.4669 -34.7431 -108.662 -18.8536 -121.16 -59.4443
-84.5617 -35.351 -108.958 -19.0472 -122.003 -59.0339
-84.6574 -35.9631 -109.252 -19.2431 -122.852 -58.6119
-84.7541 -36.5795 -109.544 -19.4413 -123.708 -58.1778
-84.8518 -37.2002 -109.834 -19.6417 -124.571 -57.7314
-84.9505 -37.8252 -110.121 -19.8443 -125.441 -57.2724
-85.0503 -38.4546 -110.407 -20.0493 -126.317 -56.8004
-85.151 -39.0884 -110.689 -20.2567 -127.199 -56.3151
-85.2528 -39.7266 -110.97 -20.4664 -128.088 -55.8161
-85.3557 -40.3692 -111.248 -20.6784 -128.984 -55.3032
-85.4596 -41.0164 -111.523 -20.8929 -129.886 -54.7758
-85.5646 -41.6681 -111.795 -21.1098 -130.794 -54.2337
-85.6707 -42.3243 -112.065 -21.3291 -131.709 -53.6764
-85.7779 -42.9852 -112.332 -21.5508 -132.631 -53.1036
-85.8862 -43.6506 -112.596 -21.7751 -133.558 -52.5148
-85.9957 -44.3208 -112.857 -22.0018 -134.492 -51.9096
-86.1062 -44.9956 -113.115 -22.231 -135.432 -51.2877
-86.218 -45.6751 -113.37 -22.4628 -136.378 -50.6485
-86.3309 -46.3593 -113.622 -22.697 -137.33 -49.9916
-86.4449 -47.0484 -113.87 -22.9338 -138.288 -49.3166
-86.5602 -47.7422 -114.115 -23.1732 -139.252 -48.6229
-86.6767 -48.4409 -114.356 -23.4151 -140.221 -47.9101
-86.7944 -49.1444 -114.594 -23.6596 -141.195 -47.1778
-86.9133 -49.8528 -114.828 -23.9066 -142.175 -46.4253
-87.0334 -50.5662 -115.058 -24.1563 -143.16 -45.6522
-87.1548 -51.2844 -115.285 -24.4085 -144.15 -44.8579
-87.2775 -52.0077 -115.507 -24.6632 -145.145 -44.042
-87.4015 -52.7359 -115.725 -24.9205 -146.144 -43.2038
-87.5267 -53.4691 -115.939 -25.1804 -147.148 -42.3428
-87.6533 -54.2074 -116.148 -25.4428 -148.155 -41.4584
-87.7811 -54.9507 -116.353 -25.7078 -149.166 -40.55
-87.9103 -55.699 -116.554 -25.9753 -150.18 -39.6171
-88.0409 -56.4525 -116.75 -26.2452 -151.198 -38.6591
-88.1728 -57.211 -116.94 -26.5176 -152.218 -37.6752
-88.3061 -57.9746 -117.126 -26.7925 -153.241 -36.665
-88.4407 -58.7434 -117.307 -27.0698 -154.265 -35.6277
-88.5768 -59.5173 -117.483 -27.3494 -155.291 -34.5628
-88.7142 -60.2963 -117.653 -27.6313 -156.318 -33.4695
-88.8531 -61.0805 -117.817 -27.9155 -157.346 -32.3473
-88.9934 -61.8698 -117.976 -28.2019 -158.374 -31.1954
-89.1351 -62.6642 -118.129 -28.4905 -159.401 -30.0132
-89.2783 -63.4638 -118.276 -28.7811 -160.427 -28.8
-89.4229 -64.2685 -118.417 -29.0738 -161.451 -27.5552
-89.569 -65.0783 -118.552 -29.3684 -162.473 -26.2781
-89.7166 -65.8932 -118.68 -29.6648 -163.492 -24.9679
-89.8656 -66.7132 -118.802 -29.9629 -164.507 -23.6241
-90.0162 -67.5383 -118.916 -30.2627 -165.518 -22.2459
-90.1683 -68.3684 -119.024 -30.5639 -166.523 -20.8328
-90.3218 -69.2035 -119.125 -30.8666 -167.522 -19.3839
-90.4769 -70.0436 -119.218 -31.1705 -168.513 -17.8987
-90.6335 -70.8886 -119.304 -31.4754 -169.497 -16.3766
-90.7917 -71.7385 -119.382 -31.7814 -170.471 -14.8169
-90.9514 -72.5933 -119.452 -32.0881 -171.435 -13.219
-91.1126 -73.4529 -119.514 -32.3954 -172.388 -11.5823
-91.2753 -74.3172 -119.568 -32.7031 -173.328 -9.90634
-91.4396 -75.1862 -119.613 -33.011 -174.254 -8.19048
-91.6054 -76.0597 -119.65 -33.3189 -175.166 -6.43425
-91.7728 -76.9378 -119.677 -33.6265 -176.061 -4.63719
-91.9417 -77.8203 -119.696 -33.9337 -176.939 -2.79887
-92.1121 -78.7072 -119.705 -34.2401 -177.797 -0.9189
-92.2841 -79.5983 -119.705 -34.5454 -178.635 1.00305
-92.4576 -80.4935 -119.695 -34.8495 -179.45 2.96727
-92.6326 -81.3928 -119.675 -35.1519 -180.242 4.97397
-92.8091 -82.2959 -119.645 -35.4523 -181.008 7.02333
-92.9871 -83.2029 -119.605 -35.7506 -181.747 9.11544
-93.1666 -84.1134 -119.554 -36.0461 -182.458 11.2503
-93.3475 -85.0274 -119.493 -36.3387 -183.137 13.4279
-93.53 -85.9448 -119.42 -36.628 -183.784 15.648
-93.7138 -86.8653 -119.336 -36.9134 -184.397 17.9104
-93.8991 -87.7887 -119.241 -37.1947 -184.974 20.2149
-94.0858 -88.715 -119.134 -37.4715 -185.512 22.5608
-94.2738 -89.6439 -119.015 -37.7432 -186.01 24.9478
-94.4632 -90.5751 -118.885 -38.0094 -186.466 27.375
-94.6539 -91.5085 -118.742 -38.2696 -186.877 29.8419
-94.8459 -92.4439 -118.586 -38.5235 -187.242 32.3473
-95.0391 -93.3809 -118.418 -38.7705 -187.559 34.8904
-95.2336 -94.3194 -118.237 -39.0101 -187.826 37.4699
-95.4292 -95.2592 -118.044 -39.2418 -188.04 40.0846
-95.626 -96.1998 -117.837 -39.4652 -188.2 42.7329
-95.8239 -97.1412 -117.616 -39.6797 -188.303 45.4134
-96.0228 -98.0829 -117.382 -39.8847 -188.349 48.1241
-96.2227 -99.0247 -117.135 -40.0799 -188.334 50.8634
-96.4236 -99.9662 -116.874 -40.2647 -188.258 53.6291
-96.6254 -100.907 -116.599 -40.4386 -188.118 56.4191
-96.828 -101.847 -116.31 -40.601 -187.913 59.2311
-97.0314 -102.786 -116.006 -40.7516 -187.641 62.0626
-97.2355 -103.724 -115.689 -40.8899 -187.301 64.9111
-97.4403 -104.659 -115.357 -41.0154 -186.892 67.7737
-97.6457 -105.593 -115.011 -41.1276 -186.413 70.6478
-97.8516 -106.524 -114.651 -41.2261 -185.862 73.5302
-98.0579 -107.451 -114.276 -41.3106 -185.238 76.4181
-98.2647 -108.376 -113.887 -41.3807 -184.542 79.3081
-98.4717 -109.297 -113.483 -41.436 -183.772 82.1971
-98.679 -110.214 -113.065 -41.4763 -182.928 85.0818
-98.8865 -111.126 -112.632 -41.5013 -182.01 87.9588
-99.094 -112.034 -112.185 -41.5106 -181.019 90.8248
-99.3016 -112.936 -111.724 -41.5043 -179.954 93.6761
-99.5091 -113.833 -111.248 -41.482 -178.815 96.5095
-99.7164 -114.724 -110.759 -41.4436 -177.604 99.3215
-99.9235 -115.609 -110.255 -41.3891 -176.321 102.109
-100.13 -116.488 -109.738 -41.3185 -174.968 104.867
-100.337 -117.359 -109.207 -41.2317 -173.546 107.595
-100.543 -118.223 -108.662 -41.1289 -172.055 110.287
-100.748 -119.08 -108.104 -41.01 -170.499 112.942
-100.953 -119.928 -107.532 -40.8754 -168.878 115.555
-101.157 -120.768 -106.948 -40.725 -167.195 118.125
-101.36 -121.6 -106.351 -40.5593 -165.452 120.647
-101.562 -122.423 -105.742 -40.3784 -163.65 123.12
-101.764 -123.237 -105.12 -40.1826 -161.794 125.542
-101.964 -124.041 -104.486 -39.9723 -159.885 127.908
-102.163 -124.835 -103.841 -39.7479 -157.925 130.218
-102.362 -125.62 -103.184 -39.5098 -155.919 132.47
-102.559 -126.395 -102.516 -39.2585 -153.868 134.661
-102.754 -127.159 -101.837 -38.9943 -151.775 136.79
-102.949 -127.912 -101.148 -38.7178 -149.645 138.856
-103.141 -128.655 -100.449 -38.4295 -147.478 140.857
-103.333 -129.387 -99.7397 -38.13 -145.279 142.793
-103.523 -130.108 -99.021 -37.8197 -143.051 144.661
-103.711 -130.818 -98.2931 -37.4993 -140.797 146.463
-103.898 -131.516 -97.5564 -37.1693 -138.519 148.197
-104.083 -132.203 -96.8112 -36.8303 -136.221 149.862
-104.266 -132.878 -96.0578 -36.4829 -133.906 151.46
-104.448 -133.542 -95.2966 -36.1276 -131.576 152.99
-104.627 -134.194 -94.5279 -35.765 -129.234 154.452
-104.805 -134.834 -93.752 -35.3958 -126.884 155.846
-104.981 -135.463 -92.9694 -35.0204 -124.527 157.173
-105.155 -136.08 -92.1803 -34.6395 -122.167 158.434
-105.328 -136.685 -91.3851 -34.2535 -119.806 159.63
-105.498 -137.278 -90.584 -33.863 -117.445 160.761
-105.666 -137.859 -89.7775 -33.4686 -115.088 161.828
-105.833 -138.429 -88.9657 -33.0708 -112.737 162.832
-105.997 -138.986 -88.1491 -32.67 -110.393 163.775
-106.159 -139.533 -87.328 -32.2667 -108.059 164.658
-106.32 -140.067 -86.5026 -31.8615 -105.737 165.481
-106.478 -140.59 -85.6732 -31.4546 -103.427 166.247
-106.634 -141.101 -84.8401 -31.0466 -101.132 166.957
-106.788 -141.601 -84.0036 -30.6378 -98.8538 167.612
-106.941 -142.09 -83.164 -30.2287 -96.5928 168.214
-107.091 -142.567 -82.3214 -29.8196 -94.3507 168.765
-107.239 -143.033 -81.4763 -29.4109 -92.1287 169.265
-107.385 -143.488 -80.6288 -29.0028 -89.9278 169.716
-107.529 -143.933 -79.7791 -28.5957 -87.749 170.12
-107.671 -144.366 -78.9276 -28.1899 -85.5933 170.478
-107.811 -144.789 -78.0744 -27.7857 -83.4613 170.793
-107.949 -145.201 -77.2197 -27.3832 -81.3539 171.065
-108.085 -145.602 -76.3637 -26.9828 -79.2716 171.296
-108.218 -145.993 -75.5067 -26.5846 -77.215 171.487
-108.35 -146.374 -74.6488 -26.1889 -75.1846 171.64
-108.48 -146.745 -73.7903 -25.7959 -73.1808 171.757
-108.608 -147.106 -72.9312 -25.4056 -71.2038 171.839
-108.734 -147.457 -72.0719 -25.0184 -69.2541 171.886
-108.859 -147.799 -71.2124 -24.6342 -67.3318 171.902
-108.981 -148.131 -70.3529 -24.2534 -65.4371 171.886
-109.101 -148.453 -69.4935 -23.8759 -63.5701 171.841
-109.219 -148.766 -68.6345 -23.5018 -61.7308 171.767
-109.336 -149.07 -67.7758 -23.1314 -59.9193 171.666
-109.451 -149.365 -66.9178 -22.7645 -58.1356 171.539
-109.564 -149.652 -66.0604 -22.4015 -56.3796 171.387
-109.675 -149.929 -65.2039 -22.0422 -54.6512 171.211
-109.784 -150.198 -64.3483 -21.6867 -52.9503 171.013
-109.892 -150.459 -63.4938 -21.3352 -51.2768 170.793
-109.997 -150.711 -62.6404 -20.9876 -49.6304 170.553
-110.102 -150.955 -61.7883 -20.644 -48.0109 170.293
-110.204 -151.191 -60.9375 -20.3043 -46.4182 170.015
-110.305 -151.419 -60.0881 -19.9687 -44.852 169.719
-110.404 -151.64 -59.2403 -19.6371 -43.312 169.406
-110.501 -151.852 -58.394 -19.3095 -41.7979 169.077
-110.597 -152.058 -57.5495 -18.986 -40.3095 168.733
-110.691 -152.255 -56.7067 -18.6664 -38.8464 168.376
-110.783 -152.446 -55.8657 -18.3509 -37.4083 168.004
-110.874 -152.63 -55.0267 -18.0394 -35.995 167.62
-110.964 -152.806 -54.1895 -17.7319 -34.6059 167.224
-111.052 -152.976 -53.3544 -17.4284 -33.2409 166.816
-111.138 -153.138 -52.5214 -17.1288 -31.8996 166.397
-111.223 -153.295 -51.6905 -16.8332 -30.5816 165.969
-111.306 -153.444 -50.8617 -16.5414 -29.2865 165.531
-111.388 -153.587 -50.0351 -16.2535 -28.0141 165.084
-111.469 -153.724 -49.2108 -15.9695 -26.7638 164.629
-111.548 -153.855 -48.3889 -15.6892 -25.5355 164.165
-111.626 -153.98 -47.5692 -15.4127 -24.3287 163.695
-111.702 -154.098 -46.7519 -15.14 -23.143 163.217
-111.777 -154.211 -45.937 -14.8709 -21.9781 162.733
-111.851 -154.318 -45.1246 -14.6055 -20.8337 162.243
-111.923 -154.419 -44.3146 -14.3437 -19.7093 161.747
-111.994 -154.515 -43.5071 -14.0854 -18.6047 161.247
-112.064 -154.606 -42.7021 -13.8307 -17.5194 160.741
-112.133 -154.69 -41.8997 -13.5794 -16.4532 160.231
-112.2 -154.77 -41.0998 -13.3316 -15.4056 159.717
-112.266 -154.844 -40.3025 -13.0872 -14.3763 159.199
-112.331 -154.914 -39.5078 -12.8461 -13.3651 158.678
-112.394 -154.978 -38.7157 -12.6084 -12.3715 158.153
-112.457 -155.038 -37.9263 -12.3738 -11.3952 157.626
-112.518 -155.092 -37.1395 -12.1425 -10.4359 157.096
-112.578 -155.142 -36.3553 -11.9144 -9.4933 156.564
-112.637 -155.187 -35.5738 -11.6894 -8.56705 156.03
-112.695 -155.228 -34.795 -11.4674 -7.65685 155.494
-112.752 -155.264 -34.0189 -11.2485 -6.76239 154.956
-112.808 -155.295 -33.2455 -11.0326 -5.88337 154.417
-112.862 -155.322 -32.4747 -10.8196 -5.01949 153.876
-112.916 -155.345 -31.7067 -10.6095 -4.17045 153.335
-112.968 -155.364 -30.9414 -10.4023 -3.33598 152.793
-113.02 -155.379 -30.1788 -10.1979 -2.51578 152.25
-113.07 -155.389 -29.4189 -9.9962 -1.70959 151.707
-113.12 -155.396 -28.6617 -9.79726 -0.91712 151.163
-113.168 -155.398 -27.9072 -9.601 -0.138116 150.62
-113.216 -155.397 -27.1555 -9.40738 0.627689 150.076
-113.262 -155.392 -26.4065 -9.21636 1.38055 149.532
-113.308 -155.383 -25.6602 -9.02789 2.12072 148.989
-113.353 -155.371 -24.9166 -8.84193 2.84845 148.446
-113.396 -155.355 -24.1757 -8.65845 3.56398 147.903
-113.439 -155.335 -23.4376 -8.47741 4.26754 147.361
-113.481 -155.312 -22.7021 -8.29876 4.95938 146.82
-113.522 -155.286 -21.9694 -8.12247 5.63971 146.279
-113.562 -155.256 -21.2393 -7.9485 6.30877 145.74
-113.602 -155.223 -20.512 -7.77681 6.96676 145.201
-113.64 -155.186 -19.7873 -7.60737 7.61391 144.664
-113.678 -155.146 -19.0653 -7.44014 8.25042 144.127
-113.715 -155.104 -18.346 -7.27508 8.87651 143.592
-113.751 -155.058 -17.6294 -7.11216 9.49236 143.058
-113.786 -155.009 -16.9155 -6.95134 10.0982 142.525
-113.82 -154.957 -16.2042 -6.79259 10.6942 141.994
-113.854 -154.902 -15.4955 -6.63588 11.2805 141.464
-113.886 -154.844 -14.7895 -6.48117 11.8574 140.936
-113.918 -154.783 -14.0862 -6.32843 12.425 140.409
-113.95 -154.72 -13.3854 -6.17763 12.9835 139.884
-113.98 -154.653 -12.6873 -6.02874 13.533 139.361
-114.01 -154.584 -11.9918 -5.88172 14.0738 138.839
-114.039 -154.513 -11.2989 -5.73655 14.606 138.319
-114.067 -154.438 -10.6086 -5.59319 15.1298 137.801
-114.095 -154.361 -9.9209 -5.45162 15.6453 137.285
-114.122 -154.282 -9.23577 -5.31181 16.1526 136.77
-114.148 -154.2 -8.5532 -5.17373 16.652 136.258
-114.174 -154.115 -7.87319 -5.03735 17.1436 135.747
-114.198 -154.028 -7.19573 -4.90265 17.6275 135.238
-114.223 -153.939 -6.5208 -4.76959 18.1039 134.731
-114.246 -153.847 -5.84841 -4.63815 18.5729 134.227
-114.269 -153.753 -5.17854 -4.50831 19.0346 133.724
-114.291 -153.657 -4.51117 -4.38004 19.4893 133.223
-114.313 -153.558 -3.84631 -4.25331 19.9369 132.724
-114.334 -153.458 -3.18393 -4.1281 20.3777 132.227
-114.354 -153.355 -2.52404 -4.00439 20.8117 131.733
-114.374 -153.249 -1.86661 -3.88215 21.2392 131.24
-114.393 -153.142 -1.21164 -3.76137 21.6601 130.749
-114.411 -153.033 -0.559113 -3.642 22.0747 130.261
-114.429 -152.921 0.0909731 -3.52404 22.483 129.775
-114.447 -152.808 0.738633 -3.40747 22.8851 129.29
-114.463 -152.693 1.38388 -3.29225 23.2813 128.808
-114.48 -152.575 2.02672 -3.17837 23.6715 128.328
-114.495 -152.456 2.66716 -3.06581 24.0559 127.85
-114.51 -152.335 3.30522 -2.95455 24.4345 127.375
-114.525 -152.212 3.94091 -2.84457 24.8076 126.901
-114.539 -152.087 4.57423 -2.73584 25.1751 126.43
-114.552 -151.96 5.2052 -2.62835 25.5372 125.96
-114.565 -151.831 5.83383 -2.52208 25.894 125.493
-114.577 -151.701 6.46013 -2.41702 26.2455 125.028
-114.589 -151.569 7.08411 -2.31313 26.5919 124.565
-114.6 -151.435 7.70579 -2.21041 26.9333 124.104
-114.611 -151.299 8.32516 -2.10884 27.2696 123.646
-114.622 -151.162 8.94224 -2.00839 27.6011 123.189
-114.631 -151.023 9.55705 -1.90906 27.9278 122.735
-114.641 -150.883 10.1696 -1.81083 28.2498 122.282
-114.649 -150.741 10.7799 -1.71367 28.5672 121.832
-114.658 -150.597 11.3879 -1.61758 28.88 121.384
-114.666 -150.452 11.9937 -1.52253 29.1883 120.938
-114.673 -150.305 12.5973 -1.42851 29.4922 120.494
-114.68 -150.157 13.1987 -1.33551 29.7918 120.052
-114.686 -150.007 13.7978 -1.24352 30.0872 119.613
-114.692 -149.856 14.3948 -1.15251 30.3783 119.175
-114.698 -149.704 14.9896 -1.06247 30.6654 118.74
-114.703 -149.55 15.5822 -0.973386 30.9483 118.306
-114.708 -149.394 16.1726 -0.885248 31.2273 117.875
-114.712 -149.237 16.7609 -0.798041 31.5024 117.445
-114.716 -149.079 17.3471 -0.71175 31.7737 117.018
-114.719 -148.92 17.9311 -0.626362 32.0411 116.593
-114.722 -148.759 18.513 -0.541865 32.3048 116.169
-114.724 -148.597 19.0928 -0.458245 32.5649 115.748
-114.726 -148.433 19.6705 -0.37549 32.8213 115.329
-114.728 -148.268 20.2461 -0.293588 33.0742 114.911
-114.729 -148.102 20.8196 -0.212525 33.3236 114.496
-114.73 -147.935 21.391 -0.132292 33.5696 114.083
-114.731 -147.767 21.9604 -0.052875 33.8122 113.671
-114.731 -147.597 22.5278 0.0257367 34.0515 113.262
-114.73 -147.426 23.093 0.103554 34.2874 112.854
-114.73 -147.254 23.6563 0.180589 34.5202 112.449
-114.729 -147.081 24.2175 0.256853 34.7498 112.045
-114.727 -146.907 24.7768 0.332355 34.9762 111.644
-114.725 -146.731 25.334 0.407106 35.1996 111.244
-114.723 -146.555 25.8892 0.481118 35.42 110.846
-114.72 -146.377 26.4424 0.554399 35.6373 110.45
-114.718 -146.198 26.9937 0.626961 35.8518 110.056
-114.714 -146.018 27.543 0.698813 36.0633 109.663
-114.711 -145.838 28.0903 0.769964 36.272 109.273
-114.707 -145.656 28.6357 0.840425 36.4779 108.884
-114.702 -145.473 29.1792 0.910204 36.6811 108.497
-114.697 -145.289 29.7207 0.979311 36.8815 108.112
-114.692 -145.104 30.2603 1.04776 37.0793 107.729
-114.687 -144.918 30.798 1.11555 37.2744 107.348
-114.681 -144.731 31.3338 1.18269 37.4669 106.968
-114.675 -144.544 31.8677 1.2492 37.6568 106.59
-114.669 -144.355 32.3997 1.31508 37.8443 106.214
-114.662 -144.165 32.9298 1.38034 38.0292 105.84
-114.655 -143.974 33.4581 1.44498 38.2117 105.467
-114.648 -143.783 33.9845 1.50903 38.3918 105.096
-114.64 -143.591 34.509 1.57248 38.5695 104.727
-114.632 -143.397 35.0317 1.63534 38.7449 104.359
-114.623 -143.203 35.5526 1.69762 38.918 103.994
-114.615 -143.008 36.0717 1.75933 39.0888 103.63
-114.606 -142.812 36.5889 1.82047 39.2573 103.267
-114.597 -142.615 37.1043 1.88105 39.4237 102.906
-114.587 -142.418 37.618 1.94109 39.5878 102.547
-114.577 -142.22 38.1298 2.00058 39.7499 102.19
-114.567 -142.02 38.6399 2.05953 39.9098 101.834
-114.557 -141.821 39.1481 2.11796 40.0676 101.48
-114.546 -141.62 39.6547 2.17586 40.2234 101.127
-114.535 -141.418 40.1594 2.23325 40.3771 100.776
-114.524 -141.216 40.6624 2.29012 40.5289 100.426
-114.512 -141.013 41.1637 2.3465 40.6786 100.078
-114.5 -140.809 41.6632 2.40237 40.8265 99.732
-114.488 -140.605 42.161 2.45776 40.9724 99.3871
-114.475 -140.4 42.6571 2.51266 41.1164 99.0439
-114.463 -140.194 43.1514 2.56708 41.2586 98.7021
-114.45 -139.987 43.6441 2.62103 41.3989 98.3619
-114.437 -139.78 44.1351 2.67452 41.5374 98.0232
-114.423 -139.572 44.6243 2.72754 41.6742 97.6859
-114.409 -139.363 45.1119 2.78011 41.8091 97.3502
-114.395 -139.153 45.5978 2.83223 41.9424 97.0159
-114.381 -138.943 46.0821 2.8839 42.0739 96.6831
-114.366 -138.733 46.5647 2.93514 42.2037 96.3518
-114.352 -138.521 47.0456 2.98595 42.3319 96.0219
-114.337 -138.309 47.5249 3.03632 42.4584 95.6934
-114.321 -138.097 48.0025 3.08628 42.5833 95.3664
-114.306 -137.884 48.4785 3.13581 42.7065 95.0408
-114.29 -137.67 48.9529 3.18494 42.8282 94.7166
-114.274 -137.455 49.4257 3.23366 42.9484 94.3938
-114.258 -137.24 49.8969 3.28197 43.067 94.0724
-114.241 -137.025 50.3664 3.32989 43.184 93.7523
-114.224 -136.808 50.8344 3.37742 43.2996 93.4336
-114.207 -136.592 51.3008 3.42455 43.4137 93.1163
-114.19 -136.374 51.7656 3.47131 43.5263 92.8003
-114.173 -136.156 52.2288 3.51768 43.6375 92.4857
-114.155 -135.938 52.6904 3.56368 43.7473 92.1724
-114.137 -135.719 53.1505 3.60931 43.8556 91.8604
-114.119 -135.499 53.609 3.65458 43.9626 91.5498
-114.1 -135.279 54.066 3.69949 44.0682 91.2404
-114.082 -135.059 54.5214 3.74403 44.1725 90.9323
-114.063 -134.838 54.9753 3.78823 44.2754 90.6255
-114.044 -134.616 55.4277 3.83208 44.377 90.32
-114.025 -134.394 55.8785 3.87558 44.4773 90.0158
-114.005 -134.171 56.3278 3.91874 44.5763 89.7128
-113.985 -133.948 56.7756 3.96157 44.674 89.411
-113.966 -133.724 57.2219 4.00406 44.7705 89.1105
-113.945 -133.5 57.6667 4.04623 44.8657 88.8113
-113.925 -133.276 58.1101 4.08807 44.9598 88.5132
-113.905 -133.051 58.5519 4.12959 45.0526 88.2164
-113.884 -132.825 58.9922 4.17079 45.1442 87.9208
-113.863 -132.599 59.4311 4.21168 45.2346 87.6264
-113.842 -132.373 59.8685 4.25226 45.3239 87.3331
-113.82 -132.146 60.3044 4.29254 45.4121 87.0411
-113.799 -131.919 60.7389 4.33251 45.4991 86.7502
-113.777 -131.691 61.1719 4.37218 45.5849 86.4605
-113.755 -131.463 61.6035 4.41155 45.6697 86.1719
-113.733 -131.234 62.0336 4.45064 45.7534 85.8845
-113.71 -131.005 62.4623 4.48943 45.836 85.5983
-113.688 -130.776 62.8896 4.52794 45.9175 85.3131
-113.665 -130.546 63.3155 4.56617 45.998 85.0291
-113.642 -130.316 63.7399 4.60411 46.0774 84.7462
-113.619 -130.085 64.1629 4.64178 46.1558 84.4645
-113.596 -129.854 64.5846 4.67918 46.2332 84.1838
-113.572 -129.623 65.0048 4.71631 46.3096 83.9042
-113.549 -129.391 65.4236 4.75317 46.3849 83.6257
-113.525 -129.159 65.841 4.78977 46.4593 83.3483
-113.501 -128.927 66.2571 4.8261 46.5328 83.072
-113.477 -128.694 66.6717 4.86218 46.6052 82.7967
-113.452 -128.461 67.085 4.89801 46.6767 82.5225
-113.428 -128.227 67.497 4.93358 46.7473 82.2493
-113.403 -127.993 67.9075 4.9689 46.817 81.9772
-113.378 -127.759 68.3167 5.00398 46.8857 81.7061
-113.353 -127.524 68.7246 5.03881 46.9535 81.436
-113.328 -127.289 69.1311 5.07341 47.0205 81.167
-113.302 -127.054 69.5363 5.10776 47.0865 80.899
-113.276 -126.819 69.9401 5.14188 47.1517 80.632
-113.251 -126.583 70.3426 5.17577 47.216 80.366
-113.225 -126.346 70.7437 5.20942 47.2795 80.1009
-113.199 -126.11 71.1436 5.24285 47.3421 79.8369
-113.172 -125.873 71.5421 5.27606 47.4038 79.5739
-113.146 -125.636 71.9393 5.30904 47.4648 79.3118
-113.119 -125.398 72.3352 5.3418 47.5249 79.0507
-113.092 -125.161 72.7298 5.37435 47.5842 78.7906
-113.065 -124.922 73.1231 5.40668 47.6428 78.5314
-113.038 -124.684 73.5152 5.4388 47.7005 78.2731
-113.011 -124.445 73.9059 5.4707 47.7574 78.0159
-112.984 -124.207 74.2953 5.5024 47.8136 77.7595
-112.956 -123.967 74.6835 5.5339 47.869 77.5041
-112.928 -123.728 75.0703 5.56519 47.9237 77.2496
-112.9 -123.488 75.456 5.59628 47.9776 76.996
-112.872 -123.248 75.8403 5.62718 48.0307 76.7433
-112.844 -123.008 76.2234 5.65787 48.0832 76.4915
-112.816 -122.767 76.6052 5.68838 48.1349 76.2407
-112.787 -122.526 76.9858 5.71869 48.1859 75.9907
-112.759 -122.285 77.3651 5.74881 48.2361 75.7416
-112.73 -122.044 77.7432 5.77875 48.2857 75.4934
-112.701 -121.803 78.1201 5.8085 48.3346 75.2461
-112.672 -121.561 78.4957 5.83807 48.3828 74.9996
-112.642 -121.319 78.8701 5.86745 48.4303 74.754
-112.613 -121.076 79.2432 5.89666 48.4772 74.5092
-112.583 -120.834 79.6152 5.92569 48.5234 74.2654
-112.554 -120.591 79.9859 5.95455 48.5689 74.0223
-112.524 -120.348 80.3554 5.98323 48.6138 73.7801
-112.494 -120.105 80.7237 6.01175 48.658 73.5388
-112.464 -119.862 81.0908 6.04009 48.7016 73.2982
-112.433 -119.618 81.4567 6.06827 48.7445 73.0585
-112.403 -119.374 81.8213 6.09629 48.7869 72.8196
-112.373 -119.13 82.1848 6.12414 48.8286 72.5815
-112.342 -118.886 82.5472 6.15183 48.8697 72.3443
-112.311 -118.641 82.9083 6.17936 48.9102 72.1078
-112.28 -118.397 83.2682 6.20674 48.9501 71.8721
-112.249 -118.152 83.627 6.23396 48.9894 71.6373
-112.218 -117.907 83.9846 6.26102 49.0281 71.4032
-112.186 -117.662 84.341 6.28794 49.0663 71.1699
-112.155 -117.416 84.6963 6.3147 49.1038 70.9374
-112.123 -117.171 85.0504 6.34132 49.1408 70.7056
-112.091 -116.925 85.4034 6.3678 49.1772 70.4746
-112.059 -116.679 85.7552 6.39412 49.2131 70.2444
-112.027 -116.433 86.1058 6.42031 49.2484 70.0149
-111.995 -116.186 86.4553 6.44636 49.2832 69.7862
-111.963 -115.94 86.8037 6.47226 49.3174 69.5583
-111.931 -115.693 87.1509 6.49803 49.3511 69.331
-111.898 -115.446 87.497 6.52367 49.3843 69.1046
-111.865 -115.199 87.8419 6.54917 49.4169 68.8788
-111.833 -114.952 88.1858 6.57454 49.449 68.6538
-111.8 -114.705 88.5285 6.59978 49.4806 68.4295
-111.767 -114.457 88.8701 6.62489 49.5117 68.2059
-111.733 -114.21 89.2105 6.64987 49.5423 67.983
-111.7 -113.962 89.5499 6.67473 49.5723 67.7609
-111.667 -113.714 89.8881 6.69946 49.6019 67.5394
-111.633 -113.466 90.2253 6.72407 49.631 67.3187
-111.599 -113.218 90.5613 6.74857 49.6596 67.0986
-111.566 -112.969 90.8963 6.77294 49.6877 66.8793
-111.532 -112.721 91.2301 6.7972 49.7154 66.6606
-111.498 -112.472 91.5629 6.82134 49.7425 66.4426
-111.463 -112.223 91.8945 6.84536 49.7692 66.2253
-111.429 -111.975 92.2251 6.86928 49.7954 66.0087
-111.395 -111.725 92.5546 6.89308 49.8212 65.7927
-111.36 -111.476 92.8831 6.91678 49.8465 65.5774
-111.326 -111.227 93.2104 6.94036 49.8714 65.3627
-111.291 -110.978 93.5367 6.96384 49.8958 65.1487
-111.256 -110.728 93.8619 6.98722 49.9198 64.9354
-111.221 -110.478 94.186 7.01049 49.9433 64.7227
-111.186 -110.229 94.5091 7.03366 49.9664 64.5107
-111.151 -109.979 94.8311 7.05673 49.989 64.2993
-111.115 -109.729 95.1521 7.0797 50.0113 64.0885
-111.08 -109.479 95.472 7.10258 50.0331 63.8784
-111.044 -109.228 95.7909 7.12536 50.0544 63.6689
-111.009 -108.978 96.1087 7.14804 50.0754 63.46
-110.973 -108.728 96.4255 7.17064 50.096 63.2517
-110.937 -108.477 96.7412 7.19314 50.1161 63.044
-110.901 -108.226 97.0559 7.21555 50.1358 62.837
-110.865 -107.976 97.3696 7.23787 50.1552 62.6306
-110.828 -107.725 97.6822 7.26011 50.1741 62.4247
-110.792 -107.474 97.9939 7.28226 50.1926 62.2195
-110.756 -107.223 98.3044 7.30432 50.2108 62.0149
-110.719 -106.972 98.614 7.32631 50.2285 61.8108
-110.682 -106.721 98.9225 7.34821 50.2459 61.6074
-110.646 -106.469 99.2301 7.37003 50.2629 61.4045
-110.609 -106.218 99.5366 7.39177 50.2795 61.2022
-110.572 -105.967 99.8421 7.41344 50.2957 61.0005
-110.534 -105.715 100.147 7.43503 50.3116 60.7993
-110.497 -105.464 100.45 7.45654 50.327 60.5988
-110.46 -105.212 100.753 7.47799 50.3422 60.3987
-110.422 -104.96 101.054 7.49936 50.3569 60.1993
-110.385 -104.708 101.355 7.52066 50.3713 60.0004
-110.347 -104.456 101.654 7.54189 50.3853 59.802
-110.31 -104.204 101.953 7.56305 50.399 59.6042
-110.272 -103.952 102.25 7.58415 50.4123 59.407
-110.234 -103.7 102.547 7.60518 50.4253 59.2103
-110.196 -103.448 102.842 7.62615 50.4379 59.0141
-110.157 -103.196 103.137 7.64705 50.4502 58.8185
-110.119 -102.944 103.43 7.66789 50.4621 58.6234
-110.081 -102.691 103.723 7.68868 50.4737 58.4288
-110.042 -102.439 104.015 7.7094 50.485 58.2348
-110.004 -102.186 104.305 7.73007 50.4959 58.0412
-109.965 -101.934 104.595 7.75068 50.5065 57.8482
-109.926 -101.681 104.884 7.77124 50.5168 57.6557
-109.887 -101.429 105.172 7.79174 50.5267 57.4637
-109.848 -101.176 105.459 7.81219 50.5363 57.2722
-109.809 -100.923 105.744 7.83258 50.5456 57.0812
-109.77 -100.671 106.029 7.85293 50.5546 56.8907
-109.731 -100.418 106.313 7.87323 50.5632 56.7008
-109.691 -100.165 106.596 7.89348 50.5716 56.5113
-109.652 -99.9122 106.878 7.91368 50.5796 56.3222
-109.612 -99.6593 107.16 7.93384 50.5873 56.1337
-109.572 -99.4063 107.44 7.95396 50.5947 55.9457
-109.532 -99.1533 107.719 7.97403 50.6018 55.7581
-109.493 -98.9003 107.997 7.99405 50.6086 55.571
-109.453 -98.6472 108.275 8.01404 50.6151 55.3844
-109.412 -98.3941 108.551 8.03399 50.6213 55.1982
-109.372 -98.141 108.827 8.05389 50.6271 55.0125
-109.332 -97.8879 109.101 8.07376 50.6327 54.8273
-109.291 -97.6347 109.375 8.09359 50.638 54.6425
-109.251 -97.3815 109.648 8.11339 50.643 54.4581
-109.21 -97.1283 109.92 8.13315 50.6477 54.2743
-109.17 -96.875 110.19 8.15288 50.6522 54.0908
-109.129 -96.6217 110.46 8.17257 50.6563 53.9078
-109.088 -96.3684 110.73 8.19223 50.6601 53.7253
-109.047 -96.1151 110.998 8.21186 50.6637 53.5431
-109.006 -95.8618 111.265 8.23146 50.667 53.3614
-108.965 -95.6085 111.531 8.25103 50.67 53.1802
-108.923 -95.3551 111.797 8.27057 50.6727 52.9993
-108.882 -95.1017 112.061 8.29008 50.6751 52.8189
-108.84 -94.8484 112.325 8.30957 50.6773 52.6389
-108.799 -94.595 112.588 8.32903 50.6792 52.4593
-108.757 -94.3416 112.85 8.34846 50.6808 52.2801
-108.715 -94.0882 113.111 8.36787 50.6821 52.1014
-108.673 -93.8347 113.371 8.38725 50.6832 51.923
-108.631 -93.5813 113.63 8.40661 50.684 51.745
-108.589 -93.3279 113.888 8.42595 50.6845 51.5675
-108.547 -93.0745 114.145 8.44526 50.6848 51.3903
-108.505 -92.8211 114.402 8.46455 50.6848 51.2135
-108.462 -92.5676 114.658 8.48382 50.6845 51.0371
-108.42 -92.3142 114.912 8.50307 50.684 50.8611
-108.377 -92.0608 115.166 8.52229 50.6832 50.6854
-108.335 -91.8074 115.419 8.5415 50.6822 50.5102
-108.292 -91.554 115.671 8.56068 50.6808 50.3353
-108.249 -91.3006 115.922 8.57985 50.6793 50.1607
-108.206 -91.0472 116.173 8.59899 50.6775 49.9866
-108.163 -90.7938 116.422 8.61812 50.6754 49.8128
-108.12 -90.5404 116.671 8.63723 50.673 49.6393
-108.077 -90.2871 116.919 8.65631 50.6705 49.4663
-108.033 -90.0337 117.166 8.67538 50.6676 49.2935
-107.99 -89.7804 117.412 8.69443 50.6645 49.1211
-107.947 -89.5271 117.657 8.71346 50.6612 48.9491
-107.903 -89.2738 117.901 8.73247 50.6576 48.7774
-107.859 -89.0205 118.145 8.75146 50.6538 48.606
-107.815 -88.7672 118.387 8.77043 50.6497 48.435
-107.772 -88.514 118.629 8.78938 50.6454 48.2643
-107.728 -88.2608 118.87 8.80831 50.6408 48.0939
-107.683 -88.0076 119.11 8.82722 50.636 47.9239
-107.639 -87.7544 119.349 8.84611 50.6309 47.7542
-107.595 -87.5013 119.587 8.86498 50.6256 47.5848
-107.551 -87.2482 119.825 8.88382 50.62 47.4157
-107.506 -86.9951 120.062 8.90264 50.6143 47.2469
-107.462 -86.742 120.297 8.92144 50.6082 47.0784
-107.417 -86.489 120.532 8.94021 50.602 46.9103
-107.372 -86.236 120.767 8.95896 50.5955 46.7424
-107.327 -85.983 121 8.97768 50.5887 46.5748
-107.282 -85.7301 121.232 8.99638 50.5817 46.4076
-107.237 -85.4772 121.464 9.01505 50.5745 46.2406
-107.192 -85.2244 121.695 9.03369 50.5671 46.0739
-107.147 -84.9716 121.925 9.0523 50.5594 45.9075
-107.102 -84.7188 122.154 9.07088 50.5515 45.7414
-107.056 -84.466 122.382 9.08942 50.5433 45.5756
-107.011 -84.2133 122.61 9.10794 50.5349 45.41
-106.965 -83.9607 122.836 9.12642 50.5263 45.2447
-106.92 -83.7081 123.062 9.14486 50.5175 45.0797
-106.874 -83.4555 123.287 9.16326 50.5084 44.915
-106.828 -83.203 123.511 9.18163 50.4991 44.7505
-106.782 -82.9505 123.734 9.19995 50.4896 44.5863
-106.736 -82.6981 123.957 9.21823 50.4798 44.4223
-106.69 -82.4457 124.179 9.23647 50.4698 44.2587
-106.644 -82.1934 124.4 9.25467 50.4596 44.0952
-106.597 -81.9411 124.62 9.27281 50.4492 43.9321
-106.551 -81.6889 124.839 9.29091 50.4386 43.7691
-106.504 -81.4367 125.057 9.30895 50.4277 43.6065
-106.458 -81.1846 125.275 9.32694 50.4166 43.4441
-106.411 -80.9326 125.492 9.34488 50.4053 43.2819
-106.364 -80.6806 125.708 9.36276 50.3937 43.12
-106.317 -80.4286 125.923 9.38058 50.382 42.9583
-106.271 -80.1768 126.137 9.39834 50.37 42.7968
-106.223 -79.9249 126.351 9.41603 50.3578 42.6356
-106.176 -79.6732 126.564 9.43367 50.3454 42.4747
-106.129 -79.4215 126.776 9.45123 50.3328 42.3139
-106.082 -79.1699 126.987 9.46872 50.32 42.1534
-106.034 -78.9183 127.197 9.48615 50.3069 41.9932
