-50 75 25 0 0 -49
-50.0001 74.9998 24.7549 -0.0230851 -0.0976744 -49.0418
-50.0002 74.999 24.5096 -0.0462086 -0.19554 -49.0835
-50.0005 74.9978 24.2641 -0.0693708 -0.293597 -49.1252
-50.0009 74.9961 24.0183 -0.0925717 -0.391846 -49.1669
-50.0014 74.9939 23.7724 -0.115811 -0.490289 -49.2085
-50.0021 74.9912 23.5262 -0.13909 -0.588925 -49.2501
-50.0028 74.988 23.2799 -0.162408 -0.687756 -49.2917
-50.0037 74.9843 23.0333 -0.185765 -0.786782 -49.3333
-50.0047 74.9801 22.7866 -0.209161 -0.886004 -49.3748
-50.0058 74.9754 22.5396 -0.232597 -0.985424 -49.4164
-50.007 74.9703 22.2924 -0.256072 -1.08504 -49.4578
-50.0084 74.9646 22.045 -0.279587 -1.18486 -49.4993
-50.0098 74.9584 21.7974 -0.303142 -1.28487 -49.5407
-50.0114 74.9517 21.5496 -0.326737 -1.38509 -49.5821
-50.0131 74.9446 21.3016 -0.350372 -1.4855 -49.6235
-50.0149 74.9369 21.0534 -0.374046 -1.58612 -49.6648
-50.0168 74.9287 20.8049 -0.397762 -1.68694 -49.7061
-50.0189 74.92 20.5563 -0.421517 -1.78796 -49.7474
-50.021 74.9108 20.3075 -0.445313 -1.88919 -49.7886
-50.0233 74.9011 20.0584 -0.46915 -1.99062 -49.8298
-50.0257 74.8909 19.8092 -0.493027 -2.09225 -49.871
-50.0283 74.8802 19.5597 -0.516946 -2.1941 -49.9121
-50.0309 74.869 19.31 -0.540905 -2.29615 -49.9532
-50.0337 74.8572 19.0602 -0.564906 -2.3984 -49.9943
-50.0365 74.845 18.8101 -0.588947 -2.50087 -50.0354
-50.0396 74.8322 18.5598 -0.61303 -2.60355 -50.0764
-50.0427 74.819 18.3093 -0.637155 -2.70644 -50.1174
-50.0459 74.8052 18.0586 -0.661321 -2.80953 -50.1583
-50.0493 74.7909 17.8078 -0.685529 -2.91285 -50.1992
-50.0528 74.776 17.5567 -0.709779 -3.01637 -50.2401
-50.0564 74.7607 17.3054 -0.734071 -3.12011 -50.2809
-50.0601 74.7448 17.0538 -0.758405 -3.22406 -50.3217
-50.064 74.7285 16.8021 -0.782781 -3.32823 -50.3625
-50.0679 74.7116 16.5502 -0.807199 -3.43261 -50.4032
-50.072 74.6941 16.2981 -0.83166 -3.53722 -50.4439
-50.0763 74.6762 16.0458 -0.856164 -3.64204 -50.4846
-50.0806 74.6577 15.7933 -0.88071 -3.74708 -50.5252
-50.0851 74.6387 15.5405 -0.9053 -3.85233 -50.5658
-50.0897 74.6192 15.2876 -0.929932 -3.95782 -50.6063
-50.0944 74.5991 15.0345 -0.954608 -4.06352 -50.6469
-50.0992 74.5785 14.7811 -0.979326 -4.16944 -50.6873
-50.1042 74.5574 14.5276 -1.00409 -4.27559 -50.7278
-50.1092 74.5358 14.2739 -1.02889 -4.38197 -50.7682
-50.1145 74.5136 14.0199 -1.05374 -4.48856 -50.8085
-50.1198 74.4909 13.7658 -1.07864 -4.59539 -50.8488
-50.1252 74.4677 13.5114 -1.10357 -4.70244 -50.8891
-50.1308 74.4439 13.2569 -1.12855 -4.80972 -50.9293
-50.1365 74.4196 13.0021 -1.15358 -4.91723 -50.9695
-50.1424 74.3947 12.7472 -1.17865 -5.02497 -51.0097
-50.1483 74.3693 12.492 -1.20376 -5.13295 -51.0498
-50.1544 74.3434 12.2367 -1.22892 -5.24115 -51.0898
-50.1606 74.3169 11.9811 -1.25412 -5.34959 -51.1299
-50.1669 74.2899 11.7254 -1.27937 -5.45826 -51.1698
-50.1734 74.2623 11.4694 -1.30467 -5.56716 -51.2098
-50.18 74.2342 11.2133 -1.33 -5.6763 -51.2497
-50.1867 74.2056 10.9569 -1.35539 -5.78568 -51.2895
-50.1935 74.1763 10.7004 -1.38082 -5.8953 -51.3293
-50.2005 74.1466 10.4436 -1.40629 -6.00515 -51.3691
-50.2076 74.1163 10.1867 -1.43181 -6.11525 -51.4088
-50.2148 74.0854 9.92956 -1.45738 -6.22559 -51.4484
-50.2222 74.054 9.67222 -1.48299 -6.33617 -51.4881
-50.2297 74.0221 9.41468 -1.50865 -6.44699 -51.5276
-50.2373 73.9896 9.15694 -1.53435 -6.55805 -51.5672
-50.245 73.9565 8.89901 -1.5601 -6.66936 -51.6066
-50.2529 73.9229 8.64088 -1.5859 -6.78092 -51.6461
-50.2609 73.8887 8.38255 -1.61174 -6.89272 -51.6855
-50.269 73.8539 8.12402 -1.63763 -7.00478 -51.7248
-50.2772 73.8186 7.8653 -1.66357 -7.11708 -51.7641
-50.2856 73.7828 7.60638 -1.68955 -7.22963 -51.8033
-50.2941 73.7463 7.34727 -1.71558 -7.34243 -51.8425
-50.3028 73.7094 7.08796 -1.74166 -7.45549 -51.8816
-50.3115 73.6718 6.82845 -1.76779 -7.5688 -51.9207
-50.3204 73.6337 6.56875 -1.79396 -7.68236 -51.9597
-50.3295 73.595 6.30886 -1.82018 -7.79618 -51.9987
-50.3386 73.5557 6.04877 -1.84645 -7.91026 -52.0376
-50.3479 73.5159 5.78848 -1.87277 -8.0246 -52.0765
-50.3574 73.4755 5.528 -1.89913 -8.13919 -52.1153
-50.3669 73.4345 5.26733 -1.92555 -8.25404 -52.154
-50.3766 73.3929 5.00646 -1.95201 -8.36916 -52.1927
-50.3865 73.3508 4.7454 -1.97852 -8.48454 -52.2314
-50.3964 73.3081 4.48415 -2.00508 -8.60018 -52.27
-50.4065 73.2648 4.2227 -2.03169 -8.71609 -52.3085
-50.4167 73.2209 3.96106 -2.05834 -8.83226 -52.347
-50.4271 73.1765 3.69923 -2.08505 -8.9487 -52.3854
-50.4376 73.1314 3.43721 -2.11181 -9.06541 -52.4238
-50.4482 73.0858 3.17499 -2.13861 -9.18239 -52.4621
-50.459 73.0396 2.91259 -2.16547 -9.29964 -52.5003
-50.4699 72.9928 2.64999 -2.19237 -9.41716 -52.5385
-50.4809 72.9454 2.3872 -2.21933 -9.53495 -52.5766
-50.4921 72.8974 2.12423 -2.24633 -9.65302 -52.6147
-50.5034 72.8489 1.86106 -2.27338 -9.77136 -52.6527
-50.5148 72.7997 1.5977 -2.30049 -9.88999 -52.6906
-50.5264 72.75 1.33415 -2.32765 -10.0089 -52.7285
-50.5381 72.6996 1.07041 -2.35485 -10.1281 -52.7663
-50.5499 72.6487 0.806489 -2.38211 -10.2475 -52.804
-50.5619 72.5972 0.542375 -2.40942 -10.3673 -52.8417
-50.574 72.545 0.278072 -2.43678 -10.4873 -52.8793
-50.5863 72.4923 0.0135819 -2.46419 -10.6076 -52.9169
-50.5986 72.439 -0.251096 -2.49165 -10.7282 -52.9544
-50.6112 72.385 -0.515961 -2.51916 -10.8491 -52.9918
-50.6238 72.3305 -0.781014 -2.54673 -10.9702 -53.0291
-50.6366 72.2753 -1.04625 -2.57434 -11.0917 -53.0664
-50.6496 72.2195 -1.31168 -2.60201 -11.2134 -53.1036
-50.6627 72.1632 -1.57729 -2.62973 -11.3355 -53.1407
-50.6759 72.1062 -1.84308 -2.65751 -11.4578 -53.1778
-50.6892 72.0486 -2.10907 -2.68533 -11.5805 -53.2148
-50.7027 71.9904 -2.37523 -2.71321 -11.7034 -53.2517
-50.7164 71.9316 -2.64158 -2.74114 -11.8266 -53.2886
-50.7301 71.8721 -2.90812 -2.76913 -11.9501 -53.3254
-50.7441 71.8121 -3.17484 -2.79717 -12.074 -53.3621
-50.7581 71.7514 -3.44174 -2.82526 -12.1981 -53.3987
-50.7723 71.6901 -3.70882 -2.8534 -12.3225 -53.4353
-50.7866 71.6282 -3.97609 -2.8816 -12.4473 -53.4717
-50.8011 71.5656 -4.24354 -2.90985 -12.5723 -53.5081
-50.8157 71.5024 -4.51117 -2.93816 -12.6976 -53.5445
-50.8305 71.4386 -4.77898 -2.96652 -12.8233 -53.5807
-50.8454 71.3742 -5.04698 -2.99493 -12.9493 -53.6169
-50.8605 71.3091 -5.31515 -3.0234 -13.0755 -53.653
-50.8756 71.2434 -5.58351 -3.05192 -13.2021 -53.689
-50.891 71.1771 -5.85204 -3.0805 -13.3291 -53.7249
-50.9064 71.1101 -6.12076 -3.10913 -13.4563 -53.7607
-50.9221 71.0425 -6.38965 -3.13782 -13.5838 -53.7965
-50.9378 70.9743 -6.65872 -3.16656 -13.7117 -53.8322
-50.9537 70.9054 -6.92797 -3.19536 -13.8399 -53.8678
-50.9698 70.8359 -7.1974 -3.22421 -13.9684 -53.9033
-50.986 70.7657 -7.467 -3.25312 -14.0972 -53.9387
-51.0023 70.6949 -7.73678 -3.28209 -14.2264 -53.974
-51.0188 70.6235 -8.00674 -3.31111 -14.3558 -54.0093
-51.0354 70.5514 -8.27688 -3.34019 -14.4857 -54.0444
-51.0522 70.4786 -8.54719 -3.36932 -14.6158 -54.0795
-51.0691 70.4052 -8.81767 -3.39851 -14.7463 -54.1144
-51.0862 70.3312 -9.08833 -3.42776 -14.8771 -54.1493
-51.1034 70.2564 -9.35916 -3.45706 -15.0082 -54.1841
-51.1208 70.1811 -9.63017 -3.48642 -15.1397 -54.2188
-51.1383 70.105 -9.90135 -3.51584 -15.2715 -54.2534
-51.1559 70.0284 -10.1727 -3.54531 -15.4037 -54.2879
-51.1737 69.951 -10.4442 -3.57485 -15.5362 -54.3223
-51.1917 69.873 -10.7159 -3.60444 -15.669 -54.3566
-51.2098 69.7943 -10.9878 -3.63409 -15.8022 -54.3908
-51.228 69.715 -11.2598 -3.66379 -15.9357 -54.425
-51.2464 69.635 -11.532 -3.69356 -16.0696 -54.459
-51.2649 69.5543 -11.8044 -3.72338 -16.2039 -54.4929
-51.2836 69.4729 -12.077 -3.75326 -16.3385 -54.5267
-51.3025 69.3909 -12.3497 -3.7832 -16.4734 -54.5604
-51.3215 69.3082 -12.6226 -3.8132 -16.6087 -54.594
-51.3406 69.2248 -12.8956 -3.84326 -16.7444 -54.6275
-51.3599 69.1407 -13.1689 -3.87337 -16.8804 -54.6609
-51.3793 69.056 -13.4422 -3.90355 -17.0167 -54.6942
-51.3989 68.9706 -13.7158 -3.93379 -17.1535 -54.7274
-51.4187 68.8845 -13.9895 -3.96408 -17.2906 -54.7604
-51.4386 68.7977 -14.2634 -3.99444 -17.4281 -54.7934
-51.4586 68.7102 -14.5374 -4.02485 -17.5659 -54.8262
-51.4788 68.622 -14.8117 -4.05533 -17.7041 -54.859
-51.4992 68.5331 -15.086 -4.08587 -17.8427 -54.8916
-51.5197 68.4436 -15.3606 -4.11646 -17.9817 -54.9241
-51.5403 68.3533 -15.6353 -4.14712 -18.121 -54.9565
-51.5611 68.2624 -15.9101 -4.17784 -18.2607 -54.9887
-51.5821 68.1707 -16.1852 -4.20862 -18.4008 -55.0209
-51.6032 68.0784 -16.4603 -4.23946 -18.5413 -55.0529
-51.6245 67.9853 -16.7357 -4.27036 -18.6821 -55.0848
-51.6459 67.8915 -17.0112 -4.30132 -18.8234 -55.1166
-51.6675 67.7971 -17.2869 -4.33235 -18.965 -55.1483
-51.6893 67.7019 -17.5627 -4.36344 -19.107 -55.1798
-51.7112 67.606 -17.8387 -4.39459 -19.2495 -55.2112
-51.7332 67.5094 -18.1148 -4.4258 -19.3923 -55.2425
-51.7554 67.4121 -18.3911 -4.45707 -19.5355 -55.2737
-51.7778 67.314 -18.6675 -4.48841 -19.6791 -55.3047
-51.8003 67.2153 -18.9441 -4.51981 -19.8231 -55.3356
-51.823 67.1158 -19.2209 -4.55127 -19.9675 -55.3664
-51.8458 67.0156 -19.4978 -4.5828 -20.1123 -55.397
-51.8688 66.9147 -19.7749 -4.61438 -20.2575 -55.4275
-51.892 66.813 -20.0521 -4.64604 -20.4032 -55.4579
-51.9153 66.7106 -20.3294 -4.67775 -20.5492 -55.4881
-51.9387 66.6075 -20.6069 -4.70953 -20.6957 -55.5182
-51.9624 66.5037 -20.8846 -4.74138 -20.8426 -55.5481
-51.9861 66.3991 -21.1624 -4.77328 -20.9898 -55.5779
-52.0101 66.2938 -21.4404 -4.80526 -21.1376 -55.6076
-52.0342 66.1877 -21.7185 -4.83729 -21.2857 -55.6371
-52.0585 66.0809 -21.9968 -4.86939 -21.4343 -55.6664
-52.0829 65.9734 -22.2752 -4.90156 -21.5833 -55.6957
-52.1075 65.8651 -22.5537 -4.93379 -21.7327 -55.7247
-52.1322 65.7561 -22.8324 -4.96609 -21.8825 -55.7536
-52.1571 65.6463 -23.1113 -4.99845 -22.0328 -55.7824
-52.1822 65.5357 -23.3902 -5.03087 -22.1836 -55.811
-52.2074 65.4244 -23.6694 -5.06337 -22.3347 -55.8395
-52.2328 65.3124 -23.9486 -5.09592 -22.4863 -55.8677
-52.2584 65.1996 -24.228 -5.12855 -22.6384 -55.8959
-52.2841 65.086 -24.5076 -5.16124 -22.7909 -55.9238
-52.31 64.9717 -24.7873 -5.19399 -22.9438 -55.9517
-52.3361 64.8566 -25.0671 -5.22681 -23.0972 -55.9793
-52.3623 64.7407 -25.3471 -5.2597 -23.2511 -56.0068
-52.3887 64.624 -25.6272 -5.29266 -23.4054 -56.0341
-52.4152 64.5066 -25.9074 -5.32568 -23.5602 -56.0612
-52.4419 64.3884 -26.1878 -5.35877 -23.7154 -56.0882
-52.4688 64.2695 -26.4683 -5.39193 -23.8712 -56.115
-52.4958 64.1497 -26.7489 -5.42515 -24.0273 -56.1416
-52.523 64.0292 -27.0297 -5.45844 -24.184 -56.1681
-52.5504 63.9079 -27.3106 -5.4918 -24.3411 -56.1943
-52.578 63.7858 -27.5917 -5.52523 -24.4987 -56.2204
-52.6057 63.6629 -27.8728 -5.55872 -24.6568 -56.2463
-52.6336 63.5392 -28.1541 -5.59228 -24.8153 -56.272
-52.6616 63.4147 -28.4355 -5.62592 -24.9744 -56.2976
-52.6898 63.2895 -28.7171 -5.65961 -25.1339 -56.3229
-52.7182 63.1634 -28.9988 -5.69338 -25.2939 -56.3481
-52.7467 63.0365 -29.2806 -5.72722 -25.4544 -56.373
-52.7755 62.9089 -29.5625 -5.76112 -25.6155 -56.3978
-52.8044 62.7804 -29.8445 -5.79509 -25.777 -56.4224
-52.8334 62.6511 -30.1267 -5.82914 -25.939 -56.4467
-52.8626 62.521 -30.409 -5.86325 -26.1015 -56.4709
-52.8921 62.3901 -30.6914 -5.89743 -26.2646 -56.4949
-52.9216 62.2583 -30.974 -5.93168 -26.4281 -56.5186
-52.9514 62.1258 -31.2566 -5.96599 -26.5922 -56.5422
-52.9813 61.9924 -31.5394 -6.00038 -26.7567 -56.5655
-53.0114 61.8582 -31.8223 -6.03484 -26.9218 -56.5886
-53.0416 61.7232 -32.1053 -6.06937 -27.0875 -56.6115
-53.0721 61.5873 -32.3884 -6.10396 -27.2536 -56.6342
-53.1027 61.4507 -32.6716 -6.13863 -27.4203 -56.6567
-53.1334 61.3131 -32.955 -6.17337 -27.5875 -56.679
-53.1644 61.1748 -33.2384 -6.20817 -27.7553 -56.701
-53.1955 61.0356 -33.522 -6.24305 -27.9236 -56.7228
-53.2268 60.8955 -33.8056 -6.278 -28.0924 -56.7444
-53.2583 60.7547 -34.0894 -6.31302 -28.2618 -56.7657
-53.29 60.6129 -34.3733 -6.3481 -28.4318 -56.7868
-53.3218 60.4703 -34.6573 -6.38326 -28.6023 -56.8077
-53.3538 60.3269 -34.9414 -6.41849 -28.7733 -56.8284
-53.386 60.1826 -35.2256 -6.45379 -28.9449 -56.8488
-53.4183 60.0374 -35.5098 -6.48916 -29.1171 -56.8689
-53.4509 59.8914 -35.7942 -6.5246 -29.2899 -56.8888
-53.4836 59.7445 -36.0787 -6.56011 -29.4632 -56.9084
-53.5165 59.5968 -36.3633 -6.59569 -29.6371 -56.9278
-53.5495 59.4482 -36.648 -6.63134 -29.8116 -56.947
-53.5828 59.2987 -36.9328 -6.66706 -29.9867 -56.9659
-53.6162 59.1483 -37.2177 -6.70286 -30.1623 -56.9845
-53.6498 58.9971 -37.5026 -6.73872 -30.3386 -57.0028
-53.6836 58.8449 -37.7877 -6.77466 -30.5154 -57.0209
-53.7176 58.6919 -38.0728 -6.81066 -30.6929 -57.0387
-53.7517 58.538 -38.3581 -6.84674 -30.871 -57.0563
-53.786 58.3832 -38.6434 -6.88288 -31.0496 -57.0736
-53.8205 58.2275 -38.9288 -6.9191 -31.2289 -57.0905
-53.8552 58.0709 -39.2143 -6.95539 -31.4088 -57.1072
-53.8901 57.9134 -39.4999 -6.99175 -31.5893 -57.1237
-53.9251 57.755 -39.7856 -7.02818 -31.7704 -57.1398
-53.9604 57.5957 -40.0713 -7.06467 -31.9522 -57.1556
-53.9958 57.4355 -40.3571 -7.10124 -32.1346 -57.1712
-54.0314 57.2743 -40.643 -7.13788 -32.3177 -57.1864
-54.0672 57.1123 -40.929 -7.17459 -32.5013 -57.2013
-54.1031 56.9493 -41.215 -7.21137 -32.6857 -57.2159
-54.1393 56.7854 -41.5011 -7.24822 -32.8707 -57.2303
-54.1756 56.6206 -41.7873 -7.28514 -33.0563 -57.2443
-54.2121 56.4549 -42.0736 -7.32213 -33.2426 -57.2579
-54.2488 56.2882 -42.3599 -7.35919 -33.4296 -57.2713
-54.2857 56.1206 -42.6463 -7.39631 -33.6172 -57.2843
-54.3228 55.952 -42.9327 -7.43351 -33.8055 -57.297
-54.36 55.7825 -43.2193 -7.47077 -33.9945 -57.3094
-54.3975 55.6121 -43.5058 -7.50811 -34.1842 -57.3214
-54.4351 55.4407 -43.7925 -7.54551 -34.3745 -57.3331
-54.4729 55.2683 -44.0792 -7.58298 -34.5656 -57.3445
-54.511 55.095 -44.3659 -7.62052 -34.7574 -57.3555
-54.5492 54.9207 -44.6527 -7.65812 -34.9498 -57.3661
-54.5875 54.7455 -44.9396 -7.6958 -35.143 -57.3764
-54.6261 54.5693 -45.2265 -7.73354 -35.3369 -57.3863
-54.6649 54.3921 -45.5134 -7.77134 -35.5315 -57.3959
-54.7038 54.214 -45.8004 -7.80921 -35.7268 -57.4051
-54.743 54.0349 -46.0875 -7.84715 -35.9229 -57.4139
-54.7823 53.8548 -46.3746 -7.88516 -36.1197 -57.4223
-54.8218 53.6737 -46.6617 -7.92323 -36.3173 -57.4303
-54.8615 53.4916 -46.9489 -7.96136 -36.5156 -57.438
-54.9014 53.3085 -47.2361 -7.99956 -36.7146 -57.4453
-54.9415 53.1244 -47.5233 -8.03782 -36.9144 -57.4521
-54.9818 52.9394 -47.8106 -8.07615 -37.115 -57.4586
-55.0223 52.7533 -48.0979 -8.11453 -37.3164 -57.4646
-55.0629 52.5662 -48.3853 -8.15299 -37.5185 -57.4703
-55.1038 52.3781 -48.6726 -8.1915 -37.7214 -57.4755
-55.1449 52.189 -48.96 -8.23007 -37.9251 -57.4802
-55.1861 51.9989 -49.2474 -8.2687 -38.1296 -57.4846
-55.2276 51.8077 -49.5349 -8.3074 -38.3349 -57.4885
-55.2692 51.6155 -49.8223 -8.34615 -38.541 -57.492
-55.311 51.4223 -50.1098 -8.38496 -38.748 -57.495
-55.353 51.228 -50.3973 -8.42383 -38.9557 -57.4976
-55.3952 51.0327 -50.6847 -8.46276 -39.1643 -57.4997
-55.4377 50.8364 -50.9722 -8.50174 -39.3737 -57.5014
-55.4803 50.639 -51.2598 -8.54078 -39.584 -57.5026
-55.5231 50.4405 -51.5473 -8.57987 -39.7951 -57.5033
-55.5661 50.241 -51.8348 -8.61901 -40.007 -57.5035
-55.6093 50.0405 -52.1223 -8.65821 -40.2199 -57.5033
-55.6526 49.8388 -52.4098 -8.69746 -40.4336 -57.5025
-55.6962 49.6361 -52.6973 -8.73676 -40.6482 -57.5013
-55.74 49.4323 -52.9848 -8.77611 -40.8636 -57.4995
-55.784 49.2275 -53.2723 -8.81551 -41.08 -57.4972
-55.8282 49.0215 -53.5598 -8.85495 -41.2972 -57.4944
-55.8725 48.8145 -53.8473 -8.89444 -41.5154 -57.4911
-55.9171 48.6064 -54.1347 -8.93398 -41.7345 -57.4873
-55.9619 48.3972 -54.4221 -8.97355 -41.9545 -57.4829
-56.0068 48.1868 -54.7095 -9.01317 -42.1755 -57.4779
-56.052 47.9754 -54.9969 -9.05283 -42.3974 -57.4724
-56.0974 47.7629 -55.2843 -9.09253 -42.6202 -57.4664
-56.1429 47.5492 -55.5716 -9.13227 -42.844 -57.4597
-56.1887 47.3344 -55.8589 -9.17204 -43.0688 -57.4525
-56.2347 47.1185 -56.1461 -9.21184 -43.2945 -57.4447
-56.2808 46.9015 -56.4333 -9.25168 -43.5212 -57.4363
-56.3272 46.6833 -56.7205 -9.29154 -43.7489 -57.4273
-56.3737 46.464 -57.0076 -9.33143 -43.9776 -57.4177
-56.4205 46.2435 -57.2946 -9.37135 -44.2074 -57.4075
-56.4674 46.0219 -57.5817 -9.41129 -44.4381 -57.3967
-56.5146 45.7991 -57.8686 -9.45125 -44.6699 -57.3852
-56.562 45.5752 -58.1555 -9.49122 -44.9027 -57.3731
-56.6095 45.3501 -58.4423 -9.53122 -45.1365 -57.3603
-56.6573 45.1238 -58.7291 -9.57122 -45.3714 -57.3468
-56.7052 44.8964 -59.0158 -9.61123 -45.6074 -57.3327
-56.7534 44.6677 -59.3024 -9.65125 -45.8445 -57.3179
-56.8017 44.4379 -59.589 -9.69127 -46.0826 -57.3025
-56.8503 44.2069 -59.8755 -9.73129 -46.3218 -57.2863
-56.899 43.9747 -60.1618 -9.77131 -46.5621 -57.2694
-56.948 43.7413 -60.4482 -9.81132 -46.8036 -57.2517
-56.9972 43.5067 -60.7344 -9.85131 -47.0462 -57.2334
-57.0465 43.2708 -61.0205 -9.8913 -47.2899 -57.2143
-57.0961 43.0338 -61.3065 -9.93126 -47.5347 -57.1944
-57.1458 42.7955 -61.5924 -9.9712 -47.7807 -57.1738
-57.1958 42.5559 -61.8782 -10.0111 -48.0279 -57.1524
-57.2459 42.3152 -62.164 -10.051 -48.2762 -57.1302
-57.2963 42.0732 -62.4495 -10.0908 -48.5258 -57.1072
-57.3468 41.8299 -62.735 -10.1306 -48.7765 -57.0834
-57.3976 41.5854 -63.0204 -10.1704 -49.0285 -57.0588
-57.4485 41.3396 -63.3056 -10.2101 -49.2816 -57.0333
-57.4997 41.0926 -63.5907 -10.2497 -49.5361 -57.007
-57.551 40.8443 -63.8757 -10.2893 -49.7917 -56.9798
-57.6026 40.5947 -64.1605 -10.3288 -50.0487 -56.9517
-57.6543 40.3438 -64.4452 -10.3682 -50.3069 -56.9227
-57.7063 40.0916 -64.7297 -10.4076 -50.5664 -56.8928
-57.7584 39.8381 -65.0141 -10.4468 -50.8272 -56.8619
-57.8107 39.5833 -65.2984 -10.486 -51.0893 -56.8302
-57.8633 39.3272 -65.5824 -10.525 -51.3527 -56.7974
-57.916 39.0698 -65.8663 -10.564 -51.6175 -56.7637
-57.9689 38.811 -66.1501 -10.6028 -51.8836 -56.729
-58.022 38.5509 -66.4336 -10.6415 -52.1512 -56.6933
-58.0753 38.2895 -66.717 -10.6801 -52.4201 -56.6566
-58.1288 38.0267 -67.0002 -10.7185 -52.6904 -56.6188
-58.1825 37.7626 -67.2832 -10.7568 -52.9621 -56.58
-58.2364 37.4971 -67.566 -10.7949 -53.2353 -56.54
-58.2904 37.2302 -67.8486 -10.8329 -53.5099 -56.499
-58.3447 36.962 -68.131 -10.8706 -53.786 -56.4569
-58.3991 36.6924 -68.4131 -10.9082 -54.0635 -56.4136
-58.4538 36.4214 -68.6951 -10.9455 -54.3426 -56.3691
-58.5086 36.1489 -68.9768 -10.9827 -54.6232 -56.3235
-58.5636 35.8751 -69.2583 -11.0196 -54.9053 -56.2767
-58.6188 35.5999 -69.5396 -11.0563 -55.189 -56.2286
-58.6742 35.3232 -69.8206 -11.0927 -55.4743 -56.1793
-58.7297 35.0451 -70.1014 -11.1289 -55.7611 -56.1287
-58.7854 34.7656 -70.3819 -11.1648 -56.0496 -56.0768
-58.8414 34.4846 -70.6622 -11.2004 -56.3397 -56.0236
-58.8974 34.2022 -70.9421 -11.2356 -56.6315 -55.9691
-58.9537 33.9183 -71.2218 -11.2706 -56.9249 -55.9132
-59.0102 33.6329 -71.5013 -11.3052 -57.2201 -55.8558
-59.0668 33.3461 -71.7804 -11.3394 -57.5169 -55.7971
-59.1235 33.0578 -72.0592 -11.3733 -57.8155 -55.7369
-59.1805 32.7679 -72.3378 -11.4067 -58.1159 -55.6752
-59.2376 32.4766 -72.616 -11.4398 -58.4181 -55.612
-59.2949 32.1837 -72.8939 -11.4724 -58.722 -55.5472
-59.3523 31.8894 -73.1715 -11.5045 -59.0278 -55.4809
-59.4099 31.5935 -73.4487 -11.5362 -59.3355 -55.4129
-59.4677 31.296 -73.7256 -11.5673 -59.6451 -55.3433
-59.5256 30.997 -74.0021 -11.5979 -59.9566 -55.272
-59.5837 30.6964 -74.2783 -11.6279 -60.27 -55.199
-59.6419 30.3943 -74.5541 -11.6573 -60.5854 -55.1243
-59.7002 30.0906 -74.8295 -11.6862 -60.9028 -55.0477
-59.7587 29.7853 -75.1046 -11.7143 -61.2222 -54.9693
-59.8174 29.4783 -75.3792 -11.7418 -61.5437 -54.8891
-59.8761 29.1698 -75.6535 -11.7686 -61.8673 -54.8069
-59.9351 28.8597 -75.9273 -11.7946 -62.193 -54.7228
-59.9941 28.5479 -76.2007 -11.8198 -62.5209 -54.6366
-60.0532 28.2344 -76.4737 -11.8442 -62.851 -54.5484
-60.1125 27.9193 -76.7462 -11.8677 -63.1833 -54.4581
-60.1719 27.6026 -77.0183 -11.8903 -63.5178 -54.3656
-60.2314 27.2842 -77.2898 -11.9119 -63.8547 -54.2709
-60.291 26.964 -77.561 -11.9325 -64.1939 -54.174
-60.3507 26.6422 -77.8316 -11.9521 -64.5355 -54.0747
-60.4105 26.3187 -78.1017 -11.9705 -64.8795 -53.9731
-60.4704 25.9934 -78.3713 -11.9877 -65.2259 -53.869
-60.5304 25.6664 -78.6404 -12.0038 -65.5749 -53.7624
-60.5905 25.3376 -78.9089 -12.0185 -65.9264 -53.6533
-60.6506 25.0071 -79.1769 -12.0318 -66.2806 -53.5415
-60.7108 24.6748 -79.4443 -12.0437 -66.6373 -53.427
-60.771 24.3407 -79.7112 -12.0541 -66.9968 -53.3098
-60.8313 24.0048 -79.9774 -12.063 -67.359 -53.1896
-60.8917 23.6671 -80.2431 -12.0701 -67.724 -53.0666
-60.952 23.3276 -80.5081 -12.0754 -68.0918 -52.9405
-61.0124 22.9862 -80.7725 -12.0789 -68.4626 -52.8113
-61.0728 22.6429 -81.0362 -12.0804 -68.8363 -52.679
-61.1332 22.2978 -81.2993 -12.0799 -69.2131 -52.5433
-61.1936 21.9508 -81.5617 -12.0771 -69.593 -52.4043
-61.254 21.6018 -81.8233 -12.0721 -69.976 -52.2617
-61.3143 21.251 -82.0843 -12.0646 -70.3622 -52.1156
-61.3746 20.8982 -82.3445 -12.0545 -70.7517 -51.9657
-61.4348 20.5434 -82.6039 -12.0417 -71.1446 -51.8121
-61.495 20.1867 -82.8626 -12.0259 -71.541 -51.6544
-61.5551 19.828 -83.1205 -12.0072 -71.9409 -51.4927
-61.6151 19.4673 -83.3775 -11.9851 -72.3443 -51.3268
-61.6749 19.1045 -83.6337 -11.9597 -72.7515 -51.1564
-61.7346 18.7397 -83.8891 -11.9305 -73.1625 -50.9816
-61.7942 18.3729 -84.1435 -11.8975 -73.5773 -50.8021
-61.8536 18.0039 -84.3971 -11.8604 -73.9961 -50.6178
-61.9128 17.6329 -84.6497 -11.8188 -74.419 -50.4284
-61.9718 17.2597 -84.9014 -11.7726 -74.846 -50.2339
-62.0305 16.8844 -85.1521 -11.7214 -75.2774 -50.0339
-62.089 16.5069 -85.4017 -11.6649 -75.7131 -49.8284
-62.1471 16.1272 -85.6503 -11.6028 -76.1534 -49.617
-62.205 15.7453 -85.8979 -11.5345 -76.5983 -49.3996
-62.2625 15.3612 -86.1443 -11.4598 -77.048 -49.1759
-62.3196 14.9748 -86.3897 -11.3781 -77.5026 -48.9456
-62.3762 14.5861 -86.6338 -11.289 -77.9622 -48.7086
-62.4324 14.1951 -86.8767 -11.1919 -78.4271 -48.4644
-62.4881 13.8018 -87.1184 -11.0862 -78.8973 -48.2128
-62.5433 13.4061 -87.3589 -10.9712 -79.373 -47.9534
-62.5978 13.008 -87.598 -10.8462 -79.8544 -47.686
-62.6517 12.6075 -87.8357 -10.7105 -80.3417 -47.4101
-62.7049 12.2045 -88.0721 -10.5631 -80.8349 -47.1254
-62.7573 11.7991 -88.307 -10.403 -81.3345 -46.8314
-62.8089 11.3911 -88.5404 -10.2292 -81.8404 -46.5277
-62.8595 10.9806 -88.7723 -10.0406 -82.3529 -46.2139
-62.9092 10.5675 -89.0025 -9.83567 -82.8722 -45.8894
-62.9579 10.1518 -89.2312 -9.61303 -83.3985 -45.5537
-63.0053 9.73344 -89.4581 -9.37101 -83.932 -45.2063
-63.0515 9.31239 -89.6832 -9.10772 -84.473 -44.8465
-63.0963 8.88861 -89.9065 -8.82106 -85.0214 -44.4739
-63.1397 8.46207 -90.128 -8.50865 -85.5777 -44.0876
-63.1813 8.03272 -90.3474 -8.1678 -86.1419 -43.687
-63.2212 7.60052 -90.5649 -7.79542 -86.7141 -43.2715
-63.2592 7.16544 -90.7802 -7.38802 -87.2944 -42.8402
-63.295 6.72743 -90.9933 -6.94158 -87.8829 -42.3925
-63.3285 6.28645 -91.2041 -6.45146 -88.4794 -41.9277
-63.3594 5.84246 -91.4126 -5.91232 -89.0838 -41.4451
-63.3875 5.39542 -91.6186 -5.31796 -89.6957 -40.9439
-63.4124 4.94529 -91.8221 -4.66114 -90.3146 -40.4239
-63.4339 4.49204 -92.0229 -3.9334 -90.9395 -39.8846
-63.4516 4.03564 -92.221 -3.12477 -91.5692 -39.326
-63.4649 3.57607 -92.4162 -2.22349 -92.2018 -38.7487
-63.4735 3.11331 -92.6085 -1.2156 -92.8346 -38.1537
-63.4768 2.64737 -92.7979 -0.0844918 -93.4639 -37.5432
-63.474 2.17828 -92.9841 1.18968 -94.0842 -36.921
-63.4645 1.7061 -93.1673 2.63064 -94.6881 -36.2927
-63.4472 1.23091 -93.3473 4.26677 -95.2652 -35.6677
-63.4212 0.752893 -93.5242 6.13187 -95.8007 -35.0598
-63.3852 0.272283 -93.6983 8.26585 -96.2735 -34.4901
-63.3378 -0.210551 -93.8697 10.7149 -96.6543 -33.99
-63.2772 -0.695068 -94.0389 13.5307 -96.9014 -33.6063
-63.2014 -1.18049 -94.2067 16.7667 -96.9563 -33.408
-63.1082 -1.66568 -94.3743 20.4703 -96.7382 -33.4947
-62.9953 -2.14907 -94.5434 24.6653 -96.1389 -34.0071
-62.8601 -2.62847 -94.7167 29.3203 -95.0218 -35.1327
-62.7007 -3.10095 -94.8979 34.3004 -93.234 -37.0987
-62.5161 -3.56285 -95.0917 39.3091 -90.644 -40.1317
-62.3074 -4.01001 -95.3038 43.8611 -87.2145 -44.3659
-62.0782 -4.43845 -95.5401 47.3537 -83.0874 -49.717
-61.8353 -4.84532 -95.8052 49.2737 -78.6125 -55.8095
-61.5871 -5.22984 -96.1014 49.4335 -74.2501 -62.0626
-61.3421 -5.59343 -96.4278 48.0387 -70.3967 -67.9117
-61.1071 -5.93916 -96.7815 45.5388 -67.2654 -72.9923
-60.8864 -6.27078 -97.1583 42.4135 -64.8872 -77.1776
-60.6821 -6.59191 -97.5537 39.0408 -63.1814 -80.5076
-60.4949 -6.90568 -97.9637 35.6679 -62.0257 -83.1013
-60.3243 -7.21458 -98.385 32.4334 -61.2984 -85.096
-60.1694 -7.52055 -98.8149 29.4037 -60.8962 -86.6177
-60.0292 -7.82502 -99.2515 26.6012 -60.7375 -87.771
-59.9025 -8.12909 -99.6929 24.0246 -60.7605 -88.6386
-59.7882 -8.43356 -100.138 21.6608 -60.9189 -89.2845
-59.6852 -8.73903 -100.586 19.4917 -61.1786 -89.7575
-59.5927 -9.04596 -101.036 17.498 -61.5142 -90.0947
-59.5097 -9.35468 -101.487 15.6607 -61.907 -90.3247
-59.4356 -9.66545 -101.94 13.9626 -62.3429 -90.4692
-59.3697 -9.97847 -102.392 12.3878 -62.8113 -90.545
-59.3114 -10.2939 -102.845 10.9227 -63.3043 -90.5653
-59.2602 -10.6118 -103.298 9.55493 -63.8159 -90.5403
-59.2156 -10.9323 -103.751 8.27394 -64.3415 -90.4781
-59.1772 -11.2554 -104.203 7.07043 -64.8774 -90.385
-59.1447 -11.5812 -104.655 5.93628 -65.421 -90.2661
-59.1176 -11.9097 -105.106 4.86441 -65.97 -90.1256
-59.0958 -12.241 -105.556 3.84859 -66.5229 -89.9668
-59.079 -12.5751 -106.006 2.8834 -67.0783 -89.7923
-59.0669 -12.9119 -106.454 1.96405 -67.6352 -89.6044
-59.0592 -13.2515 -106.902 1.0863 -68.1929 -89.4048
-59.0559 -13.5939 -107.348 0.246421 -68.7506 -89.195
-59.0567 -13.9391 -107.794 -0.558894 -69.308 -88.9763
-59.0614 -14.2871 -108.238 -1.33259 -69.8645 -88.7497
-59.0699 -14.6378 -108.681 -2.0773 -70.42 -88.5159
-59.0821 -14.9914 -109.123 -2.79538 -70.9742 -88.2758
-59.0978 -15.3476 -109.564 -3.48892 -71.5268 -88.0298
-59.1169 -15.7067 -110.004 -4.15982 -72.0779 -87.7785
-59.1393 -16.0685 -110.442 -4.80979 -72.6272 -87.5224
-59.1649 -16.433 -110.879 -5.44037 -73.1746 -87.2616
-59.1936 -16.8003 -111.315 -6.05295 -73.7202 -86.9965
-59.2254 -17.1702 -111.749 -6.6488 -74.2639 -86.7274
-59.2601 -17.5429 -112.182 -7.22907 -74.8057 -86.4544
-59.2976 -17.9183 -112.614 -7.79482 -75.3455 -86.1778
-59.338 -18.2964 -113.044 -8.34698 -75.8834 -85.8976
-59.381 -18.6772 -113.473 -8.88646 -76.4193 -85.6139
-59.4268 -19.0606 -113.9 -9.41403 -76.9533 -85.3269
-59.4751 -19.4467 -114.326 -9.93045 -77.4853 -85.0367
-59.526 -19.8355 -114.751 -10.4364 -78.0154 -84.7432
-59.5795 -20.2269 -115.174 -10.9325 -78.5435 -84.4465
-59.6353 -20.621 -115.595 -11.4192 -79.0698 -84.1468
-59.6936 -21.0176 -116.015 -11.8973 -79.5942 -83.8439
-59.7543 -21.4169 -116.434 -12.3671 -80.1167 -83.5379
-59.8172 -21.8188 -116.85 -12.829 -80.6373 -83.2288
-59.8825 -22.2233 -117.266 -13.2836 -81.1561 -82.9167
-59.9501 -22.6304 -117.68 -13.7312 -81.6731 -82.6015
-60.0198 -23.0401 -118.092 -14.1722 -82.1882 -82.2832
-60.0917 -23.4523 -118.503 -14.6068 -82.7015 -81.9619
-60.1658 -23.8671 -118.912 -15.0355 -83.213 -81.6374
-60.2421 -24.2844 -119.319 -15.4585 -83.7227 -81.3099
-60.3204 -24.7043 -119.725 -15.8761 -84.2306 -80.9792
-60.4008 -25.1268 -120.129 -16.2885 -84.7368 -80.6453
-60.4833 -25.5517 -120.531 -16.696 -85.2411 -80.3083
-60.5678 -25.9792 -120.932 -17.0988 -85.7436 -79.9681
-60.6542 -26.4092 -121.331 -17.4972 -86.2444 -79.6248
-60.7427 -26.8416 -121.728 -17.8912 -86.7433 -79.2781
-60.8331 -27.2766 -122.124 -18.2811 -87.2405 -78.9283
-60.9255 -27.714 -122.517 -18.6672 -87.7359 -78.5751
-61.0198 -28.154 -122.909 -19.0494 -88.2294 -78.2187
-61.116 -28.5964 -123.3 -19.428 -88.7212 -77.8589
-61.214 -29.0412 -123.688 -19.8031 -89.2111 -77.4958
-61.314 -29.4885 -124.075 -20.1749 -89.6992 -77.1293
-61.4158 -29.9382 -124.459 -20.5435 -90.1854 -76.7594
-61.5194 -30.3903 -124.842 -20.9089 -90.6698 -76.386
-61.6248 -30.8449 -125.223 -21.2714 -91.1523 -76.0093
-61.7321 -31.3019 -125.602 -21.6309 -91.6329 -75.629
-61.8411 -31.7612 -125.98 -21.9877 -92.1116 -75.2453
-61.952 -32.223 -126.355 -22.3418 -92.5884 -74.858
-62.0645 -32.6871 -126.728 -22.6933 -93.0632 -74.4672
-62.1789 -33.1536 -127.1 -23.0422 -93.5361 -74.0728
-62.2949 -33.6225 -127.469 -23.3887 -94.0069 -73.6748
-62.4127 -34.0937 -127.836 -23.7328 -94.4757 -73.2732
-62.5323 -34.5672 -128.202 -24.0745 -94.9425 -72.868
-62.6535 -35.0431 -128.565 -24.414 -95.4072 -72.4592
-62.7764 -35.5213 -128.926 -24.7513 -95.8698 -72.0466
-62.901 -36.0018 -129.285 -25.0865 -96.3303 -71.6304
-63.0272 -36.4846 -129.643 -25.4196 -96.7886 -71.2105
-63.1552 -36.9697 -129.998 -25.7506 -97.2448 -70.7868
-63.2847 -37.4571 -130.35 -26.0796 -97.6987 -70.3595
-63.4159 -37.9467 -130.701 -26.4067 -98.1503 -69.9283
-63.5488 -38.4386 -131.05 -26.7319 -98.5997 -69.4934
-63.6833 -38.9327 -131.396 -27.0551 -99.0467 -69.0547
-63.8193 -39.429 -131.74 -27.3766 -99.4914 -68.6122
-63.957 -39.9276 -132.082 -27.6962 -99.9337 -68.1659
-64.0963 -40.4284 -132.422 -28.014 -100.374 -67.7158
-64.2371 -40.9313 -132.759 -28.3301 -100.811 -67.2619
-64.3796 -41.4365 -133.095 -28.6444 -101.246 -66.8041
-64.5236 -41.9438 -133.427 -28.9571 -101.678 -66.3425
-64.6691 -42.4533 -133.758 -29.268 -102.108 -65.877
-64.8162 -42.9649 -134.086 -29.5773 -102.535 -65.4077
-64.9649 -43.4786 -134.412 -29.8849 -102.96 -64.9345
-65.1151 -43.9945 -134.736 -30.1908 -103.381 -64.4574
-65.2668 -44.5124 -135.057 -30.4952 -103.8 -63.9765
-65.42 -45.0325 -135.375 -30.7979 -104.217 -63.4917
-65.5748 -45.5546 -135.692 -31.099 -104.63 -63.003
-65.731 -46.0788 -136.005 -31.3985 -105.04 -62.5104
-65.8887 -46.605 -136.317 -31.6965 -105.448 -62.014
-66.048 -47.1333 -136.626 -31.9928 -105.853 -61.5137
-66.2087 -47.6635 -136.932 -32.2876 -106.254 -61.0095
-66.3708 -48.1958 -137.236 -32.5809 -106.653 -60.5015
-66.5345 -48.7301 -137.537 -32.8725 -107.048 -59.9896
-66.6996 -49.2663 -137.836 -33.1626 -107.44 -59.4739
-66.8661 -49.8045 -138.132 -33.4511 -107.829 -58.9543
-67.0341 -50.3446 -138.425 -33.7381 -108.215 -58.4309
-67.2035 -50.8866 -138.716 -34.0235 -108.598 -57.9037
-67.3743 -51.4305 -139.004 -34.3073 -108.977 -57.3727
-67.5465 -51.9764 -139.29 -34.5895 -109.353 -56.8379
-67.7202 -52.5241 -139.573 -34.8702 -109.725 -56.2993
-67.8952 -53.0736 -139.853 -35.1493 -110.094 -55.757
-68.0717 -53.625 -140.13 -35.4268 -110.459 -55.2108
-68.2495 -54.1782 -140.405 -35.7028 -110.821 -54.661
-68.4287 -54.7332 -140.677 -35.9771 -111.179 -54.1075
-68.6092 -55.29 -140.946 -36.2498 -111.533 -53.5502
-68.7912 -55.8485 -141.212 -36.5209 -111.884 -52.9893
-68.9744 -56.4088 -141.476 -36.7904 -112.231 -52.4248
-69.1591 -56.9709 -141.737 -37.0583 -112.574 -51.8566
-69.345 -57.5346 -141.994 -37.3245 -112.913 -51.2849
-69.5323 -58.1 -142.249 -37.589 -113.248 -50.7096
-69.7209 -58.6671 -142.501 -37.8519 -113.58 -50.1307
-69.9108 -59.2358 -142.751 -38.1132 -113.907 -49.5483
-70.102 -59.8061 -142.997 -38.3727 -114.23 -48.9625
-70.2945 -60.3781 -143.24 -38.6305 -114.55 -48.3732
-70.4883 -60.9516 -143.481 -38.8867 -114.865 -47.7805
-70.6834 -61.5267 -143.718 -39.1411 -115.176 -47.1844
-70.8797 -62.1034 -143.953 -39.3937 -115.482 -46.585
-71.0773 -62.6815 -144.184 -39.6446 -115.784 -45.9822
-71.2762 -63.2612 -144.412 -39.8938 -116.082 -45.3762
-71.4763 -63.8424 -144.638 -40.1411 -116.376 -44.767
-71.6776 -64.425 -144.86 -40.3867 -116.665 -44.1546
-71.8801 -65.009 -145.079 -40.6304 -116.95 -43.539
-72.0839 -65.5945 -145.295 -40.8724 -117.23 -42.9204
-72.2888 -66.1813 -145.509 -41.1124 -117.506 -42.2986
-72.495 -66.7695 -145.718 -41.3507 -117.777 -41.6739
-72.7024 -67.3591 -145.925 -41.587 -118.044 -41.0462
-72.9109 -67.95 -146.129 -41.8215 -118.305 -40.4156
-73.1206 -68.5421 -146.329 -42.0541 -118.563 -39.7821
-73.3314 -69.1356 -146.527 -42.2847 -118.815 -39.1459
-73.5434 -69.7303 -146.721 -42.5134 -119.062 -38.5068
-73.7565 -70.3262 -146.912 -42.7402 -119.305 -37.865
-73.9708 -70.9233 -147.1 -42.965 -119.543 -37.2206
-74.1862 -71.5216 -147.284 -43.1878 -119.776 -36.5736
-74.4027 -72.1211 -147.465 -43.4086 -120.004 -35.924
-74.6203 -72.7217 -147.643 -43.6274 -120.228 -35.2719
-74.8389 -73.3234 -147.818 -43.8441 -120.446 -34.6174
-75.0587 -73.9261 -147.989 -44.0588 -120.659 -33.9606
-75.2795 -74.53 -148.158 -44.2715 -120.867 -33.3014
-75.5014 -75.1348 -148.322 -44.482 -121.07 -32.6399
-75.7243 -75.7407 -148.484 -44.6905 -121.268 -31.9763
-75.9483 -76.3475 -148.642 -44.8969 -121.461 -31.3105
-76.1733 -76.9553 -148.797 -45.1011 -121.649 -30.6427
-76.3993 -77.564 -148.949 -45.3032 -121.831 -29.9729
-76.6263 -78.1736 -149.097 -45.5031 -122.008 -29.3011
-76.8544 -78.7841 -149.242 -45.7009 -122.181 -28.6275
-77.0833 -79.3954 -149.383 -45.8965 -122.347 -27.9521
-77.3133 -80.0075 -149.521 -46.0898 -122.509 -27.2749
-77.5442 -80.6205 -149.656 -46.281 -122.665 -26.5961
-77.7761 -81.2342 -149.787 -46.4699 -122.816 -25.9157
-78.0089 -81.8486 -149.915 -46.6566 -122.962 -25.2337
-78.2427 -82.4638 -150.04 -46.841 -123.102 -24.5503
-78.4773 -83.0797 -150.161 -47.0232 -123.237 -23.8655
-78.7129 -83.6962 -150.278 -47.2031 -123.366 -23.1794
-78.9494 -84.3133 -150.392 -47.3807 -123.491 -22.492
-79.1867 -84.9311 -150.503 -47.556 -123.609 -21.8035
-79.4249 -85.5494 -150.61 -47.7289 -123.723 -21.1139
-79.664 -86.1683 -150.714 -47.8996 -123.831 -20.4233
-79.9039 -86.7877 -150.815 -48.0679 -123.933 -19.7317
-80.1447 -87.4076 -150.912 -48.2338 -124.031 -19.0392
-80.3863 -88.028 -151.005 -48.3974 -124.122 -18.3459
-80.6287 -88.6489 -151.095 -48.5586 -124.209 -17.6519
-80.8718 -89.2701 -151.182 -48.7174 -124.289 -16.9572
-81.1158 -89.8917 -151.265 -48.8739 -124.365 -16.262
-81.3606 -90.5138 -151.344 -49.0279 -124.435 -15.5663
-81.6061 -91.1361 -151.42 -49.1796 -124.499 -14.8701
-81.8524 -91.7587 -151.493 -49.3288 -124.559 -14.1736
-82.0994 -92.3817 -151.562 -49.4756 -124.612 -13.4768
-82.3471 -93.0049 -151.628 -49.62 -124.661 -12.7798
-82.5956 -93.6283 -151.69 -49.762 -124.703 -12.0827
-82.8448 -94.2519 -151.748 -49.9015 -124.741 -11.3855
-83.0946 -94.8757 -151.804 -50.0385 -124.773 -10.6884
-83.3451 -95.4996 -151.855 -50.1731 -124.8 -9.99136
-83.5963 -96.1237 -151.904 -50.3053 -124.821 -9.2945
-83.8482 -96.7478 -151.948 -50.435 -124.837 -8.59789
-84.1007 -97.3721 -151.99 -50.5623 -124.848 -7.9016
-84.3538 -97.9963 -152.027 -50.687 -124.853 -7.20571
-84.6075 -98.6206 -152.062 -50.8093 -124.853 -6.5103
-84.8619 -99.2449 -152.092 -50.9292 -124.848 -5.81544
-85.1168 -99.8691 -152.12 -51.0466 -124.838 -5.1212
-85.3724 -100.493 -152.144 -51.1615 -124.822 -4.42765
-85.6285 -101.117 -152.164 -51.2739 -124.801 -3.73488
-85.8851 -101.741 -152.181 -51.3839 -124.775 -3.04294
-86.1423 -102.365 -152.194 -51.4914 -124.744 -2.35191
-86.4 -102.989 -152.205 -51.5964 -124.707 -1.66187
-86.6583 -103.612 -152.211 -51.6989 -124.666 -0.972876
-86.917 -104.235 -152.214 -51.799 -124.619 -0.28501
-87.1762 -104.858 -152.214 -51.8967 -124.567 0.401663
-87.436 -105.481 -152.21 -51.9918 -124.511 1.08707
-87.6962 -106.103 -152.203 -52.0845 -124.449 1.77115
-87.9568 -106.726 -152.193 -52.1748 -124.382 2.45384
-88.2179 -107.347 -152.179 -52.2626 -124.311 3.13505
-88.4794 -107.969 -152.161 -52.348 -124.234 3.81474
-88.7414 -108.59 -152.14 -52.4309 -124.153 4.49283
-89.0037 -109.21 -152.116 -52.5114 -124.066 5.16926
-89.2665 -109.83 -152.089 -52.5895 -123.975 5.84397
-89.5296 -110.45 -152.058 -52.6652 -123.88 6.51688
-89.7931 -111.069 -152.024 -52.7384 -123.779 7.18795
-90.057 -111.688 -151.986 -52.8093 -123.674 7.85711
-90.3212 -112.306 -151.945 -52.8778 -123.564 8.52429
-90.5858 -112.923 -151.901 -52.9438 -123.45 9.18945
-90.8507 -113.54 -151.853 -53.0075 -123.331 9.85251
-91.1159 -114.157 -151.802 -53.0689 -123.207 10.5134
-91.3814 -114.772 -151.748 -53.1279 -123.079 11.1721
-91.6472 -115.387 -151.69 -53.1845 -122.947 11.8286
-91.9132 -116.002 -151.63 -53.2388 -122.81 12.4827
-92.1795 -116.616 -151.566 -53.2908 -122.669 13.1345
-92.4461 -117.228 -151.498 -53.3405 -122.523 13.7839
-92.7129 -117.841 -151.428 -53.3879 -122.374 14.4307
-92.98 -118.452 -151.354 -53.433 -122.22 15.0751
-93.2473 -119.063 -151.277 -53.4758 -122.062 15.7169
-93.5148 -119.673 -151.197 -53.5163 -121.899 16.3561
-93.7824 -120.282 -151.114 -53.5547 -121.733 16.9926
-94.0503 -120.89 -151.027 -53.5907 -121.563 17.6263
-94.3183 -121.498 -150.937 -53.6246 -121.389 18.2574
-94.5865 -122.104 -150.844 -53.6563 -121.211 18.8856
-94.8549 -122.71 -150.748 -53.6858 -121.029 19.511
-95.1234 -123.314 -150.649 -53.7131 -120.843 20.1334
-95.392 -123.918 -150.547 -53.7382 -120.653 20.753
-95.6608 -124.521 -150.442 -53.7612 -120.46 21.3696
-95.9296 -125.123 -150.333 -53.7821 -120.263 21.9831
-96.1986 -125.724 -150.222 -53.8009 -120.063 22.5937
-96.4677 -126.323 -150.107 -53.8176 -119.859 23.2011
-96.7368 -126.922 -149.99 -53.8322 -119.651 23.8054
-97.006 -127.52 -149.869 -53.8448 -119.44 24.4066
-97.2752 -128.117 -149.746 -53.8553 -119.226 25.0046
-97.5445 -128.712 -149.619 -53.8638 -119.008 25.5994
-97.8139 -129.307 -149.49 -53.8703 -118.787 26.1909
-98.0832 -129.9 -149.357 -53.8748 -118.563 26.7791
-98.3526 -130.492 -149.222 -53.8773 -118.335 27.364
-98.622 -131.083 -149.084 -53.8779 -118.104 27.9456
-98.8914 -131.673 -148.943 -53.8766 -117.871 28.5238
-99.1608 -132.262 -148.799 -53.8733 -117.634 29.0987
-99.4301 -132.85 -148.652 -53.8681 -117.394 29.6701
-99.6994 -133.436 -148.502 -53.8611 -117.151 30.2381
-99.9687 -134.021 -148.349 -53.8522 -116.906 30.8026
-100.238 -134.605 -148.194 -53.8415 -116.657 31.3636
-100.507 -135.188 -148.036 -53.829 -116.406 31.9211
-100.776 -135.769 -147.875 -53.8147 -116.152 32.4752
-101.045 -136.349 -147.711 -53.7986 -115.896 33.0256
-101.314 -136.928 -147.544 -53.7807 -115.637 33.5725
-101.583 -137.506 -147.375 -53.7611 -115.375 34.1159
-101.852 -138.082 -147.203 -53.7398 -115.111 34.6556
-102.121 -138.657 -147.029 -53.7168 -114.844 35.1917
-102.389 -139.23 -146.851 -53.6921 -114.575 35.7243
-102.657 -139.802 -146.671 -53.6657 -114.303 36.2531
-102.926 -140.373 -146.489 -53.6377 -114.029 36.7784
-103.194 -140.943 -146.304 -53.6081 -113.753 37.2999
-103.462 -141.511 -146.116 -53.5769 -113.475 37.8179
-103.73 -142.077 -145.925 -53.5441 -113.194 38.3321
-103.997 -142.643 -145.732 -53.5098 -112.912 38.8427
-104.265 -143.207 -145.537 -53.4739 -112.627 39.3495
-104.532 -143.769 -145.339 -53.4365 -112.341 39.8527
-104.799 -144.33 -145.138 -53.3976 -112.052 40.3522
-105.066 -144.89 -144.935 -53.3573 -111.761 40.8479
-105.333 -145.448 -144.73 -53.3155 -111.469 41.3399
-105.599 -146.004 -144.522 -53.2722 -111.175 41.8283
-105.865 -146.559 -144.312 -53.2275 -110.879 42.3129
-106.131 -147.113 -144.099 -53.1814 -110.581 42.7938
-106.397 -147.665 -143.884 -53.134 -110.281 43.2709
-106.663 -148.216 -143.666 -53.0852 -109.98 43.7444
-106.928 -148.765 -143.446 -53.0351 -109.678 44.2141
-107.193 -149.313 -143.224 -52.9836 -109.373 44.6801
-107.458 -149.859 -142.999 -52.9308 -109.068 45.1424
-107.722 -150.403 -142.773 -52.8768 -108.76 45.601
-107.987 -150.946 -142.543 -52.8215 -108.452 46.0558
-108.251 -151.488 -142.312 -52.765 -108.142 46.507
-108.514 -152.028 -142.078 -52.7072 -107.83 46.9544
-108.778 -152.566 -141.843 -52.6483 -107.518 47.3981
-109.041 -153.103 -141.604 -52.5881 -107.204 47.8382
-109.304 -153.638 -141.364 -52.5269 -106.889 48.2746
-109.566 -154.172 -141.122 -52.4644 -106.573 48.7072
-109.828 -154.704 -140.877 -52.4009 -106.255 49.1362
-110.09 -155.234 -140.63 -52.3362 -105.937 49.5616
-110.352 -155.763 -140.381 -52.2704 -105.617 49.9832
-110.613 -156.291 -140.131 -52.2036 -105.297 50.4013
-110.874 -156.816 -139.877 -52.1357 -104.975 50.8157
-111.134 -157.34 -139.622 -52.0668 -104.653 51.2264
-111.394 -157.863 -139.365 -51.9969 -104.329 51.6336
-111.654 -158.384 -139.106 -51.926 -104.005 52.0371
-111.913 -158.903 -138.845 -51.8541 -103.68 52.437
-112.173 -159.42 -138.582 -51.7813 -103.355 52.8334
-112.431 -159.936 -138.316 -51.7075 -103.028 53.2262
-112.69 -160.451 -138.049 -51.6327 -102.701 53.6154
-112.948 -160.963 -137.78 -51.5571 -102.373 54.0011
-113.205 -161.474 -137.509 -51.4806 -102.044 54.3832
-113.462 -161.984 -137.237 -51.4032 -101.715 54.7618
-113.719 -162.492 -136.962 -51.3249 -101.385 55.1369
-113.976 -162.998 -136.685 -51.2458 -101.055 55.5085
-114.232 -163.502 -136.407 -51.1659 -100.724 55.8767
-114.487 -164.005 -136.126 -51.0852 -100.393 56.2414
-114.743 -164.506 -135.844 -51.0037 -100.061 56.6026
-114.997 -165.005 -135.56 -50.9214 -99.7289 56.9604
-115.252 -165.503 -135.275 -50.8383 -99.3963 57.3148
-115.506 -165.999 -134.987 -50.7545 -99.0634 57.6658
-115.759 -166.494 -134.698 -50.67 -98.7301 58.0134
-116.012 -166.987 -134.407 -50.5847 -98.3965 58.3576
-116.265 -167.478 -134.114 -50.4988 -98.0626 58.6985
-116.517 -167.967 -133.82 -50.4122 -97.7285 59.036
-116.769 -168.455 -133.524 -50.3249 -97.3942 59.3703
-117.021 -168.941 -133.226 -50.2369 -97.0597 59.7012
-117.272 -169.426 -132.927 -50.1483 -96.725 60.0289
-117.522 -169.909 -132.626 -50.0591 -96.3902 60.3533
-117.772 -170.39 -132.324 -49.9693 -96.0553 60.6745
-118.022 -170.869 -132.019 -49.8788 -95.7202 60.9924
-118.271 -171.347 -131.714 -49.7878 -95.3851 61.3071
-118.52 -171.823 -131.406 -49.6962 -95.05 61.6187
-118.768 -172.297 -131.097 -49.6041 -94.7148 61.9271
-119.016 -172.77 -130.787 -49.5114 -94.3797 62.2323
-119.263 -173.241 -130.475 -49.4182 -94.0445 62.5344
-119.51 -173.711 -130.162 -49.3245 -93.7095 62.8334
-119.756 -174.178 -129.847 -49.2302 -93.3744 63.1293
-120.002 -174.644 -129.53 -49.1355 -93.0395 63.4221
-120.248 -175.109 -129.213 -49.0403 -92.7047 63.7119
-120.493 -175.571 -128.893 -48.9446 -92.3701 63.9987
-120.737 -176.032 -128.573 -48.8485 -92.0356 64.2824
-120.981 -176.492 -128.25 -48.7519 -91.7012 64.5631
-121.225 -176.949 -127.927 -48.6549 -91.3671 64.8409
-121.468 -177.405 -127.602 -48.5575 -91.0332 65.1157
-121.71 -177.86 -127.276 -48.4597 -90.6995 65.3876
-121.952 -178.312 -126.948 -48.3615 -90.366 65.6566
-122.194 -178.763 -126.619 -48.2628 -90.0329 65.9227
-122.435 -179.213 -126.289 -48.1639 -89.7 66.1859
-122.676 -179.66 -125.957 -48.0645 -89.3674 66.4462
-122.916 -180.106 -125.624 -47.9648 -89.0351 66.7038
-123.155 -180.551 -125.29 -47.8648 -88.7032 66.9585
-123.394 -180.993 -124.955 -47.7644 -88.3716 67.2104
-123.633 -181.434 -124.618 -47.6637 -88.0404 67.4595
-123.871 -181.874 -124.28 -47.5627 -87.7096 67.706
-124.108 -182.312 -123.941 -47.4614 -87.3792 67.9496
-124.345 -182.748 -123.601 -47.3598 -87.0492 68.1906
-124.582 -183.182 -123.259 -47.2579 -86.7196 68.4289
-124.818 -183.615 -122.916 -47.1557 -86.3905 68.6645
-125.054 -184.046 -122.573 -47.0533 -86.0618 68.8974
-125.289 -184.475 -122.228 -46.9506 -85.7336 69.1277
-125.523 -184.903 -121.881 -46.8477 -85.4059 69.3555
-125.757 -185.33 -121.534 -46.7445 -85.0787 69.5806
-125.991 -185.754 -121.185 -46.6411 -84.752 69.8031
-126.223 -186.177 -120.836 -46.5375 -84.4258 70.0231
-126.456 -186.598 -120.485 -46.4337 -84.1001 70.2406
-126.688 -187.018 -120.134 -46.3297 -83.775 70.4556
-126.919 -187.436 -119.781 -46.2255 -83.4504 70.6681
-127.15 -187.853 -119.427 -46.1211 -83.1264 70.8781
-127.38 -188.267 -119.072 -46.0165 -82.803 71.0857
-127.61 -188.681 -118.716 -45.9118 -82.4802 71.2908
-127.84 -189.092 -118.359 -45.8069 -82.158 71.4935
-128.068 -189.502 -118.001 -45.7018 -81.8363 71.6939
-128.297 -189.911 -117.642 -45.5966 -81.5153 71.8918
-128.524 -190.317 -117.282 -45.4912 -81.195 72.0874
-128.751 -190.722 -116.921 -45.3857 -80.8752 72.2807
-128.978 -191.126 -116.559 -45.2801 -80.5561 72.4717
-129.204 -191.528 -116.196 -45.1744 -80.2377 72.6604
-129.43 -191.928 -115.833 -45.0686 -79.9199 72.8468
-129.655 -192.327 -115.468 -44.9626 -79.6028 73.0309
-129.88 -192.724 -115.102 -44.8566 -79.2864 73.2128
-130.104 -193.12 -114.736 -44.7504 -78.9706 73.3925
-130.327 -193.514 -114.368 -44.6442 -78.6556 73.57
-130.55 -193.907 -114 -44.5379 -78.3412 73.7453
-130.772 -194.298 -113.631 -44.4315 -78.0276 73.9185
-130.994 -194.687 -113.261 -44.3251 -77.7146 74.0895
-131.216 -195.075 -112.89 -44.2186 -77.4024 74.2584
-131.436 -195.461 -112.518 -44.112 -77.091 74.4251
-131.657 -195.846 -112.146 -44.0054 -76.7802 74.5898
-131.877 -196.229 -111.773 -43.8987 -76.4702 74.7525
-132.096 -196.61 -111.398 -43.792 -76.1609 74.913
-132.314 -196.99 -111.023 -43.6853 -75.8524 75.0716
-132.533 -197.369 -110.648 -43.5786 -75.5447 75.2281
-132.75 -197.746 -110.271 -43.4718 -75.2377 75.3826
-132.967 -198.121 -109.894 -43.365 -74.9315 75.5352
-133.184 -198.495 -109.516 -43.2582 -74.626 75.6857
-133.4 -198.868 -109.137 -43.1513 -74.3213 75.8344
-133.615 -199.238 -108.757 -43.0445 -74.0174 75.9811
-133.83 -199.608 -108.377 -42.9377 -73.7143 76.1259
-134.045 -199.975 -107.996 -42.8309 -73.412 76.2688
-134.259 -200.342 -107.614 -42.7241 -73.1105 76.4098
-134.472 -200.707 -107.232 -42.6173 -72.8097 76.549
-134.685 -201.07 -106.849 -42.5105 -72.5098 76.6863
-134.897 -201.432 -106.465 -42.4037 -72.2107 76.8218
-135.109 -201.792 -106.081 -42.297 -71.9124 76.9555
-135.32 -202.151 -105.696 -42.1903 -71.6149 77.0874
-135.531 -202.508 -105.31 -42.0837 -71.3182 77.2175
-135.741 -202.864 -104.923 -41.977 -71.0223 77.3458
-135.951 -203.218 -104.536 -41.8705 -70.7273 77.4724
-136.16 -203.571 -104.149 -41.764 -70.433 77.5973
-136.368 -203.923 -103.76 -41.6575 -70.1396 77.7205
-136.576 -204.273 -103.372 -41.5511 -69.847 77.8419
-136.784 -204.621 -102.982 -41.4447 -69.5553 77.9617
-136.991 -204.968 -102.592 -41.3384 -69.2644 78.0798
-137.197 -205.314 -102.201 -41.2322 -68.9743 78.1963
-137.403 -205.658 -101.81 -41.126 -68.6851 78.3111
-137.608 -206.001 -101.418 -41.0199 -68.3966 78.4243
-137.813 -206.342 -101.026 -40.9139 -68.1091 78.5359
-138.017 -206.682 -100.633 -40.8079 -67.8224 78.6459
-138.221 -207.02 -100.239 -40.7021 -67.5365 78.7543
-138.424 -207.357 -99.8452 -40.5963 -67.2514 78.8612
-138.627 -207.693 -99.4507 -40.4906 -66.9672 78.9665
-138.829 -208.027 -99.0556 -40.385 -66.6839 79.0703
-139.031 -208.36 -98.66 -40.2795 -66.4014 79.1726
-139.232 -208.691 -98.2638 -40.1741 -66.1197 79.2734
-139.433 -209.021 -97.8672 -40.0688 -65.8389 79.3726
-139.633 -209.349 -97.4701 -39.9636 -65.559 79.4704
-139.832 -209.676 -97.0725 -39.8585 -65.2799 79.5668
-140.031 -210.002 -96.6744 -39.7535 -65.0016 79.6617
-140.23 -210.326 -96.2759 -39.6486 -64.7243 79.7551
-140.428 -210.649 -95.8769 -39.5438 -64.4477 79.8472
-140.625 -210.971 -95.4774 -39.4391 -64.172 79.9378
-140.822 -211.291 -95.0775 -39.3346 -63.8972 80.027
-141.019 -211.61 -94.6772 -39.2301 -63.6232 80.1149
-141.215 -211.927 -94.2764 -39.1258 -63.3501 80.2013
-141.41 -212.243 -93.8751 -39.0216 -63.0778 80.2865
-141.605 -212.558 -93.4735 -38.9175 -62.8064 80.3702
-141.799 -212.871 -93.0714 -38.8136 -62.5358 80.4527
-141.993 -213.183 -92.669 -38.7098 -62.2661 80.5338
-142.186 -213.494 -92.2661 -38.6061 -61.9972 80.6137
-142.379 -213.803 -91.8628 -38.5025 -61.7292 80.6922
-142.571 -214.111 -91.4592 -38.3991 -61.462 80.7695
-142.763 -214.418 -91.0551 -38.2958 -61.1957 80.8455
-142.954 -214.723 -90.6507 -38.1927 -60.9302 80.9202
-143.145 -215.027 -90.2459 -38.0897 -60.6656 80.9937
-143.335 -215.33 -89.8408 -37.9868 -60.4018 81.0659
-143.525 -215.631 -89.4353 -37.8841 -60.1389 81.137
-143.714 -215.931 -89.0294 -37.7815 -59.8769 81.2068
-143.903 -216.23 -88.6232 -37.6791 -59.6156 81.2755
-144.091 -216.527 -88.2167 -37.5768 -59.3553 81.3429
-144.278 -216.824 -87.8098 -37.4746 -59.0957 81.4092
-144.466 -217.118 -87.4026 -37.3726 -58.837 81.4743
-144.652 -217.412 -86.995 -37.2708 -58.5792 81.5383
-144.838 -217.704 -86.5872 -37.1691 -58.3222 81.6011
-145.024 -217.995 -86.179 -37.0676 -58.066 81.6628
-145.209 -218.285 -85.7706 -36.9662 -57.8107 81.7234
-145.394 -218.573 -85.3618 -36.865 -57.5562 81.7829
-145.578 -218.86 -84.9527 -36.7639 -57.3026 81.8412
-145.761 -219.146 -84.5434 -36.663 -57.0497 81.8985
-145.944 -219.431 -84.1337 -36.5623 -56.7978 81.9547
-146.127 -219.714 -83.7238 -36.4617 -56.5466 82.0099
-146.309 -219.996 -83.3136 -36.3613 -56.2963 82.064
-146.49 -220.277 -82.9032 -36.261 -56.0468 82.117
-146.671 -220.557 -82.4925 -36.161 -55.7981 82.1691
-146.852 -220.835 -82.0815 -36.061 -55.5503 82.2201
-147.032 -221.112 -81.6703 -35.9613 -55.3033 82.27
-147.212 -221.388 -81.2588 -35.8617 -55.0571 82.319
-147.391 -221.663 -80.8471 -35.7623 -54.8117 82.367
-147.569 -221.936 -80.4351 -35.663 -54.5672 82.414
-147.747 -222.209 -80.0229 -35.5639 -54.3235 82.46
-147.925 -222.48 -79.6105 -35.465 -54.0805 82.5051
-148.102 -222.749 -79.1979 -35.3663 -53.8384 82.5492
-148.279 -223.018 -78.785 -35.2677 -53.5971 82.5923
-148.455 -223.285 -78.372 -35.1694 -53.3567 82.6345
-148.63 -223.552 -77.9587 -35.0711 -53.117 82.6758
-148.805 -223.817 -77.5452 -34.9731 -52.8781 82.7162
-148.98 -224.08 -77.1315 -34.8752 -52.6401 82.7556
-149.154 -224.343 -76.7177 -34.7775 -52.4028 82.7942
-149.328 -224.604 -76.3036 -34.68 -52.1664 82.8319
-149.501 -224.865 -75.8893 -34.5827 -51.9307 82.8686
-149.674 -225.124 -75.4749 -34.4856 -51.6958 82.9045
-149.846 -225.382 -75.0603 -34.3886 -51.4618 82.9396
-150.017 -225.638 -74.6455 -34.2918 -51.2285 82.9737
-150.189 -225.894 -74.2306 -34.1952 -50.996 83.0071
-150.359 -226.148 -73.8154 -34.0987 -50.7643 83.0395
-150.53 -226.401 -73.4002 -34.0025 -50.5334 83.0712
-150.699 -226.654 -72.9847 -33.9064 -50.3033 83.102
-150.869 -226.905 -72.5691 -33.8105 -50.0739 83.132
-151.038 -227.154 -72.1534 -33.7148 -49.8453 83.1612
-151.206 -227.403 -71.7375 -33.6193 -49.6175 83.1896
-151.374 -227.65 -71.3215 -33.5239 -49.3905 83.2172
-151.541 -227.897 -70.9054 -33.4288 -49.1643 83.2441
-151.708 -228.142 -70.4891 -33.3338 -48.9388 83.2701
-151.874 -228.386 -70.0727 -33.239 -48.7141 83.2954
-152.04 -228.629 -69.6561 -33.1444 -48.4901 83.3199
-152.206 -228.871 -69.2395 -33.05 -48.267 83.3436
-152.371 -229.112 -68.8227 -32.9558 -48.0445 83.3666
-152.535 -229.352 -68.4058 -32.8617 -47.8229 83.3889
-152.7 -229.59 -67.9888 -32.7678 -47.602 83.4104
-152.863 -229.828 -67.5717 -32.6742 -47.3818 83.4312
-153.026 -230.064 -67.1545 -32.5807 -47.1624 83.4513
-153.189 -230.299 -66.7372 -32.4874 -46.9437 83.4707
-153.351 -230.533 -66.3198 -32.3943 -46.7258 83.4893
-153.513 -230.767 -65.9023 -32.3013 -46.5087 83.5073
-153.674 -230.999 -65.4847 -32.2086 -46.2922 83.5246
-153.835 -231.229 -65.067 -32.116 -46.0766 83.5412
-153.995 -231.459 -64.6493 -32.0237 -45.8616 83.5571
-154.155 -231.688 -64.2315 -31.9315 -45.6474 83.5724
-154.315 -231.916 -63.8136 -31.8395 -45.4339 83.5869
-154.474 -232.142 -63.3956 -31.7477 -45.2211 83.6009
-154.632 -232.368 -62.9776 -31.6561 -45.0091 83.6141
-154.79 -232.592 -62.5595 -31.5647 -44.7978 83.6268
-154.948 -232.816 -62.1413 -31.4734 -44.5872 83.6388
-155.105 -233.038 -61.7231 -31.3824 -44.3774 83.6501
-155.262 -233.26 -61.3048 -31.2915 -44.1682 83.6608
-155.418 -233.48 -60.8865 -31.2008 -43.9598 83.671
-155.574 -233.699 -60.4681 -31.1104 -43.7521 83.6805
-155.729 -233.918 -60.0496 -31.0201 -43.545 83.6893
-155.884 -234.135 -59.6312 -30.93 -43.3387 83.6976
-156.038 -234.351 -59.2127 -30.84 -43.1331 83.7053
-156.192 -234.566 -58.7941 -30.7503 -42.9282 83.7124
-156.346 -234.78 -58.3755 -30.6608 -42.724 83.7189
-156.499 -234.993 -57.9569 -30.5714 -42.5205 83.7249
-156.651 -235.205 -57.5383 -30.4823 -42.3177 83.7303
-156.804 -235.417 -57.1196 -30.3933 -42.1156 83.7351
-156.955 -235.627 -56.7009 -30.3045 -41.9141 83.7393
-157.107 -235.836 -56.2822 -30.2159 -41.7134 83.743
-157.258 -236.044 -55.8635 -30.1275 -41.5133 83.7461
-157.408 -236.251 -55.4448 -30.0393 -41.3139 83.7487
-157.558 -236.457 -55.026 -29.9513 -41.1152 83.7507
-157.707 -236.662 -54.6073 -29.8634 -40.9172 83.7522
-157.857 -236.866 -54.1885 -29.7758 -40.7198 83.7532
-158.005 -237.069 -53.7697 -29.6883 -40.5231 83.7537
-158.153 -237.271 -53.351 -29.601 -40.3271 83.7536
-158.301 -237.472 -52.9322 -29.5139 -40.1318 83.7531
-158.449 -237.673 -52.5134 -29.427 -39.9371 83.752
-158.595 -237.872 -52.0947 -29.3403 -39.743 83.7504
-158.742 -238.07 -51.6759 -29.2538 -39.5497 83.7483
-158.888 -238.267 -51.2572 -29.1674 -39.357 83.7457
-159.034 -238.464 -50.8385 -29.0813 -39.1649 83.7427
-159.179 -238.659 -50.4198 -28.9953 -38.9735 83.7391
-159.324 -238.853 -50.0011 -28.9095 -38.7827 83.7351
-159.468 -239.047 -49.5824 -28.824 -38.5926 83.7306
-159.612 -239.239 -49.1638 -28.7386 -38.4031 83.7256
-159.755 -239.431 -48.7452 -28.6533 -38.2143 83.7201
-159.898 -239.621 -48.3266 -28.5683 -38.0261 83.7142
-160.041 -239.811 -47.908 -28.4835 -37.8385 83.7079
-160.183 -240 -47.4895 -28.3988 -37.6516 83.7011
-160.325 -240.188 -47.071 -28.3143 -37.4653 83.6938
-160.466 -240.374 -46.6526 -28.23 -37.2796 83.6861
-160.607 -240.56 -46.2342 -28.1459 -37.0946 83.678
-160.748 -240.745 -45.8158 -28.062 -36.9101 83.6694
-160.888 -240.929 -45.3975 -27.9783 -36.7263 83.6604
-161.028 -241.113 -44.9792 -27.8947 -36.5431 83.651
-161.167 -241.295 -44.561 -27.8113 -36.3606 83.6411
-161.306 -241.476 -44.1428 -27.7282 -36.1786 83.6308
-161.444 -241.657 -43.7246 -27.6452 -35.9973 83.6201
-161.582 -241.836 -43.3066 -27.5624 -35.8165 83.6091
-161.72 -242.015 -42.8886 -27.4797 -35.6364 83.5976
-161.857 -242.193 -42.4706 -27.3973 -35.4569 83.5857
