-50 25 50 0 0 -49
-50.0001 24.9999 49.7548 -0.0312603 -0.0357581 -49.0933
-50.0003 24.9996 49.5091 -0.0625816 -0.0718465 -49.1866
-50.0007 24.9992 49.2629 -0.0939644 -0.108266 -49.2801
-50.0013 24.9986 49.0163 -0.125409 -0.145017 -49.3738
-50.002 24.9977 48.7692 -0.156917 -0.1821 -49.4675
-50.0028 24.9967 48.5216 -0.188488 -0.219516 -49.5614
-50.0038 24.9955 48.2735 -0.220124 -0.257266 -49.6553
-50.005 24.9942 48.025 -0.251823 -0.295351 -49.7494
-50.0064 24.9926 47.7761 -0.283588 -0.33377 -49.8437
-50.0079 24.9908 47.5266 -0.315419 -0.372526 -49.938
-50.0095 24.9889 47.2767 -0.347316 -0.411618 -50.0324
-50.0113 24.9867 47.0263 -0.37928 -0.451049 -50.127
-50.0133 24.9844 46.7754 -0.411312 -0.490817 -50.2217
-50.0154 24.9818 46.5241 -0.443412 -0.530925 -50.3165
-50.0177 24.979 46.2722 -0.475581 -0.571373 -50.4114
-50.0202 24.9761 46.0199 -0.50782 -0.612162 -50.5065
-50.0228 24.9729 45.7672 -0.540129 -0.653293 -50.6017
-50.0256 24.9696 45.5139 -0.572508 -0.694766 -50.6969
-50.0285 24.966 45.2602 -0.604959 -0.736584 -50.7924
-50.0317 24.9622 45.006 -0.637481 -0.778746 -50.8879
-50.0349 24.9582 44.7513 -0.670076 -0.821253 -50.9835
-50.0384 24.954 44.4962 -0.702745 -0.864107 -51.0793
-50.0419 24.9495 44.2405 -0.735487 -0.907309 -51.1752
-50.0457 24.9449 43.9844 -0.768304 -0.95086 -51.2712
-50.0496 24.94 43.7278 -0.801196 -0.99476 -51.3673
-50.0537 24.935 43.4707 -0.834163 -1.03901 -51.4636
-50.058 24.9296 43.2132 -0.867207 -1.08361 -51.5599
-50.0624 24.9241 42.9551 -0.900328 -1.12857 -51.6564
-50.067 24.9184 42.6966 -0.933526 -1.17388 -51.753
-50.0717 24.9124 42.4376 -0.966802 -1.21954 -51.8498
-50.0766 24.9062 42.1781 -1.00016 -1.26556 -51.9466
-50.0817 24.8997 41.9181 -1.03359 -1.31194 -52.0436
-50.087 24.893 41.6577 -1.06711 -1.35868 -52.1407
-50.0924 24.8861 41.3967 -1.1007 -1.40577 -52.2379
-50.098 24.879 41.1353 -1.13438 -1.45323 -52.3352
-50.1037 24.8716 40.8734 -1.16814 -1.50105 -52.4327
-50.1097 24.864 40.611 -1.20198 -1.54923 -52.5303
-50.1158 24.8561 40.3481 -1.23591 -1.59778 -52.628
-50.122 24.848 40.0847 -1.26992 -1.64669 -52.7258
-50.1285 24.8396 39.8208 -1.30401 -1.69597 -52.8237
-50.1351 24.831 39.5564 -1.33819 -1.74562 -52.9218
-50.1418 24.8222 39.2916 -1.37246 -1.79564 -53.02
-50.1488 24.8131 39.0262 -1.40681 -1.84603 -53.1183
-50.1559 24.8037 38.7604 -1.44125 -1.89679 -53.2167
-50.1632 24.7941 38.4941 -1.47578 -1.94792 -53.3153
-50.1707 24.7842 38.2273 -1.51039 -1.99943 -53.4139
-50.1783 24.7741 37.9599 -1.5451 -2.05132 -53.5127
-50.1861 24.7637 37.6921 -1.5799 -2.10359 -53.6116
-50.1941 24.7531 37.4238 -1.61478 -2.15623 -53.7107
-50.2023 24.7422 37.155 -1.64976 -2.20926 -53.8098
-50.2106 24.731 36.8857 -1.68483 -2.26267 -53.9091
-50.2191 24.7195 36.6159 -1.71999 -2.31646 -54.0085
-50.2278 24.7078 36.3456 -1.75525 -2.37064 -54.108
-50.2367 24.6958 36.0748 -1.7906 -2.4252 -54.2077
-50.2457 24.6836 35.8036 -1.82605 -2.48016 -54.3074
-50.2549 24.671 35.5318 -1.86159 -2.5355 -54.4073
-50.2643 24.6582 35.2595 -1.89723 -2.59124 -54.5073
-50.2739 24.6451 34.9867 -1.93296 -2.64737 -54.6075
-50.2837 24.6317 34.7134 -1.96879 -2.70389 -54.7077
-50.2936 24.6181 34.4396 -2.00472 -2.76082 -54.8081
-50.3037 24.6041 34.1653 -2.04075 -2.81814 -54.9086
-50.314 24.5899 33.8905 -2.07688 -2.87586 -55.0092
-50.3245 24.5754 33.6152 -2.11312 -2.93398 -55.11
-50.3351 24.5606 33.3394 -2.14945 -2.99251 -55.2108
-50.346 24.5455 33.0631 -2.18588 -3.05144 -55.3118
-50.357 24.5301 32.7863 -2.22242 -3.11078 -55.4129
-50.3682 24.5143 32.509 -2.25906 -3.17053 -55.5142
-50.3796 24.4983 32.2312 -2.29581 -3.23069 -55.6155
-50.3911 24.482 31.9528 -2.33266 -3.29126 -55.717
-50.4029 24.4654 31.674 -2.36961 -3.35225 -55.8186
-50.4148 24.4485 31.3946 -2.40668 -3.41365 -55.9203
-50.427 24.4313 31.1148 -2.44385 -3.47547 -56.0222
-50.4393 24.4138 30.8344 -2.48113 -3.53771 -56.1242
-50.4518 24.3959 30.5535 -2.51851 -3.60038 -56.2262
-50.4645 24.3778 30.2722 -2.55601 -3.66347 -56.3285
-50.4773 24.3593 29.9903 -2.59362 -3.72699 -56.4308
-50.4904 24.3405 29.7079 -2.63134 -3.79093 -56.5333
-50.5037 24.3214 29.4249 -2.66917 -3.8553 -56.6358
-50.5171 24.3019 29.1415 -2.70712 -3.92011 -56.7386
-50.5307 24.2822 28.8575 -2.74518 -3.98535 -56.8414
-50.5445 24.2621 28.5731 -2.78335 -4.05103 -56.9443
-50.5586 24.2417 28.2881 -2.82164 -4.11715 -57.0474
-50.5728 24.2209 28.0026 -2.86005 -4.18371 -57.1506
-50.5872 24.1998 27.7166 -2.89857 -4.25071 -57.2539
-50.6017 24.1784 27.4301 -2.93721 -4.31816 -57.3574
-50.6165 24.1566 27.143 -2.97597 -4.38605 -57.4609
-50.6315 24.1345 26.8555 -3.01485 -4.4544 -57.5646
-50.6467 24.1121 26.5674 -3.05386 -4.52319 -57.6684
-50.662 24.0893 26.2788 -3.09298 -4.59245 -57.7724
-50.6776 24.0662 25.9896 -3.13222 -4.66215 -57.8764
-50.6934 24.0427 25.7 -3.17159 -4.73232 -57.9806
-50.7093 24.0189 25.4098 -3.21108 -4.80295 -58.0849
-50.7255 23.9947 25.1192 -3.2507 -4.87405 -58.1893
-50.7418 23.9701 24.8279 -3.29044 -4.94561 -58.2938
-50.7584 23.9452 24.5362 -3.33031 -5.01763 -58.3985
-50.7751 23.9199 24.244 -3.37031 -5.09013 -58.5033
-50.7921 23.8943 23.9512 -3.41044 -5.16311 -58.6082
-50.8092 23.8683 23.6579 -3.45069 -5.23656 -58.7132
-50.8266 23.8419 23.364 -3.49108 -5.31049 -58.8184
-50.8441 23.8152 23.0697 -3.5316 -5.3849 -58.9236
-50.8619 23.7881 22.7748 -3.57225 -5.4598 -59.029
-50.8799 23.7606 22.4794 -3.61304 -5.53518 -59.1346
-50.898 23.7327 22.1835 -3.65395 -5.61105 -59.2402
-50.9164 23.7045 21.887 -3.69501 -5.68741 -59.346
-50.935 23.6759 21.59 -3.7362 -5.76427 -59.4518
-50.9538 23.6469 21.2925 -3.77753 -5.84163 -59.5578
-50.9728 23.6174 20.9944 -3.819 -5.91949 -59.6639
-50.992 23.5877 20.6958 -3.8606 -5.99785 -59.7702
-51.0114 23.5575 20.3967 -3.90235 -6.07671 -59.8766
-51.031 23.5269 20.0971 -3.94424 -6.15609 -59.983
-51.0508 23.4959 19.7969 -3.98627 -6.23598 -60.0896
-51.0708 23.4645 19.4962 -4.02844 -6.31638 -60.1964
-51.0911 23.4327 19.1949 -4.07076 -6.3973 -60.3032
-51.1116 23.4006 18.8931 -4.11322 -6.47874 -60.4102
-51.1322 23.368 18.5908 -4.15583 -6.5607 -60.5172
-51.1531 23.3349 18.288 -4.19859 -6.64319 -60.6244
-51.1742 23.3015 17.9846 -4.2415 -6.72621 -60.7318
-51.1955 23.2677 17.6806 -4.28456 -6.80977 -60.8392
-51.2171 23.2334 17.3762 -4.32777 -6.89386 -60.9468
-51.2388 23.1987 17.0712 -4.37113 -6.97849 -61.0544
-51.2608 23.1636 16.7656 -4.41464 -7.06366 -61.1622
-51.283 23.1281 16.4596 -4.45831 -7.14938 -61.2701
-51.3054 23.0922 16.1529 -4.50214 -7.23564 -61.3782
-51.328 23.0558 15.8458 -4.54612 -7.32246 -61.4863
-51.3508 23.0189 15.5381 -4.59026 -7.40984 -61.5946
-51.3739 22.9817 15.2298 -4.63455 -7.49777 -61.703
-51.3972 22.9439 14.921 -4.67901 -7.58627 -61.8114
-51.4207 22.9058 14.6117 -4.72363 -7.67533 -61.9201
-51.4444 22.8672 14.3018 -4.76842 -7.76496 -62.0288
-51.4684 22.8281 13.9914 -4.81336 -7.85516 -62.1376
-51.4925 22.7886 13.6805 -4.85848 -7.94594 -62.2466
-51.5169 22.7487 13.369 -4.90375 -8.0373 -62.3557
-51.5416 22.7083 13.0569 -4.9492 -8.12925 -62.4649
-51.5664 22.6674 12.7443 -4.99482 -8.22178 -62.5742
-51.5915 22.6261 12.4312 -5.0406 -8.3149 -62.6836
-51.6168 22.5842 12.1175 -5.08656 -8.40862 -62.7931
-51.6424 22.542 11.8032 -5.13269 -8.50293 -62.9028
-51.6682 22.4992 11.4884 -5.17899 -8.59785 -63.0125
-51.6942 22.456 11.1731 -5.22547 -8.69337 -63.1224
-51.7204 22.4123 10.8572 -5.27213 -8.7895 -63.2324
-51.7469 22.3681 10.5408 -5.31897 -8.88625 -63.3425
-51.7736 22.3234 10.2238 -5.36598 -8.98361 -63.4527
-51.8006 22.2783 9.90625 -5.41317 -9.0816 -63.563
-51.8277 22.2326 9.58816 -5.46055 -9.18021 -63.6735
-51.8552 22.1865 9.26952 -5.50811 -9.27945 -63.784
-51.8828 22.1398 8.95032 -5.55586 -9.37932 -63.8947
-51.9107 22.0927 8.63057 -5.60379 -9.47984 -64.0054
-51.9389 22.045 8.31026 -5.65192 -9.58099 -64.1163
-51.9672 21.9969 7.9894 -5.70023 -9.68279 -64.2273
-51.9959 21.9482 7.66799 -5.74873 -9.78524 -64.3384
-52.0247 21.899 7.34602 -5.79742 -9.88835 -64.4496
-52.0538 21.8493 7.02349 -5.84631 -9.99211 -64.5609
-52.0832 21.7991 6.70041 -5.89539 -10.0965 -64.6723
-52.1128 21.7483 6.37677 -5.94468 -10.2016 -64.7838
-52.1426 21.6971 6.05257 -5.99416 -10.3074 -64.8954
-52.1727 21.6453 5.72781 -6.04384 -10.4139 -65.0071
-52.2031 21.5929 5.4025 -6.09372 -10.521 -65.119
-52.2337 21.5401 5.07662 -6.1438 -10.6288 -65.2309
-52.2645 21.4866 4.75019 -6.19409 -10.7373 -65.3429
-52.2956 21.4327 4.42319 -6.24459 -10.8465 -65.4551
-52.327 21.3782 4.09564 -6.29529 -10.9564 -65.5673
-52.3586 21.3231 3.76752 -6.34621 -11.067 -65.6797
-52.3904 21.2675 3.43884 -6.39734 -11.1783 -65.7921
-52.4225 21.2113 3.1096 -6.44868 -11.2904 -65.9047
-52.4549 21.1546 2.77979 -6.50023 -11.4031 -66.0173
-52.4875 21.0973 2.44942 -6.552 -11.5166 -66.13
-52.5204 21.0394 2.11849 -6.60399 -11.6308 -66.2429
-52.5536 20.981 1.78699 -6.6562 -11.7458 -66.3558
-52.587 20.922 1.45493 -6.70864 -11.8614 -66.4688
-52.6207 20.8624 1.1223 -6.76129 -11.9779 -66.582
-52.6546 20.8022 0.789111 -6.81417 -12.0951 -66.6952
-52.6888 20.7414 0.455352 -6.86728 -12.213 -66.8085
-52.7233 20.6801 0.121025 -6.92062 -12.3317 -66.9219
-52.758 20.6181 -0.213868 -6.97419 -12.4512 -67.0354
-52.793 20.5556 -0.549329 -7.028 -12.5714 -67.149
-52.8283 20.4924 -0.885359 -7.08204 -12.6924 -67.2627
-52.8638 20.4286 -1.22196 -7.13631 -12.8142 -67.3764
-52.8997 20.3643 -1.55912 -7.19083 -12.9368 -67.4903
-52.9357 20.2993 -1.89686 -7.24558 -13.0602 -67.6042
-52.9721 20.2337 -2.23517 -7.30058 -13.1844 -67.7182
-53.0087 20.1674 -2.57404 -7.35583 -13.3094 -67.8324
-53.0457 20.1006 -2.91349 -7.41132 -13.4352 -67.9466
-53.0829 20.0331 -3.25351 -7.46706 -13.5618 -68.0608
-53.1203 19.9649 -3.5941 -7.52305 -13.6892 -68.1752
-53.1581 19.8962 -3.93526 -7.5793 -13.8175 -68.2897
-53.1961 19.8268 -4.277 -7.6358 -13.9466 -68.4042
-53.2344 19.7567 -4.61931 -7.69256 -14.0766 -68.5188
-53.2731 19.686 -4.96219 -7.74958 -14.2074 -68.6335
-53.3119 19.6146 -5.30564 -7.80686 -14.339 -68.7482
-53.3511 19.5426 -5.64967 -7.86441 -14.4715 -68.8631
-53.3906 19.4699 -5.99427 -7.92222 -14.6049 -68.978
-53.4303 19.3966 -6.33945 -7.9803 -14.7392 -69.0929
-53.4704 19.3225 -6.6852 -8.03865 -14.8743 -69.208
-53.5107 19.2478 -7.03153 -8.09728 -15.0104 -69.3231
-53.5514 19.1724 -7.37843 -8.15618 -15.1473 -69.4383
-53.5923 19.0964 -7.72591 -8.21536 -15.2851 -69.5536
-53.6335 19.0196 -8.07397 -8.27482 -15.4238 -69.6689
-53.675 18.9421 -8.4226 -8.33457 -15.5635 -69.7843
-53.7169 18.8639 -8.77181 -8.3946 -15.7041 -69.8997
-53.759 18.7851 -9.1216 -8.45491 -15.8456 -70.0152
-53.8014 18.7055 -9.47197 -8.51552 -15.988 -70.1308
-53.8441 18.6252 -9.82291 -8.57642 -16.1314 -70.2464
-53.8872 18.5442 -10.1744 -8.63762 -16.2757 -70.3621
-53.9305 18.4624 -10.5265 -8.69912 -16.421 -70.4779
-53.9742 18.38 -10.8792 -8.76092 -16.5672 -70.5937
-54.0181 18.2968 -11.2325 -8.82302 -16.7145 -70.7095
-54.0624 18.2128 -11.5863 -8.88542 -16.8627 -70.8254
-54.107 18.1281 -11.9407 -8.94814 -17.0119 -70.9414
-54.1519 18.0427 -12.2957 -9.01117 -17.1621 -71.0574
-54.1971 17.9565 -12.6513 -9.07451 -17.3132 -71.1734
-54.2426 17.8696 -13.0075 -9.13817 -17.4655 -71.2895
-54.2885 17.7819 -13.3642 -9.20215 -17.6187 -71.4056
-54.3346 17.6934 -13.7215 -9.26646 -17.7729 -71.5218
-54.3811 17.6041 -14.0794 -9.33109 -17.9282 -71.638
-54.428 17.5141 -14.4379 -9.39604 -18.0845 -71.7542
-54.4751 17.4233 -14.797 -9.46133 -18.2419 -71.8705
-54.5226 17.3317 -15.1566 -9.52696 -18.4004 -71.9868
-54.5704 17.2393 -15.5168 -9.59292 -18.5599 -72.1032
-54.6185 17.1461 -15.8776 -9.65923 -18.7205 -72.2195
-54.667 17.0521 -16.239 -9.72588 -18.8821 -72.3359
-54.7158 16.9573 -16.601 -9.79288 -19.0449 -72.4523
-54.7649 16.8616 -16.9635 -9.86022 -19.2088 -72.5687
-54.8144 16.7652 -17.3267 -9.92792 -19.3738 -72.6852
-54.8642 16.6679 -17.6904 -9.99598 -19.5399 -72.8017
-54.9143 16.5698 -18.0547 -10.0644 -19.7071 -72.9181
-54.9648 16.4708 -18.4196 -10.1332 -19.8755 -73.0346
-55.0157 16.371 -18.785 -10.2023 -20.045 -73.1511
-55.0668 16.2704 -19.1511 -10.2719 -20.2157 -73.2676
-55.1184 16.1689 -19.5177 -10.3417 -20.3876 -73.3841
-55.1703 16.0665 -19.8849 -10.412 -20.5606 -73.5006
-55.2225 15.9633 -20.2527 -10.4827 -20.7348 -73.6171
-55.2751 15.8592 -20.6211 -10.5537 -20.9102 -73.7336
-55.328 15.7542 -20.9901 -10.6251 -21.0869 -73.8501
-55.3813 15.6483 -21.3596 -10.697 -21.2647 -73.9666
-55.435 15.5415 -21.7297 -10.7692 -21.4438 -74.083
-55.489 15.4339 -22.1004 -10.8418 -21.6241 -74.1995
-55.5434 15.3253 -22.4717 -10.9148 -21.8056 -74.3159
-55.5982 15.2158 -22.8436 -10.9882 -21.9885 -74.4323
-55.6533 15.1054 -23.2161 -11.062 -22.1725 -74.5487
-55.7088 14.9941 -23.5891 -11.1363 -22.3579 -74.665
-55.7647 14.8818 -23.9627 -11.211 -22.5446 -74.7813
-55.8209 14.7686 -24.3369 -11.286 -22.7325 -74.8976
-55.8775 14.6545 -24.7117 -11.3616 -22.9218 -75.0138
-55.9345 14.5394 -25.087 -11.4375 -23.1124 -75.13
-55.9919 14.4234 -25.463 -11.5139 -23.3043 -75.2462
-56.0497 14.3064 -25.8395 -11.5907 -23.4976 -75.3623
-56.1078 14.1884 -26.2166 -11.668 -23.6923 -75.4783
-56.1663 14.0694 -26.5943 -11.7457 -23.8883 -75.5943
-56.2253 13.9495 -26.9725 -11.8238 -24.0857 -75.7102
-56.2846 13.8286 -27.3514 -11.9025 -24.2845 -75.8261
-56.3443 13.7067 -27.7308 -11.9815 -24.4847 -75.9418
-56.4044 13.5837 -28.1108 -12.0611 -24.6863 -76.0575
-56.4649 13.4598 -28.4914 -12.1411 -24.8893 -76.1732
-56.5258 13.3348 -28.8725 -12.2216 -25.0938 -76.2887
-56.5871 13.2089 -29.2543 -12.3026 -25.2997 -76.4041
-56.6488 13.0819 -29.6366 -12.384 -25.5072 -76.5195
-56.7109 12.9538 -30.0195 -12.466 -25.7161 -76.6348
-56.7735 12.8247 -30.4029 -12.5484 -25.9264 -76.7499
-56.8364 12.6945 -30.787 -12.6313 -26.1383 -76.865
-56.8998 12.5633 -31.1716 -12.7148 -26.3518 -76.9799
-56.9636 12.431 -31.5568 -12.7987 -26.5667 -77.0947
-57.0278 12.2976 -31.9425 -12.8832 -26.7832 -77.2094
-57.0924 12.1632 -32.3289 -12.9681 -27.0013 -77.324
-57.1575 12.0276 -32.7158 -13.0536 -27.2209 -77.4385
-57.2229 11.891 -33.1032 -13.1397 -27.4422 -77.5528
-57.2889 11.7532 -33.4913 -13.2262 -27.665 -77.6669
-57.3552 11.6143 -33.8799 -13.3133 -27.8895 -77.7809
-57.422 11.4743 -34.2691 -13.401 -28.1156 -77.8948
-57.4892 11.3332 -34.6589 -13.4892 -28.3433 -78.0085
-57.5569 11.1909 -35.0492 -13.578 -28.5727 -78.122
-57.625 11.0474 -35.4401 -13.6673 -28.8038 -78.2354
-57.6936 10.9028 -35.8315 -13.7572 -29.0366 -78.3485
-57.7626 10.7571 -36.2236 -13.8476 -29.2711 -78.4615
-57.832 10.6101 -36.6162 -13.9387 -29.5073 -78.5743
-57.902 10.462 -37.0093 -14.0303 -29.7452 -78.6869
-57.9723 10.3127 -37.403 -14.1225 -29.985 -78.7993
-58.0432 10.1622 -37.7973 -14.2153 -30.2265 -78.9115
-58.1145 10.0104 -38.1921 -14.3087 -30.4697 -79.0235
-58.1863 9.85746 -38.5875 -14.4028 -30.7148 -79.1352
-58.2585 9.70327 -38.9835 -14.4974 -30.9617 -79.2467
-58.3312 9.54785 -39.38 -14.5927 -31.2105 -79.3579
-58.4044 9.39117 -39.7771 -14.6886 -31.4611 -79.469
-58.4781 9.23323 -40.1747 -14.7851 -31.7136 -79.5797
-58.5523 9.07403 -40.5729 -14.8823 -31.968 -79.6902
-58.6269 8.91356 -40.9716 -14.9801 -32.2243 -79.8004
-58.7021 8.75179 -41.3709 -15.0786 -32.4825 -79.9104
-58.7777 8.58873 -41.7707 -15.1778 -32.7427 -80.02
-58.8539 8.42436 -42.1711 -15.2776 -33.0048 -80.1293
-58.9305 8.25868 -42.572 -15.3781 -33.269 -80.2384
-59.0077 8.09168 -42.9735 -15.4793 -33.5351 -80.3471
-59.0853 7.92333 -43.3755 -15.5811 -33.8032 -80.4555
-59.1635 7.75364 -43.778 -15.6837 -34.0734 -80.5636
-59.2421 7.5826 -44.1811 -15.787 -34.3457 -80.6713
-59.3213 7.41019 -44.5847 -15.8909 -34.62 -80.7787
-59.401 7.2364 -44.9889 -15.9957 -34.8965 -80.8857
-59.4813 7.06122 -45.3936 -16.1011 -35.175 -80.9923
-59.5621 6.88465 -45.7988 -16.2073 -35.4557 -81.0986
-59.6434 6.70667 -46.2046 -16.3142 -35.7386 -81.2045
-59.7252 6.52726 -46.6109 -16.4218 -36.0237 -81.3099
-59.8076 6.34643 -47.0177 -16.5303 -36.3109 -81.415
-59.8905 6.16416 -47.425 -16.6395 -36.6004 -81.5196
-59.974 5.98043 -47.8329 -16.7494 -36.8921 -81.6238
-60.058 5.79524 -48.2412 -16.8602 -37.1861 -81.7275
-60.1426 5.60857 -48.6501 -16.9717 -37.4823 -81.8308
-60.2277 5.42041 -49.0596 -17.084 -37.7809 -81.9336
-60.3134 5.23076 -49.4695 -17.1972 -38.0818 -82.0359
-60.3997 5.0396 -49.8799 -17.3111 -38.3851 -82.1377
-60.4865 4.84691 -50.2909 -17.4259 -38.6907 -82.239
-60.5739 4.65269 -50.7023 -17.5415 -38.9988 -82.3398
-60.6619 4.45692 -51.1143 -17.6579 -39.3092 -82.44
-60.7505 4.2596 -51.5267 -17.7752 -39.6221 -82.5397
-60.8397 4.0607 -51.9397 -17.8933 -39.9374 -82.6388
-60.9295 3.86022 -52.3531 -18.0123 -40.2553 -82.7373
-61.0198 3.65815 -52.767 -18.1321 -40.5756 -82.8352
-61.1108 3.45447 -53.1814 -18.2529 -40.8985 -82.9325
-61.2023 3.24917 -53.5964 -18.3745 -41.224 -83.0292
-61.2945 3.04223 -54.0117 -18.497 -41.552 -83.1252
-61.3873 2.83365 -54.4276 -18.6204 -41.8826 -83.2205
-61.4807 2.6234 -54.8439 -18.7447 -42.2159 -83.3152
-61.5748 2.41149 -55.2608 -18.8699 -42.5518 -83.4091
-61.6694 2.19789 -55.678 -18.9961 -42.8904 -83.5024
-61.7647 1.98258 -56.0958 -19.1232 -43.2318 -83.5948
-61.8607 1.76557 -56.514 -19.2513 -43.5758 -83.6865
-61.9572 1.54683 -56.9326 -19.3803 -43.9226 -83.7775
-62.0545 1.32634 -57.3518 -19.5103 -44.2723 -83.8676
-62.1523 1.10411 -57.7713 -19.6412 -44.6247 -83.9569
-62.2509 0.880097 -58.1913 -19.7731 -44.98 -84.0454
-62.3501 0.654306 -58.6118 -19.9061 -45.3381 -84.1329
-62.4499 0.426717 -59.0327 -20.04 -45.6992 -84.2196
-62.5505 0.197315 -59.454 -20.1749 -46.0632 -84.3054
-62.6517 -0.0339141 -59.8757 -20.3109 -46.4301 -84.3902
-62.7536 -0.266985 -60.2979 -20.4479 -46.8 -84.4741
-62.8562 -0.501914 -60.7205 -20.586 -47.173 -84.557
-62.9594 -0.738715 -61.1434 -20.7251 -47.549 -84.6389
-63.0634 -0.977403 -61.5668 -20.8652 -47.9281 -84.7197
-63.1681 -1.21799 -61.9906 -21.0065 -48.3103 -84.7995
-63.2735 -1.46051 -62.4148 -21.1488 -48.6956 -84.8782
-63.3796 -1.70495 -62.8394 -21.2922 -49.0841 -84.9557
-63.4864 -1.95135 -63.2644 -21.4368 -49.4759 -85.0321
-63.5939 -2.19971 -63.6897 -21.5824 -49.8708 -85.1074
-63.7022 -2.45005 -64.1155 -21.7292 -50.269 -85.1814
-63.8112 -2.7024 -64.5416 -21.8772 -50.6706 -85.2542
-63.921 -2.95676 -64.968 -22.0262 -51.0754 -85.3257
-64.0315 -3.21315 -65.3948 -22.1765 -51.4837 -85.396
-64.1428 -3.47159 -65.822 -22.3279 -51.8953 -85.4648
-64.2548 -3.7321 -66.2495 -22.4805 -52.3104 -85.5324
-64.3676 -3.9947 -66.6773 -22.6343 -52.729 -85.5985
-64.4811 -4.25939 -67.1054 -22.7894 -53.1511 -85.6632
-64.5955 -4.52621 -67.5339 -22.9456 -53.5767 -85.7264
-64.7106 -4.79516 -67.9627 -23.1031 -54.0059 -85.7881
-64.8265 -5.06627 -68.3918 -23.2618 -54.4387 -85.8482
-64.9432 -5.33955 -68.8212 -23.4218 -54.8752 -85.9068
-65.0607 -5.61502 -69.2509 -23.5831 -55.3154 -85.9638
-65.179 -5.8927 -69.6808 -23.7457 -55.7593 -86.019
-65.2982 -6.17261 -70.1111 -23.9095 -56.207 -86.0726
-65.4181 -6.45477 -70.5416 -24.0747 -56.6584 -86.1244
-65.5389 -6.73919 -70.9723 -24.2412 -57.1138 -86.1745
-65.6605 -7.0259 -71.4033 -24.409 -57.573 -86.2226
-65.783 -7.31492 -71.8345 -24.5782 -58.0362 -86.2689
-65.9063 -7.60627 -72.266 -24.7488 -58.5033 -86.3133
-66.0305 -7.89995 -72.6977 -24.9207 -58.9744 -86.3557
-66.1555 -8.19601 -73.1295 -25.0941 -59.4496 -86.3961
-66.2814 -8.49445 -73.5616 -25.2688 -59.9289 -86.4344
-66.4082 -8.7953 -73.9939 -25.4449 -60.4123 -86.4705
-66.5359 -9.09857 -74.4263 -25.6225 -60.8999 -86.5045
-66.6644 -9.4043 -74.8589 -25.8016 -61.3917 -86.5362
-66.7939 -9.71249 -75.2917 -25.9821 -61.8878 -86.5657
-66.9243 -10.0232 -75.7246 -26.164 -62.3882 -86.5928
-67.0555 -10.3364 -76.1576 -26.3475 -62.893 -86.6174
-67.1877 -10.6521 -76.5908 -26.5325 -63.4021 -86.6396
-67.3209 -10.9704 -77.024 -26.719 -63.9157 -86.6593
-67.4549 -11.2913 -77.4574 -26.907 -64.4338 -86.6764
-67.5899 -11.6147 -77.8908 -27.0966 -64.9564 -86.6908
-67.7259 -11.9408 -78.3243 -27.2877 -65.4835 -86.7025
-67.8628 -12.2696 -78.7578 -27.4805 -66.0153 -86.7114
-68.0007 -12.601 -79.1914 -27.6748 -66.5518 -86.7174
-68.1395 -12.9351 -79.625 -27.8707 -67.093 -86.7205
-68.2794 -13.2719 -80.0586 -28.0682 -67.639 -86.7206
-68.4202 -13.6115 -80.4922 -28.2674 -68.1898 -86.7176
-68.5621 -13.9538 -80.9258 -28.4683 -68.7454 -86.7115
-68.7049 -14.2989 -81.3593 -28.6708 -69.306 -86.7021
-68.8488 -14.6469 -81.7928 -28.875 -69.8715 -86.6893
-68.9937 -14.9976 -82.2262 -29.0809 -70.4421 -86.6732
-69.1396 -15.3513 -82.6595 -29.2885 -71.0177 -86.6536
-69.2865 -15.7078 -83.0927 -29.4978 -71.5984 -86.6304
-69.4346 -16.0673 -83.5258 -29.7089 -72.1843 -86.6035
-69.5836 -16.4297 -83.9588 -29.9218 -72.7754 -86.5729
-69.7338 -16.795 -84.3915 -30.1364 -73.3717 -86.5384
-69.885 -17.1634 -84.8241 -30.3528 -73.9734 -86.5
-70.0373 -17.5348 -85.2565 -30.571 -74.5804 -86.4575
-70.1907 -17.9092 -85.6887 -30.7911 -75.1929 -86.4108
-70.3452 -18.2867 -86.1206 -31.013 -75.8108 -86.3599
-70.5008 -18.6673 -86.5523 -31.2367 -76.4342 -86.3046
-70.6576 -19.051 -86.9837 -31.4623 -77.0632 -86.2449
-70.8155 -19.4379 -87.4148 -31.6898 -77.6979 -86.1805
-70.9745 -19.828 -87.8455 -31.9192 -78.3382 -86.1115
-71.1347 -20.2213 -88.2759 -32.1505 -78.9842 -86.0376
-71.296 -20.6178 -88.7059 -32.3837 -79.636 -85.9588
-71.4585 -21.0177 -89.1355 -32.6189 -80.2937 -85.8748
-71.6222 -21.4208 -89.5646 -32.856 -80.9572 -85.7857
-71.787 -21.8272 -89.9933 -33.0951 -81.6266 -85.6913
-71.9531 -22.237 -90.4215 -33.3362 -82.302 -85.5914
-72.1204 -22.6502 -90.8492 -33.5793 -82.9835 -85.4858
-72.2889 -23.0669 -91.2764 -33.8244 -83.671 -85.3745
-72.4587 -23.487 -91.703 -34.0715 -84.3647 -85.2573
-72.6296 -23.9105 -92.129 -34.3206 -85.0646 -85.1341
-72.8019 -24.3376 -92.5543 -34.5718 -85.7706 -85.0047
-72.9753 -24.7682 -92.979 -34.825 -86.483 -84.8689
-73.1501 -25.2024 -93.403 -35.0804 -87.2017 -84.7265
-73.3262 -25.6402 -93.8263 -35.3378 -87.9267 -84.5775
-73.5035 -26.0817 -94.2488 -35.5973 -88.6582 -84.4216
-73.6821 -26.5268 -94.6705 -35.8589 -89.3961 -84.2587
-73.8621 -26.9757 -95.0914 -36.1226 -90.1406 -84.0885
-74.0433 -27.4282 -95.5114 -36.3884 -90.8915 -83.911
-74.226 -27.8846 -95.9305 -36.6564 -91.6491 -83.7259
-74.4099 -28.3447 -96.3486 -36.9264 -92.4133 -83.5329
-74.5952 -28.8087 -96.7658 -37.1987 -93.1841 -83.332
-74.7819 -29.2766 -97.1819 -37.4731 -93.9617 -83.123
-74.97 -29.7483 -97.597 -37.7496 -94.746 -82.9055
-75.1594 -30.224 -98.011 -38.0283 -95.537 -82.6794
-75.3502 -30.7037 -98.4238 -38.3092 -96.3349 -82.4445
-75.5425 -31.1874 -98.8354 -38.5922 -97.1396 -82.2005
-75.7362 -31.6751 -99.2458 -38.8774 -97.9511 -81.9472
-75.9313 -32.1669 -99.6549 -39.1647 -98.7695 -81.6844
-76.1278 -32.6628 -100.063 -39.4543 -99.5949 -81.4119
-76.3258 -33.1628 -100.469 -39.7459 -100.427 -81.1293
-76.5253 -33.667 -100.874 -40.0398 -101.266 -80.8365
-76.7262 -34.1755 -101.277 -40.3358 -102.112 -80.5331
-76.9286 -34.6882 -101.679 -40.6339 -102.965 -80.219
-77.1325 -35.2051 -102.08 -40.9342 -103.825 -79.8937
-77.338 -35.7264 -102.478 -41.2366 -104.692 -79.5572
-77.5449 -36.2521 -102.875 -41.5411 -105.566 -79.209
-77.7534 -36.7821 -103.27 -41.8477 -106.447 -78.8488
-77.9634 -37.3165 -103.664 -42.1564 -107.335 -78.4765
-78.1749 -37.8554 -104.055 -42.4672 -108.23 -78.0916
-78.388 -38.3988 -104.445 -42.78 -109.131 -77.6939
-78.6027 -38.9467 -104.832 -43.0949 -110.04 -77.283
-78.819 -39.4992 -105.217 -43.4117 -110.955 -76.8586
-79.0368 -40.0563 -105.601 -43.7305 -111.877 -76.4204
-79.2563 -40.618 -105.982 -44.0513 -112.806 -75.968
-79.4774 -41.1843 -106.36 -44.3739 -113.741 -75.5011
-79.7 -41.7554 -106.737 -44.6985 -114.683 -75.0193
-79.9243 -42.3312 -107.11 -45.0248 -115.632 -74.5223
-80.1503 -42.9117 -107.482 -45.353 -116.587 -74.0097
-80.3779 -43.497 -107.851 -45.6829 -117.549 -73.481
-80.6071 -44.0872 -108.217 -46.0145 -118.516 -72.9361
-80.838 -44.6822 -108.58 -46.3477 -119.49 -72.3743
-81.0706 -45.2821 -108.94 -46.6825 -120.47 -71.7954
-81.3048 -45.8869 -109.298 -47.0188 -121.456 -71.199
-81.5408 -46.4966 -109.652 -47.3566 -122.447 -70.5845
-81.7784 -47.1114 -110.004 -47.6957 -123.445 -69.9517
-82.0177 -47.7311 -110.352 -48.0362 -124.447 -69.3
-82.2588 -48.3558 -110.697 -48.3779 -125.455 -68.6291
-82.5015 -48.9856 -111.038 -48.7207 -126.468 -67.9384
-82.746 -49.6205 -111.376 -49.0646 -127.486 -67.2277
-82.9922 -50.2605 -111.71 -49.4094 -128.509 -66.4963
-83.2401 -50.9056 -112.041 -49.755 -129.536 -65.7439
-83.4897 -51.5559 -112.368 -50.1014 -130.567 -64.97
-83.7411 -52.2113 -112.691 -50.4484 -131.602 -64.1741
-83.9942 -52.8719 -113.01 -50.7959 -132.641 -63.3558
-84.249 -53.5377 -113.324 -51.1438 -133.683 -62.5146
-84.5056 -54.2087 -113.635 -51.4919 -134.728 -61.65
-84.7639 -54.8849 -113.941 -51.8401 -135.775 -60.7616
-85.024 -55.5664 -114.242 -52.1883 -136.825 -59.8488
-85.2858 -56.2532 -114.539 -52.5362 -137.877 -58.9112
-85.5494 -56.9452 -114.831 -52.8837 -138.93 -57.9483
-85.8147 -57.6425 -115.119 -53.2306 -139.984 -56.9596
-86.0817 -58.345 -115.401 -53.5768 -141.039 -55.9447
-86.3504 -59.0529 -115.678 -53.9221 -142.094 -54.9031
-86.6209 -59.766 -115.95 -54.2662 -143.149 -53.8343
-86.8931 -60.4844 -116.217 -54.609 -144.203 -52.7379
-87.167 -61.208 -116.477 -54.9502 -145.255 -51.6133
-87.4426 -61.9369 -116.733 -55.2896 -146.305 -50.4602
-87.7199 -62.671 -116.982 -55.627 -147.352 -49.2781
-87.9989 -63.4104 -117.225 -55.9621 -148.397 -48.0665
-88.2795 -64.155 -117.463 -56.2946 -149.437 -46.8252
-88.5618 -64.9048 -117.694 -56.6243 -150.472 -45.5535
-88.8457 -65.6597 -117.918 -56.9509 -151.502 -44.2513
-89.1313 -66.4198 -118.136 -57.2741 -152.526 -42.918
-89.4185 -67.185 -118.347 -57.5937 -153.543 -41.5534
-89.7072 -67.9552 -118.552 -57.9093 -154.553 -40.1571
-89.9976 -68.7305 -118.749 -58.2205 -155.554 -38.7288
-90.2895 -69.5108 -118.939 -58.5271 -156.545 -37.2683
-90.5828 -70.2959 -119.122 -58.8288 -157.526 -35.7752
-90.8777 -71.086 -119.297 -59.1251 -158.495 -34.2494
-91.1741 -71.8809 -119.464 -59.4157 -159.453 -32.6906
-91.4719 -72.6805 -119.624 -59.7003 -160.397 -31.0988
-91.7711 -73.4849 -119.775 -59.9784 -161.327 -29.4738
-92.0717 -74.2938 -119.919 -60.2497 -162.242 -27.8155
-92.3736 -75.1073 -120.053 -60.5139 -163.14 -26.1239
-92.6768 -75.9252 -120.18 -60.7704 -164.021 -24.399
-92.9813 -76.7475 -120.297 -61.0189 -164.883 -22.6409
-93.287 -77.574 -120.406 -61.259 -165.725 -20.8497
-93.5939 -78.4047 -120.506 -61.4902 -166.547 -19.0254
-93.9019 -79.2395 -120.596 -61.7122 -167.346 -17.1685
-94.211 -80.0782 -120.678 -61.9245 -168.122 -15.2791
-94.5211 -80.9207 -120.749 -62.1267 -168.874 -13.3576
-94.8323 -81.7669 -120.811 -62.3183 -169.6 -11.4044
-95.1443 -82.6167 -120.863 -62.499 -170.3 -9.41988
-95.4573 -83.4699 -120.905 -62.6683 -170.971 -7.40467
-95.771 -84.3264 -120.937 -62.8257 -171.612 -5.35934
-96.0855 -85.186 -120.959 -62.9709 -172.223 -3.28455
-96.4007 -86.0486 -120.97 -63.1034 -172.803 -1.18105
-96.7165 -86.914 -120.971 -63.2228 -173.349 0.950342
-97.0329 -87.7821 -120.961 -63.3288 -173.861 3.10875
-97.3498 -88.6526 -120.94 -63.4208 -174.338 5.29321
-97.6671 -89.5255 -120.908 -63.4986 -174.778 7.5027
-97.9848 -90.4004 -120.865 -63.5618 -175.18 9.7361
-98.3028 -91.2773 -120.81 -63.61 -175.544 11.9922
-98.6209 -92.1559 -120.745 -63.6428 -175.868 14.2698
-98.9392 -93.036 -120.668 -63.66 -176.151 16.5676
-99.2575 -93.9174 -120.579 -63.6612 -176.392 18.8842
-99.5758 -94.7999 -120.479 -63.6461 -176.591 21.218
-99.894 -95.6833 -120.367 -63.6146 -176.745 23.5677
-100.212 -96.5673 -120.243 -63.5663 -176.856 25.9316
-100.53 -97.4518 -120.108 -63.5011 -176.921 28.308
-100.847 -98.3365 -119.96 -63.4187 -176.94 30.6953
-101.164 -99.2212 -119.801 -63.3191 -176.913 33.0917
-101.48 -100.106 -119.629 -63.202 -176.839 35.4955
-101.796 -100.99 -119.446 -63.0674 -176.717 37.9047
-102.111 -101.873 -119.25 -62.9151 -176.548 40.3176
-102.425 -102.755 -119.043 -62.7453 -176.331 42.7322
-102.738 -103.636 -118.823 -62.5579 -176.065 45.1467
-103.051 -104.516 -118.591 -62.3528 -175.751 47.559
-103.362 -105.394 -118.347 -62.1302 -175.388 49.9672
-103.672 -106.27 -118.092 -61.8902 -174.977 52.3694
-103.981 -107.143 -117.824 -61.6329 -174.517 54.7636
-104.288 -108.015 -117.544 -61.3584 -174.01 57.1479
-104.594 -108.884 -117.252 -61.0669 -173.455 59.5203
-104.899 -109.749 -116.949 -60.7588 -172.853 61.8788
-105.202 -110.612 -116.633 -60.4342 -172.204 64.2217
-105.503 -111.471 -116.306 -60.0934 -171.509 66.5471
-105.803 -112.327 -115.968 -59.7367 -170.769 68.8531
-106.101 -113.179 -115.618 -59.3646 -169.984 71.1379
-106.396 -114.027 -115.257 -58.9773 -169.155 73.3999
-106.69 -114.871 -114.884 -58.5753 -168.283 75.6374
-106.982 -115.71 -114.5 -58.1589 -167.37 77.8487
-107.272 -116.544 -114.106 -57.7287 -166.416 80.0323
-107.56 -117.374 -113.7 -57.2851 -165.422 82.1868
-107.845 -118.199 -113.284 -56.8286 -164.389 84.3107
-108.128 -119.018 -112.857 -56.3597 -163.319 86.4027
-108.408 -119.832 -112.42 -55.8788 -162.213 88.4616
-108.687 -120.64 -111.972 -55.3866 -161.073 90.4862
-108.962 -121.443 -111.515 -54.8836 -159.899 92.4754
-109.235 -122.239 -111.047 -54.3702 -158.694 94.4281
-109.506 -123.029 -110.571 -53.8471 -157.458 96.3436
-109.774 -123.814 -110.084 -53.3149 -156.193 98.2209
-110.039 -124.591 -109.588 -52.774 -154.9 100.059
-110.302 -125.363 -109.083 -52.2251 -153.581 101.858
-110.561 -126.127 -108.57 -51.6687 -152.238 103.617
-110.818 -126.885 -108.047 -51.1053 -150.872 105.335
-111.072 -127.636 -107.516 -50.5356 -149.483 107.012
-111.324 -128.38 -106.977 -49.9601 -148.075 108.647
-111.572 -129.117 -106.43 -49.3793 -146.648 110.241
-111.817 -129.846 -105.875 -48.7937 -145.204 111.793
-112.06 -130.569 -105.312 -48.204 -143.744 113.303
-112.3 -131.284 -104.742 -47.6105 -142.27 114.771
-112.536 -131.991 -104.164 -47.0138 -140.782 116.198
-112.77 -132.692 -103.58 -46.4145 -139.283 117.582
-113 -133.384 -102.988 -45.8129 -137.774 118.924
-113.228 -134.069 -102.391 -45.2095 -136.255 120.225
-113.452 -134.747 -101.786 -44.6049 -134.729 121.485
-113.674 -135.417 -101.176 -43.9993 -133.196 122.704
-113.892 -136.079 -100.559 -43.3934 -131.658 123.882
-114.108 -136.733 -99.9369 -42.7873 -130.116 125.02
-114.32 -137.38 -99.309 -42.1816 -128.57 126.118
-114.53 -138.019 -98.6757 -41.5767 -127.022 127.177
-114.736 -138.65 -98.0372 -40.9727 -125.474 128.198
-114.939 -139.274 -97.3937 -40.3702 -123.925 129.18
-115.14 -139.889 -96.7454 -39.7695 -122.377 130.124
-115.337 -140.497 -96.0925 -39.1707 -120.831 131.032
-115.531 -141.098 -95.4351 -38.5743 -119.288 131.903
-115.723 -141.69 -94.7734 -37.9805 -117.748 132.739
-115.911 -142.275 -94.1077 -37.3895 -116.213 133.539
-116.097 -142.853 -93.438 -36.8017 -114.682 134.305
-116.279 -143.422 -92.7646 -36.2172 -113.158 135.037
-116.459 -143.984 -92.0877 -35.6362 -111.639 135.737
-116.636 -144.539 -91.4073 -35.059 -110.128 136.404
-116.809 -145.085 -90.7236 -34.4857 -108.624 137.039
-116.98 -145.625 -90.0369 -33.9165 -107.128 137.644
-117.149 -146.157 -89.3472 -33.3516 -105.641 138.218
-117.314 -146.681 -88.6547 -32.7911 -104.163 138.763
-117.477 -147.198 -87.9595 -32.2352 -102.694 139.28
-117.636 -147.708 -87.2619 -31.6839 -101.236 139.768
-117.793 -148.211 -86.5619 -31.1375 -99.7877 140.229
-117.948 -148.706 -85.8596 -30.5959 -98.3502 140.664
-118.099 -149.194 -85.1552 -30.0593 -96.9237 141.073
-118.248 -149.675 -84.4489 -29.5278 -95.5085 141.456
-118.395 -150.149 -83.7407 -29.0014 -94.1049 141.815
-118.538 -150.616 -83.0307 -28.4802 -92.7132 142.151
-118.679 -151.076 -82.3192 -27.9643 -91.3334 142.463
-118.818 -151.53 -81.6061 -27.4536 -89.966 142.753
-118.954 -151.976 -80.8916 -26.9483 -88.6109 143.02
-119.087 -152.416 -80.1759 -26.4484 -87.2684 143.267
-119.218 -152.849 -79.4589 -25.9539 -85.9386 143.493
-119.347 -153.275 -78.7409 -25.4648 -84.6217 143.7
-119.473 -153.695 -78.0219 -24.9812 -83.3177 143.887
-119.597 -154.108 -77.3021 -24.503 -82.0266 144.055
-119.718 -154.515 -76.5814 -24.0302 -80.7487 144.205
-119.837 -154.916 -75.86 -23.5629 -79.4838 144.338
-119.954 -155.31 -75.138 -23.1011 -78.2321 144.453
-120.068 -155.698 -74.4155 -22.6446 -76.9936 144.552
-120.18 -156.08 -73.6925 -22.1936 -75.7683 144.635
-120.29 -156.456 -72.9691 -21.7479 -74.5562 144.703
-120.398 -156.826 -72.2455 -21.3076 -73.3572 144.756
-120.503 -157.189 -71.5216 -20.8727 -72.1714 144.794
-120.606 -157.547 -70.7975 -20.443 -70.9988 144.818
-120.708 -157.899 -70.0734 -20.0187 -69.8391 144.829
-120.807 -158.246 -69.3492 -19.5995 -68.6926 144.827
-120.904 -158.586 -68.6251 -19.1856 -67.559 144.812
-120.998 -158.921 -67.9011 -18.7769 -66.4383 144.785
-121.091 -159.251 -67.1772 -18.3732 -65.3304 144.747
-121.182 -159.575 -66.4536 -17.9747 -64.2353 144.696
-121.271 -159.893 -65.7303 -17.5812 -63.1529 144.635
-121.358 -160.206 -65.0073 -17.1927 -62.0831 144.564
-121.443 -160.514 -64.2846 -16.8091 -61.0257 144.482
-121.526 -160.816 -63.5624 -16.4304 -59.9808 144.39
-121.607 -161.114 -62.8407 -16.0565 -58.9482 144.289
-121.687 -161.406 -62.1196 -15.6875 -57.9277 144.179
-121.764 -161.693 -61.3989 -15.3232 -56.9193 144.06
-121.84 -161.975 -60.679 -14.9636 -55.923 143.932
-121.914 -162.252 -59.9596 -14.6086 -54.9384 143.796
-121.986 -162.524 -59.241 -14.2581 -53.9656 143.653
-122.056 -162.792 -58.5231 -13.9123 -53.0045 143.502
-122.125 -163.054 -57.806 -13.5709 -52.0548 143.343
-122.192 -163.312 -57.0897 -13.2339 -51.1165 143.177
-122.257 -163.566 -56.3742 -12.9012 -50.1895 143.005
-122.321 -163.814 -55.6596 -12.5729 -49.2736 142.826
-122.383 -164.058 -54.9459 -12.2488 -48.3688 142.641
-122.444 -164.298 -54.2332 -11.929 -47.4748 142.45
-122.502 -164.533 -53.5214 -11.6132 -46.5916 142.253
-122.56 -164.764 -52.8107 -11.3016 -45.719 142.05
-122.615 -164.99 -52.1009 -10.994 -44.8569 141.842
-122.67 -165.212 -51.3922 -10.6904 -44.0052 141.629
-122.722 -165.43 -50.6846 -10.3907 -43.1638 141.411
-122.774 -165.644 -49.9781 -10.0949 -42.3325 141.188
-122.823 -165.854 -49.2728 -9.8029 -41.5112 140.961
-122.872 -166.059 -48.5685 -9.51468 -40.6998 140.729
-122.918 -166.261 -47.8655 -9.23017 -39.8981 140.493
-122.964 -166.458 -47.1636 -8.94932 -39.106 140.254
-123.008 -166.652 -46.4629 -8.67209 -38.3235 140.01
-123.051 -166.841 -45.7635 -8.39841 -37.5503 139.762
-123.092 -167.027 -45.0653 -8.12825 -36.7864 139.512
-123.132 -167.209 -44.3684 -7.86155 -36.0316 139.257
-123.171 -167.388 -43.6727 -7.59826 -35.2858 139
-123.208 -167.562 -42.9784 -7.33832 -34.5489 138.739
-123.244 -167.733 -42.2853 -7.08171 -33.8208 138.476
-123.279 -167.9 -41.5936 -6.82835 -33.1013 138.209
-123.312 -168.064 -40.9032 -6.57822 -32.3904 137.94
-123.344 -168.224 -40.2142 -6.33125 -31.6879 137.669
-123.376 -168.381 -39.5266 -6.08741 -30.9937 137.395
-123.405 -168.534 -38.8403 -5.84665 -30.3077 137.118
-123.434 -168.684 -38.1554 -5.60892 -29.6298 136.84
-123.461 -168.83 -37.4719 -5.37417 -28.9599 136.559
-123.488 -168.974 -36.7898 -5.14238 -28.2978 136.276
-123.513 -169.113 -36.1091 -4.91348 -27.6434 135.992
-123.537 -169.25 -35.4299 -4.68745 -26.9968 135.705
-123.56 -169.383 -34.7521 -4.46423 -26.3576 135.417
-123.582 -169.514 -34.0757 -4.24378 -25.7259 135.127
-123.602 -169.641 -33.4008 -4.02608 -25.1015 134.836
-123.622 -169.765 -32.7273 -3.81106 -24.4844 134.543
-123.64 -169.886 -32.0554 -3.5987 -23.8743 134.249
-123.658 -170.003 -31.3848 -3.38895 -23.2713 133.954
-123.674 -170.118 -30.7158 -3.18178 -22.6753 133.657
-123.69 -170.23 -30.0483 -2.97715 -22.086 133.359
-123.704 -170.339 -29.3822 -2.77501 -21.5035 133.06
-123.717 -170.445 -28.7177 -2.57534 -20.9277 132.76
-123.73 -170.548 -28.0546 -2.3781 -20.3584 132.46
-123.741 -170.649 -27.3931 -2.18325 -19.7956 132.158
-123.752 -170.746 -26.733 -1.99076 -19.2391 131.855
-123.761 -170.841 -26.0745 -1.80059 -18.6889 131.552
-123.77 -170.933 -25.4175 -1.61271 -18.1449 131.248
-123.777 -171.023 -24.762 -1.42708 -17.607 130.944
-123.784 -171.109 -24.1081 -1.24367 -17.0752 130.639
-123.79 -171.193 -23.4556 -1.06245 -16.5493 130.333
-123.794 -171.275 -22.8047 -0.883383 -16.0292 130.027
-123.798 -171.354 -22.1554 -0.706444 -15.5149 129.72
-123.801 -171.43 -21.5075 -0.531599 -15.0063 129.413
-123.804 -171.504 -20.8613 -0.358817 -14.5033 129.106
-123.805 -171.575 -20.2165 -0.188069 -14.0059 128.798
-123.806 -171.644 -19.5733 -0.0193243 -13.5139 128.49
-123.805 -171.71 -18.9316 0.147446 -13.0273 128.182
-123.804 -171.774 -18.2915 0.312269 -12.546 127.874
-123.802 -171.836 -17.6529 0.475175 -12.07 127.565
-123.799 -171.895 -17.0158 0.63619 -11.5991 127.257
-123.796 -171.952 -16.3803 0.795342 -11.1333 126.948
-123.791 -172.006 -15.7463 0.952657 -10.6726 126.639
-123.786 -172.058 -15.1139 1.10816 -10.2167 126.331
-123.78 -172.108 -14.483 1.26188 -9.76583 126.022
-123.774 -172.156 -13.8537 1.41385 -9.31973 125.713
-123.766 -172.201 -13.2259 1.56407 -8.87839 125.405
-123.758 -172.245 -12.5996 1.71259 -8.44174 125.096
-123.749 -172.286 -11.9749 1.85943 -8.00972 124.788
-123.739 -172.325 -11.3517 2.0046 -7.58226 124.48
-123.729 -172.362 -10.7301 2.14814 -7.15931 124.172
-123.718 -172.396 -10.11 2.29006 -6.74079 123.864
-123.706 -172.429 -9.49147 2.43039 -6.32667 123.557
-123.694 -172.46 -8.87446 2.56915 -5.91686 123.25
-123.68 -172.488 -8.25898 2.70636 -5.51132 122.943
-123.667 -172.515 -7.64503 2.84205 -5.10999 122.636
-123.652 -172.539 -7.03262 2.97623 -4.71282 122.33
-123.637 -172.562 -6.42174 3.10893 -4.31974 122.024
-123.621 -172.583 -5.81238 3.24017 -3.9307 121.718
-123.604 -172.601 -5.20456 3.36996 -3.54565 121.413
-123.587 -172.618 -4.59826 3.49833 -3.16454 121.108
-123.569 -172.633 -3.99348 3.62529 -2.78732 120.803
-123.551 -172.646 -3.39023 3.75087 -2.41393 120.499
-123.532 -172.657 -2.78849 3.87509 -2.04432 120.195
-123.512 -172.666 -2.18827 3.99795 -1.67845 119.892
-123.492 -172.674 -1.58957 4.11949 -1.31626 119.59
-123.471 -172.679 -0.992376 4.23972 -0.95771 119.287
-123.45 -172.683 -0.396695 4.35866 -0.60275 118.986
-123.427 -172.685 0.19748 4.47632 -0.251334 118.684
-123.405 -172.686 0.790149 4.59272 0.0965836 118.384
-123.382 -172.685 1.38132 4.70788 0.441048 118.083
-123.358 -172.681 1.97098 4.82182 0.782104 117.784
-123.333 -172.677 2.55915 4.93454 1.1198 117.485
-123.308 -172.67 3.14583 5.04608 1.45416 117.186
-123.283 -172.662 3.73101 5.15643 1.78525 116.888
-123.257 -172.652 4.31471 5.26563 2.1131 116.591
-123.23 -172.641 4.89692 5.37368 2.43776 116.294
-123.203 -172.628 5.47765 5.4806 2.75926 115.997
-123.175 -172.613 6.05689 5.5864 3.07764 115.702
-123.147 -172.597 6.63466 5.69111 3.39294 115.407
-123.118 -172.579 7.21096 5.79472 3.7052 115.112
-123.089 -172.56 7.78579 5.89726 4.01447 114.818
-123.059 -172.539 8.35914 5.99875 4.32076 114.525
-123.029 -172.517 8.93104 6.09919 4.62414 114.233
-122.998 -172.493 9.50147 6.19859 4.92462 113.941
-122.967 -172.468 10.0704 6.29698 5.22224 113.649
-122.936 -172.441 10.638 6.39436 5.51705 113.359
-122.903 -172.413 11.204 6.49075 5.80907 113.069
-122.871 -172.383 11.7687 6.58616 6.09834 112.779
-122.837 -172.352 12.3318 6.6806 6.38489 112.491
-122.804 -172.319 12.8936 6.77409 6.66876 112.203
-122.77 -172.285 13.4539 6.86663 6.94997 111.915
-122.735 -172.249 14.0127 6.95824 7.22857 111.629
-122.7 -172.213 14.5701 7.04893 7.50458 111.343
-122.665 -172.174 15.1261 7.13871 7.77803 111.057
-122.629 -172.135 15.6807 7.2276 8.04895 110.773
-122.592 -172.094 16.2339 7.3156 8.31738 110.489
-122.556 -172.052 16.7856 7.40272 8.58334 110.206
-122.518 -172.008 17.3359 7.48898 8.84687 109.923
-122.481 -171.963 17.8848 7.57439 9.10798 109.641
-122.443 -171.917 18.4323 7.65895 9.36672 109.36
-122.404 -171.87 18.9784 7.74269 9.6231 109.079
-122.365 -171.821 19.5231 7.82559 9.87716 108.8
-122.326 -171.771 20.0664 7.90769 10.1289 108.521
-122.286 -171.719 20.6083 7.98899 10.3784 108.242
-122.246 -171.667 21.1489 8.06949 10.6257 107.965
-122.205 -171.613 21.688 8.1492 10.8707 107.688
-122.164 -171.558 22.2257 8.22815 11.1135 107.411
-122.123 -171.502 22.7621 8.30633 11.3542 107.136
-122.081 -171.445 23.2971 8.38375 11.5928 106.861
-122.039 -171.386 23.8307 8.46043 11.8292 106.587
-121.997 -171.326 24.3629 8.53637 12.0635 106.313
-121.954 -171.266 24.8938 8.61158 12.2957 106.04
-121.911 -171.203 25.4234 8.68607 12.526 105.768
-121.867 -171.14 25.9515 8.75985 12.7541 105.497
-121.823 -171.076 26.4783 8.83293 12.9803 105.226
-121.779 -171.01 27.0038 8.90531 13.2045 104.956
-121.734 -170.944 27.5279 8.977 13.4268 104.687
-121.689 -170.876 28.0507 9.04802 13.6471 104.419
-121.644 -170.807 28.5721 9.11836 13.8655 104.151
-121.598 -170.738 29.0922 9.18804 14.0821 103.884
-121.552 -170.667 29.6109 9.25707 14.2967 103.617
-121.505 -170.595 30.1283 9.32544 14.5095 103.352
-121.458 -170.521 30.6444 9.39318 14.7205 103.087
-121.411 -170.447 31.1592 9.46028 14.9297 102.822
-121.364 -170.372 31.6727 9.52676 15.137 102.559
-121.316 -170.296 32.1848 9.59262 15.3427 102.296
-121.268 -170.219 32.6956 9.65786 15.5465 102.034
-121.219 -170.141 33.2051 9.7225 15.7487 101.772
-121.171 -170.061 33.7133 9.78655 15.9491 101.512
-121.122 -169.981 34.2202 9.85 16.1478 101.251
-121.072 -169.9 34.7259 9.91286 16.3449 100.992
-121.022 -169.818 35.2302 9.97515 16.5403 100.733
-120.972 -169.734 35.7332 10.0369 16.734 100.475
-120.922 -169.65 36.2349 10.098 16.9262 100.218
-120.871 -169.565 36.7354 10.1586 17.1167 99.9614
-120.82 -169.479 37.2345 10.2187 17.3056 99.7054
-120.769 -169.392 37.7324 10.2781 17.493 99.4502
-120.718 -169.304 38.229 10.3371 17.6789 99.1956
-120.666 -169.215 38.7244 10.3955 17.8631 98.9417
-120.614 -169.126 39.2184 10.4534 18.0459 98.6885
-120.561 -169.035 39.7113 10.5108 18.2272 98.4359
-120.509 -168.943 40.2028 10.5676 18.4069 98.1841
-120.456 -168.851 40.6931 10.6239 18.5852 97.9329
-120.402 -168.757 41.1821 10.6798 18.7621 97.6824
-120.349 -168.663 41.6699 10.7351 18.9375 97.4325
-120.295 -168.568 42.1565 10.7899 19.1114 97.1833
-120.241 -168.472 42.6418 10.8443 19.284 96.9348
-120.187 -168.375 43.1258 10.8981 19.4551 96.687
-120.132 -168.277 43.6086 10.9515 19.6249 96.4398
-120.077 -168.179 44.0902 11.0044 19.7933 96.1933
-120.022 -168.08 44.5706 11.0568 19.9603 95.9474
-119.967 -167.979 45.0497 11.1088 20.126 95.7022
-119.911 -167.878 45.5276 11.1603 20.2904 95.4577
-119.855 -167.776 46.0043 11.2114 20.4535 95.2138
-119.799 -167.674 46.4797 11.262 20.6152 94.9706
-119.742 -167.57 46.954 11.3121 20.7757 94.728
-119.686 -167.466 47.427 11.3619 20.9348 94.486
-119.629 -167.361 47.8988 11.4111 21.0928 94.2447
-119.571 -167.255 48.3694 11.46 21.2494 94.0041
-119.514 -167.148 48.8389 11.5084 21.4048 93.7641
-119.456 -167.041 49.3071 11.5564 21.559 93.5247
-119.399 -166.933 49.7741 11.604 21.712 93.2859
-119.34 -166.824 50.2399 11.6512 21.8638 93.0478
-119.282 -166.714 50.7046 11.6979 22.0144 92.8103
-119.223 -166.604 51.168 11.7443 22.1638 92.5735
-119.165 -166.493 51.6303 11.7902 22.312 92.3373
-119.105 -166.381 52.0914 11.8358 22.4591 92.1016
-119.046 -166.268 52.5513 11.881 22.6051 91.8667
-118.987 -166.155 53.0101 11.9257 22.7499 91.6323
-118.927 -166.04 53.4677 11.9701 22.8935 91.3986
-118.867 -165.926 53.9241 12.0141 23.0361 91.1654
-118.807 -165.81 54.3793 12.0578 23.1776 90.9329
-118.746 -165.694 54.8334 12.101 23.3179 90.701
-118.686 -165.577 55.2863 12.1439 23.4572 90.4697
-118.625 -165.459 55.7381 12.1864 23.5954 90.239
-118.564 -165.341 56.1887 12.2286 23.7326 90.0089
-118.503 -165.222 56.6382 12.2704 23.8687 89.7794
-118.441 -165.102 57.0865 12.3118 24.0038 89.5505
-118.38 -164.982 57.5337 12.3529 24.1378 89.3222
-118.318 -164.861 57.9797 12.3937 24.2708 89.0944
-118.256 -164.739 58.4246 12.4341 24.4028 88.8673
-118.193 -164.617 58.8684 12.4741 24.5338 88.6408
-118.131 -164.494 59.311 12.5139 24.6638 88.4148
-118.068 -164.37 59.7526 12.5533 24.7928 88.1895
-118.005 -164.246 60.1929 12.5923 24.9209 87.9647
-117.942 -164.121 60.6322 12.631 25.048 87.7405
-117.879 -163.995 61.0703 12.6694 25.1741 87.5168
-117.816 -163.869 61.5074 12.7075 25.2993 87.2938
-117.752 -163.742 61.9433 12.7453 25.4235 87.0713
-117.688 -163.615 62.3781 12.7827 25.5468 86.8494
-117.624 -163.487 62.8118 12.8199 25.6692 86.628
-117.56 -163.358 63.2444 12.8567 25.7907 86.4072
-117.496 -163.229 63.6758 12.8932 25.9112 86.187
-117.431 -163.099 64.1062 12.9294 26.0309 85.9673
-117.366 -162.969 64.5355 12.9654 26.1497 85.7482
-117.301 -162.838 64.9637 13.001 26.2676 85.5296
-117.236 -162.706 65.3908 13.0363 26.3846 85.3116
-117.171 -162.574 65.8168 13.0713 26.5008 85.0942
-117.106 -162.441 66.2418 13.1061 26.6161 84.8772
-117.04 -162.308 66.6656 13.1405 26.7305 84.6609
-116.974 -162.174 67.0884 13.1747 26.8441 84.445
-116.908 -162.039 67.51 13.2086 26.9569 84.2298
-116.842 -161.904 67.9307 13.2422 27.0688 84.015
-116.776 -161.769 68.3502 13.2756 27.18 83.8008
-116.709 -161.632 68.7687 13.3086 27.2903 83.5871
-116.643 -161.496 69.1861 13.3414 27.3998 83.3739
-116.576 -161.358 69.6024 13.3739 27.5085 83.1613
-116.509 -161.221 70.0177 13.4062 27.6164 82.9492
-116.442 -161.082 70.4319 13.4382 27.7235 82.7376
-116.375 -160.943 70.8451 13.47 27.8299 82.5266
-116.307 -160.804 71.2572 13.5014 27.9354 82.316
-116.24 -160.664 71.6682 13.5327 28.0403 82.106
-116.172 -160.524 72.0782 13.5636 28.1443 81.8965
-116.104 -160.383 72.4872 13.5944 28.2476 81.6875
-116.036 -160.241 72.8951 13.6248 28.3502 81.479
-115.968 -160.099 73.302 13.6551 28.452 81.271
-115.899 -159.957 73.7078 13.6851 28.5531 81.0635
-115.831 -159.814 74.1126 13.7148 28.6535 80.8566
-115.762 -159.67 74.5164 13.7443 28.7531 80.6501
-115.693 -159.526 74.9191 13.7736 28.852 80.4441
-115.624 -159.382 75.3208 13.8026 28.9503 80.2386
-115.555 -159.237 75.7215 13.8314 29.0478 80.0336
-115.486 -159.091 76.1211 13.86 29.1446 79.8291
-115.417 -158.945 76.5198 13.8883 29.2407 79.6251
-115.347 -158.799 76.9174 13.9165 29.3362 79.4216
-115.278 -158.652 77.314 13.9444 29.431 79.2185
-115.208 -158.504 77.7096 13.972 29.5251 79.016
-115.138 -158.356 78.1042 13.9995 29.6185 78.8139
-115.068 -158.208 78.4977 14.0267 29.7113 78.6123
-114.998 -158.059 78.8903 14.0537 29.8034 78.4111
-114.927 -157.91 79.2818 14.0805 29.8949 78.2105
-114.857 -157.76 79.6724 14.1071 29.9857 78.0103
-114.786 -157.61 80.0619 14.1335 30.0759 77.8106
-114.715 -157.46 80.4505 14.1597 30.1654 77.6113
-114.645 -157.309 80.838 14.1857 30.2543 77.4125
-114.574 -157.157 81.2246 14.2114 30.3426 77.2142
-114.502 -157.005 81.6102 14.237 30.4303 77.0163
-114.431 -156.853 81.9948 14.2624 30.5174 76.8189
-114.36 -156.7 82.3784 14.2875 30.6038 76.6219
-114.288 -156.547 82.761 14.3125 30.6897 76.4254
-114.217 -156.393 83.1426 14.3373 30.7749 76.2294
-114.145 -156.239 83.5233 14.3619 30.8596 76.0338
-114.073 -156.084 83.903 14.3863 30.9437 75.8386
-114.001 -155.93 84.2817 14.4105 31.0272 75.6439
-113.929 -155.774 84.6594 14.4345 31.1101 75.4496
-113.857 -155.618 85.0362 14.4583 31.1924 75.2558
-113.784 -155.462 85.412 14.4819 31.2742 75.0624
-113.712 -155.306 85.7868 14.5054 31.3554 74.8694
-113.639 -155.149 86.1607 14.5287 31.436 74.6769
-113.567 -154.991 86.5336 14.5518 31.5161 74.4848
-113.494 -154.834 86.9055 14.5747 31.5956 74.2931
-113.421 -154.675 87.2765 14.5975 31.6746 74.1019
-113.348 -154.517 87.6465 14.62 31.7531 73.9111
-113.275 -154.358 88.0156 14.6424 31.831 73.7207
-113.201 -154.199 88.3837 14.6647 31.9083 73.5307
-113.128 -154.039 88.7509 14.6867 31.9852 73.3411
-113.055 -153.879 89.1171 14.7086 32.0615 73.152
-112.981 -153.718 89.4824 14.7303 32.1373 72.9633
-112.907 -153.557 89.8468 14.7519 32.2126 72.775
-112.833 -153.396 90.2102 14.7733 32.2873 72.5871
-112.76 -153.234 90.5726 14.7945 32.3616 72.3996
-112.686 -153.072 90.9342 14.8156 32.4354 72.2125
-112.611 -152.91 91.2948 14.8365 32.5086 72.0258
-112.537 -152.747 91.6544 14.8573 32.5814 71.8395
-112.463 -152.584 92.0132 14.8779 32.6536 71.6537
-112.388 -152.421 92.371 14.8983 32.7254 71.4682
-112.314 -152.257 92.7278 14.9186 32.7967 71.2831
-112.239 -152.093 93.0838 14.9387 32.8675 71.0984
-112.164 -151.928 93.4388 14.9587 32.9378 70.9141
-112.09 -151.763 93.7929 14.9786 33.0077 70.7302
-112.015 -151.598 94.1461 14.9983 33.077 70.5467
-111.94 -151.433 94.4984 15.0178 33.146 70.3635
-111.864 -151.267 94.8498 15.0372 33.2144 70.1808
-111.789 -151.101 95.2002 15.0565 33.2824 69.9984
-111.714 -150.934 95.5498 15.0756 33.35 69.8164
-111.638 -150.767 95.8984 15.0946 33.417 69.6348
-111.563 -150.6 96.2461 15.1134 33.4837 69.4536
-111.487 -150.432 96.5929 15.1321 33.5499 69.2727
-111.412 -150.264 96.9388 15.1506 33.6156 69.0923
-111.336 -150.096 97.2838 15.1691 33.681 68.9121
-111.26 -149.927 97.6279 15.1873 33.7458 68.7324
-111.184 -149.759 97.9712 15.2055 33.8103 68.553
-111.108 -149.589 98.3135 15.2235 33.8743 68.374
-111.032 -149.42 98.6549 15.2414 33.9379 68.1953
-110.955 -149.25 98.9954 15.2592 34.0011 68.017
-110.879 -149.08 99.3351 15.2768 34.0639 67.8391
-110.803 -148.909 99.6738 15.2943 34.1262 67.6615
-110.726 -148.739 100.012 15.3117 34.1881 67.4843
-110.65 -148.567 100.349 15.3289 34.2497 67.3074
-110.573 -148.396 100.685 15.346 34.3108 67.1309
-110.496 -148.224 101.02 15.363 34.3715 66.9547
-110.419 -148.052 101.354 15.3799 34.4318 66.7789
-110.342 -147.88 101.688 15.3967 34.4917 66.6034
-110.265 -147.707 102.02 15.4133 34.5513 66.4283
-110.188 -147.535 102.352 15.4298 34.6104 66.2535
-110.111 -147.361 102.683 15.4462 34.6692 66.079
-110.034 -147.188 103.013 15.4625 34.7275 65.9049
-109.956 -147.014 103.342 15.4787 34.7855 65.7311
-109.879 -146.84 103.67 15.4947 34.8431 65.5576
-109.801 -146.666 103.998 15.5106 34.9004 65.3845
-109.724 -146.491 104.324 15.5265 34.9572 65.2117
-109.646 -146.316 104.65 15.5422 35.0137 65.0392
-109.568 -146.141 104.974 15.5578 35.0699 64.867
-109.491 -145.965 105.298 15.5733 35.1256 64.6952
-109.413 -145.79 105.621 15.5886 35.181 64.5237
-109.335 -145.614 105.944 15.6039 35.2361 64.3525
-109.257 -145.437 106.265 15.6191 35.2908 64.1816
-109.179 -145.261 106.585 15.6341 35.3451 64.0111
-109.1 -145.084 106.905 15.6491 35.3991 63.8408
-109.022 -144.907 107.224 15.6639 35.4527 63.6709
-108.944 -144.729 107.542 15.6787 35.506 63.5013
-108.865 -144.552 107.859 15.6933 35.5589 63.332
-108.787 -144.374 108.175 15.7078 35.6116 63.1629
-108.708 -144.195 108.49 15.7223 35.6638 62.9942
-108.63 -144.017 108.805 15.7366 35.7158 62.8258
-108.551 -143.838 109.119 15.7508 35.7674 62.6577
-108.472 -143.659 109.432 15.7649 35.8186 62.4899
-108.393 -143.48 109.744 15.779 35.8696 62.3224
-108.314 -143.301 110.055 15.7929 35.9202 62.1551
-108.235 -143.121 110.365 15.8067 35.9705 61.9882
-108.156 -142.941 110.675 15.8205 36.0204 61.8215
-108.077 -142.761 110.983 15.8341 36.0701 61.6552
-107.998 -142.58 111.291 15.8476 36.1194 61.4891
-107.919 -142.4 111.598 15.8611 36.1685 61.3233
-107.839 -142.219 111.904 15.8744 36.2172 61.1578
-107.76 -142.037 112.21 15.8877 36.2656 60.9926
-107.68 -141.856 112.514 15.9009 36.3137 60.8276
-107.601 -141.674 112.818 15.9139 36.3614 60.6629
-107.521 -141.492 113.121 15.9269 36.4089 60.4985
-107.442 -141.31 113.423 15.9398 36.4561 60.3344
-107.362 -141.128 113.724 15.9526 36.503 60.1705
-107.282 -140.945 114.025 15.9653 36.5496 60.0069
-107.202 -140.762 114.324 15.9779 36.5958 59.8436
-107.122 -140.579 114.623 15.9904 36.6418 59.6805
-107.042 -140.396 114.921 16.0028 36.6875 59.5177
-106.962 -140.212 115.218 16.0152 36.7329 59.3551
-106.882 -140.029 115.515 16.0274 36.7781 59.1928
-106.802 -139.845 115.81 16.0396 36.8229 59.0308
-106.722 -139.66 116.105 16.0516 36.8674 58.869
-106.641 -139.476 116.399 16.0636 36.9117 58.7075
-106.561 -139.291 116.692 16.0755 36.9557 58.5462
-106.481 -139.106 116.984 16.0873 36.9994 58.3851
-106.4 -138.921 117.276 16.099 37.0428 58.2243
-106.32 -138.736 117.567 16.1106 37.086 58.0638
-106.239 -138.55 117.857 16.1222 37.1289 57.9035
-106.158 -138.365 118.146 16.1336 37.1715 57.7434
-106.078 -138.179 118.434 16.145 37.2138 57.5836
-105.997 -137.992 118.722 16.1562 37.2558 57.424
-105.916 -137.806 119.008 16.1674 37.2976 57.2646
-105.835 -137.619 119.294 16.1785 37.3392 57.1055
-105.754 -137.433 119.579 16.1895 37.3804 56.9466
-105.673 -137.246 119.864 16.2004 37.4214 56.788
-105.592 -137.058 120.147 16.2113 37.4621 56.6295
-105.511 -136.871 120.43 16.222 37.5026 56.4713
-105.43 -136.683 120.712 16.2327 37.5428 56.3133
