-75 25 50 0 0 -49
-75 24.9998 49.7547 -0.00322876 -0.0681918 -49.1023
-75 24.9993 49.509 -0.00654247 -0.136694 -49.2047
-75.0001 24.9985 49.2627 -0.0099413 -0.205507 -49.3073
-75.0001 24.9973 49.0159 -0.0134254 -0.274634 -49.41
-75.0002 24.9957 48.7686 -0.0169949 -0.344075 -49.5128
-75.0003 24.9938 48.5208 -0.0206499 -0.413832 -49.6158
-75.0004 24.9916 48.2724 -0.0243907 -0.483906 -49.719
-75.0005 24.989 48.0236 -0.0282173 -0.5543 -49.8222
-75.0007 24.986 47.7742 -0.03213 -0.625014 -49.9257
-75.0009 24.9827 47.5243 -0.0361289 -0.69605 -50.0293
-75.0011 24.9791 47.2739 -0.0402143 -0.767409 -50.133
-75.0013 24.9751 47.023 -0.0443862 -0.839093 -50.2369
-75.0015 24.9707 46.7716 -0.0486448 -0.911105 -50.3409
-75.0018 24.9659 46.5196 -0.0529905 -0.983444 -50.445
-75.002 24.9608 46.2671 -0.0574232 -1.05611 -50.5494
-75.0023 24.9554 46.0141 -0.0619433 -1.12911 -50.6538
-75.0027 24.9496 45.7606 -0.0665509 -1.20245 -50.7584
-75.003 24.9434 45.5065 -0.0712463 -1.27612 -50.8632
-75.0034 24.9368 45.2519 -0.0760297 -1.35012 -50.9681
-75.0038 24.9299 44.9968 -0.0809012 -1.42447 -51.0732
-75.0042 24.9226 44.7412 -0.085861 -1.49915 -51.1784
-75.0046 24.9149 44.485 -0.0909095 -1.57418 -51.2837
-75.0051 24.9068 44.2284 -0.0960468 -1.64954 -51.3892
-75.0056 24.8984 43.9712 -0.101273 -1.72526 -51.4949
-75.0061 24.8896 43.7134 -0.106589 -1.80132 -51.6007
-75.0066 24.8804 43.4551 -0.111994 -1.87773 -51.7067
-75.0072 24.8708 43.1963 -0.117489 -1.95449 -51.8128
-75.0078 24.8608 42.937 -0.123074 -2.0316 -51.9191
-75.0084 24.8505 42.6772 -0.128749 -2.10907 -52.0255
-75.0091 24.8397 42.4168 -0.134515 -2.18689 -52.1321
-75.0098 24.8286 42.1558 -0.140372 -2.26507 -52.2388
-75.0105 24.8171 41.8944 -0.14632 -2.34361 -52.3457
-75.0113 24.8052 41.6324 -0.152359 -2.42251 -52.4527
-75.012 24.7928 41.3698 -0.158489 -2.50177 -52.5599
-75.0128 24.7801 41.1068 -0.164712 -2.5814 -52.6673
-75.0137 24.767 40.8432 -0.171027 -2.6614 -52.7748
-75.0145 24.7535 40.579 -0.177434 -2.74177 -52.8825
-75.0155 24.7396 40.3143 -0.183934 -2.82251 -52.9903
-75.0164 24.7253 40.0491 -0.190527 -2.90362 -53.0983
-75.0174 24.7106 39.7834 -0.197214 -2.98511 -53.2064
-75.0184 24.6955 39.5171 -0.203994 -3.06698 -53.3147
-75.0194 24.6799 39.2502 -0.210868 -3.14922 -53.4232
-75.0205 24.664 38.9828 -0.217837 -3.23185 -53.5318
-75.0216 24.6476 38.7149 -0.2249 -3.31486 -53.6405
-75.0227 24.6308 38.4464 -0.232058 -3.39826 -53.7495
-75.0239 24.6136 38.1774 -0.239312 -3.48204 -53.8586
-75.0251 24.596 37.9078 -0.246661 -3.56622 -53.9678
-75.0264 24.5779 37.6377 -0.254107 -3.65079 -54.0772
-75.0277 24.5595 37.3671 -0.261648 -3.73575 -54.1868
-75.029 24.5406 37.0959 -0.269287 -3.82111 -54.2966
-75.0303 24.5213 36.8241 -0.277023 -3.90687 -54.4065
-75.0317 24.5015 36.5518 -0.284856 -3.99303 -54.5165
-75.0332 24.4813 36.2789 -0.292787 -4.0796 -54.6268
-75.0347 24.4607 36.0055 -0.300816 -4.16657 -54.7372
-75.0362 24.4397 35.7316 -0.308944 -4.25395 -54.8477
-75.0378 24.4182 35.457 -0.317171 -4.34174 -54.9584
-75.0394 24.3963 35.182 -0.325497 -4.42995 -55.0693
-75.041 24.3739 34.9064 -0.333923 -4.51857 -55.1804
-75.0427 24.3511 34.6302 -0.34245 -4.60761 -55.2916
-75.0444 24.3278 34.3534 -0.351077 -4.69707 -55.403
-75.0462 24.3041 34.0761 -0.359805 -4.78695 -55.5146
-75.048 24.2799 33.7983 -0.368635 -4.87726 -55.6263
-75.0499 24.2553 33.5199 -0.377567 -4.968 -55.7382
-75.0518 24.2303 33.2409 -0.386602 -5.05916 -55.8502
-75.0538 24.2047 32.9614 -0.395739 -5.15076 -55.9625
-75.0558 24.1788 32.6813 -0.404979 -5.2428 -56.0749
-75.0578 24.1523 32.4006 -0.414324 -5.33528 -56.1874
-75.0599 24.1254 32.1194 -0.423772 -5.4282 -56.3002
-75.0621 24.098 31.8376 -0.433326 -5.52156 -56.4131
-75.0643 24.0702 31.5553 -0.442984 -5.61537 -56.5262
-75.0665 24.0419 31.2724 -0.452749 -5.70962 -56.6394
-75.0688 24.0131 30.9889 -0.462619 -5.80433 -56.7529
-75.0711 23.9838 30.7048 -0.472597 -5.8995 -56.8665
-75.0735 23.9541 30.4202 -0.482681 -5.99512 -56.9802
-75.0759 23.9239 30.135 -0.492874 -6.09121 -57.0942
-75.0784 23.8932 29.8493 -0.503174 -6.18775 -57.2083
-75.081 23.862 29.5629 -0.513584 -6.28477 -57.3226
-75.0836 23.8303 29.276 -0.524103 -6.38225 -57.4371
-75.0862 23.7982 28.9886 -0.534732 -6.48021 -57.5517
-75.0889 23.7655 28.7005 -0.545471 -6.57864 -57.6666
-75.0917 23.7324 28.4119 -0.556322 -6.67755 -57.7816
-75.0945 23.6988 28.1227 -0.567284 -6.77694 -57.8967
-75.0973 23.6646 27.8329 -0.578359 -6.87682 -58.0121
-75.1003 23.63 27.5426 -0.589546 -6.97718 -58.1276
-75.1032 23.5948 27.2517 -0.600846 -7.07804 -58.2433
-75.1063 23.5592 26.9602 -0.612261 -7.17939 -58.3592
-75.1094 23.5231 26.6681 -0.62379 -7.28123 -58.4753
-75.1125 23.4864 26.3754 -0.635435 -7.38358 -58.5916
-75.1157 23.4492 26.0822 -0.647196 -7.48643 -58.708
-75.119 23.4115 25.7883 -0.659073 -7.58979 -58.8246
-75.1223 23.3733 25.4939 -0.671067 -7.69365 -58.9414
-75.1257 23.3346 25.1989 -0.683179 -7.79804 -59.0584
-75.1291 23.2953 24.9033 -0.695409 -7.90293 -59.1756
-75.1326 23.2556 24.6072 -0.707759 -8.00835 -59.2929
-75.1362 23.2153 24.3104 -0.720229 -8.1143 -59.4104
-75.1398 23.1744 24.0131 -0.732819 -8.22077 -59.5282
-75.1435 23.133 23.7151 -0.745531 -8.32777 -59.6461
-75.1473 23.0911 23.4166 -0.758364 -8.43531 -59.7641
-75.1511 23.0487 23.1175 -0.77132 -8.54338 -59.8824
-75.155 23.0057 22.8178 -0.7844 -8.652 -60.0009
-75.159 22.9622 22.5175 -0.797604 -8.76116 -60.1195
-75.163 22.9181 22.2166 -0.810932 -8.87087 -60.2384
-75.1671 22.8735 21.9151 -0.824387 -8.98114 -60.3574
-75.1712 22.8283 21.613 -0.837968 -9.09196 -60.4766
-75.1755 22.7825 21.3103 -0.851676 -9.20334 -60.596
-75.1798 22.7363 21.007 -0.865512 -9.31529 -60.7156
-75.1841 22.6894 20.7032 -0.879477 -9.4278 -60.8354
-75.1885 22.642 20.3987 -0.893572 -9.54089 -60.9553
-75.1931 22.594 20.0936 -0.907797 -9.65455 -61.0755
-75.1976 22.5454 19.7879 -0.922153 -9.7688 -61.1958
-75.2023 22.4963 19.4816 -0.936642 -9.88363 -61.3164
-75.207 22.4466 19.1748 -0.951263 -9.99905 -61.4371
-75.2118 22.3963 18.8673 -0.966019 -10.1151 -61.558
-75.2167 22.3454 18.5592 -0.980909 -10.2317 -61.6792
-75.2216 22.294 18.2505 -0.995935 -10.3489 -61.8005
-75.2266 22.242 17.9412 -1.0111 -10.4667 -61.922
-75.2317 22.1893 17.6313 -1.0264 -10.5851 -62.0437
-75.2369 22.1361 17.3207 -1.04184 -10.7042 -62.1656
-75.2421 22.0823 17.0096 -1.05741 -10.8238 -62.2877
-75.2475 22.0279 16.6979 -1.07313 -10.9441 -62.41
-75.2529 21.9728 16.3855 -1.08899 -11.065 -62.5325
-75.2583 21.9172 16.0725 -1.10499 -11.1865 -62.6552
-75.2639 21.861 15.759 -1.12114 -11.3087 -62.778
-75.2696 21.8041 15.4448 -1.13742 -11.4315 -62.9011
-75.2753 21.7467 15.1299 -1.15386 -11.555 -63.0244
-75.2811 21.6886 14.8145 -1.17044 -11.6791 -63.1479
-75.287 21.6299 14.4985 -1.18717 -11.8039 -63.2716
-75.293 21.5705 14.1818 -1.20404 -11.9293 -63.3955
-75.299 21.5106 13.8645 -1.22107 -12.0554 -63.5195
-75.3052 21.45 13.5466 -1.23824 -12.1822 -63.6438
-75.3114 21.3888 13.2281 -1.25557 -12.3096 -63.7683
-75.3177 21.3269 12.9089 -1.27305 -12.4378 -63.893
-75.3241 21.2644 12.5891 -1.29068 -12.5666 -64.0179
-75.3306 21.2012 12.2687 -1.30847 -12.6961 -64.143
-75.3372 21.1374 11.9477 -1.32642 -12.8263 -64.2683
-75.3439 21.073 11.6261 -1.34452 -12.9572 -64.3938
-75.3507 21.0078 11.3038 -1.36278 -13.0888 -64.5195
-75.3575 20.9421 10.9809 -1.3812 -13.2211 -64.6454
-75.3645 20.8756 10.6573 -1.39978 -13.3541 -64.7715
-75.3715 20.8085 10.3331 -1.41852 -13.4879 -64.8979
-75.3787 20.7408 10.0083 -1.43743 -13.6224 -65.0244
-75.3859 20.6723 9.6829 -1.4565 -13.7576 -65.1511
-75.3932 20.6032 9.35683 -1.47574 -13.8936 -65.2781
-75.4007 20.5334 9.03012 -1.49514 -14.0303 -65.4052
-75.4082 20.4629 8.70278 -1.51471 -14.1677 -65.5326
-75.4158 20.3917 8.37479 -1.53446 -14.306 -65.6602
-75.4235 20.3198 8.04617 -1.55437 -14.4449 -65.7879
-75.4313 20.2472 7.71692 -1.57446 -14.5847 -65.9159
-75.4393 20.174 7.38702 -1.59472 -14.7252 -66.0441
-75.4473 20.1 7.05647 -1.61515 -14.8665 -66.1725
-75.4554 20.0253 6.72529 -1.63576 -15.0086 -66.3012
-75.4637 19.9499 6.39346 -1.65655 -15.1515 -66.43
-75.472 19.8738 6.06099 -1.67752 -15.2952 -66.559
-75.4804 19.797 5.72787 -1.69867 -15.4397 -66.6883
-75.489 19.7194 5.39411 -1.72001 -15.585 -66.8177
-75.4976 19.6411 5.05969 -1.74152 -15.7312 -66.9474
-75.5064 19.5621 4.72463 -1.76322 -15.8781 -67.0773
-75.5153 19.4823 4.38892 -1.78511 -16.0259 -67.2074
-75.5242 19.4018 4.05256 -1.80719 -16.1746 -67.3377
-75.5333 19.3206 3.71554 -1.82946 -16.3241 -67.4682
-75.5425 19.2386 3.37788 -1.85192 -16.4744 -67.599
-75.5518 19.1558 3.03955 -1.87458 -16.6256 -67.7299
-75.5613 19.0723 2.70058 -1.89743 -16.7777 -67.8611
-75.5708 18.9881 2.36094 -1.92047 -16.9306 -67.9925
-75.5805 18.903 2.02065 -1.94372 -17.0845 -68.1241
-75.5903 18.8172 1.6797 -1.96716 -17.2392 -68.2559
-75.6002 18.7306 1.33809 -1.99081 -17.3948 -68.388
-75.6102 18.6433 0.995821 -2.01466 -17.5514 -68.5202
-75.6203 18.5551 0.652889 -2.03872 -17.7088 -68.6527
-75.6306 18.4662 0.309294 -2.06298 -17.8672 -68.7853
-75.6409 18.3764 -0.0349646 -2.08745 -18.0265 -68.9182
-75.6514 18.2859 -0.379888 -2.11214 -18.1867 -69.0514
-75.6621 18.1946 -0.725478 -2.13703 -18.3479 -69.1847
-75.6728 18.1024 -1.07174 -2.16215 -18.51 -69.3182
-75.6837 18.0095 -1.41866 -2.18748 -18.6731 -69.452
-75.6947 17.9157 -1.76626 -2.21302 -18.8372 -69.586
-75.7058 17.8211 -2.11452 -2.23879 -19.0022 -69.7202
-75.7171 17.7257 -2.46346 -2.26478 -19.1682 -69.8546
-75.7285 17.6294 -2.81307 -2.291 -19.3353 -69.9892
-75.74 17.5323 -3.16335 -2.31744 -19.5033 -70.1241
-75.7516 17.4344 -3.51431 -2.34411 -19.6723 -70.2591
-75.7634 17.3356 -3.86594 -2.37102 -19.8424 -70.3944
-75.7753 17.236 -4.21825 -2.39815 -20.0135 -70.5299
-75.7874 17.1355 -4.57124 -2.42552 -20.1856 -70.6657
-75.7996 17.0341 -4.92491 -2.45313 -20.3588 -70.8016
-75.8119 16.9319 -5.27926 -2.48098 -20.5331 -70.9377
-75.8244 16.8288 -5.63429 -2.50907 -20.7084 -71.0741
-75.837 16.7248 -5.99 -2.53741 -20.8848 -71.2107
-75.8498 16.6199 -6.34639 -2.56599 -21.0623 -71.3475
-75.8627 16.5142 -6.70347 -2.59482 -21.2409 -71.4845
-75.8757 16.4075 -7.06124 -2.6239 -21.4206 -71.6218
-75.8889 16.3 -7.41969 -2.65324 -21.6014 -71.7592
-75.9023 16.1915 -7.77883 -2.68283 -21.7833 -71.8969
-75.9157 16.0821 -8.13866 -2.71269 -21.9664 -72.0348
-75.9294 15.9718 -8.49918 -2.7428 -22.1506 -72.1729
-75.9432 15.8606 -8.86039 -2.77318 -22.336 -72.3113
-75.9571 15.7485 -9.22229 -2.80382 -22.5226 -72.4498
-75.9712 15.6354 -9.58489 -2.83473 -22.7103 -72.5885
-75.9855 15.5214 -9.94818 -2.86592 -22.8992 -72.7275
-75.9999 15.4064 -10.3122 -2.89738 -23.0894 -72.8667
-76.0144 15.2905 -10.6768 -2.92912 -23.2807 -73.0061
-76.0292 15.1736 -11.0422 -2.96113 -23.4733 -73.1457
-76.044 15.0557 -11.4083 -2.99343 -23.6671 -73.2855
-76.0591 14.9369 -11.7751 -3.02602 -23.8622 -73.4256
-76.0743 14.8171 -12.1426 -3.05889 -24.0586 -73.5658
-76.0897 14.6963 -12.5107 -3.09206 -24.2562 -73.7063
-76.1052 14.5746 -12.8796 -3.12552 -24.4551 -73.8469
-76.1209 14.4518 -13.2492 -3.15928 -24.6553 -73.9878
-76.1368 14.328 -13.6195 -3.19334 -24.8568 -74.1289
-76.1529 14.2032 -13.9905 -3.2277 -25.0596 -74.2702
-76.1691 14.0774 -14.3622 -3.26237 -25.2638 -74.4117
-76.1855 13.9506 -14.7346 -3.29735 -25.4693 -74.5534
-76.2021 13.8227 -15.1077 -3.33264 -25.6762 -74.6953
-76.2188 13.6938 -15.4816 -3.36825 -25.8845 -74.8375
-76.2358 13.5639 -15.8561 -3.40418 -26.0941 -74.9798
-76.2529 13.4329 -16.2314 -3.44044 -26.3052 -75.1223
-76.2702 13.3008 -16.6073 -3.47702 -26.5177 -75.265
-76.2876 13.1677 -16.984 -3.51393 -26.7316 -75.408
-76.3053 13.0335 -17.3614 -3.55117 -26.947 -75.5511
-76.3231 12.8982 -17.7395 -3.58875 -27.1638 -75.6944
-76.3412 12.7619 -18.1184 -3.62667 -27.3821 -75.8379
-76.3594 12.6244 -18.4979 -3.66494 -27.6019 -75.9817
-76.3778 12.4858 -18.8782 -3.70356 -27.8232 -76.1256
-76.3964 12.3462 -19.2592 -3.74252 -28.0461 -76.2697
-76.4153 12.2054 -19.6409 -3.78185 -28.2704 -76.414
-76.4343 12.0635 -20.0233 -3.82153 -28.4964 -76.5585
-76.4535 11.9204 -20.4065 -3.86158 -28.7239 -76.7031
-76.4729 11.7762 -20.7903 -3.90199 -28.953 -76.848
-76.4925 11.6309 -21.1749 -3.94278 -29.1836 -76.993
-76.5123 11.4844 -21.5603 -3.98395 -29.416 -77.1383
-76.5323 11.3367 -21.9463 -4.02549 -29.6499 -77.2837
-76.5526 11.1879 -22.3331 -4.06742 -29.8855 -77.4292
-76.573 11.0379 -22.7206 -4.10973 -30.1228 -77.575
-76.5937 10.8867 -23.1089 -4.15245 -30.3618 -77.7209
-76.6145 10.7343 -23.4978 -4.19555 -30.6025 -77.867
-76.6356 10.5806 -23.8875 -4.23906 -30.8449 -78.0133
-76.6569 10.4258 -24.278 -4.28298 -31.089 -78.1597
-76.6784 10.2698 -24.6691 -4.32731 -31.3349 -78.3063
-76.7002 10.1125 -25.061 -4.37206 -31.5826 -78.4531
-76.7222 9.95393 -25.4537 -4.41722 -31.8321 -78.6
-76.7444 9.79414 -25.847 -4.46281 -32.0835 -78.7471
-76.7668 9.63309 -26.2411 -4.50884 -32.3366 -78.8943
-76.7895 9.47078 -26.636 -4.55529 -32.5917 -79.0417
-76.8123 9.30718 -27.0315 -4.60219 -32.8486 -79.1892
-76.8355 9.14229 -27.4279 -4.64954 -33.1074 -79.3369
-76.8588 8.9761 -27.8249 -4.69734 -33.3682 -79.4847
-76.8824 8.80861 -28.2227 -4.74559 -33.6309 -79.6326
-76.9063 8.63979 -28.6212 -4.79431 -33.8955 -79.7807
-76.9304 8.46965 -29.0205 -4.84349 -34.1622 -79.9289
-76.9547 8.29817 -29.4205 -4.89315 -34.4309 -80.0772
-76.9793 8.12534 -29.8213 -4.94329 -34.7016 -80.2256
-77.0042 7.95116 -30.2228 -4.99391 -34.9743 -80.3742
-77.0293 7.7756 -30.625 -5.04502 -35.2492 -80.5229
-77.0546 7.59866 -31.028 -5.09663 -35.5262 -80.6716
-77.0802 7.42034 -31.4317 -5.14874 -35.8052 -80.8205
-77.1061 7.24061 -31.8362 -5.20136 -36.0865 -80.9695
-77.1322 7.05947 -32.2414 -5.25449 -36.3699 -81.1186
-77.1586 6.87691 -32.6474 -5.30815 -36.6556 -81.2677
-77.1853 6.69292 -33.0541 -5.36233 -36.9434 -81.417
-77.2123 6.50748 -33.4616 -5.41705 -37.2336 -81.5663
-77.2395 6.32058 -33.8698 -5.47231 -37.526 -81.7157
-77.267 6.13222 -34.2787 -5.52812 -37.8207 -81.8651
-77.2948 5.94237 -34.6884 -5.58449 -38.1178 -82.0146
-77.3228 5.75104 -35.0989 -5.64141 -38.4172 -82.1642
-77.3512 5.5582 -35.5101 -5.69891 -38.7191 -82.3138
-77.3798 5.36385 -35.922 -5.75698 -39.0233 -82.4634
-77.4088 5.16797 -36.3347 -5.81563 -39.3301 -82.6131
-77.438 4.97055 -36.7481 -5.87488 -39.6393 -82.7628
-77.4675 4.77157 -37.1623 -5.93472 -39.951 -82.9125
-77.4973 4.57104 -37.5773 -5.99517 -40.2653 -83.0623
-77.5275 4.36892 -37.9929 -6.05624 -40.5821 -83.212
-77.5579 4.16522 -38.4094 -6.11793 -40.9016 -83.3617
-77.5886 3.95991 -38.8266 -6.18025 -41.2237 -83.5114
-77.6197 3.75298 -39.2445 -6.24321 -41.5485 -83.6611
-77.6511 3.54442 -39.6632 -6.30681 -41.876 -83.8108
-77.6828 3.33422 -40.0826 -6.37108 -42.2062 -83.9604
-77.7148 3.12236 -40.5028 -6.436 -42.5392 -84.11
-77.7471 2.90883 -40.9237 -6.5016 -42.875 -84.2595
-77.7798 2.69361 -41.3454 -6.56789 -43.2137 -84.4089
-77.8128 2.47669 -41.7678 -6.63487 -43.5553 -84.5583
-77.8461 2.25806 -42.191 -6.70254 -43.8997 -84.7075
-77.8798 2.03769 -42.6149 -6.77093 -44.2472 -84.8567
-77.9139 1.81558 -43.0395 -6.84004 -44.5976 -85.0058
-77.9482 1.59171 -43.4649 -6.90989 -44.9511 -85.1547
-77.983 1.36607 -43.8911 -6.98047 -45.3077 -85.3035
-78.018 1.13864 -44.318 -7.0518 -45.6673 -85.4521
-78.0535 0.909398 -44.7456 -7.1239 -46.0302 -85.6006
-78.0893 0.678336 -45.174 -7.19677 -46.3962 -85.7489
-78.1254 0.445435 -45.6031 -7.27042 -46.7655 -85.897
-78.162 0.210681 -46.0329 -7.34486 -47.138 -86.045
-78.1989 -0.0259453 -46.4635 -7.42011 -47.5139 -86.1927
-78.2362 -0.264459 -46.8949 -7.49618 -47.8932 -86.3401
-78.2738 -0.504878 -47.3269 -7.57308 -48.2759 -86.4874
-78.3119 -0.747218 -47.7597 -7.65081 -48.662 -86.6343
-78.3504 -0.991498 -48.1933 -7.7294 -49.0517 -86.781
-78.3892 -1.23774 -48.6275 -7.80885 -49.4449 -86.9274
-78.4284 -1.48595 -49.0625 -7.88918 -49.8418 -87.0735
-78.4681 -1.73615 -49.4983 -7.9704 -50.2422 -87.2192
-78.5081 -1.98837 -49.9347 -8.05252 -50.6464 -87.3646
-78.5486 -2.24262 -50.3719 -8.13555 -51.0544 -87.5096
-78.5895 -2.49891 -50.8098 -8.21951 -51.4661 -87.6542
-78.6308 -2.75728 -51.2485 -8.30441 -51.8817 -87.7985
-78.6725 -3.01773 -51.6878 -8.39026 -52.3013 -87.9423
-78.7147 -3.28029 -52.1279 -8.47709 -52.7247 -88.0856
-78.7573 -3.54498 -52.5687 -8.56489 -53.1522 -88.2285
-78.8004 -3.81182 -53.0102 -8.65369 -53.5838 -88.3708
-78.8439 -4.08082 -53.4524 -8.74349 -54.0195 -88.5127
-78.8878 -4.35201 -53.8953 -8.83432 -54.4594 -88.6539
-78.9322 -4.62541 -54.3389 -8.92619 -54.9035 -88.7947
-78.9771 -4.90105 -54.7832 -9.01911 -55.352 -88.9348
-79.0224 -5.17893 -55.2283 -9.1131 -55.8048 -89.0742
-79.0682 -5.45909 -55.674 -9.20818 -56.262 -89.213
-79.1145 -5.74155 -56.1204 -9.30435 -56.7237 -89.3511
-79.1612 -6.02633 -56.5675 -9.40164 -57.1899 -89.4885
-79.2085 -6.31345 -57.0153 -9.50005 -57.6608 -89.6251
-79.2562 -6.60294 -57.4638 -9.59962 -58.1363 -89.7609
-79.3045 -6.89482 -57.9129 -9.70035 -58.6166 -89.8959
-79.3532 -7.18911 -58.3627 -9.80227 -59.1017 -90.0301
-79.4025 -7.48583 -58.8132 -9.90538 -59.5917 -90.1633
-79.4523 -7.78502 -59.2643 -10.0097 -60.0866 -90.2956
-79.5026 -8.0867 -59.7162 -10.1153 -60.5866 -90.4268
-79.5534 -8.39089 -60.1686 -10.2221 -61.0916 -90.5571
-79.6048 -8.69762 -60.6217 -10.3302 -61.6019 -90.6863
-79.6567 -9.00691 -61.0755 -10.4396 -62.1173 -90.8144
-79.7092 -9.31879 -61.5299 -10.5503 -62.6381 -90.9413
-79.7622 -9.63329 -61.9849 -10.6623 -63.1644 -91.067
-79.8158 -9.95044 -62.4405 -10.7757 -63.696 -91.1914
-79.87 -10.2703 -62.8968 -10.8905 -64.2333 -91.3146
-79.9247 -10.5928 -63.3537 -11.0067 -64.7762 -91.4363
-79.9801 -10.918 -63.8112 -11.1243 -65.3249 -91.5567
-80.036 -11.246 -64.2692 -11.2433 -65.8794 -91.6756
-80.0925 -11.5768 -64.7279 -11.3638 -66.4398 -91.7929
-80.1496 -11.9104 -65.1872 -11.4858 -67.0062 -91.9086
-80.2074 -12.2469 -65.647 -11.6093 -67.5787 -92.0227
-80.2657 -12.5862 -66.1074 -11.7343 -68.1573 -92.1351
-80.3247 -12.9284 -66.5684 -11.8609 -68.7423 -92.2457
-80.3843 -13.2736 -67.0299 -11.9891 -69.3337 -92.3544
-80.4446 -13.6218 -67.4919 -12.1189 -69.9315 -92.4612
-80.5055 -13.9729 -67.9545 -12.2503 -70.536 -92.5659
-80.5671 -14.3271 -68.4176 -12.3834 -71.1471 -92.6686
-80.6294 -14.6844 -68.8812 -12.5182 -71.765 -92.7692
-80.6923 -15.0448 -69.3452 -12.6547 -72.3898 -92.8674
-80.7559 -15.4083 -69.8098 -12.793 -73.0216 -92.9634
-80.8202 -15.775 -70.2749 -12.933 -73.6606 -93.0569
-80.8852 -16.1449 -70.7404 -13.0749 -74.3068 -93.1479
-80.951 -16.5181 -71.2064 -13.2186 -74.9603 -93.2363
-81.0174 -16.8945 -71.6728 -13.3642 -75.6214 -93.322
-81.0846 -17.2743 -72.1396 -13.5116 -76.29 -93.4049
-81.1525 -17.6574 -72.6068 -13.6611 -76.9663 -93.4849
-81.2212 -18.044 -73.0744 -13.8125 -77.6504 -93.5618
-81.2907 -18.4339 -73.5424 -13.9658 -78.3426 -93.6356
-81.3609 -18.8274 -74.0108 -14.1213 -79.0428 -93.7062
-81.4319 -19.2244 -74.4795 -14.2788 -79.7512 -93.7733
-81.5037 -19.6249 -74.9485 -14.4384 -80.468 -93.837
-81.5763 -20.029 -75.4179 -14.6002 -81.1933 -93.897
-81.6497 -20.4368 -75.8875 -14.7641 -81.9273 -93.9532
-81.7239 -20.8483 -76.3574 -14.9303 -82.67 -94.0055
-81.799 -21.2635 -76.8275 -15.0987 -83.4217 -94.0537
-81.8749 -21.6825 -77.2979 -15.2695 -84.1824 -94.0978
-81.9517 -22.1053 -77.7685 -15.4426 -84.9523 -94.1374
-82.0293 -22.532 -78.2393 -15.618 -85.7316 -94.1725
-82.1078 -22.9627 -78.7102 -15.796 -86.5205 -94.2029
-82.1873 -23.3973 -79.1813 -15.9763 -87.319 -94.2284
-82.2676 -23.8359 -79.6525 -16.1592 -88.1274 -94.2488
-82.3489 -24.2785 -80.1238 -16.3447 -88.9457 -94.2639
-82.431 -24.7253 -80.5952 -16.5327 -89.7743 -94.2736
-82.5142 -25.1763 -81.0665 -16.7235 -90.6132 -94.2776
-82.5983 -25.6314 -81.5379 -16.9169 -91.4626 -94.2757
-82.6834 -26.0909 -82.0093 -17.1131 -92.3227 -94.2677
-82.7694 -26.5547 -82.4806 -17.312 -93.1936 -94.2534
-82.8565 -27.0228 -82.9518 -17.5139 -94.0756 -94.2325
-82.9446 -27.4954 -83.4229 -17.7186 -94.9688 -94.2047
-83.0337 -27.9725 -83.8939 -17.9263 -95.8734 -94.1699
-83.1238 -28.4542 -84.3646 -18.137 -96.7896 -94.1277
-83.215 -28.9404 -84.8352 -18.3508 -97.7176 -94.0778
-83.3073 -29.4313 -85.3054 -18.5677 -98.6575 -94.02
-83.4007 -29.927 -85.7754 -18.7877 -99.6096 -93.954
-83.4952 -30.4274 -86.2449 -19.011 -100.574 -93.8794
-83.5908 -30.9327 -86.7141 -19.2376 -101.551 -93.796
-83.6876 -31.4429 -87.1829 -19.4676 -102.541 -93.7033
-83.7855 -31.9581 -87.6512 -19.701 -103.543 -93.601
-83.8846 -32.4784 -88.1189 -19.9378 -104.559 -93.4888
-83.9849 -33.0037 -88.5861 -20.1782 -105.589 -93.3662
-84.0864 -33.5343 -89.0526 -20.4222 -106.631 -93.2329
-84.1891 -34.07 -89.5184 -20.6698 -107.688 -93.0885
-84.2931 -34.6111 -89.9835 -20.9212 -108.758 -92.9325
-84.3983 -35.1576 -90.4477 -21.1763 -109.843 -92.7644
-84.5048 -35.7096 -90.9111 -21.4353 -110.942 -92.5838
-84.6127 -36.267 -91.3735 -21.6983 -112.056 -92.3903
-84.7218 -36.8301 -91.835 -21.9652 -113.184 -92.1832
-84.8323 -37.3989 -92.2954 -22.2362 -114.327 -91.9621
-84.9442 -37.9734 -92.7546 -22.5113 -115.486 -91.7265
-85.0574 -38.5537 -93.2126 -22.7906 -116.66 -91.4757
-85.1721 -39.14 -93.6694 -23.0742 -117.849 -91.2091
-85.2882 -39.7322 -94.1247 -23.3621 -119.055 -90.9262
-85.4057 -40.3305 -94.5786 -23.6544 -120.276 -90.6263
-85.5247 -40.935 -95.031 -23.9512 -121.513 -90.3087
-85.6452 -41.5457 -95.4817 -24.2525 -122.767 -89.9727
-85.7672 -42.1627 -95.9307 -24.5584 -124.037 -89.6176
-85.8908 -42.786 -96.3779 -24.869 -125.324 -89.2427
-86.0159 -43.4159 -96.8231 -25.1843 -126.627 -88.8471
-86.1426 -44.0523 -97.2664 -25.5044 -127.948 -88.43
-86.271 -44.6954 -97.7074 -25.8294 -129.285 -87.9906
-86.4009 -45.3452 -98.1463 -26.1593 -130.64 -87.528
-86.5326 -46.0018 -98.5827 -26.4941 -132.012 -87.0414
-86.6659 -46.6653 -99.0167 -26.834 -133.401 -86.5296
-86.8009 -47.3358 -99.448 -27.179 -134.808 -85.9918
-86.9377 -48.0133 -99.8766 -27.5292 -136.232 -85.4269
-87.0762 -48.6981 -100.302 -27.8845 -137.673 -84.8338
-87.2165 -49.3901 -100.725 -28.245 -139.132 -84.2115
-87.3586 -50.0894 -101.144 -28.6108 -140.609 -83.5588
-87.5026 -50.7961 -101.561 -28.9819 -142.102 -82.8744
-87.6485 -51.5104 -101.973 -29.3584 -143.613 -82.1573
-87.7962 -52.2323 -102.382 -29.7401 -145.141 -81.406
-87.9459 -52.9618 -102.787 -30.1272 -146.687 -80.6192
-88.0975 -53.6991 -103.188 -30.5197 -148.248 -79.7957
-88.251 -54.4443 -103.585 -30.9175 -149.827 -78.934
-88.4066 -55.1974 -103.978 -31.3206 -151.421 -78.0325
-88.5642 -55.9585 -104.365 -31.729 -153.031 -77.09
-88.7239 -56.7277 -104.749 -32.1427 -154.657 -76.1046
-88.8857 -57.5051 -105.127 -32.5616 -156.297 -75.075
-89.0495 -58.2907 -105.499 -32.9857 -157.952 -73.9994
-89.2155 -59.0846 -105.867 -33.4148 -159.62 -72.8762
-89.3837 -59.8869 -106.228 -33.8488 -161.301 -71.7036
-89.554 -60.6976 -106.584 -34.2877 -162.995 -70.4799
-89.7266 -61.5168 -106.933 -34.7313 -164.699 -69.2033
-89.9013 -62.3446 -107.276 -35.1794 -166.414 -67.872
-90.0783 -63.1809 -107.612 -35.6319 -168.138 -66.484
-90.2576 -64.0259 -107.94 -36.0885 -169.869 -65.0376
-90.4392 -64.8796 -108.262 -36.549 -171.607 -63.5308
-90.6231 -65.742 -108.576 -37.0132 -173.35 -61.9616
-90.8094 -66.6131 -108.882 -37.4806 -175.097 -60.3282
-90.9979 -67.493 -109.179 -37.9511 -176.845 -58.6287
-91.1889 -68.3816 -109.468 -38.4242 -178.593 -56.861
-91.3822 -69.2789 -109.748 -38.8995 -180.339 -55.0234
-91.5779 -70.1849 -110.018 -39.3767 -182.08 -53.1138
-91.7759 -71.0997 -110.279 -39.8551 -183.814 -51.1306
-91.9764 -72.0231 -110.529 -40.3343 -185.539 -49.0719
-92.1793 -72.9551 -110.769 -40.8137 -187.252 -46.9361
-92.3845 -73.8956 -110.999 -41.2927 -188.949 -44.7214
-92.5922 -74.8445 -111.217 -41.7706 -190.628 -42.4264
-92.8022 -75.8018 -111.423 -42.2466 -192.285 -40.0498
-93.0147 -76.7674 -111.617 -42.7202 -193.918 -37.5901
-93.2294 -77.741 -111.799 -43.1903 -195.521 -35.0465
-93.4466 -78.7226 -111.968 -43.6562 -197.092 -32.418
-93.666 -79.7119 -112.123 -44.1169 -198.626 -29.7038
-93.8877 -80.7088 -112.265 -44.5714 -200.118 -26.9036
-94.1117 -81.7131 -112.392 -45.0188 -201.566 -24.0172
-94.3379 -82.7245 -112.505 -45.458 -202.963 -21.0447
-94.5663 -83.7427 -112.603 -45.8878 -204.305 -17.9864
-94.7968 -84.7675 -112.685 -46.3071 -205.588 -14.8432
-95.0294 -85.7986 -112.751 -46.7147 -206.806 -11.6161
-95.2639 -86.8356 -112.801 -47.1094 -207.955 -8.30667
-95.5004 -87.8781 -112.834 -47.49 -209.028 -4.91677
-95.7388 -88.9258 -112.85 -47.8551 -210.023 -1.44873
-95.979 -89.9783 -112.849 -48.2035 -210.932 2.09467
-96.2209 -91.0351 -112.829 -48.5339 -211.752 5.71023
-96.4643 -92.0958 -112.792 -48.8451 -212.477 9.39426
-96.7093 -93.1599 -112.735 -49.1357 -213.103 13.1426
-96.9557 -94.2269 -112.66 -49.4046 -213.625 16.9507
-97.2033 -95.2961 -112.566 -49.6505 -214.038 20.8134
-97.4522 -96.3672 -112.452 -49.8723 -214.34 24.7253
-97.7021 -97.4395 -112.319 -50.069 -214.526 28.6804
-97.9529 -98.5125 -112.165 -50.2394 -214.592 32.6724
-98.2045 -99.5855 -111.992 -50.3827 -214.537 36.6945
-98.4567 -100.658 -111.798 -50.498 -214.357 40.7399
-98.7094 -101.729 -111.585 -50.5846 -214.051 44.8011
-98.9625 -102.798 -111.35 -50.642 -213.617 48.8706
-99.2158 -103.865 -111.096 -50.6695 -213.054 52.9408
-99.4692 -104.929 -110.821 -50.6668 -212.363 57.0037
-99.7225 -105.989 -110.526 -50.6337 -211.543 61.0514
-99.9756 -107.044 -110.211 -50.5702 -210.596 65.0762
-100.228 -108.095 -109.875 -50.4762 -209.522 69.0701
-100.48 -109.14 -109.52 -50.3519 -208.325 73.0255
-100.732 -110.178 -109.145 -50.1977 -207.006 76.9348
-100.982 -111.21 -108.751 -50.014 -205.57 80.7908
-101.232 -112.234 -108.337 -49.8014 -204.019 84.5866
-101.48 -113.25 -107.905 -49.5606 -202.358 88.3155
-101.727 -114.257 -107.454 -49.2925 -200.591 91.9715
-101.973 -115.256 -106.985 -48.9981 -198.725 95.5488
-102.217 -116.245 -106.498 -48.6782 -196.762 99.0421
-102.46 -117.223 -105.995 -48.3341 -194.711 102.447
-102.701 -118.192 -105.474 -47.9669 -192.575 105.758
-102.94 -119.149 -104.937 -47.578 -190.362 108.973
-103.177 -120.095 -104.384 -47.1685 -188.078 112.088
-103.411 -121.03 -103.816 -46.7398 -185.728 115.101
-103.644 -121.953 -103.233 -46.2934 -183.319 118.009
-103.874 -122.863 -102.636 -45.8305 -180.857 120.811
-104.102 -123.761 -102.025 -45.3525 -178.348 123.506
-104.328 -124.647 -101.401 -44.8609 -175.798 126.093
-104.551 -125.519 -100.764 -44.3569 -173.214 128.572
-104.771 -126.379 -100.115 -43.8419 -170.6 130.943
-104.989 -127.225 -99.4548 -43.3172 -167.962 133.207
-105.205 -128.059 -98.7832 -42.7841 -165.306 135.365
-105.417 -128.878 -98.1011 -42.2437 -162.637 137.418
-105.627 -129.685 -97.4091 -41.6973 -159.959 139.367
-105.834 -130.478 -96.7075 -41.1459 -157.276 141.215
-106.039 -131.258 -95.9969 -40.5907 -154.594 142.964
-106.24 -132.024 -95.2778 -40.0326 -151.915 144.615
-106.439 -132.777 -94.5507 -39.4725 -149.245 146.172
-106.635 -133.516 -93.8161 -38.9114 -146.585 147.637
-106.828 -134.243 -93.0744 -38.3501 -143.939 149.012
-107.018 -134.956 -92.326 -37.7894 -141.311 150.3
-107.206 -135.656 -91.5714 -37.2299 -138.702 151.505
-107.391 -136.343 -90.8109 -36.6724 -136.115 152.628
-107.573 -137.017 -90.0451 -36.1174 -133.553 153.673
-107.752 -137.678 -89.2742 -35.5656 -131.016 154.643
-107.928 -138.327 -88.4987 -35.0174 -128.507 155.54
-108.102 -138.963 -87.7188 -34.4732 -126.028 156.368
-108.273 -139.587 -86.935 -33.9336 -123.579 157.129
-108.441 -140.199 -86.1475 -33.3988 -121.162 157.826
-108.607 -140.799 -85.3567 -32.8692 -118.778 158.462
-108.77 -141.387 -84.5629 -32.3451 -116.427 159.039
-108.93 -141.963 -83.7663 -31.8268 -114.11 159.561
-109.088 -142.528 -82.9673 -31.3144 -111.828 160.028
-109.244 -143.082 -82.166 -30.8082 -109.581 160.445
-109.396 -143.624 -81.3628 -30.3083 -107.37 160.814
-109.547 -144.155 -80.5579 -29.8149 -105.194 161.136
-109.694 -144.676 -79.7514 -29.3281 -103.054 161.414
-109.84 -145.186 -78.9437 -28.8479 -100.95 161.65
-109.983 -145.685 -78.1349 -28.3745 -98.8815 161.846
-110.124 -146.175 -77.3253 -27.9079 -96.8487 162.004
-110.262 -146.654 -76.5149 -27.4481 -94.8513 162.127
-110.398 -147.123 -75.704 -26.9951 -92.8892 162.215
-110.532 -147.583 -74.8927 -26.549 -90.962 162.271
-110.664 -148.033 -74.0813 -26.1098 -89.0694 162.297
-110.793 -148.473 -73.2698 -25.6773 -87.2111 162.293
-110.92 -148.905 -72.4583 -25.2516 -85.3866 162.263
-111.046 -149.327 -71.6471 -24.8327 -83.5955 162.206
-111.169 -149.741 -70.8363 -24.4205 -81.8374 162.124
-111.29 -150.146 -70.0259 -24.0149 -80.1118 162.019
-111.409 -150.542 -69.2161 -23.6159 -78.4182 161.893
-111.526 -150.93 -68.4069 -23.2234 -76.7561 161.745
-111.641 -151.31 -67.5986 -22.8373 -75.1251 161.578
-111.754 -151.681 -66.7912 -22.4576 -73.5245 161.393
-111.866 -152.045 -65.9847 -22.0841 -71.9538 161.19
-111.975 -152.401 -65.1793 -21.7168 -70.4125 160.971
-112.083 -152.749 -64.375 -21.3557 -68.9001 160.736
-112.189 -153.09 -63.5719 -21.0005 -67.416 160.487
-112.293 -153.423 -62.7701 -20.6512 -65.9597 160.224
-112.395 -153.749 -61.9697 -20.3078 -64.5306 159.948
-112.496 -154.068 -61.1706 -19.97 -63.1281 159.66
-112.595 -154.381 -60.3731 -19.638 -61.7519 159.36
-112.692 -154.686 -59.577 -19.3114 -60.4012 159.05
-112.788 -154.985 -58.7826 -18.9903 -59.0757 158.73
-112.882 -155.277 -57.9897 -18.6745 -57.7747 158.401
-112.975 -155.562 -57.1985 -18.3639 -56.4978 158.063
-113.066 -155.842 -56.4091 -18.0585 -55.2444 157.716
-113.155 -156.115 -55.6214 -17.7582 -54.0141 157.362
-113.243 -156.382 -54.8355 -17.4628 -52.8063 157.001
-113.33 -156.643 -54.0514 -17.1723 -51.6206 156.633
-113.415 -156.898 -53.2691 -16.8865 -50.4565 156.259
-113.499 -157.147 -52.4888 -16.6054 -49.3135 155.879
-113.581 -157.391 -51.7103 -16.329 -48.1912 155.494
-113.662 -157.629 -50.9338 -16.057 -47.0891 155.104
-113.742 -157.862 -50.1593 -15.7894 -46.0068 154.709
-113.82 -158.089 -49.3867 -15.5261 -44.9438 154.31
-113.897 -158.311 -48.6162 -15.2671 -43.8997 153.908
-113.973 -158.528 -47.8477 -15.0123 -42.8741 153.501
-114.047 -158.74 -47.0812 -14.7615 -41.8666 153.091
-114.12 -158.947 -46.3167 -14.5147 -40.8768 152.679
-114.192 -159.149 -45.5544 -14.2718 -39.9043 152.263
-114.263 -159.346 -44.7941 -14.0327 -38.9487 151.845
-114.333 -159.538 -44.0359 -13.7974 -38.0097 151.425
-114.401 -159.726 -43.2799 -13.5658 -37.0869 151.003
-114.468 -159.909 -42.5259 -13.3378 -36.1799 150.579
-114.534 -160.088 -41.7741 -13.1133 -35.2883 150.154
-114.599 -160.262 -41.0244 -12.8923 -34.412 149.727
-114.663 -160.432 -40.2768 -12.6747 -33.5504 149.299
-114.726 -160.598 -39.5314 -12.4604 -32.7033 148.869
-114.788 -160.759 -38.7881 -12.2494 -31.8705 148.439
-114.849 -160.916 -38.047 -12.0415 -31.0514 148.009
-114.908 -161.07 -37.308 -11.8368 -30.246 147.577
-114.967 -161.219 -36.5712 -11.6352 -29.4538 147.146
-115.025 -161.364 -35.8366 -11.4365 -28.6747 146.714
-115.081 -161.506 -35.1041 -11.2408 -27.9082 146.281
-115.137 -161.643 -34.3737 -11.048 -27.1542 145.849
-115.192 -161.777 -33.6456 -10.858 -26.4124 145.417
-115.246 -161.907 -32.9196 -10.6708 -25.6825 144.985
-115.299 -162.034 -32.1957 -10.4863 -24.9642 144.553
-115.351 -162.157 -31.474 -10.3045 -24.2574 144.122
-115.402 -162.277 -30.7545 -10.1253 -23.5617 143.691
-115.452 -162.393 -30.0371 -9.94867 -22.877 143.261
-115.501 -162.505 -29.3219 -9.77453 -22.2031 142.831
-115.55 -162.615 -28.6088 -9.60286 -21.5396 142.402
-115.597 -162.721 -27.8979 -9.43361 -20.8864 141.973
-115.644 -162.824 -27.1891 -9.26672 -20.2432 141.546
-115.69 -162.923 -26.4824 -9.10216 -19.6099 141.119
-115.735 -163.02 -25.7779 -8.93988 -18.9863 140.694
-115.779 -163.113 -25.0755 -8.77983 -18.3721 140.269
-115.823 -163.203 -24.3752 -8.62197 -17.7672 139.845
-115.865 -163.291 -23.677 -8.46627 -17.1714 139.422
-115.907 -163.375 -22.981 -8.31267 -16.5845 139.001
-115.949 -163.457 -22.287 -8.16115 -16.0063 138.581
-115.989 -163.535 -21.5952 -8.01166 -15.4366 138.162
-116.029 -163.611 -20.9054 -7.86416 -14.8753 137.744
-116.068 -163.684 -20.2177 -7.71861 -14.3222 137.327
-116.106 -163.754 -19.5321 -7.57499 -13.7772 136.912
-116.143 -163.822 -18.8486 -7.43325 -13.2401 136.498
-116.18 -163.887 -18.1671 -7.29336 -12.7107 136.086
-116.216 -163.949 -17.4877 -7.15528 -12.1888 135.675
-116.252 -164.008 -16.8104 -7.01899 -11.6744 135.265
-116.287 -164.065 -16.1351 -6.88445 -11.1674 134.857
-116.321 -164.12 -15.4618 -6.75163 -10.6674 134.45
-116.354 -164.172 -14.7906 -6.62049 -10.1745 134.045
-116.387 -164.222 -14.1214 -6.49102 -9.68847 133.641
-116.419 -164.269 -13.4542 -6.36317 -9.20919 133.239
-116.45 -164.314 -12.789 -6.23691 -8.73653 132.838
-116.481 -164.356 -12.1258 -6.11223 -8.27038 132.439
-116.512 -164.397 -11.4646 -5.98909 -7.81061 132.042
-116.541 -164.435 -10.8054 -5.86747 -7.35711 131.646
-116.57 -164.47 -10.1481 -5.74733 -6.90974 131.251
-116.599 -164.504 -9.49287 -5.62866 -6.46842 130.859
-116.627 -164.535 -8.83955 -5.51143 -6.03301 130.467
-116.654 -164.564 -8.18819 -5.3956 -5.60342 130.078
-116.68 -164.591 -7.53878 -5.28117 -5.17954 129.69
-116.707 -164.616 -6.89129 -5.1681 -4.76127 129.303
-116.732 -164.638 -6.24574 -5.05637 -4.3485 128.919
-116.757 -164.659 -5.60211 -4.94596 -3.94114 128.536
-116.782 -164.678 -4.96038 -4.83685 -3.53909 128.154
-116.806 -164.695 -4.32057 -4.72901 -3.14225 127.774
-116.829 -164.709 -3.68264 -4.62242 -2.75054 127.396
-116.852 -164.722 -3.04661 -4.51707 -2.36386 127.019
-116.874 -164.733 -2.41245 -4.41292 -1.98213 126.645
-116.896 -164.742 -1.78016 -4.30997 -1.60526 126.271
-116.917 -164.749 -1.14974 -4.20819 -1.23316 125.899
-116.938 -164.754 -0.521166 -4.10757 -0.865753 125.529
-116.958 -164.758 0.105558 -4.00807 -0.502961 125.161
-116.978 -164.759 0.730443 -3.9097 -0.144702 124.794
-116.997 -164.759 1.3535 -3.81242 0.2091 124.429
-117.016 -164.757 1.97473 -3.71622 0.558522 124.065
-117.034 -164.754 2.59415 -3.62108 0.903637 123.703
-117.052 -164.748 3.21176 -3.52699 1.24452 123.343
-117.07 -164.741 3.82758 -3.43393 1.58123 122.984
-117.087 -164.732 4.44161 -3.34188 1.91386 122.627
-117.103 -164.722 5.05385 -3.25082 2.24245 122.271
-117.119 -164.71 5.66432 -3.16075 2.56708 121.917
-117.135 -164.696 6.27302 -3.07165 2.88782 121.565
-117.15 -164.681 6.87997 -2.98349 3.20473 121.214
-117.165 -164.664 7.48517 -2.89627 3.51787 120.865
-117.179 -164.646 8.08862 -2.80997 3.8273 120.517
-117.193 -164.626 8.69034 -2.72458 4.13308 120.171
-117.206 -164.605 9.29033 -2.64008 4.43527 119.827
-117.219 -164.582 9.8886 -2.55647 4.73392 119.484
-117.232 -164.557 10.4852 -2.47372 5.0291 119.142
-117.244 -164.531 11.08 -2.39182 5.32086 118.802
-117.256 -164.504 11.6732 -2.31076 5.60925 118.464
-117.267 -164.475 12.2647 -2.23053 5.89433 118.127
-117.278 -164.445 12.8545 -2.15112 6.17614 117.791
-117.288 -164.413 13.4426 -2.07251 6.45474 117.458
-117.299 -164.38 14.029 -1.9947 6.73017 117.125
-117.308 -164.346 14.6138 -1.91766 7.0025 116.794
-117.318 -164.31 15.197 -1.8414 7.27175 116.465
-117.327 -164.273 15.7785 -1.76589 7.53799 116.137
-117.335 -164.235 16.3583 -1.69112 7.80125 115.81
-117.344 -164.195 16.9366 -1.6171 8.06159 115.485
-117.352 -164.154 17.5132 -1.54379 8.31904 115.162
-117.359 -164.112 18.0882 -1.47121 8.57364 114.84
-117.366 -164.069 18.6616 -1.39933 8.82545 114.519
-117.373 -164.024 19.2334 -1.32814 9.07451 114.199
-117.38 -163.978 19.8036 -1.25764 9.32084 113.882
-117.386 -163.931 20.3722 -1.18781 9.5645 113.565
-117.392 -163.882 20.9392 -1.11865 9.80552 113.25
-117.397 -163.833 21.5047 -1.05014 10.0439 112.936
-117.402 -163.782 22.0686 -0.982285 10.2798 112.624
-117.407 -163.73 22.6309 -0.915066 10.5132 112.313
-117.411 -163.677 23.1917 -0.848476 10.744 112.003
-117.415 -163.622 23.751 -0.782507 10.9724 111.695
-117.419 -163.567 24.3087 -0.71715 11.1984 111.388
-117.422 -163.51 24.8649 -0.652397 11.422 111.083
-117.426 -163.453 25.4195 -0.58824 11.6433 110.779
-117.428 -163.394 25.9726 -0.524671 11.8622 110.476
-117.431 -163.334 26.5243 -0.461682 12.0789 110.174
-117.433 -163.273 27.0744 -0.399265 12.2933 109.874
-117.435 -163.211 27.623 -0.337412 12.5055 109.575
-117.436 -163.148 28.1701 -0.276116 12.7155 109.277
-117.438 -163.084 28.7158 -0.215369 12.9233 108.981
-117.438 -163.019 29.2599 -0.155165 13.129 108.686
-117.439 -162.953 29.8026 -0.0954953 13.3326 108.392
-117.439 -162.886 30.3439 -0.036354 13.5342 108.099
-117.439 -162.817 30.8836 0.0222661 13.7337 107.808
-117.439 -162.748 31.4219 0.0803718 13.9312 107.517
-117.439 -162.678 31.9588 0.13797 14.1267 107.229
-117.438 -162.607 32.4942 0.195067 14.3202 106.941
-117.437 -162.535 33.0282 0.251669 14.5118 106.654
-117.435 -162.462 33.5608 0.307782 14.7016 106.369
-117.434 -162.388 34.0919 0.363414 14.8894 106.085
-117.432 -162.313 34.6216 0.41857 15.0753 105.802
-117.429 -162.237 35.1499 0.473255 15.2595 105.52
-117.427 -162.16 35.6768 0.527477 15.4418 105.24
-117.424 -162.083 36.2023 0.58124 15.6223 104.96
-117.421 -162.004 36.7264 0.634551 15.8011 104.682
-117.418 -161.925 37.2491 0.687415 15.9781 104.405
-117.414 -161.844 37.7705 0.739838 16.1534 104.129
-117.41 -161.763 38.2904 0.791825 16.3271 103.854
-117.406 -161.681 38.809 0.843381 16.499 103.581
-117.402 -161.598 39.3262 0.894513 16.6693 103.308
-117.397 -161.514 39.8421 0.945224 16.838 103.037
-117.393 -161.43 40.3566 0.995521 17.005 102.766
-117.387 -161.344 40.8697 1.04541 17.1705 102.497
-117.382 -161.258 41.3816 1.09489 17.3344 102.229
-117.376 -161.171 41.892 1.14397 17.4967 101.962
-117.371 -161.083 42.4012 1.19266 17.6575 101.696
-117.365 -160.994 42.909 1.24096 17.8168 101.431
-117.358 -160.905 43.4155 1.28887 17.9746 101.167
-117.352 -160.815 43.9207 1.3364 18.131 100.904
-117.345 -160.724 44.4245 1.38355 18.2859 100.642
-117.338 -160.632 44.9271 1.43034 18.4393 100.381
-117.331 -160.539 45.4283 1.47675 18.5913 100.122
-117.323 -160.446 45.9283 1.5228 18.7419 99.8629
-117.315 -160.352 46.427 1.56849 18.8912 99.6051
-117.307 -160.257 46.9243 1.61383 19.039 99.3484
-117.299 -160.162 47.4204 1.65882 19.1855 99.0927
-117.291 -160.065 47.9153 1.70346 19.3307 98.838
-117.282 -159.968 48.4088 1.74775 19.4745 98.5843
-117.273 -159.87 48.9011 1.79171 19.6171 98.3315
-117.264 -159.772 49.3921 1.83534 19.7583 98.0798
-117.255 -159.673 49.8819 1.87863 19.8983 97.8289
-117.245 -159.573 50.3704 1.9216 20.037 97.5791
-117.236 -159.473 50.8577 1.96424 20.1745 97.3302
-117.226 -159.371 51.3437 2.00656 20.3107 97.0822
-117.216 -159.269 51.8285 2.04857 20.4457 96.8352
-117.205 -159.167 52.3121 2.09026 20.5795 96.5892
-117.195 -159.064 52.7944 2.13165 20.7122 96.344
-117.184 -158.96 53.2755 2.17272 20.8436 96.0998
-117.173 -158.855 53.7554 2.2135 20.9739 95.8565
-117.162 -158.75 54.2341 2.25398 21.1031 95.6141
-117.15 -158.644 54.7116 2.29416 21.2311 95.3726
-117.139 -158.538 55.1878 2.33405 21.358 95.132
-117.127 -158.431 55.6629 2.37365 21.4837 94.8922
-117.115 -158.323 56.1367 2.41297 21.6084 94.6534
-117.103 -158.214 56.6094 2.452 21.732 94.4155
-117.091 -158.106 57.0809 2.49076 21.8546 94.1784
-117.078 -157.996 57.5512 2.52923 21.976 93.9422
-117.065 -157.886 58.0203 2.56744 22.0964 93.7068
-117.052 -157.775 58.4883 2.60537 22.2158 93.4723
-117.039 -157.664 58.955 2.64303 22.3342 93.2387
-117.026 -157.552 59.4206 2.68044 22.4515 93.0059
-117.013 -157.439 59.8851 2.71757 22.5678 92.7739
-116.999 -157.326 60.3484 2.75445 22.6832 92.5427
-116.985 -157.212 60.8105 2.79108 22.7975 92.3124
-116.971 -157.098 61.2715 2.82745 22.9109 92.0829
-116.957 -156.983 61.7314 2.86357 23.0233 91.8543
-116.942 -156.868 62.1901 2.89944 23.1348 91.6264
-116.928 -156.752 62.6476 2.93506 23.2454 91.3993
-116.913 -156.635 63.104 2.97045 23.355 91.1731
-116.898 -156.518 63.5593 3.00559 23.4636 90.9476
-116.883 -156.401 64.0135 3.0405 23.5714 90.7229
-116.868 -156.283 64.4666 3.07516 23.6783 90.499
-116.852 -156.164 64.9185 3.1096 23.7843 90.2759
-116.836 -156.045 65.3693 3.14381 23.8894 90.0535
-116.821 -155.925 65.819 3.17779 23.9936 89.832
-116.805 -155.805 66.2677 3.21154 24.097 89.6111
-116.789 -155.684 66.7152 3.24507 24.1995 89.3911
-116.772 -155.563 67.1616 3.27838 24.3012 89.1718
-116.756 -155.441 67.6069 3.31147 24.402 88.9532
-116.739 -155.319 68.0511 3.34434 24.502 88.7354
-116.722 -155.196 68.4942 3.377 24.6012 88.5183
-116.705 -155.073 68.9363 3.40945 24.6995 88.3019
-116.688 -154.949 69.3772 3.44168 24.7971 88.0863
-116.671 -154.825 69.8171 3.47371 24.8939 87.8714
-116.654 -154.7 70.256 3.50554 24.9899 87.6572
-116.636 -154.575 70.6937 3.53716 25.0851 87.4438
-116.618 -154.449 71.1304 3.56858 25.1795 87.231
-116.6 -154.323 71.566 3.5998 25.2732 87.019
-116.582 -154.196 72.0006 3.63082 25.3661 86.8076
-116.564 -154.069 72.4341 3.66165 25.4582 86.5969
-116.546 -153.942 72.8666 3.69228 25.5497 86.387
-116.527 -153.814 73.298 3.72272 25.6404 86.1777
-116.508 -153.685 73.7283 3.75298 25.7303 85.9691
-116.489 -153.557 74.1577 3.78304 25.8196 85.7612
-116.47 -153.427 74.5859 3.81292 25.9081 85.5539
-116.451 -153.298 75.0132 3.84262 25.9959 85.3473
-116.432 -153.167 75.4394 3.87213 26.0831 85.1414
-116.413 -153.037 75.8646 3.90147 26.1695 84.9362
-116.393 -152.906 76.2888 3.93062 26.2553 84.7316
-116.373 -152.774 76.7119 3.9596 26.3403 84.5276
-116.353 -152.642 77.1341 3.98841 26.4248 84.3243
-116.333 -152.51 77.5552 4.01704 26.5085 84.1217
-116.313 -152.377 77.9753 4.0455 26.5916 83.9196
-116.293 -152.244 78.3944 4.07379 26.674 83.7183
-116.273 -152.11 78.8125 4.10191 26.7558 83.5175
-116.252 -151.976 79.2295 4.12986 26.8369 83.3174
-116.231 -151.842 79.6456 4.15765 26.9175 83.1179
-116.21 -151.707 80.0607 4.18528 26.9973 82.919
-116.189 -151.572 80.4748 4.21275 27.0766 82.7207
-116.168 -151.436 80.8879 4.24005 27.1552 82.5231
-116.147 -151.3 81.3 4.2672 27.2333 82.326
-116.126 -151.164 81.7112 4.29419 27.3107 82.1296
-116.104 -151.027 82.1213 4.32103 27.3875 81.9338
-116.082 -150.89 82.5305 4.34771 27.4638 81.7385
-116.061 -150.753 82.9387 4.37424 27.5394 81.5439
-116.039 -150.615 83.346 4.40062 27.6145 81.3498
-116.017 -150.477 83.7522 4.42684 27.689 81.1563
-115.994 -150.338 84.1575 4.45293 27.7629 80.9634
-115.972 -150.199 84.5619 4.47886 27.8362 80.7711
-115.95 -150.06 84.9652 4.50465 27.909 80.5793
-115.927 -149.92 85.3677 4.5303 27.9813 80.3882
-115.904 -149.78 85.7691 4.5558 28.0529 80.1976
-115.881 -149.639 86.1696 4.58116 28.1241 80.0075
-115.858 -149.499 86.5692 4.60639 28.1947 79.818
-115.835 -149.357 86.9678 4.63147 28.2647 79.6291
-115.812 -149.216 87.3655 4.65642 28.3343 79.4407
-115.789 -149.074 87.7622 4.68123 28.4033 79.2529
-115.765 -148.932 88.158 4.70591 28.4717 79.0656
-115.742 -148.789 88.5529 4.73046 28.5397 78.8789
-115.718 -148.646 88.9468 4.75487 28.6071 78.6927
-115.694 -148.503 89.3398 4.77916 28.6741 78.5071
-115.67 -148.36 89.7319 4.80331 28.7405 78.3219
-115.646 -148.216 90.123 4.82734 28.8064 78.1373
-115.622 -148.072 90.5132 4.85124 28.8719 77.9533
-115.598 -147.927 90.9026 4.87501 28.9368 77.7697
-115.573 -147.782 91.2909 4.89866 29.0013 77.5867
-115.549 -147.637 91.6784 4.92219 29.0652 77.4042
-115.524 -147.492 92.065 4.9456 29.1287 77.2222
-115.499 -147.346 92.4506 4.96888 29.1918 77.0407
-115.474 -147.2 92.8354 4.99205 29.2543 76.8597
-115.449 -147.053 93.2192 5.0151 29.3164 76.6793
-115.424 -146.907 93.6022 5.03803 29.378 76.4993
-115.399 -146.76 93.9842 5.06084 29.4392 76.3198
-115.374 -146.612 94.3654 5.08354 29.4999 76.1409
-115.348 -146.465 94.7456 5.10613 29.5602 75.9624
-115.322 -146.317 95.125 5.1286 29.62 75.7844
-115.297 -146.168 95.5035 5.15096 29.6794 75.6069
-115.271 -146.02 95.8811 5.17321 29.7383 75.4299
-115.245 -145.871 96.2578 5.19535 29.7968 75.2533
-115.219 -145.722 96.6336 5.21738 29.8549 75.0773
-115.193 -145.572 97.0086 5.23931 29.9125 74.9017
-115.167 -145.423 97.3826 5.26113 29.9697 74.7265
-115.14 -145.273 97.7558 5.28284 30.0265 74.5519
-115.114 -145.122 98.1281 5.30445 30.0829 74.3777
-115.087 -144.972 98.4996 5.32595 30.1388 74.204
-115.061 -144.821 98.8702 5.34736 30.1944 74.0307
-115.034 -144.67 99.2399 5.36866 30.2495 73.8579
-115.007 -144.519 99.6088 5.38986 30.3043 73.6856
-114.98 -144.367 99.9768 5.41096 30.3586 73.5137
-114.953 -144.215 100.344 5.43196 30.4126 73.3423
-114.926 -144.063 100.71 5.45287 30.4661 73.1713
-114.898 -143.91 101.076 5.47368 30.5193 73.0007
-114.871 -143.758 101.44 5.49439 30.572 72.8306
-114.843 -143.605 101.804 5.51501 30.6244 72.6609
-114.816 -143.451 102.167 5.53553 30.6764 72.4917
-114.788 -143.298 102.529 5.55596 30.7281 72.3229
-114.76 -143.144 102.89 5.5763 30.7793 72.1545
-114.732 -142.99 103.25 5.59655 30.8302 71.9866
-114.704 -142.836 103.61 5.61671 30.8807 71.8191
-114.676 -142.681 103.969 5.63678 30.9309 71.652
-114.648 -142.526 104.326 5.65676 30.9806 71.4853
-114.619 -142.371 104.683 5.67665 31.0301 71.319
-114.591 -142.216 105.04 5.69645 31.0791 71.1532
-114.562 -142.061 105.395 5.71617 31.1278 70.9878
-114.534 -141.905 105.749 5.7358 31.1762 70.8228
-114.505 -141.749 106.103 5.75535 31.2242 70.6582
-114.476 -141.593 106.456 5.77482 31.2719 70.494
-114.447 -141.436 106.808 5.7942 31.3192 70.3302
-114.418 -141.279 107.159 5.8135 31.3662 70.1668
-114.389 -141.122 107.51 5.83272 31.4128 70.0038
-114.36 -140.965 107.859 5.85186 31.4591 69.8412
-114.331 -140.808 108.208 5.87092 31.5051 69.6789
-114.301 -140.65 108.556 5.8899 31.5507 69.5171
-114.272 -140.492 108.903 5.9088 31.596 69.3557
-114.242 -140.334 109.25 5.92763 31.641 69.1947
-114.212 -140.176 109.595 5.94637 31.6857 69.034
-114.183 -140.017 109.94 5.96504 31.73 68.8737
-114.153 -139.859 110.284 5.98364 31.774 68.7138
-114.123 -139.7 110.627 6.00216 31.8177 68.5543
-114.093 -139.54 110.97 6.02061 31.8611 68.3952
-114.063 -139.381 111.311 6.03899 31.9042 68.2364
-114.032 -139.221 111.652 6.05729 31.947 68.078
-114.002 -139.062 111.992 6.07552 31.9895 67.92
-113.972 -138.902 112.331 6.09368 32.0316 67.7623
-113.941 -138.741 112.67 6.11177 32.0735 67.605
-113.911 -138.581 113.007 6.12979 32.1151 67.4481
-113.88 -138.42 113.344 6.14773 32.1563 67.2915
-113.849 -138.259 113.68 6.16562 32.1973 67.1352
-113.818 -138.098 114.015 6.18343 32.238 66.9794
-113.787 -137.937 114.35 6.20118 32.2784 66.8239
-113.756 -137.775 114.684 6.21885 32.3185 66.6687
-113.725 -137.614 115.017 6.23647 32.3583 66.5139
-113.694 -137.452 115.349 6.25402 32.3978 66.3594
-113.663 -137.29 115.68 6.2715 32.4371 66.2053
-113.631 -137.127 116.011 6.28892 32.476 66.0515
-113.6 -136.965 116.341 6.30627 32.5147 65.898
-113.568 -136.802 116.67 6.32356 32.5531 65.7449
-113.536 -136.639 116.998 6.34079 32.5913 65.5921
-113.505 -136.476 117.326 6.35796 32.6292 65.4397
-113.473 -136.313 117.653 6.37506 32.6668 65.2876
-113.441 -136.15 117.979 6.39211 32.7041 65.1358
-113.409 -135.986 118.304 6.40909 32.7411 64.9844
-113.377 -135.822 118.628 6.42602 32.7779 64.8332
-113.345 -135.658 118.952 6.44288 32.8145 64.6824
-113.312 -135.494 119.275 6.45969 32.8508 64.5319
-113.28 -135.33 119.598 6.47643 32.8868 64.3818
-113.248 -135.165 119.919 6.49312 32.9225 64.2319
-113.215 -135.001 120.24 6.50975 32.958 64.0824
-113.183 -134.836 120.56 6.52633 32.9933 63.9332
-113.15 -134.671 120.879 6.54284 33.0283 63.7843
-113.117 -134.505 121.198 6.5593 33.063 63.6357
-113.084 -134.34 121.516 6.57571 33.0975 63.4874
-113.051 -134.174 121.833 6.59206 33.1318 63.3394
-113.018 -134.009 122.149 6.60835 33.1658 63.1917
-112.985 -133.843 122.465 6.62459 33.1996 63.0443
-112.952 -133.677 122.779 6.64078 33.2331 62.8972
-112.919 -133.51 123.094 6.65691 33.2664 62.7504
-112.886 -133.344 123.407 6.67299 33.2994 62.6039
-112.852 -133.177 123.72 6.68901 33.3323 62.4577
-112.819 -133.011 124.031 6.70499 33.3648 62.3118
-112.785 -132.844 124.343 6.72091 33.3972 62.1662
-112.751 -132.677 124.653 6.73677 33.4293 62.0209
-112.718 -132.51 124.963 6.75259 33.4612 61.8758
-112.684 -132.342 125.272 6.76835 33.4928 61.7311
-112.65 -132.175 125.58 6.78407 33.5242 61.5866
-112.616 -132.007 125.888 6.79973 33.5554 61.4424
-112.582 -131.839 126.195 6.81534 33.5864 61.2985
-112.548 -131.671 126.501 6.8309 33.6171 61.1548
-112.514 -131.503 126.806 6.84641 33.6477 61.0114
-112.479 -131.335 127.111 6.86187 33.678 60.8683
-112.445 -131.166 127.415 6.87728 33.7081 60.7255
-112.411 -130.997 127.718 6.89264 33.7379 60.5829
-112.376 -130.829 128.021 6.90796 33.7676 60.4407
-112.342 -130.66 128.323 6.92322 33.797 60.2986
-112.307 -130.491 128.624 6.93843 33.8262 60.1569
-112.272 -130.322 128.924 6.9536 33.8553 60.0154
-112.237 -130.152 129.224 6.96871 33.8841 59.8741
-112.203 -129.983 129.523 6.98378 33.9126 59.7332
-112.168 -129.813 129.821 6.9988 33.941 59.5924
-112.133 -129.643 130.119 7.01377 33.9692 59.452
-112.097 -129.473 130.416 7.02869 33.9972 59.3117
-112.062 -129.303 130.712 7.04357 34.0249 59.1718
-112.027 -129.133 131.007 7.05839 34.0525 59.0321
-111.992 -128.963 131.302 7.07317 34.0798 58.8926
-111.956 -128.792 131.596 7.0879 34.107 58.7534
-111.921 -128.622 131.89 7.10258 34.1339 58.6144
-111.885 -128.451 132.182 7.11722 34.1607 58.4757
-111.85 -128.28 132.474 7.13181 34.1873 58.3372
-111.814 -128.109 132.766 7.14635 34.2136 58.1989
-111.778 -127.938 133.056 7.16084 34.2398 58.0609
-111.742 -127.767 133.346 7.17528 34.2657 57.9232
-111.706 -127.595 133.636 7.18968 34.2915 57.7856
-111.67 -127.424 133.924 7.20402 34.3171 57.6483
-111.634 -127.252 134.212 7.21832 34.3425 57.5113
-111.598 -127.08 134.499 7.23258 34.3677 57.3744
-111.562 -126.908 134.786 7.24678 34.3927 57.2378
-111.526 -126.736 135.072 7.26094 34.4175 57.1014
-111.489 -126.564 135.357 7.27504 34.4421 56.9653
-111.453 -126.392 135.641 7.2891 34.4666 56.8293
-111.417 -126.22 135.925 7.30311 34.4908 56.6936
-111.38 -126.047 136.208 7.31707 34.5149 56.5581
-111.343 -125.874 136.491 7.33099 34.5388 56.4229
-111.307 -125.702 136.773 7.34485 34.5625 56.2878
-111.27 -125.529 137.054 7.35867 34.586 56.153
-111.233 -125.356 137.334 7.37243 34.6093 56.0184
-111.196 -125.183 137.614 7.38615 34.6325 55.884
-111.159 -125.01 137.893 7.39982 34.6554 55.7498
-111.122 -124.836 138.171 7.41343 34.6782 55.6158
-111.085 -124.663 138.449 7.427 34.7009 55.4821
-111.048 -124.489 138.726 7.44052 34.7233 55.3485
-111.011 -124.316 139.003 7.45398 34.7456 55.2152
-110.973 -124.142 139.278 7.4674 34.7676 55.0821
-110.936 -123.968 139.553 7.48077 34.7895 54.9491
-110.899 -123.794 139.828 7.49408 34.8113 54.8164
-110.861 -123.62 140.102 7.50734 34.8328 54.6839
-110.823 -123.445 140.375 7.52055 34.8542 54.5516
-110.786 -123.271 140.647 7.53371 34.8754 54.4195
-110.748 -123.097 140.919 7.54682 34.8965 54.2875
-110.71 -122.922 141.19 7.55987 34.9173 54.1558
-110.673 -122.748 141.46 7.57287 34.938 54.0243
-110.635 -122.573 141.73 7.58582 34.9585 53.893
-110.597 -122.398 141.999 7.59871 34.9789 53.7619
-110.559 -122.223 142.268 7.61155 34.9991 53.6309
-110.521 -122.048 142.536 7.62434 35.0191 53.5002
-110.482 -121.873 142.803 7.63707 35.0389 53.3696
-110.444 -121.698 143.069 7.64975 35.0586 53.2393
-110.406 -121.522 143.335 7.66237 35.0781 53.1091
-110.368 -121.347 143.6 7.67494 35.0975 52.9792
-110.329 -121.171 143.865 7.68745 35.1167 52.8494
-110.291 -120.996 144.129 7.69991 35.1357 52.7198
-110.252 -120.82 144.392 7.7123 35.1545 52.5904
-110.214 -120.644 144.655 7.72465 35.1732 52.4611
-110.175 -120.468 144.917 7.73693 35.1917 52.3321
-110.136 -120.292 145.178 7.74916 35.2101 52.2033
-110.097 -120.116 145.439 7.76133 35.2283 52.0746
-110.059 -119.94 145.699 7.77344 35.2463 51.9461
-110.02 -119.764 145.958 7.7855 35.2642 51.8178
-109.981 -119.587 146.217 7.79749 35.2819 51.6897
-109.942 -119.411 146.475 7.80943 35.2995 51.5617
-109.903 -119.234 146.733 7.8213 35.3169 51.434
-109.864 -119.058 146.99 7.83312 35.3341 51.3064
-109.824 -118.881 147.246 7.84488 35.3512 51.179
-109.785 -118.704 147.501 7.85657 35.3681 51.0518
-109.746 -118.527 147.756 7.86821 35.3849 50.9247
-109.706 -118.35 148.011 7.87978 35.4015 50.7979
-109.667 -118.173 148.264 7.8913 35.4179 50.6712
-109.627 -117.996 148.517 7.90275 35.4342 50.5446
-109.588 -117.819 148.77 7.91414 35.4503 50.4183
-109.548 -117.642 149.022 7.92547 35.4663 50.2921
-109.509 -117.464 149.273 7.93674 35.4821 50.1661
-109.469 -117.287 149.523 7.94794 35.4978 50.0403
-109.429 -117.109 149.773 7.95908 35.5133 49.9147
-109.389 -116.932 150.022 7.97016 35.5286 49.7892
