-100 25 50 0 0 -49
-100 24.9998 49.7547 0.00914211 -0.0814965 -49.1063
-99.9999 24.9992 49.5089 0.018275 -0.163289 -49.2128
-99.9998 24.9982 49.2626 0.0273986 -0.245381 -49.3194
-99.9996 24.9967 49.0157 0.0365131 -0.327772 -49.4262
-99.9994 24.9949 48.7683 0.0456183 -0.410465 -49.5332
-99.9992 24.9926 48.5204 0.0547144 -0.493461 -49.6403
-99.9989 24.99 48.2719 0.0638013 -0.576763 -49.7475
-99.9985 24.9869 48.0229 0.072879 -0.660371 -49.8549
-99.9982 24.9833 47.7734 0.0819476 -0.744288 -49.9625
-99.9977 24.9794 47.5233 0.091007 -0.828515 -50.0702
-99.9972 24.9751 47.2727 0.100057 -0.913055 -50.1781
-99.9967 24.9703 47.0215 0.109098 -0.997909 -50.2861
-99.9962 24.9651 46.7698 0.11813 -1.08308 -50.3943
-99.9955 24.9595 46.5176 0.127153 -1.16857 -50.5026
-99.9949 24.9534 46.2648 0.136167 -1.25437 -50.6111
-99.9942 24.9469 46.0115 0.145172 -1.3405 -50.7198
-99.9934 24.94 45.7576 0.154168 -1.42696 -50.8286
-99.9926 24.9326 45.5032 0.163154 -1.51373 -50.9376
-99.9918 24.9249 45.2482 0.172131 -1.60084 -51.0468
-99.9909 24.9166 44.9927 0.1811 -1.68827 -51.1561
-99.99 24.908 44.7367 0.190059 -1.77604 -51.2656
-99.989 24.8989 44.4801 0.199009 -1.86414 -51.3752
-99.988 24.8893 44.2229 0.20795 -1.95257 -51.485
-99.9869 24.8793 43.9652 0.216882 -2.04135 -51.595
-99.9858 24.8689 43.707 0.225805 -2.13046 -51.7051
-99.9847 24.858 43.4482 0.234719 -2.21991 -51.8154
-99.9835 24.8467 43.1888 0.243624 -2.30971 -51.9258
-99.9822 24.8349 42.9289 0.25252 -2.39985 -52.0365
-99.981 24.8227 42.6684 0.261406 -2.49034 -52.1473
-99.9796 24.81 42.4074 0.270284 -2.58118 -52.2582
-99.9783 24.7969 42.1459 0.279153 -2.67237 -52.3694
-99.9768 24.7833 41.8837 0.288012 -2.76392 -52.4806
-99.9754 24.7693 41.6211 0.296862 -2.85582 -52.5921
-99.9739 24.7548 41.3578 0.305704 -2.94808 -52.7038
-99.9723 24.7398 41.094 0.314536 -3.0407 -52.8156
-99.9707 24.7244 40.8297 0.323359 -3.13369 -52.9275
-99.9691 24.7085 40.5647 0.332173 -3.22704 -53.0397
-99.9674 24.6921 40.2993 0.340977 -3.32075 -53.152
-99.9657 24.6752 40.0332 0.349773 -3.41484 -53.2645
-99.9639 24.6579 39.7666 0.35856 -3.5093 -53.3772
-99.9621 24.6402 39.4995 0.367337 -3.60414 -53.49
-99.9602 24.6219 39.2317 0.376105 -3.69935 -53.603
-99.9583 24.6032 38.9634 0.384864 -3.79494 -53.7162
-99.9564 24.5839 38.6946 0.393614 -3.89092 -53.8296
-99.9544 24.5642 38.4251 0.402355 -3.98727 -53.9431
-99.9524 24.5441 38.1551 0.411087 -4.08402 -54.0569
-99.9503 24.5234 37.8846 0.419809 -4.18115 -54.1708
-99.9482 24.5023 37.6134 0.428522 -4.27868 -54.2848
-99.946 24.4806 37.3417 0.437226 -4.3766 -54.3991
-99.9438 24.4585 37.0694 0.44592 -4.47492 -54.5135
-99.9415 24.4359 36.7966 0.454606 -4.57363 -54.6282
-99.9392 24.4128 36.5231 0.463282 -4.67275 -54.7429
-99.9369 24.3891 36.2491 0.471949 -4.77228 -54.8579
-99.9345 24.365 35.9746 0.480606 -4.87221 -54.9731
-99.9321 24.3404 35.6994 0.489254 -4.97255 -55.0884
-99.9296 24.3153 35.4237 0.497893 -5.07331 -55.204
-99.9271 24.2897 35.1474 0.506522 -5.17448 -55.3197
-99.9246 24.2636 34.8705 0.515142 -5.27606 -55.4356
-99.922 24.2369 34.593 0.523753 -5.37807 -55.5517
-99.9193 24.2098 34.315 0.532354 -5.48051 -55.6679
-99.9166 24.1821 34.0363 0.540945 -5.58337 -55.7844
-99.9139 24.1539 33.7571 0.549527 -5.68666 -55.901
-99.9111 24.1253 33.4773 0.5581 -5.79038 -56.0179
-99.9083 24.096 33.1969 0.566663 -5.89454 -56.1349
-99.9055 24.0663 32.916 0.575216 -5.99913 -56.2521
-99.9026 24.0361 32.6344 0.58376 -6.10417 -56.3695
-99.8996 24.0053 32.3523 0.592294 -6.20965 -56.4871
-99.8967 23.974 32.0696 0.600819 -6.31558 -56.6049
-99.8936 23.9421 31.7862 0.609333 -6.42196 -56.7228
-99.8906 23.9097 31.5023 0.617839 -6.5288 -56.841
-99.8875 23.8768 31.2178 0.626334 -6.63609 -56.9594
-99.8843 23.8434 30.9327 0.634819 -6.74384 -57.0779
-99.8811 23.8094 30.647 0.643295 -6.85205 -57.1967
-99.8779 23.7749 30.3608 0.651761 -6.96073 -57.3156
-99.8746 23.7398 30.0739 0.660217 -7.06988 -57.4348
-99.8713 23.7042 29.7864 0.668663 -7.1795 -57.5541
-99.8679 23.668 29.4984 0.677099 -7.2896 -57.6737
-99.8645 23.6313 29.2097 0.685525 -7.40018 -57.7934
-99.861 23.594 28.9204 0.693941 -7.51124 -57.9133
-99.8576 23.5561 28.6306 0.702347 -7.62278 -58.0335
-99.854 23.5178 28.3401 0.710742 -7.73482 -58.1538
-99.8504 23.4788 28.049 0.719128 -7.84735 -58.2744
-99.8468 23.4393 27.7573 0.727503 -7.96038 -58.3951
-99.8432 23.3992 27.4651 0.735868 -8.0739 -58.5161
-99.8395 23.3585 27.1722 0.744223 -8.18793 -58.6372
-99.8357 23.3173 26.8787 0.752567 -8.30247 -58.7586
-99.8319 23.2755 26.5846 0.760901 -8.41752 -58.8801
-99.8281 23.2331 26.2899 0.769224 -8.53308 -59.0019
-99.8243 23.1902 25.9946 0.777537 -8.64917 -59.1239
-99.8203 23.1467 25.6986 0.78584 -8.76577 -59.2461
-99.8164 23.1025 25.4021 0.794131 -8.8829 -59.3685
-99.8124 23.0578 25.105 0.802412 -9.00056 -59.4911
-99.8084 23.0125 24.8072 0.810682 -9.11876 -59.6139
-99.8043 22.9666 24.5088 0.818942 -9.23749 -59.7369
-99.8002 22.9201 24.2098 0.82719 -9.35676 -59.8602
-99.796 22.8731 23.9102 0.835428 -9.47658 -59.9836
-99.7918 22.8254 23.61 0.843655 -9.59695 -60.1073
-99.7876 22.7771 23.3092 0.85187 -9.71788 -60.2312
-99.7833 22.7282 23.0077 0.860075 -9.83936 -60.3553
-99.779 22.6787 22.7056 0.868268 -9.9614 -60.4796
-99.7746 22.6286 22.4029 0.876451 -10.084 -60.6041
-99.7702 22.5779 22.0996 0.884621 -10.2072 -60.7289
-99.7658 22.5265 21.7956 0.892781 -10.3309 -60.8538
-99.7613 22.4746 21.491 0.900929 -10.4553 -60.979
-99.7568 22.422 21.1858 0.909065 -10.5802 -61.1044
-99.7522 22.3688 20.88 0.91719 -10.7057 -61.23
-99.7476 22.3149 20.5735 0.925303 -10.8318 -61.3559
-99.743 22.2604 20.2664 0.933405 -10.9585 -61.482
-99.7383 22.2053 19.9587 0.941494 -11.0858 -61.6083
-99.7335 22.1496 19.6503 0.949572 -11.2137 -61.7348
-99.7288 22.0932 19.3413 0.957638 -11.3422 -61.8615
-99.724 22.0362 19.0317 0.965691 -11.4714 -61.9885
-99.7191 21.9785 18.7215 0.973733 -11.6011 -62.1157
-99.7142 21.9201 18.4106 0.981762 -11.7315 -62.2431
-99.7093 21.8612 18.099 0.989779 -11.8625 -62.3708
-99.7043 21.8015 17.7869 0.997783 -11.9941 -62.4987
-99.6993 21.7412 17.474 1.00578 -12.1264 -62.6268
-99.6943 21.6803 17.1606 1.01375 -12.2594 -62.7551
-99.6892 21.6186 16.8465 1.02172 -12.3929 -62.8837
-99.6841 21.5563 16.5318 1.02967 -12.5272 -63.0125
-99.6789 21.4934 16.2164 1.03762 -12.6621 -63.1416
-99.6737 21.4297 15.9003 1.04554 -12.7976 -63.2709
-99.6684 21.3654 15.5837 1.05346 -12.9339 -63.4004
-99.6631 21.3004 15.2663 1.06136 -13.0708 -63.5301
-99.6578 21.2347 14.9484 1.06925 -13.2084 -63.6601
-99.6524 21.1683 14.6297 1.07712 -13.3467 -63.7904
-99.647 21.1012 14.3105 1.08498 -13.4856 -63.9208
-99.6416 21.0334 13.9905 1.09283 -13.6253 -64.0515
-99.6361 20.9649 13.6699 1.10066 -13.7657 -64.1825
-99.6306 20.8958 13.3487 1.10848 -13.9068 -64.3137
-99.625 20.8259 13.0268 1.11629 -14.0486 -64.4451
-99.6194 20.7553 12.7042 1.12408 -14.1911 -64.5768
-99.6138 20.684 12.381 1.13186 -14.3344 -64.7087
-99.6081 20.6119 12.0572 1.13962 -14.4783 -64.8409
-99.6024 20.5392 11.7326 1.14737 -14.6231 -64.9733
-99.5966 20.4657 11.4074 1.15511 -14.7686 -65.106
-99.5908 20.3915 11.0816 1.16282 -14.9148 -65.2389
-99.585 20.3166 10.755 1.17053 -15.0618 -65.3721
-99.5791 20.2409 10.4278 1.17822 -15.2095 -65.5055
-99.5732 20.1645 10.1 1.18589 -15.3581 -65.6392
-99.5673 20.0873 9.77145 1.19355 -15.5074 -65.7731
-99.5613 20.0094 9.44225 1.20119 -15.6575 -65.9073
-99.5553 19.9307 9.11238 1.20882 -15.8083 -66.0417
-99.5492 19.8513 8.78183 1.21643 -15.96 -66.1764
-99.5431 19.7711 8.45061 1.22403 -16.1125 -66.3113
-99.537 19.6902 8.11872 1.23161 -16.2658 -66.4465
-99.5308 19.6085 7.78615 1.23917 -16.4199 -66.582
-99.5246 19.526 7.4529 1.24672 -16.5749 -66.7177
-99.5183 19.4427 7.11897 1.25425 -16.7307 -66.8537
-99.512 19.3587 6.78436 1.26176 -16.8873 -66.9899
-99.5057 19.2738 6.44907 1.26926 -17.0447 -67.1264
-99.4993 19.1882 6.1131 1.27674 -17.2031 -67.2631
-99.4929 19.1018 5.77644 1.2842 -17.3623 -67.4002
-99.4865 19.0146 5.4391 1.29164 -17.5223 -67.5374
-99.48 18.9266 5.10107 1.29907 -17.6833 -67.675
-99.4735 18.8378 4.76235 1.30648 -17.8451 -67.8128
-99.467 18.7481 4.42294 1.31387 -18.0078 -67.9509
-99.4604 18.6577 4.08284 1.32124 -18.1714 -68.0892
-99.4537 18.5664 3.74205 1.3286 -18.3359 -68.2279
-99.4471 18.4743 3.40056 1.33593 -18.5014 -68.3667
-99.4404 18.3814 3.05838 1.34325 -18.6678 -68.5059
-99.4336 18.2877 2.7155 1.35055 -18.8351 -68.6453
-99.4269 18.1931 2.37193 1.35783 -19.0033 -68.785
-99.4201 18.0976 2.02765 1.36508 -19.1726 -68.925
-99.4132 18.0013 1.68268 1.37232 -19.3427 -69.0653
-99.4063 17.9042 1.337 1.37954 -19.5139 -69.2058
-99.3994 17.8062 0.990618 1.38674 -19.686 -69.3466
-99.3925 17.7073 0.643533 1.39392 -19.8591 -69.4877
-99.3855 17.6076 0.295742 1.40108 -20.0332 -69.629
-99.3785 17.507 -0.0527569 1.40822 -20.2083 -69.7706
-99.3714 17.4055 -0.401965 1.41533 -20.3844 -69.9126
-99.3643 17.3032 -0.751882 1.42243 -20.5616 -70.0548
-99.3572 17.1999 -1.10251 1.4295 -20.7398 -70.1972
-99.35 17.0958 -1.45385 1.43655 -20.919 -70.34
-99.3428 16.9907 -1.80591 1.44358 -21.0993 -70.483
-99.3356 16.8848 -2.15868 1.45059 -21.2807 -70.6263
-99.3283 16.7779 -2.51217 1.45757 -21.4631 -70.7699
-99.321 16.6701 -2.86638 1.46453 -21.6466 -70.9138
-99.3137 16.5614 -3.22131 1.47147 -21.8312 -71.058
-99.3063 16.4518 -3.57696 1.47838 -22.017 -71.2025
-99.2989 16.3413 -3.93334 1.48527 -22.2038 -71.3472
-99.2914 16.2298 -4.29044 1.49214 -22.3918 -71.4922
-99.284 16.1174 -4.64826 1.49898 -22.5809 -71.6376
-99.2764 16.004 -5.00681 1.5058 -22.7711 -71.7832
-99.2689 15.8896 -5.36609 1.51259 -22.9625 -71.9291
-99.2613 15.7744 -5.7261 1.51936 -23.1551 -72.0753
-99.2537 15.6581 -6.08684 1.5261 -23.3489 -72.2217
-99.2461 15.5409 -6.44832 1.53281 -23.5439 -72.3685
-99.2384 15.4227 -6.81053 1.5395 -23.7401 -72.5156
-99.2307 15.3035 -7.17347 1.54616 -23.9375 -72.6629
-99.2229 15.1833 -7.53716 1.55279 -24.1361 -72.8106
-99.2151 15.0621 -7.90158 1.5594 -24.336 -72.9585
-99.2073 14.9399 -8.26674 1.56598 -24.5371 -73.1068
-99.1995 14.8167 -8.63265 1.57253 -24.7395 -73.2553
-99.1916 14.6925 -8.9993 1.57905 -24.9432 -73.4041
-99.1837 14.5673 -9.36669 1.58555 -25.1482 -73.5533
-99.1757 14.441 -9.73483 1.59201 -25.3545 -73.7027
-99.1678 14.3137 -10.1037 1.59844 -25.5621 -73.8524
-99.1598 14.1854 -10.4734 1.60485 -25.7711 -74.0024
-99.1517 14.056 -10.8437 1.61122 -25.9814 -74.1527
-99.1436 13.9256 -11.2149 1.61756 -26.1931 -74.3034
-99.1355 13.7941 -11.5868 1.62387 -26.4061 -74.4543
-99.1274 13.6615 -11.9594 1.63015 -26.6206 -74.6055
-99.1192 13.5279 -12.3328 1.6364 -26.8365 -74.757
-99.111 13.3932 -12.707 1.64261 -27.0537 -74.9088
-99.1028 13.2574 -13.0819 1.64879 -27.2725 -75.0609
-99.0946 13.1205 -13.4576 1.65494 -27.4926 -75.2133
-99.0863 12.9824 -13.834 1.66105 -27.7143 -75.366
-99.0779 12.8433 -14.2113 1.66713 -27.9374 -75.519
-99.0696 12.7031 -14.5892 1.67317 -28.1621 -75.6723
-99.0612 12.5617 -14.968 1.67918 -28.3882 -75.8259
-99.0528 12.4192 -15.3475 1.68515 -28.6159 -75.9798
-99.0444 12.2755 -15.7278 1.69108 -28.8451 -76.134
-99.0359 12.1307 -16.1088 1.69698 -29.076 -76.2886
-99.0274 11.9848 -16.4907 1.70284 -29.3084 -76.4434
-99.0189 11.8376 -16.8733 1.70866 -29.5423 -76.5985
-99.0103 11.6893 -17.2567 1.71444 -29.778 -76.7539
-99.0017 11.5399 -17.6408 1.72018 -30.0152 -76.9096
-98.9931 11.3892 -18.0257 1.72589 -30.2541 -77.0656
-98.9845 11.2373 -18.4115 1.73155 -30.4947 -77.2219
-98.9758 11.0842 -18.798 1.73717 -30.737 -77.3785
-98.9671 10.93 -19.1853 1.74275 -30.981 -77.5353
-98.9584 10.7744 -19.5733 1.74828 -31.2267 -77.6925
-98.9496 10.6177 -19.9622 1.75377 -31.4742 -77.85
-98.9408 10.4597 -20.3518 1.75922 -31.7235 -78.0078
-98.932 10.3004 -20.7423 1.76463 -31.9745 -78.1659
-98.9232 10.1399 -21.1335 1.76998 -32.2274 -78.3242
-98.9143 9.97818 -21.5255 1.7753 -32.4821 -78.4829
-98.9054 9.81513 -21.9183 1.78056 -32.7387 -78.6418
-98.8965 9.65079 -22.3119 1.78578 -32.9971 -78.8011
-98.8876 9.48515 -22.7063 1.79095 -33.2575 -78.9606
-98.8786 9.31821 -23.1015 1.79607 -33.5197 -79.1204
-98.8696 9.14996 -23.4975 1.80114 -33.7839 -79.2805
-98.8606 8.98037 -23.8943 1.80617 -34.0501 -79.4409
-98.8515 8.80946 -24.2919 1.81114 -34.3183 -79.6015
-98.8425 8.63719 -24.6903 1.81605 -34.5885 -79.7625
-98.8334 8.46357 -25.0896 1.82092 -34.8607 -79.9237
-98.8243 8.28858 -25.4896 1.82573 -35.135 -80.0852
-98.8151 8.11222 -25.8904 1.83049 -35.4114 -80.247
-98.806 7.93447 -26.292 1.83519 -35.6899 -80.409
-98.7968 7.75532 -26.6945 1.83983 -35.9705 -80.5714
-98.7876 7.57476 -27.0978 1.84442 -36.2533 -80.734
-98.7783 7.39279 -27.5018 1.84895 -36.5383 -80.8968
-98.7691 7.20938 -27.9067 1.85342 -36.8256 -81.06
-98.7598 7.02453 -28.3124 1.85783 -37.115 -81.2233
-98.7505 6.83823 -28.719 1.86218 -37.4068 -81.387
-98.7412 6.65046 -29.1263 1.86647 -37.7008 -81.5509
-98.7318 6.46122 -29.5345 1.87069 -37.9972 -81.7151
-98.7225 6.27049 -29.9435 1.87485 -38.296 -81.8795
-98.7131 6.07826 -30.3533 1.87894 -38.5972 -82.0441
-98.7037 5.88452 -30.7639 1.88297 -38.9008 -82.209
-98.6943 5.68925 -31.1754 1.88693 -39.2068 -82.3741
-98.6848 5.49245 -31.5876 1.89082 -39.5153 -82.5395
-98.6753 5.2941 -32.0008 1.89464 -39.8264 -82.7051
-98.6659 5.09419 -32.4147 1.89839 -40.14 -82.8709
-98.6564 4.8927 -32.8295 1.90207 -40.4562 -83.037
-98.6468 4.68962 -33.2451 1.90567 -40.775 -83.2033
-98.6373 4.48495 -33.6615 1.9092 -41.0965 -83.3697
-98.6277 4.27866 -34.0788 1.91265 -41.4207 -83.5364
-98.6182 4.07074 -34.4969 1.91603 -41.7476 -83.7033
-98.6086 3.86118 -34.9158 1.91933 -42.0773 -83.8704
-98.599 3.64997 -35.3356 1.92254 -42.4097 -84.0377
-98.5894 3.43708 -35.7562 1.92568 -42.745 -84.2052
-98.5797 3.22252 -36.1776 1.92873 -43.0832 -84.3728
-98.5701 3.00625 -36.5999 1.93169 -43.4243 -84.5406
-98.5604 2.78827 -37.023 1.93458 -43.7684 -84.7086
-98.5507 2.56857 -37.447 1.93737 -44.1155 -84.8768
-98.541 2.34712 -37.8718 1.94007 -44.4656 -85.045
-98.5313 2.12391 -38.2974 1.94268 -44.8188 -85.2135
-98.5216 1.89893 -38.7239 1.94521 -45.1751 -85.3821
-98.5119 1.67216 -39.1513 1.94763 -45.5345 -85.5508
-98.5021 1.44358 -39.5794 1.94996 -45.8972 -85.7196
-98.4924 1.21319 -40.0084 1.95219 -46.2632 -85.8885
-98.4826 0.98095 -40.4383 1.95433 -46.6325 -86.0575
-98.4728 0.746861 -40.869 1.95636 -47.0051 -86.2267
-98.463 0.510899 -41.3006 1.95829 -47.3811 -86.3959
-98.4533 0.273049 -41.733 1.96011 -47.7606 -86.5652
-98.4434 0.0332931 -42.1662 1.96183 -48.1435 -86.7345
-98.4336 -0.208387 -42.6003 1.96343 -48.5301 -86.9039
-98.4238 -0.452008 -43.0353 1.96493 -48.9202 -87.0733
-98.414 -0.697589 -43.4711 1.96631 -49.314 -87.2428
-98.4041 -0.945148 -43.9077 1.96758 -49.7115 -87.4122
-98.3943 -1.1947 -44.3452 1.96873 -50.1127 -87.5817
-98.3845 -1.44628 -44.7835 1.96976 -50.5178 -87.7512
-98.3746 -1.69988 -45.2227 1.97066 -50.9268 -87.9206
-98.3648 -1.95555 -45.6627 1.97144 -51.3397 -88.09
-98.3549 -2.21328 -46.1036 1.9721 -51.7566 -88.2593
-98.345 -2.47311 -46.5453 1.97262 -52.1776 -88.4286
-98.3352 -2.73506 -46.9879 1.97302 -52.6027 -88.5978
-98.3253 -2.99914 -47.4313 1.97327 -53.032 -88.7668
-98.3154 -3.26538 -47.8755 1.9734 -53.4655 -88.9358
-98.3056 -3.5338 -48.3206 1.97338 -53.9034 -89.1046
-98.2957 -3.80441 -48.7666 1.97321 -54.3456 -89.2732
-98.2858 -4.07725 -49.2134 1.9729 -54.7923 -89.4417
-98.276 -4.35234 -49.661 1.97245 -55.2435 -89.61
-98.2661 -4.62969 -50.1095 1.97184 -55.6993 -89.7781
-98.2563 -4.90933 -50.5588 1.97107 -56.1598 -89.9459
-98.2464 -5.19129 -51.0089 1.97015 -56.625 -90.1134
-98.2366 -5.47558 -51.4599 1.96907 -57.095 -90.2807
-98.2267 -5.76224 -51.9117 1.96782 -57.5699 -90.4477
-98.2169 -6.05128 -52.3644 1.9664 -58.0498 -90.6143
-98.207 -6.34274 -52.8179 1.96482 -58.5347 -90.7805
-98.1972 -6.63663 -53.2722 1.96305 -59.0248 -90.9464
-98.1874 -6.93298 -53.7273 1.96111 -59.52 -91.1119
-98.1776 -7.23183 -54.1833 1.95899 -60.0206 -91.2769
-98.1678 -7.53319 -54.6401 1.95668 -60.5265 -91.4414
-98.158 -7.8371 -55.0977 1.95418 -61.0379 -91.6054
-98.1483 -8.14357 -55.5562 1.95149 -61.5548 -91.7688
-98.1385 -8.45264 -56.0154 1.9486 -62.0774 -91.9317
-98.1288 -8.76435 -56.4755 1.9455 -62.6057 -92.0939
-98.1191 -9.0787 -56.9364 1.9422 -63.1399 -92.2555
-98.1094 -9.39575 -57.398 1.93869 -63.68 -92.4164
-98.0997 -9.7155 -57.8605 1.93497 -64.2261 -92.5765
-98.09 -10.038 -58.3238 1.93102 -64.7783 -92.7358
-98.0804 -10.3633 -58.7879 1.92685 -65.3368 -92.8943
-98.0708 -10.6914 -59.2527 1.92244 -65.9016 -93.0519
-98.0612 -11.0223 -59.7184 1.91781 -66.4728 -93.2086
-98.0516 -11.3561 -60.1848 1.91293 -67.0506 -93.3643
-98.042 -11.6928 -60.652 1.9078 -67.6351 -93.519
-98.0325 -12.0325 -61.12 1.90243 -68.2263 -93.6725
-98.023 -12.3751 -61.5888 1.8968 -68.8245 -93.8249
-98.0135 -12.7207 -62.0583 1.8909 -69.4296 -93.9761
-98.0041 -13.0694 -62.5285 1.88474 -70.0419 -94.126
-97.9947 -13.4211 -62.9995 1.8783 -70.6615 -94.2746
-97.9853 -13.776 -63.4713 1.87159 -71.2885 -94.4218
-97.976 -14.134 -63.9437 1.86458 -71.923 -94.5674
-97.9667 -14.4952 -64.4169 1.85728 -72.5651 -94.7115
-97.9574 -14.8597 -64.8909 1.84968 -73.2151 -94.854
-97.9482 -15.2274 -65.3655 1.84177 -73.873 -94.9948
-97.939 -15.5984 -65.8408 1.83354 -74.539 -95.1337
-97.9298 -15.9728 -66.3168 1.82499 -75.2132 -95.2708
-97.9207 -16.3505 -66.7935 1.81611 -75.8958 -95.4059
-97.9117 -16.7317 -67.2709 1.80689 -76.587 -95.5389
-97.9027 -17.1164 -67.7489 1.79733 -77.2869 -95.6698
-97.8937 -17.5046 -68.2276 1.78741 -77.9956 -95.7984
-97.8848 -17.8963 -68.7069 1.77712 -78.7134 -95.9246
-97.8759 -18.2917 -69.1868 1.76646 -79.4404 -96.0483
-97.8671 -18.6908 -69.6674 1.75542 -80.1767 -96.1694
-97.8584 -19.0935 -70.1485 1.74398 -80.9226 -96.2878
-97.8497 -19.5 -70.6302 1.73214 -81.6783 -96.4034
-97.841 -19.9103 -71.1126 1.71989 -82.4438 -96.516
-97.8325 -20.3244 -71.5954 1.70722 -83.2195 -96.6254
-97.824 -20.7425 -72.0788 1.69411 -84.0055 -96.7316
-97.8155 -21.1645 -72.5627 1.68056 -84.802 -96.8344
-97.8072 -21.5905 -73.0471 1.66655 -85.6092 -96.9336
-97.7989 -22.0206 -73.5321 1.65207 -86.4274 -97.0291
-97.7906 -22.4548 -74.0174 1.63711 -87.2567 -97.1207
-97.7825 -22.8931 -74.5033 1.62165 -88.0974 -97.2082
-97.7744 -23.3357 -74.9895 1.60569 -88.9496 -97.2915
-97.7664 -23.7826 -75.4762 1.58921 -89.8137 -97.3703
-97.7585 -24.2339 -75.9632 1.57219 -90.6898 -97.4445
-97.7507 -24.6895 -76.4506 1.55463 -91.5782 -97.5139
-97.743 -25.1497 -76.9384 1.5365 -92.4792 -97.5781
-97.7354 -25.6143 -77.4264 1.51778 -93.3929 -97.6371
-97.7278 -26.0836 -77.9147 1.49848 -94.3197 -97.6905
-97.7204 -26.5575 -78.4033 1.47856 -95.2599 -97.7382
-97.713 -27.0362 -78.8921 1.45801 -96.2136 -97.7797
-97.7058 -27.5197 -79.3811 1.43681 -97.1812 -97.815
-97.6987 -28.008 -79.8703 1.41494 -98.1629 -97.8436
-97.6916 -28.5013 -80.3595 1.39239 -99.159 -97.8654
-97.6847 -28.9996 -80.8489 1.36913 -100.17 -97.8799
-97.678 -29.503 -81.3383 1.34515 -101.196 -97.8869
-97.6713 -30.0115 -81.8278 1.32042 -102.237 -97.8859
-97.6647 -30.5254 -82.3172 1.29493 -103.294 -97.8768
-97.6583 -31.0445 -82.8065 1.26864 -104.367 -97.859
-97.6521 -31.569 -83.2958 1.24153 -105.456 -97.8322
-97.6459 -32.099 -83.7849 1.21359 -106.562 -97.7959
-97.6399 -32.6346 -84.2737 1.18478 -107.684 -97.7498
-97.6341 -33.1759 -84.7624 1.15508 -108.824 -97.6934
-97.6284 -33.7229 -85.2507 1.12446 -109.982 -97.6262
-97.6228 -34.2757 -85.7386 1.0929 -111.158 -97.5477
-97.6174 -34.8345 -86.2261 1.06036 -112.352 -97.4574
-97.6122 -35.3992 -86.7132 1.02681 -113.565 -97.3548
-97.6072 -35.9701 -87.1997 0.992227 -114.797 -97.2393
-97.6023 -36.5472 -87.6856 0.956575 -116.048 -97.1102
-97.5976 -37.1306 -88.1708 0.91982 -117.32 -96.967
-97.5931 -37.7204 -88.6552 0.881926 -118.611 -96.809
-97.5888 -38.3167 -89.1389 0.842859 -119.924 -96.6355
-97.5847 -38.9196 -89.6216 0.80258 -121.257 -96.4457
-97.5808 -39.5293 -90.1033 0.761051 -122.612 -96.239
-97.5771 -40.1457 -90.584 0.718232 -123.988 -96.0145
-97.5736 -40.7692 -91.0635 0.674079 -125.387 -95.7713
-97.5703 -41.3996 -91.5417 0.628552 -126.809 -95.5087
-97.5673 -42.0372 -92.0186 0.581604 -128.253 -95.2256
-97.5645 -42.6821 -92.4939 0.53319 -129.721 -94.921
-97.562 -43.3345 -92.9678 0.483261 -131.213 -94.5941
-97.5597 -43.9943 -93.4399 0.431767 -132.73 -94.2437
-97.5576 -44.6617 -93.9102 0.378658 -134.27 -93.8686
-97.5559 -45.337 -94.3786 0.323881 -135.836 -93.4677
-97.5544 -46.0201 -94.8449 0.267379 -137.427 -93.0398
-97.5532 -46.7113 -95.309 0.209097 -139.044 -92.5835
-97.5523 -47.4105 -95.7707 0.148975 -140.687 -92.0976
-97.5517 -48.1181 -96.2299 0.0869535 -142.356 -91.5805
-97.5514 -48.8341 -96.6865 0.0229696 -144.052 -91.0307
-97.5515 -49.5586 -97.1402 -0.0430411 -145.774 -90.4467
-97.5519 -50.2918 -97.591 -0.111145 -147.524 -89.8269
-97.5526 -51.0339 -98.0385 -0.18141 -149.301 -89.1694
-97.5537 -51.7848 -98.4827 -0.253907 -151.106 -88.4725
-97.5551 -52.5449 -98.9232 -0.328706 -152.938 -87.7343
-97.557 -53.3142 -99.36 -0.405883 -154.798 -86.9528
-97.5592 -54.0929 -99.7928 -0.485513 -156.686 -86.1258
-97.5618 -54.8811 -100.221 -0.567672 -158.601 -85.2513
-97.5649 -55.6789 -100.645 -0.652439 -160.544 -84.327
-97.5684 -56.4865 -101.065 -0.739895 -162.514 -83.3504
-97.5723 -57.304 -101.479 -0.830119 -164.511 -82.3192
-97.5767 -58.1316 -101.888 -0.923194 -166.535 -81.2306
-97.5815 -58.9694 -102.291 -1.0192 -168.585 -80.0821
-97.5868 -59.8175 -102.689 -1.11823 -170.661 -78.8708
-97.5927 -60.676 -103.08 -1.22035 -172.761 -77.5939
-97.599 -61.5451 -103.464 -1.32566 -174.885 -76.2483
-97.6059 -62.4248 -103.842 -1.43423 -177.031 -74.8309
-97.6134 -63.3154 -104.213 -1.54614 -179.199 -73.3386
-97.6214 -64.2168 -104.576 -1.66147 -181.387 -71.768
-97.63 -65.1292 -104.93 -1.7803 -183.594 -70.1158
-97.6392 -66.0527 -105.277 -1.90269 -185.816 -68.3785
-97.649 -66.9874 -105.614 -2.02872 -188.053 -66.5525
-97.6595 -67.9332 -105.942 -2.15844 -190.302 -64.6343
-97.6706 -68.8904 -106.261 -2.29191 -192.56 -62.6202
-97.6824 -69.8588 -106.569 -2.42918 -194.824 -60.5066
-97.6949 -70.8386 -106.866 -2.57027 -197.09 -58.2898
-97.7081 -71.8297 -107.151 -2.71522 -199.356 -55.9662
-97.7221 -72.8322 -107.425 -2.86405 -201.616 -53.5322
-97.7368 -73.8459 -107.687 -3.01673 -203.866 -50.9843
-97.7522 -74.8708 -107.935 -3.17327 -206.102 -48.3191
-97.7685 -75.9069 -108.17 -3.33363 -208.317 -45.5334
-97.7856 -76.954 -108.391 -3.49774 -210.507 -42.6243
-97.8035 -78.0119 -108.596 -3.66553 -212.664 -39.5889
-97.8222 -79.0806 -108.786 -3.8369 -214.783 -36.4248
-97.8418 -80.1597 -108.96 -4.01173 -216.855 -33.1301
-97.8623 -81.2491 -109.118 -4.18984 -218.874 -29.703
-97.8837 -82.3485 -109.258 -4.37105 -220.83 -26.1426
-97.906 -83.4574 -109.379 -4.55514 -222.716 -22.4483
-97.9293 -84.5756 -109.482 -4.74185 -224.523 -18.6202
-97.9534 -85.7026 -109.565 -4.9309 -226.241 -14.6593
-97.9786 -86.838 -109.629 -5.12195 -227.861 -10.5673
-98.0047 -87.9812 -109.671 -5.31464 -229.374 -6.34659
-98.0317 -89.1317 -109.692 -5.50856 -230.768 -2.00075
-98.0597 -90.2889 -109.691 -5.70327 -232.035 2.46576
-98.0887 -91.4521 -109.668 -5.89829 -233.165 7.04746
-98.1187 -92.6205 -109.621 -6.09313 -234.147 11.7378
-98.1497 -93.7935 -109.55 -6.28723 -234.973 16.5291
-98.1816 -94.9702 -109.455 -6.48003 -235.634 21.4126
-98.2145 -96.1498 -109.336 -6.67094 -236.121 26.3786
-98.2483 -97.3314 -109.192 -6.85936 -236.426 31.4162
-98.2831 -98.5141 -109.022 -7.04466 -236.544 36.5137
-98.3187 -99.6969 -108.827 -7.22623 -236.467 41.6583
-98.3553 -100.879 -108.605 -7.40344 -236.191 46.8367
-98.3928 -102.059 -108.358 -7.57568 -235.713 52.0347
-98.4311 -103.236 -108.085 -7.74238 -235.03 57.2379
-98.4702 -104.409 -107.786 -7.90296 -234.142 62.4312
-98.5101 -105.577 -107.461 -8.05689 -233.049 67.5997
-98.5508 -106.74 -107.11 -8.20369 -231.753 72.7282
-98.5921 -107.895 -106.734 -8.34291 -230.257 77.8019
-98.6342 -109.042 -106.332 -8.47416 -228.566 82.8064
-98.6769 -110.181 -105.906 -8.59712 -226.687 87.7277
-98.7202 -111.309 -105.455 -8.7115 -224.626 92.5526
-98.764 -112.427 -104.98 -8.81711 -222.392 97.2689
-98.8083 -113.533 -104.482 -8.91379 -219.994 101.865
-98.8531 -114.627 -103.961 -9.00146 -217.443 106.331
-98.8983 -115.707 -103.419 -9.08011 -214.749 110.658
-98.9439 -116.774 -102.855 -9.14977 -211.924 114.837
-98.9898 -117.827 -102.27 -9.21053 -208.98 118.863
-99.036 -118.864 -101.666 -9.26255 -205.929 122.729
-99.0825 -119.886 -101.043 -9.30602 -202.783 126.432
-99.1291 -120.892 -100.402 -9.34117 -199.554 129.969
-99.1759 -121.882 -99.7435 -9.36827 -196.254 133.338
-99.2228 -122.855 -99.0686 -9.38763 -192.895 136.539
-99.2697 -123.811 -98.3781 -9.39957 -189.488 139.571
-99.3168 -124.749 -97.6729 -9.40444 -186.044 142.436
-99.3638 -125.671 -96.9538 -9.4026 -182.572 145.136
-99.4108 -126.575 -96.2215 -9.39442 -179.083 147.673
-99.4577 -127.462 -95.477 -9.38027 -175.586 150.052
-99.5046 -128.331 -94.721 -9.36054 -172.089 152.276
-99.5513 -129.183 -93.9543 -9.33559 -168.599 154.349
-99.5979 -130.017 -93.1775 -9.30579 -165.123 156.277
-99.6444 -130.834 -92.3915 -9.27151 -161.669 158.063
-99.6907 -131.634 -91.5969 -9.2331 -158.241 159.714
-99.7367 -132.416 -90.7944 -9.19089 -154.846 161.235
-99.7826 -133.182 -89.9845 -9.14521 -151.486 162.632
-99.8282 -133.931 -89.168 -9.09637 -148.167 163.909
-99.8735 -134.664 -88.3454 -9.04467 -144.891 165.073
-99.9186 -135.38 -87.5173 -8.99039 -141.663 166.129
-99.9634 -136.081 -86.6841 -8.9338 -138.483 167.082
-100.008 -136.765 -85.8465 -8.87513 -135.355 167.937
-100.052 -137.434 -85.0048 -8.81464 -132.281 168.7
-100.096 -138.088 -84.1595 -8.75253 -129.26 169.376
-100.14 -138.727 -83.311 -8.68901 -126.295 169.97
-100.183 -139.351 -82.4598 -8.62428 -123.386 170.485
-100.226 -139.961 -81.6061 -8.5585 -120.534 170.928
-100.269 -140.556 -80.7505 -8.49184 -117.74 171.301
-100.311 -141.138 -79.8931 -8.42445 -115.002 171.61
-100.353 -141.706 -79.0344 -8.35646 -112.321 171.857
-100.394 -142.261 -78.1745 -8.28801 -109.697 172.048
-100.436 -142.803 -77.3139 -8.21922 -107.129 172.185
-100.477 -143.333 -76.4527 -8.15018 -104.617 172.271
-100.517 -143.849 -75.5912 -8.081 -102.16 172.311
-100.557 -144.354 -74.7296 -8.01177 -99.7569 172.307
-100.597 -144.847 -73.8681 -7.94256 -97.4078 172.261
-100.637 -145.328 -73.0069 -7.87345 -95.1114 172.177
-100.676 -145.798 -72.1463 -7.80451 -92.8668 172.057
-100.715 -146.257 -71.2864 -7.73579 -90.6729 171.904
-100.753 -146.705 -70.4273 -7.66735 -88.5289 171.72
-100.792 -147.142 -69.5692 -7.59924 -86.4337 171.506
-100.829 -147.569 -68.7122 -7.5315 -84.3862 171.266
-100.867 -147.986 -67.8565 -7.46418 -82.3854 171
-100.904 -148.393 -67.0022 -7.39729 -80.4303 170.711
-100.941 -148.79 -66.1494 -7.33088 -78.5198 170.401
-100.977 -149.178 -65.2982 -7.26498 -76.6527 170.07
-101.014 -149.557 -64.4487 -7.1996 -74.8282 169.721
-101.049 -149.927 -63.601 -7.13476 -73.045 169.354
-101.085 -150.287 -62.7551 -7.07049 -71.3022 168.972
-101.12 -150.64 -61.9112 -7.0068 -69.5988 168.575
-101.155 -150.983 -61.0694 -6.9437 -67.9337 168.164
-101.189 -151.319 -60.2296 -6.8812 -66.306 167.741
-101.224 -151.646 -59.392 -6.81932 -64.7147 167.306
-101.258 -151.966 -58.5565 -6.75805 -63.1588 166.861
-101.291 -152.278 -57.7233 -6.6974 -61.6374 166.406
-101.325 -152.582 -56.8925 -6.63739 -60.1495 165.942
-101.358 -152.879 -56.0639 -6.578 -58.6943 165.471
-101.39 -153.169 -55.2377 -6.51925 -57.271 164.992
-101.423 -153.452 -54.414 -6.46113 -55.8786 164.506
-101.455 -153.728 -53.5927 -6.40364 -54.5163 164.014
-101.487 -153.997 -52.7739 -6.34678 -53.1833 163.517
-101.519 -154.26 -51.9575 -6.29055 -51.8789 163.015
-101.55 -154.516 -51.1437 -6.23495 -50.6022 162.508
-101.581 -154.766 -50.3324 -6.17997 -49.3525 161.998
-101.612 -155.01 -49.5237 -6.1256 -48.1291 161.484
-101.642 -155.247 -48.7176 -6.07185 -46.9313 160.968
-101.672 -155.479 -47.914 -6.01871 -45.7584 160.448
-101.702 -155.705 -47.1131 -5.96618 -44.6097 159.927
-101.732 -155.925 -46.3148 -5.91424 -43.4846 159.403
-101.761 -156.14 -45.5191 -5.86289 -42.3825 158.879
-101.791 -156.349 -44.726 -5.81213 -41.3027 158.353
-101.82 -156.553 -43.9355 -5.76195 -40.2447 157.826
-101.848 -156.751 -43.1477 -5.71234 -39.2078 157.298
-101.877 -156.945 -42.3626 -5.6633 -38.1916 156.77
-101.905 -157.133 -41.58 -5.61482 -37.1954 156.241
-101.933 -157.317 -40.8001 -5.56689 -36.2188 155.713
-101.961 -157.495 -40.0229 -5.5195 -35.2612 155.185
-101.988 -157.669 -39.2483 -5.47265 -34.3223 154.657
-102.015 -157.839 -38.4763 -5.42634 -33.4013 154.13
-102.042 -158.003 -37.707 -5.38054 -32.498 153.604
-102.069 -158.164 -36.9403 -5.33526 -31.6119 153.079
-102.096 -158.319 -36.1762 -5.2905 -30.7425 152.554
-102.122 -158.471 -35.4147 -5.24623 -29.8894 152.031
-102.148 -158.618 -34.6559 -5.20246 -29.0522 151.509
-102.174 -158.762 -33.8996 -5.15917 -28.2305 150.989
-102.2 -158.901 -33.146 -5.11637 -27.4239 150.47
-102.225 -159.036 -32.395 -5.07404 -26.632 149.952
-102.25 -159.167 -31.6465 -5.03217 -25.8545 149.436
-102.275 -159.294 -30.9006 -4.99077 -25.091 148.923
-102.3 -159.418 -30.1573 -4.94981 -24.3412 148.41
-102.325 -159.538 -29.4165 -4.9093 -23.6047 147.9
-102.349 -159.654 -28.6783 -4.86923 -22.8812 147.392
-102.374 -159.767 -27.9426 -4.8296 -22.1705 146.886
-102.398 -159.876 -27.2094 -4.79038 -21.4721 146.382
-102.422 -159.981 -26.4787 -4.75159 -20.7859 145.88
-102.445 -160.083 -25.7506 -4.71321 -20.1115 145.38
-102.469 -160.182 -25.0249 -4.67523 -19.4486 144.883
-102.492 -160.278 -24.3018 -4.63765 -18.7969 144.388
-102.515 -160.37 -23.5811 -4.60047 -18.1563 143.895
-102.538 -160.46 -22.8628 -4.56367 -17.5265 143.404
-102.561 -160.546 -22.147 -4.52725 -16.9071 142.916
-102.583 -160.629 -21.4337 -4.49121 -16.298 142.43
-102.606 -160.709 -20.7227 -4.45554 -15.699 141.947
-102.628 -160.786 -20.0142 -4.42023 -15.1097 141.466
-102.65 -160.86 -19.3081 -4.38528 -14.5301 140.987
-102.672 -160.931 -18.6043 -4.35068 -13.9598 140.511
-102.693 -160.999 -17.903 -4.31643 -13.3986 140.038
-102.715 -161.065 -17.2039 -4.28252 -12.8464 139.566
-102.736 -161.128 -16.5073 -4.24895 -12.303 139.098
-102.757 -161.188 -15.813 -4.21571 -11.7682 138.632
-102.778 -161.245 -15.121 -4.18279 -11.2417 138.168
-102.799 -161.3 -14.4313 -4.15019 -10.7234 137.707
-102.82 -161.353 -13.7439 -4.11791 -10.2132 137.248
-102.84 -161.402 -13.0588 -4.08594 -9.71081 136.792
-102.861 -161.45 -12.376 -4.05428 -9.2161 136.338
-102.881 -161.495 -11.6954 -4.02292 -8.72893 135.887
-102.901 -161.537 -11.0171 -3.99185 -8.24911 135.438
-102.921 -161.577 -10.341 -3.96108 -7.77651 134.992
-102.941 -161.615 -9.66719 -3.9306 -7.31097 134.548
-102.96 -161.65 -8.99556 -3.9004 -6.85234 134.107
-102.98 -161.683 -8.32612 -3.87047 -6.40049 133.668
-102.999 -161.714 -7.65887 -3.84083 -5.95527 133.232
-103.018 -161.743 -6.9938 -3.81145 -5.51655 132.798
-103.037 -161.769 -6.33089 -3.78234 -5.0842 132.367
-103.056 -161.794 -5.67013 -3.7535 -4.65809 131.938
-103.074 -161.816 -5.01151 -3.72491 -4.2381 131.511
-103.093 -161.836 -4.35502 -3.69658 -3.8241 131.087
-103.111 -161.854 -3.70064 -3.6685 -3.41598 130.665
-103.13 -161.87 -3.04837 -3.64066 -3.01361 130.246
-103.148 -161.884 -2.39819 -3.61307 -2.6169 129.829
-103.166 -161.896 -1.75008 -3.58572 -2.22572 129.414
-103.184 -161.907 -1.10405 -3.55861 -1.83997 129.002
-103.201 -161.915 -0.460064 -3.53173 -1.45955 128.592
-103.219 -161.921 0.181873 -3.50508 -1.08435 128.184
-103.236 -161.926 0.821777 -3.47866 -0.714278 127.779
-103.254 -161.928 1.45966 -3.45246 -0.349233 127.376
-103.271 -161.929 2.09553 -3.42648 0.0108784 126.975
-103.288 -161.928 2.72941 -3.40072 0.366149 126.576
-103.305 -161.925 3.3613 -3.37517 0.716668 126.18
-103.322 -161.921 3.99121 -3.34983 1.06252 125.786
-103.339 -161.915 4.61916 -3.3247 1.4038 125.394
-103.355 -161.907 5.24515 -3.29977 1.74059 125.004
-103.372 -161.897 5.8692 -3.27505 2.07296 124.617
-103.388 -161.886 6.49132 -3.25053 2.40101 124.232
-103.404 -161.873 7.11152 -3.2262 2.7248 123.849
-103.42 -161.859 7.7298 -3.20206 3.04441 123.467
-103.436 -161.843 8.34619 -3.17812 3.35992 123.089
-103.452 -161.825 8.96069 -3.15436 3.6714 122.712
-103.468 -161.806 9.57331 -3.13079 3.97892 122.337
-103.483 -161.786 10.1841 -3.10741 4.28256 121.964
-103.499 -161.763 10.793 -3.0842 4.58237 121.594
-103.514 -161.74 11.4 -3.06117 4.87843 121.225
-103.529 -161.715 12.0052 -3.03832 5.17079 120.859
-103.544 -161.688 12.6086 -3.01564 5.45953 120.494
-103.559 -161.66 13.2101 -2.99313 5.74471 120.132
-103.574 -161.631 13.8099 -2.97079 6.02638 119.771
-103.589 -161.6 14.4079 -2.94862 6.30461 119.413
-103.604 -161.568 15.004 -2.92661 6.57946 119.056
-103.618 -161.534 15.5984 -2.90476 6.85097 118.701
-103.633 -161.499 16.191 -2.88308 7.11921 118.348
-103.647 -161.463 16.7819 -2.86155 7.38423 117.997
-103.661 -161.425 17.371 -2.84017 7.64608 117.648
-103.676 -161.386 17.9584 -2.81895 7.90482 117.301
-103.69 -161.346 18.544 -2.79788 8.1605 116.956
-103.704 -161.305 19.1279 -2.77696 8.41316 116.613
-103.717 -161.262 19.7102 -2.75619 8.66286 116.271
-103.731 -161.218 20.2907 -2.73556 8.90964 115.931
-103.745 -161.173 20.8695 -2.71508 9.15355 115.593
-103.758 -161.127 21.4466 -2.69474 9.39464 115.257
-103.772 -161.079 22.022 -2.67454 9.63294 114.922
-103.785 -161.03 22.5958 -2.65448 9.86852 114.589
-103.798 -160.98 23.1679 -2.63455 10.1014 114.258
-103.811 -160.929 23.7384 -2.61476 10.3316 113.929
-103.824 -160.877 24.3072 -2.5951 10.5592 113.602
-103.837 -160.824 24.8744 -2.57557 10.7843 113.276
-103.85 -160.769 25.44 -2.55618 11.0068 112.951
-103.863 -160.714 26.0039 -2.53691 11.2269 112.629
-103.876 -160.657 26.5663 -2.51777 11.4444 112.308
-103.888 -160.599 27.127 -2.49875 11.6596 111.989
-103.901 -160.54 27.6861 -2.47986 11.8724 111.671
-103.913 -160.48 28.2437 -2.46109 12.0828 111.355
-103.925 -160.419 28.7997 -2.44243 12.291 111.04
-103.937 -160.358 29.3541 -2.4239 12.4968 110.727
-103.949 -160.295 29.907 -2.40549 12.7005 110.416
-103.961 -160.231 30.4583 -2.38719 12.9019 110.106
-103.973 -160.165 31.008 -2.369 13.1011 109.798
-103.985 -160.099 31.5563 -2.35093 13.2982 109.491
-103.997 -160.033 32.1029 -2.33297 13.4932 109.186
-104.008 -159.965 32.6481 -2.31513 13.6861 108.882
-104.02 -159.896 33.1918 -2.29739 13.877 108.58
-104.031 -159.826 33.7339 -2.27975 14.0659 108.28
-104.043 -159.755 34.2746 -2.26223 14.2527 107.98
-104.054 -159.683 34.8137 -2.24481 14.4376 107.682
-104.065 -159.611 35.3514 -2.22749 14.6206 107.386
-104.076 -159.537 35.8876 -2.21028 14.8016 107.091
-104.087 -159.463 36.4223 -2.19317 14.9808 106.798
-104.098 -159.387 36.9556 -2.17616 15.1581 106.505
-104.109 -159.311 37.4873 -2.15925 15.3336 106.215
-104.12 -159.234 38.0177 -2.14243 15.5073 105.925
-104.13 -159.156 38.5466 -2.12571 15.6792 105.637
-104.141 -159.077 39.0741 -2.10909 15.8494 105.351
-104.152 -158.997 39.6001 -2.09257 16.0178 105.065
-104.162 -158.917 40.1247 -2.07613 16.1845 104.781
-104.172 -158.836 40.6479 -2.05979 16.3495 104.499
-104.183 -158.753 41.1697 -2.04354 16.5129 104.218
-104.193 -158.67 41.6901 -2.02738 16.6747 103.938
-104.203 -158.587 42.2091 -2.01131 16.8348 103.659
-104.213 -158.502 42.7267 -1.99533 16.9933 103.381
-104.223 -158.417 43.2429 -1.97943 17.1503 103.105
-104.233 -158.331 43.7577 -1.96363 17.3057 102.83
-104.242 -158.244 44.2712 -1.9479 17.4596 102.557
-104.252 -158.156 44.7833 -1.93226 17.612 102.284
-104.262 -158.068 45.294 -1.91671 17.7628 102.013
-104.271 -157.978 45.8034 -1.90123 17.9122 101.743
-104.281 -157.888 46.3115 -1.88584 18.0602 101.474
-104.29 -157.798 46.8182 -1.87053 18.2067 101.207
-104.299 -157.706 47.3235 -1.8553 18.3518 100.94
-104.309 -157.614 47.8276 -1.84014 18.4955 100.675
-104.318 -157.521 48.3303 -1.82506 18.6378 100.411
-104.327 -157.428 48.8317 -1.81007 18.7788 100.148
-104.336 -157.334 49.3318 -1.79514 18.9184 99.8866
-104.345 -157.239 49.8306 -1.78029 19.0567 99.626
-104.354 -157.143 50.328 -1.76552 19.1937 99.3666
-104.363 -157.047 50.8242 -1.75082 19.3294 99.1083
-104.371 -156.95 51.3191 -1.73619 19.4638 98.8511
-104.38 -156.852 51.8127 -1.72163 19.597 98.595
-104.388 -156.754 52.3051 -1.70715 19.7289 98.3401
-104.397 -156.655 52.7961 -1.69273 19.8595 98.0862
-104.405 -156.555 53.2859 -1.67839 19.989 97.8334
-104.414 -156.455 53.7745 -1.66411 20.1173 97.5816
-104.422 -156.354 54.2617 -1.6499 20.2443 97.3309
-104.43 -156.253 54.7478 -1.63576 20.3702 97.0813
-104.438 -156.15 55.2326 -1.62168 20.495 96.8327
-104.446 -156.048 55.7161 -1.60767 20.6186 96.5852
-104.455 -155.944 56.1984 -1.59372 20.741 96.3387
-104.462 -155.84 56.6795 -1.57984 20.8624 96.0932
-104.47 -155.736 57.1593 -1.56602 20.9826 95.8488
-104.478 -155.63 57.638 -1.55227 21.1018 95.6053
-104.486 -155.525 58.1154 -1.53857 21.2198 95.3628
-104.493 -155.418 58.5916 -1.52494 21.3369 95.1214
-104.501 -155.311 59.0666 -1.51137 21.4528 94.8809
-104.509 -155.204 59.5404 -1.49786 21.5677 94.6414
-104.516 -155.095 60.013 -1.4844 21.6816 94.4028
-104.523 -154.987 60.4844 -1.47101 21.7945 94.1652
-104.531 -154.878 60.9547 -1.45767 21.9064 93.9286
-104.538 -154.768 61.4237 -1.4444 22.0173 93.6929
-104.545 -154.657 61.8916 -1.43117 22.1271 93.4582
-104.552 -154.546 62.3583 -1.41801 22.2361 93.2244
-104.559 -154.435 62.8238 -1.4049 22.344 92.9915
-104.566 -154.323 63.2882 -1.39184 22.4511 92.7595
-104.573 -154.21 63.7514 -1.37884 22.5571 92.5285
-104.58 -154.097 64.2135 -1.36589 22.6623 92.2983
-104.587 -153.984 64.6744 -1.35299 22.7665 92.0691
-104.594 -153.87 65.1342 -1.34015 22.8699 91.8407
-104.6 -153.755 65.5928 -1.32736 22.9723 91.6132
-104.607 -153.64 66.0503 -1.31462 23.0739 91.3866
-104.614 -153.524 66.5067 -1.30193 23.1745 91.1609
-104.62 -153.408 66.9619 -1.28929 23.2744 90.936
-104.626 -153.292 67.4161 -1.2767 23.3733 90.712
-104.633 -153.175 67.8691 -1.26415 23.4714 90.4889
-104.639 -153.057 68.3209 -1.25166 23.5687 90.2665
-104.645 -152.939 68.7717 -1.23922 23.6651 90.0451
-104.651 -152.82 69.2214 -1.22682 23.7607 89.8244
-104.658 -152.701 69.67 -1.21446 23.8555 89.6046
-104.664 -152.582 70.1174 -1.20216 23.9495 89.3856
-104.67 -152.462 70.5638 -1.1899 24.0427 89.1674
-104.675 -152.341 71.0091 -1.17768 24.1352 88.9501
-104.681 -152.22 71.4533 -1.16551 24.2268 88.7335
-104.687 -152.099 71.8965 -1.15339 24.3177 88.5177
-104.693 -151.977 72.3385 -1.1413 24.4078 88.3028
-104.699 -151.855 72.7795 -1.12926 24.4972 88.0886
-104.704 -151.732 73.2194 -1.11726 24.5858 87.8751
-104.71 -151.609 73.6582 -1.10531 24.6737 87.6625
-104.715 -151.486 74.096 -1.09339 24.7608 87.4506
-104.721 -151.362 74.5327 -1.08152 24.8473 87.2395
-104.726 -151.237 74.9684 -1.06969 24.933 87.0292
-104.731 -151.112 75.403 -1.05789 25.018 86.8196
-104.737 -150.987 75.8366 -1.04614 25.1023 86.6107
-104.742 -150.861 76.2691 -1.03442 25.1859 86.4026
-104.747 -150.735 76.7006 -1.02275 25.2688 86.1952
-104.752 -150.608 77.1311 -1.01111 25.3511 85.9886
-104.757 -150.482 77.5605 -0.999511 25.4327 85.7827
-104.762 -150.354 77.9889 -0.987948 25.5136 85.5775
-104.767 -150.226 78.4163 -0.976421 25.5938 85.373
-104.772 -150.098 78.8426 -0.964931 25.6734 85.1692
-104.777 -149.97 79.268 -0.953477 25.7524 84.9662
-104.781 -149.841 79.6923 -0.942058 25.8307 84.7638
-104.786 -149.711 80.1156 -0.930674 25.9084 84.5621
-104.791 -149.582 80.5379 -0.919325 25.9855 84.3612
-104.795 -149.451 80.9592 -0.908009 26.0619 84.1609
-104.8 -149.321 81.3795 -0.896727 26.1378 83.9613
-104.804 -149.19 81.7988 -0.885479 26.213 83.7623
-104.809 -149.059 82.2172 -0.874263 26.2876 83.5641
-104.813 -148.927 82.6345 -0.863079 26.3616 83.3665
-104.817 -148.795 83.0508 -0.851928 26.4351 83.1696
-104.821 -148.663 83.4662 -0.840807 26.5079 82.9733
-104.826 -148.53 83.8806 -0.829718 26.5802 82.7777
-104.83 -148.397 84.294 -0.81866 26.6519 82.5827
-104.834 -148.264 84.7064 -0.807632 26.723 82.3884
-104.838 -148.13 85.1178 -0.796633 26.7936 82.1947
-104.842 -147.996 85.5283 -0.785665 26.8636 82.0017
-104.846 -147.861 85.9379 -0.774725 26.9331 81.8092
-104.85 -147.726 86.3464 -0.763814 27.002 81.6175
-104.853 -147.591 86.754 -0.752931 27.0704 81.4263
-104.857 -147.456 87.1607 -0.742076 27.1382 81.2357
-104.861 -147.32 87.5664 -0.731248 27.2056 81.0458
-104.864 -147.184 87.9711 -0.720448 27.2724 80.8565
-104.868 -147.047 88.375 -0.709674 27.3386 80.6678
-104.871 -146.91 88.7778 -0.698926 27.4044 80.4797
-104.875 -146.773 89.1797 -0.688205 27.4696 80.2922
-104.878 -146.636 89.5807 -0.677509 27.5343 80.1053
-104.882 -146.498 89.9808 -0.666838 27.5986 79.9189
-104.885 -146.36 90.3799 -0.656192 27.6623 79.7332
-104.888 -146.221 90.7781 -0.645571 27.7256 79.548
-104.891 -146.082 91.1754 -0.634974 27.7883 79.3635
-104.895 -145.943 91.5718 -0.6244 27.8506 79.1795
-104.898 -145.804 91.9672 -0.61385 27.9124 78.996
-104.901 -145.664 92.3617 -0.603322 27.9737 78.8132
-104.904 -145.524 92.7553 -0.592818 28.0346 78.6309
-104.907 -145.384 93.148 -0.582336 28.0949 78.4491
-104.91 -145.243 93.5398 -0.571875 28.1549 78.2679
-104.912 -145.102 93.9307 -0.561436 28.2143 78.0873
-104.915 -144.961 94.3207 -0.551019 28.2733 77.9072
-104.918 -144.819 94.7098 -0.540622 28.3319 77.7277
-104.921 -144.678 95.098 -0.530246 28.39 77.5487
-104.923 -144.536 95.4853 -0.51989 28.4477 77.3702
-104.926 -144.393 95.8717 -0.509554 28.5049 77.1923
-104.928 -144.25 96.2572 -0.499238 28.5617 77.0149
-104.931 -144.108 96.6418 -0.488941 28.6181 76.8381
-104.933 -143.964 97.0256 -0.478662 28.6741 76.6617
-104.936 -143.821 97.4084 -0.468402 28.7296 76.4859
-104.938 -143.677 97.7904 -0.458161 28.7847 76.3106
-104.94 -143.533 98.1716 -0.447937 28.8394 76.1358
-104.942 -143.389 98.5518 -0.437731 28.8937 75.9616
-104.945 -143.244 98.9312 -0.427542 28.9475 75.7878
-104.947 -143.099 99.3097 -0.41737 29.001 75.6145
-104.949 -142.954 99.6873 -0.407215 29.0541 75.4418
-104.951 -142.809 100.064 -0.397076 29.1068 75.2695
-104.953 -142.663 100.44 -0.386953 29.159 75.0978
-104.955 -142.517 100.815 -0.376845 29.2109 74.9265
-104.956 -142.371 101.189 -0.366753 29.2624 74.7557
-104.958 -142.224 101.563 -0.356676 29.3135 74.5854
-104.96 -142.078 101.935 -0.346614 29.3643 74.4156
-104.962 -141.931 102.307 -0.336567 29.4146 74.2462
-104.963 -141.784 102.678 -0.326533 29.4646 74.0774
-104.965 -141.636 103.048 -0.316513 29.5142 73.909
-104.967 -141.488 103.417 -0.306507 29.5635 73.7411
-104.968 -141.34 103.785 -0.296515 29.6123 73.5736
-104.969 -141.192 104.152 -0.286535 29.6609 73.4066
-104.971 -141.044 104.519 -0.276568 29.709 73.2401
-104.972 -140.895 104.885 -0.266613 29.7568 73.074
-104.974 -140.746 105.25 -0.256671 29.8043 72.9084
-104.975 -140.597 105.614 -0.24674 29.8514 72.7432
-104.976 -140.448 105.977 -0.236821 29.8981 72.5785
-104.977 -140.298 106.34 -0.226914 29.9445 72.4143
-104.978 -140.148 106.701 -0.217017 29.9906 72.2504
-104.979 -139.998 107.062 -0.207131 30.0363 72.087
-104.98 -139.848 107.422 -0.197256 30.0817 71.9241
-104.981 -139.697 107.781 -0.187391 30.1268 71.7616
-104.982 -139.547 108.14 -0.177536 30.1715 71.5995
-104.983 -139.396 108.497 -0.167691 30.2159 71.4379
-104.984 -139.245 108.854 -0.157856 30.26 71.2766
-104.985 -139.093 109.21 -0.148029 30.3038 71.1158
-104.985 -138.941 109.565 -0.138212 30.3472 70.9555
-104.986 -138.79 109.92 -0.128403 30.3903 70.7955
-104.987 -138.638 110.273 -0.118603 30.4331 70.636
-104.987 -138.485 110.626 -0.108812 30.4756 70.4768
-104.988 -138.333 110.978 -0.0990279 30.5178 70.3181
-104.988 -138.18 111.329 -0.0892521 30.5597 70.1598
-104.989 -138.027 111.68 -0.0794838 30.6012 70.0019
-104.989 -137.874 112.029 -0.069723 30.6425 69.8444
-104.989 -137.721 112.378 -0.0599693 30.6835 69.6873
-104.99 -137.567 112.726 -0.0502226 30.7241 69.5306
-104.99 -137.414 113.073 -0.0404826 30.7645 69.3743
-104.99 -137.26 113.42 -0.0307491 30.8046 69.2184
-104.99 -137.106 113.766 -0.021022 30.8444 69.0628
-104.99 -136.951 114.111 -0.011301 30.8839 68.9077
-104.99 -136.797 114.455 -0.00158592 30.9231 68.753
-104.99 -136.642 114.798 0.00812342 30.962 68.5986
-104.99 -136.487 115.141 0.0178272 31.0007 68.4446
-104.99 -136.332 115.483 0.0275256 31.039 68.291
-104.99 -136.177 115.824 0.0372189 31.0771 68.1378
-104.99 -136.021 116.164 0.0469071 31.1149 67.9849
-104.989 -135.866 116.503 0.0565905 31.1525 67.8324
-104.989 -135.71 116.842 0.0662692 31.1897 67.6803
-104.989 -135.554 117.18 0.0759434 31.2267 67.5285
-104.988 -135.397 117.518 0.0856132 31.2635 67.3771
-104.988 -135.241 117.854 0.0952788 31.2999 67.2261
-104.987 -135.084 118.19 0.10494 31.3361 67.0754
-104.987 -134.928 118.525 0.114598 31.3721 66.9251
-104.986 -134.771 118.859 0.124252 31.4078 66.7751
-104.986 -134.614 119.193 0.133902 31.4432 66.6255
-104.985 -134.456 119.525 0.143549 31.4784 66.4763
-104.984 -134.299 119.857 0.153192 31.5133 66.3274
-104.983 -134.141 120.189 0.162832 31.5479 66.1788
-104.983 -133.983 120.519 0.172469 31.5823 66.0306
-104.982 -133.825 120.849 0.182103 31.6165 65.8827
-104.981 -133.667 121.178 0.191733 31.6504 65.7351
-104.98 -133.509 121.506 0.201361 31.6841 65.5879
-104.979 -133.35 121.834 0.210986 31.7175 65.441
-104.978 -133.192 122.161 0.220608 31.7507 65.2945
-104.977 -133.033 122.487 0.230228 31.7837 65.1483
-104.975 -132.874 122.812 0.239845 31.8164 65.0024
-104.974 -132.715 123.137 0.24946 31.8488 64.8568
-104.973 -132.555 123.461 0.259072 31.8811 64.7116
-104.972 -132.396 123.784 0.268681 31.9131 64.5666
-104.97 -132.236 124.106 0.278288 31.9448 64.422
-104.969 -132.076 124.428 0.287893 31.9764 64.2778
-104.967 -131.916 124.749 0.297496 32.0077 64.1338
-104.966 -131.756 125.069 0.307096 32.0388 63.9901
-104.964 -131.596 125.389 0.316694 32.0697 63.8468
-104.963 -131.436 125.708 0.326289 32.1003 63.7037
-104.961 -131.275 126.026 0.335882 32.1307 63.561
-104.959 -131.114 126.343 0.345473 32.1609 63.4186
-104.958 -130.953 126.66 0.355062 32.1909 63.2764
-104.956 -130.792 126.976 0.364648 32.2206 63.1346
-104.954 -130.631 127.292 0.374232 32.2502 62.9931
-104.952 -130.47 127.606 0.383813 32.2795 62.8519
-104.95 -130.308 127.92 0.393392 32.3086 62.7109
-104.948 -130.147 128.233 0.402968 32.3375 62.5703
-104.946 -129.985 128.546 0.412541 32.3662 62.4299
-104.944 -129.823 128.858 0.422112 32.3947 62.2898
-104.942 -129.661 129.169 0.43168 32.423 62.1501
-104.94 -129.499 129.479 0.441245 32.451 62.0106
-104.937 -129.337 129.789 0.450807 32.4789 61.8714
-104.935 -129.174 130.098 0.460366 32.5066 61.7324
-104.933 -129.011 130.406 0.469922 32.534 61.5938
-104.93 -128.849 130.714 0.479474 32.5613 61.4554
-104.928 -128.686 131.021 0.489023 32.5883 61.3173
-104.926 -128.523 131.327 0.498568 32.6152 61.1794
-104.923 -128.36 131.632 0.50811 32.6418 61.0419
-104.92 -128.196 131.937 0.517647 32.6683 60.9046
-104.918 -128.033 132.242 0.527181 32.6946 60.7676
-104.915 -127.87 132.545 0.536709 32.7206 60.6308
-104.912 -127.706 132.848 0.546234 32.7465 60.4943
-104.91 -127.542 133.15 0.555754 32.7722 60.3581
-104.907 -127.378 133.451 0.565268 32.7977 60.2221
-104.904 -127.214 133.752 0.574778 32.823 60.0864
-104.901 -127.05 134.052 0.584282 32.8481 59.9509
-104.898 -126.886 134.352 0.593781 32.873 59.8157
-104.895 -126.721 134.65 0.603273 32.8977 59.6808
-104.892 -126.557 134.948 0.61276 32.9223 59.5461
-104.889 -126.392 135.246 0.62224 32.9467 59.4117
-104.886 -126.227 135.543 0.631714 32.9708 59.2775
-104.883 -126.062 135.839 0.64118 32.9948 59.1435
-104.88 -125.897 136.134 0.65064 33.0187 59.0098
-104.876 -125.732 136.429 0.660091 33.0423 58.8763
-104.873 -125.567 136.723 0.669535 33.0658 58.7431
-104.87 -125.401 137.016 0.678971 33.089 58.6102
-104.866 -125.236 137.309 0.688398 33.1121 58.4774
-104.863 -125.07 137.601 0.697817 33.135 58.3449
-104.859 -124.905 137.892 0.707226 33.1578 58.2126
-104.856 -124.739 138.183 0.716625 33.1804 58.0806
-104.852 -124.573 138.473 0.726015 33.2028 57.9488
-104.848 -124.407 138.763 0.735395 33.225 57.8172
-104.845 -124.24 139.051 0.744764 33.247 57.6859
-104.841 -124.074 139.339 0.754121 33.2689 57.5548
-104.837 -123.908 139.627 0.763468 33.2906 57.4239
-104.833 -123.741 139.914 0.772802 33.3122 57.2932
-104.829 -123.575 140.2 0.782125 33.3335 57.1628
-104.825 -123.408 140.485 0.791435 33.3547 57.0326
-104.821 -123.241 140.77 0.800731 33.3757 56.9026
-104.817 -123.074 141.054 0.810014 33.3966 56.7728
-104.813 -122.907 141.338 0.819284 33.4173 56.6433
-104.809 -122.74 141.621 0.828539 33.4378 56.514
-104.805 -122.573 141.903 0.837779 33.4582 56.3848
-104.801 -122.405 142.185 0.847004 33.4784 56.2559
-104.797 -122.238 142.466 0.856213 33.4984 56.1272
-104.792 -122.07 142.746 0.865406 33.5183 55.9988
-104.788 -121.903 143.026 0.874582 33.538 55.8705
-104.784 -121.735 143.305 0.883742 33.5576 55.7424
-104.779 -121.567 143.583 0.892883 33.5769 55.6146
-104.775 -121.399 143.861 0.902007 33.5962 55.4869
-104.77 -121.231 144.138 0.911112 33.6152 55.3595
-104.766 -121.063 144.414 0.920198 33.6341 55.2323
-104.761 -120.895 144.69 0.929265 33.6529 55.1053
-104.756 -120.727 144.965 0.938312 33.6715 54.9784
-104.752 -120.558 145.24 0.947338 33.6899 54.8518
-104.747 -120.39 145.514 0.956343 33.7082 54.7254
-104.742 -120.221 145.787 0.965327 33.7263 54.5992
-104.737 -120.052 146.06 0.974289 33.7443 54.4731
-104.732 -119.884 146.332 0.983228 33.7621 54.3473
-104.727 -119.715 146.603 0.992145 33.7798 54.2217
-104.722 -119.546 146.874 1.00104 33.7973 54.0963
-104.717 -119.377 147.144 1.00991 33.8146 53.971
-104.712 -119.208 147.414 1.01875 33.8318 53.846
-104.707 -119.039 147.683 1.02757 33.8488 53.7211
-104.702 -118.869 147.951 1.03637 33.8657 53.5965
-104.697 -118.7 148.219 1.04513 33.8825 53.472
-104.691 -118.53 148.486 1.05388 33.8991 53.3477
-104.686 -118.361 148.752 1.06259 33.9155 53.2237
-104.681 -118.191 149.018 1.07128 33.9318 53.0998
-104.675 -118.022 149.283 1.07994 33.9479 52.9761
-104.67 -117.852 149.548 1.08857 33.9639 52.8525
-104.665 -117.682 149.812 1.09717 33.9798 52.7292
-104.659 -117.512 150.075 1.10575 33.9955 52.6061
-104.654 -117.342 150.338 1.11429 34.011 52.4831
-104.648 -117.172 150.6 1.12281 34.0264 52.3603
-104.642 -117.002 150.861 1.13129 34.0417 52.2377
-104.637 -116.831 151.122 1.13974 34.0568 52.1153
-104.631 -116.661 151.383 1.14816 34.0718 51.9931
-104.625 -116.491 151.642 1.15655 34.0866 51.8711
-104.619 -116.32 151.901 1.16491 34.1013 51.7492
-104.613 -116.15 152.16 1.17323 34.1158 51.6275
-104.608 -115.979 152.418 1.18152 34.1302 51.506
-104.602 -115.808 152.675 1.18978 34.1444 51.3847
-104.596 -115.638 152.931 1.198 34.1585 51.2636
-104.59 -115.467 153.187 1.20619 34.1725 51.1426
-104.584 -115.296 153.443 1.21435 34.1863 51.0218
-104.578 -115.125 153.698 1.22246 34.2 50.9012
-104.571 -114.954 153.952 1.23055 34.2136 50.7808
-104.565 -114.783 154.205 1.2386 34.227 50.6605
-104.559 -114.612 154.458 1.24661 34.2402 50.5405
-104.553 -114.44 154.711 1.25458 34.2533 50.4206
-104.546 -114.269 154.963 1.26252 34.2663 50.3008
-104.54 -114.098 155.214 1.27042 34.2792 50.1813
-104.534 -113.926 155.464 1.27829 34.2919 50.0619
-104.527 -113.755 155.714 1.28611 34.3044 49.9427
-104.521 -113.583 155.964 1.2939 34.3169 49.8237
-104.514 -113.412 156.213 1.30165 34.3292 49.7048
-104.508 -113.24 156.461 1.30936 34.3413 49.5862
-104.501 -113.068 156.709 1.31703 34.3533 49.4677
-104.495 -112.896 156.956 1.32467 34.3652 49.3493
-104.488 -112.725 157.202 1.33226 34.377 49.2312
-104.481 -112.553 157.448 1.33982 34.3886 49.1132
-104.475 -112.381 157.693 1.34733 34.4001 48.9954
-104.468 -112.209 157.938 1.35481 34.4114 48.8777
-104.461 -112.037 158.182 1.36225 34.4226 48.7602
-104.454 -111.864 158.425 1.36964 34.4337 48.6429
-104.447 -111.692 158.668 1.377 34.4447 48.5258
-104.441 -111.52 158.911 1.38431 34.4555 48.4088
-104.434 -111.348 159.152 1.39159 34.4662 48.292
-104.427 -111.175 159.394 1.39882 34.4767 48.1754
-104.42 -111.003 159.634 1.40602 34.4872 48.059
-104.413 -110.831 159.874 1.41317 34.4975 47.9427
-104.405 -110.658 160.114 1.42028 34.5076 47.8266
-104.398 -110.485 160.353 1.42735 34.5177 47.7106
-104.391 -110.313 160.591 1.43438 34.5276 47.5948
