-50 75 50 0 0 -49
-50 74.9997 49.7549 -0.0196582 -0.107769 -49.0551
-50.0002 74.9989 49.5094 -0.0393217 -0.215777 -49.1102
-50.0004 74.9976 49.2638 -0.0589906 -0.324027 -49.1654
-50.0008 74.9957 49.0178 -0.0786648 -0.432519 -49.2206
-50.0012 74.9932 48.7716 -0.0983442 -0.541256 -49.2758
-50.0018 74.9903 48.525 -0.118029 -0.650237 -49.331
-50.0024 74.9867 48.2782 -0.137718 -0.759465 -49.3862
-50.0031 74.9827 48.0312 -0.157413 -0.868941 -49.4415
-50.004 74.9781 47.7838 -0.177113 -0.978666 -49.4968
-50.0049 74.9729 47.5362 -0.196818 -1.08864 -49.5521
-50.006 74.9672 47.2883 -0.216527 -1.19887 -49.6074
-50.0071 74.9609 47.0401 -0.236242 -1.30935 -49.6628
-50.0083 74.9541 46.7917 -0.255961 -1.42009 -49.7182
-50.0096 74.9467 46.5429 -0.275685 -1.53108 -49.7736
-50.0111 74.9388 46.2939 -0.295413 -1.64233 -49.8291
-50.0126 74.9303 46.0447 -0.315146 -1.75383 -49.8846
-50.0142 74.9212 45.7951 -0.334884 -1.8656 -49.9401
-50.0159 74.9116 45.5453 -0.354626 -1.97763 -49.9956
-50.0178 74.9014 45.2951 -0.374372 -2.08993 -50.0511
-50.0197 74.8907 45.0447 -0.394122 -2.20249 -50.1067
-50.0217 74.8794 44.7941 -0.413877 -2.31531 -50.1623
-50.0238 74.8676 44.5431 -0.433635 -2.4284 -50.2179
-50.026 74.8551 44.2919 -0.453398 -2.54177 -50.2736
-50.0284 74.8421 44.0404 -0.473165 -2.6554 -50.3293
-50.0308 74.8286 43.7886 -0.492935 -2.7693 -50.385
-50.0333 74.8145 43.5365 -0.512709 -2.88348 -50.4408
-50.0359 74.7998 43.2842 -0.532487 -2.99794 -50.4965
-50.0386 74.7845 43.0316 -0.552268 -3.11267 -50.5523
-50.0414 74.7686 42.7787 -0.572052 -3.22768 -50.6082
-50.0443 74.7522 42.5255 -0.59184 -3.34297 -50.664
-50.0473 74.7352 42.272 -0.611631 -3.45854 -50.7199
-50.0505 74.7176 42.0183 -0.631426 -3.57439 -50.7759
-50.0537 74.6994 41.7643 -0.651223 -3.69054 -50.8318
-50.057 74.6807 41.51 -0.671023 -3.80696 -50.8878
-50.0604 74.6614 41.2554 -0.690826 -3.92368 -50.9438
-50.0639 74.6415 41.0005 -0.710632 -4.04068 -50.9998
-50.0675 74.621 40.7454 -0.73044 -4.15798 -51.0559
-50.0712 74.5999 40.49 -0.750251 -4.27557 -51.112
-50.075 74.5782 40.2343 -0.770063 -4.39346 -51.1682
-50.0789 74.556 39.9783 -0.789878 -4.51164 -51.2243
-50.0829 74.5331 39.722 -0.809696 -4.63012 -51.2805
-50.087 74.5097 39.4655 -0.829515 -4.7489 -51.3368
-50.0912 74.4856 39.2086 -0.849335 -4.86799 -51.3931
-50.0955 74.461 38.9515 -0.869158 -4.98738 -51.4494
-50.0999 74.4357 38.6941 -0.888982 -5.10707 -51.5057
-50.1044 74.4099 38.4365 -0.908807 -5.22707 -51.5621
-50.109 74.3835 38.1785 -0.928633 -5.34738 -51.6185
-50.1136 74.3564 37.9203 -0.948461 -5.468 -51.6749
-50.1184 74.3288 37.6618 -0.968289 -5.58894 -51.7314
-50.1233 74.3005 37.403 -0.988118 -5.71019 -51.7879
-50.1283 74.2717 37.1439 -1.00795 -5.83176 -51.8444
-50.1334 74.2422 36.8845 -1.02778 -5.95365 -51.901
-50.1386 74.2121 36.6249 -1.04761 -6.07585 -51.9576
-50.1439 74.1815 36.365 -1.06744 -6.19838 -52.0143
-50.1493 74.1502 36.1047 -1.08727 -6.32124 -52.0709
-50.1548 74.1183 35.8442 -1.1071 -6.44442 -52.1277
-50.1603 74.0857 35.5835 -1.12693 -6.56793 -52.1844
-50.166 74.0526 35.3224 -1.14676 -6.69178 -52.2412
-50.1718 74.0188 35.061 -1.16659 -6.81595 -52.2981
-50.1777 73.9844 34.7994 -1.18641 -6.94046 -52.3549
-50.1837 73.9494 34.5375 -1.20624 -7.06531 -52.4118
-50.1898 73.9138 34.2753 -1.22606 -7.1905 -52.4688
-50.1959 73.8775 34.0128 -1.24588 -7.31603 -52.5258
-50.2022 73.8406 33.75 -1.26571 -7.4419 -52.5828
-50.2086 73.8031 33.487 -1.28552 -7.56812 -52.6399
-50.2151 73.7649 33.2236 -1.30534 -7.69468 -52.697
-50.2216 73.7261 32.96 -1.32515 -7.8216 -52.7541
-50.2283 73.6867 32.6961 -1.34497 -7.94887 -52.8113
-50.2351 73.6466 32.4319 -1.36477 -8.07649 -52.8686
-50.242 73.6059 32.1674 -1.38458 -8.20447 -52.9258
-50.2489 73.5646 31.9026 -1.40438 -8.33281 -52.9831
-50.256 73.5226 31.6376 -1.42418 -8.46151 -53.0405
-50.2632 73.48 31.3722 -1.44397 -8.59058 -53.0979
-50.2704 73.4367 31.1066 -1.46376 -8.72001 -53.1553
-50.2778 73.3928 30.8407 -1.48355 -8.84981 -53.2128
-50.2853 73.3482 30.5745 -1.50333 -8.97998 -53.2703
-50.2929 73.303 30.308 -1.5231 -9.11053 -53.3279
-50.3005 73.2571 30.0412 -1.54287 -9.24145 -53.3855
-50.3083 73.2106 29.7741 -1.56263 -9.37275 -53.4432
-50.3161 73.1634 29.5067 -1.58239 -9.50443 -53.5009
-50.3241 73.1155 29.2391 -1.60214 -9.6365 -53.5587
-50.3322 73.067 28.9712 -1.62189 -9.76895 -53.6165
-50.3403 73.0178 28.7029 -1.64163 -9.90179 -53.6743
-50.3486 72.968 28.4344 -1.66136 -10.035 -53.7322
-50.3569 72.9175 28.1656 -1.68108 -10.1686 -53.7901
-50.3654 72.8663 27.8965 -1.7008 -10.3027 -53.8481
-50.3739 72.8145 27.6271 -1.72051 -10.4371 -53.9062
-50.3826 72.7619 27.3575 -1.74021 -10.5719 -53.9642
-50.3913 72.7087 27.0875 -1.7599 -10.7071 -54.0224
-50.4002 72.6549 26.8172 -1.77958 -10.8428 -54.0806
-50.4091 72.6003 26.5467 -1.79925 -10.9788 -54.1388
-50.4182 72.5451 26.2758 -1.81891 -11.1153 -54.1971
-50.4273 72.4892 26.0047 -1.83857 -11.2522 -54.2554
-50.4366 72.4326 25.7333 -1.85821 -11.3895 -54.3138
-50.4459 72.3753 25.4616 -1.87784 -11.5272 -54.3722
-50.4554 72.3173 25.1896 -1.89745 -11.6653 -54.4307
-50.4649 72.2586 24.9173 -1.91706 -11.8039 -54.4893
-50.4745 72.1992 24.6447 -1.93665 -11.9429 -54.5479
-50.4843 72.1392 24.3718 -1.95624 -12.0824 -54.6065
-50.4941 72.0784 24.0986 -1.9758 -12.2222 -54.6652
-50.504 72.017 23.8251 -1.99536 -12.3625 -54.724
-50.514 71.9548 23.5514 -2.0149 -12.5033 -54.7828
-50.5242 71.8919 23.2773 -2.03442 -12.6445 -54.8417
-50.5344 71.8283 23.0029 -2.05393 -12.7862 -54.9006
-50.5447 71.7641 22.7283 -2.07343 -12.9283 -54.9596
-50.5551 71.6991 22.4533 -2.09291 -13.0709 -55.0187
-50.5656 71.6334 22.1781 -2.11237 -13.2139 -55.0778
-50.5762 71.5669 21.9026 -2.13181 -13.3574 -55.137
-50.5869 71.4998 21.6267 -2.15124 -13.5013 -55.1962
-50.5978 71.4319 21.3506 -2.17065 -13.6458 -55.2555
-50.6087 71.3633 21.0742 -2.19004 -13.7907 -55.3148
-50.6197 71.294 20.7974 -2.20941 -13.9361 -55.3742
-50.6307 71.224 20.5204 -2.22876 -14.0819 -55.4337
-50.6419 71.1532 20.2431 -2.24809 -14.2283 -55.4932
-50.6532 71.0817 19.9655 -2.2674 -14.3751 -55.5528
-50.6646 71.0094 19.6876 -2.28669 -14.5224 -55.6125
-50.6761 70.9365 19.4094 -2.30596 -14.6703 -55.6722
-50.6877 70.8627 19.1308 -2.3252 -14.8186 -55.732
-50.6993 70.7883 18.852 -2.34442 -14.9674 -55.7919
-50.7111 70.7131 18.5729 -2.36361 -15.1168 -55.8518
-50.723 70.6371 18.2935 -2.38278 -15.2666 -55.9118
-50.7349 70.5604 18.0138 -2.40193 -15.417 -55.9719
-50.747 70.4829 17.7338 -2.42104 -15.5679 -56.032
-50.7592 70.4047 17.4535 -2.44013 -15.7193 -56.0922
-50.7714 70.3257 17.1729 -2.4592 -15.8712 -56.1525
-50.7837 70.246 16.892 -2.47823 -16.0237 -56.2128
-50.7962 70.1655 16.6107 -2.49723 -16.1767 -56.2733
-50.8087 70.0842 16.3292 -2.51621 -16.3303 -56.3338
-50.8214 70.0022 16.0474 -2.53515 -16.4844 -56.3943
-50.8341 69.9194 15.7653 -2.55406 -16.639 -56.455
-50.8469 69.8358 15.4829 -2.57294 -16.7942 -56.5157
-50.8598 69.7515 15.2001 -2.59179 -16.95 -56.5765
-50.8728 69.6663 14.9171 -2.6106 -17.1063 -56.6374
-50.8859 69.5804 14.6337 -2.62937 -17.2632 -56.6983
-50.8991 69.4937 14.3501 -2.64811 -17.4207 -56.7593
-50.9124 69.4062 14.0661 -2.66681 -17.5787 -56.8204
-50.9258 69.3179 13.7819 -2.68548 -17.7373 -56.8816
-50.9392 69.2288 13.4973 -2.7041 -17.8965 -56.9429
-50.9528 69.1389 13.2125 -2.72268 -18.0564 -57.0043
-50.9665 69.0482 12.9273 -2.74123 -18.2168 -57.0657
-50.9802 68.9568 12.6418 -2.75973 -18.3778 -57.1273
-50.9941 68.8645 12.356 -2.77818 -18.5394 -57.1889
-51.008 68.7714 12.0699 -2.7966 -18.7016 -57.2506
-51.022 68.6775 11.7835 -2.81496 -18.8645 -57.3124
-51.0362 68.5827 11.4968 -2.83328 -19.0279 -57.3743
-51.0504 68.4872 11.2098 -2.85156 -19.192 -57.4362
-51.0647 68.3908 10.9224 -2.86978 -19.3568 -57.4983
-51.0791 68.2936 10.6348 -2.88795 -19.5222 -57.5605
-51.0936 68.1956 10.3468 -2.90607 -19.6882 -57.6227
-51.1081 68.0967 10.0585 -2.92414 -19.8549 -57.6851
-51.1228 67.997 9.76996 -2.94215 -20.0222 -57.7475
-51.1376 67.8965 9.48106 -2.96011 -20.1902 -57.8101
-51.1524 67.7951 9.19186 -2.97801 -20.3589 -57.8727
-51.1673 67.6929 8.90233 -2.99585 -20.5282 -57.9355
-51.1824 67.5899 8.6125 -3.01363 -20.6983 -57.9983
-51.1975 67.4859 8.32235 -3.03135 -20.869 -58.0613
-51.2127 67.3812 8.03188 -3.04901 -21.0404 -58.1243
-51.228 67.2755 7.7411 -3.0666 -21.2126 -58.1875
-51.2433 67.169 7.45001 -3.08413 -21.3854 -58.2508
-51.2588 67.0617 7.15859 -3.10158 -21.5589 -58.3142
-51.2744 66.9535 6.86686 -3.11897 -21.7332 -58.3777
-51.29 66.8444 6.57481 -3.13629 -21.9082 -58.4413
-51.3057 66.7344 6.28245 -3.15353 -22.0839 -58.505
-51.3215 66.6235 5.98976 -3.1707 -22.2604 -58.5688
-51.3374 66.5118 5.69675 -3.18779 -22.4377 -58.6328
-51.3534 66.3991 5.40343 -3.2048 -22.6157 -58.6969
-51.3695 66.2856 5.10978 -3.22174 -22.7944 -58.7611
-51.3856 66.1712 4.81582 -3.23859 -22.974 -58.8254
-51.4019 66.0559 4.52153 -3.25535 -23.1543 -58.8898
-51.4182 65.9397 4.22691 -3.27203 -23.3354 -58.9544
-51.4346 65.8225 3.93198 -3.28862 -23.5173 -59.0191
-51.4511 65.7045 3.63672 -3.30511 -23.7 -59.084
-51.4676 65.5855 3.34114 -3.32152 -23.8835 -59.1489
-51.4843 65.4657 3.04523 -3.33782 -24.0679 -59.214
-51.501 65.3448 2.74899 -3.35403 -24.2531 -59.2793
-51.5178 65.2231 2.45243 -3.37014 -24.4391 -59.3447
-51.5347 65.1005 2.15554 -3.38615 -24.6259 -59.4102
-51.5517 64.9769 1.85833 -3.40205 -24.8137 -59.4759
-51.5687 64.8523 1.56078 -3.41784 -25.0023 -59.5417
-51.5859 64.7268 1.26291 -3.43351 -25.1917 -59.6076
-51.6031 64.6004 0.964701 -3.44908 -25.3821 -59.6738
-51.6204 64.473 0.666165 -3.46453 -25.5734 -59.74
-51.6377 64.3447 0.367297 -3.47985 -25.7655 -59.8065
-51.6552 64.2154 0.0680971 -3.49506 -25.9586 -59.873
-51.6727 64.0851 -0.231437 -3.51013 -26.1526 -59.9398
-51.6903 63.9538 -0.531304 -3.52508 -26.3476 -60.0067
-51.7079 63.8216 -0.831507 -3.5399 -26.5434 -60.0738
-51.7257 63.6884 -1.13205 -3.55457 -26.7403 -60.141
-51.7435 63.5542 -1.43292 -3.56911 -26.9381 -60.2085
-51.7613 63.419 -1.73413 -3.58351 -27.1369 -60.2761
-51.7793 63.2829 -2.03569 -3.59776 -27.3367 -60.3439
-51.7973 63.1457 -2.33758 -3.61185 -27.5375 -60.4118
-51.8154 63.0075 -2.63981 -3.6258 -27.7393 -60.48
-51.8336 62.8683 -2.94238 -3.63958 -27.9421 -60.5483
-51.8518 62.7281 -3.24529 -3.6532 -28.146 -60.6169
-51.8701 62.5868 -3.54855 -3.66665 -28.351 -60.6856
-51.8885 62.4446 -3.85215 -3.67993 -28.557 -60.7545
-51.9069 62.3013 -4.1561 -3.69304 -28.764 -60.8237
-51.9254 62.1569 -4.4604 -3.70596 -28.9722 -60.893
-51.944 62.0115 -4.76504 -3.7187 -29.1815 -60.9626
-51.9626 61.8651 -5.07003 -3.73125 -29.3919 -61.0324
-51.9813 61.7176 -5.37536 -3.7436 -29.6034 -61.1024
-52 61.5691 -5.68105 -3.75575 -29.8161 -61.1726
-52.0188 61.4195 -5.98709 -3.76769 -30.0299 -61.2431
-52.0377 61.2688 -6.29349 -3.77942 -30.245 -61.3138
-52.0566 61.117 -6.60024 -3.79094 -30.4612 -61.3847
-52.0756 60.9642 -6.90734 -3.80223 -30.6786 -61.4559
-52.0947 60.8102 -7.2148 -3.81329 -30.8973 -61.5274
-52.1138 60.6552 -7.52262 -3.82411 -31.1172 -61.5991
-52.1329 60.4991 -7.8308 -3.83469 -31.3383 -61.671
-52.1521 60.3418 -8.13933 -3.84502 -31.5608 -61.7433
-52.1714 60.1835 -8.44823 -3.85509 -31.7845 -61.8158
-52.1907 60.024 -8.7575 -3.8649 -32.0095 -61.8885
-52.21 59.8634 -9.06712 -3.87444 -32.2359 -61.9616
-52.2294 59.7016 -9.37712 -3.8837 -32.4636 -62.035
-52.2489 59.5387 -9.68748 -3.89267 -32.6927 -62.1086
-52.2683 59.3747 -9.99821 -3.90135 -32.9232 -62.1826
-52.2879 59.2095 -10.3093 -3.90972 -33.1551 -62.2569
-52.3074 59.0432 -10.6208 -3.91778 -33.3884 -62.3315
-52.327 58.8756 -10.9326 -3.92552 -33.6232 -62.4065
-52.3467 58.7069 -11.2449 -3.93293 -33.8595 -62.4817
-52.3664 58.537 -11.5575 -3.93999 -34.0972 -62.5574
-52.3861 58.366 -11.8704 -3.94671 -34.3365 -62.6333
-52.4058 58.1937 -12.1838 -3.95307 -34.5773 -62.7097
-52.4256 58.0202 -12.4975 -3.95905 -34.8197 -62.7864
-52.4454 57.8455 -12.8117 -3.96465 -35.0637 -62.8635
-52.4653 57.6696 -13.1262 -3.96985 -35.3093 -62.941
-52.4851 57.4924 -13.4411 -3.97465 -35.5566 -63.0188
-52.505 57.314 -13.7564 -3.97903 -35.8055 -63.0971
-52.5249 57.1344 -14.0721 -3.98298 -36.0561 -63.1759
-52.5449 56.9534 -14.3881 -3.98648 -36.3084 -63.255
-52.5648 56.7713 -14.7046 -3.98952 -36.5625 -63.3346
-52.5848 56.5878 -15.0215 -3.99208 -36.8184 -63.4147
-52.6047 56.4031 -15.3388 -3.99416 -37.0761 -63.4952
-52.6247 56.2171 -15.6564 -3.99573 -37.3357 -63.5763
-52.6447 56.0297 -15.9745 -3.99678 -37.5971 -63.6578
-52.6647 55.8411 -16.293 -3.9973 -37.8604 -63.7398
-52.6847 55.6511 -16.6119 -3.99725 -38.1257 -63.8224
-52.7047 55.4599 -16.9313 -3.99664 -38.393 -63.9055
-52.7246 55.2672 -17.251 -3.99542 -38.6623 -63.9892
-52.7446 55.0732 -17.5712 -3.9936 -38.9337 -64.0734
-52.7646 54.8779 -17.8917 -3.99114 -39.2072 -64.1583
-52.7845 54.6812 -18.2127 -3.98803 -39.4828 -64.2437
-52.8045 54.4831 -18.5342 -3.98424 -39.7606 -64.3298
-52.8244 54.2836 -18.8561 -3.97975 -40.0406 -64.4166
-52.8443 54.0827 -19.1784 -3.97454 -40.3229 -64.504
-52.8641 53.8804 -19.5011 -3.96857 -40.6075 -64.5921
-52.884 53.6766 -19.8243 -3.96183 -40.8944 -64.681
-52.9037 53.4714 -20.1479 -3.95428 -41.1838 -64.7705
-52.9235 53.2648 -20.472 -3.94589 -41.4756 -64.8609
-52.9432 53.0567 -20.7965 -3.93664 -41.7699 -64.952
-52.9629 52.8471 -21.1215 -3.9265 -42.0668 -65.044
-52.9825 52.636 -21.447 -3.91542 -42.3664 -65.1368
-53.002 52.4234 -21.7729 -3.90338 -42.6686 -65.2305
-53.0215 52.2093 -22.0993 -3.89034 -42.9735 -65.3251
-53.0409 51.9937 -22.4262 -3.87625 -43.2812 -65.4207
-53.0603 51.7765 -22.7535 -3.86109 -43.5919 -65.5172
-53.0796 51.5578 -23.0813 -3.84481 -43.9054 -65.6147
-53.0987 51.3375 -23.4097 -3.82735 -44.2219 -65.7134
-53.1178 51.1156 -23.7385 -3.80869 -44.5416 -65.8131
-53.1368 50.8921 -24.0678 -3.78876 -44.8643 -65.9139
-53.1557 50.667 -24.3976 -3.76752 -45.1903 -66.0159
-53.1745 50.4402 -24.728 -3.74491 -45.5197 -66.1192
-53.1932 50.2118 -25.0588 -3.72087 -45.8524 -66.2237
-53.2117 49.9817 -25.3902 -3.69535 -46.1885 -66.3296
-53.2302 49.7499 -25.7221 -3.66828 -46.5283 -66.4369
-53.2484 49.5164 -26.0546 -3.63959 -46.8717 -66.5456
-53.2666 49.2812 -26.3876 -3.60921 -47.2189 -66.6558
-53.2845 49.0443 -26.7212 -3.57707 -47.57 -66.7677
-53.3024 48.8055 -27.0553 -3.54309 -47.925 -66.8811
-53.32 48.565 -27.39 -3.50717 -48.2842 -66.9963
-53.3374 48.3227 -27.7253 -3.46925 -48.6475 -67.1133
-53.3547 48.0786 -28.0611 -3.42921 -49.0152 -67.2322
-53.3717 47.8326 -28.3976 -3.38696 -49.3874 -67.3531
-53.3886 47.5847 -28.7347 -3.34239 -49.7642 -67.476
-53.4052 47.335 -29.0724 -3.29539 -50.1457 -67.6011
-53.4215 47.0833 -29.4107 -3.24584 -50.5321 -67.7285
-53.4377 46.8297 -29.7497 -3.1936 -50.9236 -67.8584
-53.4535 46.5741 -30.0893 -3.13854 -51.3203 -67.9907
-53.4691 46.3165 -30.4296 -3.08052 -51.7224 -68.1257
-53.4843 46.0569 -30.7706 -3.01937 -52.13 -68.2635
-53.4993 45.7952 -31.1122 -2.95492 -52.5435 -68.4043
-53.5139 45.5315 -31.4546 -2.887 -52.9629 -68.5482
-53.5282 45.2656 -31.7977 -2.81541 -53.3886 -68.6954
-53.5421 44.9976 -32.1416 -2.73994 -53.8206 -68.846
-53.5556 44.7275 -32.4862 -2.66037 -54.2593 -69.0004
-53.5687 44.4551 -32.8316 -2.57645 -54.705 -69.1587
-53.5814 44.1804 -33.1778 -2.48793 -55.1578 -69.3212
-53.5936 43.9035 -33.5248 -2.39452 -55.6181 -69.4881
-53.6054 43.6243 -33.8727 -2.29591 -56.0862 -69.6598
-53.6166 43.3427 -34.2215 -2.19177 -56.5624 -69.8364
-53.6273 43.0587 -34.5711 -2.08174 -57.0471 -70.0184
-53.6375 42.7723 -34.9217 -1.96543 -57.5406 -70.2062
-53.647 42.4834 -35.2732 -1.84242 -58.0433 -70.4001
-53.6559 42.1919 -35.6257 -1.71222 -58.5556 -70.6006
-53.6642 41.8979 -35.9792 -1.57433 -59.078 -70.8082
-53.6717 41.6012 -36.3338 -1.42818 -59.611 -71.0234
-53.6785 41.3018 -36.6894 -1.27316 -60.155 -71.2468
-53.6845 40.9997 -37.0462 -1.10859 -60.7106 -71.479
-53.6897 40.6948 -37.4042 -0.933695 -61.2784 -71.7209
-53.6939 40.387 -37.7635 -0.747656 -61.8591 -71.9732
-53.6972 40.0763 -38.124 -0.549537 -62.4532 -72.2368
-53.6995 39.7625 -38.4859 -0.3383 -63.0617 -72.5127
-53.7007 39.4457 -38.8491 -0.112788 -63.6851 -72.8021
-53.7007 39.1258 -39.2139 0.128303 -64.3244 -73.1063
-53.6995 38.8026 -39.5802 0.386437 -64.9805 -73.4268
-53.697 38.4761 -39.9482 0.66327 -65.6544 -73.7651
-53.693 38.1461 -40.3179 0.960681 -66.3471 -74.1232
-53.6875 37.8127 -40.6894 1.28081 -67.0597 -74.5033
-53.6803 37.4757 -41.0629 1.62611 -67.7936 -74.9079
-53.6714 37.1349 -41.4385 1.99939 -68.5499 -75.3397
-53.6605 36.7903 -41.8163 2.40391 -69.3302 -75.8023
-53.6475 36.4417 -42.1965 2.84345 -70.1358 -76.2996
-53.6323 36.0891 -42.5793 3.32243 -70.9684 -76.8361
-53.6145 35.7322 -42.9648 3.84606 -71.8295 -77.4174
-53.5941 35.371 -43.3534 4.42047 -72.7208 -78.05
-53.5707 35.0052 -43.7453 5.05303 -73.6438 -78.7419
-53.5439 34.6348 -44.1408 5.75253 -74.5999 -79.5025
-53.5135 34.2594 -44.5403 6.52966 -75.5901 -80.3437
-53.4791 33.8791 -44.9441 7.39746 -76.615 -81.2798
-53.4401 33.4936 -45.3529 8.37202 -77.674 -82.3289
-53.396 33.1026 -45.7673 9.47336 -78.7646 -83.5138
-53.3462 32.7062 -46.1879 10.7266 -79.8815 -84.8636
-53.2897 32.3041 -46.6156 12.1637 -81.0143 -86.4157
-53.2256 31.8963 -47.0517 13.8253 -82.1443 -88.2191
-53.1528 31.4829 -47.4974 15.7639 -83.2386 -90.3384
-53.0697 31.064 -47.9545 18.0464 -84.24 -92.8591
-52.9744 30.6404 -48.4252 20.7576 -85.0489 -95.8944
-52.8647 30.2131 -48.9125 23.9991 -85.4918 -99.5905
-52.7377 29.7844 -49.42 27.877 -85.267 -104.125
-52.59 29.3583 -49.9524 32.4562 -83.8622 -109.673
-52.4179 28.9418 -50.5157 37.6363 -80.4734 -116.298
-52.2185 28.5471 -51.1159 42.9146 -74.071 -123.708
-51.9926 28.1926 -51.7571 47.1787 -63.904 -130.979
-51.7485 27.9014 -52.4366 48.9748 -50.3016 -136.695
-51.5047 27.6919 -53.14 47.2253 -34.8913 -139.463
-51.2828 27.5644 -53.844 41.9695 -20.426 -138.406
-51.096 27.5002 -54.5288 34.8472 -9.56901 -134.208
-50.9456 27.4764 -55.1856 27.8147 -2.85848 -128.713
-50.8267 27.475 -55.8138 21.8016 0.750372 -123.291
-50.7339 27.4847 -56.4163 16.9208 2.42844 -118.482
-50.662 27.4989 -56.9969 12.9968 2.97902 -114.375
-50.6071 27.5137 -57.5589 9.81837 2.88074 -110.898
-50.566 27.5268 -58.1051 7.20881 2.40915 -107.949
-50.5366 27.5369 -58.6378 5.03426 1.72351 -105.429
-50.5169 27.5432 -59.159 3.19595 0.917334 -103.257
-50.5056 27.5453 -59.6702 1.62109 0.046507 -101.369
-50.5014 27.543 -60.1725 0.255599 -0.855076 -99.7133
-50.5035 27.5362 -60.6672 -0.941228 -1.76666 -98.2499
-50.5113 27.5248 -61.155 -2.00044 -2.67553 -96.9472
-50.5239 27.509 -61.6367 -2.94606 -3.57394 -95.78
-50.541 27.4887 -62.1128 -3.79691 -4.4573 -94.7277
-50.5621 27.4641 -62.584 -4.56792 -5.32302 -93.7739
-50.5869 27.4352 -63.0506 -5.27108 -6.1698 -92.9051
-50.615 27.4021 -63.5131 -5.91611 -6.99718 -92.1101
-50.6462 27.365 -63.9718 -6.51097 -7.8052 -91.3795
-50.6802 27.3238 -64.4269 -7.06225 -8.59427 -90.7056
-50.7169 27.2788 -64.8789 -7.57542 -9.36498 -90.0817
-50.7561 27.23 -65.3278 -8.05511 -10.1181 -89.5022
-50.7975 27.1775 -65.774 -8.5052 -10.8543 -88.9624
-50.8412 27.1213 -66.2175 -8.929 -11.5744 -88.458
-50.8869 27.0616 -66.6586 -9.32937 -12.2793 -87.9855
-50.9345 26.9984 -67.0974 -9.70875 -12.9698 -87.5418
-50.984 26.9318 -67.5341 -10.0693 -13.6465 -87.1241
-51.0353 26.8619 -67.9687 -10.4127 -14.3103 -86.7301
-51.0882 26.7886 -68.4014 -10.7408 -14.9619 -86.3576
-51.1427 26.7122 -68.8323 -11.0549 -15.6018 -86.0048
-51.1988 26.6325 -69.2615 -11.3562 -16.2307 -85.6699
-51.2563 26.5498 -69.6891 -11.6459 -16.8492 -85.3516
-51.3152 26.464 -70.1151 -11.925 -17.4579 -85.0485
-51.3756 26.3751 -70.5396 -12.1943 -18.0573 -84.7593
-51.4372 26.2833 -70.9628 -12.4546 -18.6478 -84.483
-51.5001 26.1886 -71.3845 -12.7066 -19.23 -84.2187
-51.5643 26.091 -71.805 -12.951 -19.8042 -83.9654
-51.6296 25.9905 -72.2242 -13.1882 -20.3708 -83.7224
-51.6962 25.8872 -72.6423 -13.419 -20.9303 -83.4889
-51.7638 25.7812 -73.0591 -13.6436 -21.483 -83.2643
-51.8326 25.6724 -73.4749 -13.8626 -22.0292 -83.048
-51.9025 25.5609 -73.8897 -14.0763 -22.5692 -82.8393
-51.9734 25.4467 -74.3034 -14.2851 -23.1034 -82.6378
-52.0453 25.3298 -74.7161 -14.4893 -23.632 -82.443
-52.1183 25.2103 -75.1278 -14.6892 -24.1553 -82.2545
-52.1922 25.0882 -75.5387 -14.885 -24.6735 -82.0719
-52.2672 24.9635 -75.9486 -15.0772 -25.1869 -81.8948
-52.343 24.8363 -76.3576 -15.2657 -25.6957 -81.7228
-52.4198 24.7066 -76.7659 -15.451 -26.2001 -81.5557
-52.4975 24.5743 -77.1732 -15.6331 -26.7003 -81.3931
-52.5762 24.4396 -77.5798 -15.8123 -27.1964 -81.2348
-52.6557 24.3023 -77.9856 -15.9888 -27.6888 -81.0804
-52.736 24.1626 -78.3907 -16.1626 -28.1775 -80.9299
-52.8173 24.0205 -78.7949 -16.3339 -28.6626 -80.7828
-52.8994 23.876 -79.1985 -16.503 -29.1445 -80.6391
-52.9823 23.7291 -79.6014 -16.6698 -29.6231 -80.4985
-53.0661 23.5798 -80.0035 -16.8346 -30.0986 -80.3608
-53.1507 23.4281 -80.405 -16.9974 -30.5713 -80.2258
-53.2361 23.274 -80.8058 -17.1584 -31.0411 -80.0934
-53.3223 23.1177 -81.206 -17.3176 -31.5082 -79.9635
-53.4092 22.9589 -81.6055 -17.4752 -31.9728 -79.8358
-53.497 22.7979 -82.0043 -17.6312 -32.4348 -79.7103
-53.5856 22.6346 -82.4026 -17.7856 -32.8946 -79.5868
-53.6749 22.469 -82.8002 -17.9387 -33.352 -79.4651
-53.7649 22.3011 -83.1973 -18.0904 -33.8073 -79.3452
-53.8558 22.1309 -83.5937 -18.2409 -34.2605 -79.227
-53.9474 21.9585 -83.9896 -18.3901 -34.7117 -79.1102
-54.0397 21.7838 -84.3848 -18.5382 -35.161 -78.9949
-54.1327 21.6068 -84.7795 -18.6852 -35.6085 -78.881
-54.2265 21.4277 -85.1737 -18.8312 -36.0542 -78.7682
-54.3211 21.2463 -85.5672 -18.9762 -36.4982 -78.6566
-54.4163 21.0627 -85.9603 -19.1203 -36.9407 -78.5461
-54.5123 20.8769 -86.3527 -19.2634 -37.3815 -78.4365
-54.6089 20.6889 -86.7446 -19.4057 -37.8209 -78.3279
-54.7063 20.4987 -87.136 -19.5473 -38.2589 -78.2201
-54.8044 20.3063 -87.5269 -19.688 -38.6956 -78.113
-54.9032 20.1117 -87.9172 -19.8281 -39.1309 -78.0066
-55.0027 19.915 -88.3069 -19.9674 -39.565 -77.9008
-55.1029 19.7161 -88.6962 -20.1061 -39.9979 -77.7955
-55.2038 19.515 -89.0849 -20.2442 -40.4296 -77.6908
-55.3053 19.3118 -89.4731 -20.3817 -40.8603 -77.5865
-55.4076 19.1064 -89.8608 -20.5187 -41.2899 -77.4825
-55.5105 18.8989 -90.248 -20.6551 -41.7186 -77.3788
-55.6141 18.6892 -90.6346 -20.791 -42.1462 -77.2754
-55.7184 18.4774 -91.0207 -20.9265 -42.573 -77.1723
-55.8234 18.2635 -91.4063 -21.0615 -42.9989 -77.0692
-55.929 18.0474 -91.7914 -21.196 -43.424 -76.9663
-56.0353 17.8292 -92.176 -21.3302 -43.8482 -76.8634
-56.1423 17.6089 -92.5601 -21.464 -44.2717 -76.7606
-56.25 17.3865 -92.9436 -21.5974 -44.6945 -76.6577
-56.3583 17.162 -93.3267 -21.7305 -45.1166 -76.5547
-56.4673 16.9354 -93.7092 -21.8633 -45.5381 -76.4516
-56.5769 16.7066 -94.0912 -21.9958 -45.9589 -76.3483
-56.6873 16.4758 -94.4727 -22.128 -46.3792 -76.2448
-56.7982 16.2428 -94.8537 -22.2599 -46.7989 -76.1411
-56.9099 16.0078 -95.2341 -22.3916 -47.218 -76.0371
-57.0221 15.7706 -95.6141 -22.5231 -47.6367 -75.9327
-57.1351 15.5314 -95.9935 -22.6543 -48.0549 -75.8281
-57.2487 15.2901 -96.3723 -22.7854 -48.4726 -75.723
-57.3629 15.0467 -96.7507 -22.9162 -48.8899 -75.6174
-57.4778 14.8012 -97.1285 -23.0469 -49.3069 -75.5114
-57.5934 14.5536 -97.5058 -23.1774 -49.7234 -75.4049
-57.7096 14.304 -97.8826 -23.3078 -50.1396 -75.2979
-57.8265 14.0522 -98.2588 -23.438 -50.5554 -75.1903
-57.944 13.7984 -98.6345 -23.5681 -50.971 -75.0821
-58.0622 13.5425 -99.0097 -23.6981 -51.3863 -74.9732
-58.181 13.2846 -99.3843 -23.828 -51.8013 -74.8637
-58.3004 13.0245 -99.7583 -23.9578 -52.216 -74.7535
-58.4206 12.7624 -100.132 -24.0875 -52.6305 -74.6425
-58.5413 12.4982 -100.505 -24.2171 -53.0448 -74.5308
-58.6627 12.232 -100.877 -24.3467 -53.4589 -74.4183
-58.7848 11.9636 -101.249 -24.4762 -53.8729 -74.305
-58.9075 11.6932 -101.62 -24.6057 -54.2867 -74.1908
-59.0309 11.4208 -101.991 -24.7352 -54.7003 -74.0757
-59.1549 11.1462 -102.361 -24.8646 -55.1138 -73.9597
-59.2795 10.8696 -102.73 -24.994 -55.5272 -73.8428
-59.4048 10.591 -103.099 -25.1233 -55.9405 -73.7249
-59.5307 10.3102 -103.468 -25.2527 -56.3537 -73.606
-59.6573 10.0274 -103.835 -25.382 -56.7668 -73.4861
-59.7846 9.74257 -104.203 -25.5114 -57.1799 -73.3652
-59.9124 9.45564 -104.569 -25.6408 -57.5929 -73.2431
-60.041 9.16664 -104.935 -25.7702 -58.0059 -73.12
-60.1701 8.87559 -105.3 -25.8996 -58.4188 -72.9957
-60.3 8.58246 -105.665 -26.0291 -58.8318 -72.8702
-60.4304 8.28727 -106.029 -26.1585 -59.2447 -72.7436
-60.5615 7.99002 -106.392 -26.2881 -59.6577 -72.6157
-60.6933 7.6907 -106.755 -26.4176 -60.0707 -72.4866
-60.8257 7.38932 -107.117 -26.5472 -60.4837 -72.3562
-60.9588 7.08587 -107.479 -26.6769 -60.8967 -72.2246
-61.0925 6.78035 -107.84 -26.8066 -61.3098 -72.0916
-61.2268 6.47277 -108.2 -26.9364 -61.7229 -71.9572
-61.3619 6.16313 -108.559 -27.0662 -62.1361 -71.8215
-61.4975 5.85142 -108.918 -27.1962 -62.5493 -71.6843
-61.6338 5.53764 -109.276 -27.3261 -62.9627 -71.5458
-61.7708 5.2218 -109.633 -27.4562 -63.3761 -71.4058
-61.9084 4.90388 -109.99 -27.5863 -63.7896 -71.2642
-62.0466 4.5839 -110.346 -27.7165 -64.2032 -71.1212
-62.1855 4.26186 -110.701 -27.8468 -64.6169 -70.9767
-62.3251 3.93774 -111.056 -27.9772 -65.0306 -70.8306
-62.4653 3.61156 -111.41 -28.1077 -65.4445 -70.6828
-62.6062 3.2833 -111.763 -28.2382 -65.8586 -70.5335
-62.7477 2.95297 -112.115 -28.3689 -66.2727 -70.3826
-62.8899 2.62058 -112.466 -28.4996 -66.6869 -70.2299
-63.0327 2.28611 -112.817 -28.6305 -67.1013 -70.0756
-63.1762 1.94957 -113.167 -28.7614 -67.5158 -69.9195
-63.3203 1.61096 -113.516 -28.8924 -67.9304 -69.7617
-63.4651 1.27027 -113.865 -29.0235 -68.3452 -69.6022
-63.6105 0.92751 -114.212 -29.1548 -68.7601 -69.4408
-63.7566 0.582675 -114.559 -29.2861 -69.1751 -69.2776
-63.9034 0.235764 -114.905 -29.4175 -69.5903 -69.1126
-64.0508 -0.113223 -115.25 -29.549 -70.0056 -68.9456
-64.1989 -0.464287 -115.595 -29.6807 -70.4211 -68.7768
-64.3476 -0.817428 -115.938 -29.8124 -70.8366 -68.606
-64.497 -1.17265 -116.281 -29.9442 -71.2524 -68.4333
-64.6471 -1.52995 -116.623 -30.0761 -71.6682 -68.2586
-64.7978 -1.88933 -116.963 -30.2081 -72.0842 -68.0819
-64.9492 -2.25078 -117.303 -30.3402 -72.5004 -67.9031
-65.1012 -2.61432 -117.642 -30.4725 -72.9167 -67.7223
-65.2539 -2.97995 -117.981 -30.6048 -73.3331 -67.5393
-65.4072 -3.34765 -118.318 -30.7372 -73.7496 -67.3543
-65.5612 -3.71744 -118.654 -30.8697 -74.1663 -67.1671
-65.7159 -4.08931 -118.989 -31.0023 -74.5831 -66.9777
-65.8713 -4.46326 -119.324 -31.1349 -75 -66.7862
-66.0273 -4.8393 -119.657 -31.2677 -75.4171 -66.5924
-66.1839 -5.21743 -119.99 -31.4006 -75.8342 -66.3963
-66.3413 -5.59764 -120.321 -31.5335 -76.2515 -66.198
-66.4993 -5.97994 -120.652 -31.6665 -76.6689 -65.9973
-66.6579 -6.36432 -120.981 -31.7996 -77.0864 -65.7943
-66.8173 -6.7508 -121.31 -31.9328 -77.504 -65.589
-66.9773 -7.13936 -121.637 -32.0661 -77.9217 -65.3812
-67.1379 -7.53001 -121.964 -32.1994 -78.3394 -65.171
-67.2993 -7.92275 -122.289 -32.3328 -78.7573 -64.9584
-67.4613 -8.31758 -122.613 -32.4662 -79.1752 -64.7433
-67.6239 -8.7145 -122.936 -32.5997 -79.5932 -64.5257
-67.7873 -9.11351 -123.258 -32.7333 -80.0113 -64.3056
-67.9513 -9.5146 -123.579 -32.8669 -80.4294 -64.0829
-68.1159 -9.91779 -123.899 -33.0006 -80.8475 -63.8577
-68.2813 -10.3231 -124.218 -33.1343 -81.2657 -63.6298
-68.4473 -10.7304 -124.536 -33.2681 -81.6839 -63.3992
-68.614 -11.1399 -124.852 -33.4019 -82.1021 -63.166
-68.7813 -11.5515 -125.167 -33.5357 -82.5204 -62.9301
-68.9493 -11.9651 -125.481 -33.6696 -82.9386 -62.6915
-69.118 -12.3808 -125.794 -33.8035 -83.3568 -62.4501
-69.2873 -12.7987 -126.106 -33.9374 -83.775 -62.206
-69.4574 -13.2186 -126.416 -34.0713 -84.1931 -61.959
-69.6281 -13.6406 -126.725 -34.2052 -84.6112 -61.7092
-69.7994 -14.0647 -127.033 -34.3391 -85.0293 -61.4565
-69.9714 -14.4909 -127.34 -34.473 -85.4472 -61.2009
-70.1441 -14.9192 -127.645 -34.6068 -85.8651 -60.9424
-70.3175 -15.3495 -127.949 -34.7407 -86.2829 -60.681
-70.4916 -15.782 -128.252 -34.8745 -86.7005 -60.4166
-70.6663 -16.2165 -128.554 -35.0083 -87.118 -60.1492
-70.8416 -16.6532 -128.854 -35.1421 -87.5354 -59.8787
-71.0177 -17.0919 -129.152 -35.2758 -87.9526 -59.6052
-71.1944 -17.5327 -129.45 -35.4095 -88.3697 -59.3286
-71.3718 -17.9756 -129.746 -35.5431 -88.7865 -59.0488
-71.5498 -18.4205 -130.04 -35.6766 -89.2032 -58.766
-71.7285 -18.8676 -130.333 -35.81 -89.6196 -58.4799
-71.9079 -19.3167 -130.625 -35.9434 -90.0357 -58.1907
-72.088 -19.768 -130.915 -36.0767 -90.4516 -57.8982
-72.2687 -20.2212 -131.204 -36.2098 -90.8672 -57.6025
-72.4501 -20.6766 -131.491 -36.3429 -91.2825 -57.3035
-72.6321 -21.1341 -131.777 -36.4758 -91.6975 -57.0012
-72.8148 -21.5936 -132.061 -36.6086 -92.1121 -56.6956
-72.9982 -22.0552 -132.344 -36.7412 -92.5264 -56.3866
-73.1822 -22.5189 -132.625 -36.8737 -92.9403 -56.0742
-73.3669 -22.9846 -132.905 -37.0061 -93.3538 -55.7584
-73.5523 -23.4524 -133.183 -37.1382 -93.7668 -55.4391
-73.7383 -23.9222 -133.459 -37.2702 -94.1794 -55.1164
-73.925 -24.3942 -133.734 -37.402 -94.5915 -54.7902
-74.1123 -24.8682 -134.007 -37.5336 -95.0031 -54.4605
-74.3003 -25.3442 -134.278 -37.665 -95.4142 -54.1272
-74.489 -25.8223 -134.548 -37.7961 -95.8247 -53.7904
-74.6783 -26.3024 -134.816 -37.927 -96.2346 -53.4499
-74.8683 -26.7846 -135.083 -38.0577 -96.6439 -53.1059
-75.0589 -27.2689 -135.347 -38.1881 -97.0526 -52.7582
-75.2501 -27.7552 -135.61 -38.3183 -97.4607 -52.4068
-75.4421 -28.2435 -135.871 -38.4481 -97.868 -52.0518
-75.6346 -28.7338 -136.131 -38.5777 -98.2746 -51.693
-75.8278 -29.2262 -136.388 -38.7069 -98.6805 -51.3305
-76.0217 -29.7206 -136.644 -38.8358 -99.0856 -50.9642
-76.2162 -30.2171 -136.898 -38.9644 -99.4899 -50.5941
-76.4113 -30.7155 -137.15 -39.0927 -99.8933 -50.2202
-76.6071 -31.216 -137.4 -39.2206 -100.296 -49.8425
-76.8035 -31.7185 -137.649 -39.3481 -100.698 -49.461
-77.0006 -32.223 -137.895 -39.4752 -101.098 -49.0755
-77.1983 -32.7295 -138.139 -39.6019 -101.498 -48.6862
-77.3966 -33.238 -138.382 -39.7282 -101.897 -48.293
-77.5956 -33.7484 -138.622 -39.854 -102.294 -47.8958
-77.7952 -34.2609 -138.861 -39.9794 -102.691 -47.4947
-77.9954 -34.7753 -139.097 -40.1044 -103.087 -47.0896
-78.1962 -35.2918 -139.332 -40.2288 -103.481 -46.6805
-78.3977 -35.8101 -139.564 -40.3528 -103.874 -46.2673
-78.5997 -36.3305 -139.794 -40.4763 -104.266 -45.8502
-78.8024 -36.8528 -140.022 -40.5992 -104.657 -45.429
-79.0057 -37.3771 -140.249 -40.7216 -105.046 -45.0037
-79.2096 -37.9033 -140.473 -40.8434 -105.434 -44.5744
-79.4142 -38.4314 -140.694 -40.9647 -105.821 -44.141
-79.6193 -38.9615 -140.914 -41.0854 -106.206 -43.7034
-79.825 -39.4935 -141.131 -41.2054 -106.59 -43.2618
-80.0313 -40.0274 -141.347 -41.3248 -106.972 -42.816
-80.2383 -40.5632 -141.56 -41.4436 -107.353 -42.366
-80.4458 -41.1009 -141.77 -41.5617 -107.732 -41.9119
-80.6539 -41.6405 -141.979 -41.6792 -108.109 -41.4536
-80.8626 -42.182 -142.185 -41.7959 -108.485 -40.9911
-81.0718 -42.7253 -142.389 -41.912 -108.859 -40.5244
-81.2817 -43.2705 -142.59 -42.0272 -109.231 -40.0535
-81.4921 -43.8176 -142.789 -42.1418 -109.602 -39.5784
-81.7031 -44.3666 -142.986 -42.2556 -109.97 -39.0991
-81.9147 -44.9173 -143.18 -42.3685 -110.337 -38.6156
-82.1268 -45.4699 -143.372 -42.4807 -110.701 -38.1278
-82.3395 -46.0243 -143.561 -42.592 -111.064 -37.6357
-82.5527 -46.5806 -143.748 -42.7025 -111.425 -37.1395
-82.7665 -47.1386 -143.933 -42.8122 -111.783 -36.6389
-82.9808 -47.6984 -144.115 -42.9209 -112.139 -36.1341
-83.1957 -48.26 -144.294 -43.0287 -112.493 -35.6251
-83.4111 -48.8233 -144.471 -43.1356 -112.845 -35.1118
-83.6271 -49.3884 -144.645 -43.2416 -113.195 -34.5942
-83.8435 -49.9553 -144.817 -43.3466 -113.542 -34.0724
-84.0605 -50.5238 -144.986 -43.4506 -113.887 -33.5464
-84.278 -51.0941 -145.152 -43.5535 -114.229 -33.016
-84.4961 -51.6661 -145.316 -43.6555 -114.569 -32.4815
-84.7146 -52.2398 -145.477 -43.7564 -114.906 -31.9427
-84.9336 -52.8152 -145.636 -43.8562 -115.24 -31.3996
-85.1531 -53.3922 -145.791 -43.955 -115.572 -30.8523
-85.3732 -53.9709 -145.944 -44.0526 -115.901 -30.3008
-85.5937 -54.5512 -146.094 -44.1491 -116.227 -29.7451
-85.8147 -55.1332 -146.242 -44.2444 -116.551 -29.1852
-86.0361 -55.7167 -146.386 -44.3386 -116.871 -28.6211
-86.258 -56.3019 -146.528 -44.4316 -117.188 -28.0529
-86.4804 -56.8886 -146.667 -44.5233 -117.503 -27.4804
-86.7033 -57.4769 -146.803 -44.6138 -117.814 -26.9038
-86.9266 -58.0667 -146.936 -44.7031 -118.122 -26.3231
-87.1503 -58.6581 -147.066 -44.791 -118.428 -25.7383
-87.3745 -59.251 -147.193 -44.8777 -118.729 -25.1494
-87.5991 -59.8454 -147.317 -44.963 -119.028 -24.5564
-87.8241 -60.4413 -147.439 -45.047 -119.323 -23.9593
-88.0496 -61.0386 -147.557 -45.1296 -119.614 -23.3582
-88.2754 -61.6374 -147.672 -45.2108 -119.903 -22.7532
-88.5017 -62.2377 -147.784 -45.2906 -120.187 -22.1441
-88.7283 -62.8393 -147.894 -45.3689 -120.468 -21.5311
-88.9553 -63.4423 -148 -45.4458 -120.745 -20.9141
-89.1828 -64.0468 -148.103 -45.5212 -121.019 -20.2933
-89.4106 -64.6525 -148.203 -45.5952 -121.289 -19.6685
-89.6387 -65.2596 -148.299 -45.6676 -121.555 -19.04
-89.8672 -65.8681 -148.393 -45.7384 -121.817 -18.4077
-90.0961 -66.4778 -148.483 -45.8078 -122.075 -17.7715
-90.3253 -67.0888 -148.571 -45.8755 -122.329 -17.1317
-90.5549 -67.7011 -148.655 -45.9416 -122.579 -16.4882
-90.7847 -68.3146 -148.736 -46.0061 -122.825 -15.841
-91.0149 -68.9293 -148.813 -46.0689 -123.067 -15.1902
-91.2454 -69.5453 -148.888 -46.1301 -123.304 -14.5358
-91.4762 -70.1624 -148.959 -46.1896 -123.538 -13.8779
-91.7073 -70.7806 -149.026 -46.2474 -123.766 -13.2165
-91.9387 -71.4 -149.091 -46.3035 -123.991 -12.5517
-92.1703 -72.0206 -149.152 -46.3578 -124.211 -11.8835
-92.4023 -72.6422 -149.21 -46.4104 -124.426 -11.2119
-92.6345 -73.2648 -149.264 -46.4611 -124.637 -10.5371
-92.8669 -73.8885 -149.315 -46.5101 -124.843 -9.85901
-93.0996 -74.5132 -149.363 -46.5573 -125.045 -9.17775
-93.3325 -75.139 -149.407 -46.6026 -125.241 -8.49335
-93.5656 -75.7657 -149.447 -46.6461 -125.433 -7.80588
-93.7989 -76.3933 -149.485 -46.6876 -125.621 -7.11539
-94.0325 -77.0219 -149.519 -46.7273 -125.803 -6.42194
-94.2662 -77.6513 -149.549 -46.7651 -125.98 -5.72559
-94.5001 -78.2817 -149.576 -46.801 -126.153 -5.02641
-94.7342 -78.9128 -149.599 -46.8349 -126.32 -4.32445
-94.9685 -79.5449 -149.619 -46.8669 -126.482 -3.61977
-95.2029 -80.1777 -149.635 -46.8969 -126.639 -2.91245
-95.4374 -80.8112 -149.648 -46.9249 -126.791 -2.20255
-95.6721 -81.4456 -149.658 -46.9509 -126.937 -1.49014
-95.9069 -82.0806 -149.663 -46.9749 -127.079 -0.775281
-96.1419 -82.7164 -149.665 -46.9968 -127.215 -0.0580511
-96.3769 -83.3528 -149.664 -47.0167 -127.346 0.66148
-96.612 -83.9898 -149.659 -47.0346 -127.471 1.38324
-96.8472 -84.6275 -149.65 -47.0504 -127.591 2.10716
-97.0825 -85.2657 -149.638 -47.0641 -127.705 2.83315
-97.3179 -85.9045 -149.622 -47.0757 -127.814 3.56115
-97.5533 -86.5439 -149.602 -47.0852 -127.917 4.29108
-97.7887 -87.1837 -149.579 -47.0925 -128.015 5.02286
-98.0242 -87.824 -149.552 -47.0978 -128.107 5.75641
-98.2597 -88.4648 -149.521 -47.1009 -128.193 6.49164
-98.4952 -89.1059 -149.487 -47.1019 -128.274 7.22849
-98.7307 -89.7475 -149.449 -47.1007 -128.349 7.96686
-98.9662 -90.3894 -149.407 -47.0973 -128.418 8.70668
-99.2017 -91.0317 -149.362 -47.0918 -128.481 9.44785
-99.4371 -91.6742 -149.313 -47.0841 -128.539 10.1903
-99.6725 -92.3171 -149.26 -47.0742 -128.591 10.9339
-99.9079 -92.9601 -149.203 -47.0621 -128.637 11.6787
-100.143 -93.6034 -149.143 -47.0479 -128.677 12.4244
-100.378 -94.2469 -149.079 -47.0314 -128.711 13.1711
-100.613 -94.8905 -149.011 -47.0127 -128.739 13.9187
-100.848 -95.5343 -148.94 -46.9918 -128.761 14.6669
-101.083 -96.1782 -148.865 -46.9687 -128.778 15.4159
-101.318 -96.8221 -148.786 -46.9434 -128.788 16.1654
-101.553 -97.466 -148.703 -46.9158 -128.793 16.9154
-101.787 -98.11 -148.617 -46.8861 -128.791 17.6658
-102.022 -98.7539 -148.526 -46.8541 -128.783 18.4165
-102.256 -99.3978 -148.432 -46.8199 -128.77 19.1674
-102.49 -100.042 -148.335 -46.7835 -128.75 19.9184
-102.724 -100.685 -148.233 -46.7449 -128.724 20.6694
-102.957 -101.329 -148.128 -46.704 -128.693 21.4204
-103.191 -101.972 -148.019 -46.661 -128.655 22.1712
-103.424 -102.615 -147.906 -46.6157 -128.611 22.9217
-103.657 -103.258 -147.79 -46.5682 -128.561 23.6719
-103.89 -103.901 -147.67 -46.5185 -128.505 24.4217
-104.122 -104.543 -147.546 -46.4667 -128.444 25.1709
-104.354 -105.185 -147.418 -46.4126 -128.376 25.9195
-104.586 -105.827 -147.286 -46.3563 -128.302 26.6674
-104.818 -106.468 -147.151 -46.2979 -128.222 27.4145
-105.049 -107.109 -147.012 -46.2373 -128.136 28.1607
-105.28 -107.75 -146.87 -46.1746 -128.044 28.9059
-105.511 -108.39 -146.723 -46.1096 -127.946 29.65
-105.741 -109.029 -146.573 -46.0426 -127.843 30.3929
-105.971 -109.668 -146.419 -45.9734 -127.733 31.1345
-106.201 -110.307 -146.262 -45.902 -127.617 31.8748
-106.43 -110.944 -146.101 -45.8286 -127.496 32.6137
-106.659 -111.582 -145.936 -45.753 -127.369 33.351
-106.888 -112.218 -145.767 -45.6754 -127.236 34.0867
-107.116 -112.854 -145.595 -45.5957 -127.097 34.8206
-107.344 -113.489 -145.419 -45.5139 -126.952 35.5528
-107.571 -114.123 -145.239 -45.4301 -126.801 36.2831
-107.798 -114.757 -145.056 -45.3442 -126.645 37.0114
-108.025 -115.39 -144.869 -45.2563 -126.483 37.7376
-108.251 -116.022 -144.679 -45.1664 -126.315 38.4617
-108.476 -116.653 -144.485 -45.0745 -126.142 39.1835
-108.701 -117.283 -144.287 -44.9806 -125.963 39.9031
-108.926 -117.913 -144.086 -44.8848 -125.779 40.6202
-109.15 -118.541 -143.881 -44.7871 -125.589 41.3349
-109.374 -119.169 -143.672 -44.6874 -125.394 42.047
-109.597 -119.795 -143.46 -44.5858 -125.193 42.7565
-109.82 -120.421 -143.245 -44.4823 -124.987 43.4632
-110.042 -121.045 -143.026 -44.3769 -124.775 44.1672
-110.264 -121.668 -142.803 -44.2697 -124.559 44.8683
-110.485 -122.291 -142.577 -44.1607 -124.336 45.5664
-110.705 -122.912 -142.347 -44.0499 -124.109 46.2616
-110.925 -123.532 -142.114 -43.9373 -123.877 46.9536
-111.145 -124.15 -141.878 -43.8229 -123.639 47.6425
-111.363 -124.768 -141.638 -43.7067 -123.397 48.3282
-111.582 -125.384 -141.394 -43.5889 -123.149 49.0106
-111.799 -126 -141.148 -43.4693 -122.897 49.6896
-112.016 -126.613 -140.898 -43.3481 -122.639 50.3651
-112.233 -127.226 -140.644 -43.2252 -122.377 51.0372
-112.449 -127.837 -140.387 -43.1007 -122.11 51.7057
-112.664 -128.447 -140.127 -42.9745 -121.838 52.3706
-112.878 -129.056 -139.864 -42.8468 -121.562 53.0319
-113.092 -129.663 -139.597 -42.7175 -121.28 53.6893
-113.306 -130.268 -139.327 -42.5867 -120.995 54.343
-113.518 -130.873 -139.053 -42.4544 -120.705 54.9929
-113.73 -131.475 -138.777 -42.3206 -120.41 55.6388
-113.941 -132.077 -138.497 -42.1853 -120.111 56.2807
-114.152 -132.676 -138.214 -42.0486 -119.808 56.9187
-114.362 -133.275 -137.928 -41.9104 -119.501 57.5526
-114.571 -133.871 -137.638 -41.7709 -119.189 58.1824
-114.78 -134.467 -137.346 -41.63 -118.874 58.808
-114.987 -135.06 -137.05 -41.4878 -118.554 59.4294
-115.194 -135.652 -136.752 -41.3442 -118.23 60.0466
-115.401 -136.243 -136.45 -41.1994 -117.902 60.6595
-115.606 -136.831 -136.145 -41.0533 -117.571 61.268
-115.811 -137.418 -135.837 -40.906 -117.236 61.8722
-116.016 -138.004 -135.526 -40.7574 -116.897 62.472
-116.219 -138.587 -135.212 -40.6077 -116.554 63.0673
-116.422 -139.169 -134.896 -40.4568 -116.208 63.6582
-116.623 -139.749 -134.576 -40.3048 -115.858 64.2445
-116.825 -140.328 -134.253 -40.1517 -115.505 64.8263
-117.025 -140.904 -133.928 -39.9975 -115.148 65.4035
-117.225 -141.479 -133.599 -39.8423 -114.788 65.9761
-117.423 -142.052 -133.268 -39.686 -114.425 66.5441
-117.621 -142.623 -132.934 -39.5287 -114.058 67.1074
-117.819 -143.193 -132.597 -39.3704 -113.689 67.666
-118.015 -143.76 -132.257 -39.2112 -113.316 68.22
-118.211 -144.326 -131.915 -39.0511 -112.941 68.7692
-118.406 -144.89 -131.569 -38.8901 -112.563 69.3136
-118.6 -145.452 -131.221 -38.7281 -112.181 69.8533
-118.793 -146.012 -130.871 -38.5654 -111.797 70.3882
-118.985 -146.57 -130.518 -38.4018 -111.411 70.9183
-119.177 -147.126 -130.162 -38.2374 -111.021 71.4435
-119.368 -147.68 -129.803 -38.0723 -110.629 71.964
-119.558 -148.232 -129.442 -37.9064 -110.235 72.4796
-119.747 -148.782 -129.078 -37.7398 -109.838 72.9903
-119.935 -149.33 -128.712 -37.5725 -109.439 73.4962
-120.123 -149.877 -128.343 -37.4045 -109.037 73.9972
-120.309 -150.421 -127.972 -37.2358 -108.633 74.4934
-120.495 -150.963 -127.598 -37.0666 -108.227 74.9846
-120.68 -151.503 -127.222 -36.8967 -107.819 75.471
-120.864 -152.041 -126.844 -36.7263 -107.409 75.9525
-121.047 -152.577 -126.463 -36.5553 -106.997 76.429
-121.229 -153.111 -126.079 -36.3837 -106.583 76.9007
-121.411 -153.643 -125.694 -36.2117 -106.167 77.3675
-121.592 -154.173 -125.306 -36.0392 -105.749 77.8294
-121.771 -154.7 -124.915 -35.8662 -105.329 78.2864
-121.95 -155.226 -124.523 -35.6928 -104.908 78.7385
-122.128 -155.749 -124.128 -35.519 -104.485 79.1858
-122.305 -156.271 -123.731 -35.3448 -104.061 79.6281
-122.482 -156.79 -123.332 -35.1702 -103.635 80.0656
-122.657 -157.307 -122.93 -34.9952 -103.208 80.4982
-122.832 -157.822 -122.527 -34.8199 -102.779 80.926
-123.005 -158.335 -122.121 -34.6443 -102.35 81.3489
-123.178 -158.846 -121.713 -34.4685 -101.918 81.767
-123.35 -159.354 -121.303 -34.2923 -101.486 82.1803
-123.521 -159.861 -120.892 -34.1159 -101.052 82.5887
-123.691 -160.365 -120.478 -33.9393 -100.618 82.9924
-123.86 -160.867 -120.062 -33.7625 -100.182 83.3912
-124.029 -161.367 -119.644 -33.5855 -99.7454 83.7853
-124.196 -161.864 -119.224 -33.4083 -99.3078 84.1747
-124.363 -162.36 -118.802 -33.231 -98.8693 84.5593
-124.529 -162.853 -118.378 -33.0535 -98.4301 84.9392
-124.693 -163.344 -117.953 -32.876 -97.99 85.3143
-124.857 -163.833 -117.525 -32.6983 -97.5492 85.6848
-125.02 -164.319 -117.096 -32.5206 -97.1078 86.0507
-125.183 -164.804 -116.664 -32.3428 -96.6657 86.4119
-125.344 -165.286 -116.232 -32.1649 -96.2231 86.7684
-125.504 -165.766 -115.797 -31.9871 -95.78 87.1204
-125.664 -166.244 -115.36 -31.8092 -95.3363 87.4677
-125.822 -166.719 -114.922 -31.6313 -94.8923 87.8105
-125.98 -167.193 -114.482 -31.4535 -94.4479 88.1488
-126.137 -167.664 -114.041 -31.2757 -94.0031 88.4826
-126.293 -168.133 -113.597 -31.098 -93.558 88.8118
-126.448 -168.599 -113.153 -30.9203 -93.1127 89.1366
-126.602 -169.064 -112.706 -30.7427 -92.6672 89.457
-126.755 -169.526 -112.258 -30.5652 -92.2216 89.7729
-126.908 -169.986 -111.808 -30.3879 -91.7758 90.0845
-127.059 -170.444 -111.357 -30.2106 -91.3299 90.3916
-127.21 -170.899 -110.904 -30.0336 -90.884 90.6945
-127.359 -171.353 -110.45 -29.8566 -90.4381 90.993
-127.508 -171.804 -109.994 -29.6799 -89.9922 91.2873
-127.656 -172.253 -109.537 -29.5033 -89.5465 91.5772
-127.803 -172.699 -109.079 -29.3269 -89.1008 91.863
-127.95 -173.144 -108.619 -29.1507 -88.6553 92.1445
-128.095 -173.586 -108.157 -28.9748 -88.21 92.4219
-128.239 -174.026 -107.694 -28.7991 -87.7649 92.6952
-128.383 -174.463 -107.23 -28.6236 -87.3201 92.9643
-128.525 -174.899 -106.765 -28.4484 -86.8755 93.2293
-128.667 -175.332 -106.298 -28.2734 -86.4313 93.4903
-128.808 -175.763 -105.83 -28.0988 -85.9875 93.7472
-128.948 -176.192 -105.361 -27.9244 -85.5441 94.0002
-129.087 -176.619 -104.89 -27.7503 -85.101 94.2492
-129.226 -177.043 -104.418 -27.5766 -84.6585 94.4942
-129.363 -177.465 -103.945 -27.4031 -84.2164 94.7354
-129.5 -177.885 -103.471 -27.23 -83.7748 94.9726
-129.636 -178.303 -102.995 -27.0572 -83.3338 95.206
-129.77 -178.719 -102.519 -26.8848 -82.8934 95.4356
-129.904 -179.132 -102.041 -26.7127 -82.4535 95.6615
-130.038 -179.543 -101.562 -26.541 -82.0143 95.8835
-130.17 -179.952 -101.082 -26.3697 -81.5758 96.1019
-130.301 -180.359 -100.601 -26.1988 -81.1379 96.3165
-130.432 -180.764 -100.119 -26.0282 -80.7007 96.5275
-130.561 -181.166 -99.6357 -25.8581 -80.2643 96.7349
-130.69 -181.566 -99.1515 -25.6883 -79.8286 96.9386
-130.818 -181.964 -98.6663 -25.519 -79.3937 97.1388
-130.946 -182.36 -98.1801 -25.3501 -78.9596 97.3355
-131.072 -182.754 -97.693 -25.1816 -78.5263 97.5287
-131.197 -183.145 -97.2049 -25.0136 -78.0939 97.7183
-131.322 -183.535 -96.7158 -24.846 -77.6623 97.9046
-131.446 -183.922 -96.2258 -24.6788 -77.2316 98.0874
-131.569 -184.307 -95.7349 -24.5121 -76.8019 98.2669
-131.691 -184.69 -95.2431 -24.3459 -76.373 98.443
-131.812 -185.071 -94.7505 -24.1801 -75.9451 98.6158
-131.933 -185.449 -94.257 -24.0149 -75.5182 98.7853
-132.052 -185.826 -93.7626 -23.85 -75.0922 98.9515
-132.171 -186.2 -93.2675 -23.6857 -74.6673 99.1146
-132.289 -186.573 -92.7715 -23.5219 -74.2433 99.2744
-132.406 -186.943 -92.2747 -23.3585 -73.8204 99.4311
-132.523 -187.311 -91.7772 -23.1957 -73.3986 99.5846
-132.638 -187.677 -91.2789 -23.0333 -72.9778 99.7351
-132.753 -188.041 -90.7798 -22.8715 -72.5581 99.8825
-132.867 -188.402 -90.2801 -22.7102 -72.1395 100.027
-132.98 -188.762 -89.7796 -22.5494 -71.7219 100.168
-133.093 -189.12 -89.2784 -22.3891 -71.3056 100.306
-133.204 -189.475 -88.7765 -22.2293 -70.8903 100.442
-133.315 -189.829 -88.274 -22.0701 -70.4762 100.574
-133.425 -190.18 -87.7708 -21.9113 -70.0633 100.704
-133.534 -190.529 -87.2669 -21.7532 -69.6515 100.831
-133.642 -190.876 -86.7625 -21.5955 -69.2409 100.955
-133.75 -191.222 -86.2574 -21.4384 -68.8315 101.076
-133.857 -191.565 -85.7517 -21.2819 -68.4234 101.194
-133.963 -191.906 -85.2454 -21.1259 -68.0164 101.31
-134.068 -192.245 -84.7386 -20.9704 -67.6107 101.422
-134.173 -192.582 -84.2312 -20.8155 -67.2062 101.533
-134.276 -192.917 -83.7233 -20.6611 -66.8029 101.64
-134.379 -193.25 -83.2148 -20.5073 -66.4009 101.745
-134.481 -193.581 -82.7058 -20.3541 -66.0002 101.847
-134.583 -193.91 -82.1963 -20.2014 -65.6008 101.947
-134.683 -194.237 -81.6864 -20.0492 -65.2026 102.044
-134.783 -194.562 -81.1759 -19.8977 -64.8057 102.139
-134.882 -194.885 -80.665 -19.7467 -64.4101 102.231
-134.981 -195.206 -80.1536 -19.5962 -64.0158 102.321
-135.078 -195.525 -79.6418 -19.4464 -63.6228 102.408
-135.175 -195.842 -79.1295 -19.2971 -63.2311 102.493
-135.271 -196.157 -78.6168 -19.1483 -62.8408 102.575
-135.367 -196.471 -78.1038 -19.0002 -62.4518 102.655
-135.461 -196.782 -77.5903 -18.8526 -62.0641 102.733
-135.555 -197.091 -77.0764 -18.7056 -61.6777 102.809
-135.648 -197.399 -76.5622 -18.5591 -61.2927 102.882
-135.741 -197.704 -76.0476 -18.4133 -60.909 102.953
-135.832 -198.008 -75.5327 -18.268 -60.5267 103.021
-135.923 -198.31 -75.0174 -18.1233 -60.1458 103.088
-136.014 -198.609 -74.5018 -17.9791 -59.7661 103.152
-136.103 -198.907 -73.9859 -17.8356 -59.3879 103.215
-136.192 -199.203 -73.4696 -17.6926 -59.011 103.275
-136.28 -199.497 -72.9531 -17.5502 -58.6355 103.333
-136.367 -199.79 -72.4363 -17.4083 -58.2614 103.388
-136.454 -200.08 -71.9192 -17.2671 -57.8886 103.442
-136.54 -200.368 -71.4019 -17.1264 -57.5172 103.494
-136.625 -200.655 -70.8843 -16.9863 -57.1472 103.544
-136.71 -200.94 -70.3665 -16.8468 -56.7786 103.592
-136.794 -201.223 -69.8484 -16.7078 -56.4113 103.637
-136.877 -201.504 -69.3301 -16.5694 -56.0454 103.681
-136.96 -201.783 -68.8116 -16.4316 -55.681 103.723
-137.041 -202.061 -68.2928 -16.2944 -55.3179 103.763
-137.123 -202.337 -67.7739 -16.1578 -54.9561 103.802
-137.203 -202.61 -67.2548 -16.0217 -54.5958 103.838
-137.283 -202.882 -66.7355 -15.8862 -54.2369 103.873
-137.362 -203.153 -66.2161 -15.7513 -53.8793 103.905
-137.44 -203.421 -65.6965 -15.6169 -53.5231 103.936
-137.518 -203.688 -65.1767 -15.4831 -53.1684 103.966
-137.595 -203.953 -64.6568 -15.3499 -52.815 103.993
-137.672 -204.216 -64.1368 -15.2173 -52.463 104.019
-137.747 -204.478 -63.6166 -15.0852 -52.1124 104.043
-137.822 -204.737 -63.0964 -14.9537 -51.7631 104.065
-137.897 -204.995 -62.576 -14.8227 -51.4153 104.086
-137.971 -205.251 -62.0555 -14.6924 -51.0688 104.105
-138.044 -205.506 -61.5349 -14.5626 -50.7237 104.123
-138.116 -205.759 -61.0143 -14.4333 -50.38 104.138
-138.188 -206.01 -60.4936 -14.3046 -50.0377 104.153
-138.259 -206.259 -59.9728 -14.1765 -49.6968 104.165
-138.33 -206.507 -59.4519 -14.0489 -49.3572 104.177
-138.4 -206.753 -58.931 -13.9219 -49.019 104.186
-138.469 -206.997 -58.41 -13.7955 -48.6822 104.194
-138.538 -207.239 -57.8891 -13.6696 -48.3468 104.201
-138.606 -207.48 -57.368 -13.5442 -48.0127 104.206
-138.673 -207.72 -56.847 -13.4194 -47.68 104.21
-138.74 -207.957 -56.3259 -13.2952 -47.3487 104.212
-138.806 -208.193 -55.8049 -13.1715 -47.0187 104.213
-138.872 -208.427 -55.2838 -13.0484 -46.6901 104.213
-138.937 -208.66 -54.7627 -12.9258 -46.3628 104.211
-139.001 -208.891 -54.2417 -12.8037 -46.0369 104.208
-139.065 -209.12 -53.7207 -12.6822 -45.7124 104.203
-139.128 -209.348 -53.1997 -12.5613 -45.3892 104.198
-139.19 -209.574 -52.6787 -12.4409 -45.0674 104.19
-139.252 -209.799 -52.1577 -12.321 -44.7468 104.182
-139.313 -210.022 -51.6369 -12.2016 -44.4277 104.172
-139.374 -210.243 -51.116 -12.0828 -44.1099 104.161
-139.434 -210.463 -50.5953 -11.9645 -43.7934 104.149
-139.494 -210.681 -50.0745 -11.8468 -43.4782 104.135
-139.553 -210.898 -49.5539 -11.7296 -43.1644 104.121
-139.611 -211.113 -49.0333 -11.6129 -42.8518 104.105
-139.669 -211.326 -48.5128 -11.4967 -42.5406 104.088
-139.726 -211.538 -47.9925 -11.381 -42.2308 104.07
-139.783 -211.748 -47.4722 -11.2659 -41.9222 104.05
-139.839 -211.957 -46.952 -11.1513 -41.6149 104.03
-139.894 -212.165 -46.4319 -11.0372 -41.309 104.008
-139.949 -212.37 -45.9119 -10.9237 -41.0043 103.985
-140.003 -212.575 -45.392 -10.8106 -40.701 103.962
-140.057 -212.777 -44.8723 -10.6981 -40.3989 103.937
-140.11 -212.979 -44.3526 -10.586 -40.0982 103.911
-140.163 -213.178 -43.8331 -10.4745 -39.7987 103.884
-140.215 -213.377 -43.3138 -10.3635 -39.5005 103.856
-140.267 -213.573 -42.7946 -10.253 -39.2035 103.827
-140.318 -213.769 -42.2755 -10.143 -38.9079 103.796
-140.368 -213.962 -41.7566 -10.0334 -38.6135 103.765
-140.418 -214.155 -41.2379 -9.92442 -38.3204 103.733
-140.467 -214.346 -40.7193 -9.8159 -38.0285 103.7
-140.516 -214.535 -40.2009 -9.70788 -37.7379 103.666
-140.564 -214.723 -39.6826 -9.60034 -37.4485 103.631
-140.612 -214.909 -39.1646 -9.4933 -37.1604 103.595
-140.659 -215.095 -38.6467 -9.38674 -36.8736 103.559
-140.706 -215.278 -38.129 -9.28067 -36.5879 103.521
-140.752 -215.46 -37.6115 -9.17508 -36.3035 103.482
-140.798 -215.641 -37.0942 -9.06997 -36.0204 103.443
-140.843 -215.821 -36.577 -8.96535 -35.7384 103.402
-140.887 -215.999 -36.0601 -8.8612 -35.4577 103.361
-140.932 -216.175 -35.5434 -8.75752 -35.1782 103.319
-140.975 -216.35 -35.0269 -8.65432 -34.8999 103.276
-141.018 -216.524 -34.5107 -8.55159 -34.6228 103.232
-141.061 -216.697 -33.9946 -8.44932 -34.3469 103.188
-141.103 -216.868 -33.4788 -8.34753 -34.0722 103.142
-141.144 -217.037 -32.9632 -8.24619 -33.7986 103.096
-141.185 -217.206 -32.4478 -8.14533 -33.5263 103.049
-141.225 -217.373 -31.9327 -8.04492 -33.2552 103.002
-141.265 -217.538 -31.4178 -7.94497 -32.9852 102.953
-141.305 -217.702 -30.9032 -7.84547 -32.7164 102.904
-141.344 -217.865 -30.3888 -7.74643 -32.4488 102.854
-141.382 -218.027 -29.8746 -7.64784 -32.1823 102.803
-141.42 -218.187 -29.3607 -7.5497 -31.917 102.752
-141.458 -218.346 -28.8471 -7.45201 -31.6528 102.7
-141.495 -218.504 -28.3337 -7.35476 -31.3898 102.647
-141.531 -218.66 -27.8206 -7.25796 -31.128 102.593
-141.567 -218.815 -27.3078 -7.1616 -30.8672 102.539
-141.603 -218.969 -26.7953 -7.06567 -30.6076 102.484
-141.638 -219.121 -26.283 -6.97019 -30.3491 102.429
-141.673 -219.272 -25.771 -6.87514 -30.0918 102.372
-141.707 -219.422 -25.2592 -6.78052 -29.8356 102.315
-141.741 -219.571 -24.7478 -6.68633 -29.5804 102.258
-141.774 -219.718 -24.2367 -6.59257 -29.3264 102.2
-141.806 -219.864 -23.7258 -6.49924 -29.0735 102.141
-141.839 -220.009 -23.2153 -6.40633 -28.8217 102.082
-141.871 -220.152 -22.705 -6.31385 -28.571 102.022
-141.902 -220.294 -22.195 -6.22179 -28.3214 101.961
-141.933 -220.435 -21.6854 -6.13014 -28.0728 101.9
-141.963 -220.575 -21.176 -6.03891 -27.8254 101.838
-141.993 -220.714 -20.667 -5.94809 -27.579 101.776
-142.023 -220.851 -20.1583 -5.85769 -27.3337 101.713
-142.052 -220.987 -19.6499 -5.76769 -27.0894 101.65
-142.08 -221.122 -19.1418 -5.67811 -26.8462 101.586
-142.109 -221.255 -18.634 -5.58893 -26.6041 101.521
-142.136 -221.388 -18.1266 -5.50015 -26.363 101.456
-142.164 -221.519 -17.6195 -5.41178 -26.1229 101.391
-142.19 -221.649 -17.1127 -5.3238 -25.8839 101.324
-142.217 -221.778 -16.6062 -5.23622 -25.646 101.258
-142.243 -221.905 -16.1001 -5.14904 -25.409 101.191
-142.268 -222.032 -15.5943 -5.06226 -25.1731 101.123
-142.293 -222.157 -15.0889 -4.97586 -24.9382 101.055
-142.318 -222.281 -14.5838 -4.88986 -24.7043 100.987
-142.342 -222.404 -14.079 -4.80424 -24.4715 100.918
-142.366 -222.526 -13.5746 -4.71901 -24.2396 100.848
-142.389 -222.647 -13.0705 -4.63416 -24.0087 100.778
-142.412 -222.766 -12.5668 -4.54969 -23.7789 100.708
-142.435 -222.884 -12.0634 -4.46561 -23.55 100.637
-142.457 -223.002 -11.5604 -4.3819 -23.3221 100.566
-142.479 -223.118 -11.0578 -4.29857 -23.0952 100.494
-142.5 -223.233 -10.5555 -4.21561 -22.8693 100.422
-142.521 -223.346 -10.0536 -4.13302 -22.6443 100.349
