-25 100 50 0 0 -49
-25.0001 99.9998 49.7549 -0.0239198 -0.066524 -49.0407
-25.0002 99.9993 49.5096 -0.0478827 -0.133166 -49.0815
-25.0005 99.9985 49.2641 -0.0718888 -0.199927 -49.1222
-25.001 99.9973 49.0184 -0.0959382 -0.266806 -49.1629
-25.0015 99.9958 48.7725 -0.120031 -0.333804 -49.2037
-25.0022 99.994 48.5263 -0.144167 -0.400921 -49.2444
-25.0029 99.9918 48.28 -0.168347 -0.468158 -49.2851
-25.0038 99.9893 48.0335 -0.192571 -0.535515 -49.3259
-25.0049 99.9865 47.7868 -0.216838 -0.602992 -49.3666
-25.006 99.9833 47.5398 -0.24115 -0.67059 -49.4073
-25.0073 99.9798 47.2927 -0.265505 -0.738308 -49.448
-25.0087 99.9759 47.0453 -0.289904 -0.806148 -49.4888
-25.0102 99.9717 46.7978 -0.314348 -0.87411 -49.5295
-25.0118 99.9672 46.55 -0.338836 -0.942193 -49.5702
-25.0136 99.9623 46.3021 -0.363369 -1.0104 -49.6109
-25.0154 99.9571 46.0539 -0.387946 -1.07873 -49.6516
-25.0174 99.9515 45.8056 -0.412567 -1.14718 -49.6924
-25.0196 99.9456 45.557 -0.437234 -1.21575 -49.7331
-25.0218 99.9393 45.3082 -0.461945 -1.28445 -49.7738
-25.0242 99.9327 45.0593 -0.486701 -1.35327 -49.8145
-25.0267 99.9258 44.8101 -0.511502 -1.42222 -49.8552
-25.0293 99.9185 44.5607 -0.536349 -1.49129 -49.8959
-25.032 99.9109 44.3111 -0.561241 -1.56048 -49.9366
-25.0349 99.9029 44.0614 -0.586178 -1.62981 -49.9773
-25.0379 99.8946 43.8114 -0.611161 -1.69925 -50.018
-25.041 99.8859 43.5612 -0.636189 -1.76882 -50.0587
-25.0443 99.8769 43.3108 -0.661263 -1.83852 -50.0994
-25.0476 99.8675 43.0602 -0.686383 -1.90835 -50.1401
-25.0511 99.8578 42.8094 -0.711549 -1.9783 -50.1808
-25.0548 99.8478 42.5584 -0.736761 -2.04838 -50.2215
-25.0585 99.8373 42.3072 -0.762019 -2.11859 -50.2622
-25.0624 99.8266 42.0557 -0.787323 -2.18893 -50.3028
-25.0664 99.8154 41.8041 -0.812674 -2.25939 -50.3435
-25.0705 99.804 41.5523 -0.838071 -2.32998 -50.3842
-25.0748 99.7921 41.3003 -0.863515 -2.40071 -50.4249
-25.0791 99.78 41.0481 -0.889006 -2.47156 -50.4656
-25.0836 99.7674 40.7956 -0.914543 -2.54254 -50.5062
-25.0883 99.7545 40.543 -0.940127 -2.61365 -50.5469
-25.093 99.7413 40.2902 -0.965759 -2.68489 -50.5875
-25.0979 99.7277 40.0371 -0.991438 -2.75627 -50.6282
-25.103 99.7137 39.7839 -1.01716 -2.82777 -50.6689
-25.1081 99.6994 39.5304 -1.04294 -2.89941 -50.7095
-25.1134 99.6847 39.2768 -1.06876 -2.97118 -50.7502
-25.1188 99.6697 39.0229 -1.09463 -3.04308 -50.7908
-25.1243 99.6543 38.7689 -1.12054 -3.11511 -50.8314
-25.13 99.6386 38.5146 -1.14651 -3.18728 -50.8721
-25.1358 99.6224 38.2602 -1.17252 -3.25958 -50.9127
-25.1417 99.606 38.0055 -1.19858 -3.33201 -50.9533
-25.1478 99.5891 37.7506 -1.22469 -3.40458 -50.994
-25.154 99.5719 37.4956 -1.25085 -3.47729 -51.0346
-25.1603 99.5543 37.2403 -1.27705 -3.55012 -51.0752
-25.1667 99.5364 36.9848 -1.30331 -3.6231 -51.1158
-25.1733 99.5181 36.7291 -1.32961 -3.69621 -51.1564
-25.18 99.4994 36.4732 -1.35596 -3.76945 -51.197
-25.1869 99.4804 36.2171 -1.38236 -3.84284 -51.2376
-25.1939 99.461 35.9609 -1.40881 -3.91636 -51.2782
-25.201 99.4413 35.7044 -1.43531 -3.99001 -51.3188
-25.2082 99.4211 35.4477 -1.46186 -4.06381 -51.3594
-25.2156 99.4006 35.1908 -1.48846 -4.13774 -51.4
-25.2231 99.3797 34.9337 -1.5151 -4.21181 -51.4406
-25.2307 99.3585 34.6764 -1.5418 -4.28602 -51.4811
-25.2385 99.3369 34.4189 -1.56855 -4.36037 -51.5217
-25.2464 99.3149 34.1611 -1.59534 -4.43486 -51.5623
-25.2545 99.2925 33.9032 -1.62219 -4.50949 -51.6028
-25.2627 99.2698 33.6451 -1.64909 -4.58426 -51.6434
-25.271 99.2467 33.3868 -1.67603 -4.65917 -51.6839
-25.2794 99.2232 33.1283 -1.70303 -4.73423 -51.7244
-25.288 99.1993 32.8696 -1.73008 -4.80942 -51.765
-25.2967 99.1751 32.6106 -1.75718 -4.88476 -51.8055
-25.3056 99.1505 32.3515 -1.78433 -4.96024 -51.846
-25.3146 99.1255 32.0922 -1.81153 -5.03586 -51.8865
-25.3237 99.1001 31.8326 -1.83878 -5.11162 -51.927
-25.3329 99.0744 31.5729 -1.86609 -5.18753 -51.9675
-25.3423 99.0483 31.313 -1.89344 -5.26358 -52.008
-25.3519 99.0218 31.0528 -1.92085 -5.33978 -52.0485
-25.3616 98.9949 30.7925 -1.9483 -5.41613 -52.089
-25.3714 98.9676 30.5319 -1.97581 -5.49261 -52.1295
-25.3813 98.9399 30.2712 -2.00337 -5.56925 -52.1699
-25.3914 98.9119 30.0102 -2.03099 -5.64603 -52.2104
-25.4016 98.8835 29.7491 -2.05865 -5.72296 -52.2508
-25.412 98.8547 29.4877 -2.08637 -5.80003 -52.2913
-25.4225 98.8255 29.2262 -2.11414 -5.87725 -52.3317
-25.4331 98.7959 28.9644 -2.14196 -5.95462 -52.3722
-25.4439 98.7659 28.7024 -2.16984 -6.03214 -52.4126
-25.4548 98.7356 28.4403 -2.19777 -6.10981 -52.453
-25.4659 98.7048 28.1779 -2.22575 -6.18762 -52.4934
-25.4771 98.6737 27.9153 -2.25378 -6.26559 -52.5338
-25.4884 98.6422 27.6526 -2.28187 -6.34371 -52.5742
-25.4999 98.6103 27.3896 -2.31001 -6.42197 -52.6146
-25.5115 98.578 27.1264 -2.3382 -6.50039 -52.655
-25.5233 98.5453 26.8631 -2.36645 -6.57896 -52.6953
-25.5352 98.5122 26.5995 -2.39475 -6.65768 -52.7357
-25.5472 98.4787 26.3357 -2.42311 -6.73656 -52.776
-25.5594 98.4448 26.0717 -2.45152 -6.81558 -52.8164
-25.5717 98.4105 25.8075 -2.47998 -6.89476 -52.8567
-25.5842 98.3759 25.5431 -2.5085 -6.9741 -52.897
-25.5968 98.3408 25.2786 -2.53707 -7.05358 -52.9373
-25.6096 98.3053 25.0138 -2.5657 -7.13323 -52.9776
-25.6225 98.2695 24.7488 -2.59438 -7.21302 -53.0179
-25.6355 98.2332 24.4836 -2.62312 -7.29298 -53.0582
-25.6487 98.1965 24.2182 -2.65191 -7.37308 -53.0985
-25.6621 98.1595 23.9526 -2.68075 -7.45335 -53.1387
-25.6755 98.122 23.6868 -2.70966 -7.53377 -53.179
-25.6891 98.0841 23.4208 -2.73861 -7.61435 -53.2192
-25.7029 98.0458 23.1546 -2.76763 -7.69509 -53.2595
-25.7168 98.0072 22.8882 -2.7967 -7.77598 -53.2997
-25.7309 97.9681 22.6216 -2.82582 -7.85704 -53.3399
-25.7451 97.9286 22.3548 -2.855 -7.93825 -53.3801
-25.7594 97.8887 22.0878 -2.88424 -8.01962 -53.4203
-25.7739 97.8484 21.8206 -2.91353 -8.10116 -53.4605
-25.7886 97.8077 21.5532 -2.94288 -8.18285 -53.5006
-25.8034 97.7666 21.2856 -2.97229 -8.26471 -53.5408
-25.8183 97.725 21.0178 -3.00175 -8.34672 -53.5809
-25.8334 97.6831 20.7498 -3.03127 -8.4289 -53.6211
-25.8486 97.6408 20.4816 -3.06085 -8.51124 -53.6612
-25.864 97.598 20.2132 -3.09048 -8.59375 -53.7013
-25.8795 97.5548 19.9446 -3.12017 -8.67641 -53.7414
-25.8952 97.5112 19.6758 -3.14992 -8.75925 -53.7815
-25.911 97.4672 19.4068 -3.17973 -8.84224 -53.8215
-25.927 97.4228 19.1376 -3.20959 -8.9254 -53.8616
-25.9431 97.378 18.8682 -3.23952 -9.00873 -53.9016
-25.9594 97.3327 18.5985 -3.2695 -9.09222 -53.9417
-25.9758 97.2871 18.3287 -3.29954 -9.17588 -53.9817
-25.9924 97.241 18.0587 -3.32964 -9.25971 -54.0217
-26.0091 97.1945 17.7885 -3.35979 -9.3437 -54.0617
-26.026 97.1475 17.5181 -3.39001 -9.42786 -54.1017
-26.043 97.1002 17.2475 -3.42028 -9.51219 -54.1416
-26.0602 97.0524 16.9767 -3.45062 -9.59669 -54.1816
-26.0775 97.0042 16.7057 -3.48101 -9.68136 -54.2215
-26.095 96.9556 16.4345 -3.51146 -9.7662 -54.2614
-26.1126 96.9065 16.1631 -3.54197 -9.85121 -54.3013
-26.1304 96.8571 15.8915 -3.57254 -9.93639 -54.3412
-26.1483 96.8072 15.6197 -3.60317 -10.0217 -54.3811
-26.1664 96.7569 15.3477 -3.63387 -10.1073 -54.4209
-26.1847 96.7061 15.0755 -3.66462 -10.193 -54.4608
-26.2031 96.6549 14.8031 -3.69543 -10.2788 -54.5006
-26.2216 96.6033 14.5304 -3.7263 -10.3649 -54.5404
-26.2403 96.5513 14.2576 -3.75723 -10.4511 -54.5802
-26.2592 96.4988 13.9846 -3.78823 -10.5375 -54.62
-26.2782 96.4459 13.7114 -3.81928 -10.624 -54.6598
-26.2974 96.3926 13.438 -3.8504 -10.7108 -54.6995
-26.3167 96.3388 13.1645 -3.88158 -10.7977 -54.7392
-26.3362 96.2846 12.8907 -3.91282 -10.8848 -54.7789
-26.3559 96.23 12.6167 -3.94412 -10.9721 -54.8186
-26.3757 96.1749 12.3425 -3.97548 -11.0595 -54.8583
-26.3956 96.1194 12.0681 -4.00691 -11.1471 -54.898
-26.4157 96.0634 11.7935 -4.03839 -11.235 -54.9376
-26.436 96.007 11.5187 -4.06994 -11.3229 -54.9772
-26.4564 95.9502 11.2437 -4.10155 -11.4111 -55.0168
-26.477 95.8929 10.9685 -4.13323 -11.4995 -55.0564
-26.4978 95.8352 10.6932 -4.16497 -11.588 -55.096
-26.5187 95.777 10.4176 -4.19677 -11.6767 -55.1355
-26.5397 95.7184 10.1418 -4.22863 -11.7656 -55.175
-26.5609 95.6594 9.86582 -4.26056 -11.8547 -55.2145
-26.5823 95.5999 9.58965 -4.29255 -11.9439 -55.254
-26.6039 95.5399 9.31328 -4.32461 -12.0334 -55.2935
-26.6256 95.4795 9.03672 -4.35673 -12.123 -55.3329
-26.6474 95.4187 8.75996 -4.38891 -12.2128 -55.3723
-26.6695 95.3574 8.48299 -4.42116 -12.3028 -55.4117
-26.6916 95.2957 8.20584 -4.45347 -12.393 -55.4511
-26.714 95.2335 7.92848 -4.48585 -12.4834 -55.4905
-26.7365 95.1708 7.65093 -4.51829 -12.5739 -55.5298
-26.7592 95.1077 7.37319 -4.5508 -12.6647 -55.5691
-26.782 95.0442 7.09524 -4.58337 -12.7556 -55.6084
-26.805 94.9802 6.8171 -4.61601 -12.8467 -55.6477
-26.8282 94.9157 6.53876 -4.64871 -12.938 -55.6869
-26.8515 94.8508 6.26023 -4.68148 -13.0295 -55.7261
-26.875 94.7854 5.9815 -4.71432 -13.1212 -55.7653
-26.8986 94.7196 5.70258 -4.74722 -13.2131 -55.8045
-26.9225 94.6533 5.42346 -4.78019 -13.3052 -55.8437
-26.9464 94.5865 5.14414 -4.81322 -13.3975 -55.8828
-26.9706 94.5193 4.86463 -4.84633 -13.4899 -55.9219
-26.9949 94.4516 4.58492 -4.87949 -13.5826 -55.961
-27.0194 94.3835 4.30502 -4.91273 -13.6754 -56
-27.044 94.3149 4.02492 -4.94603 -13.7685 -56.039
-27.0689 94.2458 3.74463 -4.9794 -13.8617 -56.078
-27.0938 94.1763 3.46414 -5.01284 -13.9552 -56.117
-27.119 94.1063 3.18346 -5.04635 -14.0488 -56.1559
-27.1443 94.0358 2.90258 -5.07993 -14.1426 -56.1949
-27.1698 93.9648 2.62151 -5.11357 -14.2367 -56.2338
-27.1954 93.8934 2.34025 -5.14728 -14.3309 -56.2726
-27.2213 93.8215 2.05878 -5.18106 -14.4253 -56.3115
-27.2472 93.7492 1.77713 -5.21491 -14.52 -56.3503
-27.2734 93.6763 1.49528 -5.24883 -14.6148 -56.389
-27.2997 93.603 1.21324 -5.28282 -14.7098 -56.4278
-27.3262 93.5292 0.931004 -5.31688 -14.8051 -56.4665
-27.3529 93.455 0.648574 -5.351 -14.9005 -56.5052
-27.3797 93.3802 0.365952 -5.3852 -14.9961 -56.5439
-27.4068 93.305 0.0831356 -5.41947 -15.092 -56.5825
-27.4339 93.2293 -0.199873 -5.45381 -15.188 -56.6211
-27.4613 93.1531 -0.483076 -5.48822 -15.2843 -56.6597
-27.4888 93.0765 -0.76647 -5.5227 -15.3807 -56.6982
-27.5165 92.9993 -1.05006 -5.55725 -15.4774 -56.7367
-27.5444 92.9217 -1.33384 -5.59187 -15.5743 -56.7752
-27.5724 92.8436 -1.61781 -5.62657 -15.6713 -56.8136
-27.6007 92.765 -1.90197 -5.66133 -15.7686 -56.852
-27.629 92.6859 -2.18633 -5.69617 -15.8661 -56.8904
-27.6576 92.6063 -2.47088 -5.73108 -15.9638 -56.9288
-27.6864 92.5262 -2.75562 -5.76606 -16.0618 -56.9671
-27.7153 92.4457 -3.04055 -5.80112 -16.1599 -57.0054
-27.7444 92.3646 -3.32567 -5.83625 -16.2582 -57.0436
-27.7736 92.2831 -3.61099 -5.87145 -16.3568 -57.0818
-27.8031 92.2011 -3.89649 -5.90672 -16.4555 -57.12
-27.8327 92.1185 -4.18219 -5.94207 -16.5545 -57.1581
-27.8625 92.0355 -4.46807 -5.97749 -16.6537 -57.1962
-27.8925 91.952 -4.75415 -6.01299 -16.7531 -57.2343
-27.9226 91.868 -5.04041 -6.04856 -16.8527 -57.2723
-27.953 91.7835 -5.32687 -6.0842 -16.9526 -57.3103
-27.9835 91.6985 -5.61352 -6.11992 -17.0526 -57.3482
-28.0142 91.613 -5.90035 -6.15571 -17.1529 -57.3861
-28.045 91.5269 -6.18738 -6.19158 -17.2534 -57.424
-28.0761 91.4404 -6.47459 -6.22753 -17.3541 -57.4618
-28.1073 91.3534 -6.762 -6.26355 -17.455 -57.4996
-28.1387 91.2659 -7.04959 -6.29964 -17.5562 -57.5374
-28.1703 91.1778 -7.33737 -6.33582 -17.6576 -57.5751
-28.2021 91.0893 -7.62534 -6.37206 -17.7592 -57.6128
-28.234 91.0002 -7.9135 -6.40839 -17.861 -57.6504
-28.2662 90.9107 -8.20185 -6.44479 -17.963 -57.688
-28.2985 90.8206 -8.49038 -6.48127 -18.0653 -57.7255
-28.331 90.73 -8.7791 -6.51783 -18.1678 -57.763
-28.3637 90.6389 -9.06801 -6.55446 -18.2705 -57.8005
-28.3965 90.5473 -9.35711 -6.59118 -18.3735 -57.8379
-28.4296 90.4552 -9.64639 -6.62797 -18.4766 -57.8753
-28.4628 90.3626 -9.93586 -6.66483 -18.58 -57.9126
-28.4962 90.2694 -10.2255 -6.70178 -18.6837 -57.9499
-28.5298 90.1757 -10.5154 -6.73881 -18.7875 -57.9871
-28.5636 90.0815 -10.8054 -6.77591 -18.8916 -58.0243
-28.5976 89.9868 -11.0956 -6.8131 -18.9959 -58.0614
-28.6317 89.8916 -11.386 -6.85036 -19.1005 -58.0985
-28.6661 89.7958 -11.6766 -6.88771 -19.2053 -58.1356
-28.7006 89.6995 -11.9674 -6.92513 -19.3103 -58.1726
-28.7353 89.6027 -12.2583 -6.96264 -19.4155 -58.2095
-28.7702 89.5054 -12.5495 -7.00023 -19.521 -58.2464
-28.8053 89.4075 -12.8408 -7.03789 -19.6267 -58.2832
-28.8406 89.3091 -13.1323 -7.07564 -19.7327 -58.32
-28.8761 89.2102 -13.424 -7.11347 -19.8389 -58.3568
-28.9117 89.1107 -13.7159 -7.15139 -19.9453 -58.3935
-28.9476 89.0107 -14.0079 -7.18938 -20.052 -58.4301
-28.9836 88.9102 -14.3002 -7.22746 -20.1589 -58.4667
-29.0199 88.8091 -14.5926 -7.26562 -20.2661 -58.5032
-29.0563 88.7075 -14.8852 -7.30386 -20.3735 -58.5397
-29.0929 88.6054 -15.178 -7.34219 -20.4811 -58.5761
-29.1297 88.5027 -15.4709 -7.3806 -20.589 -58.6125
-29.1667 88.3995 -15.7641 -7.41909 -20.6971 -58.6488
-29.2039 88.2957 -16.0574 -7.45767 -20.8055 -58.6851
-29.2413 88.1914 -16.351 -7.49633 -20.9141 -58.7212
-29.2789 88.0866 -16.6446 -7.53508 -21.023 -58.7574
-29.3166 87.9812 -16.9385 -7.57391 -21.1321 -58.7935
-29.3546 87.8753 -17.2326 -7.61283 -21.2414 -58.8295
-29.3928 87.7688 -17.5268 -7.65183 -21.351 -58.8654
-29.4311 87.6618 -17.8212 -7.69092 -21.4609 -58.9013
-29.4697 87.5542 -18.1158 -7.7301 -21.571 -58.9372
-29.5084 87.4461 -18.4106 -7.76936 -21.6813 -58.973
-29.5474 87.3374 -18.7056 -7.80871 -21.7919 -59.0087
-29.5865 87.2281 -19.0007 -7.84815 -21.9028 -59.0443
-29.6259 87.1183 -19.296 -7.88768 -22.0139 -59.0799
-29.6654 87.008 -19.5915 -7.92729 -22.1253 -59.1154
-29.7051 86.8971 -19.8872 -7.96699 -22.2369 -59.1509
-29.7451 86.7856 -20.183 -8.00678 -22.3488 -59.1863
-29.7852 86.6736 -20.479 -8.04666 -22.4609 -59.2216
-29.8255 86.561 -20.7752 -8.08663 -22.5733 -59.2568
-29.8661 86.4479 -21.0716 -8.12669 -22.686 -59.292
-29.9068 86.3342 -21.3681 -8.16684 -22.7989 -59.3272
-29.9477 86.2199 -21.6649 -8.20708 -22.9121 -59.3622
-29.9889 86.105 -21.9618 -8.24741 -23.0255 -59.3972
-30.0302 85.9896 -22.2588 -8.28783 -23.1392 -59.4321
-30.0717 85.8737 -22.5561 -8.32834 -23.2532 -59.4669
-30.1135 85.7571 -22.8535 -8.36895 -23.3674 -59.5017
-30.1554 85.64 -23.1511 -8.40964 -23.4819 -59.5364
-30.1976 85.5223 -23.4489 -8.45043 -23.5967 -59.571
-30.2399 85.404 -23.7468 -8.49131 -23.7117 -59.6055
-30.2825 85.2852 -24.0449 -8.53229 -23.827 -59.64
-30.3253 85.1657 -24.3432 -8.57336 -23.9426 -59.6744
-30.3682 85.0457 -24.6417 -8.61452 -24.0584 -59.7087
-30.4114 84.9252 -24.9403 -8.65578 -24.1746 -59.7429
-30.4548 84.804 -25.2391 -8.69713 -24.2909 -59.777
-30.4984 84.6822 -25.5381 -8.73858 -24.4076 -59.8111
-30.5422 84.5599 -25.8372 -8.78012 -24.5245 -59.8451
-30.5862 84.437 -26.1365 -8.82176 -24.6418 -59.879
-30.6304 84.3135 -26.436 -8.8635 -24.7592 -59.9128
-30.6748 84.1894 -26.7356 -8.90533 -24.877 -59.9466
-30.7194 84.0647 -27.0355 -8.94727 -24.9951 -59.9802
-30.7643 83.9395 -27.3354 -8.98929 -25.1134 -60.0138
-30.8093 83.8136 -27.6356 -9.03142 -25.232 -60.0473
-30.8546 83.6871 -27.9359 -9.07365 -25.3509 -60.0807
-30.9001 83.5601 -28.2364 -9.11597 -25.4701 -60.114
-30.9458 83.4324 -28.5371 -9.1584 -25.5895 -60.1472
-30.9917 83.3042 -28.8379 -9.20092 -25.7092 -60.1803
-31.0378 83.1753 -29.1389 -9.24355 -25.8293 -60.2134
-31.0841 83.0459 -29.44 -9.28627 -25.9496 -60.2463
-31.1306 82.9158 -29.7413 -9.3291 -26.0702 -60.2792
-31.1774 82.7852 -30.0428 -9.37203 -26.1911 -60.3119
-31.2244 82.6539 -30.3444 -9.41506 -26.3123 -60.3446
-31.2715 82.5221 -30.6463 -9.4582 -26.4338 -60.3772
-31.3189 82.3896 -30.9482 -9.50143 -26.5555 -60.4096
-31.3666 82.2565 -31.2503 -9.54478 -26.6776 -60.442
-31.4144 82.1228 -31.5526 -9.58822 -26.7999 -60.4743
-31.4624 81.9885 -31.8551 -9.63177 -26.9226 -60.5065
-31.5107 81.8536 -32.1577 -9.67543 -27.0456 -60.5386
-31.5592 81.7181 -32.4605 -9.71919 -27.1688 -60.5706
-31.6079 81.5819 -32.7634 -9.76306 -27.2924 -60.6024
-31.6568 81.4451 -33.0665 -9.80703 -27.4162 -60.6342
-31.706 81.3077 -33.3698 -9.85111 -27.5404 -60.6659
-31.7553 81.1697 -33.6732 -9.8953 -27.6648 -60.6975
-31.8049 81.0311 -33.9767 -9.93959 -27.7896 -60.7289
-31.8547 80.8918 -34.2805 -9.98399 -27.9146 -60.7603
-31.9048 80.752 -34.5843 -10.0285 -28.04 -60.7916
-31.955 80.6114 -34.8884 -10.0731 -28.1657 -60.8227
-32.0055 80.4703 -35.1926 -10.1179 -28.2917 -60.8537
-32.0562 80.3285 -35.4969 -10.1627 -28.418 -60.8847
-32.1071 80.1861 -35.8014 -10.2076 -28.5446 -60.9155
-32.1583 80.0431 -36.1061 -10.2527 -28.6715 -60.9462
-32.2096 79.8994 -36.4109 -10.2979 -28.7987 -60.9768
-32.2612 79.7551 -36.7158 -10.3431 -28.9262 -61.0072
-32.3131 79.6101 -37.0209 -10.3885 -29.0541 -61.0376
-32.3651 79.4646 -37.3262 -10.434 -29.1822 -61.0678
-32.4174 79.3183 -37.6316 -10.4797 -29.3107 -61.0979
-32.4699 79.1714 -37.9372 -10.5254 -29.4395 -61.1279
-32.5227 79.0239 -38.2429 -10.5712 -29.5686 -61.1578
-32.5756 78.8758 -38.5488 -10.6172 -29.6981 -61.1875
-32.6288 78.7269 -38.8548 -10.6633 -29.8278 -61.2172
-32.6823 78.5775 -39.1609 -10.7094 -29.9579 -61.2467
-32.7359 78.4274 -39.4672 -10.7557 -30.0883 -61.276
-32.7898 78.2766 -39.7737 -10.8021 -30.219 -61.3053
-32.844 78.1252 -40.0803 -10.8487 -30.3501 -61.3344
-32.8983 77.9731 -40.387 -10.8953 -30.4814 -61.3634
-32.9529 77.8204 -40.6939 -10.9421 -30.6131 -61.3922
-33.0077 77.667 -41.001 -10.9889 -30.7451 -61.4209
-33.0628 77.5129 -41.3081 -11.0359 -30.8775 -61.4495
-33.1181 77.3582 -41.6155 -11.0831 -31.0102 -61.478
-33.1736 77.2028 -41.9229 -11.1303 -31.1432 -61.5063
-33.2294 77.0468 -42.2305 -11.1776 -31.2765 -61.5344
-33.2854 76.89 -42.5383 -11.2251 -31.4102 -61.5624
-33.3417 76.7327 -42.8461 -11.2727 -31.5442 -61.5903
-33.3981 76.5746 -43.1542 -11.3204 -31.6786 -61.6181
-33.4549 76.4159 -43.4623 -11.3682 -31.8133 -61.6456
-33.5118 76.2565 -43.7706 -11.4162 -31.9483 -61.6731
-33.569 76.0964 -44.0791 -11.4642 -32.0836 -61.7004
-33.6265 75.9356 -44.3876 -11.5124 -32.2194 -61.7275
-33.6841 75.7742 -44.6963 -11.5607 -32.3554 -61.7545
-33.7421 75.6121 -45.0052 -11.6092 -32.4918 -61.7813
-33.8002 75.4493 -45.3141 -11.6577 -32.6285 -61.808
-33.8586 75.2858 -45.6232 -11.7064 -32.7656 -61.8345
-33.9173 75.1216 -45.9325 -11.7552 -32.903 -61.8609
-33.9762 74.9568 -46.2419 -11.8042 -33.0408 -61.8871
-34.0353 74.7912 -46.5514 -11.8532 -33.1789 -61.9131
-34.0947 74.625 -46.861 -11.9024 -33.3174 -61.939
-34.1544 74.458 -47.1707 -11.9517 -33.4562 -61.9647
-34.2142 74.2904 -47.4806 -12.0011 -33.5954 -61.9902
-34.2744 74.1221 -47.7906 -12.0507 -33.7349 -62.0156
-34.3348 73.9531 -48.1008 -12.1004 -33.8748 -62.0408
-34.3954 73.7833 -48.4111 -12.1502 -34.0151 -62.0658
-34.4563 73.6129 -48.7214 -12.2002 -34.1557 -62.0907
-34.5174 73.4418 -49.032 -12.2503 -34.2967 -62.1154
-34.5788 73.2699 -49.3426 -12.3005 -34.438 -62.1399
-34.6404 73.0974 -49.6534 -12.3508 -34.5797 -62.1642
-34.7023 72.9241 -49.9642 -12.4013 -34.7217 -62.1883
-34.7644 72.7502 -50.2752 -12.4519 -34.8641 -62.2123
-34.8268 72.5755 -50.5864 -12.5026 -35.0069 -62.236
-34.8894 72.4001 -50.8976 -12.5535 -35.1501 -62.2596
-34.9523 72.224 -51.209 -12.6045 -35.2936 -62.283
-35.0155 72.0472 -51.5204 -12.6557 -35.4375 -62.3062
-35.0789 71.8696 -51.832 -12.7069 -35.5818 -62.3292
-35.1425 71.6914 -52.1437 -12.7583 -35.7264 -62.352
-35.2065 71.5124 -52.4555 -12.8099 -35.8714 -62.3746
-35.2706 71.3326 -52.7675 -12.8616 -36.0168 -62.397
-35.3351 71.1522 -53.0795 -12.9134 -36.1626 -62.4192
-35.3998 70.971 -53.3917 -12.9654 -36.3087 -62.4412
-35.4647 70.7891 -53.7039 -13.0175 -36.4553 -62.463
-35.5299 70.6065 -54.0163 -13.0697 -36.6022 -62.4846
-35.5954 70.4231 -54.3288 -13.1221 -36.7495 -62.506
-35.6612 70.239 -54.6414 -13.1746 -36.8972 -62.5271
-35.7272 70.0541 -54.954 -13.2273 -37.0452 -62.5481
-35.7934 69.8685 -55.2668 -13.2801 -37.1937 -62.5688
-35.86 69.6822 -55.5797 -13.333 -37.3426 -62.5893
-35.9268 69.4951 -55.8927 -13.3861 -37.4918 -62.6096
-35.9938 69.3073 -56.2058 -13.4394 -37.6414 -62.6297
-36.0612 69.1187 -56.519 -13.4927 -37.7915 -62.6496
-36.1288 68.9294 -56.8323 -13.5463 -37.9419 -62.6692
-36.1966 68.7393 -57.1457 -13.5999 -38.0927 -62.6886
-36.2648 68.5484 -57.4592 -13.6538 -38.2439 -62.7077
-36.3332 68.3568 -57.7728 -13.7077 -38.3956 -62.7266
-36.4018 68.1645 -58.0865 -13.7618 -38.5476 -62.7453
-36.4708 67.9713 -58.4002 -13.8161 -38.7 -62.7637
-36.54 67.7775 -58.7141 -13.8705 -38.8528 -62.7819
-36.6095 67.5828 -59.0281 -13.9251 -39.0061 -62.7999
-36.6792 67.3874 -59.3421 -13.9798 -39.1597 -62.8176
-36.7493 67.1912 -59.6562 -14.0347 -39.3138 -62.8351
-36.8196 66.9943 -59.9705 -14.0897 -39.4683 -62.8523
-36.8902 66.7965 -60.2848 -14.1449 -39.6231 -62.8692
-36.961 66.598 -60.5992 -14.2002 -39.7785 -62.8859
-37.0322 66.3988 -60.9136 -14.2557 -39.9342 -62.9023
-37.1036 66.1987 -61.2282 -14.3114 -40.0903 -62.9185
-37.1753 65.9979 -61.5428 -14.3672 -40.2469 -62.9344
-37.2473 65.7962 -61.8575 -14.4231 -40.4038 -62.9501
-37.3195 65.5938 -62.1723 -14.4792 -40.5612 -62.9654
-37.3921 65.3906 -62.4872 -14.5355 -40.7191 -62.9805
-37.4649 65.1866 -62.8021 -14.5919 -40.8773 -62.9953
-37.538 64.9818 -63.1171 -14.6485 -41.036 -63.0099
-37.6114 64.7763 -63.4322 -14.7053 -41.1951 -63.0241
-37.685 64.5699 -63.7474 -14.7622 -41.3547 -63.0381
-37.759 64.3627 -64.0626 -14.8193 -41.5146 -63.0518
-37.8332 64.1547 -64.3779 -14.8766 -41.675 -63.0652
-37.9078 63.946 -64.6932 -14.934 -41.8359 -63.0783
-37.9826 63.7364 -65.0087 -14.9916 -41.9972 -63.0911
-38.0577 63.526 -65.3242 -15.0493 -42.1589 -63.1036
-38.1331 63.3148 -65.6397 -15.1072 -42.3211 -63.1158
-38.2087 63.1028 -65.9553 -15.1653 -42.4837 -63.1278
-38.2847 62.89 -66.271 -15.2235 -42.6468 -63.1394
-38.361 62.6763 -66.5867 -15.282 -42.8103 -63.1506
-38.4375 62.4619 -66.9025 -15.3406 -42.9742 -63.1616
-38.5144 62.2466 -67.2183 -15.3993 -43.1387 -63.1723
-38.5915 62.0305 -67.5342 -15.4583 -43.3035 -63.1826
-38.669 61.8135 -67.8502 -15.5174 -43.4688 -63.1926
-38.7467 61.5958 -68.1661 -15.5767 -43.6346 -63.2023
-38.8247 61.3772 -68.4822 -15.6361 -43.8009 -63.2117
-38.9031 61.1578 -68.7983 -15.6958 -43.9675 -63.2207
-38.9817 60.9375 -69.1144 -15.7556 -44.1347 -63.2294
-39.0606 60.7164 -69.4306 -15.8156 -44.3023 -63.2378
-39.1398 60.4945 -69.7468 -15.8757 -44.4704 -63.2458
-39.2194 60.2717 -70.063 -15.9361 -44.639 -63.2535
-39.2992 60.0481 -70.3793 -15.9966 -44.808 -63.2608
-39.3793 59.8236 -70.6956 -16.0573 -44.9775 -63.2678
-39.4598 59.5983 -71.012 -16.1182 -45.1475 -63.2744
-39.5405 59.3722 -71.3284 -16.1793 -45.3179 -63.2807
-39.6216 59.1452 -71.6448 -16.2406 -45.4888 -63.2866
-39.7029 58.9173 -71.9612 -16.302 -45.6602 -63.2921
-39.7846 58.6886 -72.2777 -16.3637 -45.8321 -63.2973
-39.8666 58.459 -72.5942 -16.4255 -46.0045 -63.302
-39.9488 58.2285 -72.9107 -16.4875 -46.1774 -63.3065
-40.0314 57.9972 -73.2273 -16.5497 -46.3507 -63.3105
-40.1143 57.765 -73.5438 -16.6121 -46.5245 -63.3141
-40.1976 57.5319 -73.8604 -16.6747 -46.6989 -63.3174
-40.2811 57.298 -74.177 -16.7375 -46.8737 -63.3203
-40.3649 57.0632 -74.4936 -16.8004 -47.049 -63.3227
-40.4491 56.8275 -74.8102 -16.8636 -47.2248 -63.3248
-40.5336 56.591 -75.1269 -16.927 -47.4011 -63.3265
-40.6184 56.3535 -75.4435 -16.9905 -47.5779 -63.3278
-40.7035 56.1152 -75.7601 -17.0543 -47.7552 -63.3286
-40.7889 55.876 -76.0768 -17.1182 -47.933 -63.3291
-40.8747 55.6359 -76.3934 -17.1824 -48.1113 -63.3291
-40.9607 55.3948 -76.7101 -17.2467 -48.2902 -63.3287
-41.0471 55.1529 -77.0267 -17.3113 -48.4695 -63.3279
-41.1338 54.9102 -77.3433 -17.376 -48.6494 -63.3266
-41.2209 54.6665 -77.66 -17.441 -48.8297 -63.3249
-41.3083 54.4219 -77.9766 -17.5062 -49.0106 -63.3228
-41.3959 54.1763 -78.2932 -17.5715 -49.192 -63.3202
-41.484 53.9299 -78.6098 -17.6371 -49.3739 -63.3172
-41.5723 53.6826 -78.9264 -17.7029 -49.5564 -63.3138
-41.661 53.4344 -79.2429 -17.7689 -49.7394 -63.3098
-41.75 53.1852 -79.5595 -17.8351 -49.9229 -63.3055
-41.8394 52.9351 -79.876 -17.9015 -50.1069 -63.3006
-41.929 52.6841 -80.1925 -17.9682 -50.2915 -63.2953
-42.019 52.4322 -80.5089 -18.035 -50.4766 -63.2895
-42.1094 52.1794 -80.8254 -18.1021 -50.6622 -63.2832
-42.2001 51.9256 -81.1418 -18.1693 -50.8484 -63.2765
-42.2911 51.6709 -81.4581 -18.2368 -51.0351 -63.2693
-42.3824 51.4153 -81.7745 -18.3045 -51.2223 -63.2615
-42.4741 51.1587 -82.0908 -18.3724 -51.4101 -63.2533
-42.5661 50.9012 -82.407 -18.4406 -51.5985 -63.2446
-42.6585 50.6427 -82.7232 -18.5089 -51.7873 -63.2354
-42.7512 50.3833 -83.0394 -18.5775 -51.9768 -63.2256
-42.8443 50.1229 -83.3555 -18.6463 -52.1668 -63.2154
-42.9377 49.8616 -83.6715 -18.7154 -52.3573 -63.2046
-43.0314 49.5994 -83.9875 -18.7846 -52.5484 -63.1933
-43.1255 49.3361 -84.3034 -18.8541 -52.7401 -63.1815
-43.22 49.072 -84.6193 -18.9238 -52.9323 -63.1691
-43.3148 48.8068 -84.9351 -18.9938 -53.1251 -63.1562
-43.4099 48.5407 -85.2509 -19.0639 -53.3184 -63.1428
-43.5054 48.2736 -85.5666 -19.1343 -53.5123 -63.1288
-43.6013 48.0056 -85.8822 -19.2049 -53.7068 -63.1143
-43.6975 47.7366 -86.1977 -19.2758 -53.9019 -63.0991
-43.794 47.4666 -86.5132 -19.3469 -54.0975 -63.0835
-43.8909 47.1956 -86.8285 -19.4182 -54.2937 -63.0672
-43.9882 46.9236 -87.1438 -19.4898 -54.4905 -63.0504
-44.0858 46.6507 -87.459 -19.5616 -54.6878 -63.033
-44.1838 46.3767 -87.7742 -19.6336 -54.8858 -63.015
-44.2822 46.1018 -88.0892 -19.7059 -55.0843 -62.9964
-44.3809 45.8259 -88.4041 -19.7784 -55.2834 -62.9772
-44.48 45.549 -88.719 -19.8512 -55.4831 -62.9574
-44.5794 45.2711 -89.0337 -19.9242 -55.6834 -62.937
-44.6792 44.9922 -89.3483 -19.9974 -55.8843 -62.916
-44.7794 44.7122 -89.6629 -20.0709 -56.0857 -62.8944
-44.8799 44.4313 -89.9773 -20.1447 -56.2878 -62.8721
-44.9808 44.1493 -90.2916 -20.2186 -56.4905 -62.8492
-45.0821 43.8664 -90.6058 -20.2929 -56.6937 -62.8257
-45.1837 43.5824 -90.9198 -20.3674 -56.8976 -62.8015
-45.2858 43.2974 -91.2338 -20.4421 -57.1021 -62.7767
-45.3882 43.0114 -91.5476 -20.5171 -57.3071 -62.7512
-45.4909 42.7243 -91.8613 -20.5923 -57.5128 -62.725
-45.5941 42.4363 -92.1749 -20.6678 -57.7191 -62.6982
-45.6976 42.1472 -92.4883 -20.7435 -57.926 -62.6707
-45.8015 41.857 -92.8016 -20.8195 -58.1335 -62.6425
-45.9058 41.5658 -93.1147 -20.8958 -58.3417 -62.6136
-46.0105 41.2736 -93.4277 -20.9723 -58.5504 -62.584
-46.1155 40.9803 -93.7405 -21.049 -58.7598 -62.5537
-46.221 40.686 -94.0532 -21.1261 -58.9698 -62.5227
-46.3268 40.3906 -94.3658 -21.2034 -59.1804 -62.491
-46.433 40.0942 -94.6781 -21.2809 -59.3916 -62.4586
-46.5396 39.7967 -94.9904 -21.3587 -59.6035 -62.4254
-46.6466 39.4982 -95.3024 -21.4368 -59.816 -62.3915
-46.754 39.1985 -95.6143 -21.5151 -60.0292 -62.3569
-46.8617 38.8979 -95.926 -21.5937 -60.2429 -62.3215
-46.9699 38.5961 -96.2375 -21.6726 -60.4573 -62.2854
-47.0785 38.2933 -96.5488 -21.7517 -60.6724 -62.2485
-47.1874 37.9894 -96.86 -21.8312 -60.888 -62.2108
-47.2968 37.6844 -97.1709 -21.9108 -61.1044 -62.1723
-47.4065 37.3783 -97.4817 -21.9908 -61.3213 -62.133
-47.5167 37.0712 -97.7923 -22.071 -61.5389 -62.093
-47.6272 36.763 -98.1026 -22.1515 -61.7572 -62.0521
-47.7382 36.4536 -98.4128 -22.2323 -61.9761 -62.0105
-47.8496 36.1432 -98.7227 -22.3133 -62.1956 -61.968
-47.9613 35.8317 -99.0325 -22.3946 -62.4158 -61.9247
-48.0735 35.519 -99.342 -22.4762 -62.6367 -61.8805
-48.1861 35.2053 -99.6513 -22.5581 -62.8582 -61.8356
-48.2991 34.8905 -99.9603 -22.6403 -63.0803 -61.7897
-48.4125 34.5745 -100.269 -22.7227 -63.3031 -61.743
-48.5263 34.2574 -100.578 -22.8054 -63.5266 -61.6955
-48.6406 33.9392 -100.886 -22.8884 -63.7508 -61.6471
-48.7552 33.6199 -101.194 -22.9717 -63.9756 -61.5978
-48.8703 33.2995 -101.502 -23.0553 -64.201 -61.5476
-48.9858 32.9779 -101.81 -23.1391 -64.4271 -61.4965
-49.1017 32.6552 -102.117 -23.2232 -64.6539 -61.4444
-49.218 32.3314 -102.424 -23.3077 -64.8814 -61.3915
-49.3347 32.0064 -102.731 -23.3924 -65.1095 -61.3377
-49.4519 31.6803 -103.038 -23.4774 -65.3383 -61.2829
-49.5695 31.353 -103.344 -23.5627 -65.5678 -61.2272
-49.6875 31.0246 -103.65 -23.6482 -65.798 -61.1705
-49.806 30.695 -103.956 -23.7341 -66.0288 -61.1128
-49.9249 30.3643 -104.261 -23.8203 -66.2603 -61.0542
-50.0442 30.0324 -104.566 -23.9067 -66.4925 -60.9946
-50.164 29.6994 -104.871 -23.9934 -66.7253 -60.9341
-50.2841 29.3652 -105.175 -24.0805 -66.9589 -60.8725
-50.4048 29.0298 -105.48 -24.1678 -67.1931 -60.8099
-50.5258 28.6932 -105.783 -24.2555 -67.428 -60.7463
-50.6473 28.3555 -106.087 -24.3434 -67.6636 -60.6817
-50.7692 28.0166 -106.39 -24.4316 -67.8998 -60.616
-50.8916 27.6765 -106.693 -24.5201 -68.1368 -60.5493
-51.0144 27.3352 -106.996 -24.609 -68.3744 -60.4815
-51.1377 26.9928 -107.298 -24.6981 -68.6127 -60.4127
-51.2614 26.6491 -107.6 -24.7875 -68.8517 -60.3428
-51.3856 26.3043 -107.901 -24.8772 -69.0914 -60.2717
-51.5102 25.9582 -108.203 -24.9673 -69.3318 -60.1996
-51.6353 25.6109 -108.503 -25.0576 -69.5729 -60.1264
-51.7608 25.2625 -108.804 -25.1482 -69.8146 -60.0521
-51.8867 24.9128 -109.104 -25.2392 -70.0571 -59.9766
-52.0132 24.5619 -109.404 -25.3304 -70.3002 -59.9
-52.14 24.2098 -109.703 -25.4219 -70.544 -59.8223
-52.2674 23.8565 -110.002 -25.5138 -70.7886 -59.7434
-52.3952 23.5019 -110.3 -25.606 -71.0338 -59.6633
-52.5234 23.1461 -110.599 -25.6984 -71.2797 -59.582
-52.6522 22.7891 -110.896 -25.7912 -71.5263 -59.4996
-52.7814 22.4309 -111.194 -25.8843 -71.7736 -59.4159
-52.911 22.0714 -111.49 -25.9777 -72.0215 -59.331
-53.0411 21.7106 -111.787 -26.0714 -72.2702 -59.2449
-53.1717 21.3487 -112.083 -26.1654 -72.5196 -59.1575
-53.3028 20.9854 -112.378 -26.2597 -72.7696 -59.0689
-53.4343 20.621 -112.674 -26.3543 -73.0204 -58.979
-53.5663 20.2552 -112.968 -26.4493 -73.2718 -58.8878
-53.6988 19.8883 -113.262 -26.5445 -73.524 -58.7953
-53.8318 19.52 -113.556 -26.6401 -73.7768 -58.7016
-53.9652 19.1505 -113.849 -26.736 -74.0303 -58.6065
-54.0991 18.7797 -114.142 -26.8322 -74.2845 -58.5101
-54.2335 18.4076 -114.435 -26.9287 -74.5394 -58.4124
-54.3684 18.0343 -114.726 -27.0255 -74.795 -58.3133
-54.5038 17.6597 -115.018 -27.1226 -75.0512 -58.2128
-54.6397 17.2838 -115.308 -27.2201 -75.3082 -58.111
-54.776 16.9066 -115.599 -27.3178 -75.5658 -58.0077
-54.9128 16.5281 -115.889 -27.4159 -75.8241 -57.9031
-55.0502 16.1484 -116.178 -27.5143 -76.0831 -57.797
-55.188 15.7673 -116.467 -27.613 -76.3428 -57.6895
-55.3263 15.3849 -116.755 -27.712 -76.6032 -57.5806
-55.4651 15.0013 -117.042 -27.8113 -76.8642 -57.4702
-55.6044 14.6163 -117.329 -27.911 -77.1259 -57.3583
-55.7442 14.23 -117.616 -28.0109 -77.3883 -57.245
-55.8845 13.8424 -117.902 -28.1112 -77.6514 -57.1301
-56.0253 13.4535 -118.187 -28.2118 -77.9151 -57.0137
-56.1666 13.0633 -118.472 -28.3127 -78.1795 -56.8958
-56.3084 12.6717 -118.756 -28.4139 -78.4446 -56.7764
-56.4508 12.2788 -119.04 -28.5155 -78.7103 -56.6554
-56.5936 11.8846 -119.323 -28.6173 -78.9767 -56.5328
-56.7369 11.4891 -119.605 -28.7195 -79.2438 -56.4086
-56.8808 11.0922 -119.887 -28.822 -79.5115 -56.2828
-57.0252 10.6939 -120.168 -28.9247 -79.7799 -56.1555
-57.17 10.2944 -120.448 -29.0278 -80.0489 -56.0264
-57.3154 9.89345 -120.728 -29.1313 -80.3186 -55.8958
-57.4614 9.49119 -121.007 -29.235 -80.5889 -55.7634
-57.6078 9.08756 -121.286 -29.339 -80.8598 -55.6294
-57.7547 8.68259 -121.564 -29.4434 -81.1314 -55.4937
-57.9022 8.27625 -121.841 -29.548 -81.4037 -55.3563
-58.0502 7.86855 -122.117 -29.653 -81.6766 -55.2171
-58.1988 7.45948 -122.393 -29.7583 -81.95 -55.0762
-58.3478 7.04905 -122.668 -29.8639 -82.2242 -54.9336
-58.4974 6.63724 -122.942 -29.9698 -82.4989 -54.7892
-58.6475 6.22406 -123.216 -30.076 -82.7743 -54.643
-58.7981 5.8095 -123.489 -30.1825 -83.0502 -54.4949
-58.9493 5.39356 -123.761 -30.2893 -83.3268 -54.3451
-59.101 4.97623 -124.032 -30.3964 -83.604 -54.1934
-59.2533 4.55752 -124.303 -30.5038 -83.8818 -54.0398
-59.4061 4.13742 -124.573 -30.6116 -84.1601 -53.8844
-59.5594 3.71592 -124.842 -30.7196 -84.4391 -53.7271
-59.7133 3.29303 -125.11 -30.8279 -84.7186 -53.5679
-59.8677 2.86873 -125.377 -30.9366 -84.9987 -53.4067
-60.0226 2.44304 -125.644 -31.0455 -85.2794 -53.2436
-60.1781 2.01594 -125.91 -31.1547 -85.5606 -53.0785
-60.3342 1.58743 -126.175 -31.2643 -85.8424 -52.9115
-60.4908 1.15752 -126.439 -31.3741 -86.1248 -52.7424
-60.6479 0.726186 -126.702 -31.4842 -86.4077 -52.5714
-60.8056 0.29344 -126.964 -31.5946 -86.6911 -52.3983
-60.9639 -0.140725 -127.226 -31.7053 -86.9751 -52.2231
-61.1227 -0.57631 -127.487 -31.8163 -87.2595 -52.0459
-61.282 -1.01332 -127.747 -31.9276 -87.5445 -51.8666
-61.442 -1.45176 -128.005 -32.0391 -87.8301 -51.6852
-61.6024 -1.89162 -128.263 -32.151 -88.1161 -51.5016
-61.7635 -2.33292 -128.52 -32.2631 -88.4026 -51.3159
-61.9251 -2.77565 -128.777 -32.3755 -88.6896 -51.1281
-62.0872 -3.21981 -129.032 -32.4882 -88.977 -50.938
-62.2499 -3.66541 -129.286 -32.6011 -89.265 -50.7458
-62.4132 -4.11246 -129.539 -32.7144 -89.5533 -50.5513
-62.5771 -4.56095 -129.791 -32.8279 -89.8422 -50.3546
-62.7415 -5.01088 -130.043 -32.9416 -90.1315 -50.1557
-62.9065 -5.46226 -130.293 -33.0557 -90.4212 -49.9544
-63.0721 -5.91509 -130.542 -33.17 -90.7113 -49.7508
-63.2382 -6.36937 -130.79 -33.2845 -91.0018 -49.545
-63.4049 -6.82511 -131.038 -33.3994 -91.2928 -49.3368
-63.5722 -7.2823 -131.284 -33.5144 -91.5841 -49.1262
-63.7401 -7.74095 -131.529 -33.6298 -91.8758 -48.9132
-63.9085 -8.20106 -131.773 -33.7453 -92.1678 -48.6979
-64.0775 -8.66263 -132.016 -33.8612 -92.4602 -48.4801
-64.2471 -9.12566 -132.258 -33.9772 -92.753 -48.2599
-64.4173 -9.59016 -132.499 -34.0936 -93.0461 -48.0372
-64.588 -10.0561 -132.738 -34.2101 -93.3395 -47.812
-64.7594 -10.5236 -132.977 -34.3269 -93.6332 -47.5843
-64.9313 -10.9925 -133.214 -34.4439 -93.9272 -47.3541
-65.1038 -11.4628 -133.45 -34.5611 -94.2215 -47.1214
-65.2769 -11.9347 -133.685 -34.6786 -94.516 -46.8861
-65.4506 -12.408 -133.919 -34.7963 -94.8108 -46.6482
-65.6249 -12.8828 -134.152 -34.9142 -95.1058 -46.4077
-65.7998 -13.359 -134.383 -35.0323 -95.4011 -46.1645
-65.9752 -13.8368 -134.613 -35.1506 -95.6965 -45.9187
-66.1513 -14.316 -134.842 -35.2692 -95.9922 -45.6703
-66.3279 -14.7967 -135.07 -35.3879 -96.288 -45.4191
-66.5051 -15.2789 -135.296 -35.5068 -96.584 -45.1653
-66.683 -15.7625 -135.522 -35.6259 -96.8801 -44.9087
-66.8614 -16.2477 -135.746 -35.7452 -97.1763 -44.6493
-67.0404 -16.7343 -135.968 -35.8647 -97.4727 -44.3871
-67.22 -17.2224 -136.189 -35.9843 -97.7691 -44.1222
-67.4003 -17.712 -136.409 -36.1042 -98.0656 -43.8544
-67.5811 -18.2031 -136.628 -36.2242 -98.3622 -43.5838
-67.7625 -18.6956 -136.845 -36.3443 -98.6588 -43.3103
-67.9445 -19.1897 -137.061 -36.4646 -98.9554 -43.034
-68.1272 -19.6852 -137.276 -36.5851 -99.252 -42.7547
-68.3104 -20.1822 -137.489 -36.7057 -99.5486 -42.4725
-68.4942 -20.6807 -137.7 -36.8264 -99.8452 -42.1873
-68.6786 -21.1806 -137.911 -36.9473 -100.142 -41.8992
-68.8637 -21.6821 -138.119 -37.0683 -100.438 -41.6081
-69.0493 -22.185 -138.327 -37.1894 -100.734 -41.3139
-69.2356 -22.6894 -138.532 -37.3107 -101.03 -41.0167
-69.4224 -23.1953 -138.737 -37.432 -101.326 -40.7165
-69.6099 -23.7027 -138.94 -37.5534 -101.622 -40.4131
-69.798 -24.2115 -139.141 -37.675 -101.918 -40.1067
-69.9867 -24.7219 -139.341 -37.7966 -102.213 -39.7971
-70.1759 -25.2337 -139.539 -37.9183 -102.509 -39.4844
-70.3658 -25.7469 -139.736 -38.0401 -102.803 -39.1685
-70.5563 -26.2617 -139.931 -38.162 -103.098 -38.8494
-70.7475 -26.7779 -140.124 -38.2839 -103.392 -38.5271
-70.9392 -27.2956 -140.316 -38.4058 -103.686 -38.2016
-71.1315 -27.8148 -140.506 -38.5278 -103.98 -37.8728
-71.3245 -28.3354 -140.695 -38.6499 -104.273 -37.5407
-71.518 -28.8575 -140.881 -38.7719 -104.566 -37.2054
-71.7122 -29.3811 -141.067 -38.894 -104.858 -36.8667
-71.907 -29.9061 -141.25 -39.0161 -105.15 -36.5247
-72.1023 -30.4326 -141.432 -39.1382 -105.441 -36.1793
-72.2983 -30.9605 -141.612 -39.2603 -105.732 -35.8305
-72.4949 -31.4899 -141.79 -39.3824 -106.022 -35.4784
-72.6922 -32.0207 -141.967 -39.5044 -106.311 -35.1228
-72.89 -32.553 -142.141 -39.6265 -106.6 -34.7638
-73.0884 -33.0867 -142.314 -39.7484 -106.888 -34.4013
-73.2875 -33.6219 -142.485 -39.8704 -107.176 -34.0353
-73.4871 -34.1585 -142.655 -39.9922 -107.463 -33.6658
-73.6874 -34.6965 -142.822 -40.114 -107.749 -33.2928
-73.8883 -35.236 -142.988 -40.2357 -108.034 -32.9163
-74.0898 -35.7768 -143.151 -40.3573 -108.318 -32.5362
-74.2918 -36.3191 -143.313 -40.4789 -108.602 -32.1525
-74.4945 -36.8628 -143.473 -40.6003 -108.884 -31.7652
-74.6978 -37.408 -143.631 -40.7215 -109.166 -31.3743
-74.9018 -37.9545 -143.786 -40.8427 -109.446 -30.9798
-75.1063 -38.5024 -143.94 -40.9637 -109.726 -30.5816
-75.3114 -39.0518 -144.092 -41.0845 -110.005 -30.1797
-75.5171 -39.6025 -144.242 -41.2052 -110.282 -29.7742
-75.7234 -40.1546 -144.39 -41.3257 -110.558 -29.3649
-75.9304 -40.7081 -144.536 -41.4459 -110.833 -28.952
-76.1379 -41.2629 -144.68 -41.566 -111.107 -28.5352
-76.346 -41.8191 -144.821 -41.6859 -111.38 -28.1148
-76.5548 -42.3767 -144.961 -41.8055 -111.651 -27.6905
-76.7641 -42.9356 -145.098 -41.9249 -111.921 -27.2625
-76.974 -43.4959 -145.233 -42.0441 -112.19 -26.8306
-77.1845 -44.0575 -145.366 -42.163 -112.457 -26.395
-77.3956 -44.6205 -145.497 -42.2815 -112.723 -25.9555
-77.6074 -45.1848 -145.626 -42.3998 -112.987 -25.5121
-77.8196 -45.7504 -145.752 -42.5178 -113.25 -25.0649
-78.0325 -46.3173 -145.877 -42.6355 -113.511 -24.6138
-78.246 -46.8855 -145.999 -42.7528 -113.77 -24.1589
-78.4601 -47.455 -146.118 -42.8698 -114.028 -23.7
-78.6747 -48.0258 -146.236 -42.9864 -114.284 -23.2372
-78.8899 -48.5978 -146.351 -43.1026 -114.538 -22.7705
-79.1057 -49.1711 -146.463 -43.2184 -114.79 -22.2998
-79.3221 -49.7457 -146.574 -43.3338 -115.04 -21.8252
-79.5391 -50.3215 -146.681 -43.4488 -115.289 -21.3466
-79.7566 -50.8986 -146.787 -43.5634 -115.535 -20.8641
-79.9747 -51.4769 -146.89 -43.6775 -115.779 -20.3775
-80.1934 -52.0564 -146.991 -43.7911 -116.021 -19.887
-80.4126 -52.6371 -147.089 -43.9042 -116.261 -19.3925
-80.6324 -53.219 -147.185 -44.0168 -116.499 -18.894
-80.8528 -53.8021 -147.278 -44.1289 -116.735 -18.3915
-81.0737 -54.3863 -147.369 -44.2404 -116.968 -17.8849
-81.2952 -54.9718 -147.457 -44.3514 -117.198 -17.3743
-81.5172 -55.5583 -147.542 -44.4618 -117.427 -16.8597
-81.7398 -56.146 -147.625 -44.5716 -117.652 -16.341
-81.9629 -56.7348 -147.706 -44.6808 -117.876 -15.8183
-82.1866 -57.3248 -147.784 -44.7894 -118.096 -15.2915
-82.4108 -57.9158 -147.859 -44.8973 -118.314 -14.7607
-82.6356 -58.5079 -147.931 -45.0045 -118.529 -14.2258
-82.8609 -59.1011 -148.001 -45.1111 -118.741 -13.6869
-83.0867 -59.6953 -148.068 -45.2169 -118.951 -13.1439
-83.3131 -60.2906 -148.132 -45.322 -119.157 -12.5968
-83.5399 -60.8869 -148.194 -45.4264 -119.361 -12.0457
-83.7673 -61.4842 -148.253 -45.53 -119.561 -11.4905
-83.9952 -62.0825 -148.309 -45.6328 -119.758 -10.9312
-84.2237 -62.6818 -148.362 -45.7348 -119.952 -10.3678
-84.4526 -63.282 -148.413 -45.8359 -120.143 -9.80044
-84.682 -63.8832 -148.46 -45.9362 -120.33 -9.22897
-84.9119 -64.4853 -148.505 -46.0356 -120.514 -8.65344
-85.1424 -65.0883 -148.547 -46.1341 -120.694 -8.07385
-85.3733 -65.6923 -148.586 -46.2317 -120.871 -7.49021
-85.6047 -66.297 -148.622 -46.3283 -121.045 -6.90252
-85.8366 -66.9027 -148.655 -46.4239 -121.214 -6.31078
-86.0689 -67.5092 -148.685 -46.5185 -121.38 -5.71501
-86.3018 -68.1165 -148.712 -46.6121 -121.542 -5.11521
-86.5351 -68.7246 -148.736 -46.7046 -121.7 -4.51138
-86.7688 -69.3335 -148.757 -46.7961 -121.854 -3.90354
-87.003 -69.9431 -148.775 -46.8864 -122.003 -3.29168
-87.2377 -70.5535 -148.79 -46.9755 -122.149 -2.67583
-87.4728 -71.1646 -148.802 -47.0635 -122.291 -2.056
-87.7083 -71.7764 -148.81 -47.1503 -122.428 -1.43218
-87.9443 -72.3889 -148.816 -47.2358 -122.56 -0.804395
-88.1807 -73.002 -148.818 -47.3201 -122.688 -0.172657
-88.4175 -73.6158 -148.818 -47.4031 -122.812 0.463022
-88.6547 -74.2301 -148.814 -47.4846 -122.931 1.10263
-88.8923 -74.8451 -148.807 -47.5649 -123.045 1.74615
-89.1304 -75.4606 -148.796 -47.6436 -123.154 2.39357
-89.3688 -76.0766 -148.783 -47.721 -123.259 3.04487
-89.6076 -76.6932 -148.766 -47.7968 -123.358 3.70003
-89.8468 -77.3102 -148.746 -47.871 -123.453 4.35905
-90.0863 -77.9277 -148.722 -47.9437 -123.542 5.02189
-90.3262 -78.5456 -148.695 -48.0147 -123.625 5.68854
-90.5664 -79.1639 -148.665 -48.084 -123.704 6.35898
-90.807 -79.7826 -148.632 -48.1516 -123.777 7.03319
-91.048 -80.4017 -148.595 -48.2173 -123.844 7.71114
-91.2892 -81.0211 -148.555 -48.2812 -123.906 8.3928
-91.5308 -81.6407 -148.511 -48.3432 -123.962 9.07817
-91.7727 -82.2607 -148.464 -48.4032 -124.012 9.7672
-92.0148 -82.8809 -148.413 -48.4612 -124.056 10.4599
-92.2573 -83.5012 -148.359 -48.517 -124.095 11.1561
-92.5 -84.1218 -148.302 -48.5706 -124.127 11.856
-92.743 -84.7425 -148.241 -48.622 -124.152 12.5594
-92.9862 -85.3633 -148.176 -48.671 -124.172 13.2663
-93.2297 -85.9842 -148.108 -48.7176 -124.185 13.9767
-93.4734 -86.6051 -148.036 -48.7616 -124.192 14.6905
-93.7173 -87.2261 -147.961 -48.8031 -124.192 15.4077
-93.9614 -87.847 -147.882 -48.8418 -124.185 16.1283
-94.2057 -88.4679 -147.8 -48.8777 -124.172 16.8521
-94.4502 -89.0888 -147.714 -48.9107 -124.152 17.5793
-94.6948 -89.7094 -147.624 -48.9407 -124.124 18.3096
-94.9396 -90.33 -147.531 -48.9676 -124.09 19.043
-95.1845 -90.9503 -147.434 -48.9912 -124.049 19.7795
-95.4295 -91.5705 -147.333 -49.0114 -124.001 20.519
-95.6746 -92.1903 -147.228 -49.0281 -123.945 21.2615
-95.9198 -92.8099 -147.12 -49.0411 -123.882 22.0068
-96.165 -93.4291 -147.008 -49.0504 -123.812 22.755
-96.4103 -94.048 -146.893 -49.0557 -123.735 23.5058
-96.6556 -94.6665 -146.773 -49.057 -123.65 24.2592
-96.9009 -95.2845 -146.65 -49.0541 -123.557 25.0152
-97.1461 -95.902 -146.523 -49.0467 -123.458 25.7736
-97.3913 -96.519 -146.392 -49.0349 -123.35 26.5342
-97.6365 -97.1355 -146.258 -49.0184 -123.236 27.2971
-97.8815 -97.7514 -146.119 -48.997 -123.113 28.062
-98.1264 -98.3666 -145.977 -48.9706 -122.984 28.8289
-98.3712 -98.9812 -145.831 -48.9391 -122.847 29.5975
-98.6158 -99.5951 -145.681 -48.9023 -122.703 30.3678
-98.8602 -100.208 -145.527 -48.8601 -122.551 31.1396
-99.1044 -100.821 -145.37 -48.8122 -122.392 31.9127
-99.3483 -101.432 -145.208 -48.7587 -122.226 32.687
-99.592 -102.043 -145.043 -48.6992 -122.054 33.4623
-99.8353 -102.653 -144.874 -48.6338 -121.874 34.2384
-100.078 -103.262 -144.7 -48.5624 -121.688 35.0151
-100.321 -103.869 -144.523 -48.4847 -121.495 35.7922
-100.563 -104.476 -144.342 -48.4009 -121.296 36.5696
-100.805 -105.082 -144.158 -48.3107 -121.091 37.3471
-101.046 -105.687 -143.969 -48.2141 -120.879 38.1243
-101.287 -106.291 -143.776 -48.1112 -120.662 38.9012
-101.527 -106.894 -143.58 -48.0019 -120.44 39.6776
-101.767 -107.496 -143.38 -47.8862 -120.212 40.4531
-102.006 -108.096 -143.175 -47.7643 -119.979 41.2277
-102.245 -108.695 -142.967 -47.636 -119.741 42.0011
-102.482 -109.293 -142.755 -47.5016 -119.499 42.7731
-102.72 -109.89 -142.54 -47.3611 -119.252 43.5435
-102.956 -110.486 -142.32 -47.2146 -119.001 44.3122
-103.192 -111.08 -142.096 -47.0624 -118.746 45.079
-103.427 -111.673 -141.869 -46.9045 -118.488 45.8437
-103.661 -112.265 -141.638 -46.7412 -118.226 46.6062
-103.894 -112.856 -141.403 -46.5726 -117.961 47.3663
-104.126 -113.445 -141.164 -46.399 -117.693 48.1238
-104.358 -114.033 -140.922 -46.2206 -117.422 48.8787
-104.589 -114.619 -140.675 -46.0377 -117.148 49.6309
-104.818 -115.204 -140.425 -45.8504 -116.872 50.3802
-105.047 -115.788 -140.172 -45.6591 -116.593 51.1265
-105.275 -116.37 -139.914 -45.464 -116.312 51.8698
-105.502 -116.951 -139.653 -45.2653 -116.029 52.61
-105.727 -117.53 -139.388 -45.0634 -115.744 53.3471
-105.952 -118.108 -139.119 -44.8584 -115.457 54.081
-106.176 -118.685 -138.847 -44.6506 -115.168 54.8116
-106.399 -119.26 -138.571 -44.4403 -114.876 55.539
-106.62 -119.834 -138.292 -44.2276 -114.583 56.2631
-106.841 -120.406 -138.009 -44.0129 -114.288 56.9839
-107.061 -120.976 -137.722 -43.7963 -113.991 57.7013
-107.279 -121.546 -137.432 -43.5781 -113.692 58.4155
-107.496 -122.113 -137.138 -43.3583 -113.391 59.1263
-107.713 -122.68 -136.84 -43.1373 -113.088 59.8338
-107.928 -123.244 -136.539 -42.9151 -112.783 60.5379
-108.142 -123.807 -136.235 -42.692 -112.475 61.2388
-108.355 -124.369 -135.927 -42.468 -112.166 61.9363
-108.566 -124.929 -135.616 -42.2433 -111.854 62.6306
-108.777 -125.488 -135.301 -42.018 -111.539 63.3215
-108.986 -126.044 -134.982 -41.7923 -111.223 64.0091
-109.195 -126.6 -134.661 -41.5661 -110.903 64.6935
-109.402 -127.154 -134.336 -41.3397 -110.581 65.3745
-109.608 -127.706 -134.007 -41.113 -110.257 66.0523
-109.813 -128.256 -133.675 -40.8861 -109.929 66.7268
-110.017 -128.805 -133.34 -40.6592 -109.599 67.398
-110.22 -129.352 -133.001 -40.4322 -109.266 68.0659
-110.421 -129.898 -132.659 -40.2051 -108.93 68.7305
-110.622 -130.441 -132.314 -39.9781 -108.591 69.3918
-110.821 -130.984 -131.965 -39.7511 -108.249 70.0498
-111.019 -131.524 -131.613 -39.5242 -107.903 70.7044
-111.216 -132.063 -131.258 -39.2973 -107.555 71.3557
-111.412 -132.599 -130.9 -39.0706 -107.203 72.0037
-111.607 -133.135 -130.538 -38.8439 -106.848 72.6482
-111.801 -133.668 -130.173 -38.6173 -106.489 73.2894
-111.993 -134.2 -129.805 -38.3909 -106.127 73.9271
-112.185 -134.729 -129.434 -38.1645 -105.761 74.5614
-112.375 -135.257 -129.059 -37.9383 -105.392 75.1922
-112.564 -135.783 -128.682 -37.7121 -105.02 75.8195
-112.752 -136.307 -128.301 -37.486 -104.644 76.4433
-112.939 -136.83 -127.918 -37.26 -104.264 77.0635
-113.125 -137.35 -127.531 -37.034 -103.881 77.6801
-113.309 -137.868 -127.141 -36.8081 -103.494 78.2931
-113.493 -138.385 -126.748 -36.5822 -103.103 78.9024
-113.675 -138.899 -126.352 -36.3564 -102.709 79.508
-113.856 -139.412 -125.953 -36.1305 -102.311 80.1099
-114.036 -139.923 -125.551 -35.9047 -101.91 80.708
-114.215 -140.431 -125.146 -35.6789 -101.504 81.3023
-114.393 -140.938 -124.738 -35.453 -101.096 81.8927
-114.57 -141.442 -124.327 -35.2271 -100.683 82.4792
-114.745 -141.945 -123.913 -35.0011 -100.267 83.0619
-114.92 -142.445 -123.496 -34.7751 -99.8476 83.6405
-115.093 -142.943 -123.076 -34.549 -99.4244 84.2152
-115.265 -143.439 -122.654 -34.3228 -98.9976 84.7858
-115.436 -143.933 -122.229 -34.0965 -98.5673 85.3523
-115.606 -144.425 -121.8 -33.8701 -98.1334 85.9148
-115.775 -144.914 -121.369 -33.6436 -97.696 86.473
-115.943 -145.402 -120.936 -33.417 -97.2551 87.0271
-116.109 -145.887 -120.499 -33.1902 -96.8108 87.5769
-116.275 -146.37 -120.06 -32.9633 -96.363 88.1225
-116.439 -146.851 -119.618 -32.7363 -95.9119 88.6638
-116.602 -147.329 -119.173 -32.5091 -95.4574 89.2007
-116.764 -147.805 -118.726 -32.2817 -94.9997 89.7333
-116.925 -148.279 -118.276 -32.0542 -94.5386 90.2615
-117.085 -148.75 -117.823 -31.8266 -94.0743 90.7852
-117.243 -149.22 -117.368 -31.5988 -93.6068 91.3044
-117.401 -149.687 -116.91 -31.3708 -93.1361 91.8192
-117.557 -150.151 -116.45 -31.1426 -92.6623 92.3293
-117.712 -150.613 -115.987 -30.9143 -92.1855 92.835
-117.866 -151.073 -115.521 -30.6859 -91.7056 93.336
-118.019 -151.53 -115.054 -30.4572 -91.2228 93.8324
-118.171 -151.985 -114.583 -30.2284 -90.7371 94.3241
-118.321 -152.438 -114.11 -29.9995 -90.2484 94.8111
-118.471 -152.888 -113.635 -29.7703 -89.7569 95.2935
-118.619 -153.335 -113.157 -29.5411 -89.2627 95.7711
-118.766 -153.78 -112.677 -29.3117 -88.7657 96.2439
-118.912 -154.223 -112.195 -29.0821 -88.2661 96.7119
-119.057 -154.663 -111.71 -28.8524 -87.7638 97.1752
-119.2 -155.1 -111.223 -28.6226 -87.2589 97.6336
-119.343 -155.536 -110.734 -28.3926 -86.7516 98.0871
-119.484 -155.968 -110.242 -28.1625 -86.2417 98.5358
-119.625 -156.398 -109.749 -27.9323 -85.7295 98.9796
-119.764 -156.825 -109.253 -27.702 -85.2149 99.4185
-119.902 -157.25 -108.754 -27.4717 -84.698 99.8524
-120.038 -157.672 -108.254 -27.2412 -84.1789 100.281
-120.174 -158.092 -107.752 -27.0106 -83.6575 100.705
-120.308 -158.509 -107.247 -26.78 -83.1341 101.125
-120.442 -158.923 -106.74 -26.5493 -82.6086 101.539
-120.574 -159.335 -106.232 -26.3185 -82.081 101.948
-120.705 -159.744 -105.721 -26.0878 -81.5515 102.352
-120.835 -160.15 -105.208 -25.8569 -81.0201 102.751
-120.964 -160.554 -104.693 -25.6261 -80.4868 103.145
-121.091 -160.955 -104.177 -25.3952 -79.9517 103.534
-121.218 -161.354 -103.658 -25.1644 -79.4149 103.918
-121.343 -161.749 -103.137 -24.9336 -78.8764 104.297
-121.467 -162.143 -102.615 -24.7028 -78.3363 104.671
-121.59 -162.533 -102.091 -24.472 -77.7947 105.04
-121.712 -162.92 -101.565 -24.2412 -77.2515 105.404
-121.832 -163.305 -101.037 -24.0106 -76.7069 105.762
-121.952 -163.688 -100.507 -23.78 -76.1608 106.116
-122.07 -164.067 -99.9755 -23.5495 -75.6135 106.465
-122.187 -164.444 -99.4423 -23.319 -75.0648 106.808
-122.303 -164.818 -98.9074 -23.0887 -74.515 107.147
-122.418 -165.189 -98.3708 -22.8585 -73.9639 107.48
-122.532 -165.557 -97.8326 -22.6285 -73.4117 107.809
-122.644 -165.923 -97.2927 -22.3986 -72.8585 108.132
-122.756 -166.286 -96.7513 -22.1688 -72.3043 108.451
-122.866 -166.646 -96.2082 -21.9392 -71.7491 108.764
-122.975 -167.003 -95.6636 -21.7098 -71.193 109.072
-123.083 -167.358 -95.1175 -21.4806 -70.636 109.376
-123.19 -167.71 -94.5699 -21.2516 -70.0783 109.674
-123.296 -168.059 -94.0207 -21.0228 -69.5198 109.967
-123.4 -168.405 -93.4702 -20.7943 -68.9607 110.256
-123.504 -168.748 -92.9182 -20.566 -68.4009 110.539
-123.606 -169.089 -92.3648 -20.3379 -67.8405 110.818
-123.707 -169.427 -91.81 -20.1102 -67.2796 111.091
-123.807 -169.762 -91.2539 -19.8827 -66.7182 111.36
-123.906 -170.094 -90.6964 -19.6555 -66.1564 111.623
-124.004 -170.423 -90.1376 -19.4286 -65.5942 111.882
-124.1 -170.75 -89.5776 -19.2021 -65.0316 112.136
-124.196 -171.074 -89.0163 -18.9758 -64.4688 112.385
-124.29 -171.395 -88.4537 -18.75 -63.9058 112.629
-124.383 -171.713 -87.89 -18.5244 -63.3425 112.868
-124.475 -172.028 -87.3251 -18.2993 -62.7792 113.103
-124.566 -172.34 -86.759 -18.0745 -62.2157 113.333
-124.656 -172.65 -86.1917 -17.8501 -61.6522 113.558
-124.745 -172.957 -85.6234 -17.6262 -61.0887 113.778
-124.832 -173.261 -85.0539 -17.4026 -60.5252 113.993
-124.919 -173.562 -84.4834 -17.1795 -59.9618 114.204
-125.004 -173.861 -83.9119 -16.9568 -59.3986 114.41
-125.088 -174.156 -83.3393 -16.7345 -58.8355 114.611
-125.171 -174.449 -82.7658 -16.5127 -58.2726 114.808
-125.253 -174.739 -82.1913 -16.2914 -57.7101 115
-125.334 -175.026 -81.6158 -16.0706 -57.1478 115.188
-125.414 -175.31 -81.0394 -15.8502 -56.5858 115.371
-125.493 -175.592 -80.4621 -15.6304 -56.0243 115.549
-125.57 -175.871 -79.8839 -15.411 -55.4632 115.723
-125.647 -176.147 -79.3048 -15.1922 -54.9025 115.893
-125.722 -176.42 -78.725 -14.974 -54.3423 116.057
-125.797 -176.69 -78.1443 -14.7562 -53.7827 116.218
-125.87 -176.958 -77.5628 -14.539 -53.2237 116.374
-125.942 -177.222 -76.9805 -14.3224 -52.6653 116.526
-126.013 -177.484 -76.3975 -14.1064 -52.1075 116.673
-126.083 -177.743 -75.8138 -13.8909 -51.5505 116.816
-126.152 -178 -75.2294 -13.676 -50.9941 116.955
-126.22 -178.253 -74.6442 -13.4617 -50.4385 117.089
-126.287 -178.504 -74.0585 -13.248 -49.8837 117.219
-126.352 -178.752 -73.4721 -13.035 -49.3298 117.345
-126.417 -178.997 -72.885 -12.8225 -48.7767 117.467
-126.48 -179.24 -72.2974 -12.6107 -48.2245 117.585
-126.543 -179.48 -71.7092 -12.3995 -47.6732 117.698
-126.604 -179.717 -71.1204 -12.189 -47.1229 117.807
-126.665 -179.951 -70.5311 -11.9791 -46.5735 117.913
-126.724 -180.182 -69.9413 -11.7699 -46.0252 118.014
-126.783 -180.411 -69.351 -11.5613 -45.4779 118.111
-126.84 -180.637 -68.7602 -11.3534 -44.9317 118.204
-126.896 -180.86 -68.1689 -11.1462 -44.3866 118.294
-126.951 -181.081 -67.5772 -10.9397 -43.8426 118.379
-127.005 -181.299 -66.9851 -10.7339 -43.2998 118.461
-127.059 -181.514 -66.3926 -10.5288 -42.7582 118.538
-127.111 -181.726 -65.7997 -10.3244 -42.2177 118.612
-127.162 -181.936 -65.2065 -10.1207 -41.6785 118.682
-127.212 -182.143 -64.6129 -9.91768 -41.1406 118.749
-127.261 -182.348 -64.019 -9.71543 -40.604 118.811
-127.309 -182.549 -63.4248 -9.5139 -40.0686 118.87
-127.356 -182.748 -62.8303 -9.31312 -39.5346 118.925
-127.402 -182.945 -62.2355 -9.11307 -39.0019 118.977
-127.447 -183.138 -61.6405 -8.91377 -38.4707 119.025
-127.491 -183.329 -61.0453 -8.71521 -37.9408 119.069
-127.534 -183.518 -60.4498 -8.51742 -37.4123 119.11
-127.577 -183.703 -59.8542 -8.32038 -36.8853 119.148
-127.618 -183.887 -59.2584 -8.1241 -36.3597 119.182
-127.658 -184.067 -58.6624 -7.9286 -35.8356 119.212
-127.697 -184.245 -58.0662 -7.73387 -35.313 119.239
-127.735 -184.42 -57.47 -7.53991 -34.7919 119.263
-127.772 -184.593 -56.8736 -7.34673 -34.2723 119.283
-127.809 -184.763 -56.2771 -7.15434 -33.7543 119.3
-127.844 -184.93 -55.6806 -6.96273 -33.2379 119.314
-127.878 -185.095 -55.084 -6.77192 -32.723 119.325
-127.912 -185.258 -54.4874 -6.58189 -32.2098 119.332
-127.944 -185.417 -53.8907 -6.39267 -31.6981 119.336
-127.976 -185.575 -53.294 -6.20424 -31.1881 119.337
-128.006 -185.729 -52.6973 -6.01662 -30.6798 119.335
-128.036 -185.881 -52.1006 -5.8298 -30.1731 119.33
-128.064 -186.031 -51.504 -5.64379 -29.668 119.322
-128.092 -186.178 -50.9074 -5.45858 -29.1647 119.31
