100 0 25 0 0 -49
99.9998 -6.43754e-05 24.7549 -0.0646934 -0.0257778 -49.0347
99.9994 -0.000257756 24.5097 -0.129486 -0.0516022 -49.0694
99.9985 -0.000580376 24.2642 -0.194377 -0.0774734 -49.1041
99.9974 -0.00103247 24.0186 -0.259367 -0.103391 -49.1387
99.9959 -0.00161427 23.7728 -0.324457 -0.129356 -49.1734
99.9942 -0.00232601 23.5269 -0.389646 -0.155368 -49.2079
99.9921 -0.00316793 23.2808 -0.454935 -0.181427 -49.2425
99.9896 -0.00414026 23.0345 -0.520324 -0.207533 -49.277
99.9868 -0.00524324 22.788 -0.585814 -0.233687 -49.3115
99.9838 -0.00647711 22.5413 -0.651404 -0.259888 -49.346
99.9803 -0.0078421 22.2945 -0.717095 -0.286136 -49.3805
99.9766 -0.00933845 22.0475 -0.782887 -0.312432 -49.4149
99.9725 -0.0109664 21.8004 -0.848781 -0.338776 -49.4493
99.9681 -0.0127262 21.553 -0.914776 -0.365167 -49.4836
99.9634 -0.014618 21.3055 -0.980872 -0.391606 -49.518
99.9583 -0.0166422 21.0579 -1.04707 -0.418093 -49.5523
99.9529 -0.0187989 20.81 -1.11337 -0.444628 -49.5866
99.9472 -0.0210885 20.562 -1.17978 -0.471211 -49.6208
99.9411 -0.023511 20.3138 -1.24628 -0.497842 -49.655
99.9347 -0.0260669 20.0654 -1.31289 -0.524521 -49.6892
99.928 -0.0287562 19.8169 -1.3796 -0.551249 -49.7234
99.9209 -0.0315793 19.5682 -1.44642 -0.578026 -49.7575
99.9135 -0.0345365 19.3193 -1.51334 -0.604851 -49.7916
99.9058 -0.0376278 19.0703 -1.58036 -0.631724 -49.8257
99.8977 -0.0408537 18.8211 -1.64749 -0.658646 -49.8597
99.8893 -0.0442143 18.5717 -1.71472 -0.685618 -49.8937
99.8805 -0.0477098 18.3221 -1.78206 -0.712638 -49.9277
99.8715 -0.0513406 18.0724 -1.8495 -0.739707 -49.9617
99.8621 -0.0551069 17.8225 -1.91705 -0.766825 -49.9956
99.8523 -0.0590089 17.5725 -1.9847 -0.793993 -50.0295
99.8422 -0.0630468 17.3222 -2.05246 -0.82121 -50.0633
99.8318 -0.0672209 17.0718 -2.12033 -0.848476 -50.0972
99.821 -0.0715315 16.8213 -2.1883 -0.875792 -50.131
99.8099 -0.0759788 16.5705 -2.25637 -0.903158 -50.1647
99.7984 -0.0805631 16.3196 -2.32456 -0.930573 -50.1984
99.7866 -0.0852845 16.0685 -2.39285 -0.958038 -50.2321
99.7745 -0.0901435 15.8173 -2.46125 -0.985553 -50.2658
99.762 -0.0951401 15.5659 -2.52975 -1.01312 -50.2994
99.7492 -0.100275 15.3143 -2.59837 -1.04073 -50.333
99.736 -0.105547 15.0625 -2.66709 -1.0684 -50.3666
99.7225 -0.110959 14.8106 -2.73592 -1.09612 -50.4002
99.7087 -0.116509 14.5585 -2.80486 -1.12388 -50.4337
99.6945 -0.122197 14.3063 -2.8739 -1.1517 -50.4671
99.6799 -0.128025 14.0539 -2.94306 -1.17957 -50.5006
99.6651 -0.133993 13.8013 -3.01233 -1.20749 -50.534
99.6498 -0.1401 13.5485 -3.0817 -1.23545 -50.5673
99.6342 -0.146348 13.2956 -3.15119 -1.26347 -50.6007
99.6183 -0.152735 13.0425 -3.22078 -1.29155 -50.634
99.602 -0.159263 12.7893 -3.29049 -1.31967 -50.6673
99.5854 -0.165932 12.5359 -3.3603 -1.34784 -50.7005
99.5684 -0.172741 12.2823 -3.43023 -1.37607 -50.7337
99.5511 -0.179692 12.0285 -3.50027 -1.40435 -50.7669
99.5334 -0.186785 11.7746 -3.57042 -1.43267 -50.8
99.5154 -0.194019 11.5205 -3.64068 -1.46105 -50.8331
99.497 -0.201395 11.2663 -3.71106 -1.48949 -50.8661
99.4783 -0.208914 11.0119 -3.78154 -1.51797 -50.8992
99.4592 -0.216575 10.7573 -3.85214 -1.54651 -50.9322
99.4398 -0.224379 10.5025 -3.92285 -1.5751 -50.9651
99.42 -0.232326 10.2476 -3.99368 -1.60374 -50.998
99.3998 -0.240416 9.99256 -4.06462 -1.63243 -51.0309
99.3793 -0.24865 9.73732 -4.13567 -1.66118 -51.0638
99.3585 -0.257028 9.48192 -4.20684 -1.68997 -51.0966
99.3373 -0.26555 9.22635 -4.27812 -1.71883 -51.1293
99.3157 -0.274216 8.97062 -4.34951 -1.74773 -51.1621
99.2938 -0.283027 8.71473 -4.42102 -1.77669 -51.1948
99.2715 -0.291983 8.45868 -4.49265 -1.8057 -51.2274
99.2488 -0.301084 8.20246 -4.56439 -1.83476 -51.2601
99.2258 -0.310331 7.94608 -4.63624 -1.86388 -51.2926
99.2025 -0.319723 7.68953 -4.70821 -1.89305 -51.3252
99.1788 -0.329261 7.43282 -4.7803 -1.92227 -51.3577
99.1547 -0.338946 7.17595 -4.85251 -1.95155 -51.3902
99.1302 -0.348777 6.91892 -4.92483 -1.98088 -51.4226
99.1054 -0.358754 6.66173 -4.99727 -2.01027 -51.455
99.0803 -0.368879 6.40437 -5.06982 -2.03971 -51.4874
99.0547 -0.379151 6.14685 -5.1425 -2.0692 -51.5197
99.0288 -0.389571 5.88918 -5.21529 -2.09875 -51.552
99.0026 -0.400139 5.63134 -5.2882 -2.12835 -51.5842
98.976 -0.410855 5.37333 -5.36122 -2.15801 -51.6164
98.949 -0.421719 5.11517 -5.43437 -2.18772 -51.6486
98.9216 -0.432732 4.85685 -5.50764 -2.21749 -51.6807
98.8939 -0.443894 4.59836 -5.58102 -2.24731 -51.7128
98.8658 -0.455205 4.33972 -5.65453 -2.27718 -51.7448
98.8373 -0.466666 4.08092 -5.72815 -2.30712 -51.7768
98.8085 -0.478276 3.82195 -5.8019 -2.3371 -51.8088
98.7793 -0.490037 3.56283 -5.87577 -2.36715 -51.8407
98.7498 -0.501948 3.30355 -5.94975 -2.39724 -51.8725
98.7198 -0.514009 3.0441 -6.02386 -2.4274 -51.9044
98.6895 -0.526221 2.7845 -6.09809 -2.45761 -51.9362
98.6588 -0.538585 2.52474 -6.17244 -2.48787 -51.9679
98.6278 -0.5511 2.26482 -6.24692 -2.51819 -51.9996
98.5964 -0.563767 2.00475 -6.32151 -2.54857 -52.0313
98.5646 -0.576586 1.74451 -6.39623 -2.579 -52.0629
98.5324 -0.589557 1.48412 -6.47108 -2.6095 -52.0945
98.4999 -0.602681 1.22357 -6.54604 -2.64004 -52.126
98.467 -0.615957 0.962856 -6.62113 -2.67065 -52.1575
98.4337 -0.629387 0.70199 -6.69634 -2.70131 -52.189
98.4 -0.64297 0.440966 -6.77168 -2.73202 -52.2204
98.3659 -0.656707 0.179786 -6.84714 -2.7628 -52.2517
98.3315 -0.670598 -0.081551 -6.92273 -2.79363 -52.2831
98.2967 -0.684644 -0.343045 -6.99844 -2.82452 -52.3143
98.2615 -0.698844 -0.604694 -7.07428 -2.85547 -52.3456
98.226 -0.713198 -0.8665 -7.15024 -2.88647 -52.3767
98.19 -0.727708 -1.12846 -7.22633 -2.91753 -52.4079
98.1537 -0.742374 -1.39058 -7.30255 -2.94865 -52.439
98.117 -0.757195 -1.65285 -7.37889 -2.97983 -52.47
98.0799 -0.772172 -1.91528 -7.45536 -3.01107 -52.501
98.0425 -0.787306 -2.17786 -7.53196 -3.04236 -52.532
98.0046 -0.802596 -2.4406 -7.60868 -3.07372 -52.5629
97.9664 -0.818043 -2.70349 -7.68554 -3.10513 -52.5937
97.9277 -0.833647 -2.96654 -7.76252 -3.1366 -52.6245
97.8887 -0.849409 -3.22974 -7.83963 -3.16813 -52.6553
97.8493 -0.865328 -3.49309 -7.91687 -3.19972 -52.686
97.8096 -0.881406 -3.7566 -7.99424 -3.23136 -52.7167
97.7694 -0.897642 -4.02026 -8.07173 -3.26307 -52.7473
97.7289 -0.914036 -4.28407 -8.14936 -3.29484 -52.7779
97.6879 -0.93059 -4.54804 -8.22712 -3.32666 -52.8084
97.6466 -0.947303 -4.81215 -8.30501 -3.35855 -52.8389
97.6049 -0.964176 -5.07642 -8.38303 -3.39049 -52.8693
97.5628 -0.981208 -5.34085 -8.46118 -3.4225 -52.8997
97.5203 -0.998401 -5.60542 -8.53947 -3.45456 -52.93
97.4774 -1.01575 -5.87015 -8.61788 -3.48669 -52.9603
97.4341 -1.03327 -6.13502 -8.69643 -3.51888 -52.9905
97.3904 -1.05094 -6.40005 -8.77511 -3.55112 -53.0207
97.3463 -1.06878 -6.66523 -8.85392 -3.58343 -53.0508
97.3019 -1.08678 -6.93056 -8.93287 -3.6158 -53.0809
97.257 -1.10494 -7.19604 -9.01195 -3.64823 -53.1109
97.2117 -1.12326 -7.46167 -9.09116 -3.68072 -53.1409
97.1661 -1.14174 -7.72745 -9.17051 -3.71327 -53.1708
97.12 -1.16039 -7.99338 -9.24999 -3.74588 -53.2007
97.0736 -1.1792 -8.25946 -9.32961 -3.77856 -53.2305
97.0267 -1.19818 -8.52568 -9.40936 -3.81129 -53.2603
96.9795 -1.21732 -8.79206 -9.48925 -3.84409 -53.29
96.9318 -1.23662 -9.05858 -9.56928 -3.87695 -53.3197
96.8838 -1.25609 -9.32526 -9.64944 -3.90988 -53.3493
96.8353 -1.27572 -9.59208 -9.72974 -3.94286 -53.3788
96.7865 -1.29551 -9.85904 -9.81017 -3.97591 -53.4083
96.7372 -1.31548 -10.1262 -9.89074 -4.00902 -53.4377
96.6876 -1.3356 -10.3934 -9.97146 -4.04219 -53.4671
96.6375 -1.3559 -10.6608 -10.0523 -4.07543 -53.4965
96.5871 -1.37636 -10.9284 -10.1333 -4.10872 -53.5257
96.5362 -1.39698 -11.1961 -10.2144 -4.14209 -53.555
96.4849 -1.41778 -11.4639 -10.2957 -4.17551 -53.5841
96.4332 -1.43874 -11.7319 -10.3771 -4.209 -53.6132
96.3811 -1.45987 -12.0001 -10.4586 -4.24255 -53.6423
96.3287 -1.48117 -12.2684 -10.5403 -4.27617 -53.6713
96.2757 -1.50263 -12.5368 -10.6221 -4.30985 -53.7002
96.2224 -1.52426 -12.8054 -10.7041 -4.34359 -53.7291
96.1687 -1.54607 -13.0741 -10.7862 -4.3774 -53.7579
96.1146 -1.56804 -13.3429 -10.8685 -4.41127 -53.7867
96.06 -1.59018 -13.6119 -10.9509 -4.44521 -53.8154
96.0051 -1.61249 -13.8811 -11.0334 -4.47921 -53.844
95.9497 -1.63497 -14.1504 -11.1161 -4.51328 -53.8726
95.8939 -1.65762 -14.4198 -11.1989 -4.54741 -53.9011
95.8377 -1.68045 -14.6894 -11.2818 -4.58161 -53.9296
95.7811 -1.70344 -14.9591 -11.3649 -4.61587 -53.958
95.724 -1.7266 -15.229 -11.4482 -4.6502 -53.9863
95.6666 -1.74994 -15.499 -11.5316 -4.6846 -54.0146
95.6087 -1.77345 -15.7691 -11.6151 -4.71906 -54.0428
95.5504 -1.79713 -16.0394 -11.6988 -4.75358 -54.071
95.4917 -1.82099 -16.3098 -11.7826 -4.78817 -54.0991
95.4326 -1.84501 -16.5804 -11.8666 -4.82283 -54.1271
95.3731 -1.86921 -16.8511 -11.9507 -4.85756 -54.1551
95.3131 -1.89359 -17.1219 -12.035 -4.89235 -54.183
95.2527 -1.91814 -17.3929 -12.1194 -4.92721 -54.2108
95.1919 -1.94286 -17.664 -12.204 -4.96213 -54.2386
95.1307 -1.96776 -17.9353 -12.2887 -4.99712 -54.2663
95.069 -1.99283 -18.2067 -12.3736 -5.03218 -54.294
95.007 -2.01808 -18.4783 -12.4586 -5.06731 -54.3215
94.9444 -2.04351 -18.7499 -12.5437 -5.1025 -54.3491
94.8815 -2.06911 -19.0217 -12.629 -5.13777 -54.3765
94.8182 -2.09488 -19.2937 -12.7145 -5.1731 -54.4039
94.7544 -2.12084 -19.5658 -12.8001 -5.20849 -54.4312
94.6902 -2.14697 -19.838 -12.8859 -5.24396 -54.4585
94.6255 -2.17328 -20.1104 -12.9718 -5.27949 -54.4857
94.5604 -2.19976 -20.3829 -13.0578 -5.3151 -54.5128
94.4949 -2.22643 -20.6555 -13.1441 -5.35077 -54.5398
94.429 -2.25327 -20.9283 -13.2304 -5.38651 -54.5668
94.3626 -2.28029 -21.2012 -13.3169 -5.42232 -54.5937
94.2958 -2.30749 -21.4742 -13.4036 -5.4582 -54.6206
94.2286 -2.33487 -21.7474 -13.4904 -5.49415 -54.6473
94.1609 -2.36243 -22.0207 -13.5774 -5.53017 -54.674
94.0928 -2.39018 -22.2941 -13.6645 -5.56625 -54.7007
94.0243 -2.4181 -22.5677 -13.7518 -5.60241 -54.7272
93.9553 -2.4462 -22.8414 -13.8393 -5.63864 -54.7537
93.8859 -2.47448 -23.1152 -13.9268 -5.67494 -54.7801
93.816 -2.50295 -23.3892 -14.0146 -5.7113 -54.8065
93.7457 -2.5316 -23.6633 -14.1025 -5.74774 -54.8328
93.675 -2.56043 -23.9375 -14.1906 -5.78425 -54.859
93.6038 -2.58944 -24.2119 -14.2788 -5.82083 -54.8851
93.5322 -2.61863 -24.4864 -14.3672 -5.85748 -54.9111
93.4602 -2.64801 -24.761 -14.4557 -5.89421 -54.9371
93.3877 -2.67758 -25.0357 -14.5444 -5.931 -54.963
93.3147 -2.70732 -25.3106 -14.6332 -5.96786 -54.9888
93.2413 -2.73726 -25.5856 -14.7222 -6.0048 -55.0146
93.1675 -2.76737 -25.8608 -14.8114 -6.04181 -55.0403
93.0932 -2.79767 -26.136 -14.9007 -6.07889 -55.0658
93.0185 -2.82816 -26.4114 -14.9902 -6.11604 -55.0914
92.9433 -2.85883 -26.6869 -15.0799 -6.15327 -55.1168
92.8677 -2.88969 -26.9626 -15.1697 -6.19057 -55.1422
92.7916 -2.92074 -27.2384 -15.2597 -6.22794 -55.1675
92.7151 -2.95197 -27.5143 -15.3498 -6.26538 -55.1927
92.6381 -2.98339 -27.7903 -15.4401 -6.3029 -55.2178
92.5607 -3.015 -28.0664 -15.5305 -6.34049 -55.2428
92.4828 -3.0468 -28.3427 -15.6212 -6.37815 -55.2678
92.4045 -3.07878 -28.6191 -15.7119 -6.41588 -55.2927
92.3257 -3.11096 -28.8956 -15.8029 -6.45369 -55.3175
92.2464 -3.14332 -29.1723 -15.894 -6.49158 -55.3422
92.1668 -3.17587 -29.4491 -15.9853 -6.52954 -55.3668
92.0866 -3.20862 -29.726 -16.0767 -6.56757 -55.3914
92.006 -3.24155 -30.003 -16.1683 -6.60567 -55.4159
91.9249 -3.27467 -30.2801 -16.2601 -6.64386 -55.4403
91.8434 -3.30799 -30.5574 -16.352 -6.68211 -55.4646
91.7614 -3.34149 -30.8348 -16.4441 -6.72044 -55.4888
91.6789 -3.37519 -31.1123 -16.5364 -6.75885 -55.5129
91.596 -3.40908 -31.3899 -16.6288 -6.79733 -55.537
91.5127 -3.44316 -31.6676 -16.7214 -6.83589 -55.5609
91.4288 -3.47744 -31.9455 -16.8142 -6.87452 -55.5848
91.3445 -3.51191 -32.2235 -16.9071 -6.91323 -55.6086
91.2597 -3.54657 -32.5016 -17.0002 -6.95201 -55.6323
91.1745 -3.58143 -32.7798 -17.0935 -6.99087 -55.6559
91.0888 -3.61648 -33.0581 -17.187 -7.0298 -55.6794
91.0026 -3.65173 -33.3366 -17.2806 -7.06882 -55.7028
90.916 -3.68717 -33.6152 -17.3744 -7.10791 -55.7262
90.8289 -3.72281 -33.8939 -17.4683 -7.14707 -55.7494
90.7413 -3.75864 -34.1727 -17.5625 -7.18631 -55.7726
90.6533 -3.79467 -34.4516 -17.6568 -7.22563 -55.7956
90.5648 -3.8309 -34.7306 -17.7513 -7.26503 -55.8186
90.4758 -3.86732 -35.0098 -17.8459 -7.30451 -55.8415
90.3863 -3.90394 -35.289 -17.9407 -7.34406 -55.8642
90.2964 -3.94076 -35.5684 -18.0357 -7.38369 -55.8869
90.2059 -3.97778 -35.8479 -18.1309 -7.4234 -55.9095
90.115 -4.01499 -36.1275 -18.2262 -7.46318 -55.932
90.0237 -4.05241 -36.4072 -18.3218 -7.50305 -55.9544
89.9318 -4.09003 -36.6871 -18.4175 -7.54299 -55.9767
89.8395 -4.12784 -36.967 -18.5133 -7.58301 -55.9989
89.7467 -4.16586 -37.247 -18.6094 -7.62311 -56.021
89.6534 -4.20407 -37.5272 -18.7056 -7.66329 -56.0431
89.5596 -4.24249 -37.8075 -18.802 -7.70355 -56.065
89.4654 -4.28111 -38.0879 -18.8986 -7.74389 -56.0868
89.3706 -4.31993 -38.3683 -18.9953 -7.78431 -56.1085
89.2754 -4.35895 -38.6489 -19.0923 -7.8248 -56.1301
89.1797 -4.39817 -38.9296 -19.1894 -7.86538 -56.1516
89.0835 -4.4376 -39.2105 -19.2867 -7.90604 -56.173
88.9869 -4.47724 -39.4914 -19.3842 -7.94678 -56.1943
88.8897 -4.51707 -39.7724 -19.4818 -7.9876 -56.2155
88.792 -4.55711 -40.0535 -19.5797 -8.02849 -56.2366
88.6939 -4.59736 -40.3348 -19.6777 -8.06947 -56.2576
88.5953 -4.63781 -40.6161 -19.7759 -8.11053 -56.2785
88.4961 -4.67846 -40.8975 -19.8743 -8.15167 -56.2993
88.3965 -4.71932 -41.1791 -19.9728 -8.1929 -56.3199
88.2964 -4.76039 -41.4607 -20.0716 -8.2342 -56.3405
88.1958 -4.80166 -41.7425 -20.1705 -8.27559 -56.3609
88.0947 -4.84315 -42.0244 -20.2696 -8.31706 -56.3813
87.9931 -4.88484 -42.3063 -20.3689 -8.3586 -56.4015
87.891 -4.92673 -42.5884 -20.4684 -8.40024 -56.4216
87.7884 -4.96884 -42.8705 -20.5681 -8.44195 -56.4416
87.6853 -5.01115 -43.1528 -20.6679 -8.48375 -56.4615
87.5817 -5.05367 -43.4351 -20.768 -8.52563 -56.4813
87.4777 -5.09641 -43.7176 -20.8682 -8.56759 -56.501
87.3731 -5.13935 -44.0002 -20.9686 -8.60963 -56.5206
87.268 -5.1825 -44.2828 -21.0692 -8.65176 -56.54
87.1624 -5.22587 -44.5656 -21.17 -8.69397 -56.5593
87.0563 -5.26944 -44.8484 -21.271 -8.73627 -56.5786
86.9497 -5.31323 -45.1313 -21.3721 -8.77865 -56.5976
86.8425 -5.35723 -45.4144 -21.4735 -8.82111 -56.6166
86.7349 -5.40144 -45.6975 -21.575 -8.86366 -56.6355
86.6268 -5.44587 -45.9807 -21.6768 -8.90629 -56.6542
86.5182 -5.4905 -46.2641 -21.7787 -8.949 -56.6728
86.409 -5.53536 -46.5475 -21.8808 -8.9918 -56.6913
86.2994 -5.58042 -46.831 -21.9831 -9.03469 -56.7097
86.1892 -5.6257 -47.1146 -22.0856 -9.07766 -56.728
86.0785 -5.6712 -47.3982 -22.1883 -9.12071 -56.7461
85.9673 -5.71691 -47.682 -22.2912 -9.16385 -56.7641
85.8556 -5.76284 -47.9659 -22.3943 -9.20708 -56.782
85.7434 -5.80898 -48.2498 -22.4976 -9.25039 -56.7997
85.6306 -5.85534 -48.5339 -22.601 -9.29378 -56.8174
85.5173 -5.90192 -48.818 -22.7047 -9.33727 -56.8349
85.4036 -5.94871 -49.1022 -22.8086 -9.38083 -56.8522
85.2893 -5.99573 -49.3865 -22.9126 -9.42449 -56.8695
85.1744 -6.04296 -49.6709 -23.0169 -9.46823 -56.8866
85.0591 -6.09041 -49.9554 -23.1213 -9.51206 -56.9036
84.9432 -6.13808 -50.24 -23.226 -9.55597 -56.9204
84.8268 -6.18597 -50.5246 -23.3308 -9.59997 -56.9371
84.7099 -6.23408 -50.8093 -23.4359 -9.64406 -56.9537
84.5925 -6.28241 -51.0941 -23.5411 -9.68824 -56.9702
84.4745 -6.33096 -51.379 -23.6466 -9.7325 -56.9865
84.356 -6.37973 -51.664 -23.7522 -9.77685 -57.0026
84.237 -6.42873 -51.9491 -23.858 -9.82129 -57.0187
84.1174 -6.47795 -52.2342 -23.9641 -9.86581 -57.0346
83.9973 -6.52739 -52.5194 -24.0703 -9.91042 -57.0503
83.8767 -6.57705 -52.8047 -24.1768 -9.95513 -57.066
83.7556 -6.62694 -53.0901 -24.2834 -9.99992 -57.0814
83.6339 -6.67705 -53.3755 -24.3903 -10.0448 -57.0968
83.5117 -6.72739 -53.661 -24.4973 -10.0898 -57.112
83.3889 -6.77795 -53.9466 -24.6046 -10.1348 -57.127
83.2656 -6.82874 -54.2323 -24.7121 -10.18 -57.1419
83.1418 -6.87975 -54.518 -24.8197 -10.2252 -57.1567
83.0174 -6.93099 -54.8039 -24.9276 -10.2705 -57.1713
82.8925 -6.98245 -55.0898 -25.0357 -10.3159 -57.1858
82.7671 -7.03415 -55.3757 -25.144 -10.3614 -57.2001
82.6411 -7.08607 -55.6618 -25.2525 -10.407 -57.2143
82.5145 -7.13822 -55.9479 -25.3612 -10.4527 -57.2283
82.3875 -7.19059 -56.234 -25.4701 -10.4985 -57.2422
82.2598 -7.2432 -56.5203 -25.5792 -10.5443 -57.2559
82.1317 -7.29604 -56.8066 -25.6885 -10.5903 -57.2695
82.003 -7.3491 -57.093 -25.7981 -10.6363 -57.2829
81.8737 -7.4024 -57.3794 -25.9078 -10.6825 -57.2961
81.7439 -7.45593 -57.6659 -26.0178 -10.7287 -57.3092
81.6135 -7.50969 -57.9525 -26.128 -10.775 -57.3222
81.4826 -7.56368 -58.2392 -26.2383 -10.8214 -57.335
81.3511 -7.6179 -58.5259 -26.3489 -10.8679 -57.3476
81.2191 -7.67236 -58.8126 -26.4597 -10.9145 -57.36
81.0865 -7.72705 -59.0995 -26.5707 -10.9612 -57.3724
80.9534 -7.78197 -59.3864 -26.682 -11.0079 -57.3845
80.8197 -7.83713 -59.6733 -26.7934 -11.0548 -57.3965
80.6855 -7.89252 -59.9603 -26.9051 -11.1018 -57.4083
80.5507 -7.94814 -60.2474 -27.0169 -11.1488 -57.42
80.4153 -8.00401 -60.5345 -27.129 -11.196 -57.4314
80.2794 -8.0601 -60.8217 -27.2413 -11.2432 -57.4428
80.1429 -8.11644 -61.109 -27.3538 -11.2905 -57.4539
80.0058 -8.17301 -61.3963 -27.4666 -11.3379 -57.4649
79.8682 -8.22982 -61.6836 -27.5795 -11.3855 -57.4757
79.73 -8.28686 -61.971 -27.6927 -11.4331 -57.4863
79.5913 -8.34415 -62.2585 -27.8061 -11.4808 -57.4968
79.452 -8.40167 -62.546 -27.9197 -11.5286 -57.5071
79.3121 -8.45943 -62.8335 -28.0335 -11.5765 -57.5172
79.1716 -8.51744 -63.1212 -28.1475 -11.6245 -57.5272
79.0306 -8.57568 -63.4088 -28.2618 -11.6726 -57.5369
78.889 -8.63416 -63.6965 -28.3763 -11.7207 -57.5465
78.7469 -8.69288 -63.9843 -28.491 -11.769 -57.5559
78.6041 -8.75185 -64.2721 -28.6059 -11.8174 -57.5651
78.4608 -8.81106 -64.5599 -28.721 -11.8659 -57.5742
78.3169 -8.87051 -64.8478 -28.8364 -11.9144 -57.583
78.1724 -8.9302 -65.1358 -28.9519 -11.9631 -57.5917
78.0274 -8.99014 -65.4237 -29.0677 -12.0119 -57.6002
77.8818 -9.05032 -65.7118 -29.1838 -12.0607 -57.6085
77.7355 -9.11075 -65.9998 -29.3 -12.1097 -57.6166
77.5888 -9.17142 -66.2879 -29.4165 -12.1587 -57.6245
77.4414 -9.23233 -66.5761 -29.5332 -12.2079 -57.6323
77.2934 -9.2935 -66.8643 -29.6501 -12.2572 -57.6398
77.1449 -9.35491 -67.1525 -29.7673 -12.3065 -57.6471
76.9957 -9.41656 -67.4407 -29.8846 -12.356 -57.6543
76.846 -9.47847 -67.729 -30.0022 -12.4055 -57.6612
76.6957 -9.54062 -68.0173 -30.1201 -12.4552 -57.668
76.5448 -9.60302 -68.3057 -30.2381 -12.5049 -57.6745
76.3933 -9.66567 -68.5941 -30.3564 -12.5548 -57.6809
76.2413 -9.72857 -68.8825 -30.4749 -12.6047 -57.6871
76.0886 -9.79171 -69.171 -30.5937 -12.6548 -57.693
75.9353 -9.85511 -69.4594 -30.7126 -12.705 -57.6988
75.7815 -9.91876 -69.7479 -30.8318 -12.7552 -57.7043
75.627 -9.98266 -70.0365 -30.9513 -12.8056 -57.7096
75.472 -10.0468 -70.325 -31.0709 -12.856 -57.7148
75.3163 -10.1112 -70.6136 -31.1908 -12.9066 -57.7197
75.16 -10.1759 -70.9022 -31.3109 -12.9573 -57.7244
75.0032 -10.2408 -71.1909 -31.4313 -13.0081 -57.7289
74.8457 -10.306 -71.4795 -31.5519 -13.059 -57.7332
74.6877 -10.3714 -71.7682 -31.6727 -13.1099 -57.7372
74.529 -10.4371 -72.0569 -31.7938 -13.161 -57.7411
74.3697 -10.503 -72.3456 -31.915 -13.2122 -57.7447
74.2099 -10.5692 -72.6343 -32.0366 -13.2635 -57.7481
74.0494 -10.6356 -72.9231 -32.1583 -13.3149 -57.7513
73.8883 -10.7023 -73.2119 -32.2803 -13.3665 -57.7543
73.7266 -10.7693 -73.5006 -32.4025 -13.4181 -57.757
73.5642 -10.8365 -73.7894 -32.525 -13.4698 -57.7595
73.4013 -10.904 -74.0782 -32.6477 -13.5216 -57.7618
73.2378 -10.9717 -74.367 -32.7707 -13.5736 -57.7639
73.0736 -11.0397 -74.6559 -32.8938 -13.6256 -57.7657
72.9088 -11.108 -74.9447 -33.0173 -13.6778 -57.7673
72.7434 -11.1765 -75.2335 -33.1409 -13.7301 -57.7687
72.5774 -11.2453 -75.5224 -33.2648 -13.7825 -57.7698
72.4108 -11.3143 -75.8112 -33.3889 -13.835 -57.7707
72.2435 -11.3836 -76.1001 -33.5133 -13.8876 -57.7714
72.0757 -11.4532 -76.389 -33.6379 -13.9403 -57.7718
71.9072 -11.523 -76.6778 -33.7628 -13.9931 -57.772
71.738 -11.5931 -76.9667 -33.8879 -14.046 -57.7719
71.5683 -11.6635 -77.2555 -34.0133 -14.0991 -57.7716
71.3979 -11.7341 -77.5444 -34.1388 -14.1523 -57.7711
71.2269 -11.805 -77.8332 -34.2647 -14.2055 -57.7703
71.0552 -11.8762 -78.1221 -34.3908 -14.2589 -57.7692
70.883 -11.9476 -78.4109 -34.5171 -14.3124 -57.7679
70.7101 -12.0193 -78.6998 -34.6436 -14.3661 -57.7664
70.5365 -12.0913 -78.9886 -34.7705 -14.4198 -57.7646
70.3624 -12.1635 -79.2774 -34.8975 -14.4737 -57.7625
70.1876 -12.236 -79.5662 -35.0248 -14.5276 -57.7602
70.0121 -12.3088 -79.855 -35.1524 -14.5817 -57.7576
69.836 -12.3818 -80.1438 -35.2802 -14.6359 -57.7548
69.6593 -12.4551 -80.4326 -35.4082 -14.6902 -57.7517
69.482 -12.5287 -80.7213 -35.5365 -14.7447 -57.7484
69.304 -12.6026 -81.01 -35.6651 -14.7992 -57.7448
69.1253 -12.6767 -81.2988 -35.7939 -14.8539 -57.7409
68.946 -12.7511 -81.5875 -35.9229 -14.9087 -57.7367
68.7661 -12.8258 -81.8761 -36.0522 -14.9636 -57.7323
68.5855 -12.9008 -82.1648 -36.1818 -15.0187 -57.7276
68.4043 -12.976 -82.4534 -36.3116 -15.0738 -57.7226
68.2224 -13.0515 -82.742 -36.4416 -15.1291 -57.7174
68.0398 -13.1273 -83.0306 -36.5719 -15.1845 -57.7119
67.8567 -13.2033 -83.3191 -36.7025 -15.24 -57.7061
67.6728 -13.2797 -83.6076 -36.8333 -15.2957 -57.7
67.4883 -13.3563 -83.8961 -36.9644 -15.3515 -57.6937
67.3032 -13.4332 -84.1846 -37.0957 -15.4074 -57.687
67.1174 -13.5104 -84.473 -37.2273 -15.4634 -57.6801
66.9309 -13.5878 -84.7614 -37.3591 -15.5195 -57.6729
66.7438 -13.6656 -85.0497 -37.4912 -15.5758 -57.6654
66.556 -13.7436 -85.338 -37.6236 -15.6322 -57.6576
66.3675 -13.8219 -85.6263 -37.7562 -15.6887 -57.6496
66.1784 -13.9005 -85.9145 -37.889 -15.7454 -57.6412
65.9887 -13.9793 -86.2027 -38.0222 -15.8022 -57.6325
65.7982 -14.0585 -86.4909 -38.1555 -15.8591 -57.6236
65.6071 -14.1379 -86.7789 -38.2892 -15.9161 -57.6143
65.4153 -14.2177 -87.067 -38.4231 -15.9733 -57.6047
65.2229 -14.2977 -87.355 -38.5572 -16.0306 -57.5949
65.0297 -14.378 -87.6429 -38.6917 -16.0881 -57.5847
64.836 -14.4586 -87.9308 -38.8263 -16.1456 -57.5742
64.6415 -14.5394 -88.2187 -38.9613 -16.2033 -57.5635
64.4463 -14.6206 -88.5065 -39.0965 -16.2612 -57.5524
64.2505 -14.702 -88.7942 -39.232 -16.3191 -57.541
64.054 -14.7838 -89.0819 -39.3677 -16.3772 -57.5292
63.8568 -14.8658 -89.3695 -39.5037 -16.4355 -57.5172
63.659 -14.9481 -89.6571 -39.64 -16.4939 -57.5049
63.4604 -15.0307 -89.9446 -39.7765 -16.5524 -57.4922
63.2612 -15.1137 -90.232 -39.9133 -16.611 -57.4792
63.0613 -15.1969 -90.5193 -40.0503 -16.6698 -57.4659
62.8607 -15.2804 -90.8066 -40.1876 -16.7287 -57.4523
62.6594 -15.3641 -91.0939 -40.3252 -16.7878 -57.4383
62.4575 -15.4482 -91.381 -40.4631 -16.847 -57.424
62.2548 -15.5326 -91.6681 -40.6012 -16.9063 -57.4094
62.0514 -15.6173 -91.9551 -40.7396 -16.9658 -57.3945
61.8474 -15.7023 -92.2421 -40.8783 -17.0254 -57.3792
61.6427 -15.7875 -92.5289 -41.0172 -17.0851 -57.3636
61.4372 -15.8731 -92.8157 -41.1564 -17.145 -57.3476
61.2311 -15.959 -93.1024 -41.2959 -17.2051 -57.3313
61.0243 -16.0452 -93.389 -41.4356 -17.2653 -57.3147
60.8167 -16.1317 -93.6755 -41.5756 -17.3256 -57.2977
60.6085 -16.2184 -93.962 -41.7159 -17.386 -57.2804
60.3996 -16.3055 -94.2483 -41.8565 -17.4467 -57.2627
60.19 -16.3929 -94.5346 -41.9973 -17.5074 -57.2447
59.9796 -16.4806 -94.8208 -42.1384 -17.5683 -57.2263
59.7686 -16.5686 -95.1069 -42.2798 -17.6294 -57.2076
59.5568 -16.6569 -95.3929 -42.4214 -17.6906 -57.1885
59.3444 -16.7455 -95.6788 -42.5633 -17.7519 -57.1691
59.1312 -16.8344 -95.9645 -42.7055 -17.8134 -57.1493
58.9173 -16.9236 -96.2502 -42.848 -17.875 -57.1291
58.7027 -17.0131 -96.5358 -42.9907 -17.9368 -57.1086
58.4874 -17.103 -96.8213 -43.1337 -17.9987 -57.0877
58.2714 -17.1931 -97.1067 -43.277 -18.0608 -57.0665
58.0546 -17.2836 -97.392 -43.4206 -18.1231 -57.0448
57.8372 -17.3744 -97.6772 -43.5645 -18.1854 -57.0228
57.619 -17.4655 -97.9622 -43.7086 -18.248 -57.0005
57.4001 -17.5568 -98.2472 -43.853 -18.3107 -56.9777
57.1804 -17.6486 -98.532 -43.9977 -18.3735 -56.9546
56.9601 -17.7406 -98.8167 -44.1426 -18.4365 -56.9311
56.739 -17.8329 -99.1013 -44.2879 -18.4996 -56.9072
56.5172 -17.9256 -99.3858 -44.4334 -18.5629 -56.8829
56.2947 -18.0186 -99.6701 -44.5792 -18.6264 -56.8583
56.0714 -18.1118 -99.9544 -44.7252 -18.69 -56.8332
55.8474 -18.2054 -100.238 -44.8716 -18.7537 -56.8078
55.6227 -18.2994 -100.522 -45.0182 -18.8176 -56.782
55.3973 -18.3936 -100.806 -45.1652 -18.8817 -56.7558
55.1711 -18.4882 -101.09 -45.3123 -18.9459 -56.7291
54.9441 -18.5831 -101.374 -45.4598 -19.0103 -56.7021
54.7165 -18.6783 -101.657 -45.6076 -19.0748 -56.6747
54.4881 -18.7738 -101.94 -45.7556 -19.1395 -56.6469
54.2589 -18.8697 -102.223 -45.904 -19.2044 -56.6186
54.029 -18.9659 -102.507 -46.0526 -19.2694 -56.59
53.7984 -19.0624 -102.789 -46.2014 -19.3345 -56.561
53.567 -19.1592 -103.072 -46.3506 -19.3999 -56.5315
53.3349 -19.2564 -103.355 -46.5001 -19.4653 -56.5016
53.102 -19.3539 -103.637 -46.6498 -19.531 -56.4713
52.8684 -19.4517 -103.919 -46.7998 -19.5968 -56.4406
52.634 -19.5498 -104.202 -46.9501 -19.6627 -56.4094
52.3989 -19.6483 -104.484 -47.1007 -19.7289 -56.3779
52.163 -19.7471 -104.765 -47.2516 -19.7951 -56.3459
51.9264 -19.8463 -105.047 -47.4028 -19.8616 -56.3135
51.689 -19.9457 -105.328 -47.5542 -19.9282 -56.2806
51.4508 -20.0456 -105.61 -47.7059 -19.995 -56.2473
51.2119 -20.1457 -105.891 -47.858 -20.0619 -56.2136
50.9722 -20.2462 -106.172 -48.0103 -20.129 -56.1794
50.7318 -20.347 -106.453 -48.1629 -20.1962 -56.1448
50.4906 -20.4481 -106.733 -48.3157 -20.2637 -56.1098
50.2486 -20.5496 -107.014 -48.4689 -20.3312 -56.0743
50.0059 -20.6514 -107.294 -48.6223 -20.399 -56.0383
49.7624 -20.7536 -107.574 -48.7761 -20.4669 -56.0019
49.5182 -20.8561 -107.854 -48.9301 -20.535 -55.965
49.2731 -20.959 -108.134 -49.0844 -20.6032 -55.9277
49.0273 -21.0621 -108.413 -49.239 -20.6716 -55.8899
48.7807 -21.1657 -108.693 -49.3939 -20.7402 -55.8517
48.5334 -21.2696 -108.972 -49.549 -20.8089 -55.813
48.2852 -21.3738 -109.251 -49.7045 -20.8778 -55.7738
48.0363 -21.4783 -109.53 -49.8602 -20.9468 -55.7342
47.7866 -21.5832 -109.808 -50.0162 -21.0161 -55.6941
47.5362 -21.6885 -110.087 -50.1726 -21.0855 -55.6535
47.2849 -21.7941 -110.365 -50.3292 -21.155 -55.6124
47.0329 -21.9 -110.643 -50.486 -21.2248 -55.5708
46.78 -22.0063 -110.92 -50.6432 -21.2946 -55.5288
46.5264 -22.113 -111.198 -50.8007 -21.3647 -55.4863
46.272 -22.22 -111.475 -50.9584 -21.4349 -55.4432
46.0169 -22.3273 -111.752 -51.1165 -21.5053 -55.3997
45.7609 -22.435 -112.029 -51.2748 -21.5759 -55.3557
45.5041 -22.5431 -112.306 -51.4334 -21.6466 -55.3112
45.2465 -22.6515 -112.582 -51.5923 -21.7175 -55.2662
44.9882 -22.7603 -112.859 -51.7515 -21.7886 -55.2207
44.729 -22.8694 -113.135 -51.911 -21.8598 -55.1747
44.4691 -22.9789 -113.41 -52.0707 -21.9312 -55.1281
44.2083 -23.0887 -113.686 -52.2308 -22.0028 -55.0811
43.9468 -23.1989 -113.961 -52.3911 -22.0745 -55.0335
43.6844 -23.3094 -114.236 -52.5517 -22.1464 -54.9854
43.4213 -23.4204 -114.511 -52.7126 -22.2185 -54.9368
43.1573 -23.5316 -114.786 -52.8738 -22.2907 -54.8877
42.8925 -23.6433 -115.06 -53.0353 -22.3631 -54.838
42.6269 -23.7553 -115.334 -53.197 -22.4357 -54.7878
42.3605 -23.8676 -115.608 -53.3591 -22.5084 -54.7371
42.0933 -23.9803 -115.881 -53.5214 -22.5813 -54.6858
41.8253 -24.0934 -116.155 -53.684 -22.6544 -54.634
41.5565 -24.2069 -116.428 -53.8469 -22.7277 -54.5817
41.2869 -24.3207 -116.701 -54.0101 -22.8011 -54.5288
41.0164 -24.4349 -116.973 -54.1736 -22.8747 -54.4753
40.7451 -24.5495 -117.245 -54.3373 -22.9484 -54.4213
40.473 -24.6644 -117.517 -54.5014 -23.0223 -54.3668
40.2001 -24.7797 -117.789 -54.6657 -23.0964 -54.3116
39.9264 -24.8953 -118.06 -54.8303 -23.1707 -54.2559
39.6518 -25.0114 -118.331 -54.9952 -23.2451 -54.1997
39.3764 -25.1278 -118.602 -55.1603 -23.3197 -54.1429
39.1002 -25.2446 -118.873 -55.3258 -23.3945 -54.0854
38.8232 -25.3617 -119.143 -55.4915 -23.4694 -54.0275
38.5453 -25.4793 -119.413 -55.6575 -23.5445 -53.9689
38.2666 -25.5972 -119.683 -55.8238 -23.6197 -53.9097
37.9871 -25.7155 -119.952 -55.9903 -23.6952 -53.85
37.7067 -25.8341 -120.221 -56.1572 -23.7708 -53.7897
37.4255 -25.9532 -120.49 -56.3243 -23.8465 -53.7288
37.1434 -26.0726 -120.759 -56.4917 -23.9225 -53.6672
36.8606 -26.1924 -121.027 -56.6594 -23.9986 -53.6051
36.5768 -26.3126 -121.295 -56.8274 -24.0748 -53.5424
36.2923 -26.4332 -121.562 -56.9956 -24.1513 -53.479
36.0069 -26.5541 -121.83 -57.1641 -24.2279 -53.4151
35.7206 -26.6754 -122.096 -57.3329 -24.3047 -53.3505
35.4336 -26.7971 -122.363 -57.5019 -24.3816 -53.2853
35.1456 -26.9192 -122.629 -57.6713 -24.4587 -53.2195
34.8568 -27.0417 -122.895 -57.8409 -24.536 -53.153
34.5672 -27.1646 -123.161 -58.0107 -24.6134 -53.0859
34.2767 -27.2879 -123.426 -58.1809 -24.691 -53.0182
33.9854 -27.4115 -123.691 -58.3513 -24.7687 -52.9498
33.6932 -27.5356 -123.956 -58.522 -24.8467 -52.8808
33.4002 -27.66 -124.22 -58.6929 -24.9248 -52.8112
33.1063 -27.7848 -124.484 -58.8642 -25.003 -52.7409
32.8115 -27.91 -124.747 -59.0357 -25.0814 -52.6699
32.5159 -28.0356 -125.01 -59.2074 -25.16 -52.5983
32.2195 -28.1616 -125.273 -59.3794 -25.2388 -52.526
31.9221 -28.288 -125.536 -59.5517 -25.3177 -52.4531
31.624 -28.4148 -125.798 -59.7243 -25.3967 -52.3794
31.3249 -28.542 -126.059 -59.8971 -25.476 -52.3051
31.025 -28.6695 -126.321 -60.0702 -25.5554 -52.2302
30.7242 -28.7975 -126.582 -60.2435 -25.6349 -52.1545
30.4226 -28.9259 -126.842 -60.4171 -25.7146 -52.0781
30.12 -29.0547 -127.103 -60.591 -25.7945 -52.0011
29.8166 -29.1838 -127.362 -60.7651 -25.8745 -51.9234
29.5124 -29.3134 -127.622 -60.9395 -25.9547 -51.8449
29.2072 -29.4434 -127.881 -61.1141 -26.0351 -51.7658
28.9012 -29.5738 -128.139 -61.289 -26.1156 -51.6859
28.5944 -29.7045 -128.398 -61.4641 -26.1963 -51.6053
28.2866 -29.8357 -128.655 -61.6395 -26.2771 -51.5241
27.978 -29.9673 -128.913 -61.8151 -26.3581 -51.4421
27.6684 -30.0993 -129.17 -61.991 -26.4392 -51.3593
27.3581 -30.2317 -129.426 -62.1672 -26.5205 -51.2759
27.0468 -30.3645 -129.683 -62.3435 -26.6019 -51.1917
26.7346 -30.4977 -129.938 -62.5202 -26.6835 -51.1067
26.4216 -30.6313 -130.194 -62.697 -26.7653 -51.021
26.1076 -30.7654 -130.449 -62.8741 -26.8472 -50.9346
25.7928 -30.8998 -130.703 -63.0515 -26.9293 -50.8474
25.4771 -31.0347 -130.957 -63.2291 -27.0115 -50.7595
25.1605 -31.1699 -131.211 -63.4069 -27.0938 -50.6708
24.8431 -31.3056 -131.464 -63.585 -27.1764 -50.5813
24.5247 -31.4417 -131.716 -63.7633 -27.259 -50.4911
24.2054 -31.5782 -131.969 -63.9419 -27.3418 -50.4
23.8853 -31.7151 -132.22 -64.1206 -27.4248 -50.3082
23.5642 -31.8524 -132.472 -64.2996 -27.5079 -50.2156
23.2423 -31.9902 -132.723 -64.4789 -27.5911 -50.1223
22.9194 -32.1284 -132.973 -64.6583 -27.6745 -50.0281
22.5957 -32.2669 -133.223 -64.838 -27.7581 -49.9331
22.2711 -32.4059 -133.472 -65.0179 -27.8418 -49.8374
21.9455 -32.5454 -133.721 -65.1981 -27.9256 -49.7408
21.6191 -32.6852 -133.97 -65.3784 -28.0096 -49.6434
21.2917 -32.8255 -134.218 -65.559 -28.0937 -49.5452
20.9635 -32.9661 -134.465 -65.7398 -28.1779 -49.4461
20.6343 -33.1072 -134.712 -65.9208 -28.2623 -49.3463
20.3043 -33.2488 -134.959 -66.102 -28.3469 -49.2456
19.9733 -33.3907 -135.205 -66.2834 -28.4315 -49.1441
19.6414 -33.5331 -135.45 -66.4651 -28.5163 -49.0417
19.3087 -33.6759 -135.695 -66.6469 -28.6013 -48.9385
18.975 -33.8191 -135.939 -66.829 -28.6864 -48.8344
18.6404 -33.9627 -136.183 -67.0112 -28.7716 -48.7294
18.3049 -34.1068 -136.427 -67.1937 -28.8569 -48.6236
17.9684 -34.2513 -136.67 -67.3764 -28.9424 -48.517
17.6311 -34.3962 -136.912 -67.5592 -29.028 -48.4094
17.2928 -34.5416 -137.154 -67.7423 -29.1137 -48.301
16.9537 -34.6874 -137.395 -67.9255 -29.1996 -48.1917
16.6136 -34.8336 -137.636 -68.1089 -29.2856 -48.0815
16.2726 -34.9802 -137.876 -68.2926 -29.3717 -47.9705
15.9307 -35.1273 -138.115 -68.4764 -29.458 -47.8585
15.5878 -35.2748 -138.354 -68.6604 -29.5443 -47.7456
15.2441 -35.4227 -138.593 -68.8445 -29.6308 -47.6318
14.8994 -35.5711 -138.831 -69.0289 -29.7174 -47.5171
14.5538 -35.7199 -139.068 -69.2134 -29.8041 -47.4015
14.2072 -35.8691 -139.305 -69.3981 -29.891 -47.2849
13.8598 -36.0188 -139.541 -69.583 -29.978 -47.1674
13.5114 -36.1689 -139.776 -69.768 -30.0651 -47.049
13.1621 -36.3195 -140.011 -69.9532 -30.1523 -46.9297
12.8119 -36.4704 -140.246 -70.1386 -30.2396 -46.8094
12.4607 -36.6219 -140.479 -70.3241 -30.327 -46.6881
12.1086 -36.7737 -140.713 -70.5098 -30.4145 -46.5659
11.7556 -36.926 -140.945 -70.6956 -30.5022 -46.4428
11.4017 -37.0787 -141.177 -70.8816 -30.5899 -46.3186
11.0468 -37.2319 -141.408 -71.0677 -30.6778 -46.1935
10.691 -37.3855 -141.639 -71.254 -30.7658 -46.0674
10.3343 -37.5396 -141.869 -71.4405 -30.8538 -45.9404
9.9766 -37.694 -142.098 -71.627 -30.942 -45.8123
9.618 -37.849 -142.327 -71.8137 -31.0303 -45.6833
9.25846 -38.0044 -142.555 -72.0006 -31.1187 -45.5532
8.89799 -38.1602 -142.783 -72.1875 -31.2071 -45.4222
8.53658 -38.3164 -143.009 -72.3746 -31.2957 -45.2901
8.17424 -38.4731 -143.235 -72.5618 -31.3844 -45.157
7.81097 -38.6303 -143.461 -72.7492 -31.4731 -45.0229
7.44675 -38.7879 -143.686 -72.9366 -31.562 -44.8878
7.0816 -38.9459 -143.91 -73.1242 -31.6509 -44.7516
6.71551 -39.1044 -144.133 -73.3119 -31.7399 -44.6144
6.34848 -39.2633 -144.356 -73.4997 -31.829 -44.4762
5.98051 -39.4227 -144.578 -73.6876 -31.9182 -44.3369
5.61161 -39.5825 -144.799 -73.8756 -32.0075 -44.1965
5.24176 -39.7427 -145.02 -74.0637 -32.0969 -44.0551
4.87097 -39.9034 -145.24 -74.2518 -32.1863 -43.9126
4.49924 -40.0646 -145.459 -74.4401 -32.2759 -43.7691
4.12657 -40.2262 -145.678 -74.6285 -32.3655 -43.6244
3.75295 -40.3882 -145.895 -74.8169 -32.4551 -43.4787
3.3784 -40.5507 -146.112 -75.0054 -32.5449 -43.3319
3.0029 -40.7137 -146.329 -75.194 -32.6347 -43.184
2.62646 -40.8771 -146.544 -75.3827 -32.7246 -43.035
2.24907 -41.0409 -146.759 -75.5714 -32.8145 -42.8849
1.87074 -41.2052 -146.973 -75.7602 -32.9045 -42.7337
1.49147 -41.37 -147.186 -75.949 -32.9946 -42.5813
1.11125 -41.5352 -147.399 -76.1379 -33.0847 -42.4279
0.730093 -41.7008 -147.611 -76.3268 -33.1749 -42.2733
0.347986 -41.8669 -147.822 -76.5158 -33.2652 -42.1176
-0.0350654 -42.0335 -148.032 -76.7048 -33.3555 -41.9607
-0.419062 -42.2005 -148.241 -76.8939 -33.4459 -41.8027
-0.804004 -42.3679 -148.45 -77.083 -33.5363 -41.6435
-1.18989 -42.5358 -148.658 -77.2721 -33.6267 -41.4832
-1.57673 -42.7042 -148.865 -77.4612 -33.7172 -41.3217
-1.9645 -42.873 -149.071 -77.6504 -33.8078 -41.159
-2.35323 -43.0423 -149.276 -77.8395 -33.8984 -40.9952
-2.7429 -43.212 -149.481 -78.0287 -33.989 -40.8302
-3.13352 -43.3822 -149.685 -78.2179 -34.0797 -40.664
-3.52508 -43.5528 -149.887 -78.4071 -34.1704 -40.4966
-3.91759 -43.7239 -150.089 -78.5962 -34.2611 -40.328
-4.31104 -43.8954 -150.291 -78.7854 -34.3519 -40.1582
-4.70544 -44.0674 -150.491 -78.9745 -34.4427 -39.9872
-5.10079 -44.2398 -150.691 -79.1636 -34.5335 -39.8149
-5.49708 -44.4127 -150.889 -79.3527 -34.6244 -39.6415
-5.89431 -44.5861 -151.087 -79.5417 -34.7153 -39.4668
-6.29249 -44.7599 -151.284 -79.7307 -34.8062 -39.2909
-6.69162 -44.9341 -151.48 -79.9197 -34.8971 -39.1137
-7.09169 -45.1088 -151.675 -80.1086 -34.988 -38.9353
-7.49271 -45.284 -151.869 -80.2974 -35.0789 -38.7557
-7.89466 -45.4596 -152.063 -80.4862 -35.1699 -38.5748
-8.29757 -45.6357 -152.255 -80.6749 -35.2608 -38.3926
-8.70141 -45.8122 -152.447 -80.8635 -35.3517 -38.2091
-9.1062 -45.9892 -152.637 -81.0521 -35.4427 -38.0244
-9.51193 -46.1667 -152.827 -81.2406 -35.5337 -37.8384
-9.91861 -46.3446 -153.015 -81.4289 -35.6246 -37.6512
-10.3262 -46.5229 -153.203 -81.6172 -35.7155 -37.4626
-10.7348 -46.7017 -153.39 -81.8054 -35.8065 -37.2727
-11.1443 -46.881 -153.576 -81.9935 -35.8974 -37.0815
-11.5547 -47.0607 -153.761 -82.1814 -35.9883 -36.889
-11.9661 -47.2409 -153.945 -82.3692 -36.0792 -36.6952
-12.3784 -47.4215 -154.128 -82.5569 -36.1701 -36.5001
-12.7917 -47.6026 -154.31 -82.7445 -36.2609 -36.3037
-13.2059 -47.7841 -154.491 -82.9319 -36.3517 -36.1059
-13.621 -47.9661 -154.671 -83.1191 -36.4425 -35.9068
-14.037 -48.1485 -154.85 -83.3062 -36.5333 -35.7063
-14.454 -48.3314 -155.028 -83.4932 -36.624 -35.5045
-14.872 -48.5148 -155.205 -83.6799 -36.7147 -35.3013
-15.2908 -48.6986 -155.381 -83.8665 -36.8054 -35.0968
-15.7106 -48.8828 -155.556 -84.0529 -36.896 -34.8909
-16.1314 -49.0675 -155.73 -84.2391 -36.9865 -34.6837
-16.553 -49.2527 -155.903 -84.4251 -37.0771 -34.475
-16.9756 -49.4383 -156.075 -84.6109 -37.1675 -34.265
-17.3991 -49.6243 -156.245 -84.7965 -37.2579 -34.0536
-17.8236 -49.8109 -156.415 -84.9819 -37.3483 -33.8408
-18.249 -49.9978 -156.584 -85.167 -37.4386 -33.6266
-18.6753 -50.1852 -156.751 -85.3519 -37.5288 -33.411
-19.1025 -50.3731 -156.918 -85.5365 -37.619 -33.1939
-19.5306 -50.5614 -157.083 -85.7209 -37.7091 -32.9755
-19.9597 -50.7502 -157.248 -85.9051 -37.7991 -32.7557
-20.3897 -50.9394 -157.411 -86.0889 -37.889 -32.5344
-20.8206 -51.1291 -157.573 -86.2725 -37.9789 -32.3117
-21.2524 -51.3192 -157.734 -86.4558 -38.0687 -32.0875
-21.6851 -51.5098 -157.894 -86.6388 -38.1584 -31.8619
-22.1188 -51.7008 -158.053 -86.8215 -38.248 -31.6349
-22.5534 -51.8923 -158.21 -87.0039 -38.3375 -31.4064
-22.9888 -52.0842 -158.367 -87.1859 -38.4269 -31.1765
-23.4252 -52.2765 -158.522 -87.3677 -38.5162 -30.945
-23.8625 -52.4693 -158.676 -87.5491 -38.6055 -30.7122
-24.3007 -52.6626 -158.829 -87.7301 -38.6946 -30.4778
-24.7398 -52.8563 -158.981 -87.9108 -38.7836 -30.242
-25.1798 -53.0504 -159.132 -88.0912 -38.8725 -30.0047
-25.6207 -53.245 -159.281 -88.2711 -38.9613 -29.7659
-26.0625 -53.44 -159.429 -88.4507 -39.0499 -29.5256
-26.5052 -53.6355 -159.576 -88.6299 -39.1385 -29.2838
-26.9488 -53.8314 -159.722 -88.8087 -39.2269 -29.0405
-27.3933 -54.0278 -159.867 -88.9871 -39.3152 -28.7957
-27.8387 -54.2246 -160.01 -89.1651 -39.4034 -28.5494
-28.285 -54.4218 -160.152 -89.3426 -39.4914 -28.3016
-28.7321 -54.6195 -160.293 -89.5197 -39.5793 -28.0522
-29.1802 -54.8176 -160.433 -89.6964 -39.6671 -27.8013
-29.6291 -55.0161 -160.571 -89.8726 -39.7547 -27.5489
-30.0789 -55.2151 -160.708 -90.0483 -39.8422 -27.295
-30.5296 -55.4146 -160.844 -90.2236 -39.9295 -27.0395
-30.9811 -55.6144 -160.979 -90.3984 -40.0167 -26.7825
-31.4335 -55.8147 -161.112 -90.5727 -40.1037 -26.5239
-31.8868 -56.0155 -161.244 -90.7465 -40.1905 -26.2638
-32.341 -56.2166 -161.375 -90.9197 -40.2772 -26.0021
-32.796 -56.4182 -161.504 -91.0925 -40.3638 -25.7388
-33.2519 -56.6203 -161.632 -91.2647 -40.4501 -25.474
-33.7087 -56.8227 -161.759 -91.4364 -40.5363 -25.2076
-34.1663 -57.0256 -161.884 -91.6075 -40.6224 -24.9397
-34.6248 -57.229 -162.008 -91.778 -40.7082 -24.6701
-35.0841 -57.4327 -162.131 -91.948 -40.7939 -24.399
-35.5442 -57.6369 -162.252 -92.1174 -40.8793 -24.1263
-36.0053 -57.8415 -162.372 -92.2862 -40.9646 -23.852
-36.4671 -58.0465 -162.491 -92.4544 -41.0498 -23.5761
-36.9298 -58.252 -162.608 -92.6219 -41.1347 -23.2987
-37.3933 -58.4579 -162.724 -92.7889 -41.2194 -23.0196
-37.8577 -58.6642 -162.838 -92.9552 -41.3039 -22.7389
-38.3229 -58.8709 -162.951 -93.1208 -41.3883 -22.4566
-38.7889 -59.0781 -163.062 -93.2858 -41.4724 -22.1727
-39.2557 -59.2856 -163.173 -93.4501 -41.5563 -21.8871
-39.7234 -59.4936 -163.281 -93.6138 -41.6401 -21.6
-40.1919 -59.702 -163.389 -93.7767 -41.7236 -21.3112
-40.6612 -59.9109 -163.494 -93.9389 -41.8069 -21.0208
-41.1313 -60.1201 -163.599 -94.1005 -41.89 -20.7288
-41.6022 -60.3298 -163.702 -94.2612 -41.9729 -20.4351
-42.0739 -60.5398 -163.803 -94.4213 -42.0555 -20.1398
-42.5464 -60.7503 -163.903 -94.5806 -42.138 -19.8429
-43.0197 -60.9612 -164.002 -94.7391 -42.2202 -19.5443
-43.4938 -61.1725 -164.099 -94.8969 -42.3022 -19.2441
-43.9686 -61.3842 -164.194 -95.0539 -42.384 -18.9422
-44.4443 -61.5964 -164.288 -95.21 -42.4656 -18.6387
-44.9207 -61.8089 -164.38 -95.3654 -42.5469 -18.3335
-45.398 -62.0218 -164.471 -95.5199 -42.628 -18.0267
-45.8759 -62.2352 -164.561 -95.6736 -42.7089 -17.7182
-46.3547 -62.4489 -164.649 -95.8265 -42.7896 -17.408
-46.8342 -62.6631 -164.735 -95.9785 -42.87 -17.0962
-47.3145 -62.8776 -164.819 -96.1296 -42.9502 -16.7827
-47.7955 -63.0926 -164.903 -96.2799 -43.0302 -16.4676
-48.2773 -63.3079 -164.984 -96.4292 -43.1099 -16.1508
-48.7598 -63.5237 -165.064 -96.5776 -43.1894 -15.8323
-49.2431 -63.7398 -165.142 -96.7251 -43.2687 -15.5121
-49.727 -63.9564 -165.219 -96.8717 -43.3477 -15.1903
-50.2118 -64.1733 -165.294 -97.0173 -43.4265 -14.8668
-50.6972 -64.3906 -165.368 -97.1619 -43.5051 -14.5416
-51.1834 -64.6083 -165.44 -97.3056 -43.5835 -14.2147
-51.6703 -64.8264 -165.51 -97.4483 -43.6616 -13.8862
-52.1579 -65.045 -165.579 -97.5899 -43.7395 -13.556
-52.6462 -65.2638 -165.646 -97.7305 -43.8171 -13.2241
-53.1352 -65.4831 -165.711 -97.8701 -43.8946 -12.8905
-53.6249 -65.7028 -165.775 -98.0087 -43.9718 -12.5552
-54.1153 -65.9228 -165.836 -98.1461 -44.0487 -12.2183
-54.6063 -66.1433 -165.897 -98.2825 -44.1255 -11.8797
-55.0981 -66.3641 -165.955 -98.4177 -44.202 -11.5393
-55.5905 -66.5853 -166.012 -98.5519 -44.2783 -11.1974
-56.0836 -66.8069 -166.067 -98.6849 -44.3543 -10.8537
-56.5774 -67.0288 -166.121 -98.8167 -44.4302 -10.5084
-57.0718 -67.2512 -166.172 -98.9474 -44.5058 -10.1613
-57.5668 -67.4739 -166.222 -99.0769 -44.5812 -9.81265
-58.0625 -67.697 -166.27 -99.2051 -44.6564 -9.46229
-58.5589 -67.9205 -166.317 -99.3322 -44.7314 -9.11027
-59.0559 -68.1443 -166.362 -99.4579 -44.8061 -8.75658
-59.5535 -68.3685 -166.404 -99.5825 -44.8807 -8.40124
-60.0517 -68.5931 -166.446 -99.7057 -44.955 -8.04423
-60.5505 -68.8181 -166.485 -99.8276 -45.0291 -7.68558
-61.05 -69.0434 -166.522 -99.9482 -45.103 -7.32528
-61.55 -69.2691 -166.558 -100.067 -45.1766 -6.96334
-62.0506 -69.4952 -166.592 -100.185 -45.2501 -6.59976
-62.5518 -69.7216 -166.624 -100.302 -45.3233 -6.23456
-63.0536 -69.9484 -166.654 -100.417 -45.3963 -5.86774
-63.556 -70.1755 -166.683 -100.53 -45.4691 -5.4993
-64.0589 -70.4031 -166.709 -100.643 -45.5417 -5.12926
-64.5624 -70.631 -166.734 -100.753 -45.614 -4.75762
-65.0665 -70.8592 -166.757 -100.862 -45.6861 -4.38439
-65.5711 -71.0878 -166.778 -100.97 -45.758 -4.00959
-66.0762 -71.3168 -166.797 -101.076 -45.8296 -3.63321
-66.5818 -71.5461 -166.814 -101.181 -45.901 -3.25528
-67.088 -71.7758 -166.83 -101.284 -45.9722 -2.87581
-67.5947 -72.0058 -166.843 -101.385 -46.0431 -2.4948
-68.1018 -72.2362 -166.855 -101.484 -46.1137 -2.11226
-68.6095 -72.467 -166.864 -101.582 -46.1841 -1.72822
-69.1177 -72.6981 -166.872 -101.679 -46.2542 -1.34268
-69.6263 -72.9295 -166.878 -101.773 -46.3241 -0.955661
-70.1354 -73.1613 -166.881 -101.866 -46.3936 -0.567169
-70.6449 -73.3934 -166.883 -101.957 -46.4628 -0.177222
-71.155 -73.6259 -166.883 -102.046 -46.5318 0.214166
-71.6654 -73.8588 -166.881 -102.134 -46.6004 0.60698
-72.1763 -74.0919 -166.877 -102.22 -46.6687 1.00121
-72.6876 -74.3254 -166.871 -102.303 -46.7366 1.39683
-73.1993 -74.5593 -166.863 -102.385 -46.8042 1.79383
-73.7115 -74.7935 -166.853 -102.466 -46.8714 2.1922
-74.224 -75.028 -166.841 -102.544 -46.9383 2.59192
-74.7369 -75.2629 -166.827 -102.62 -47.0047 2.99297
-75.2502 -75.4981 -166.811 -102.694 -47.0708 3.39534
-75.7638 -75.7336 -166.793 -102.767 -47.1364 3.79901
-76.2778 -75.9694 -166.773 -102.837 -47.2016 4.20397
-76.7922 -76.2056 -166.751 -102.906 -47.2663 4.6102
-77.3069 -76.4421 -166.727 -102.972 -47.3306 5.01769
-77.8219 -76.6789 -166.701 -103.037 -47.3944 5.42641
-78.3373 -76.916 -166.673 -103.099 -47.4577 5.83636
-78.8529 -77.1535 -166.643 -103.16 -47.5205 6.24752
-79.3689 -77.3912 -166.61 -103.218 -47.5828 6.65987
-79.8851 -77.6293 -166.576 -103.275 -47.6445 7.0734
-80.4016 -77.8677 -166.54 -103.329 -47.7057 7.48809
-80.9184 -78.1064 -166.501 -103.381 -47.7664 7.90393
-81.4354 -78.3453 -166.461 -103.431 -47.8264 8.3209
-81.9527 -78.5846 -166.418 -103.479 -47.8859 8.73899
-82.4702 -78.8242 -166.373 -103.525 -47.9448 9.15819
-82.9879 -79.0641 -166.326 -103.569 -48.003 9.57847
-83.5059 -79.3042 -166.278 -103.611 -48.0606 9.99983
-84.024 -79.5447 -166.226 -103.65 -48.1176 10.4223
-84.5424 -79.7854 -166.173 -103.688 -48.1739 10.8457
-85.0609 -80.0264 -166.118 -103.723 -48.2295 11.2702
-85.5796 -80.2677 -166.061 -103.756 -48.2845 11.6958
-86.0985 -80.5092 -166.001 -103.787 -48.3388 12.1223
-86.6175 -80.7511 -165.939 -103.816 -48.3923 12.5498
-87.1366 -80.9932 -165.876 -103.843 -48.4452 12.9783
-87.6559 -81.2355 -165.81 -103.867 -48.4973 13.4078
-88.1753 -81.4781 -165.742 -103.89 -48.5487 13.8382
-88.6948 -81.721 -165.671 -103.91 -48.5993 14.2696
-89.2144 -81.9641 -165.599 -103.928 -48.6492 14.7018
-89.7341 -82.2075 -165.524 -103.944 -48.6983 15.135
-90.2539 -82.4511 -165.447 -103.957 -48.7466 15.5691
-90.7737 -82.695 -165.369 -103.969 -48.7941 16.0041
-91.2935 -82.939 -165.287 -103.978 -48.8409 16.4399
-91.8135 -83.1834 -165.204 -103.985 -48.8868 16.8766
-92.3334 -83.4279 -165.119 -103.99 -48.9319 17.3142
-92.8533 -83.6727 -165.031 -103.993 -48.9762 17.7526
-93.3733 -83.9177 -164.941 -103.993 -49.0197 18.1917
-93.8933 -84.1629 -164.849 -103.991 -49.0623 18.6317
-94.4132 -84.4083 -164.755 -103.987 -49.1041 19.0725
-94.9331 -84.6539 -164.658 -103.98 -49.145 19.514
-95.453 -84.8997 -164.56 -103.972 -49.1851 19.9563
-95.9729 -85.1458 -164.459 -103.961 -49.2243 20.3994
-96.4926 -85.392 -164.356 -103.948 -49.2626 20.8431
-97.0123 -85.6384 -164.25 -103.933 -49.3001 21.2876
-97.532 -85.885 -164.143 -103.915 -49.3366 21.7327
-98.0515 -86.1318 -164.033 -103.895 -49.3723 22.1786
-98.5709 -86.3787 -163.921 -103.873 -49.4071 22.6251
-99.0902 -86.6258 -163.807 -103.848 -49.4409 23.0722
-99.6094 -86.8731 -163.69 -103.822 -49.4739 23.52
-100.128 -87.1206 -163.572 -103.793 -49.5059 23.9684
-100.647 -87.3682 -163.451 -103.761 -49.537 24.4174
-101.166 -87.6159 -163.327 -103.728 -49.5671 24.867
-101.685 -87.8638 -163.202 -103.692 -49.5963 25.3171
-102.203 -88.1119 -163.074 -103.653 -49.6246 25.7678
-102.721 -88.3601 -162.944 -103.613 -49.6519 26.219
-103.239 -88.6084 -162.812 -103.57 -49.6783 26.6707
-103.757 -88.8569 -162.678 -103.525 -49.7037 27.1229
-104.274 -89.1054 -162.541 -103.477 -49.7281 27.5756
-104.792 -89.3541 -162.402 -103.427 -49.7515 28.0288
-105.309 -89.603 -162.261 -103.375 -49.774 28.4823
-105.825 -89.8519 -162.117 -103.321 -49.7955 28.9363
-106.342 -90.1009 -161.971 -103.264 -49.816 29.3907
-106.858 -90.35 -161.823 -103.205 -49.8355 29.8455
-107.374 -90.5993 -161.673 -103.143 -49.854 30.3006
-107.889 -90.8486 -161.52 -103.079 -49.8715 30.7561
-108.405 -91.098 -161.365 -103.013 -49.888 31.2119
-108.92 -91.3475 -161.208 -102.944 -49.9034 31.668
-109.434 -91.597 -161.048 -102.873 -49.9178 32.1243
-109.948 -91.8466 -160.887 -102.8 -49.9313 32.581
-110.462 -92.0963 -160.723 -102.724 -49.9436 33.0378
-110.976 -92.3461 -160.556 -102.646 -49.955 33.4949
-111.489 -92.5959 -160.388 -102.565 -49.9653 33.9522
-112.001 -92.8457 -160.217 -102.482 -49.9745 34.4096
-112.513 -93.0956 -160.044 -102.397 -49.9827 34.8672
-113.025 -93.3456 -159.868 -102.309 -49.9899 35.325
-113.536 -93.5955 -159.69 -102.219 -49.9959 35.7828
-114.047 -93.8455 -159.51 -102.127 -50.001 36.2407
-114.558 -94.0955 -159.328 -102.032 -50.0049 36.6987
-115.068 -94.3456 -159.143 -101.935 -50.0078 37.1568
-115.577 -94.5956 -158.956 -101.835 -50.0096 37.6148
-116.086 -94.8457 -158.767 -101.733 -50.0103 38.0729
-116.594 -95.0957 -158.576 -101.629 -50.0099 38.5309
-117.102 -95.3458 -158.382 -101.522 -50.0085 38.9889
-117.61 -95.5958 -158.186 -101.413 -50.0059 39.4468
-118.116 -95.8458 -157.987 -101.301 -50.0023 39.9046
-118.623 -96.0958 -157.787 -101.187 -49.9975 40.3623
-119.128 -96.3458 -157.584 -101.07 -49.9917 40.8199
-119.633 -96.5957 -157.379 -100.952 -49.9847 41.2772
-120.138 -96.8456 -157.171 -100.83 -49.9767 41.7344
-120.642 -97.0955 -156.961 -100.707 -49.9675 42.1914
-121.145 -97.3453 -156.749 -100.581 -49.9572 42.6482
-121.647 -97.5951 -156.535 -100.452 -49.9458 43.1047
-122.149 -97.8448 -156.318 -100.321 -49.9332 43.5609
-122.651 -98.0944 -156.099 -100.188 -49.9196 44.0168
-123.151 -98.344 -155.878 -100.052 -49.9048 44.4723
-123.651 -98.5935 -155.654 -99.9143 -49.8888 44.9275
-124.15 -98.8429 -155.429 -99.7738 -49.8718 45.3824
-124.649 -99.0922 -155.201 -99.631 -49.8536 45.8368
-125.147 -99.3414 -154.97 -99.4857 -49.8343 46.2908
-125.644 -99.5905 -154.738 -99.3381 -49.8138 46.7443
-126.14 -99.8395 -154.503 -99.1881 -49.7922 47.1974
-126.636 -100.088 -154.266 -99.0358 -49.7694 47.6499
-127.13 -100.337 -154.026 -98.881 -49.7455 48.1019
-127.624 -100.586 -153.785 -98.7239 -49.7205 48.5534
-128.118 -100.834 -153.541 -98.5644 -49.6943 49.0043
-128.61 -101.083 -153.295 -98.4026 -49.6669 49.4546
-129.102 -101.331 -153.046 -98.2384 -49.6384 49.9042
-129.592 -101.579 -152.796 -98.0719 -49.6088 50.3532
-130.082 -101.827 -152.543 -97.903 -49.578 50.8016
-130.572 -102.075 -152.288 -97.7317 -49.5461 51.2492
-131.06 -102.323 -152.03 -97.5581 -49.513 51.6961
-131.547 -102.57 -151.771 -97.3822 -49.4787 52.1422
-132.034 -102.817 -151.509 -97.204 -49.4433 52.5876
-132.519 -103.065 -151.245 -97.0235 -49.4067 53.0322
-133.004 -103.311 -150.978 -96.8406 -49.369 53.4759
-133.488 -103.558 -150.71 -96.6554 -49.3301 53.9188
-133.97 -103.805 -150.439 -96.468 -49.2901 54.3609
-134.452 -104.051 -150.166 -96.2782 -49.2489 54.802
-134.933 -104.297 -149.891 -96.0862 -49.2066 55.2422
-135.413 -104.543 -149.614 -95.8919 -49.1631 55.6815
-135.892 -104.789 -149.334 -95.6953 -49.1185 56.1197
-136.37 -105.034 -149.053 -95.4965 -49.0727 56.557
-136.847 -105.28 -148.769 -95.2955 -49.0257 56.9933
-137.323 -105.525 -148.483 -95.0922 -48.9776 57.4285
-137.798 -105.769 -148.195 -94.8866 -48.9284 57.8627
-138.272 -106.014 -147.904 -94.6789 -48.878 58.2958
-138.745 -106.258 -147.612 -94.4689 -48.8265 58.7277
-139.217 -106.502 -147.317 -94.2567 -48.7738 59.1586
-139.687 -106.746 -147.02 -94.0424 -48.72 59.5882
-140.157 -106.989 -146.721 -93.8259 -48.6651 60.0167
-140.626 -107.233 -146.42 -93.6072 -48.609 60.444
-141.093 -107.475 -146.117 -93.3863 -48.5518 60.87
-141.559 -107.718 -145.811 -93.1633 -48.4935 61.2948
-142.025 -107.96 -145.504 -92.9382 -48.434 61.7183
-142.489 -108.202 -145.194 -92.711 -48.3734 62.1405
-142.952 -108.444 -144.882 -92.4816 -48.3117 62.5614
-143.414 -108.686 -144.568 -92.2501 -48.2488 62.9809
-143.874 -108.927 -144.252 -92.0166 -48.1849 63.3991
-144.334 -109.167 -143.934 -91.781 -48.1198 63.8159
-144.792 -109.408 -143.614 -91.5433 -48.0536 64.2313
-145.249 -109.648 -143.292 -91.3036 -47.9863 64.6452
-145.705 -109.888 -142.968 -91.0619 -47.918 65.0577
-146.16 -110.127 -142.642 -90.8181 -47.8485 65.4688
-146.613 -110.366 -142.313 -90.5723 -47.7779 65.8783
-147.066 -110.605 -141.983 -90.3246 -47.7062 66.2863
-147.517 -110.843 -141.65 -90.0748 -47.6335 66.6928
-147.966 -111.081 -141.316 -89.8232 -47.5596 67.0977
-148.415 -111.319 -140.979 -89.5695 -47.4847 67.501
-148.862 -111.556 -140.641 -89.3139 -47.4087 67.9028
-149.308 -111.793 -140.3 -89.0565 -47.3317 68.3029
-149.753 -112.029 -139.958 -88.7971 -47.2536 68.7014
-150.196 -112.265 -139.613 -88.5358 -47.1744 69.0982
-150.638 -112.501 -139.267 -88.2726 -47.0942 69.4934
-151.079 -112.736 -138.918 -88.0076 -47.0129 69.8868
-151.518 -112.971 -138.568 -87.7408 -46.9306 70.2786
-151.956 -113.206 -138.216 -87.4722 -46.8472 70.6686
-152.393 -113.44 -137.861 -87.2017 -46.7629 71.0569
-152.828 -113.673 -137.505 -86.9294 -46.6775 71.4434
-153.262 -113.907 -137.147 -86.6554 -46.591 71.8281
-153.695 -114.139 -136.787 -86.3797 -46.5036 72.211
-154.126 -114.372 -136.425 -86.1021 -46.4152 72.5921
-154.556 -114.603 -136.061 -85.8229 -46.3257 72.9713
-154.984 -114.835 -135.695 -85.542 -46.2353 73.3487
-155.411 -115.066 -135.327 -85.2594 -46.1438 73.7243
-155.837 -115.296 -134.958 -84.9751 -46.0514 74.0979
-156.261 -115.526 -134.586 -84.6891 -45.958 74.4696
-156.684 -115.756 -134.213 -84.4016 -45.8637 74.8394
-157.105 -115.985 -133.838 -84.1124 -45.7684 75.2073
-157.525 -116.214 -133.461 -83.8216 -45.6721 75.5733
-157.943 -116.442 -133.082 -83.5292 -45.5749 75.9372
-158.36 -116.669 -132.702 -83.2353 -45.4767 76.2992
-158.775 -116.896 -132.319 -82.9399 -45.3776 76.6592
-159.189 -117.123 -131.935 -82.6429 -45.2776 77.0172
-159.602 -117.349 -131.549 -82.3444 -45.1767 77.3732
-160.013 -117.575 -131.161 -82.0444 -45.0748 77.7271
-160.422 -117.8 -130.772 -81.743 -44.972 78.079
-160.83 -118.025 -130.381 -81.4401 -44.8684 78.4288
-161.237 -118.249 -129.988 -81.1358 -44.7638 78.7765
-161.642 -118.472 -129.593 -80.8301 -44.6584 79.1222
-162.045 -118.695 -129.196 -80.523 -44.5521 79.4657
-162.447 -118.918 -128.798 -80.2146 -44.4449 79.8072
-162.847 -119.14 -128.398 -79.9048 -44.3369 80.1465
-163.246 -119.361 -127.997 -79.5936 -44.228 80.4837
-163.643 -119.582 -127.593 -79.2812 -44.1183 80.8188
-164.039 -119.802 -127.188 -78.9674 -44.0077 81.1517
-164.433 -120.022 -126.782 -78.6524 -43.8964 81.4824
-164.825 -120.241 -126.374 -78.3361 -43.7842 81.8109
-165.216 -120.46 -125.964 -78.0186 -43.6711 82.1373
-165.605 -120.678 -125.552 -77.6999 -43.5573 82.4615
-165.993 -120.895 -125.139 -77.38 -43.4427 82.7834
-166.379 -121.112 -124.724 -77.059 -43.3273 83.1032
-166.764 -121.329 -124.308 -76.7367 -43.2112 83.4207
-167.147 -121.544 -123.89 -76.4134 -43.0942 83.736
-167.528 -121.76 -123.471 -76.0889 -42.9765 84.0491
-167.907 -121.974 -123.05 -75.7633 -42.8581 84.3599
