-25 25 75 0 0 -49
-25.0001 24.9999 74.7548 -0.0377868 -0.0431432 -49.084
-25.0004 24.9996 74.5092 -0.0756627 -0.0864377 -49.168
-25.0009 24.999 74.2631 -0.113628 -0.129884 -49.2522
-25.0015 24.9983 74.0166 -0.151684 -0.173484 -49.3365
-25.0024 24.9973 73.7697 -0.18983 -0.217237 -49.4208
-25.0034 24.9961 73.5224 -0.228068 -0.261144 -49.5053
-25.0046 24.9947 73.2747 -0.266396 -0.305207 -49.5898
-25.0061 24.993 73.0265 -0.304817 -0.349425 -49.6745
-25.0077 24.9912 72.7779 -0.343331 -0.393801 -49.7592
-25.0095 24.9891 72.5289 -0.381937 -0.438334 -49.844
-25.0115 24.9868 72.2795 -0.420637 -0.483025 -49.929
-25.0137 24.9843 72.0296 -0.459431 -0.527875 -50.014
-25.0161 24.9815 71.7794 -0.49832 -0.572885 -50.0991
-25.0187 24.9785 71.5287 -0.537303 -0.618056 -50.1844
-25.0215 24.9753 71.2775 -0.576382 -0.663389 -50.2697
-25.0245 24.9719 71.026 -0.615557 -0.708884 -50.3551
-25.0276 24.9683 70.774 -0.654829 -0.754543 -50.4406
-25.031 24.9644 70.5216 -0.694198 -0.800365 -50.5263
-25.0346 24.9602 70.2687 -0.733664 -0.846352 -50.612
-25.0383 24.9559 70.0154 -0.773229 -0.892506 -50.6978
-25.0423 24.9513 69.7617 -0.812892 -0.938825 -50.7837
-25.0465 24.9465 69.5076 -0.852655 -0.985313 -50.8698
-25.0508 24.9415 69.253 -0.892517 -1.03197 -50.9559
-25.0554 24.9362 68.998 -0.932479 -1.07879 -51.0421
-25.0602 24.9307 68.7426 -0.972543 -1.12579 -51.1285
-25.0651 24.9249 68.4868 -1.01271 -1.17295 -51.2149
-25.0703 24.919 68.2305 -1.05297 -1.22029 -51.3014
-25.0757 24.9127 67.9737 -1.09334 -1.2678 -51.3881
-25.0812 24.9063 67.7166 -1.13382 -1.31549 -51.4748
-25.087 24.8996 67.459 -1.17439 -1.36335 -51.5617
-25.093 24.8926 67.201 -1.21507 -1.41138 -51.6486
-25.0991 24.8855 66.9425 -1.25586 -1.45959 -51.7357
-25.1055 24.878 66.6836 -1.29675 -1.50798 -51.8229
-25.1121 24.8704 66.4243 -1.33774 -1.55655 -51.9101
-25.1189 24.8625 66.1645 -1.37884 -1.60529 -51.9975
-25.1259 24.8543 65.9043 -1.42005 -1.65422 -52.085
-25.1331 24.8459 65.6437 -1.46137 -1.70333 -52.1726
-25.1405 24.8373 65.3826 -1.5028 -1.75261 -52.2603
-25.1481 24.8284 65.1211 -1.54433 -1.80209 -52.3481
-25.156 24.8193 64.8591 -1.58597 -1.85174 -52.436
-25.164 24.8099 64.5967 -1.62773 -1.90158 -52.524
-25.1722 24.8003 64.3339 -1.66959 -1.95161 -52.6121
-25.1807 24.7904 64.0706 -1.71157 -2.00183 -52.7004
-25.1893 24.7802 63.8069 -1.75365 -2.05223 -52.7887
-25.1982 24.7699 63.5427 -1.79585 -2.10282 -52.8772
-25.2073 24.7592 63.2781 -1.83817 -2.1536 -52.9658
-25.2166 24.7483 63.013 -1.88059 -2.20457 -53.0544
-25.2261 24.7372 62.7475 -1.92313 -2.25574 -53.1432
-25.2358 24.7258 62.4816 -1.96579 -2.30709 -53.2321
-25.2458 24.7141 62.2152 -2.00856 -2.35865 -53.3211
-25.2559 24.7022 61.9484 -2.05145 -2.41039 -53.4103
-25.2663 24.69 61.6811 -2.09446 -2.46233 -53.4995
-25.2769 24.6775 61.4134 -2.13758 -2.51448 -53.5889
-25.2877 24.6648 61.1452 -2.18082 -2.56681 -53.6783
-25.2987 24.6519 60.8766 -2.22418 -2.61935 -53.7679
-25.3099 24.6387 60.6075 -2.26766 -2.67209 -53.8576
-25.3213 24.6252 60.338 -2.31126 -2.72503 -53.9474
-25.333 24.6114 60.0681 -2.35498 -2.77817 -54.0373
-25.3449 24.5974 59.7977 -2.39882 -2.83152 -54.1274
-25.357 24.5831 59.5268 -2.44279 -2.88507 -54.2175
-25.3693 24.5685 59.2555 -2.48688 -2.93883 -54.3078
-25.3819 24.5537 58.9837 -2.53109 -2.99279 -54.3982
-25.3946 24.5386 58.7115 -2.57542 -3.04697 -54.4887
-25.4076 24.5232 58.4388 -2.61989 -3.10135 -54.5793
-25.4208 24.5076 58.1657 -2.66447 -3.15594 -54.67
-25.4343 24.4917 57.8921 -2.70919 -3.21075 -54.7609
-25.4479 24.4755 57.6181 -2.75403 -3.26576 -54.8518
-25.4618 24.459 57.3436 -2.799 -3.321 -54.9429
-25.4759 24.4423 57.0687 -2.8441 -3.37644 -55.0341
-25.4903 24.4252 56.7933 -2.88932 -3.43211 -55.1255
-25.5048 24.4079 56.5174 -2.93468 -3.48799 -55.2169
-25.5196 24.3904 56.2411 -2.98017 -3.54409 -55.3085
-25.5346 24.3725 55.9643 -3.02579 -3.60041 -55.4002
-25.5499 24.3544 55.6871 -3.07154 -3.65696 -55.492
-25.5653 24.3359 55.4094 -3.11743 -3.71372 -55.5839
-25.581 24.3172 55.1313 -3.16345 -3.77071 -55.676
-25.597 24.2982 54.8526 -3.2096 -3.82793 -55.7682
-25.6131 24.2789 54.5736 -3.2559 -3.88537 -55.8605
-25.6295 24.2594 54.294 -3.30232 -3.94304 -55.9529
-25.6461 24.2395 54.014 -3.34889 -4.00094 -56.0454
-25.663 24.2194 53.7336 -3.39559 -4.05906 -56.1381
-25.6801 24.1989 53.4527 -3.44243 -4.11742 -56.2309
-25.6974 24.1782 53.1713 -3.48941 -4.17602 -56.3238
-25.715 24.1572 52.8894 -3.53653 -4.23485 -56.4169
-25.7328 24.1358 52.6071 -3.58379 -4.29391 -56.5101
-25.7508 24.1142 52.3243 -3.6312 -4.35321 -56.6034
-25.7691 24.0923 52.0411 -3.67875 -4.41275 -56.6968
-25.7876 24.0701 51.7574 -3.72644 -4.47253 -56.7903
-25.8064 24.0476 51.4732 -3.77427 -4.53255 -56.884
-25.8254 24.0248 51.1885 -3.82225 -4.59281 -56.9778
-25.8446 24.0017 50.9034 -3.87038 -4.65332 -57.0718
-25.8641 23.9782 50.6178 -3.91866 -4.71407 -57.1658
-25.8838 23.9545 50.3317 -3.96708 -4.77507 -57.26
-25.9037 23.9305 50.0452 -4.01565 -4.83632 -57.3544
-25.9239 23.9061 49.7582 -4.06437 -4.89782 -57.4488
-25.9444 23.8815 49.4707 -4.11324 -4.95956 -57.5434
-25.9651 23.8566 49.1828 -4.16227 -5.02157 -57.6381
-25.986 23.8313 48.8943 -4.21144 -5.08382 -57.733
-26.0072 23.8057 48.6054 -4.26077 -5.14633 -57.8279
-26.0286 23.7798 48.3161 -4.31026 -5.2091 -57.923
-26.0503 23.7536 48.0262 -4.35989 -5.27213 -58.0183
-26.0722 23.7271 47.7359 -4.40969 -5.33541 -58.1137
-26.0944 23.7003 47.4451 -4.45964 -5.39896 -58.2092
-26.1168 23.6731 47.1538 -4.50975 -5.46278 -58.3048
-26.1395 23.6456 46.862 -4.56002 -5.52685 -58.4006
-26.1624 23.6178 46.5698 -4.61045 -5.5912 -58.4965
-26.1856 23.5897 46.2771 -4.66104 -5.65581 -58.5926
-26.209 23.5613 45.9838 -4.71179 -5.72069 -58.6887
-26.2327 23.5325 45.6902 -4.76271 -5.78584 -58.7851
-26.2566 23.5034 45.396 -4.81379 -5.85127 -58.8815
-26.2808 23.474 45.1013 -4.86503 -5.91697 -58.9781
-26.3053 23.4443 44.8062 -4.91644 -5.98295 -59.0748
-26.33 23.4142 44.5106 -4.96802 -6.0492 -59.1717
-26.355 23.3838 44.2145 -5.01977 -6.11574 -59.2687
-26.3802 23.353 43.9179 -5.07168 -6.18255 -59.3659
-26.4057 23.3219 43.6208 -5.12376 -6.24965 -59.4631
-26.4314 23.2905 43.3233 -5.17602 -6.31703 -59.5606
-26.4575 23.2588 43.0252 -5.22844 -6.3847 -59.6581
-26.4837 23.2267 42.7267 -5.28105 -6.45266 -59.7558
-26.5103 23.1942 42.4277 -5.33382 -6.52091 -59.8537
-26.5371 23.1615 42.1282 -5.38677 -6.58945 -59.9517
-26.5641 23.1283 41.8282 -5.4399 -6.65829 -60.0498
-26.5915 23.0949 41.5277 -5.4932 -6.72741 -60.148
-26.6191 23.0611 41.2267 -5.54668 -6.79684 -60.2465
-26.6469 23.0269 40.9252 -5.60034 -6.86657 -60.345
-26.6751 22.9924 40.6232 -5.65419 -6.93659 -60.4437
-26.7035 22.9575 40.3208 -5.70821 -7.00692 -60.5425
-26.7321 22.9223 40.0178 -5.76242 -7.07756 -60.6415
-26.7611 22.8868 39.7143 -5.81681 -7.1485 -60.7406
-26.7903 22.8509 39.4104 -5.87139 -7.21975 -60.8399
-26.8198 22.8146 39.1059 -5.92616 -7.29131 -60.9393
-26.8496 22.7779 38.801 -5.98111 -7.36318 -61.0389
-26.8796 22.7409 38.4956 -6.03625 -7.43536 -61.1386
-26.9099 22.7036 38.1896 -6.09158 -7.50787 -61.2385
-26.9405 22.6659 37.8832 -6.1471 -7.58069 -61.3385
-26.9714 22.6278 37.5762 -6.20282 -7.65383 -61.4386
-27.0026 22.5893 37.2688 -6.25873 -7.72729 -61.5389
-27.034 22.5505 36.9608 -6.31483 -7.80108 -61.6394
-27.0657 22.5113 36.6524 -6.37113 -7.8752 -61.74
-27.0977 22.4718 36.3434 -6.42763 -7.94964 -61.8407
-27.13 22.4318 36.034 -6.48433 -8.02442 -61.9416
-27.1626 22.3915 35.724 -6.54122 -8.09952 -62.0426
-27.1954 22.3508 35.4136 -6.59832 -8.17497 -62.1438
-27.2285 22.3098 35.1026 -6.65562 -8.25075 -62.2452
-27.262 22.2683 34.7911 -6.71313 -8.32687 -62.3467
-27.2957 22.2265 34.4791 -6.77084 -8.40333 -62.4483
-27.3297 22.1843 34.1666 -6.82876 -8.48013 -62.5501
-27.364 22.1417 33.8536 -6.88688 -8.55728 -62.6521
-27.3985 22.0987 33.5401 -6.94522 -8.63478 -62.7542
-27.4334 22.0553 33.2261 -7.00376 -8.71263 -62.8564
-27.4686 22.0116 32.9115 -7.06252 -8.79083 -62.9588
-27.504 21.9674 32.5965 -7.12149 -8.86939 -63.0614
-27.5398 21.9229 32.2809 -7.18068 -8.9483 -63.1641
-27.5758 21.8779 31.9648 -7.24008 -9.02758 -63.267
-27.6122 21.8326 31.6483 -7.2997 -9.10722 -63.37
-27.6488 21.7869 31.3311 -7.35954 -9.18722 -63.4732
-27.6858 21.7407 31.0135 -7.4196 -9.26759 -63.5765
-27.723 21.6942 30.6954 -7.47988 -9.34833 -63.68
-27.7606 21.6473 30.3767 -7.54038 -9.42944 -63.7837
-27.7984 21.5999 30.0575 -7.60111 -9.51092 -63.8875
-27.8366 21.5521 29.7378 -7.66207 -9.59278 -63.9914
-27.8751 21.504 29.4176 -7.72325 -9.67502 -64.0956
-27.9138 21.4554 29.0969 -7.78467 -9.75764 -64.1999
-27.9529 21.4064 28.7756 -7.84631 -9.84065 -64.3043
-27.9923 21.357 28.4539 -7.90819 -9.92405 -64.4089
-28.032 21.3072 28.1315 -7.9703 -10.0078 -64.5136
-28.072 21.2569 27.8087 -8.03265 -10.092 -64.6186
-28.1123 21.2062 27.4854 -8.09524 -10.1766 -64.7236
-28.1529 21.1551 27.1615 -8.15806 -10.2615 -64.8289
-28.1939 21.1036 26.8371 -8.22113 -10.3469 -64.9343
-28.2352 21.0517 26.5121 -8.28444 -10.4327 -65.0398
-28.2767 20.9993 26.1867 -8.34799 -10.5189 -65.1456
-28.3186 20.9465 25.8607 -8.41178 -10.6055 -65.2514
-28.3609 20.8932 25.5342 -8.47583 -10.6925 -65.3575
-28.4034 20.8396 25.2071 -8.54012 -10.7799 -65.4637
-28.4463 20.7854 24.8795 -8.60466 -10.8677 -65.5701
-28.4894 20.7309 24.5514 -8.66946 -10.956 -65.6766
-28.5329 20.6759 24.2228 -8.73451 -11.0446 -65.7833
-28.5768 20.6204 23.8936 -8.79982 -11.1337 -65.8901
-28.6209 20.5645 23.5639 -8.86538 -11.2233 -65.9972
-28.6654 20.5082 23.2336 -8.9312 -11.3132 -66.1044
-28.7103 20.4514 22.9028 -8.99729 -11.4036 -66.2117
-28.7554 20.3942 22.5715 -9.06363 -11.4945 -66.3192
-28.8009 20.3365 22.2396 -9.13024 -11.5857 -66.4269
-28.8467 20.2783 21.9072 -9.19712 -11.6775 -66.5348
-28.8929 20.2197 21.5743 -9.26427 -11.7696 -66.6428
-28.9394 20.1606 21.2408 -9.33169 -11.8622 -66.7509
-28.9862 20.1011 20.9068 -9.39938 -11.9553 -66.8593
-29.0333 20.0411 20.5722 -9.46734 -12.0488 -66.9678
-29.0809 19.9806 20.2371 -9.53558 -12.1428 -67.0765
-29.1287 19.9196 19.9014 -9.6041 -12.2373 -67.1853
-29.1769 19.8582 19.5652 -9.6729 -12.3322 -67.2943
-29.2254 19.7963 19.2285 -9.74198 -12.4276 -67.4035
-29.2743 19.7339 18.8912 -9.81135 -12.5235 -67.5129
-29.3235 19.6711 18.5534 -9.881 -12.6198 -67.6224
-29.3731 19.6077 18.215 -9.95094 -12.7166 -67.7321
-29.4231 19.5439 17.876 -10.0212 -12.8139 -67.8419
-29.4733 19.4796 17.5365 -10.0917 -12.9117 -67.9519
-29.524 19.4148 17.1965 -10.1625 -13.01 -68.0621
-29.575 19.3495 16.8559 -10.2336 -13.1088 -68.1725
-29.6263 19.2837 16.5148 -10.305 -13.2081 -68.283
-29.678 19.2174 16.1731 -10.3767 -13.3078 -68.3937
-29.7301 19.1506 15.8309 -10.4488 -13.4081 -68.5046
-29.7825 19.0833 15.4881 -10.5211 -13.5089 -68.6156
-29.8353 19.0155 15.1447 -10.5937 -13.6102 -68.7268
-29.8884 18.9472 14.8008 -10.6667 -13.7121 -68.8382
-29.942 18.8784 14.4563 -10.7399 -13.8144 -68.9497
-29.9958 18.8091 14.1113 -10.8135 -13.9173 -69.0615
-30.0501 18.7392 13.7657 -10.8874 -14.0207 -69.1734
-30.1047 18.6689 13.4196 -10.9616 -14.1246 -69.2854
-30.1597 18.598 13.0728 -11.0361 -14.2291 -69.3976
-30.2151 18.5266 12.7256 -11.1109 -14.3341 -69.51
-30.2708 18.4546 12.3777 -11.1861 -14.4396 -69.6226
-30.3269 18.3822 12.0293 -11.2616 -14.5457 -69.7354
-30.3834 18.3092 11.6804 -11.3374 -14.6524 -69.8483
-30.4403 18.2357 11.3309 -11.4136 -14.7596 -69.9613
-30.4976 18.1616 10.9808 -11.4901 -14.8674 -70.0746
-30.5552 18.087 10.6301 -11.5669 -14.9757 -70.188
-30.6132 18.0118 10.2789 -11.6441 -15.0846 -70.3016
-30.6716 17.9361 9.9271 -11.7216 -15.1941 -70.4154
-30.7304 17.8599 9.57474 -11.7995 -15.3041 -70.5293
-30.7896 17.7831 9.22181 -11.8777 -15.4148 -70.6434
-30.8492 17.7057 8.86831 -11.9563 -15.526 -70.7577
-30.9092 17.6278 8.51423 -12.0352 -15.6378 -70.8722
-30.9696 17.5494 8.15959 -12.1145 -15.7503 -70.9868
-31.0304 17.4703 7.80437 -12.1942 -15.8633 -71.1016
-31.0915 17.3907 7.44857 -12.2742 -15.9769 -71.2166
-31.1531 17.3106 7.0922 -12.3545 -16.0911 -71.3317
-31.2151 17.2298 6.73525 -12.4353 -16.206 -71.447
-31.2774 17.1485 6.37773 -12.5164 -16.3215 -71.5625
-31.3402 17.0666 6.01963 -12.5979 -16.4376 -71.6781
-31.4034 16.9841 5.66095 -12.6797 -16.5543 -71.7939
-31.467 16.9011 5.30169 -12.762 -16.6717 -71.9099
-31.531 16.8174 4.94185 -12.8446 -16.7897 -72.0261
-31.5955 16.7332 4.58143 -12.9276 -16.9083 -72.1424
-31.6603 16.6483 4.22043 -13.011 -17.0276 -72.2589
-31.7256 16.5629 3.85884 -13.0948 -17.1476 -72.3756
-31.7913 16.4768 3.49667 -13.179 -17.2682 -72.4924
-31.8574 16.3902 3.13392 -13.2635 -17.3895 -72.6094
-31.9239 16.303 2.77058 -13.3485 -17.5114 -72.7266
-31.9909 16.2151 2.40665 -13.4339 -17.634 -72.8439
-32.0582 16.1266 2.04214 -13.5197 -17.7573 -72.9614
-32.1261 16.0375 1.67704 -13.6059 -17.8813 -73.0791
-32.1943 15.9478 1.31135 -13.6925 -18.006 -73.1969
-32.263 15.8575 0.945066 -13.7796 -18.1314 -73.3149
-32.3321 15.7665 0.578196 -13.867 -18.2575 -73.4331
-32.4017 15.6749 0.210735 -13.9549 -18.3843 -73.5514
-32.4716 15.5826 -0.157318 -14.0432 -18.5119 -73.6699
-32.5421 15.4898 -0.525964 -14.132 -18.6401 -73.7886
-32.613 15.3962 -0.895204 -14.2211 -18.7691 -73.9074
-32.6843 15.3021 -1.26504 -14.3107 -18.8988 -74.0264
-32.7561 15.2072 -1.63547 -14.4008 -19.0292 -74.1455
-32.8283 15.1118 -2.00649 -14.4913 -19.1604 -74.2649
-32.901 15.0156 -2.37812 -14.5822 -19.2924 -74.3843
-32.9741 14.9189 -2.75034 -14.6736 -19.4251 -74.504
-33.0477 14.8214 -3.12316 -14.7655 -19.5586 -74.6238
-33.1218 14.7233 -3.49657 -14.8578 -19.6928 -74.7437
-33.1963 14.6245 -3.87059 -14.9506 -19.8278 -74.8638
-33.2713 14.525 -4.24521 -15.0438 -19.9636 -74.9841
-33.3467 14.4248 -4.62044 -15.1376 -20.1002 -75.1045
-33.4227 14.324 -4.99626 -15.2317 -20.2376 -75.2251
-33.4991 14.2224 -5.37269 -15.3264 -20.3758 -75.3459
-33.5759 14.1202 -5.74972 -15.4216 -20.5148 -75.4668
-33.6533 14.0173 -6.12735 -15.5172 -20.6547 -75.5878
-33.7311 13.9137 -6.5056 -15.6134 -20.7953 -75.709
-33.8094 13.8093 -6.88445 -15.71 -20.9368 -75.8304
-33.8882 13.7043 -7.2639 -15.8071 -21.0792 -75.9519
-33.9675 13.5986 -7.64396 -15.9048 -21.2223 -76.0736
-34.0472 13.4921 -8.02464 -16.0029 -21.3664 -76.1954
-34.1275 13.3849 -8.40592 -16.1016 -21.5113 -76.3173
-34.2083 13.277 -8.78781 -16.2008 -21.657 -76.4394
-34.2895 13.1683 -9.17031 -16.3005 -21.8037 -76.5617
-34.3713 13.0589 -9.55343 -16.4007 -21.9512 -76.684
-34.4535 12.9488 -9.93715 -16.5014 -22.0996 -76.8066
-34.5363 12.8379 -10.3215 -16.6027 -22.2489 -76.9292
-34.6195 12.7263 -10.7064 -16.7046 -22.3992 -77.0521
-34.7033 12.6139 -11.092 -16.8069 -22.5503 -77.175
-34.7876 12.5008 -11.4782 -16.9099 -22.7024 -77.2981
-34.8724 12.3869 -11.865 -17.0134 -22.8554 -77.4213
-34.9577 12.2723 -12.2524 -17.1174 -23.0093 -77.5447
-35.0436 12.1568 -12.6404 -17.222 -23.1642 -77.6682
-35.13 12.0406 -13.0291 -17.3272 -23.3201 -77.7918
-35.2169 11.9236 -13.4184 -17.4329 -23.4769 -77.9156
-35.3043 11.8058 -13.8082 -17.5393 -23.6347 -78.0394
-35.3923 11.6873 -14.1988 -17.6462 -23.7935 -78.1635
-35.4808 11.5679 -14.5899 -17.7537 -23.9532 -78.2876
-35.5698 11.4477 -14.9816 -17.8618 -24.114 -78.4118
-35.6594 11.3268 -15.374 -17.9705 -24.2758 -78.5362
-35.7495 11.205 -15.767 -18.0798 -24.4386 -78.6607
-35.8402 11.0824 -16.1606 -18.1897 -24.6024 -78.7853
-35.9314 10.959 -16.5548 -18.3003 -24.7673 -78.9101
-36.0232 10.8347 -16.9497 -18.4114 -24.9332 -79.0349
-36.1155 10.7096 -17.3452 -18.5232 -25.1002 -79.1599
-36.2084 10.5837 -17.7413 -18.6357 -25.2682 -79.2849
-36.3019 10.4569 -18.138 -18.7487 -25.4373 -79.4101
-36.3959 10.3293 -18.5354 -18.8624 -25.6076 -79.5354
-36.4905 10.2009 -18.9334 -18.9768 -25.7789 -79.6607
-36.5857 10.0715 -19.332 -19.0918 -25.9513 -79.7862
-36.6814 9.94135 -19.7313 -19.2075 -26.1248 -79.9118
-36.7777 9.81029 -20.1311 -19.3238 -26.2994 -80.0375
-36.8747 9.67836 -20.5316 -19.4408 -26.4752 -80.1632
-36.9722 9.54554 -20.9328 -19.5585 -26.6522 -80.2891
-37.0702 9.41184 -21.3345 -19.6769 -26.8302 -80.415
-37.1689 9.27724 -21.7369 -19.796 -27.0095 -80.541
-37.2682 9.14174 -22.1399 -19.9158 -27.1899 -80.6671
-37.3681 9.00534 -22.5436 -20.0362 -27.3716 -80.7933
-37.4686 8.86802 -22.9479 -20.1574 -27.5544 -80.9195
-37.5697 8.72979 -23.3528 -20.2793 -27.7384 -81.0458
-37.6714 8.59064 -23.7583 -20.4019 -27.9237 -81.1722
-37.7737 8.45055 -24.1645 -20.5253 -28.1102 -81.2987
-37.8766 8.30954 -24.5713 -20.6494 -28.2979 -81.4252
-37.9802 8.16758 -24.9788 -20.7742 -28.4869 -81.5517
-38.0843 8.02467 -25.3868 -20.8998 -28.6771 -81.6783
-38.1892 7.8808 -25.7955 -21.0261 -28.8687 -81.805
-38.2946 7.73598 -26.2049 -21.1531 -29.0615 -81.9316
-38.4007 7.59019 -26.6149 -21.281 -29.2556 -82.0584
-38.5074 7.44342 -27.0255 -21.4096 -29.4511 -82.1851
-38.6148 7.29568 -27.4367 -21.539 -29.6478 -82.3119
-38.7228 7.14694 -27.8486 -21.6692 -29.846 -82.4387
-38.8315 6.99722 -28.2611 -21.8002 -30.0454 -82.5655
-38.9408 6.84649 -28.6742 -21.9319 -30.2463 -82.6923
-39.0508 6.69475 -29.088 -22.0645 -30.4485 -82.8191
-39.1615 6.542 -29.5024 -22.1979 -30.6521 -82.946
-39.2728 6.38823 -29.9175 -22.3321 -30.8571 -83.0728
-39.3848 6.23343 -30.3332 -22.4671 -31.0635 -83.1996
-39.4975 6.07759 -30.7495 -22.603 -31.2714 -83.3264
-39.6108 5.92072 -31.1664 -22.7397 -31.4807 -83.4532
-39.7248 5.76279 -31.584 -22.8773 -31.6915 -83.5799
-39.8396 5.6038 -32.0022 -23.0157 -31.9037 -83.7066
-39.955 5.44375 -32.4211 -23.155 -32.1175 -83.8332
-40.0711 5.28262 -32.8406 -23.2952 -32.3327 -83.9598
-40.188 5.12042 -33.2607 -23.4362 -32.5495 -84.0864
-40.3055 4.95713 -33.6814 -23.5782 -32.7678 -84.2128
-40.4237 4.79274 -34.1028 -23.721 -32.9877 -84.3393
-40.5427 4.62725 -34.5248 -23.8647 -33.2091 -84.4656
-40.6624 4.46065 -34.9475 -24.0094 -33.4321 -84.5918
-40.7828 4.29293 -35.3707 -24.155 -33.6567 -84.7179
-40.9039 4.12408 -35.7946 -24.3015 -33.8829 -84.844
-41.0258 3.9541 -36.2192 -24.4489 -34.1108 -84.9699
-41.1484 3.78297 -36.6443 -24.5973 -34.3403 -85.0957
-41.2718 3.6107 -37.0701 -24.7467 -34.5714 -85.2214
-41.3959 3.43726 -37.4966 -24.897 -34.8043 -85.3469
-41.5208 3.26265 -37.9236 -25.0483 -35.0388 -85.4723
-41.6464 3.08687 -38.3513 -25.2005 -35.275 -85.5975
-41.7728 2.9099 -38.7796 -25.3538 -35.513 -85.7226
-41.8999 2.73174 -39.2085 -25.5081 -35.7528 -85.8474
-42.0278 2.55237 -39.638 -25.6633 -35.9943 -85.9721
-42.1565 2.37179 -40.0682 -25.8196 -36.2376 -86.0966
-42.286 2.19 -40.499 -25.9769 -36.4827 -86.2209
-42.4163 2.00697 -40.9304 -26.1353 -36.7296 -86.345
-42.5474 1.8227 -41.3625 -26.2947 -36.9783 -86.4688
-42.6793 1.63718 -41.7951 -26.4552 -37.229 -86.5924
-42.8119 1.45041 -42.2284 -26.6167 -37.4815 -86.7157
-42.9454 1.26237 -42.6623 -26.7794 -37.7359 -86.8388
-43.0797 1.07305 -43.0968 -26.9431 -37.9922 -86.9616
-43.2149 0.882443 -43.5319 -27.1079 -38.2505 -87.0841
-43.3508 0.690542 -43.9676 -27.2738 -38.5107 -87.2063
-43.4876 0.497335 -44.404 -27.4408 -38.7729 -87.3281
-43.6252 0.302812 -44.8409 -27.609 -39.0371 -87.4497
-43.7637 0.106963 -45.2785 -27.7783 -39.3034 -87.5709
-43.903 -0.0902226 -45.7166 -27.9487 -39.5717 -87.6917
-44.0432 -0.288755 -46.1554 -28.1203 -39.842 -87.8122
-44.1842 -0.488644 -46.5947 -28.2931 -40.1144 -87.9322
-44.3261 -0.6899 -47.0347 -28.4671 -40.389 -88.0519
-44.4689 -0.892534 -47.4753 -28.6423 -40.6657 -88.1711
-44.6125 -1.09656 -47.9164 -28.8186 -40.9445 -88.2899
-44.7571 -1.30198 -48.3582 -28.9962 -41.2255 -88.4082
-44.9025 -1.50881 -48.8005 -29.175 -41.5088 -88.5261
-45.0488 -1.71707 -49.2434 -29.3551 -41.7942 -88.6435
-45.196 -1.92676 -49.6869 -29.5364 -42.0819 -88.7603
-45.3442 -2.13789 -50.131 -29.719 -42.3719 -88.8766
-45.4932 -2.35048 -50.5757 -29.9028 -42.6642 -88.9924
-45.6432 -2.56453 -51.0209 -30.0879 -42.9588 -89.1076
-45.7941 -2.78007 -51.4668 -30.2743 -43.2557 -89.2223
-45.946 -2.99709 -51.9132 -30.4621 -43.555 -89.3363
-46.0987 -3.21562 -52.3601 -30.6511 -43.8568 -89.4497
-46.2525 -3.43566 -52.8077 -30.8415 -44.1609 -89.5624
-46.4072 -3.65723 -53.2558 -31.0333 -44.4675 -89.6745
-46.5628 -3.88033 -53.7044 -31.2264 -44.7766 -89.7858
-46.7194 -4.10499 -54.1536 -31.4208 -45.0882 -89.8965
-46.877 -4.33122 -54.6034 -31.6167 -45.4023 -90.0064
-47.0356 -4.55902 -55.0537 -31.8139 -45.719 -90.1155
-47.1951 -4.78841 -55.5045 -32.0126 -46.0383 -90.2238
-47.3557 -5.0194 -55.9559 -32.2127 -46.3602 -90.3313
-47.5173 -5.25201 -56.4078 -32.4142 -46.6848 -90.438
-47.6799 -5.48625 -56.8603 -32.6172 -47.012 -90.5438
-47.8434 -5.72213 -57.3133 -32.8216 -47.3419 -90.6486
-48.0081 -5.95967 -57.7668 -33.0275 -47.6746 -90.7526
-48.1737 -6.19888 -58.2208 -33.2349 -48.0101 -90.8556
-48.3404 -6.43977 -58.6753 -33.4438 -48.3483 -90.9575
-48.5082 -6.68236 -59.1304 -33.6542 -48.6894 -91.0585
-48.677 -6.92667 -59.5859 -33.8662 -49.0333 -91.1584
-48.8468 -7.1727 -60.042 -34.0797 -49.3801 -91.2572
-49.0178 -7.42047 -60.4985 -34.2947 -49.7299 -91.3549
-49.1898 -7.67 -60.9555 -34.5113 -50.0826 -91.4515
-49.3629 -7.9213 -61.413 -34.7296 -50.4383 -91.5468
-49.5371 -8.17438 -61.871 -34.9494 -50.7971 -91.6409
-49.7124 -8.42927 -62.3294 -35.1708 -51.1588 -91.7338
-49.8888 -8.68597 -62.7883 -35.3938 -51.5237 -91.8253
-50.0663 -8.94451 -63.2477 -35.6185 -51.8917 -91.9155
-50.245 -9.20489 -63.7075 -35.8448 -52.2629 -92.0043
-50.4248 -9.46714 -64.1677 -36.0728 -52.6373 -92.0917
-50.6057 -9.73126 -64.6284 -36.3025 -53.0149 -92.1776
-50.7878 -9.99729 -65.0895 -36.5339 -53.3958 -92.262
-50.971 -10.2652 -65.551 -36.767 -53.78 -92.3448
-51.1554 -10.5351 -66.0129 -37.0019 -54.1675 -92.426
-51.341 -10.8069 -66.4753 -37.2384 -54.5584 -92.5056
-51.5278 -11.0807 -66.938 -37.4768 -54.9527 -92.5835
-51.7158 -11.3564 -67.4011 -37.7169 -55.3505 -92.6596
-51.905 -11.6342 -67.8646 -37.9587 -55.7518 -92.7339
-52.0954 -11.9139 -68.3285 -38.2024 -56.1566 -92.8064
-52.287 -12.1957 -68.7927 -38.4479 -56.565 -92.877
-52.4799 -12.4796 -69.2572 -38.6952 -56.9771 -92.9456
-52.674 -12.7655 -69.7221 -38.9444 -57.3927 -93.0121
-52.8693 -13.0535 -70.1873 -39.1954 -57.8121 -93.0766
-53.0659 -13.3436 -70.6529 -39.4483 -58.2352 -93.139
-53.2638 -13.6359 -71.1187 -39.7031 -58.6621 -93.1992
-53.463 -13.9303 -71.5849 -39.9598 -59.0928 -93.2571
-53.6634 -14.2268 -72.0513 -40.2184 -59.5274 -93.3126
-53.8652 -14.5255 -72.518 -40.4789 -59.9659 -93.3658
-54.0682 -14.8265 -72.985 -40.7414 -60.4084 -93.4166
-54.2726 -15.1296 -73.4522 -41.0058 -60.8548 -93.4647
-54.4783 -15.435 -73.9196 -41.2722 -61.3053 -93.5103
-54.6853 -15.7427 -74.3873 -41.5406 -61.7599 -93.5533
-54.8937 -16.0526 -74.8552 -41.811 -62.2186 -93.5934
-55.1034 -16.3649 -75.3232 -42.0834 -62.6814 -93.6308
-55.3145 -16.6794 -75.7915 -42.3578 -63.1485 -93.6652
-55.527 -16.9963 -76.2599 -42.6343 -63.6199 -93.6967
-55.7408 -17.3156 -76.7284 -42.9128 -64.0956 -93.7251
-55.9561 -17.6373 -77.1971 -43.1934 -64.5756 -93.7503
-56.1728 -17.9614 -77.6659 -43.4761 -65.06 -93.7723
-56.3909 -18.2879 -78.1348 -43.7608 -65.5489 -93.791
-56.6104 -18.6169 -78.6038 -44.0477 -66.0423 -93.8063
-56.8313 -18.9483 -79.0729 -44.3367 -66.5403 -93.818
-57.0538 -19.2823 -79.542 -44.6278 -67.0428 -93.8261
-57.2776 -19.6188 -80.0112 -44.921 -67.55 -93.8305
-57.503 -19.9578 -80.4803 -45.2164 -68.0619 -93.8311
-57.7298 -20.2994 -80.9495 -45.514 -68.5785 -93.8278
-57.9581 -20.6436 -81.4186 -45.8137 -69.0999 -93.8205
-58.1879 -20.9904 -81.8877 -46.1156 -69.6262 -93.809
-58.4193 -21.3398 -82.3567 -46.4197 -70.1573 -93.7933
-58.6521 -21.6919 -82.8256 -46.726 -70.6934 -93.7732
-58.8865 -22.0468 -83.2944 -47.0345 -71.2344 -93.7487
-59.1225 -22.4043 -83.7631 -47.3453 -71.7805 -93.7196
-59.36 -22.7646 -84.2316 -47.6583 -72.3317 -93.6857
-59.5991 -23.1276 -84.7 -47.9735 -72.888 -93.647
-59.8397 -23.4934 -85.1681 -48.291 -73.4495 -93.6034
-60.082 -23.8621 -85.636 -48.6107 -74.0162 -93.5546
-60.3258 -24.2336 -86.1037 -48.9326 -74.5882 -93.5006
-60.5713 -24.608 -86.571 -49.2569 -75.1655 -93.4413
-60.8184 -24.9853 -87.0381 -49.5834 -75.7481 -93.3764
-61.0671 -25.3655 -87.5048 -49.9122 -76.3362 -93.3059
-61.3175 -25.7486 -87.9711 -50.2432 -76.9298 -93.2295
-61.5696 -26.1348 -88.4371 -50.5766 -77.5288 -93.1472
-61.8233 -26.5239 -88.9026 -50.9122 -78.1334 -93.0588
-62.0787 -26.9161 -89.3677 -51.2501 -78.7436 -92.9641
-62.3358 -27.3113 -89.8322 -51.5903 -79.3595 -92.863
-62.5946 -27.7097 -90.2963 -51.9328 -79.981 -92.7553
-62.8551 -28.1111 -90.7598 -52.2775 -80.6082 -92.6408
-63.1174 -28.5158 -91.2227 -52.6246 -81.2412 -92.5194
-63.3814 -28.9236 -91.685 -52.9739 -81.88 -92.3908
-63.6471 -29.3346 -92.1466 -53.3255 -82.5246 -92.255
-63.9146 -29.7488 -92.6075 -53.6793 -83.1751 -92.1117
-64.1839 -30.1663 -93.0677 -54.0354 -83.8315 -91.9607
-64.455 -30.5871 -93.5272 -54.3938 -84.4938 -91.8019
-64.7278 -31.0112 -93.9858 -54.7544 -85.1621 -91.6351
-65.0025 -31.4387 -94.4435 -55.1173 -85.8364 -91.4599
-65.279 -31.8696 -94.9004 -55.4823 -86.5167 -91.2764
-65.5573 -32.3039 -95.3563 -55.8496 -87.203 -91.0841
-65.8375 -32.7416 -95.8112 -56.219 -87.8954 -90.883
-66.1195 -33.1828 -96.2651 -56.5907 -88.5938 -90.6729
-66.4034 -33.6276 -96.7179 -56.9644 -89.2984 -90.4534
-66.6892 -34.0758 -97.1696 -57.3403 -90.009 -90.2244
-66.9768 -34.5277 -97.6202 -57.7184 -90.7258 -89.9856
-67.2663 -34.9831 -98.0695 -58.0984 -91.4486 -89.7369
-67.5578 -35.4421 -98.5176 -58.4806 -92.1776 -89.4779
-67.8512 -35.9049 -98.9643 -58.8648 -92.9127 -89.2085
-68.1464 -36.3713 -99.4096 -59.2509 -93.6538 -88.9284
-68.4437 -36.8414 -99.8536 -59.639 -94.4011 -88.6373
-68.7428 -37.3153 -100.296 -60.0291 -95.1545 -88.335
-69.044 -37.7929 -100.737 -60.421 -95.9138 -88.0213
-69.347 -38.2744 -101.176 -60.8147 -96.6792 -87.6958
-69.6521 -38.7597 -101.614 -61.2102 -97.4506 -87.3584
-69.9591 -39.2489 -102.05 -61.6075 -98.228 -87.0088
-70.2682 -39.742 -102.484 -62.0065 -99.0112 -86.6466
-70.5792 -40.239 -102.916 -62.4071 -99.8003 -86.2716
-70.8922 -40.74 -103.347 -62.8092 -100.595 -85.8836
-71.2073 -41.245 -103.775 -63.2129 -101.396 -85.4823
-71.5244 -41.7539 -104.202 -63.6179 -102.202 -85.0673
-71.8435 -42.267 -104.626 -64.0244 -103.014 -84.6384
-72.1646 -42.7841 -105.048 -64.4322 -103.831 -84.1953
-72.4878 -43.3053 -105.468 -64.8411 -104.654 -83.7377
-72.813 -43.8306 -105.885 -65.2512 -105.482 -83.2653
-73.1403 -44.3601 -106.3 -65.6623 -106.315 -82.7778
-73.4696 -44.8938 -106.713 -66.0744 -107.154 -82.2749
-73.801 -45.4316 -107.123 -66.4873 -107.997 -81.7563
-74.1345 -45.9737 -107.531 -66.9009 -108.845 -81.2218
-74.4701 -46.5201 -107.935 -67.3152 -109.698 -80.6709
-74.8077 -47.0707 -108.337 -67.7299 -110.555 -80.1035
-75.1473 -47.6256 -108.736 -68.1451 -111.416 -79.5191
-75.4891 -48.1849 -109.133 -68.5605 -112.282 -78.9175
-75.833 -48.7484 -109.526 -68.9761 -113.151 -78.2984
-76.1789 -49.3164 -109.916 -69.3917 -114.024 -77.6615
-76.5269 -49.8887 -110.302 -69.8071 -114.901 -77.0064
-76.8769 -50.4654 -110.686 -70.2222 -115.781 -76.3329
-77.2291 -51.0465 -111.066 -70.6368 -116.664 -75.6407
-77.5833 -51.632 -111.442 -71.0508 -117.549 -74.9294
-77.9396 -52.222 -111.815 -71.4641 -118.437 -74.1988
-78.2979 -52.8164 -112.184 -71.8763 -119.328 -73.4486
-78.6584 -53.4152 -112.549 -72.2874 -120.22 -72.6785
-79.0208 -54.0186 -112.911 -72.6972 -121.114 -71.8881
-79.3853 -54.6264 -113.268 -73.1053 -122.009 -71.0773
-79.7519 -55.2386 -113.622 -73.5118 -122.905 -70.2457
-80.1204 -55.8554 -113.971 -73.9163 -123.801 -69.3931
-80.491 -56.4766 -114.315 -74.3185 -124.698 -68.5193
-80.8636 -57.1024 -114.656 -74.7184 -125.594 -67.6239
-81.2382 -57.7326 -114.992 -75.1156 -126.49 -66.7067
-81.6148 -58.3673 -115.323 -75.51 -127.385 -65.7676
-81.9933 -59.0064 -115.649 -75.9011 -128.279 -64.8063
-82.3738 -59.6501 -115.971 -76.2889 -129.17 -63.8225
-82.7562 -60.2981 -116.288 -76.673 -130.059 -62.8161
-83.1405 -60.9506 -116.599 -77.0532 -130.946 -61.787
-83.5267 -61.6076 -116.905 -77.4292 -131.828 -60.7349
-83.9148 -62.2689 -117.206 -77.8007 -132.707 -59.6597
-84.3047 -62.9346 -117.502 -78.1674 -133.582 -58.5613
-84.6965 -63.6047 -117.792 -78.529 -134.452 -57.4395
-85.09 -64.2792 -118.076 -78.8853 -135.316 -56.2943
-85.4853 -64.9579 -118.355 -79.2359 -136.174 -55.1256
-85.8824 -65.6409 -118.628 -79.5804 -137.026 -53.9333
-86.2811 -66.3281 -118.894 -79.9187 -137.87 -52.7174
-86.6816 -67.0196 -119.155 -80.2503 -138.707 -51.478
-87.0836 -67.7152 -119.409 -80.575 -139.535 -50.2149
-87.4873 -68.4149 -119.657 -80.8924 -140.354 -48.9283
-87.8925 -69.1187 -119.898 -81.2021 -141.163 -47.6183
-88.2993 -69.8266 -120.133 -81.5039 -141.962 -46.2849
-88.7076 -70.5383 -120.361 -81.7975 -142.75 -44.9282
-89.1173 -71.2541 -120.583 -82.0824 -143.527 -43.5485
-89.5284 -71.9736 -120.797 -82.3583 -144.291 -42.1458
-89.9409 -72.697 -121.004 -82.625 -145.042 -40.7205
-90.3546 -73.424 -121.204 -82.882 -145.779 -39.2727
-90.7697 -74.1547 -121.397 -83.129 -146.502 -37.8028
-91.1859 -74.889 -121.582 -83.3658 -147.21 -36.311
-91.6033 -75.6268 -121.76 -83.5919 -147.902 -34.7977
-92.0218 -76.368 -121.93 -83.8071 -148.578 -33.2633
-92.4414 -77.1126 -122.092 -84.011 -149.237 -31.7082
-92.862 -77.8604 -122.247 -84.2034 -149.878 -30.1328
-93.2834 -78.6114 -122.394 -84.3838 -150.5 -28.5377
-93.7058 -79.3654 -122.533 -84.5521 -151.104 -26.9233
-94.129 -80.1224 -122.663 -84.7079 -151.688 -25.2901
-94.5529 -80.8823 -122.785 -84.8509 -152.251 -23.6389
-94.9775 -81.6449 -122.899 -84.9809 -152.794 -21.9702
-95.4027 -82.4102 -123.005 -85.0976 -153.314 -20.2846
-95.8284 -83.178 -123.102 -85.2007 -153.813 -18.5828
-96.2547 -83.9483 -123.191 -85.2901 -154.289 -16.8656
-96.6813 -84.7209 -123.271 -85.3655 -154.742 -15.1337
-97.1083 -85.4957 -123.342 -85.4267 -155.171 -13.3878
-97.5356 -86.2726 -123.405 -85.4734 -155.575 -11.6289
-97.9631 -87.0515 -123.459 -85.5056 -155.955 -9.85764
-98.3907 -87.8322 -123.503 -85.523 -156.31 -8.07498
-98.8183 -88.6146 -123.539 -85.5256 -156.638 -6.28178
-99.2459 -89.3986 -123.566 -85.5131 -156.941 -4.47896
-99.6734 -90.184 -123.584 -85.4856 -157.217 -2.66743
-100.101 -90.9707 -123.593 -85.4428 -157.467 -0.848149
-100.528 -91.7587 -123.593 -85.3847 -157.689 0.977918
-100.955 -92.5476 -123.583 -85.3113 -157.884 2.80979
-101.381 -93.3375 -123.565 -85.2226 -158.051 4.64648
-101.807 -94.1281 -123.537 -85.1184 -158.19 6.48697
-102.232 -94.9194 -123.5 -84.9989 -158.301 8.33025
-102.657 -95.7111 -123.453 -84.8641 -158.384 10.1753
-103.081 -96.5032 -123.398 -84.714 -158.439 12.0211
-103.504 -97.2955 -123.333 -84.5487 -158.466 13.8666
-103.926 -98.0879 -123.259 -84.3683 -158.464 15.7108
-104.348 -98.8802 -123.176 -84.1728 -158.434 17.5527
-104.768 -99.6722 -123.084 -83.9625 -158.376 19.3912
-105.187 -100.464 -122.982 -83.7374 -158.29 21.2254
-105.605 -101.255 -122.872 -83.4978 -158.175 23.0542
-106.022 -102.046 -122.752 -83.2437 -158.033 24.8767
-106.438 -102.835 -122.623 -82.9755 -157.863 26.6918
-106.852 -103.624 -122.485 -82.6934 -157.665 28.4987
-107.265 -104.412 -122.338 -82.3974 -157.441 30.2963
-107.676 -105.199 -122.182 -82.0881 -157.189 32.0838
-108.086 -105.984 -122.017 -81.7655 -156.912 33.8603
-108.494 -106.768 -121.843 -81.4299 -156.607 35.6248
-108.9 -107.55 -121.661 -81.0818 -156.277 37.3766
-109.304 -108.331 -121.469 -80.7213 -155.922 39.1148
-109.707 -109.109 -121.27 -80.3488 -155.542 40.8386
-110.108 -109.886 -121.061 -79.9646 -155.137 42.5472
-110.507 -110.661 -120.844 -79.569 -154.709 44.24
-110.904 -111.433 -120.619 -79.1625 -154.257 45.9162
-111.298 -112.203 -120.385 -78.7452 -153.782 47.5751
-111.691 -112.971 -120.143 -78.3177 -153.285 49.2161
-112.082 -113.736 -119.893 -77.8803 -152.766 50.8387
-112.47 -114.499 -119.635 -77.4333 -152.226 52.4421
-112.856 -115.258 -119.368 -76.9771 -151.665 54.026
-113.24 -116.015 -119.094 -76.5121 -151.084 55.5898
-113.621 -116.769 -118.813 -76.0387 -150.484 57.1329
-114 -117.52 -118.523 -75.5572 -149.865 58.6551
-114.377 -118.268 -118.226 -75.0681 -149.228 60.1559
-114.751 -119.012 -117.921 -74.5717 -148.574 61.6349
-115.122 -119.754 -117.61 -74.0684 -147.902 63.0918
-115.491 -120.491 -117.291 -73.5585 -147.215 64.5263
-115.858 -121.226 -116.964 -73.0425 -146.512 65.9381
-116.222 -121.957 -116.631 -72.5207 -145.794 67.3271
-116.583 -122.684 -116.291 -71.9934 -145.062 68.6929
-116.942 -123.407 -115.944 -71.4612 -144.317 70.0355
-117.298 -124.127 -115.591 -70.9242 -143.558 71.3547
-117.651 -124.843 -115.231 -70.3829 -142.787 72.6503
-118.002 -125.555 -114.864 -69.8375 -142.005 73.9224
-118.349 -126.263 -114.491 -69.2886 -141.211 75.1707
-118.694 -126.967 -114.113 -68.7362 -140.408 76.3954
-119.037 -127.667 -113.728 -68.1809 -139.594 77.5964
-119.376 -128.363 -113.337 -67.623 -138.771 78.7738
-119.713 -129.055 -112.94 -67.0626 -137.939 79.9274
-120.047 -129.742 -112.537 -66.5002 -137.099 81.0576
-120.378 -130.426 -112.129 -65.936 -136.252 82.1642
-120.706 -131.105 -111.716 -65.3703 -135.398 83.2474
-121.032 -131.78 -111.297 -64.8034 -134.538 84.3074
-121.354 -132.45 -110.873 -64.2355 -133.671 85.3443
-121.674 -133.116 -110.443 -63.667 -132.799 86.3582
-121.991 -133.778 -110.009 -63.0981 -131.923 87.3493
-122.305 -134.436 -109.57 -62.5289 -131.041 88.3179
-122.616 -135.089 -109.126 -61.9599 -130.156 89.264
-122.925 -135.737 -108.677 -61.391 -129.268 90.1879
-123.23 -136.381 -108.224 -60.8227 -128.376 91.0899
-123.533 -137.021 -107.766 -60.2551 -127.482 91.9702
-123.833 -137.656 -107.304 -59.6884 -126.586 92.829
-124.13 -138.287 -106.838 -59.1228 -125.688 93.6666
-124.424 -138.913 -106.368 -58.5584 -124.789 94.4832
-124.715 -139.535 -105.893 -57.9955 -123.888 95.2791
-125.004 -140.152 -105.415 -57.4343 -122.987 96.0547
-125.29 -140.764 -104.933 -56.8748 -122.086 96.8101
-125.573 -141.373 -104.447 -56.3172 -121.185 97.5457
-125.853 -141.976 -103.957 -55.7617 -120.284 98.2617
-126.13 -142.575 -103.464 -55.2084 -119.383 98.9585
-126.405 -143.17 -102.968 -54.6574 -118.484 99.6364
-126.677 -143.76 -102.468 -54.1089 -117.586 100.296
-126.946 -144.346 -101.965 -53.563 -116.69 100.936
-127.213 -144.927 -101.458 -53.0198 -115.795 101.559
-127.476 -145.504 -100.949 -52.4793 -114.902 102.164
-127.737 -146.076 -100.437 -51.9418 -114.012 102.752
-127.996 -146.644 -99.9215 -51.4072 -113.124 103.323
-128.251 -147.207 -99.4035 -50.8757 -112.238 103.877
-128.504 -147.766 -98.8828 -50.3473 -111.356 104.414
-128.755 -148.321 -98.3594 -49.8221 -110.476 104.935
-129.003 -148.871 -97.8334 -49.3002 -109.6 105.44
-129.248 -149.417 -97.305 -48.7816 -108.728 105.93
-129.49 -149.959 -96.7741 -48.2664 -107.859 106.405
-129.731 -150.496 -96.2409 -47.7547 -106.993 106.864
-129.968 -151.028 -95.7055 -47.2465 -106.132 107.309
-130.203 -151.557 -95.1678 -46.7418 -105.275 107.739
-130.435 -152.081 -94.6281 -46.2407 -104.421 108.156
-130.665 -152.601 -94.0863 -45.7432 -103.573 108.558
-130.893 -153.117 -93.5425 -45.2494 -102.728 108.947
-131.118 -153.628 -92.9968 -44.7592 -101.888 109.323
-131.34 -154.136 -92.4493 -44.2728 -101.053 109.686
-131.561 -154.639 -91.8999 -43.7901 -100.222 110.036
-131.778 -155.138 -91.3489 -43.3111 -99.3958 110.374
-131.994 -155.633 -90.7962 -42.8359 -98.5747 110.699
-132.207 -156.124 -90.2419 -42.3645 -97.7584 111.013
-132.417 -156.611 -89.6861 -41.8968 -96.9471 111.315
-132.626 -157.093 -89.1288 -41.433 -96.1409 111.606
-132.832 -157.572 -88.57 -40.9729 -95.3398 111.885
-133.035 -158.047 -88.0099 -40.5167 -94.5438 112.154
-133.237 -158.517 -87.4485 -40.0642 -93.753 112.412
-133.436 -158.984 -86.8858 -39.6155 -92.9674 112.66
-133.633 -159.447 -86.3219 -39.1707 -92.187 112.897
-133.828 -159.906 -85.7568 -38.7296 -91.412 113.125
-134.02 -160.361 -85.1906 -38.2923 -90.6423 113.343
-134.211 -160.812 -84.6234 -37.8587 -89.8779 113.552
-134.399 -161.26 -84.0551 -37.4289 -89.1188 113.751
-134.585 -161.704 -83.4859 -37.0029 -88.3652 113.941
-134.769 -162.144 -82.9157 -36.5806 -87.6169 114.122
-134.951 -162.58 -82.3446 -36.162 -86.874 114.295
-135.131 -163.012 -81.7728 -35.7471 -86.1365 114.459
-135.308 -163.441 -81.2001 -35.3359 -85.4044 114.615
-135.484 -163.866 -80.6266 -34.9283 -84.6777 114.763
-135.658 -164.288 -80.0524 -34.5244 -83.9564 114.903
-135.829 -164.706 -79.4776 -34.1241 -83.2405 115.036
-135.999 -165.12 -78.9021 -33.7274 -82.53 115.161
-136.166 -165.531 -78.326 -33.3343 -81.8249 115.278
-136.332 -165.939 -77.7493 -32.9448 -81.1251 115.389
-136.496 -166.343 -77.1721 -32.5587 -80.4307 115.492
-136.658 -166.743 -76.5944 -32.1762 -79.7416 115.589
-136.818 -167.14 -76.0162 -31.7972 -79.0578 115.679
-136.976 -167.534 -75.4376 -31.4216 -78.3793 115.763
-137.132 -167.924 -74.8586 -31.0494 -77.7061 115.84
-137.286 -168.311 -74.2792 -30.6807 -77.0381 115.911
-137.439 -168.694 -73.6994 -30.3153 -76.3754 115.976
-137.589 -169.074 -73.1194 -29.9533 -75.7179 116.036
-137.738 -169.451 -72.5391 -29.5945 -75.0655 116.089
-137.885 -169.825 -71.9585 -29.2391 -74.4183 116.137
-138.031 -170.195 -71.3777 -28.8869 -73.7763 116.179
-138.174 -170.563 -70.7967 -28.538 -73.1393 116.217
-138.316 -170.927 -70.2155 -28.1923 -72.5073 116.248
-138.456 -171.288 -69.6342 -27.8497 -71.8805 116.275
-138.594 -171.646 -69.0528 -27.5103 -71.2586 116.297
-138.731 -172 -68.4713 -27.174 -70.6417 116.314
-138.866 -172.352 -67.8897 -26.8408 -70.0297 116.326
-139 -172.701 -67.308 -26.5107 -69.4226 116.334
-139.131 -173.046 -66.7263 -26.1835 -68.8204 116.337
-139.261 -173.389 -66.1446 -25.8594 -68.223 116.336
-139.39 -173.729 -65.563 -25.5383 -67.6304 116.331
-139.517 -174.065 -64.9813 -25.22 -67.0425 116.321
-139.642 -174.399 -64.3997 -24.9047 -66.4594 116.308
-139.766 -174.73 -63.8182 -24.5923 -65.881 116.29
-139.888 -175.058 -63.2368 -24.2828 -65.3072 116.269
-140.009 -175.383 -62.6556 -23.976 -64.738 116.243
-140.128 -175.705 -62.0744 -23.6721 -64.1734 116.214
-140.245 -176.025 -61.4934 -23.3709 -63.6134 116.182
-140.361 -176.341 -60.9126 -23.0724 -63.0578 116.146
-140.476 -176.655 -60.3319 -22.7767 -62.5067 116.107
-140.589 -176.966 -59.7515 -22.4836 -61.9601 116.064
-140.701 -177.275 -59.1713 -22.1932 -61.4178 116.018
-140.811 -177.581 -58.5913 -21.9054 -60.8798 115.969
-140.92 -177.884 -58.0116 -21.6202 -60.3462 115.916
-141.027 -178.184 -57.4322 -21.3375 -59.8168 115.861
-141.133 -178.482 -56.853 -21.0574 -59.2917 115.803
-141.238 -178.777 -56.2741 -20.7798 -58.7708 115.742
-141.341 -179.069 -55.6956 -20.5047 -58.254 115.678
-141.443 -179.359 -55.1174 -20.2321 -57.7414 115.611
-141.543 -179.647 -54.5395 -19.9618 -57.2328 115.542
-141.643 -179.932 -53.9619 -19.694 -56.7283 115.47
-141.74 -180.214 -53.3848 -19.4285 -56.2278 115.396
-141.837 -180.494 -52.808 -19.1654 -55.7312 115.319
-141.932 -180.771 -52.2316 -18.9047 -55.2386 115.24
-142.026 -181.046 -51.6556 -18.6462 -54.7499 115.158
-142.119 -181.319 -51.08 -18.39 -54.265 115.074
-142.21 -181.589 -50.5048 -18.136 -53.7839 114.988
-142.3 -181.857 -49.9301 -17.8843 -53.3067 114.9
-142.389 -182.122 -49.3558 -17.6347 -52.8332 114.81
-142.476 -182.385 -48.782 -17.3873 -52.3634 114.717
-142.563 -182.646 -48.2087 -17.1421 -51.8972 114.623
-142.648 -182.904 -47.6358 -16.899 -51.4347 114.526
-142.732 -183.16 -47.0634 -16.658 -50.9759 114.428
-142.814 -183.414 -46.4915 -16.4191 -50.5205 114.328
-142.896 -183.665 -45.9201 -16.1822 -50.0688 114.226
-142.976 -183.915 -45.3493 -15.9473 -49.6205 114.122
-143.055 -184.162 -44.7789 -15.7145 -49.1756 114.016
-143.133 -184.406 -44.2091 -15.4836 -48.7343 113.909
-143.21 -184.649 -43.6398 -15.2547 -48.2963 113.8
-143.286 -184.889 -43.0711 -15.0277 -47.8616 113.69
-143.36 -185.128 -42.5029 -14.8027 -47.4303 113.578
-143.434 -185.364 -41.9353 -14.5795 -47.0023 113.464
-143.506 -185.598 -41.3683 -14.3583 -46.5776 113.349
-143.577 -185.829 -40.8018 -14.1388 -46.1561 113.232
-143.648 -186.059 -40.236 -13.9212 -45.7377 113.115
-143.717 -186.287 -39.6707 -13.7055 -45.3226 112.995
-143.785 -186.512 -39.106 -13.4915 -44.9106 112.875
-143.852 -186.736 -38.5419 -13.2792 -44.5017 112.753
-143.917 -186.957 -37.9785 -13.0688 -44.0958 112.629
-143.982 -187.177 -37.4157 -12.86 -43.693 112.505
-144.046 -187.394 -36.8534 -12.653 -43.2932 112.379
-144.109 -187.61 -36.2919 -12.4476 -42.8964 112.252
-144.17 -187.823 -35.7309 -12.244 -42.5025 112.124
-144.231 -188.035 -35.1706 -12.042 -42.1116 111.995
-144.291 -188.244 -34.611 -11.8416 -41.7235 111.865
-144.35 -188.452 -34.052 -11.6428 -41.3383 111.734
-144.407 -188.658 -33.4936 -11.4456 -40.9559 111.601
-144.464 -188.862 -32.936 -11.25 -40.5763 111.468
-144.52 -189.063 -32.379 -11.056 -40.1995 111.334
-144.575 -189.264 -31.8226 -10.8635 -39.8255 111.198
-144.628 -189.462 -31.267 -10.6726 -39.4542 111.062
-144.681 -189.658 -30.712 -10.4831 -39.0855 110.925
-144.733 -189.853 -30.1577 -10.2952 -38.7195 110.787
-144.784 -190.045 -29.6041 -10.1087 -38.3562 110.648
-144.834 -190.236 -29.0512 -9.92369 -37.9955 110.508
-144.883 -190.425 -28.4991 -9.74012 -37.6373 110.368
-144.932 -190.613 -27.9476 -9.55797 -37.2817 110.226
-144.979 -190.798 -27.3968 -9.37724 -36.9286 110.084
-145.026 -190.982 -26.8467 -9.1979 -36.5781 109.941
-145.071 -191.164 -26.2974 -9.01994 -36.23 109.798
-145.116 -191.344 -25.7487 -8.84335 -35.8844 109.653
-145.159 -191.523 -25.2008 -8.6681 -35.5412 109.508
-145.202 -191.7 -24.6537 -8.49419 -35.2004 109.362
-145.244 -191.875 -24.1072 -8.32161 -34.8619 109.216
-145.286 -192.048 -23.5615 -8.15032 -34.5259 109.069
-145.326 -192.22 -23.0165 -7.98033 -34.1922 108.921
-145.365 -192.39 -22.4723 -7.81162 -33.8607 108.773
-145.404 -192.559 -21.9288 -7.64417 -33.5316 108.624
-145.442 -192.725 -21.3861 -7.47796 -33.2047 108.474
-145.479 -192.891 -20.8441 -7.31299 -32.8801 108.324
-145.515 -193.054 -20.3028 -7.14925 -32.5577 108.174
-145.55 -193.216 -19.7623 -6.98671 -32.2375 108.022
-145.585 -193.377 -19.2226 -6.82537 -31.9194 107.871
-145.619 -193.535 -18.6836 -6.66521 -31.6035 107.719
-145.651 -193.693 -18.1454 -6.50622 -31.2897 107.566
-145.684 -193.848 -17.608 -6.34838 -30.9781 107.413
-145.715 -194.002 -17.0713 -6.19169 -30.6685 107.259
-145.746 -194.155 -16.5354 -6.03613 -30.361 107.105
-145.775 -194.306 -16.0002 -5.88169 -30.0555 106.95
-145.804 -194.455 -15.4659 -5.72836 -29.7521 106.795
-145.833 -194.603 -14.9323 -5.57612 -29.4506 106.64
-145.86 -194.75 -14.3995 -5.42497 -29.1511 106.484
-145.887 -194.895 -13.8675 -5.27488 -28.8536 106.327
-145.913 -195.039 -13.3362 -5.12586 -28.5581 106.171
-145.938 -195.181 -12.8057 -4.97789 -28.2644 106.014
-145.963 -195.321 -12.2761 -4.83095 -27.9727 105.856
-145.986 -195.46 -11.7472 -4.68504 -27.6829 105.698
-146.01 -195.598 -11.2191 -4.54015 -27.3949 105.54
-146.032 -195.734 -10.6918 -4.39626 -27.1088 105.382
-146.053 -195.869 -10.1653 -4.25337 -26.8244 105.223
-146.074 -196.003 -9.63956 -4.11146 -26.542 105.064
-146.095 -196.135 -9.11464 -3.97052 -26.2612 104.904
-146.114 -196.265 -8.59052 -3.83055 -25.9823 104.744
-146.133 -196.394 -8.06719 -3.69153 -25.7051 104.584
-146.151 -196.522 -7.54467 -3.55345 -25.4297 104.424
-146.168 -196.649 -7.02295 -3.41631 -25.156 104.263
-146.185 -196.774 -6.50204 -3.28009 -24.884 104.102
-146.201 -196.897 -5.98193 -3.14478 -24.6137 103.941
-146.217 -197.02 -5.46263 -3.01038 -24.345 103.78
-146.231 -197.141 -4.94414 -2.87687 -24.078 103.618
-146.245 -197.261 -4.42645 -2.74424 -23.8127 103.456
-146.259 -197.379 -3.90958 -2.6125 -23.5489 103.294
-146.271 -197.496 -3.39352 -2.48162 -23.2868 103.131
-146.284 -197.612 -2.87827 -2.3516 -23.0262 102.968
-146.295 -197.726 -2.36384 -2.22242 -22.7673 102.805
-146.306 -197.84 -1.85022 -2.09409 -22.5098 102.642
-146.316 -197.951 -1.33741 -1.96659 -22.254 102.479
-146.325 -198.062 -0.82543 -1.83991 -21.9996 102.315
-146.334 -198.171 -0.314264 -1.71405 -21.7468 102.151
-146.343 -198.28 0.196083 -1.589 -21.4954 101.987
-146.35 -198.386 0.70561 -1.46474 -21.2455 101.823
-146.357 -198.492 1.21431 -1.34128 -20.9971 101.659
-146.364 -198.596 1.7222 -1.21859 -20.7502 101.494
-146.369 -198.7 2.22926 -1.09668 -20.5047 101.33
-146.375 -198.801 2.73549 -0.975543 -20.2606 101.165
-146.379 -198.902 3.2409 -0.85516 -20.0179 101
-146.383 -199.002 3.74548 -0.735528 -19.7766 100.834
-146.387 -199.1 4.24924 -0.61664 -19.5367 100.669
-146.389 -199.197 4.75217 -0.498489 -19.2981 100.503
-146.392 -199.293 5.25427 -0.381067 -19.0609 100.337
-146.393 -199.388 5.75554 -0.264367 -18.8251 100.171
-146.394 -199.481 6.25598 -0.148381 -18.5905 100.005
-146.395 -199.574 6.75559 -0.0331032 -18.3573 99.8392
-146.394 -199.665 7.25437 0.081474 -18.1254 99.6728
-146.394 -199.755 7.75232 0.195357 -17.8947 99.5063
-146.393 -199.844 8.24944 0.308554 -17.6653 99.3397
-146.391 -199.931 8.74572 0.42107 -17.4372 99.1729
-146.388 -200.018 9.24116 0.532912 -17.2104 99.006
-146.385 -200.104 9.73577 0.644087 -16.9847 98.839
-146.382 -200.188 10.2296 0.754602 -16.7603 98.6718
-146.378 -200.271 10.7225 0.864462 -16.5371 98.5045
-146.373 -200.353 11.2146 0.973675 -16.3151 98.3371
-146.368 -200.434 11.7059 1.08225 -16.0942 98.1695
-146.362 -200.514 12.1963 1.19018 -15.8746 98.0019
-146.356 -200.593 12.6859 1.29749 -15.6561 97.8341
-146.349 -200.671 13.1746 1.40417 -15.4387 97.6662
-146.342 -200.747 13.6625 1.51023 -15.2225 97.4982
-146.334 -200.823 14.1496 1.61569 -15.0074 97.3301
-146.326 -200.897 14.6358 1.72053 -14.7934 97.1619
-146.317 -200.971 15.1212 1.82478 -14.5805 96.9935
-146.308 -201.043 15.6058 1.92843 -14.3687 96.8251
-146.298 -201.115 16.0895 2.03149 -14.158 96.6565
-146.287 -201.185 16.5723 2.13397 -13.9484 96.4879
-146.277 -201.254 17.0543 2.23587 -13.7398 96.3191
-146.265 -201.322 17.5355 2.3372 -13.5322 96.1503
-146.253 -201.389 18.0158 2.43796 -13.3257 95.9813
-146.241 -201.456 18.4953 2.53816 -13.1202 95.8122
-146.228 -201.521 18.974 2.6378 -12.9157 95.6431
-146.214 -201.585 19.4518 2.73689 -12.7122 95.4738
-146.2 -201.648 19.9287 2.83543 -12.5097 95.3045
-146.186 -201.71 20.4048 2.93343 -12.3081 95.135
-146.171 -201.771 20.8801 3.03089 -12.1076 94.9655
-146.156 -201.831 21.3545 3.12782 -11.908 94.7958
-146.14 -201.89 21.828 3.22422 -11.7093 94.6261
-146.123 -201.948 22.3007 3.32009 -11.5116 94.4563
-146.107 -202.005 22.7726 3.41545 -11.3148 94.2863
-146.089 -202.061 23.2436 3.5103 -11.1189 94.1163
-146.071 -202.116 23.7137 3.60463 -10.9239 93.9462
-146.053 -202.17 24.183 3.69846 -10.7299 93.776
-146.034 -202.223 24.6515 3.79179 -10.5367 93.6057
-146.015 -202.276 25.1191 3.88462 -10.3443 93.4353
-145.996 -202.327 25.5858 3.97696 -10.1529 93.2648
-145.976 -202.377 26.0517 4.06882 -9.96228 93.0943
-145.955 -202.427 26.5168 4.16018 -9.77252 92.9236
-145.934 -202.475 26.981 4.25107 -9.5836 92.7528
-145.912 -202.522 27.4443 4.34148 -9.3955 92.582
-145.89 -202.569 27.9068 4.43142 -9.20822 92.411
-145.868 -202.614 28.3684 4.5209 -9.02175 92.24
-145.845 -202.659 28.8292 4.6099 -8.83607 92.0688
-145.822 -202.703 29.2891 4.69845 -8.65117 91.8976
-145.798 -202.746 29.7482 4.78654 -8.46706 91.7263
-145.774 -202.787 30.2064 4.87418 -8.28371 91.5548
-145.75 -202.828 30.6637 4.96137 -8.10112 91.3833
-145.725 -202.868 31.1202 5.04811 -7.91929 91.2117
-145.699 -202.908 31.5758 5.13441 -7.73819 91.04
-145.673 -202.946 32.0306 5.22027 -7.55782 90.8682
-145.647 -202.983 32.4845 5.30569 -7.37817 90.6963
-145.62 -203.02 32.9375 5.39069 -7.19923 90.5243
-145.593 -203.055 33.3897 5.47525 -7.021 90.3522
-145.565 -203.09 33.8411 5.55938 -6.84346 90.18
-145.537 -203.124 34.2915 5.6431 -6.66661 90.0077
-145.509 -203.157 34.7411 5.72639 -6.49043 89.8353
-145.48 -203.189 35.1899 5.80927 -6.31492 89.6628
-145.451 -203.22 35.6378 5.89174 -6.14007 89.4901
-145.421 -203.25 36.0848 5.97379 -5.96586 89.3174
-145.391 -203.279 36.5309 6.05544 -5.79229 89.1446
-145.361 -203.308 36.9762 6.13668 -5.61936 88.9717
-145.33 -203.336 37.4206 6.21751 -5.44704 88.7986
-145.298 -203.362 37.8642 6.29795 -5.27534 88.6255
-145.267 -203.388 38.3069 6.378 -5.10425 88.4522
-145.235 -203.413 38.7487 6.45764 -4.93374 88.2789
-145.202 -203.438 39.1897 6.5369 -4.76383 88.1054
-145.169 -203.461 39.6298 6.61577 -4.59449 87.9318
-145.136 -203.484 40.069 6.69425 -4.42572 87.7581
-145.102 -203.505 40.5074 6.77235 -4.25751 87.5843
-145.068 -203.526 40.9448 6.85006 -4.08986 87.4104
-145.034 -203.546 41.3815 6.9274 -3.92274 87.2363
-144.999 -203.565 41.8172 7.00435 -3.75616 87.0622
-144.964 -203.584 42.2521 7.08094 -3.5901 86.8879
-144.928 -203.601 42.6861 7.15715 -3.42456 86.7135
-144.892 -203.618 43.1192 7.23299 -3.25953 86.5389
-144.856 -203.634 43.5515 7.30846 -3.095 86.3643
-144.819 -203.649 43.9828 7.38356 -2.93095 86.1895
-144.782 -203.663 44.4134 7.4583 -2.76739 86.0146
-144.745 -203.677 44.843 7.53267 -2.6043 85.8396
-144.707 -203.689 45.2717 7.60669 -2.44168 85.6644
-144.668 -203.701 45.6996 7.68034 -2.27951 85.4891
-144.63 -203.712 46.1266 7.75364 -2.11779 85.3137
-144.591 -203.722 46.5528 7.82658 -1.95651 85.1381
-144.552 -203.732 46.978 7.89917 -1.79566 84.9625
-144.512 -203.74 47.4024 7.9714 -1.63523 84.7866
-144.472 -203.748 47.8259 8.04328 -1.47521 84.6107
-144.432 -203.755 48.2485 8.11481 -1.31559 84.4346
-144.391 -203.761 48.6702 8.186 -1.15637 84.2583
-144.35 -203.766 49.0911 8.25683 -0.99754 84.0819
-144.308 -203.771 49.511 8.32733 -0.839085 83.9054
-144.266 -203.775 49.9301 8.39747 -0.680999 83.7287
-144.224 -203.778 50.3483 8.46727 -0.523274 83.5519
-144.182 -203.78 50.7656 8.53673 -0.365901 83.375
-144.139 -203.781 51.1821 8.60585 -0.208871 83.1979
-144.096 -203.782 51.5976 8.67463 -0.0521763 83.0206
-144.052 -203.782 52.0123 8.74307 0.104193 82.8432
-144.008 -203.781 52.426 8.81117 0.260245 82.6656
-143.964 -203.779 52.8389 8.87893 0.415989 82.4879
-143.919 -203.777 53.2509 8.94636 0.571432 82.31
-143.875 -203.774 53.662 9.01345 0.726585 82.132
-143.829 -203.77 54.0722 9.0802 0.881456 81.9538
-143.784 -203.765 54.4815 9.14662 1.03605 81.7755
-143.738 -203.759 54.89 9.2127 1.19039 81.597
-143.692 -203.753 55.2975 9.27846 1.34446 81.4183
-143.645 -203.746 55.7042 9.34387 1.49829 81.2395
-143.598 -203.738 56.1099 9.40896 1.65189 81.0605
-143.551 -203.729 56.5148 9.47371 1.80525 80.8813
-143.503 -203.72 56.9187 9.53813 1.95839 80.702
-143.456 -203.71 57.3218 9.60222 2.11132 80.5225
-143.407 -203.699 57.7239 9.66597 2.26405 80.3428
-143.359 -203.687 58.1252 9.72939 2.41659 80.163
-143.31 -203.675 58.5256 9.79248 2.56894 79.983
-143.261 -203.661 58.925 9.85524 2.72111 79.8028
-143.212 -203.647 59.3236 9.91767 2.87312 79.6224
-143.162 -203.633 59.7212 9.97976 3.02497 79.4419
-143.112 -203.617 60.118 10.0415 3.17668 79.2612
-143.061 -203.601 60.5138 10.103 3.32824 79.0803
-143.011 -203.584 60.9088 10.164 3.47968 78.8992
-142.96 -203.566 61.3028 10.2248 3.63099 78.718
-142.908 -203.548 61.696 10.2852 3.78219 78.5366
-142.857 -203.528 62.0882 10.3453 3.93329 78.355
-142.805 -203.508 62.4795 10.4051 4.0843 78.1732
-142.753 -203.487 62.8699 10.4645 4.23522 77.9912
-142.7 -203.466 63.2594 10.5236 4.38607 77.8091
-142.648 -203.444 63.648 10.5823 4.53686 77.6267
-142.595 -203.42 64.0357 10.6407 4.68759 77.4442
-142.541 -203.397 64.4224 10.6988 4.83827 77.2615
-142.488 -203.372 64.8083 10.7565 4.98891 77.0786
-142.434 -203.347 65.1932 10.8139 5.13953 76.8956
-142.379 -203.321 65.5772 10.8709 5.29013 76.7123
-142.325 -203.294 65.9603 10.9276 5.44072 76.5289
-142.27 -203.266 66.3425 10.984 5.59132 76.3452
-142.215 -203.238 66.7238 11.04 5.74192 76.1614
-142.16 -203.209 67.1041 11.0956 5.89254 75.9774
-142.104 -203.179 67.4836 11.1509 6.0432 75.7932
-142.048 -203.148 67.8621 11.2059 6.19389 75.6089
-141.992 -203.117 68.2397 11.2605 6.34464 75.4243
-141.936 -203.085 68.6163 11.3147 6.49544 75.2395
-141.879 -203.052 68.992 11.3686 6.64632 75.0546
-141.822 -203.018 69.3668 11.4221 6.79727 74.8695
-141.765 -202.984 69.7407 11.4753 6.94831 74.6842
-141.707 -202.949 70.1137 11.5281 7.09946 74.4987
-141.649 -202.913 70.4857 11.5805 7.25071 74.313
-141.591 -202.876 70.8568 11.6326 7.40207 74.1272
-141.533 -202.839 71.227 11.6843 7.55357 73.9411
-141.475 -202.801 71.5962 11.7356 7.70521 73.7549
-141.416 -202.762 71.9645 11.7866 7.857 73.5685
-141.357 -202.722 72.3319 11.8371 8.00894 73.3819
-141.297 -202.682 72.6983 11.8873 8.16106 73.1952
-141.238 -202.641 73.0639 11.9371 8.31335 73.0082
-141.178 -202.599 73.4284 11.9866 8.46584 72.8211
-141.118 -202.556 73.7921 12.0356 8.61852 72.6338
-141.058 -202.513 74.1548 12.0842 8.77141 72.4464
-140.997 -202.468 74.5165 12.1325 8.92453 72.2588
-140.936 -202.423 74.8773 12.1803 9.07787 72.071
-140.875 -202.378 75.2372 12.2278 9.23146 71.883
-140.814 -202.331 75.5962 12.2748 9.3853 71.6949
-140.753 -202.284 75.9542 12.3215 9.5394 71.5066
-140.691 -202.236 76.3112 12.3677 9.69377 71.3181
-140.629 -202.187 76.6673 12.4135 9.84842 71.1295
-140.567 -202.137 77.0225 12.4589 10.0034 70.9408
-140.504 -202.087 77.3768 12.5039 10.1586 70.7518
-140.442 -202.036 77.73 12.5484 10.3142 70.5628
