-100 25 75 0 0 -49
-100 24.9999 74.7548 0.00740368 -0.0576246 -49.0936
-99.9999 24.9994 74.5091 0.0148022 -0.115462 -49.1873
-99.9998 24.9987 74.2629 0.0221955 -0.173514 -49.2812
-99.9997 24.9977 74.0163 0.0295837 -0.23178 -49.3753
-99.9995 24.9964 73.7691 0.0369668 -0.290263 -49.4694
-99.9993 24.9948 73.5216 0.0443449 -0.348964 -49.5638
-99.9991 24.9929 73.2735 0.0517178 -0.407884 -49.6582
-99.9988 24.9907 73.025 0.0590858 -0.467023 -49.7528
-99.9985 24.9882 72.776 0.0664488 -0.526384 -49.8476
-99.9982 24.9854 72.5265 0.0738068 -0.585967 -49.9425
-99.9978 24.9824 72.2765 0.0811599 -0.645774 -50.0375
-99.9973 24.979 72.0261 0.0885081 -0.705806 -50.1327
-99.9969 24.9753 71.7752 0.0958513 -0.766064 -50.2281
-99.9964 24.9713 71.5238 0.10319 -0.82655 -50.3236
-99.9958 24.967 71.272 0.110523 -0.887264 -50.4192
-99.9953 24.9625 71.0197 0.117852 -0.948209 -50.515
-99.9947 24.9576 70.7668 0.125176 -1.00938 -50.6109
-99.994 24.9524 70.5135 0.132496 -1.07079 -50.707
-99.9933 24.9468 70.2598 0.13981 -1.13244 -50.8033
-99.9926 24.941 70.0055 0.14712 -1.19431 -50.8997
-99.9919 24.9349 69.7508 0.154425 -1.25643 -50.9962
-99.9911 24.9285 69.4955 0.161726 -1.31878 -51.0929
-99.9903 24.9217 69.2398 0.169022 -1.38137 -51.1898
-99.9894 24.9147 68.9836 0.176313 -1.44421 -51.2868
-99.9885 24.9073 68.727 0.1836 -1.50728 -51.384
-99.9876 24.8996 68.4698 0.190882 -1.5706 -51.4813
-99.9866 24.8916 68.2122 0.198159 -1.63416 -51.5788
-99.9856 24.8832 67.954 0.205433 -1.69797 -51.6764
-99.9845 24.8746 67.6954 0.212701 -1.76203 -51.7742
-99.9834 24.8656 67.4363 0.219965 -1.82634 -51.8722
-99.9823 24.8563 67.1767 0.227225 -1.8909 -51.9703
-99.9812 24.8467 66.9166 0.23448 -1.95571 -52.0686
-99.98 24.8368 66.656 0.241731 -2.02077 -52.167
-99.9788 24.8265 66.3949 0.248978 -2.08609 -52.2656
-99.9775 24.8159 66.1333 0.25622 -2.15167 -52.3644
-99.9762 24.805 65.8713 0.263458 -2.2175 -52.4633
-99.9749 24.7937 65.6087 0.270691 -2.28359 -52.5624
-99.9735 24.7822 65.3456 0.277921 -2.34995 -52.6617
-99.9721 24.7702 65.0821 0.285146 -2.41657 -52.7611
-99.9706 24.758 64.818 0.292366 -2.48345 -52.8607
-99.9692 24.7454 64.5535 0.299583 -2.5506 -52.9604
-99.9676 24.7325 64.2884 0.306795 -2.61802 -53.0603
-99.9661 24.7192 64.0229 0.314003 -2.6857 -53.1604
-99.9645 24.7056 63.7568 0.321207 -2.75366 -53.2607
-99.9629 24.6917 63.4903 0.328407 -2.82189 -53.3611
-99.9612 24.6774 63.2232 0.335602 -2.89039 -53.4617
-99.9595 24.6628 62.9556 0.342794 -2.95917 -53.5624
-99.9578 24.6478 62.6876 0.349981 -3.02822 -53.6634
-99.956 24.6325 62.419 0.357164 -3.09756 -53.7645
-99.9542 24.6168 62.1499 0.364343 -3.16717 -53.8658
-99.9524 24.6008 61.8804 0.371518 -3.23707 -53.9672
-99.9505 24.5845 61.6103 0.378689 -3.30725 -54.0688
-99.9486 24.5678 61.3397 0.385857 -3.37772 -54.1706
-99.9466 24.5507 61.0686 0.39302 -3.44848 -54.2726
-99.9447 24.5333 60.7969 0.400179 -3.51953 -54.3748
-99.9426 24.5155 60.5248 0.407334 -3.59086 -54.4771
-99.9406 24.4974 60.2522 0.414485 -3.66249 -54.5796
-99.9385 24.4789 59.979 0.421632 -3.73442 -54.6823
-99.9364 24.46 59.7053 0.428775 -3.80664 -54.7851
-99.9342 24.4408 59.4312 0.435914 -3.87916 -54.8882
-99.932 24.4212 59.1565 0.44305 -3.95198 -54.9914
-99.9298 24.4013 58.8812 0.450181 -4.02511 -55.0948
-99.9275 24.381 58.6055 0.457309 -4.09854 -55.1984
-99.9252 24.3603 58.3293 0.464432 -4.17227 -55.3022
-99.9229 24.3392 58.0525 0.471552 -4.24631 -55.4061
-99.9205 24.3178 57.7752 0.478668 -4.32067 -55.5102
-99.9181 24.296 57.4974 0.48578 -4.39533 -55.6146
-99.9156 24.2739 57.2191 0.492888 -4.47031 -55.7191
-99.9132 24.2513 56.9402 0.499993 -4.54561 -55.8238
-99.9106 24.2284 56.6608 0.507093 -4.62122 -55.9287
-99.9081 24.2051 56.3809 0.51419 -4.69715 -56.0337
-99.9055 24.1815 56.1005 0.521283 -4.77341 -56.139
-99.9029 24.1574 55.8195 0.528373 -4.84999 -56.2444
-99.9002 24.133 55.538 0.535458 -4.9269 -56.3501
-99.8975 24.1081 55.256 0.54254 -5.00413 -56.4559
-99.8948 24.0829 54.9735 0.549618 -5.0817 -56.562
-99.892 24.0573 54.6904 0.556692 -5.1596 -56.6682
-99.8892 24.0313 54.4068 0.563763 -5.23783 -56.7746
-99.8864 24.0049 54.1227 0.570829 -5.3164 -56.8812
-99.8835 23.9781 53.838 0.577892 -5.39531 -56.988
-99.8806 23.951 53.5528 0.584952 -5.47456 -57.095
-99.8777 23.9234 53.267 0.592007 -5.55416 -57.2022
-99.8747 23.8954 52.9808 0.599059 -5.6341 -57.3096
-99.8717 23.8671 52.6939 0.606107 -5.71439 -57.4172
-99.8686 23.8383 52.4066 0.613151 -5.79503 -57.525
-99.8655 23.8091 52.1187 0.620192 -5.87602 -57.633
-99.8624 23.7795 51.8303 0.627229 -5.95737 -57.7412
-99.8593 23.7495 51.5413 0.634262 -6.03908 -57.8496
-99.8561 23.7191 51.2518 0.641292 -6.12114 -57.9582
-99.8529 23.6883 50.9617 0.648318 -6.20357 -58.067
-99.8496 23.6571 50.6711 0.65534 -6.28637 -58.1761
-99.8463 23.6255 50.3799 0.662359 -6.36953 -58.2853
-99.843 23.5934 50.0882 0.669374 -6.45306 -58.3947
-99.8396 23.5609 49.796 0.676385 -6.53696 -58.5044
-99.8362 23.528 49.5032 0.683392 -6.62124 -58.6142
-99.8328 23.4947 49.2098 0.690396 -6.7059 -58.7243
-99.8293 23.461 48.9159 0.697396 -6.79093 -58.8346
-99.8258 23.4268 48.6215 0.704392 -6.87635 -58.9451
-99.8223 23.3922 48.3265 0.711385 -6.96216 -59.0558
-99.8187 23.3572 48.0309 0.718374 -7.04835 -59.1667
-99.8151 23.3217 47.7348 0.725359 -7.13493 -59.2778
-99.8114 23.2858 47.4382 0.732341 -7.22191 -59.3891
-99.8078 23.2495 47.1409 0.739319 -7.30928 -59.5007
-99.804 23.2127 46.8432 0.746293 -7.39705 -59.6125
-99.8003 23.1755 46.5448 0.753263 -7.48522 -59.7245
-99.7965 23.1379 46.2459 0.76023 -7.5738 -59.8367
-99.7927 23.0998 45.9464 0.767193 -7.66278 -59.9492
-99.7888 23.0613 45.6464 0.774152 -7.75218 -60.0618
-99.7849 23.0223 45.3458 0.781107 -7.84199 -60.1747
-99.781 22.9828 45.0447 0.788059 -7.93221 -60.2878
-99.7771 22.943 44.7429 0.795006 -8.02285 -60.4011
-99.7731 22.9026 44.4407 0.80195 -8.11391 -60.5147
-99.769 22.8618 44.1378 0.808891 -8.2054 -60.6285
-99.765 22.8206 43.8344 0.815827 -8.29732 -60.7425
-99.7609 22.7788 43.5304 0.82276 -8.38967 -60.8568
-99.7568 22.7367 43.2258 0.829689 -8.48245 -60.9712
-99.7526 22.694 42.9207 0.836613 -8.57566 -61.0859
-99.7484 22.6509 42.6149 0.843535 -8.66932 -61.2009
-99.7442 22.6073 42.3087 0.850452 -8.76342 -61.3161
-99.7399 22.5633 42.0018 0.857365 -8.85797 -61.4315
-99.7356 22.5187 41.6943 0.864274 -8.95297 -61.5471
-99.7312 22.4737 41.3863 0.87118 -9.04842 -61.663
-99.7269 22.4283 41.0777 0.878081 -9.14433 -61.7791
-99.7225 22.3823 40.7685 0.884979 -9.24069 -61.8955
-99.718 22.3359 40.4588 0.891873 -9.33752 -62.0121
-99.7135 22.2889 40.1484 0.898762 -9.43482 -62.1289
-99.709 22.2415 39.8375 0.905648 -9.53259 -62.246
-99.7045 22.1936 39.5259 0.912529 -9.63083 -62.3633
-99.6999 22.1452 39.2138 0.919407 -9.72954 -62.4809
-99.6953 22.0963 38.9011 0.92628 -9.82874 -62.5987
-99.6906 22.0469 38.5878 0.933149 -9.92842 -62.7167
-99.686 21.997 38.274 0.940015 -10.0286 -62.835
-99.6812 21.9466 37.9595 0.946876 -10.1293 -62.9536
-99.6765 21.8957 37.6444 0.953732 -10.2304 -63.0724
-99.6717 21.8443 37.3288 0.960585 -10.3321 -63.1915
-99.6669 21.7924 37.0125 0.967433 -10.4342 -63.3108
-99.662 21.74 36.6957 0.974277 -10.5369 -63.4303
-99.6571 21.687 36.3782 0.981117 -10.6401 -63.5502
-99.6522 21.6336 36.0602 0.987952 -10.7437 -63.6702
-99.6473 21.5796 35.7415 0.994784 -10.8479 -63.7906
-99.6423 21.5251 35.4223 1.00161 -10.9527 -63.9112
-99.6372 21.4701 35.1024 1.00843 -11.0579 -64.032
-99.6322 21.4145 34.7819 1.01525 -11.1637 -64.1531
-99.6271 21.3584 34.4609 1.02206 -11.27 -64.2745
-99.622 21.3018 34.1392 1.02887 -11.3769 -64.3961
-99.6168 21.2447 33.8169 1.03568 -11.4843 -64.518
-99.6116 21.187 33.494 1.04248 -11.5922 -64.6402
-99.6064 21.1287 33.1705 1.04927 -11.7007 -64.7626
-99.6011 21.07 32.8464 1.05606 -11.8098 -64.8853
-99.5958 21.0106 32.5217 1.06285 -11.9194 -65.0083
-99.5905 20.9508 32.1963 1.06963 -12.0295 -65.1315
-99.5851 20.8904 31.8703 1.0764 -12.1403 -65.255
-99.5797 20.8294 31.5438 1.08317 -12.2516 -65.3788
-99.5743 20.7678 31.2165 1.08994 -12.3635 -65.5029
-99.5688 20.7057 30.8887 1.0967 -12.476 -65.6272
-99.5633 20.6431 30.5603 1.10346 -12.589 -65.7519
-99.5578 20.5798 30.2312 1.11021 -12.7027 -65.8767
-99.5522 20.516 29.9015 1.11695 -12.8169 -66.0019
-99.5466 20.4517 29.5712 1.12369 -12.9318 -66.1274
-99.541 20.3867 29.2402 1.13043 -13.0472 -66.2531
-99.5353 20.3212 28.9087 1.13716 -13.1633 -66.3791
-99.5296 20.2551 28.5764 1.14388 -13.28 -66.5054
-99.5239 20.1884 28.2436 1.1506 -13.3973 -66.632
-99.5181 20.1211 27.9101 1.15732 -13.5152 -66.7589
-99.5123 20.0533 27.576 1.16403 -13.6338 -66.8861
-99.5065 19.9848 27.2413 1.17073 -13.753 -67.0135
-99.5006 19.9157 26.9059 1.17743 -13.8728 -67.1413
-99.4947 19.8461 26.5698 1.18412 -13.9933 -67.2693
-99.4888 19.7758 26.2332 1.1908 -14.1144 -67.3977
-99.4828 19.7049 25.8959 1.19748 -14.2362 -67.5263
-99.4768 19.6334 25.5579 1.20416 -14.3587 -67.6553
-99.4707 19.5613 25.2193 1.21083 -14.4818 -67.7845
-99.4647 19.4886 24.8801 1.21749 -14.6056 -67.914
-99.4586 19.4153 24.5402 1.22414 -14.7301 -68.0439
-99.4524 19.3413 24.1996 1.23079 -14.8552 -68.174
-99.4463 19.2667 23.8584 1.23744 -14.9811 -68.3044
-99.4401 19.1915 23.5166 1.24407 -15.1076 -68.4352
-99.4338 19.1156 23.1741 1.2507 -15.2349 -68.5663
-99.4276 19.0391 22.8309 1.25733 -15.3628 -68.6976
-99.4213 18.962 22.4871 1.26394 -15.4915 -68.8293
-99.4149 18.8842 22.1426 1.27055 -15.6209 -68.9613
-99.4085 18.8058 21.7975 1.27716 -15.7511 -69.0936
-99.4021 18.7267 21.4517 1.28375 -15.8819 -69.2262
-99.3957 18.647 21.1052 1.29034 -16.0135 -69.3591
-99.3892 18.5666 20.7581 1.29692 -16.1459 -69.4924
-99.3827 18.4855 20.4103 1.3035 -16.279 -69.626
-99.3762 18.4038 20.0618 1.31007 -16.4128 -69.7599
-99.3696 18.3214 19.7127 1.31663 -16.5475 -69.8941
-99.363 18.2383 19.3629 1.32318 -16.6829 -70.0286
-99.3564 18.1546 19.0124 1.32973 -16.819 -70.1635
-99.3497 18.0701 18.6613 1.33626 -16.956 -70.2987
-99.343 17.985 18.3094 1.34279 -17.0938 -70.4342
-99.3363 17.8992 17.9569 1.34931 -17.2323 -70.57
-99.3296 17.8127 17.6037 1.35583 -17.3717 -70.7062
-99.3228 17.7255 17.2499 1.36233 -17.5119 -70.8427
-99.3159 17.6376 16.8953 1.36883 -17.6529 -70.9796
-99.3091 17.5489 16.5401 1.37532 -17.7948 -71.1168
-99.3022 17.4596 16.1841 1.3818 -17.9374 -71.2543
-99.2952 17.3696 15.8275 1.38827 -18.081 -71.3922
-99.2883 17.2788 15.4702 1.39473 -18.2254 -71.5304
-99.2813 17.1873 15.1122 1.40118 -18.3706 -71.6689
-99.2743 17.0951 14.7535 1.40763 -18.5167 -71.8078
-99.2672 17.0022 14.3941 1.41406 -18.6637 -71.947
-99.2601 16.9085 14.0341 1.42049 -18.8116 -72.0866
-99.253 16.814 13.6733 1.4269 -18.9603 -72.2265
-99.2459 16.7189 13.3118 1.43331 -19.11 -72.3668
-99.2387 16.6229 12.9496 1.43971 -19.2606 -72.5075
-99.2315 16.5263 12.5867 1.44609 -19.4121 -72.6484
-99.2242 16.4288 12.2231 1.45247 -19.5645 -72.7898
-99.2169 16.3306 11.8588 1.45883 -19.7179 -72.9315
-99.2096 16.2316 11.4938 1.46519 -19.8722 -73.0735
-99.2023 16.1319 11.1281 1.47153 -20.0274 -73.216
-99.1949 16.0314 10.7617 1.47786 -20.1837 -73.3587
-99.1875 15.9301 10.3945 1.48418 -20.3409 -73.5019
-99.1801 15.828 10.0266 1.4905 -20.4991 -73.6454
-99.1726 15.7251 9.65805 1.49679 -20.6582 -73.7892
-99.1651 15.6214 9.28874 1.50308 -20.8184 -73.9335
-99.1576 15.5169 8.91871 1.50936 -20.9796 -74.0781
-99.15 15.4116 8.54796 1.51562 -21.1418 -74.2231
-99.1424 15.3055 8.17648 1.52187 -21.305 -74.3684
-99.1348 15.1985 7.80428 1.52811 -21.4693 -74.5142
-99.1271 15.0908 7.43134 1.53434 -21.6346 -74.6603
-99.1195 14.9822 7.05767 1.54055 -21.801 -74.8067
-99.1117 14.8728 6.68327 1.54675 -21.9685 -74.9536
-99.104 14.7625 6.30814 1.55293 -22.137 -75.1009
-99.0962 14.6514 5.93226 1.55911 -22.3067 -75.2485
-99.0884 14.5394 5.55565 1.56527 -22.4774 -75.3965
-99.0806 14.4266 5.1783 1.57141 -22.6493 -75.5449
-99.0727 14.3129 4.8002 1.57754 -22.8223 -75.6937
-99.0648 14.1984 4.42136 1.58366 -22.9964 -75.8428
-99.0568 14.083 4.04177 1.58976 -23.1717 -75.9924
-99.0489 13.9667 3.66144 1.59584 -23.3481 -76.1423
-99.0409 13.8495 3.28035 1.60191 -23.5257 -76.2927
-99.0329 13.7314 2.89851 1.60797 -23.7045 -76.4434
-99.0248 13.6124 2.51592 1.614 -23.8845 -76.5946
-99.0167 13.4926 2.13257 1.62003 -24.0657 -76.7461
-99.0086 13.3718 1.74846 1.62603 -24.2482 -76.8981
-99.0005 13.2501 1.36358 1.63202 -24.4318 -77.0504
-98.9923 13.1275 0.977951 1.63799 -24.6168 -77.2031
-98.9841 13.0039 0.591553 1.64395 -24.8029 -77.3563
-98.9759 12.8794 0.204389 1.64988 -24.9904 -77.5098
-98.9676 12.754 -0.183545 1.6558 -25.1791 -77.6638
-98.9593 12.6276 -0.572249 1.6617 -25.3692 -77.8182
-98.951 12.5003 -0.961727 1.66758 -25.5605 -77.9729
-98.9426 12.372 -1.35198 1.67344 -25.7532 -78.1281
-98.9342 12.2428 -1.74301 1.67928 -25.9473 -78.2837
-98.9258 12.1126 -2.13482 1.6851 -26.1427 -78.4398
-98.9174 11.9814 -2.52741 1.69091 -26.3395 -78.5962
-98.9089 11.8492 -2.92078 1.69669 -26.5376 -78.753
-98.9004 11.716 -3.31494 1.70245 -26.7372 -78.9103
-98.8919 11.5818 -3.70988 1.70819 -26.9382 -79.068
-98.8833 11.4466 -4.10562 1.7139 -27.1406 -79.2261
-98.8748 11.3104 -4.50214 1.7196 -27.3445 -79.3847
-98.8661 11.1732 -4.89946 1.72527 -27.5499 -79.5436
-98.8575 11.0349 -5.29758 1.73092 -27.7567 -79.703
-98.8488 10.8956 -5.69649 1.73654 -27.965 -79.8628
-98.8401 10.7552 -6.09621 1.74214 -28.1749 -80.0231
-98.8314 10.6138 -6.49672 1.74772 -28.3863 -80.1838
-98.8227 10.4714 -6.89805 1.75327 -28.5992 -80.3449
-98.8139 10.3278 -7.30017 1.75879 -28.8137 -80.5064
-98.8051 10.1832 -7.70311 1.76429 -29.0298 -80.6684
-98.7962 10.0375 -8.10686 1.76977 -29.2475 -80.8308
-98.7874 9.89076 -8.51142 1.77521 -29.4669 -80.9936
-98.7785 9.74288 -8.91679 1.78063 -29.6879 -81.1569
-98.7696 9.59388 -9.32299 1.78602 -29.9105 -81.3206
-98.7606 9.44377 -9.73 1.79138 -30.1348 -81.4848
-98.7517 9.29254 -10.1378 1.79672 -30.3609 -81.6494
-98.7427 9.14016 -10.5465 1.80202 -30.5886 -81.8144
-98.7336 8.98665 -10.956 1.80729 -30.8181 -81.9799
-98.7246 8.83198 -11.3663 1.81253 -31.0494 -82.1458
-98.7155 8.67615 -11.7774 1.81774 -31.2824 -82.3122
-98.7064 8.51916 -12.1894 1.82292 -31.5173 -82.479
-98.6973 8.36098 -12.6022 1.82807 -31.754 -82.6463
-98.6881 8.20162 -13.0159 1.83318 -31.9925 -82.814
-98.6789 8.04106 -13.4304 1.83825 -32.2329 -82.9821
-98.6697 7.87929 -13.8457 1.8433 -32.4752 -83.1507
-98.6605 7.7163 -14.2619 1.8483 -32.7194 -83.3198
-98.6513 7.55209 -14.6789 1.85327 -32.9656 -83.4893
-98.642 7.38665 -15.0968 1.85821 -33.2137 -83.6592
-98.6327 7.21996 -15.5155 1.8631 -33.4638 -83.8296
-98.6233 7.05201 -15.9351 1.86796 -33.716 -84.0005
-98.614 6.8828 -16.3555 1.87277 -33.9702 -84.1717
-98.6046 6.71231 -16.7768 1.87755 -34.2264 -84.3435
-98.5952 6.54053 -17.1989 1.88229 -34.4847 -84.5157
-98.5858 6.36746 -17.6219 1.88698 -34.7452 -84.6883
-98.5764 6.19308 -18.0458 1.89163 -35.0078 -84.8614
-98.5669 6.01738 -18.4706 1.89624 -35.2726 -85.035
-98.5574 5.84035 -18.8962 1.9008 -35.5396 -85.209
-98.5479 5.66198 -19.3226 1.90532 -35.8088 -85.3834
-98.5383 5.48226 -19.75 1.90979 -36.0802 -85.5583
-98.5288 5.30118 -20.1782 1.91421 -36.354 -85.7337
-98.5192 5.11872 -20.6073 1.91859 -36.63 -85.9095
-98.5096 4.93488 -21.0373 1.92291 -36.9085 -86.0857
-98.5 4.74964 -21.4682 1.92719 -37.1893 -86.2624
-98.4903 4.56299 -21.8999 1.93141 -37.4725 -86.4395
-98.4807 4.37491 -22.3326 1.93558 -37.7581 -86.6171
-98.471 4.18541 -22.7661 1.9397 -38.0462 -86.7952
-98.4613 3.99445 -23.2005 1.94376 -38.3368 -86.9736
-98.4515 3.80204 -23.6359 1.94777 -38.63 -87.1526
-98.4418 3.60815 -24.0721 1.95172 -38.9257 -87.3319
-98.432 3.41278 -24.5092 1.95561 -39.224 -87.5117
-98.4222 3.21591 -24.9472 1.95944 -39.525 -87.692
-98.4124 3.01753 -25.3861 1.96321 -39.8286 -87.8726
-98.4026 2.81762 -25.8259 1.96692 -40.1349 -88.0537
-98.3927 2.61618 -26.2666 1.97056 -40.444 -88.2353
-98.3829 2.41318 -26.7083 1.97414 -40.7559 -88.4172
-98.373 2.20862 -27.1508 1.97766 -41.0706 -88.5996
-98.3631 2.00248 -27.5943 1.9811 -41.3881 -88.7824
-98.3532 1.79474 -28.0386 1.98448 -41.7086 -88.9656
-98.3433 1.58539 -28.4839 1.98779 -42.0319 -89.1492
-98.3333 1.37442 -28.9301 1.99102 -42.3583 -89.3333
-98.3234 1.16181 -29.3772 1.99418 -42.6877 -89.5177
-98.3134 0.94754 -29.8253 1.99727 -43.0201 -89.7025
-98.3034 0.731605 -30.2743 2.00027 -43.3556 -89.8877
-98.2934 0.513984 -30.7242 2.0032 -43.6943 -90.0733
-98.2833 0.294662 -31.175 2.00605 -44.0361 -90.2593
-98.2733 0.0736222 -31.6268 2.00882 -44.3812 -90.4456
-98.2633 -0.149151 -32.0795 2.0115 -44.7296 -90.6323
-98.2532 -0.373674 -32.5331 2.0141 -45.0813 -90.8193
-98.2431 -0.599964 -32.9877 2.01661 -45.4363 -91.0067
-98.233 -0.828038 -33.4432 2.01903 -45.7948 -91.1945
-98.2229 -1.05791 -33.8996 2.02136 -46.1568 -91.3826
-98.2128 -1.28961 -34.357 2.0236 -46.5222 -91.571
-98.2027 -1.52314 -34.8153 2.02574 -46.8913 -91.7597
-98.1926 -1.75852 -35.2746 2.02778 -47.264 -91.9487
-98.1824 -1.99578 -35.7348 2.02972 -47.6403 -92.138
-98.1723 -2.23492 -36.196 2.03156 -48.0204 -92.3276
-98.1621 -2.47598 -36.6581 2.0333 -48.4043 -92.5174
-98.1519 -2.71897 -37.1211 2.03492 -48.7921 -92.7075
-98.1417 -2.9639 -37.5851 2.03644 -49.1838 -92.8979
-98.1316 -3.21081 -38.0501 2.03785 -49.5794 -93.0885
-98.1214 -3.4597 -38.516 2.03914 -49.979 -93.2793
-98.1112 -3.7106 -38.9829 2.04031 -50.3828 -93.4704
-98.101 -3.96353 -39.4507 2.04137 -50.7907 -93.6616
-98.0908 -4.2185 -39.9195 2.0423 -51.2028 -93.853
-98.0805 -4.47555 -40.3893 2.04311 -51.6192 -94.0446
-98.0703 -4.7347 -40.86 2.04378 -52.04 -94.2363
-98.0601 -4.99595 -41.3316 2.04433 -52.4652 -94.4282
-98.0499 -5.25935 -41.8042 2.04474 -52.8949 -94.6202
-98.0397 -5.5249 -42.2778 2.04502 -53.3291 -94.8122
-98.0294 -5.79264 -42.7524 2.04515 -53.768 -95.0044
-98.0192 -6.06258 -43.2279 2.04514 -54.2116 -95.1966
-98.009 -6.33476 -43.7043 2.04498 -54.66 -95.3888
-97.9988 -6.60919 -44.1818 2.04467 -55.1133 -95.5811
-97.9885 -6.88589 -44.6601 2.0442 -55.5715 -95.7733
-97.9783 -7.1649 -45.1395 2.04357 -56.0347 -95.9656
-97.9681 -7.44624 -45.6198 2.04279 -56.5031 -96.1577
-97.9579 -7.72993 -46.1011 2.04183 -56.9767 -96.3498
-97.9477 -8.01601 -46.5833 2.04071 -57.4555 -96.5418
-97.9375 -8.30449 -47.0665 2.03941 -57.9397 -96.7336
-97.9273 -8.5954 -47.5506 2.03793 -58.4294 -96.9253
-97.9171 -8.88878 -48.0357 2.03627 -58.9246 -97.1168
-97.9069 -9.18465 -48.5218 2.03442 -59.4255 -97.308
-97.8968 -9.48304 -49.0088 2.03238 -59.9322 -97.499
-97.8866 -9.78397 -49.4968 2.03014 -60.4447 -97.6897
-97.8765 -10.0875 -49.9857 2.0277 -60.9632 -97.8801
-97.8663 -10.3936 -50.4756 2.02505 -61.4877 -98.0701
-97.8562 -10.7024 -50.9664 2.02219 -62.0183 -98.2597
-97.8461 -11.0138 -51.4582 2.01911 -62.5553 -98.4489
-97.836 -11.3279 -51.9509 2.0158 -63.0986 -98.6375
-97.8259 -11.6448 -52.4446 2.01227 -63.6484 -98.8256
-97.8159 -11.9644 -52.9392 2.00851 -64.2049 -99.0132
-97.8059 -12.2868 -53.4347 2.0045 -64.768 -99.2001
-97.7958 -12.6121 -53.9312 2.00024 -65.338 -99.3864
-97.7859 -12.9402 -54.4286 1.99574 -65.915 -99.5719
-97.7759 -13.2712 -54.9269 1.99097 -66.4991 -99.7566
-97.7659 -13.6052 -55.4261 1.98593 -67.0904 -99.9405
-97.756 -13.9421 -55.9263 1.98062 -67.6891 -100.124
-97.7461 -14.2821 -56.4274 1.97504 -68.2953 -100.306
-97.7363 -14.6251 -56.9293 1.96916 -68.9092 -100.487
-97.7264 -14.9712 -57.4322 1.96299 -69.5308 -100.667
-97.7166 -15.3204 -57.936 1.95651 -70.1604 -100.845
-97.7069 -15.6728 -58.4407 1.94972 -70.798 -101.023
-97.6971 -16.0284 -58.9462 1.94261 -71.4439 -101.199
-97.6875 -16.3872 -59.4527 1.93518 -72.0982 -101.374
-97.6778 -16.7494 -59.96 1.9274 -72.761 -101.547
-97.6682 -17.1148 -60.4681 1.91929 -73.4325 -101.719
-97.6586 -17.4837 -60.9772 1.91081 -74.113 -101.889
-97.6491 -17.856 -61.487 1.90197 -74.8025 -102.057
-97.6396 -18.2317 -61.9977 1.89275 -75.5012 -102.224
-97.6301 -18.611 -62.5093 1.88315 -76.2093 -102.389
-97.6208 -18.9938 -63.0216 1.87315 -76.9271 -102.551
-97.6114 -19.3803 -63.5348 1.86275 -77.6546 -102.711
-97.6021 -19.7704 -64.0487 1.85192 -78.3922 -102.869
-97.5929 -20.1642 -64.5635 1.84067 -79.1399 -103.025
-97.5837 -20.5618 -65.079 1.82897 -79.898 -103.178
-97.5746 -20.9632 -65.5953 1.81682 -80.6667 -103.329
-97.5655 -21.3684 -66.1123 1.8042 -81.4463 -103.476
-97.5566 -21.7776 -66.63 1.7911 -82.2368 -103.621
-97.5476 -22.1908 -67.1485 1.77751 -83.0386 -103.762
-97.5388 -22.608 -67.6676 1.7634 -83.8519 -103.901
-97.53 -23.0293 -68.1875 1.74878 -84.677 -104.035
-97.5213 -23.4548 -68.708 1.73361 -85.514 -104.167
-97.5127 -23.8845 -69.2291 1.71789 -86.3632 -104.294
-97.5041 -24.3184 -69.7509 1.7016 -87.2249 -104.417
-97.4957 -24.7567 -70.2733 1.68473 -88.0993 -104.536
-97.4873 -25.1994 -70.7963 1.66724 -88.9867 -104.651
-97.479 -25.6466 -71.3198 1.64914 -89.8873 -104.761
-97.4708 -26.0983 -71.8439 1.6304 -90.8015 -104.866
-97.4627 -26.5546 -72.3685 1.611 -91.7295 -104.966
-97.4547 -27.0156 -72.8936 1.59091 -92.6716 -105.061
-97.4468 -27.4813 -73.4191 1.57013 -93.6282 -105.15
-97.439 -27.9519 -73.9451 1.54863 -94.5994 -105.233
-97.4313 -28.4273 -74.4714 1.52638 -95.5857 -105.31
-97.4237 -28.9077 -74.9982 1.50337 -96.5873 -105.38
-97.4162 -29.3932 -75.5252 1.47957 -97.6046 -105.444
-97.4089 -29.8838 -76.0526 1.45496 -98.6379 -105.5
-97.4017 -30.3796 -76.5802 1.42951 -99.6876 -105.549
-97.3946 -30.8806 -77.1081 1.40319 -100.754 -105.59
-97.3877 -31.3871 -77.6361 1.37599 -101.837 -105.622
-97.3809 -31.899 -78.1643 1.34786 -102.938 -105.646
-97.3742 -32.4165 -78.6926 1.31879 -104.057 -105.661
-97.3677 -32.9396 -79.2209 1.28874 -105.193 -105.666
-97.3613 -33.4684 -79.7492 1.25768 -106.348 -105.661
-97.3551 -34.0031 -80.2775 1.22558 -107.523 -105.646
-97.349 -34.5436 -80.8057 1.19241 -108.716 -105.619
-97.3432 -35.0902 -81.3337 1.15813 -109.929 -105.581
-97.3375 -35.6429 -81.8615 1.1227 -111.162 -105.53
-97.3319 -36.2018 -82.389 1.0861 -112.416 -105.467
-97.3266 -36.7671 -82.9162 1.04828 -113.691 -105.39
-97.3215 -37.3387 -83.4429 1.0092 -114.987 -105.299
-97.3165 -37.9169 -83.9692 0.968817 -116.305 -105.194
-97.3118 -38.5018 -84.4948 0.927097 -117.645 -105.073
-97.3072 -39.0934 -85.0199 0.883991 -119.007 -104.935
-97.3029 -39.6919 -85.5442 0.839455 -120.393 -104.781
-97.2988 -40.2973 -86.0677 0.793442 -121.803 -104.608
-97.295 -40.9099 -86.5903 0.745903 -123.236 -104.416
-97.2914 -41.5297 -87.1118 0.696787 -124.694 -104.205
-97.288 -42.1568 -87.6323 0.646044 -126.176 -103.973
-97.2849 -42.7914 -88.1516 0.593619 -127.684 -103.719
-97.2821 -43.4337 -88.6695 0.539457 -129.218 -103.442
-97.2795 -44.0836 -89.186 0.4835 -130.777 -103.141
-97.2772 -44.7414 -89.7009 0.425689 -132.363 -102.815
-97.2753 -45.4073 -90.2141 0.365964 -133.977 -102.462
-97.2736 -46.0812 -90.7255 0.304261 -135.617 -102.081
-97.2722 -46.7634 -91.2349 0.240516 -137.285 -101.671
-97.2712 -47.4541 -91.7422 0.174661 -138.981 -101.23
-97.2705 -48.1532 -92.2472 0.106629 -140.705 -100.757
-97.2701 -48.8611 -92.7498 0.0363476 -142.458 -100.25
-97.2701 -49.5778 -93.2497 -0.0362545 -144.24 -99.708
-97.2705 -50.3035 -93.7469 -0.111252 -146.051 -99.1281
-97.2712 -51.0383 -94.241 -0.18872 -147.891 -98.509
-97.2724 -51.7824 -94.732 -0.268737 -149.761 -97.8488
-97.2739 -52.5359 -95.2195 -0.351383 -151.66 -97.1454
-97.2759 -53.299 -95.7034 -0.436737 -153.589 -96.3967
-97.2783 -54.0718 -96.1835 -0.524882 -155.547 -95.6005
-97.2811 -54.8545 -96.6594 -0.615901 -157.534 -94.7545
-97.2844 -55.6471 -97.131 -0.709878 -159.551 -93.8562
-97.2882 -56.45 -97.598 -0.806897 -161.596 -92.9031
-97.2925 -57.2631 -98.06 -0.907044 -163.67 -91.8927
-97.2973 -58.0867 -98.5169 -1.0104 -165.771 -90.8222
-97.3026 -58.9208 -98.9683 -1.11706 -167.9 -89.6888
-97.3085 -59.7657 -99.4138 -1.22709 -170.055 -88.4896
-97.3149 -60.6213 -99.8532 -1.34059 -172.235 -87.2216
-97.3219 -61.488 -100.286 -1.45762 -174.439 -85.8816
-97.3295 -62.3657 -100.712 -1.57827 -176.666 -84.4665
-97.3377 -63.2546 -101.131 -1.70262 -178.914 -82.9731
-97.3465 -64.1549 -101.542 -1.83072 -181.182 -81.3979
-97.356 -65.0665 -101.945 -1.96264 -183.467 -79.7376
-97.3661 -65.9895 -102.339 -2.09844 -185.768 -77.9888
-97.3769 -66.9241 -102.725 -2.23816 -188.081 -76.1479
-97.3885 -67.8703 -103.101 -2.38185 -190.403 -74.2114
-97.4008 -68.8281 -103.467 -2.52954 -192.732 -72.1759
-97.4138 -69.7976 -103.822 -2.68123 -195.065 -70.0378
-97.4276 -70.7788 -104.167 -2.83694 -197.396 -67.7939
-97.4421 -71.7716 -104.5 -2.99664 -199.722 -65.4407
-97.4575 -72.776 -104.821 -3.16031 -202.038 -62.9751
-97.4737 -73.7919 -105.13 -3.32791 -204.34 -60.3941
-97.4908 -74.8194 -105.425 -3.49935 -206.621 -57.6949
-97.5087 -75.8581 -105.707 -3.67455 -208.876 -54.8749
-97.5276 -76.9081 -105.974 -3.85338 -211.098 -51.9318
-97.5473 -77.9691 -106.226 -4.0357 -213.281 -48.8639
-97.5679 -79.0409 -106.463 -4.22134 -215.418 -45.6696
-97.5895 -80.1232 -106.683 -4.41009 -217.501 -42.348
-97.612 -81.2159 -106.886 -4.60171 -219.522 -38.8986
-97.6355 -82.3184 -107.072 -4.79593 -221.473 -35.3217
-97.66 -83.4306 -107.24 -4.99244 -223.346 -31.618
-97.6854 -84.5519 -107.388 -5.1909 -225.131 -27.7892
-97.7119 -85.6819 -107.517 -5.39094 -226.82 -23.8377
-97.7393 -86.8201 -107.627 -5.59214 -228.404 -19.7667
-97.7678 -87.9659 -107.715 -5.79406 -229.874 -15.5802
-97.7973 -89.1188 -107.782 -5.99622 -231.221 -11.2833
-97.8277 -90.2781 -107.828 -6.19811 -232.436 -6.88183
-97.8592 -91.4431 -107.851 -6.39921 -233.51 -2.38282
-97.8917 -92.6132 -107.852 -6.59895 -234.436 2.20595
-97.9252 -93.7875 -107.829 -6.79676 -235.206 6.87573
-97.9597 -94.9653 -107.783 -6.99206 -235.813 11.6169
-97.9951 -96.1456 -107.713 -7.18425 -236.251 16.419
-98.0315 -97.3278 -107.619 -7.37275 -236.515 21.2708
-98.0689 -98.5108 -107.5 -7.55695 -236.599 26.1605
-98.1071 -99.6938 -107.357 -7.73629 -236.501 31.0757
-98.1462 -100.876 -107.19 -7.91021 -236.219 36.0037
-98.1862 -102.056 -106.997 -8.07818 -235.75 40.9313
-98.227 -103.233 -106.78 -8.2397 -235.097 45.8453
-98.2686 -104.407 -106.539 -8.39433 -234.259 50.7326
-98.3109 -105.576 -106.273 -8.54165 -233.239 55.5801
-98.354 -106.739 -105.983 -8.6813 -232.041 60.3751
-98.3978 -107.896 -105.669 -8.81296 -230.669 65.1054
-98.4421 -109.046 -105.332 -8.93638 -229.13 69.7591
-98.4871 -110.188 -104.972 -9.05137 -227.43 74.3254
-98.5326 -111.32 -104.589 -9.15778 -225.576 78.7941
-98.5787 -112.443 -104.184 -9.25554 -223.578 83.1558
-98.6252 -113.556 -103.757 -9.3446 -221.443 87.4022
-98.6721 -114.658 -103.31 -9.42501 -219.182 91.526
-98.7194 -115.748 -102.842 -9.49683 -216.804 95.5208
-98.7671 -116.826 -102.355 -9.56019 -214.32 99.3812
-98.815 -117.891 -101.848 -9.61526 -211.738 103.103
-98.8632 -118.943 -101.324 -9.66223 -209.071 106.683
-98.9117 -119.982 -100.782 -9.70134 -206.326 110.119
-98.9603 -121.007 -100.223 -9.73287 -203.516 113.409
-99.009 -122.017 -99.6475 -9.75709 -200.649 116.553
-99.0578 -123.013 -99.0571 -9.77431 -197.734 119.552
-99.1067 -123.994 -98.452 -9.78486 -194.781 122.405
-99.1557 -124.961 -97.8331 -9.78907 -191.798 125.115
-99.2046 -125.912 -97.2009 -9.78728 -188.793 127.683
-99.2535 -126.849 -96.5562 -9.77983 -185.773 130.113
-99.3024 -127.77 -95.8998 -9.76706 -182.746 132.408
-99.3512 -128.676 -95.2321 -9.74931 -179.718 134.571
-99.3999 -129.567 -94.5541 -9.72691 -176.695 136.605
-99.4485 -130.443 -93.8661 -9.70019 -173.683 138.515
-99.4969 -131.304 -93.1689 -9.66947 -170.686 140.305
-99.5452 -132.15 -92.463 -9.63504 -167.709 141.979
-99.5933 -132.981 -91.7491 -9.5972 -164.755 143.542
-99.6412 -133.798 -91.0276 -9.55625 -161.83 144.998
-99.6888 -134.6 -90.2991 -9.51243 -158.935 146.352
-99.7363 -135.387 -89.5641 -9.46602 -156.074 147.607
-99.7835 -136.16 -88.823 -9.41725 -153.248 148.769
-99.8304 -136.92 -88.0764 -9.36635 -150.461 149.841
-99.8772 -137.665 -87.3246 -9.31353 -147.713 150.829
-99.9236 -138.397 -86.5681 -9.259 -145.006 151.735
-99.9697 -139.115 -85.8073 -9.20295 -142.342 152.564
-100.016 -139.82 -85.0425 -9.14555 -139.721 153.32
-100.061 -140.512 -84.2741 -9.08696 -137.144 154.007
-100.106 -141.192 -83.5024 -9.02736 -134.611 154.629
-100.151 -141.858 -82.7278 -8.96686 -132.124 155.188
-100.196 -142.513 -81.9505 -8.90561 -129.681 155.688
-100.241 -143.155 -81.1709 -8.84373 -127.284 156.132
-100.285 -143.786 -80.3892 -8.78133 -124.932 156.524
-100.328 -144.405 -79.6056 -8.71852 -122.625 156.867
-100.372 -145.012 -78.8205 -8.65539 -120.362 157.162
-100.415 -145.608 -78.034 -8.59202 -118.144 157.414
-100.458 -146.193 -77.2464 -8.52851 -115.97 157.623
-100.5 -146.768 -76.4578 -8.46492 -113.839 157.793
-100.542 -147.332 -75.6684 -8.40132 -111.75 157.927
-100.584 -147.885 -74.8785 -8.33777 -109.704 158.025
-100.626 -148.429 -74.0882 -8.27433 -107.7 158.091
-100.667 -148.962 -73.2976 -8.21106 -105.736 158.126
-100.708 -149.486 -72.5069 -8.14798 -103.812 158.132
-100.748 -150.001 -71.7163 -8.08516 -101.928 158.111
-100.789 -150.506 -70.9258 -8.02262 -100.082 158.064
-100.829 -151.001 -70.1356 -7.9604 -98.2741 157.993
-100.868 -151.488 -69.3459 -7.89852 -96.5033 157.899
-100.908 -151.966 -68.5566 -7.83703 -94.7688 157.785
-100.947 -152.436 -67.768 -7.77594 -93.0699 157.65
-100.985 -152.897 -66.9801 -7.71527 -91.4057 157.497
-101.024 -153.35 -66.193 -7.65504 -89.7756 157.326
-101.062 -153.795 -65.4068 -7.59527 -88.1787 157.139
-101.1 -154.232 -64.6216 -7.53597 -86.6142 156.937
-101.137 -154.661 -63.8375 -7.47716 -85.0815 156.72
-101.175 -155.083 -63.0544 -7.41885 -83.5797 156.49
-101.211 -155.497 -62.2726 -7.36105 -82.1082 156.248
-101.248 -155.904 -61.4919 -7.30375 -80.6662 155.993
-101.285 -156.303 -60.7126 -7.24698 -79.2531 155.728
-101.321 -156.696 -59.9347 -7.19074 -77.8681 155.453
-101.356 -157.082 -59.1581 -7.13502 -76.5105 155.168
-101.392 -157.461 -58.383 -7.07984 -75.1797 154.874
-101.427 -157.834 -57.6094 -7.0252 -73.8751 154.572
-101.462 -158.2 -56.8373 -6.97109 -72.5959 154.262
-101.497 -158.56 -56.0667 -6.91751 -71.3416 153.946
-101.531 -158.913 -55.2978 -6.86448 -70.1115 153.622
-101.566 -159.261 -54.5305 -6.81198 -68.9052 153.293
-101.6 -159.603 -53.7649 -6.76001 -67.7219 152.958
-101.633 -159.938 -53.0009 -6.70857 -66.5611 152.618
-101.667 -160.268 -52.2387 -6.65767 -65.4222 152.273
-101.7 -160.592 -51.4782 -6.60729 -64.3048 151.923
-101.733 -160.911 -50.7195 -6.55744 -63.2083 151.57
-101.765 -161.225 -49.9625 -6.5081 -62.1321 151.212
-101.798 -161.533 -49.2073 -6.45928 -61.0759 150.852
-101.83 -161.835 -48.454 -6.41097 -60.039 150.488
-101.862 -162.133 -47.7025 -6.36317 -59.0211 150.122
-101.894 -162.425 -46.9528 -6.31587 -58.0216 149.752
-101.925 -162.713 -46.2049 -6.26907 -57.0402 149.381
-101.956 -162.996 -45.459 -6.22277 -56.0764 149.008
-101.987 -163.274 -44.7148 -6.17694 -55.1297 148.633
-102.018 -163.547 -43.9726 -6.13161 -54.1997 148.256
-102.049 -163.816 -43.2323 -6.08674 -53.2862 147.878
-102.079 -164.08 -42.4938 -6.04235 -52.3886 147.498
-102.109 -164.34 -41.7573 -5.99843 -51.5065 147.118
-102.139 -164.595 -41.0227 -5.95496 -50.6397 146.737
-102.169 -164.846 -40.2899 -5.91195 -49.7878 146.355
-102.198 -165.093 -39.5591 -5.86939 -48.9503 145.972
-102.227 -165.336 -38.8302 -5.82727 -48.1271 145.589
-102.256 -165.574 -38.1032 -5.78559 -47.3176 145.206
-102.285 -165.809 -37.3781 -5.74435 -46.5217 144.823
-102.314 -166.039 -36.655 -5.70352 -45.739 144.44
-102.342 -166.266 -35.9337 -5.66312 -44.9693 144.056
-102.37 -166.489 -35.2144 -5.62314 -44.2121 143.673
-102.398 -166.708 -34.497 -5.58356 -43.4673 143.29
-102.426 -166.924 -33.7815 -5.54439 -42.7345 142.908
-102.454 -167.136 -33.0679 -5.50561 -42.0135 142.526
-102.481 -167.344 -32.3563 -5.46723 -41.304 142.144
-102.508 -167.549 -31.6465 -5.42924 -40.6058 141.763
-102.536 -167.75 -30.9386 -5.39162 -39.9185 141.383
-102.562 -167.948 -30.2327 -5.35439 -39.2421 141.003
-102.589 -168.142 -29.5286 -5.31753 -38.5762 140.625
-102.616 -168.334 -28.8264 -5.28103 -37.9205 140.247
-102.642 -168.522 -28.1261 -5.24489 -37.275 139.87
-102.668 -168.706 -27.4277 -5.20911 -36.6393 139.494
-102.694 -168.888 -26.7312 -5.17368 -36.0133 139.119
-102.72 -169.067 -26.0365 -5.1386 -35.3967 138.745
-102.745 -169.242 -25.3437 -5.10386 -34.7893 138.372
-102.771 -169.414 -24.6528 -5.06945 -34.191 138.001
-102.796 -169.584 -23.9637 -5.03538 -33.6016 137.63
-102.821 -169.75 -23.2765 -5.00163 -33.0208 137.261
-102.846 -169.914 -22.5911 -4.9682 -32.4485 136.893
-102.871 -170.075 -21.9076 -4.93509 -31.8846 136.526
-102.895 -170.233 -21.2259 -4.9023 -31.3287 136.161
-102.92 -170.388 -20.546 -4.86981 -30.7809 135.797
-102.944 -170.541 -19.8679 -4.83763 -30.2408 135.434
-102.968 -170.691 -19.1916 -4.80574 -29.7085 135.072
-102.992 -170.838 -18.5172 -4.77415 -29.1836 134.712
-103.016 -170.982 -17.8445 -4.74286 -28.6661 134.354
-103.04 -171.125 -17.1736 -4.71185 -28.1558 133.997
-103.063 -171.264 -16.5045 -4.68112 -27.6525 133.641
-103.086 -171.401 -15.8372 -4.65067 -27.1562 133.286
-103.11 -171.536 -15.1717 -4.6205 -26.6666 132.934
-103.133 -171.668 -14.5079 -4.5906 -26.1837 132.582
-103.155 -171.797 -13.8458 -4.56097 -25.7074 132.232
-103.178 -171.925 -13.1856 -4.5316 -25.2374 131.884
-103.201 -172.05 -12.527 -4.50249 -24.7737 131.537
-103.223 -172.173 -11.8702 -4.47364 -24.3162 131.191
-103.246 -172.293 -11.2151 -4.44503 -23.8647 130.847
-103.268 -172.411 -10.5617 -4.41668 -23.4191 130.505
-103.29 -172.527 -9.91005 -4.38858 -22.9794 130.164
-103.312 -172.641 -9.26008 -4.36071 -22.5453 129.825
-103.333 -172.753 -8.6118 -4.33309 -22.1169 129.487
-103.355 -172.862 -7.96521 -4.3057 -21.6939 129.15
-103.376 -172.97 -7.3203 -4.27855 -21.2764 128.816
-103.398 -173.075 -6.67706 -4.25162 -20.8641 128.482
-103.419 -173.178 -6.03548 -4.22492 -20.4571 128.15
-103.44 -173.279 -5.39555 -4.19844 -20.0551 127.82
-103.461 -173.379 -4.75727 -4.17219 -19.6582 127.491
-103.482 -173.476 -4.12064 -4.14615 -19.2661 127.164
-103.502 -173.571 -3.48563 -4.12032 -18.879 126.838
-103.523 -173.665 -2.85225 -4.09471 -18.4965 126.514
-103.543 -173.756 -2.22049 -4.0693 -18.1188 126.191
-103.564 -173.846 -1.59034 -4.0441 -17.7456 125.87
-103.584 -173.934 -0.961789 -4.0191 -17.3769 125.551
-103.604 -174.02 -0.334833 -3.99431 -17.0127 125.232
-103.624 -174.104 0.290535 -3.96971 -16.6528 124.916
-103.643 -174.186 0.914323 -3.9453 -16.2972 124.6
-103.663 -174.267 1.53654 -3.92109 -15.9457 124.287
-103.683 -174.346 2.15719 -3.89707 -15.5984 123.974
-103.702 -174.423 2.77628 -3.87324 -15.2552 123.664
-103.721 -174.498 3.39383 -3.84959 -14.916 123.354
-103.741 -174.572 4.00983 -3.82612 -14.5806 123.047
-103.76 -174.644 4.62429 -3.80283 -14.2492 122.74
-103.779 -174.715 5.23723 -3.77972 -13.9215 122.435
-103.797 -174.783 5.84864 -3.75679 -13.5976 122.132
-103.816 -174.851 6.45855 -3.73403 -13.2773 121.83
-103.835 -174.916 7.06694 -3.71144 -12.9607 121.529
-103.853 -174.98 7.67384 -3.68902 -12.6476 121.23
-103.872 -175.043 8.27924 -3.66677 -12.338 120.932
-103.89 -175.103 8.88315 -3.64468 -12.0318 120.635
-103.908 -175.163 9.48559 -3.62276 -11.7291 120.34
-103.926 -175.221 10.0866 -3.60099 -11.4296 120.047
-103.944 -175.277 10.6861 -3.57939 -11.1334 119.755
-103.962 -175.332 11.2841 -3.55794 -10.8405 119.464
-103.98 -175.386 11.8807 -3.53664 -10.5507 119.174
-103.997 -175.438 12.4758 -3.5155 -10.2641 118.886
-104.015 -175.488 13.0696 -3.49451 -9.98048 118.599
-104.032 -175.537 13.6618 -3.47366 -9.69994 118.314
-104.05 -175.585 14.2527 -3.45297 -9.42237 118.03
-104.067 -175.632 14.8421 -3.43242 -9.14774 117.747
-104.084 -175.677 15.4302 -3.41201 -8.876 117.465
-104.101 -175.72 16.0168 -3.39175 -8.60711 117.185
-104.118 -175.763 16.602 -3.37162 -8.34102 116.906
-104.135 -175.804 17.1859 -3.35164 -8.07769 116.629
-104.151 -175.844 17.7683 -3.33179 -7.81708 116.353
-104.168 -175.882 18.3494 -3.31207 -7.55915 116.078
-104.184 -175.919 18.9291 -3.29249 -7.30386 115.804
-104.201 -175.955 19.5074 -3.27304 -7.05117 115.531
-104.217 -175.99 20.0844 -3.25372 -6.80104 115.26
-104.233 -176.023 20.66 -3.23453 -6.55343 114.99
-104.25 -176.055 21.2343 -3.21547 -6.30832 114.721
-104.266 -176.086 21.8072 -3.19654 -6.06565 114.454
-104.282 -176.116 22.3788 -3.17772 -5.8254 114.188
-104.297 -176.144 22.9491 -3.15903 -5.58754 113.923
-104.313 -176.172 23.5181 -3.14047 -5.35201 113.659
-104.329 -176.198 24.0857 -3.12202 -5.11881 113.396
-104.344 -176.223 24.652 -3.10369 -4.88788 113.134
-104.36 -176.247 25.217 -3.08548 -4.6592 112.874
-104.375 -176.269 25.7808 -3.06738 -4.43274 112.615
-104.39 -176.291 26.3432 -3.0494 -4.20847 112.357
-104.406 -176.312 26.9043 -3.03153 -3.98635 112.1
-104.421 -176.331 27.4642 -3.01377 -3.76635 111.845
-104.436 -176.349 28.0228 -2.99613 -3.54846 111.59
-104.451 -176.366 28.5801 -2.97859 -3.33262 111.337
-104.466 -176.383 29.1361 -2.96116 -3.11883 111.084
-104.48 -176.398 29.6909 -2.94384 -2.90705 110.833
-104.495 -176.412 30.2445 -2.92663 -2.69725 110.583
-104.51 -176.425 30.7968 -2.90951 -2.48941 110.334
-104.524 -176.437 31.3478 -2.89251 -2.2835 110.086
-104.539 -176.447 31.8976 -2.8756 -2.0795 109.839
-104.553 -176.457 32.4462 -2.8588 -1.87737 109.594
-104.567 -176.466 32.9936 -2.84209 -1.6771 109.349
-104.581 -176.474 33.5397 -2.82549 -1.47865 109.105
-104.595 -176.481 34.0846 -2.80898 -1.28201 108.863
-104.609 -176.487 34.6283 -2.79257 -1.08716 108.621
-104.623 -176.492 35.1708 -2.77626 -0.89406 108.381
-104.637 -176.496 35.7121 -2.76004 -0.702697 108.142
-104.651 -176.499 36.2522 -2.74391 -0.513048 107.903
-104.665 -176.501 36.7912 -2.72787 -0.325089 107.666
-104.678 -176.502 37.3289 -2.71193 -0.138799 107.43
-104.692 -176.502 37.8655 -2.69608 0.0458436 107.194
-104.705 -176.502 38.4008 -2.68032 0.228859 106.96
-104.719 -176.5 38.9351 -2.66464 0.410269 106.726
-104.732 -176.498 39.4681 -2.64906 0.590093 106.494
-104.745 -176.494 40 -2.63356 0.768352 106.263
-104.758 -176.49 40.5307 -2.61815 0.945065 106.032
-104.771 -176.485 41.0603 -2.60282 1.12025 105.803
-104.784 -176.479 41.5888 -2.58757 1.29393 105.574
-104.797 -176.472 42.1161 -2.57241 1.46612 105.347
-104.81 -176.464 42.6422 -2.55733 1.63684 105.12
-104.823 -176.455 43.1673 -2.54233 1.80611 104.894
-104.835 -176.446 43.6912 -2.52742 1.97394 104.669
-104.848 -176.436 44.214 -2.51258 2.14035 104.445
-104.86 -176.425 44.7356 -2.49782 2.30537 104.223
-104.873 -176.413 45.2562 -2.48314 2.469 104
-104.885 -176.4 45.7756 -2.46854 2.63127 103.779
-104.898 -176.386 46.294 -2.45401 2.79218 103.559
-104.91 -176.372 46.8112 -2.43956 2.95177 103.34
-104.922 -176.357 47.3274 -2.42518 3.11003 103.121
-104.934 -176.341 47.8424 -2.41088 3.267 102.904
-104.946 -176.324 48.3564 -2.39665 3.42267 102.687
-104.958 -176.307 48.8693 -2.38249 3.57708 102.471
-104.97 -176.288 49.3811 -2.36841 3.73023 102.256
-104.982 -176.269 49.8919 -2.35439 3.88214 102.042
-104.993 -176.25 50.4015 -2.34045 4.03282 101.829
-105.005 -176.229 50.9101 -2.32657 4.18228 101.616
-105.017 -176.208 51.4177 -2.31277 4.33055 101.404
-105.028 -176.186 51.9242 -2.29903 4.47764 101.194
-105.04 -176.163 52.4296 -2.28536 4.62355 100.984
-105.051 -176.139 52.934 -2.27176 4.7683 100.774
-105.062 -176.115 53.4374 -2.25822 4.91191 100.566
-105.074 -176.09 53.9397 -2.24475 5.05439 100.358
-105.085 -176.065 54.441 -2.23134 5.19575 100.152
-105.096 -176.038 54.9412 -2.218 5.336 99.9456
-105.107 -176.011 55.4404 -2.20472 5.47515 99.7405
-105.118 -175.984 55.9386 -2.1915 5.61323 99.536
-105.129 -175.955 56.4358 -2.17835 5.75024 99.3324
-105.14 -175.926 56.9319 -2.16526 5.88619 99.1295
-105.151 -175.896 57.4271 -2.15222 6.02109 98.9274
-105.161 -175.866 57.9212 -2.13925 6.15496 98.7261
-105.172 -175.835 58.4143 -2.12634 6.2878 98.5255
-105.183 -175.803 58.9065 -2.11349 6.41964 98.3257
-105.193 -175.771 59.3976 -2.1007 6.55047 98.1266
-105.204 -175.738 59.8877 -2.08796 6.68031 97.9283
-105.214 -175.704 60.3769 -2.07528 6.80917 97.7307
-105.224 -175.669 60.865 -2.06266 6.93707 97.5338
-105.235 -175.634 61.3522 -2.05009 7.06401 97.3376
-105.245 -175.599 61.8384 -2.03759 7.18999 97.1422
-105.255 -175.563 62.3236 -2.02513 7.31505 96.9475
-105.265 -175.526 62.8079 -2.01273 7.43917 96.7534
-105.275 -175.488 63.2912 -2.00039 7.56238 96.5601
-105.285 -175.45 63.7735 -1.98809 7.68467 96.3675
-105.295 -175.411 64.2548 -1.97586 7.80607 96.1756
-105.305 -175.372 64.7352 -1.96367 7.92658 95.9844
-105.315 -175.332 65.2147 -1.95153 8.04621 95.7939
-105.324 -175.292 65.6932 -1.93945 8.16497 95.604
-105.334 -175.25 66.1707 -1.92742 8.28287 95.4148
-105.344 -175.209 66.6473 -1.91544 8.39992 95.2263
-105.353 -175.166 67.123 -1.90351 8.51612 95.0385
-105.363 -175.124 67.5977 -1.89163 8.63149 94.8513
-105.372 -175.08 68.0715 -1.87979 8.74603 94.6648
-105.382 -175.036 68.5444 -1.86801 8.85975 94.4789
-105.391 -174.991 69.0163 -1.85627 8.97266 94.2937
-105.4 -174.946 69.4873 -1.84459 9.08477 94.1091
-105.409 -174.901 69.9574 -1.83294 9.19609 93.9252
-105.418 -174.854 70.4265 -1.82135 9.30663 93.7419
-105.427 -174.808 70.8948 -1.8098 9.41638 93.5593
-105.437 -174.76 71.3621 -1.7983 9.52537 93.3772
-105.445 -174.712 71.8286 -1.78684 9.63359 93.1958
-105.454 -174.664 72.2941 -1.77543 9.74107 93.0151
-105.463 -174.615 72.7587 -1.76406 9.84779 92.8349
-105.472 -174.565 73.2224 -1.75274 9.95377 92.6553
-105.481 -174.515 73.6853 -1.74146 10.059 92.4764
-105.489 -174.465 74.1472 -1.73023 10.1636 92.298
-105.498 -174.414 74.6083 -1.71903 10.2674 92.1203
-105.507 -174.362 75.0684 -1.70788 10.3705 91.9432
-105.515 -174.31 75.5277 -1.69677 10.4729 91.7666
-105.524 -174.257 75.9861 -1.68571 10.5746 91.5906
-105.532 -174.204 76.4436 -1.67468 10.6756 91.4152
-105.54 -174.151 76.9002 -1.6637 10.7759 91.2404
-105.549 -174.097 77.356 -1.65275 10.8755 91.0662
-105.557 -174.042 77.8109 -1.64185 10.9745 90.8926
-105.565 -173.987 78.2649 -1.63098 11.0728 90.7195
-105.573 -173.931 78.7181 -1.62016 11.1705 90.547
-105.581 -173.875 79.1704 -1.60937 11.2675 90.375
-105.589 -173.818 79.6218 -1.59863 11.3639 90.2036
-105.597 -173.761 80.0724 -1.58792 11.4596 90.0328
-105.605 -173.704 80.5222 -1.57725 11.5547 89.8625
-105.613 -173.646 80.9711 -1.56661 11.6491 89.6927
-105.621 -173.587 81.4191 -1.55602 11.743 89.5235
-105.629 -173.528 81.8663 -1.54546 11.8362 89.3549
-105.636 -173.469 82.3126 -1.53494 11.9288 89.1867
-105.644 -173.409 82.7582 -1.52445 12.0209 89.0191
-105.652 -173.349 83.2028 -1.514 12.1123 88.8521
-105.659 -173.288 83.6467 -1.50358 12.2031 88.6855
-105.667 -173.227 84.0897 -1.4932 12.2933 88.5195
-105.674 -173.165 84.5319 -1.48286 12.383 88.354
-105.681 -173.103 84.9732 -1.47255 12.4721 88.189
-105.689 -173.04 85.4138 -1.46227 12.5606 88.0246
-105.696 -172.977 85.8535 -1.45203 12.6485 87.8606
-105.703 -172.914 86.2924 -1.44182 12.7359 87.6972
-105.71 -172.85 86.7304 -1.43165 12.8227 87.5342
-105.718 -172.786 87.1677 -1.42151 12.909 87.3718
-105.725 -172.721 87.6042 -1.4114 12.9947 87.2098
-105.732 -172.656 88.0398 -1.40132 13.0799 87.0484
-105.739 -172.59 88.4746 -1.39128 13.1646 86.8874
-105.746 -172.524 88.9087 -1.38126 13.2487 86.727
-105.752 -172.458 89.3419 -1.37128 13.3323 86.567
-105.759 -172.391 89.7743 -1.36133 13.4153 86.4075
-105.766 -172.323 90.206 -1.35141 13.4979 86.2484
-105.773 -172.256 90.6368 -1.34153 13.5799 86.0899
-105.779 -172.188 91.0669 -1.33167 13.6615 85.9318
-105.786 -172.119 91.4962 -1.32184 13.7425 85.7742
-105.793 -172.05 91.9246 -1.31205 13.823 85.617
-105.799 -171.981 92.3523 -1.30228 13.9031 85.4603
-105.806 -171.911 92.7792 -1.29254 13.9826 85.3041
-105.812 -171.841 93.2054 -1.28283 14.0617 85.1484
-105.819 -171.771 93.6307 -1.27316 14.1403 84.9931
-105.825 -171.7 94.0553 -1.2635 14.2184 84.8382
-105.831 -171.628 94.4791 -1.25388 14.296 84.6838
-105.837 -171.557 94.9021 -1.24429 14.3732 84.5298
-105.844 -171.485 95.3244 -1.23472 14.4498 84.3763
-105.85 -171.412 95.7459 -1.22519 14.5261 84.2232
-105.856 -171.339 96.1666 -1.21568 14.6018 84.0706
-105.862 -171.266 96.5866 -1.20619 14.6772 83.9184
-105.868 -171.193 97.0058 -1.19674 14.752 83.7666
-105.874 -171.119 97.4243 -1.18731 14.8265 83.6153
-105.88 -171.044 97.842 -1.17791 14.9004 83.4644
-105.886 -170.97 98.2589 -1.16853 14.974 83.3139
-105.892 -170.895 98.6751 -1.15919 15.0471 83.1638
-105.897 -170.819 99.0905 -1.14986 15.1198 83.0142
-105.903 -170.743 99.5052 -1.14057 15.192 82.8649
-105.909 -170.667 99.9192 -1.1313 15.2638 82.7161
-105.914 -170.591 100.332 -1.12205 15.3352 82.5677
-105.92 -170.514 100.745 -1.11283 15.4062 82.4197
-105.925 -170.437 101.157 -1.10364 15.4768 82.2721
-105.931 -170.359 101.568 -1.09447 15.547 82.1249
-105.936 -170.281 101.978 -1.08532 15.6167 81.9782
-105.942 -170.203 102.387 -1.0762 15.6861 81.8318
-105.947 -170.124 102.796 -1.06711 15.755 81.6858
-105.952 -170.045 103.204 -1.05803 15.8236 81.5402
-105.958 -169.966 103.612 -1.04899 15.8917 81.395
-105.963 -169.887 104.018 -1.03996 15.9595 81.2502
-105.968 -169.807 104.424 -1.03097 16.0269 81.1058
-105.973 -169.726 104.829 -1.02199 16.0939 80.9617
-105.978 -169.646 105.234 -1.01304 16.1605 80.8181
-105.983 -169.565 105.637 -1.00411 16.2267 80.6748
-105.988 -169.483 106.04 -0.995204 16.2926 80.5319
-105.993 -169.402 106.443 -0.986322 16.3581 80.3894
-105.998 -169.32 106.844 -0.977463 16.4232 80.2472
-106.003 -169.238 107.245 -0.968627 16.4879 80.1054
-106.008 -169.155 107.645 -0.959813 16.5523 79.964
-106.013 -169.072 108.045 -0.951022 16.6163 79.823
-106.017 -168.989 108.444 -0.942254 16.68 79.6823
-106.022 -168.905 108.842 -0.933508 16.7433 79.542
-106.027 -168.821 109.239 -0.924784 16.8063 79.402
-106.031 -168.737 109.636 -0.916082 16.8689 79.2624
-106.036 -168.653 110.032 -0.907403 16.9312 79.1232
-106.04 -168.568 110.427 -0.898745 16.9931 78.9843
-106.045 -168.483 110.821 -0.890109 17.0547 78.8457
-106.049 -168.397 111.215 -0.881495 17.1159 78.7075
-106.054 -168.312 111.609 -0.872903 17.1768 78.5697
-106.058 -168.225 112.001 -0.864332 17.2374 78.4322
-106.062 -168.139 112.393 -0.855782 17.2976 78.295
-106.067 -168.053 112.784 -0.847254 17.3575 78.1582
-106.071 -167.966 113.174 -0.838748 17.4171 78.0217
-106.075 -167.878 113.564 -0.830262 17.4764 77.8856
-106.079 -167.791 113.953 -0.821798 17.5353 77.7498
-106.083 -167.703 114.342 -0.813355 17.5939 77.6143
-106.087 -167.615 114.729 -0.804933 17.6522 77.4791
-106.091 -167.526 115.117 -0.796531 17.7102 77.3443
-106.095 -167.438 115.503 -0.788151 17.7678 77.2098
-106.099 -167.349 115.889 -0.779792 17.8252 77.0756
-106.103 -167.26 116.274 -0.771453 17.8823 76.9418
-106.107 -167.17 116.658 -0.763135 17.939 76.8083
-106.111 -167.08 117.042 -0.754838 17.9954 76.6751
-106.114 -166.99 117.425 -0.746562 18.0516 76.5422
-106.118 -166.9 117.807 -0.738306 18.1074 76.4096
-106.122 -166.809 118.189 -0.730071 18.163 76.2773
-106.125 -166.718 118.57 -0.721856 18.2182 76.1454
-106.129 -166.627 118.95 -0.713662 18.2732 76.0137
-106.133 -166.535 119.33 -0.705488 18.3279 75.8824
-106.136 -166.443 119.709 -0.697335 18.3822 75.7514
-106.14 -166.351 120.088 -0.689203 18.4363 75.6206
-106.143 -166.259 120.465 -0.681091 18.4901 75.4902
-106.146 -166.167 120.843 -0.672999 18.5437 75.3601
-106.15 -166.074 121.219 -0.664928 18.5969 75.2303
-106.153 -165.981 121.595 -0.656877 18.6499 75.1007
-106.156 -165.887 121.97 -0.648847 18.7025 74.9715
-106.16 -165.794 122.345 -0.640837 18.755 74.8425
-106.163 -165.7 122.718 -0.632847 18.8071 74.7139
-106.166 -165.605 123.092 -0.624879 18.859 74.5855
-106.169 -165.511 123.464 -0.61693 18.9106 74.4575
-106.172 -165.416 123.836 -0.609002 18.9619 74.3297
-106.175 -165.321 124.208 -0.601095 19.0129 74.2022
-106.178 -165.226 124.578 -0.593208 19.0637 74.0749
-106.181 -165.131 124.948 -0.585342 19.1143 73.948
-106.184 -165.035 125.318 -0.577496 19.1646 73.8213
-106.187 -164.939 125.687 -0.569671 19.2146 73.6949
-106.19 -164.843 126.055 -0.561866 19.2643 73.5688
-106.192 -164.747 126.422 -0.554082 19.3138 73.443
-106.195 -164.65 126.789 -0.546319 19.3631 73.3174
-106.198 -164.553 127.155 -0.538577 19.4121 73.1922
-106.201 -164.456 127.521 -0.530855 19.4608 73.0671
-106.203 -164.358 127.886 -0.523155 19.5093 72.9424
-106.206 -164.261 128.25 -0.515475 19.5576 72.8179
-106.208 -164.163 128.614 -0.507816 19.6056 72.6937
-106.211 -164.065 128.977 -0.500178 19.6533 72.5697
-106.213 -163.966 129.34 -0.492561 19.7008 72.446
-106.216 -163.868 129.702 -0.484966 19.7481 72.3226
-106.218 -163.769 130.063 -0.477391 19.7951 72.1994
-106.221 -163.67 130.424 -0.469838 19.8419 72.0765
-106.223 -163.57 130.784 -0.462306 19.8885 71.9539
-106.225 -163.471 131.143 -0.454795 19.9348 71.8315
-106.227 -163.371 131.502 -0.447306 19.9809 71.7093
-106.23 -163.271 131.86 -0.439838 20.0267 71.5874
-106.232 -163.171 132.218 -0.432392 20.0724 71.4658
-106.234 -163.07 132.575 -0.424967 20.1178 71.3444
-106.236 -162.969 132.932 -0.417564 20.1629 71.2232
-106.238 -162.869 133.287 -0.410183 20.2078 71.1023
-106.24 -162.767 133.643 -0.402824 20.2526 70.9817
-106.242 -162.666 133.997 -0.395487 20.297 70.8612
-106.244 -162.564 134.351 -0.388171 20.3413 70.7411
-106.246 -162.463 134.705 -0.380878 20.3853 70.6211
-106.248 -162.361 135.057 -0.373607 20.4291 70.5014
-106.25 -162.258 135.41 -0.366359 20.4727 70.382
-106.252 -162.156 135.761 -0.359132 20.5161 70.2628
-106.253 -162.053 136.112 -0.351928 20.5593 70.1438
-106.255 -161.95 136.463 -0.344747 20.6022 70.025
-106.257 -161.847 136.812 -0.337588 20.6449 69.9065
-106.258 -161.744 137.162 -0.330452 20.6874 69.7882
-106.26 -161.64 137.51 -0.323338 20.7297 69.6702
-106.262 -161.536 137.858 -0.316248 20.7718 69.5524
-106.263 -161.433 138.206 -0.30918 20.8137 69.4348
-106.265 -161.328 138.553 -0.302136 20.8553 69.3174
-106.266 -161.224 138.899 -0.295114 20.8968 69.2003
-106.268 -161.119 139.245 -0.288116 20.9381 69.0834
-106.269 -161.015 139.59 -0.281141 20.9791 68.9667
-106.271 -160.91 139.934 -0.27419 21.0199 68.8502
-106.272 -160.804 140.278 -0.267262 21.0606 68.734
-106.273 -160.699 140.622 -0.260358 21.101 68.618
-106.275 -160.593 140.965 -0.253477 21.1412 68.5021
-106.276 -160.488 141.307 -0.24662 21.1812 68.3866
-106.277 -160.382 141.648 -0.239787 21.2211 68.2712
-106.278 -160.275 141.99 -0.232977 21.2607 68.156
-106.279 -160.169 142.33 -0.226192 21.3001 68.0411
-106.28 -160.062 142.67 -0.219431 21.3394 67.9264
-106.282 -159.956 143.009 -0.212694 21.3784 67.8119
-106.283 -159.849 143.348 -0.205981 21.4172 67.6976
-106.284 -159.741 143.686 -0.199293 21.4559 67.5835
-106.285 -159.634 144.024 -0.192629 21.4943 67.4696
-106.285 -159.526 144.361 -0.18599 21.5326 67.3559
-106.286 -159.419 144.697 -0.179375 21.5707 67.2425
-106.287 -159.311 145.033 -0.172785 21.6085 67.1292
-106.288 -159.203 145.369 -0.166219 21.6462 67.0162
-106.289 -159.094 145.704 -0.159679 21.6837 66.9033
-106.29 -158.986 146.038 -0.153163 21.721 66.7907
-106.29 -158.877 146.371 -0.146672 21.7582 66.6782
-106.291 -158.768 146.705 -0.140206 21.7951 66.566
-106.292 -158.659 147.037 -0.133766 21.8318 66.454
-106.293 -158.55 147.369 -0.12735 21.8684 66.3421
-106.293 -158.44 147.701 -0.12096 21.9048 66.2305
-106.294 -158.331 148.031 -0.114595 21.941 66.1191
-106.294 -158.221 148.362 -0.108255 21.977 66.0078
-106.295 -158.111 148.691 -0.10194 22.0129 65.8968
-106.295 -158.001 149.021 -0.0956516 22.0485 65.786
-106.296 -157.891 149.349 -0.0893882 22.084 65.6753
-106.296 -157.78 149.677 -0.0831504 22.1193 65.5649
-106.297 -157.669 150.005 -0.0769382 22.1544 65.4546
-106.297 -157.559 150.332 -0.0707516 22.1894 65.3445
-106.297 -157.447 150.658 -0.0645907 22.2241 65.2347
-106.298 -157.336 150.984 -0.0584555 22.2587 65.125
-106.298 -157.225 151.31 -0.0523462 22.2931 65.0155
-106.298 -157.113 151.634 -0.0462626 22.3274 64.9062
-106.298 -157.002 151.959 -0.0402049 22.3615 64.7971
-106.299 -156.89 152.282 -0.034173 22.3954 64.6881
-106.299 -156.778 152.606 -0.0281671 22.4291 64.5794
-106.299 -156.665 152.928 -0.022187 22.4626 64.4708
-106.299 -156.553 153.25 -0.016233 22.496 64.3625
-106.299 -156.44 153.572 -0.0103049 22.5293 64.2543
-106.299 -156.328 153.893 -0.00440278 22.5623 64.1463
-106.299 -156.215 154.213 0.00147331 22.5952 64.0385
-106.299 -156.102 154.533 0.00732338 22.6279 63.9308
-106.299 -155.989 154.853 0.0131474 22.6604 63.8234
-106.299 -155.875 155.171 0.0189454 22.6928 63.7161
-106.299 -155.762 155.49 0.0247174 22.725 63.609
