-75 75 75 0 0 -49
-75 74.9999 74.7549 -0.00603769 -0.0589204 -49.0587
-75.0001 74.9994 74.5094 -0.0120876 -0.117976 -49.1175
-75.0001 74.9987 74.2637 -0.0181498 -0.177166 -49.1763
-75.0002 74.9976 74.0176 -0.0242244 -0.236493 -49.2352
-75.0004 74.9963 73.7713 -0.0303115 -0.295956 -49.2941
-75.0005 74.9947 73.5247 -0.0364111 -0.355556 -49.3531
-75.0007 74.9928 73.2778 -0.0425234 -0.415293 -49.4121
-75.001 74.9905 73.0306 -0.0486484 -0.475169 -49.4711
-75.0012 74.988 72.7831 -0.0547862 -0.535183 -49.5302
-75.0015 74.9852 72.5353 -0.060937 -0.595337 -49.5893
-75.0018 74.982 72.2872 -0.0671007 -0.65563 -49.6485
-75.0022 74.9786 72.0388 -0.0732776 -0.716063 -49.7078
-75.0026 74.9749 71.7901 -0.0794676 -0.776637 -49.7671
-75.003 74.9709 71.5411 -0.0856709 -0.837352 -49.8264
-75.0034 74.9665 71.2918 -0.0918876 -0.89821 -49.8858
-75.0039 74.9619 71.0423 -0.0981178 -0.95921 -49.9452
-75.0044 74.9569 70.7924 -0.104361 -1.02035 -50.0047
-75.0049 74.9517 70.5422 -0.110619 -1.08164 -50.0642
-75.0055 74.9461 70.2918 -0.11689 -1.14307 -50.1237
-75.0061 74.9402 70.041 -0.123175 -1.20465 -50.1834
-75.0068 74.9341 69.7899 -0.129474 -1.26637 -50.243
-75.0074 74.9276 69.5386 -0.135786 -1.32823 -50.3027
-75.0081 74.9208 69.2869 -0.142113 -1.39025 -50.3625
-75.0088 74.9137 69.0349 -0.148455 -1.45241 -50.4223
-75.0096 74.9063 68.7827 -0.15481 -1.51472 -50.4821
-75.0104 74.8985 68.5301 -0.16118 -1.57718 -50.542
-75.0112 74.8905 68.2773 -0.167564 -1.63978 -50.602
-75.0121 74.8821 68.0241 -0.173963 -1.70254 -50.6619
-75.0129 74.8735 67.7706 -0.180377 -1.76544 -50.722
-75.0139 74.8645 67.5169 -0.186805 -1.8285 -50.7821
-75.0148 74.8552 67.2628 -0.193248 -1.89171 -50.8422
-75.0158 74.8456 67.0085 -0.199706 -1.95507 -50.9024
-75.0168 74.8356 66.7538 -0.20618 -2.01858 -50.9626
-75.0179 74.8254 66.4988 -0.212668 -2.08225 -51.0229
-75.0189 74.8148 66.2436 -0.219172 -2.14607 -51.0832
-75.0201 74.8039 65.988 -0.225691 -2.21005 -51.1436
-75.0212 74.7927 65.7321 -0.232225 -2.27418 -51.204
-75.0224 74.7812 65.476 -0.238775 -2.33847 -51.2644
-75.0236 74.7693 65.2195 -0.245341 -2.40291 -51.325
-75.0248 74.7571 64.9627 -0.251923 -2.46751 -51.3855
-75.0261 74.7446 64.7056 -0.25852 -2.53227 -51.4461
-75.0274 74.7318 64.4482 -0.265133 -2.59719 -51.5068
-75.0288 74.7187 64.1906 -0.271763 -2.66226 -51.5675
-75.0301 74.7052 63.9326 -0.278408 -2.7275 -51.6282
-75.0315 74.6914 63.6743 -0.28507 -2.7929 -51.689
-75.033 74.6773 63.4157 -0.291748 -2.85846 -51.7499
-75.0345 74.6628 63.1568 -0.298443 -2.92418 -51.8108
-75.036 74.648 62.8976 -0.305154 -2.99006 -51.8717
-75.0375 74.6329 62.6381 -0.311882 -3.05611 -51.9327
-75.0391 74.6175 62.3782 -0.318627 -3.12232 -51.9937
-75.0407 74.6017 62.1181 -0.325388 -3.18869 -52.0548
-75.0423 74.5856 61.8577 -0.332167 -3.25523 -52.116
-75.044 74.5691 61.597 -0.338963 -3.32194 -52.1772
-75.0457 74.5524 61.3359 -0.345775 -3.38882 -52.2384
-75.0475 74.5353 61.0746 -0.352606 -3.45586 -52.2997
-75.0493 74.5178 60.8129 -0.359453 -3.52307 -52.361
-75.0511 74.5 60.551 -0.366319 -3.59045 -52.4224
-75.0529 74.4819 60.2887 -0.373201 -3.658 -52.4838
-75.0548 74.4634 60.0261 -0.380102 -3.72572 -52.5453
-75.0567 74.4446 59.7633 -0.38702 -3.79361 -52.6068
-75.0587 74.4255 59.5001 -0.393957 -3.86168 -52.6684
-75.0607 74.406 59.2366 -0.400911 -3.92991 -52.73
-75.0627 74.3862 58.9728 -0.407884 -3.99832 -52.7916
-75.0647 74.366 58.7086 -0.414875 -4.06691 -52.8534
-75.0668 74.3455 58.4442 -0.421885 -4.13567 -52.9151
-75.069 74.3247 58.1795 -0.428913 -4.20461 -52.9769
-75.0711 74.3035 57.9145 -0.435959 -4.27372 -53.0388
-75.0733 74.282 57.6491 -0.443024 -4.34301 -53.1007
-75.0756 74.2601 57.3835 -0.450109 -4.41248 -53.1627
-75.0778 74.2378 57.1175 -0.457212 -4.48213 -53.2247
-75.0801 74.2152 56.8512 -0.464334 -4.55195 -53.2867
-75.0825 74.1923 56.5846 -0.471476 -4.62196 -53.3488
-75.0848 74.169 56.3177 -0.478637 -4.69215 -53.411
-75.0873 74.1454 56.0505 -0.485817 -4.76252 -53.4732
-75.0897 74.1214 55.783 -0.493017 -4.83308 -53.5355
-75.0922 74.0971 55.5152 -0.500236 -4.90382 -53.5978
-75.0947 74.0724 55.247 -0.507476 -4.97474 -53.6601
-75.0973 74.0473 54.9786 -0.514735 -5.04585 -53.7225
-75.0999 74.0219 54.7098 -0.522015 -5.11715 -53.7849
-75.1025 73.9961 54.4407 -0.529314 -5.18864 -53.8474
-75.1051 73.97 54.1713 -0.536634 -5.26031 -53.91
-75.1078 73.9435 53.9016 -0.543974 -5.33217 -53.9726
-75.1106 73.9167 53.6316 -0.551335 -5.40422 -54.0352
-75.1134 73.8895 53.3612 -0.558716 -5.47646 -54.0979
-75.1162 73.8619 53.0906 -0.566118 -5.5489 -54.1607
-75.119 73.834 52.8196 -0.573541 -5.62152 -54.2234
-75.1219 73.8057 52.5484 -0.580986 -5.69434 -54.2863
-75.1248 73.7771 52.2768 -0.588451 -5.76736 -54.3492
-75.1278 73.748 52.0049 -0.595937 -5.84057 -54.4121
-75.1308 73.7187 51.7327 -0.603445 -5.91397 -54.4751
-75.1338 73.6889 51.4601 -0.610975 -5.98757 -54.5381
-75.1369 73.6588 51.1873 -0.618526 -6.06137 -54.6012
-75.14 73.6283 50.9141 -0.626099 -6.13537 -54.6643
-75.1432 73.5974 50.6406 -0.633694 -6.20957 -54.7275
-75.1464 73.5662 50.3668 -0.641311 -6.28397 -54.7908
-75.1496 73.5346 50.0927 -0.64895 -6.35857 -54.854
-75.1528 73.5026 49.8183 -0.656611 -6.43338 -54.9174
-75.1561 73.4703 49.5436 -0.664295 -6.50838 -54.9807
-75.1595 73.4375 49.2685 -0.672001 -6.5836 -55.0442
-75.1629 73.4044 48.9931 -0.67973 -6.65901 -55.1076
-75.1663 73.3709 48.7174 -0.687482 -6.73464 -55.1712
-75.1697 73.3371 48.4414 -0.695257 -6.81047 -55.2347
-75.1732 73.3028 48.1651 -0.703055 -6.88651 -55.2984
-75.1768 73.2682 47.8884 -0.710877 -6.96276 -55.362
-75.1803 73.2332 47.6114 -0.718721 -7.03921 -55.4258
-75.184 73.1978 47.3342 -0.72659 -7.11589 -55.4895
-75.1876 73.162 47.0566 -0.734482 -7.19277 -55.5533
-75.1913 73.1259 46.7786 -0.742397 -7.26986 -55.6172
-75.195 73.0893 46.5004 -0.750337 -7.34717 -55.6811
-75.1988 73.0524 46.2218 -0.758301 -7.4247 -55.7451
-75.2026 73.0151 45.9429 -0.766289 -7.50244 -55.8091
-75.2065 72.9774 45.6637 -0.774301 -7.5804 -55.8732
-75.2104 72.9393 45.3842 -0.782338 -7.65858 -55.9373
-75.2143 72.9008 45.1044 -0.7904 -7.73698 -56.0015
-75.2183 72.8619 44.8242 -0.798486 -7.8156 -56.0657
-75.2223 72.8227 44.5437 -0.806597 -7.89444 -56.1299
-75.2263 72.783 44.2629 -0.814734 -7.9735 -56.1942
-75.2304 72.7429 43.9818 -0.822895 -8.05279 -56.2586
-75.2346 72.7025 43.7003 -0.831083 -8.1323 -56.323
-75.2387 72.6616 43.4185 -0.839295 -8.21204 -56.3875
-75.243 72.6203 43.1364 -0.847534 -8.292 -56.452
-75.2472 72.5787 42.854 -0.855798 -8.3722 -56.5165
-75.2515 72.5366 42.5713 -0.864088 -8.45262 -56.5811
-75.2559 72.4941 42.2882 -0.872405 -8.53327 -56.6458
-75.2602 72.4513 42.0048 -0.880747 -8.61415 -56.7105
-75.2647 72.408 41.7211 -0.889117 -8.69527 -56.7752
-75.2691 72.3643 41.437 -0.897512 -8.77662 -56.84
-75.2736 72.3202 41.1527 -0.905935 -8.85821 -56.9048
-75.2782 72.2757 40.868 -0.914385 -8.94003 -56.9697
-75.2828 72.2308 40.583 -0.922861 -9.02209 -57.0347
-75.2874 72.1855 40.2977 -0.931365 -9.10439 -57.0997
-75.2921 72.1398 40.012 -0.939897 -9.18693 -57.1647
-75.2968 72.0937 39.726 -0.948456 -9.2697 -57.2298
-75.3016 72.0471 39.4397 -0.957043 -9.35272 -57.2949
-75.3064 72.0001 39.1531 -0.965657 -9.43599 -57.3601
-75.3112 71.9527 38.8661 -0.9743 -9.5195 -57.4253
-75.3161 71.9049 38.5788 -0.982971 -9.60325 -57.4906
-75.3211 71.8567 38.2912 -0.991671 -9.68725 -57.556
-75.3261 71.8081 38.0032 -1.0004 -9.7715 -57.6213
-75.3311 71.759 37.715 -1.00916 -9.856 -57.6868
-75.3361 71.7095 37.4264 -1.01794 -9.94075 -57.7522
-75.3413 71.6596 37.1375 -1.02676 -10.0257 -57.8177
-75.3464 71.6092 36.8482 -1.0356 -10.111 -57.8833
-75.3516 71.5585 36.5586 -1.04447 -10.1965 -57.9489
-75.3569 71.5073 36.2687 -1.05338 -10.2823 -58.0146
-75.3621 71.4557 35.9785 -1.06231 -10.3683 -58.0803
-75.3675 71.4036 35.6879 -1.07127 -10.4546 -58.1461
-75.3729 71.3511 35.397 -1.08027 -10.5411 -58.2119
-75.3783 71.2982 35.1058 -1.08929 -10.6279 -58.2777
-75.3838 71.2448 34.8142 -1.09835 -10.715 -58.3436
-75.3893 71.191 34.5224 -1.10743 -10.8023 -58.4096
-75.3948 71.1368 34.2301 -1.11655 -10.8899 -58.4756
-75.4004 71.0821 33.9376 -1.12569 -10.9778 -58.5416
-75.4061 71.027 33.6447 -1.13487 -11.0659 -58.6077
-75.4118 70.9715 33.3515 -1.14408 -11.1543 -58.6738
-75.4175 70.9155 33.058 -1.15332 -11.2429 -58.74
-75.4233 70.8591 32.7641 -1.16259 -11.3319 -58.8063
-75.4292 70.8022 32.4699 -1.1719 -11.4211 -58.8725
-75.435 70.7448 32.1754 -1.18124 -11.5106 -58.9389
-75.441 70.6871 31.8805 -1.19061 -11.6003 -59.0052
-75.4469 70.6288 31.5853 -1.20001 -11.6904 -59.0716
-75.453 70.5702 31.2898 -1.20945 -11.7807 -59.1381
-75.459 70.511 30.994 -1.21891 -11.8713 -59.2046
-75.4652 70.4515 30.6978 -1.22842 -11.9622 -59.2712
-75.4713 70.3914 30.4012 -1.23795 -12.0533 -59.3378
-75.4775 70.3309 30.1044 -1.24752 -12.1448 -59.4044
-75.4838 70.27 29.8072 -1.25712 -12.2365 -59.4711
-75.4901 70.2086 29.5097 -1.26676 -12.3285 -59.5379
-75.4965 70.1467 29.2118 -1.27643 -12.4208 -59.6046
-75.5029 70.0843 28.9136 -1.28613 -12.5134 -59.6715
-75.5093 70.0215 28.6151 -1.29587 -12.6063 -59.7383
-75.5158 69.9583 28.3163 -1.30565 -12.6995 -59.8053
-75.5224 69.8946 28.0171 -1.31546 -12.793 -59.8722
-75.529 69.8304 27.7175 -1.3253 -12.8868 -59.9392
-75.5356 69.7657 27.4177 -1.33518 -12.9809 -60.0063
-75.5423 69.7005 27.1175 -1.3451 -13.0752 -60.0734
-75.5491 69.6349 26.8169 -1.35505 -13.1699 -60.1405
-75.5559 69.5688 26.5161 -1.36504 -13.2649 -60.2077
-75.5627 69.5023 26.2149 -1.37507 -13.3602 -60.275
-75.5696 69.4352 25.9133 -1.38513 -13.4558 -60.3422
-75.5766 69.3677 25.6114 -1.39523 -13.5517 -60.4096
-75.5836 69.2997 25.3092 -1.40536 -13.6479 -60.4769
-75.5906 69.2312 25.0067 -1.41554 -13.7444 -60.5443
-75.5978 69.1623 24.7038 -1.42575 -13.8413 -60.6118
-75.6049 69.0928 24.4005 -1.43599 -13.9384 -60.6793
-75.6121 69.0229 24.097 -1.44628 -14.0359 -60.7468
-75.6194 68.9525 23.7931 -1.45661 -14.1337 -60.8144
-75.6267 68.8816 23.4888 -1.46697 -14.2318 -60.882
-75.634 68.8102 23.1843 -1.47737 -14.3302 -60.9497
-75.6415 68.7383 22.8793 -1.48781 -14.429 -61.0174
-75.6489 68.6659 22.5741 -1.49829 -14.5281 -61.0851
-75.6564 68.593 22.2685 -1.50881 -14.6275 -61.1529
-75.664 68.5196 21.9626 -1.51937 -14.7272 -61.2208
-75.6716 68.4457 21.6563 -1.52997 -14.8273 -61.2886
-75.6793 68.3713 21.3497 -1.54061 -14.9277 -61.3565
-75.687 68.2964 21.0427 -1.55129 -15.0284 -61.4245
-75.6948 68.221 20.7354 -1.56201 -15.1295 -61.4925
-75.7027 68.1451 20.4278 -1.57277 -15.2309 -61.5605
-75.7105 68.0687 20.1198 -1.58358 -15.3327 -61.6286
-75.7185 67.9918 19.8115 -1.59442 -15.4348 -61.6967
-75.7265 67.9144 19.5029 -1.60531 -15.5372 -61.7649
-75.7345 67.8364 19.1939 -1.61624 -15.64 -61.8331
-75.7427 67.758 18.8845 -1.62721 -15.7431 -61.9013
-75.7508 67.679 18.5748 -1.63822 -15.8466 -61.9696
-75.759 67.5995 18.2648 -1.64928 -15.9504 -62.0379
-75.7673 67.5195 17.9545 -1.66038 -16.0546 -62.1063
-75.7756 67.439 17.6438 -1.67152 -16.1591 -62.1747
-75.784 67.3579 17.3327 -1.68271 -16.264 -62.2431
-75.7925 67.2763 17.0213 -1.69394 -16.3693 -62.3116
-75.801 67.1942 16.7096 -1.70522 -16.4749 -62.3801
-75.8095 67.1116 16.3975 -1.71654 -16.5809 -62.4486
-75.8181 67.0284 16.0851 -1.7279 -16.6872 -62.5172
-75.8268 66.9447 15.7724 -1.73931 -16.7939 -62.5858
-75.8355 66.8605 15.4593 -1.75077 -16.901 -62.6544
-75.8443 66.7757 15.1458 -1.76227 -17.0084 -62.7231
-75.8532 66.6904 14.832 -1.77381 -17.1163 -62.7919
-75.862 66.6045 14.5179 -1.78541 -17.2245 -62.8606
-75.871 66.5181 14.2034 -1.79705 -17.3331 -62.9294
-75.88 66.4312 13.8886 -1.80874 -17.442 -62.9982
-75.8891 66.3437 13.5734 -1.82047 -17.5514 -63.0671
-75.8982 66.2557 13.2579 -1.83225 -17.6611 -63.136
-75.9074 66.1671 12.9421 -1.84408 -17.7712 -63.2049
-75.9167 66.078 12.6259 -1.85596 -17.8817 -63.2739
-75.926 65.9883 12.3093 -1.86789 -17.9926 -63.3429
-75.9353 65.8981 11.9925 -1.87986 -18.1039 -63.4119
-75.9448 65.8073 11.6752 -1.89189 -18.2156 -63.481
-75.9543 65.7159 11.3576 -1.90396 -18.3276 -63.5501
-75.9638 65.624 11.0397 -1.91609 -18.4401 -63.6192
-75.9734 65.5315 10.7215 -1.92826 -18.553 -63.6883
-75.9831 65.4385 10.4028 -1.94049 -18.6663 -63.7575
-75.9928 65.3448 10.0839 -1.95276 -18.78 -63.8267
-76.0026 65.2507 9.76457 -1.96509 -18.8941 -63.896
-76.0125 65.1559 9.44492 -1.97747 -19.0086 -63.9653
-76.0224 65.0606 9.12492 -1.9899 -19.1235 -64.0346
-76.0324 64.9647 8.80457 -2.00238 -19.2389 -64.1039
-76.0424 64.8682 8.48388 -2.01492 -19.3546 -64.1733
-76.0525 64.7711 8.16284 -2.02751 -19.4708 -64.2427
-76.0627 64.6735 7.84145 -2.04015 -19.5874 -64.3121
-76.0729 64.5752 7.51972 -2.05285 -19.7045 -64.3815
-76.0832 64.4764 7.19764 -2.0656 -19.822 -64.451
-76.0936 64.377 6.87521 -2.0784 -19.9399 -64.5205
-76.104 64.277 6.55243 -2.09126 -20.0582 -64.59
-76.1145 64.1764 6.22931 -2.10418 -20.177 -64.6595
-76.1251 64.0753 5.90584 -2.11715 -20.2962 -64.7291
-76.1357 63.9735 5.58202 -2.13017 -20.4158 -64.7987
-76.1464 63.8711 5.25785 -2.14326 -20.5359 -64.8683
-76.1571 63.7681 4.93334 -2.1564 -20.6565 -64.938
-76.1679 63.6645 4.60847 -2.16959 -20.7775 -65.0076
-76.1788 63.5603 4.28326 -2.18285 -20.8989 -65.0773
-76.1898 63.4555 3.9577 -2.19616 -21.0208 -65.147
-76.2008 63.3501 3.63179 -2.20953 -21.1432 -65.2167
-76.2119 63.2441 3.30553 -2.22296 -21.266 -65.2865
-76.223 63.1375 2.97893 -2.23645 -21.3893 -65.3562
-76.2342 63.0302 2.65197 -2.25 -21.5131 -65.426
-76.2455 62.9223 2.32467 -2.26361 -21.6373 -65.4958
-76.2569 62.8139 1.99701 -2.27728 -21.762 -65.5656
-76.2683 62.7047 1.66901 -2.29101 -21.8871 -65.6354
-76.2798 62.595 1.34066 -2.3048 -22.0128 -65.7053
-76.2913 62.4846 1.01196 -2.31865 -22.1389 -65.7752
-76.303 62.3736 0.682907 -2.33257 -22.2655 -65.845
-76.3146 62.2619 0.353508 -2.34654 -22.3926 -65.9149
-76.3264 62.1497 0.0237583 -2.36059 -22.5202 -65.9848
-76.3383 62.0367 -0.306341 -2.37469 -22.6483 -66.0548
-76.3502 61.9232 -0.636789 -2.38886 -22.7769 -66.1247
-76.3621 61.809 -0.967587 -2.4031 -22.906 -66.1946
-76.3742 61.6941 -1.29874 -2.41739 -23.0356 -66.2646
-76.3863 61.5786 -1.63023 -2.43176 -23.1656 -66.3345
-76.3985 61.4625 -1.96208 -2.44619 -23.2962 -66.4045
-76.4108 61.3457 -2.29428 -2.46069 -23.4274 -66.4745
-76.4231 61.2282 -2.62683 -2.47525 -23.559 -66.5445
-76.4355 61.1101 -2.95972 -2.48988 -23.6911 -66.6145
-76.448 60.9913 -3.29297 -2.50458 -23.8238 -66.6845
-76.4606 60.8718 -3.62657 -2.51935 -23.957 -66.7545
-76.4732 60.7517 -3.96051 -2.53419 -24.0907 -66.8245
-76.4859 60.6309 -4.29481 -2.54909 -24.2249 -66.8945
-76.4987 60.5095 -4.62946 -2.56407 -24.3597 -66.9646
-76.5116 60.3873 -4.96446 -2.57912 -24.495 -67.0346
-76.5245 60.2645 -5.29981 -2.59424 -24.6309 -67.1046
-76.5375 60.141 -5.6355 -2.60943 -24.7673 -67.1746
-76.5506 60.0168 -5.97155 -2.62469 -24.9043 -67.2446
-76.5638 59.892 -6.30795 -2.64003 -25.0418 -67.3147
-76.577 59.7664 -6.6447 -2.65543 -25.1798 -67.3847
-76.5903 59.6402 -6.9818 -2.67092 -25.3184 -67.4547
-76.6037 59.5132 -7.31924 -2.68647 -25.4576 -67.5247
-76.6172 59.3856 -7.65704 -2.70211 -25.5974 -67.5947
-76.6307 59.2573 -7.99519 -2.71782 -25.7377 -67.6647
-76.6444 59.1282 -8.33369 -2.7336 -25.8786 -67.7347
-76.6581 58.9985 -8.67254 -2.74946 -26.0201 -67.8047
-76.6719 58.868 -9.01174 -2.7654 -26.1621 -67.8747
-76.6857 58.7369 -9.35129 -2.78141 -26.3048 -67.9447
-76.6997 58.605 -9.69118 -2.79751 -26.448 -68.0146
-76.7137 58.4724 -10.0314 -2.81368 -26.5918 -68.0846
-76.7278 58.3391 -10.372 -2.82994 -26.7362 -68.1545
-76.742 58.205 -10.713 -2.84627 -26.8812 -68.2245
-76.7563 58.0702 -11.0543 -2.86269 -27.0268 -68.2944
-76.7706 57.9348 -11.3959 -2.87919 -27.1731 -68.3643
-76.7851 57.7985 -11.7379 -2.89577 -27.3199 -68.4342
-76.7996 57.6616 -12.0803 -2.91243 -27.4674 -68.504
-76.8142 57.5238 -12.423 -2.92917 -27.6154 -68.5739
-76.8289 57.3854 -12.766 -2.946 -27.7641 -68.6437
-76.8436 57.2462 -13.1094 -2.96292 -27.9134 -68.7135
-76.8585 57.1063 -13.4531 -2.97992 -28.0634 -68.7833
-76.8734 56.9656 -13.7972 -2.99701 -28.214 -68.853
-76.8885 56.8241 -14.1417 -3.01418 -28.3652 -68.9228
-76.9036 56.6819 -14.4865 -3.03144 -28.5171 -68.9925
-76.9188 56.539 -14.8316 -3.04879 -28.6696 -69.0622
-76.9341 56.3952 -15.1771 -3.06622 -28.8227 -69.1318
-76.9495 56.2507 -15.5229 -3.08375 -28.9766 -69.2015
-76.9649 56.1055 -15.8691 -3.10136 -29.131 -69.2711
-76.9805 55.9594 -16.2156 -3.11907 -29.2862 -69.3406
-76.9961 55.8126 -16.5625 -3.13686 -29.442 -69.4101
-77.0118 55.665 -16.9097 -3.15475 -29.5984 -69.4796
-77.0277 55.5166 -17.2573 -3.17273 -29.7556 -69.5491
-77.0436 55.3674 -17.6052 -3.1908 -29.9134 -69.6185
-77.0596 55.2175 -17.9535 -3.20897 -30.0719 -69.6879
-77.0757 55.0667 -18.3021 -3.22723 -30.2311 -69.7572
-77.0918 54.9152 -18.651 -3.24558 -30.391 -69.8265
-77.1081 54.7628 -19.0004 -3.26403 -30.5516 -69.8957
-77.1245 54.6097 -19.35 -3.28258 -30.7128 -69.9649
-77.1409 54.4557 -19.7 -3.30122 -30.8748 -70.0341
-77.1575 54.3009 -20.0503 -3.31996 -31.0375 -70.1032
-77.1741 54.1453 -20.401 -3.3388 -31.2009 -70.1722
-77.1909 53.9889 -20.7521 -3.35774 -31.365 -70.2412
-77.2077 53.8317 -21.1034 -3.37678 -31.5299 -70.3101
-77.2246 53.6736 -21.4552 -3.39591 -31.6954 -70.379
-77.2417 53.5147 -21.8072 -3.41515 -31.8617 -70.4478
-77.2588 53.355 -22.1596 -3.43449 -32.0287 -70.5165
-77.276 53.1944 -22.5124 -3.45393 -32.1965 -70.5852
-77.2933 53.033 -22.8655 -3.47348 -32.365 -70.6538
-77.3108 52.8708 -23.2189 -3.49313 -32.5343 -70.7223
-77.3283 52.7077 -23.5727 -3.51288 -32.7043 -70.7908
-77.3459 52.5437 -23.9268 -3.53274 -32.8751 -70.8591
-77.3636 52.3789 -24.2813 -3.55271 -33.0466 -70.9274
-77.3814 52.2133 -24.6361 -3.57278 -33.2189 -70.9957
-77.3993 52.0467 -24.9913 -3.59297 -33.392 -71.0638
-77.4173 51.8793 -25.3468 -3.61326 -33.5659 -71.1319
-77.4355 51.7111 -25.7026 -3.63366 -33.7406 -71.1998
-77.4537 51.5419 -26.0588 -3.65417 -33.916 -71.2677
-77.472 51.3719 -26.4153 -3.67479 -34.0922 -71.3355
-77.4904 51.201 -26.7721 -3.69553 -34.2693 -71.4032
-77.509 51.0292 -27.1293 -3.71637 -34.4471 -71.4708
-77.5276 50.8565 -27.4868 -3.73734 -34.6258 -71.5383
-77.5463 50.683 -27.8447 -3.75841 -34.8052 -71.6057
-77.5652 50.5085 -28.2029 -3.77961 -34.9855 -71.673
-77.5841 50.3331 -28.5614 -3.80091 -35.1666 -71.7401
-77.6032 50.1568 -28.9203 -3.82234 -35.3486 -71.8072
-77.6224 49.9796 -29.2795 -3.84389 -35.5314 -71.8742
-77.6416 49.8015 -29.639 -3.86555 -35.715 -71.941
-77.661 49.6225 -29.9989 -3.88734 -35.8995 -72.0077
-77.6805 49.4425 -30.3591 -3.90924 -36.0848 -72.0743
-77.7001 49.2616 -30.7196 -3.93127 -36.271 -72.1408
-77.7198 49.0798 -31.0805 -3.95342 -36.4581 -72.2071
-77.7396 48.897 -31.4417 -3.9757 -36.646 -72.2733
-77.7596 48.7133 -31.8032 -3.9981 -36.8349 -72.3394
-77.7796 48.5287 -32.1651 -4.02063 -37.0246 -72.4053
-77.7998 48.3431 -32.5273 -4.04328 -37.2151 -72.4711
-77.8201 48.1565 -32.8898 -4.06607 -37.4066 -72.5368
-77.8404 47.969 -33.2527 -4.08898 -37.599 -72.6023
-77.8609 47.7806 -33.6158 -4.11202 -37.7923 -72.6676
-77.8816 47.5911 -33.9793 -4.1352 -37.9865 -72.7328
-77.9023 47.4007 -34.3432 -4.1585 -38.1817 -72.7979
-77.9231 47.2093 -34.7073 -4.18195 -38.3778 -72.8627
-77.9441 47.0169 -35.0718 -4.20552 -38.5747 -72.9275
-77.9652 46.8235 -35.4366 -4.22923 -38.7727 -72.992
-77.9864 46.6292 -35.8017 -4.25308 -38.9716 -73.0564
-78.0077 46.4338 -36.1671 -4.27706 -39.1714 -73.1206
-78.0292 46.2375 -36.5329 -4.30119 -39.3722 -73.1846
-78.0507 46.0401 -36.899 -4.32545 -39.574 -73.2484
-78.0724 45.8417 -37.2654 -4.34986 -39.7767 -73.312
-78.0942 45.6423 -37.6321 -4.37441 -39.9804 -73.3755
-78.1162 45.4419 -37.9991 -4.3991 -40.1852 -73.4387
-78.1382 45.2405 -38.3665 -4.42394 -40.3909 -73.5018
-78.1604 45.038 -38.7342 -4.44892 -40.5976 -73.5646
-78.1827 44.8345 -39.1021 -4.47405 -40.8053 -73.6272
-78.2052 44.63 -39.4704 -4.49933 -41.014 -73.6896
-78.2277 44.4244 -39.839 -4.52476 -41.2237 -73.7518
-78.2504 44.2177 -40.208 -4.55034 -41.4345 -73.8138
-78.2732 44.01 -40.5772 -4.57608 -41.6463 -73.8756
-78.2962 43.8013 -40.9467 -4.60196 -41.8592 -73.9371
-78.3192 43.5914 -41.3165 -4.628 -42.0731 -73.9984
-78.3425 43.3805 -41.6867 -4.6542 -42.288 -74.0594
-78.3658 43.1686 -42.0571 -4.68055 -42.5041 -74.1202
-78.3893 42.9555 -42.4279 -4.70707 -42.7212 -74.1807
-78.4129 42.7414 -42.7989 -4.73374 -42.9394 -74.241
-78.4366 42.5261 -43.1703 -4.76058 -43.1586 -74.301
-78.4605 42.3098 -43.542 -4.78758 -43.379 -74.3608
-78.4845 42.0923 -43.9139 -4.81474 -43.6005 -74.4202
-78.5086 41.8738 -44.2862 -4.84207 -43.823 -74.4794
-78.5329 41.6541 -44.6587 -4.86956 -44.0467 -74.5384
-78.5573 41.4333 -45.0315 -4.89722 -44.2716 -74.597
-78.5819 41.2114 -45.4047 -4.92506 -44.4975 -74.6553
-78.6066 40.9883 -45.7781 -4.95306 -44.7246 -74.7134
-78.6314 40.7641 -46.1518 -4.98124 -44.9529 -74.7711
-78.6564 40.5388 -46.5258 -5.00959 -45.1823 -74.8285
-78.6815 40.3123 -46.9001 -5.03812 -45.4129 -74.8856
-78.7068 40.0847 -47.2747 -5.06683 -45.6447 -74.9424
-78.7322 39.8559 -47.6495 -5.09571 -45.8776 -74.9988
-78.7577 39.6259 -48.0246 -5.12478 -46.1117 -75.0549
-78.7834 39.3947 -48.4001 -5.15402 -46.3471 -75.1107
-78.8093 39.1624 -48.7758 -5.18345 -46.5836 -75.1661
-78.8352 38.9289 -49.1517 -5.21307 -46.8214 -75.2211
-78.8614 38.6942 -49.528 -5.24287 -47.0604 -75.2758
-78.8877 38.4583 -49.9045 -5.27286 -47.3006 -75.3301
-78.9141 38.2212 -50.2813 -5.30304 -47.5421 -75.3841
-78.9407 37.9829 -50.6583 -5.33342 -47.7849 -75.4376
-78.9674 37.7433 -51.0356 -5.36398 -48.0289 -75.4908
-78.9943 37.5026 -51.4132 -5.39474 -48.2741 -75.5436
-79.0214 37.2606 -51.7911 -5.4257 -48.5207 -75.5959
-79.0486 37.0174 -52.1692 -5.45686 -48.7685 -75.6479
-79.076 36.7729 -52.5476 -5.48821 -49.0177 -75.6994
-79.1035 36.5272 -52.9262 -5.51977 -49.2681 -75.7505
-79.1312 36.2802 -53.3051 -5.55153 -49.5199 -75.8011
-79.159 36.032 -53.6842 -5.5835 -49.773 -75.8513
-79.187 35.7825 -54.0636 -5.61568 -50.0274 -75.9011
-79.2152 35.5317 -54.4432 -5.64806 -50.2832 -75.9504
-79.2435 35.2797 -54.8231 -5.68066 -50.5404 -75.9992
-79.272 35.0263 -55.2032 -5.71346 -50.7989 -76.0475
-79.3006 34.7717 -55.5835 -5.74649 -51.0588 -76.0954
-79.3294 34.5157 -55.9641 -5.77973 -51.3201 -76.1428
-79.3584 34.2585 -56.345 -5.81319 -51.5828 -76.1896
-79.3876 33.9999 -56.726 -5.84686 -51.8468 -76.2359
-79.4169 33.74 -57.1073 -5.88077 -52.1124 -76.2817
-79.4464 33.4788 -57.4889 -5.91489 -52.3793 -76.327
-79.476 33.2162 -57.8706 -5.94924 -52.6477 -76.3717
-79.5059 32.9523 -58.2526 -5.98383 -52.9175 -76.4159
-79.5359 32.6871 -58.6348 -6.01864 -53.1888 -76.4595
-79.5661 32.4204 -59.0172 -6.05368 -53.4615 -76.5026
-79.5964 32.1524 -59.3998 -6.08896 -53.7358 -76.545
-79.6269 31.8831 -59.7826 -6.12447 -54.0115 -76.5869
-79.6577 31.6123 -60.1657 -6.16023 -54.2887 -76.6281
-79.6885 31.3402 -60.5489 -6.19622 -54.5675 -76.6687
-79.7196 31.0667 -60.9323 -6.23246 -54.8478 -76.7087
-79.7509 30.7917 -61.316 -6.26894 -55.1296 -76.7481
-79.7823 30.5154 -61.6998 -6.30568 -55.4129 -76.7868
-79.8139 30.2376 -62.0839 -6.34266 -55.6979 -76.8248
-79.8457 29.9584 -62.4681 -6.37989 -55.9843 -76.8622
-79.8777 29.6777 -62.8525 -6.41738 -56.2724 -76.8989
-79.9099 29.3957 -63.2371 -6.45512 -56.5621 -76.9349
-79.9423 29.1121 -63.6218 -6.49312 -56.8533 -76.9701
-79.9748 28.8271 -64.0068 -6.53138 -57.1462 -77.0047
-80.0076 28.5407 -64.3919 -6.56991 -57.4408 -77.0385
-80.0405 28.2527 -64.7771 -6.6087 -57.7369 -77.0715
-80.0737 27.9633 -65.1626 -6.64776 -58.0347 -77.1038
-80.107 27.6724 -65.5482 -6.68709 -58.3342 -77.1353
-80.1406 27.3799 -65.9339 -6.7267 -58.6353 -77.166
-80.1743 27.086 -66.3198 -6.76658 -58.9382 -77.196
-80.2082 26.7906 -66.7059 -6.80674 -59.2427 -77.225
-80.2424 26.4936 -67.0921 -6.84717 -59.549 -77.2533
-80.2767 26.1951 -67.4784 -6.88789 -59.857 -77.2807
-80.3112 25.895 -67.8649 -6.9289 -60.1667 -77.3072
-80.346 25.5934 -68.2515 -6.9702 -60.4781 -77.3329
-80.3809 25.2902 -68.6382 -7.01178 -60.7914 -77.3577
-80.4161 24.9855 -69.0251 -7.05366 -61.1064 -77.3815
-80.4515 24.6792 -69.412 -7.09583 -61.4232 -77.4044
-80.4871 24.3713 -69.7991 -7.1383 -61.7418 -77.4264
-80.5229 24.0618 -70.1863 -7.18108 -62.0622 -77.4474
-80.5589 23.7506 -70.5736 -7.22415 -62.3844 -77.4674
-80.5951 23.4379 -70.961 -7.26754 -62.7085 -77.4865
-80.6315 23.1236 -71.3485 -7.31123 -63.0345 -77.5045
-80.6682 22.8076 -71.736 -7.35524 -63.3623 -77.5215
-80.7051 22.4899 -72.1237 -7.39956 -63.6919 -77.5374
-80.7422 22.1707 -72.5114 -7.44419 -64.0235 -77.5523
-80.7795 21.8497 -72.8992 -7.48915 -64.357 -77.5661
-80.8171 21.5271 -73.2871 -7.53443 -64.6924 -77.5788
-80.8549 21.2028 -73.675 -7.58004 -65.0298 -77.5903
-80.8929 20.8768 -74.063 -7.62597 -65.3691 -77.6007
-80.9311 20.5491 -74.451 -7.67224 -65.7103 -77.61
-80.9696 20.2197 -74.8391 -7.71884 -66.0535 -77.618
-81.0083 19.8886 -75.2272 -7.76578 -66.3988 -77.6248
-81.0473 19.5557 -75.6153 -7.81306 -66.746 -77.6305
-81.0865 19.2211 -76.0035 -7.86069 -67.0952 -77.6348
-81.1259 18.8847 -76.3916 -7.90866 -67.4465 -77.6379
-81.1656 18.5466 -76.7798 -7.95698 -67.7998 -77.6397
-81.2055 18.2067 -77.168 -8.00566 -68.1552 -77.6401
-81.2456 17.8651 -77.5562 -8.05469 -68.5126 -77.6393
-81.286 17.5216 -77.9444 -8.10408 -68.8722 -77.637
-81.3267 17.1764 -78.3326 -8.15383 -69.2338 -77.6334
-81.3675 16.8293 -78.7208 -8.20394 -69.5976 -77.6283
-81.4087 16.4804 -79.1089 -8.25443 -69.9634 -77.6218
-81.4501 16.1296 -79.497 -8.30528 -70.3315 -77.6139
-81.4917 15.7771 -79.885 -8.35652 -70.7017 -77.6044
-81.5337 15.4226 -80.273 -8.40813 -71.074 -77.5935
-81.5758 15.0663 -80.661 -8.46012 -71.4486 -77.581
-81.6183 14.7081 -81.0488 -8.51249 -71.8253 -77.5669
-81.661 14.3481 -81.4366 -8.56525 -72.2043 -77.5512
-81.7039 13.9861 -81.8244 -8.61841 -72.5855 -77.5339
-81.7471 13.6222 -82.212 -8.67196 -72.9689 -77.5149
-81.7906 13.2564 -82.5995 -8.7259 -73.3546 -77.4943
-81.8344 12.8887 -82.9869 -8.78025 -73.7426 -77.4719
-81.8784 12.519 -83.3742 -8.835 -74.1329 -77.4478
-81.9228 12.1473 -83.7614 -8.89016 -74.5254 -77.4219
-81.9673 11.7737 -84.1484 -8.94573 -74.9203 -77.3942
-82.0122 11.3981 -84.5353 -9.00171 -75.3175 -77.3646
-82.0574 11.0206 -84.9221 -9.05812 -75.7171 -77.3332
-82.1028 10.641 -85.3087 -9.11494 -76.119 -77.2999
-82.1485 10.2594 -85.6951 -9.17219 -76.5232 -77.2646
-82.1945 9.87574 -86.0813 -9.22986 -76.9299 -77.2274
-82.2408 9.49008 -86.4674 -9.28797 -77.339 -77.1881
-82.2874 9.10236 -86.8532 -9.34651 -77.7505 -77.1468
-82.3343 8.71257 -87.2388 -9.4055 -78.1644 -77.1035
-82.3814 8.32071 -87.6242 -9.46492 -78.5808 -77.058
-82.4289 7.92676 -88.0094 -9.52479 -78.9996 -77.0103
-82.4767 7.53072 -88.3943 -9.58511 -79.4209 -76.9605
-82.5248 7.13256 -88.779 -9.64588 -79.8446 -76.9084
-82.5732 6.73227 -89.1634 -9.7071 -80.2709 -76.8541
-82.6218 6.32985 -89.5475 -9.76879 -80.6997 -76.7974
-82.6708 5.92528 -89.9314 -9.83094 -81.131 -76.7384
-82.7202 5.51854 -90.3149 -9.89355 -81.5648 -76.677
-82.7698 5.10963 -90.6982 -9.95664 -82.0012 -76.6132
-82.8197 4.69853 -91.0811 -10.0202 -82.4401 -76.5469
-82.87 4.28523 -91.4636 -10.0842 -82.8816 -76.4781
-82.9206 3.86971 -91.8458 -10.1487 -83.3257 -76.4067
-82.9715 3.45197 -92.2277 -10.2137 -83.7724 -76.3327
-83.0227 3.03199 -92.6092 -10.2792 -84.2217 -76.256
-83.0743 2.60976 -92.9902 -10.3452 -84.6737 -76.1767
-83.1262 2.18525 -93.3709 -10.4117 -85.1282 -76.0945
-83.1784 1.75847 -93.7512 -10.4786 -85.5854 -76.0096
-83.2309 1.3294 -94.131 -10.5461 -86.0453 -75.9219
-83.2838 0.898022 -94.5104 -10.6141 -86.5078 -75.8312
-83.3371 0.464324 -94.8893 -10.6826 -86.973 -75.7376
-83.3907 0.0282931 -95.2678 -10.7516 -87.4409 -75.641
-83.4446 -0.410084 -95.6457 -10.8211 -87.9115 -75.5413
-83.4989 -0.850821 -96.0232 -10.8911 -88.3848 -75.4386
-83.5535 -1.29393 -96.4001 -10.9616 -88.8607 -75.3326
-83.6085 -1.73943 -96.7765 -11.0327 -89.3395 -75.2235
-83.6638 -2.18732 -97.1524 -11.1043 -89.8209 -75.1111
-83.7195 -2.63763 -97.5276 -11.1764 -90.3051 -74.9953
-83.7756 -3.09037 -97.9023 -11.2491 -90.792 -74.8762
-83.832 -3.54555 -98.2764 -11.3223 -91.2816 -74.7536
-83.8888 -4.00319 -98.6498 -11.396 -91.7741 -74.6276
-83.946 -4.46329 -99.0227 -11.4703 -92.2693 -74.4979
-84.0035 -4.92588 -99.3948 -11.5451 -92.7672 -74.3646
-84.0614 -5.39096 -99.7663 -11.6205 -93.2679 -74.2277
-84.1197 -5.85856 -100.137 -11.6964 -93.7714 -74.0869
-84.1784 -6.32868 -100.507 -11.7729 -94.2777 -73.9424
-84.2375 -6.80133 -100.877 -11.8499 -94.7867 -73.794
-84.2969 -7.27654 -101.245 -11.9275 -95.2986 -73.6416
-84.3567 -7.75432 -101.613 -12.0056 -95.8132 -73.4852
-84.417 -8.23467 -101.98 -12.0844 -96.3306 -73.3247
-84.4776 -8.71762 -102.346 -12.1636 -96.8508 -73.1601
-84.5386 -9.20318 -102.712 -12.2435 -97.3737 -72.9912
-84.6 -9.69136 -103.076 -12.3239 -97.8995 -72.818
-84.6618 -10.1822 -103.44 -12.4049 -98.428 -72.6404
-84.7241 -10.6756 -103.802 -12.4864 -98.9593 -72.4584
-84.7867 -11.1718 -104.164 -12.5686 -99.4933 -72.2719
-84.8498 -11.6706 -104.525 -12.6513 -100.03 -72.0808
-84.9132 -12.1721 -104.885 -12.7346 -100.57 -71.885
-84.9771 -12.6763 -105.244 -12.8185 -101.112 -71.6844
-85.0414 -13.1832 -105.602 -12.9029 -101.657 -71.479
-85.1061 -13.6928 -105.959 -12.988 -102.205 -71.2686
-85.1713 -14.2052 -106.315 -13.0736 -102.755 -71.0533
-85.2369 -14.7204 -106.669 -13.1598 -103.309 -70.8329
-85.3029 -15.2383 -107.023 -13.2466 -103.865 -70.6073
-85.3693 -15.759 -107.375 -13.334 -104.423 -70.3764
-85.4362 -16.2825 -107.727 -13.4219 -104.984 -70.1402
-85.5036 -16.8089 -108.077 -13.5105 -105.548 -69.8986
-85.5713 -17.338 -108.426 -13.5996 -106.115 -69.6515
-85.6395 -17.87 -108.773 -13.6893 -106.684 -69.3987
-85.7082 -18.4049 -109.12 -13.7797 -107.256 -69.1403
-85.7773 -18.9426 -109.465 -13.8705 -107.83 -68.876
-85.8469 -19.4832 -109.808 -13.962 -108.407 -68.6059
-85.917 -20.0266 -110.151 -14.0541 -108.986 -68.3298
-85.9875 -20.573 -110.492 -14.1467 -109.568 -68.0476
-86.0584 -21.1223 -110.831 -14.24 -110.152 -67.7592
-86.1299 -21.6746 -111.169 -14.3338 -110.739 -67.4645
-86.2018 -22.2297 -111.506 -14.4281 -111.328 -67.1635
-86.2741 -22.7878 -111.841 -14.5231 -111.92 -66.856
-86.347 -23.3489 -112.175 -14.6186 -112.513 -66.542
-86.4203 -23.913 -112.506 -14.7147 -113.109 -66.2213
-86.4941 -24.48 -112.837 -14.8113 -113.707 -65.8937
-86.5684 -25.05 -113.165 -14.9086 -114.308 -65.5594
-86.6432 -25.6231 -113.492 -15.0063 -114.91 -65.218
-86.7185 -26.1991 -113.818 -15.1047 -115.515 -64.8695
-86.7943 -26.7782 -114.141 -15.2035 -116.122 -64.5138
-86.8705 -27.3603 -114.463 -15.3029 -116.73 -64.1509
-86.9473 -27.9455 -114.783 -15.4029 -117.341 -63.7805
-87.0246 -28.5338 -115.1 -15.5034 -117.953 -63.4026
-87.1023 -29.1251 -115.417 -15.6044 -118.567 -63.017
-87.1806 -29.7194 -115.731 -15.7059 -119.183 -62.6238
-87.2594 -30.3169 -116.043 -15.808 -119.801 -62.2226
-87.3387 -30.9174 -116.353 -15.9105 -120.42 -61.8135
-87.4185 -31.5211 -116.661 -16.0136 -121.041 -61.3964
-87.4988 -32.1278 -116.967 -16.1171 -121.663 -60.971
-87.5797 -32.7377 -117.271 -16.2211 -122.287 -60.5374
-87.661 -33.3507 -117.572 -16.3256 -122.912 -60.0953
-87.7429 -33.9668 -117.872 -16.4305 -123.538 -59.6447
-87.8254 -34.5861 -118.169 -16.5359 -124.165 -59.1855
-87.9083 -35.2085 -118.463 -16.6417 -124.793 -58.7175
-87.9918 -35.834 -118.756 -16.748 -125.422 -58.2406
-88.0758 -36.4627 -119.046 -16.8547 -126.052 -57.7548
-88.1603 -37.0945 -119.333 -16.9617 -126.682 -57.2599
-88.2454 -37.7295 -119.618 -17.0692 -127.313 -56.7558
-88.331 -38.3677 -119.901 -17.177 -127.945 -56.2424
-88.4172 -39.009 -120.181 -17.2852 -128.577 -55.7195
-88.5039 -39.6534 -120.458 -17.3938 -129.209 -55.1871
-88.5911 -40.301 -120.733 -17.5027 -129.842 -54.6451
-88.6789 -40.9518 -121.005 -17.6119 -130.474 -54.0933
-88.7672 -41.6058 -121.274 -17.7213 -131.107 -53.5317
-88.8561 -42.2629 -121.54 -17.8311 -131.739 -52.96
-88.9455 -42.9232 -121.803 -17.9411 -132.37 -52.3783
-89.0355 -43.5866 -122.064 -18.0514 -133.001 -51.7865
-89.126 -44.2532 -122.321 -18.1619 -133.632 -51.1843
-89.2171 -44.9229 -122.576 -18.2726 -134.261 -50.5718
-89.3088 -45.5958 -122.827 -18.3835 -134.89 -49.9488
-89.401 -46.2718 -123.075 -18.4945 -135.517 -49.3152
-89.4937 -46.951 -123.32 -18.6057 -136.143 -48.6709
-89.587 -47.6332 -123.562 -18.7169 -136.767 -48.0159
-89.6809 -48.3186 -123.8 -18.8283 -137.39 -47.35
-89.7753 -49.0071 -124.035 -18.9397 -138.011 -46.6732
-89.8703 -49.6987 -124.267 -19.0512 -138.63 -45.9853
-89.9658 -50.3934 -124.495 -19.1627 -139.247 -45.2864
-90.0619 -51.0912 -124.72 -19.2741 -139.861 -44.5763
-90.1586 -51.792 -124.941 -19.3855 -140.472 -43.8549
-90.2558 -52.4959 -125.158 -19.4968 -141.081 -43.1222
-90.3535 -53.2028 -125.372 -19.6081 -141.687 -42.3781
-90.4518 -53.9128 -125.582 -19.7191 -142.289 -41.6225
-90.5507 -54.6257 -125.788 -19.8301 -142.888 -40.8555
-90.6501 -55.3417 -125.991 -19.9408 -143.483 -40.0769
-90.7501 -56.0606 -126.189 -20.0513 -144.074 -39.2866
-90.8507 -56.7824 -126.383 -20.1615 -144.662 -38.4848
-90.9517 -57.5072 -126.574 -20.2714 -145.244 -37.6712
-91.0534 -58.2348 -126.76 -20.381 -145.822 -36.8459
-91.1555 -58.9654 -126.942 -20.4902 -146.395 -36.0089
-91.2583 -59.6988 -127.12 -20.5989 -146.964 -35.1602
-91.3615 -60.435 -127.294 -20.7073 -147.526 -34.2996
-91.4653 -61.174 -127.463 -20.8151 -148.083 -33.4273
-91.5697 -61.9158 -127.628 -20.9224 -148.634 -32.5432
-91.6746 -62.6604 -127.789 -21.0291 -149.179 -31.6473
-91.78 -63.4076 -127.945 -21.1353 -149.718 -30.7397
-91.8859 -64.1576 -128.096 -21.2408 -150.25 -29.8204
-91.9924 -64.9101 -128.243 -21.3455 -150.775 -28.8893
-92.0994 -65.6653 -128.385 -21.4496 -151.293 -27.9466
-92.2069 -66.4231 -128.522 -21.5528 -151.803 -26.9923
-92.3149 -67.1833 -128.655 -21.6553 -152.305 -26.0264
-92.4234 -67.9461 -128.783 -21.7568 -152.8 -25.049
-92.5325 -68.7113 -128.905 -21.8575 -153.286 -24.0602
-92.642 -69.479 -129.023 -21.9572 -153.763 -23.0601
-92.752 -70.249 -129.136 -22.0558 -154.232 -22.0487
-92.8626 -71.0213 -129.244 -22.1535 -154.691 -21.0262
-92.9736 -71.7959 -129.346 -22.25 -155.141 -19.9926
-93.0851 -72.5727 -129.444 -22.3454 -155.581 -18.9481
-93.197 -73.3517 -129.536 -22.4395 -156.011 -17.8929
-93.3095 -74.1328 -129.623 -22.5325 -156.431 -16.827
-93.4223 -74.916 -129.704 -22.6241 -156.84 -15.7506
-93.5357 -75.7012 -129.78 -22.7144 -157.238 -14.6638
-93.6495 -76.4883 -129.851 -22.8034 -157.625 -13.5669
-93.7637 -77.2774 -129.916 -22.8908 -158 -12.46
-93.8784 -78.0683 -129.975 -22.9769 -158.364 -11.3433
-93.9935 -78.8611 -130.029 -23.0613 -158.716 -10.2171
-94.109 -79.6555 -130.077 -23.1442 -159.055 -9.08142
-94.2249 -80.4516 -130.12 -23.2255 -159.382 -7.93662
-94.3413 -81.2493 -130.157 -23.3051 -159.697 -6.7829
-94.458 -82.0486 -130.188 -23.383 -159.998 -5.6205
-94.5751 -82.8493 -130.213 -23.4591 -160.286 -4.44968
-94.6926 -83.6514 -130.232 -23.5335 -160.56 -3.2707
-94.8104 -84.4549 -130.246 -23.6059 -160.82 -2.08384
-94.9286 -85.2596 -130.253 -23.6765 -161.067 -0.889373
-95.0472 -86.0656 -130.255 -23.7452 -161.299 0.312399
-95.1661 -86.8726 -130.25 -23.8118 -161.517 1.52118
-95.2853 -87.6807 -130.239 -23.8765 -161.72 2.73664
-95.4048 -88.4898 -130.223 -23.939 -161.908 3.95848
-95.5247 -89.2998 -130.2 -23.9995 -162.081 5.18636
-95.6448 -90.1106 -130.171 -24.0579 -162.238 6.41994
-95.7653 -90.9222 -130.136 -24.114 -162.381 7.65888
-95.886 -91.7344 -130.094 -24.168 -162.507 8.90282
-96.007 -92.5473 -130.047 -24.2197 -162.618 10.1514
-96.1282 -93.3606 -129.993 -24.2691 -162.713 11.4042
-96.2496 -94.1744 -129.933 -24.3162 -162.792 12.661
-96.3713 -94.9885 -129.866 -24.361 -162.855 13.9212
-96.4933 -95.8029 -129.793 -24.4034 -162.901 15.1846
-96.6154 -96.6175 -129.714 -24.4434 -162.931 16.4507
-96.7377 -97.4322 -129.629 -24.481 -162.945 17.7192
-96.8602 -98.247 -129.537 -24.5162 -162.942 18.9896
-96.9828 -99.0617 -129.439 -24.5489 -162.922 20.2615
-97.1057 -99.8762 -129.335 -24.5791 -162.886 21.5345
-97.2286 -100.691 -129.224 -24.6068 -162.833 22.8083
-97.3517 -101.505 -129.106 -24.632 -162.763 24.0823
-97.475 -102.318 -128.983 -24.6546 -162.676 25.3562
-97.5983 -103.131 -128.853 -24.6748 -162.573 26.6296
-97.7217 -103.944 -128.717 -24.6923 -162.453 27.902
-97.8452 -104.756 -128.574 -24.7073 -162.316 29.1731
-97.9688 -105.567 -128.425 -24.7198 -162.162 30.4423
-98.0924 -106.377 -128.269 -24.7297 -161.992 31.7094
-98.2161 -107.187 -128.108 -24.737 -161.805 32.9738
-98.3398 -107.995 -127.94 -24.7417 -161.602 34.2352
-98.4635 -108.803 -127.765 -24.7439 -161.382 35.4932
-98.5872 -109.609 -127.585 -24.7434 -161.146 36.7474
-98.7109 -110.414 -127.398 -24.7405 -160.894 37.9973
-98.8346 -111.218 -127.205 -24.735 -160.626 39.2425
-98.9583 -112.021 -127.006 -24.7269 -160.341 40.4828
-99.0819 -112.822 -126.8 -24.7163 -160.041 41.7176
-99.2054 -113.621 -126.588 -24.7033 -159.726 42.9467
-99.3289 -114.419 -126.371 -24.6877 -159.394 44.1695
-99.4523 -115.215 -126.147 -24.6696 -159.048 45.3859
-99.5756 -116.009 -125.917 -24.6491 -158.687 46.5953
-99.6988 -116.802 -125.681 -24.6261 -158.31 47.7976
-99.8219 -117.592 -125.439 -24.6007 -157.919 48.9922
-99.9448 -118.381 -125.191 -24.5729 -157.514 50.1789
-100.068 -119.168 -124.937 -24.5428 -157.094 51.3574
-100.19 -119.952 -124.677 -24.5103 -156.66 52.5273
-100.313 -120.734 -124.412 -24.4756 -156.213 53.6884
-100.435 -121.514 -124.14 -24.4385 -155.752 54.8403
-100.557 -122.292 -123.863 -24.3992 -155.278 55.9828
-100.679 -123.067 -123.581 -24.3577 -154.791 57.1156
-100.801 -123.84 -123.292 -24.314 -154.291 58.2383
-100.922 -124.61 -122.998 -24.2682 -153.779 59.3509
-101.043 -125.377 -122.699 -24.2203 -153.255 60.4529
-101.164 -126.142 -122.394 -24.1703 -152.72 61.5443
-101.285 -126.905 -122.083 -24.1183 -152.172 62.6247
-101.406 -127.664 -121.767 -24.0643 -151.614 63.6939
-101.526 -128.421 -121.446 -24.0084 -151.044 64.7519
-101.646 -129.175 -121.12 -23.9505 -150.464 65.7982
-101.765 -129.925 -120.788 -23.8908 -149.874 66.8329
-101.884 -130.673 -120.452 -23.8293 -149.274 67.8557
-102.003 -131.418 -120.11 -23.7661 -148.664 68.8665
-102.122 -132.16 -119.763 -23.701 -148.045 69.8651
-102.24 -132.899 -119.411 -23.6344 -147.416 70.8514
-102.358 -133.634 -119.054 -23.566 -146.779 71.8253
-102.476 -134.366 -118.693 -23.4961 -146.134 72.7866
-102.593 -135.095 -118.327 -23.4246 -145.481 73.7353
-102.71 -135.821 -117.955 -23.3517 -144.819 74.6713
-102.827 -136.544 -117.58 -23.2772 -144.151 75.5944
-102.943 -137.263 -117.2 -23.2014 -143.475 76.5047
-103.059 -137.978 -116.815 -23.1242 -142.793 77.4021
-103.174 -138.691 -116.426 -23.0457 -142.104 78.2865
-103.289 -139.399 -116.032 -22.9659 -141.408 79.1579
-103.404 -140.105 -115.634 -22.8848 -140.707 80.0162
-103.518 -140.807 -115.232 -22.8026 -140.001 80.8614
-103.632 -141.505 -114.825 -22.7193 -139.288 81.6936
-103.745 -142.199 -114.415 -22.6348 -138.571 82.5127
-103.858 -142.89 -114 -22.5493 -137.85 83.3187
-103.971 -143.578 -113.582 -22.4628 -137.123 84.1116
-104.083 -144.262 -113.159 -22.3754 -136.393 84.8915
-104.195 -144.942 -112.733 -22.287 -135.659 85.6583
-104.306 -145.618 -112.303 -22.1977 -134.921 86.4122
-104.417 -146.291 -111.869 -22.1076 -134.18 87.1531
-104.527 -146.96 -111.431 -22.0168 -133.436 87.8812
-104.637 -147.625 -110.99 -21.9251 -132.688 88.5964
-104.746 -148.287 -110.545 -21.8328 -131.939 89.2988
-104.855 -148.945 -110.097 -21.7397 -131.187 89.9885
-104.964 -149.599 -109.645 -21.6461 -130.433 90.6656
-105.072 -150.249 -109.19 -21.5518 -129.677 91.3301
-105.179 -150.896 -108.732 -21.457 -128.919 91.9821
-105.286 -151.538 -108.27 -21.3616 -128.16 92.6218
-105.393 -152.177 -107.806 -21.2658 -127.4 93.2492
-105.499 -152.812 -107.338 -21.1695 -126.639 93.8643
-105.604 -153.444 -106.867 -21.0728 -125.878 94.4674
-105.71 -154.071 -106.393 -20.9757 -125.115 95.0585
-105.814 -154.695 -105.916 -20.8783 -124.353 95.6377
-105.918 -155.315 -105.437 -20.7805 -123.59 96.2052
-106.022 -155.931 -104.954 -20.6825 -122.827 96.761
-106.125 -156.543 -104.469 -20.5842 -122.065 97.3052
-106.228 -157.151 -103.981 -20.4856 -121.303 97.8381
-106.33 -157.756 -103.491 -20.3869 -120.541 98.3596
-106.432 -158.357 -102.998 -20.288 -119.781 98.87
-106.533 -158.954 -102.502 -20.189 -119.021 99.3694
-106.634 -159.547 -102.004 -20.0898 -118.262 99.8578
-106.734 -160.136 -101.504 -19.9906 -117.504 100.335
-106.834 -160.722 -101.001 -19.8913 -116.748 100.802
-106.933 -161.304 -100.495 -19.792 -115.993 101.259
-107.031 -161.882 -99.9881 -19.6926 -115.24 101.705
-107.13 -162.456 -99.4784 -19.5933 -114.489 102.141
-107.227 -163.027 -98.9667 -19.494 -113.739 102.567
-107.325 -163.594 -98.4528 -19.3947 -112.992 102.982
-107.421 -164.157 -97.9368 -19.2955 -112.247 103.388
-107.518 -164.716 -97.4189 -19.1964 -111.503 103.785
-107.613 -165.272 -96.899 -19.0974 -110.762 104.171
-107.709 -165.824 -96.3772 -18.9986 -110.024 104.549
-107.803 -166.372 -95.8535 -18.8999 -109.288 104.917
-107.898 -166.917 -95.328 -18.8014 -108.555 105.275
-107.991 -167.458 -94.8007 -18.703 -107.824 105.625
-108.085 -167.995 -94.2718 -18.6049 -107.096 105.966
-108.177 -168.529 -93.7411 -18.507 -106.371 106.298
-108.27 -169.059 -93.2088 -18.4093 -105.649 106.622
-108.361 -169.585 -92.6749 -18.3118 -104.931 106.937
-108.453 -170.108 -92.1394 -18.2147 -104.215 107.244
-108.544 -170.627 -91.6024 -18.1177 -103.502 107.542
-108.634 -171.143 -91.064 -18.0211 -102.792 107.833
-108.724 -171.655 -90.5241 -17.9248 -102.086 108.116
-108.813 -172.164 -89.9828 -17.8288 -101.383 108.39
-108.902 -172.669 -89.4402 -17.7331 -100.684 108.658
-108.991 -173.171 -88.8963 -17.6377 -99.9877 108.917
-109.078 -173.669 -88.351 -17.5427 -99.2951 109.169
-109.166 -174.164 -87.8046 -17.4481 -98.606 109.414
-109.253 -174.655 -87.2569 -17.3538 -97.9205 109.652
-109.339 -175.143 -86.708 -17.2598 -97.2386 109.883
-109.426 -175.627 -86.1581 -17.1663 -96.5604 110.106
-109.511 -176.108 -85.607 -17.0731 -95.8858 110.323
-109.596 -176.586 -85.0548 -16.9804 -95.2149 110.534
-109.681 -177.061 -84.5016 -16.888 -94.5477 110.738
-109.765 -177.532 -83.9474 -16.7961 -93.8843 110.935
-109.849 -177.999 -83.3923 -16.7045 -93.2247 111.126
-109.932 -178.464 -82.8362 -16.6134 -92.5688 111.311
-110.015 -178.925 -82.2792 -16.5227 -91.9168 111.489
-110.097 -179.383 -81.7213 -16.4324 -91.2686 111.662
-110.179 -179.838 -81.1626 -16.3426 -90.6243 111.829
-110.261 -180.289 -80.603 -16.2532 -89.9838 111.99
-110.342 -180.738 -80.0427 -16.1643 -89.3472 112.146
-110.423 -181.183 -79.4815 -16.0758 -88.7145 112.296
-110.503 -181.625 -78.9197 -15.9878 -88.0856 112.44
-110.582 -182.064 -78.3571 -15.9002 -87.4607 112.579
-110.662 -182.499 -77.7939 -15.8131 -86.8397 112.713
-110.741 -182.932 -77.23 -15.7264 -86.2225 112.842
-110.819 -183.362 -76.6655 -15.6402 -85.6093 112.966
-110.897 -183.788 -76.1004 -15.5545 -85 113.084
-110.974 -184.212 -75.5346 -15.4692 -84.3946 113.198
-111.052 -184.632 -74.9684 -15.3844 -83.7931 113.308
-111.128 -185.05 -74.4016 -15.3001 -83.1955 113.412
-111.205 -185.464 -73.8343 -15.2163 -82.6017 113.512
-111.28 -185.876 -73.2665 -15.1329 -82.0119 113.607
-111.356 -186.284 -72.6982 -15.0501 -81.426 113.699
-111.431 -186.69 -72.1295 -14.9676 -80.8439 113.785
-111.506 -187.093 -71.5603 -14.8857 -80.2657 113.868
-111.58 -187.492 -70.9908 -14.8043 -79.6913 113.946
-111.654 -187.889 -70.4209 -14.7233 -79.1208 114.021
-111.727 -188.284 -69.8506 -14.6428 -78.5542 114.091
-111.8 -188.675 -69.28 -14.5628 -77.9913 114.158
-111.873 -189.064 -68.709 -14.4833 -77.4323 114.22
-111.945 -189.449 -68.1378 -14.4042 -76.877 114.279
-112.017 -189.832 -67.5662 -14.3256 -76.3256 114.334
-112.088 -190.213 -66.9944 -14.2475 -75.7779 114.386
-112.159 -190.59 -66.4224 -14.1699 -75.2339 114.434
-112.23 -190.965 -65.8501 -14.0928 -74.6937 114.479
-112.3 -191.337 -65.2776 -14.0161 -74.1572 114.52
-112.37 -191.707 -64.7049 -13.9399 -73.6245 114.558
-112.44 -192.073 -64.132 -13.8642 -73.0954 114.593
-112.509 -192.437 -63.5589 -13.7889 -72.5699 114.625
-112.577 -192.799 -62.9857 -13.7141 -72.0481 114.653
-112.646 -193.158 -62.4124 -13.6398 -71.5299 114.679
-112.714 -193.514 -61.839 -13.566 -71.0154 114.701
-112.781 -193.868 -61.2654 -13.4926 -70.5044 114.721
-112.849 -194.219 -60.6917 -13.4197 -69.997 114.737
-112.916 -194.568 -60.118 -13.3472 -69.4931 114.751
-112.982 -194.914 -59.5442 -13.2752 -68.9928 114.762
-113.048 -195.258 -58.9704 -13.2037 -68.496 114.771
-113.114 -195.599 -58.3965 -13.1326 -68.0026 114.777
-113.18 -195.938 -57.8226 -13.062 -67.5127 114.78
-113.245 -196.274 -57.2487 -12.9918 -67.0263 114.781
-113.31 -196.608 -56.6748 -12.9221 -66.5433 114.779
-113.374 -196.94 -56.1009 -12.8528 -66.0637 114.775
-113.438 -197.269 -55.5271 -12.784 -65.5874 114.768
-113.502 -197.596 -54.9533 -12.7156 -65.1145 114.759
-113.565 -197.92 -54.3795 -12.6476 -64.6449 114.748
-113.628 -198.242 -53.8058 -12.5801 -64.1787 114.735
-113.691 -198.562 -53.2321 -12.513 -63.7157 114.719
-113.754 -198.879 -52.6586 -12.4464 -63.256 114.702
-113.816 -199.194 -52.0851 -12.3802 -62.7995 114.682
-113.877 -199.507 -51.5118 -12.3144 -62.3462 114.66
-113.939 -199.818 -50.9385 -12.2491 -61.8961 114.636
-114 -200.126 -50.3654 -12.1841 -61.4492 114.611
-114.061 -200.432 -49.7924 -12.1196 -61.0055 114.583
-114.121 -200.736 -49.2196 -12.0555 -60.5648 114.554
-114.181 -201.038 -48.6469 -11.9918 -60.1273 114.522
-114.241 -201.338 -48.0743 -11.9286 -59.6928 114.489
-114.3 -201.635 -47.502 -11.8657 -59.2614 114.454
-114.36 -201.93 -46.9298 -11.8033 -58.8331 114.418
-114.418 -202.223 -46.3578 -11.7412 -58.4077 114.38
-114.477 -202.514 -45.786 -11.6796 -57.9853 114.34
-114.535 -202.803 -45.2144 -11.6184 -57.5659 114.298
-114.593 -203.09 -44.643 -11.5575 -57.1494 114.255
-114.651 -203.375 -44.0719 -11.4971 -56.7358 114.211
-114.708 -203.657 -43.5009 -11.437 -56.3251 114.165
-114.765 -203.938 -42.9302 -11.3773 -55.9173 114.117
-114.822 -204.216 -42.3597 -11.318 -55.5124 114.068
-114.878 -204.493 -41.7895 -11.2591 -55.1102 114.018
-114.935 -204.768 -41.2196 -11.2006 -54.7109 113.966
-114.99 -205.04 -40.6499 -11.1425 -54.3143 113.913
-115.046 -205.311 -40.0804 -11.0847 -53.9205 113.859
-115.101 -205.579 -39.5113 -11.0273 -53.5294 113.803
-115.156 -205.846 -38.9424 -10.9702 -53.1411 113.746
-115.211 -206.111 -38.3738 -10.9136 -52.7554 113.688
-115.265 -206.374 -37.8055 -10.8573 -52.3724 113.629
-115.32 -206.634 -37.2375 -10.8013 -51.9921 113.568
-115.373 -206.893 -36.6698 -10.7457 -51.6143 113.507
-115.427 -207.151 -36.1025 -10.6905 -51.2392 113.444
-115.48 -207.406 -35.5354 -10.6356 -50.8667 113.38
-115.533 -207.659 -34.9686 -10.5811 -50.4967 113.315
-115.586 -207.911 -34.4022 -10.5269 -50.1293 113.249
-115.639 -208.161 -33.8362 -10.4731 -49.7643 113.182
-115.691 -208.408 -33.2704 -10.4196 -49.4019 113.114
-115.743 -208.655 -32.705 -10.3664 -49.0419 113.045
-115.794 -208.899 -32.14 -10.3136 -48.6844 112.976
-115.846 -209.141 -31.5753 -10.2611 -48.3294 112.905
-115.897 -209.382 -31.0109 -10.2089 -47.9767 112.833
-115.948 -209.621 -30.4469 -10.1571 -47.6265 112.76
-115.999 -209.858 -29.8833 -10.1056 -47.2786 112.687
-116.049 -210.094 -29.3201 -10.0544 -46.9331 112.613
-116.099 -210.328 -28.7572 -10.0035 -46.5899 112.537
-116.149 -210.56 -28.1947 -9.95296 -46.249 112.461
-116.199 -210.79 -27.6326 -9.90273 -45.9104 112.385
-116.248 -211.019 -27.0708 -9.8528 -45.5741 112.307
-116.297 -211.246 -26.5095 -9.80319 -45.2401 112.229
-116.346 -211.471 -25.9485 -9.75388 -44.9082 112.15
-116.395 -211.695 -25.388 -9.70488 -44.5786 112.07
-116.443 -211.917 -24.8278 -9.65618 -44.2512 111.99
-116.491 -212.138 -24.2681 -9.60778 -43.926 111.909
-116.539 -212.356 -23.7088 -9.55968 -43.603 111.827
-116.587 -212.574 -23.1498 -9.51187 -43.2821 111.745
-116.634 -212.789 -22.5913 -9.46436 -42.9633 111.662
-116.682 -213.003 -22.0332 -9.41713 -42.6466 111.578
-116.729 -213.216 -21.4755 -9.37019 -42.332 111.494
-116.775 -213.427 -20.9183 -9.32354 -42.0195 111.409
-116.822 -213.636 -20.3614 -9.27716 -41.709 111.324
-116.868 -213.844 -19.805 -9.23107 -41.4006 111.238
-116.914 -214.05 -19.2491 -9.18526 -41.0942 111.151
-116.96 -214.255 -18.6935 -9.13972 -40.7897 111.064
-117.006 -214.458 -18.1384 -9.09446 -40.4873 110.977
-117.051 -214.66 -17.5838 -9.04946 -40.1869 110.889
-117.096 -214.86 -17.0295 -9.00474 -39.8883 110.8
-117.141 -215.058 -16.4758 -8.96028 -39.5918 110.711
-117.186 -215.256 -15.9224 -8.91608 -39.2971 110.622
-117.23 -215.451 -15.3695 -8.87215 -39.0044 110.532
-117.274 -215.646 -14.8171 -8.82847 -38.7135 110.442
-117.318 -215.838 -14.2651 -8.78506 -38.4245 110.351
-117.362 -216.03 -13.7136 -8.7419 -38.1373 110.26
-117.406 -216.22 -13.1625 -8.69899 -37.852 110.168
-117.449 -216.408 -12.6119 -8.65633 -37.5685 110.076
-117.492 -216.596 -12.0618 -8.61393 -37.2869 109.984
-117.535 -216.781 -11.5121 -8.57177 -37.007 109.891
-117.578 -216.966 -10.9629 -8.52985 -36.7288 109.798
-117.621 -217.149 -10.4141 -8.48818 -36.4525 109.704
-117.663 -217.33 -9.86581 -8.44674 -36.1779 109.611
-117.705 -217.51 -9.31799 -8.40555 -35.905 109.517
-117.747 -217.689 -8.77065 -8.36459 -35.6338 109.422
-117.789 -217.867 -8.22377 -8.32387 -35.3644 109.327
-117.83 -218.043 -7.67737 -8.28338 -35.0966 109.232
-117.872 -218.218 -7.13145 -8.24312 -34.8305 109.137
-117.913 -218.391 -6.586 -8.20309 -34.5661 109.041
-117.954 -218.563 -6.04103 -8.16329 -34.3033 108.946
-117.994 -218.734 -5.49655 -8.12371 -34.0421 108.849
-118.035 -218.904 -4.95254 -8.08435 -33.7826 108.753
-118.075 -219.072 -4.40902 -8.04521 -33.5247 108.656
-118.115 -219.239 -3.86598 -8.0063 -33.2683 108.559
-118.155 -219.405 -3.32342 -7.9676 -33.0135 108.462
-118.195 -219.569 -2.78136 -7.92911 -32.7603 108.365
-118.234 -219.732 -2.23978 -7.89084 -32.5087 108.267
-118.274 -219.894 -1.69869 -7.85279 -32.2586 108.169
-118.313 -220.055 -1.15808 -7.81494 -32.01 108.071
-118.352 -220.214 -0.617972 -7.7773 -31.7629 107.973
-118.391 -220.373 -0.0783517 -7.73987 -31.5173 107.875
-118.429 -220.529 0.460776 -7.70264 -31.2732 107.776
-118.468 -220.685 0.99941 -7.66561 -31.0306 107.677
-118.506 -220.84 1.53755 -7.62879 -30.7895 107.578
-118.544 -220.993 2.07519 -7.59217 -30.5498 107.479
-118.582 -221.145 2.61234 -7.55574 -30.3115 107.38
-118.62 -221.296 3.14899 -7.51951 -30.0747 107.281
-118.657 -221.446 3.68515 -7.48348 -29.8393 107.181
-118.695 -221.595 4.22081 -7.44764 -29.6053 107.081
-118.732 -221.742 4.75596 -7.41199 -29.3727 106.982
-118.769 -221.888 5.29062 -7.37653 -29.1414 106.882
-118.805 -222.034 5.82478 -7.34126 -28.9115 106.781
-118.842 -222.177 6.35844 -7.30617 -28.683 106.681
-118.878 -222.32 6.89159 -7.27127 -28.4559 106.581
-118.915 -222.462 7.42425 -7.23656 -28.23 106.481
-118.951 -222.603 7.9564 -7.20202 -28.0055 106.38
-118.987 -222.742 8.48804 -7.16767 -27.7824 106.279
-119.023 -222.88 9.01919 -7.1335 -27.5605 106.179
-119.058 -223.018 9.54983 -7.0995 -27.3399 106.078
-119.094 -223.154 10.08 -7.06568 -27.1206 105.977
-119.129 -223.289 10.6096 -7.03204 -26.9026 105.876
-119.164 -223.423 11.1387 -6.99857 -26.6858 105.775
-119.199 -223.556 11.6673 -6.96527 -26.4703 105.674
-119.233 -223.688 12.1955 -6.93214 -26.256 105.573
-119.268 -223.818 12.7231 -6.89918 -26.0429 105.471
-119.302 -223.948 13.2502 -6.86639 -25.8311 105.37
-119.337 -224.077 13.7768 -6.83376 -25.6205 105.269
-119.371 -224.204 14.3029 -6.8013 -25.4111 105.167
-119.405 -224.331 14.8284 -6.769 -25.2029 105.066
-119.439 -224.456 15.3535 -6.73687 -24.9959 104.964
-119.472 -224.581 15.8781 -6.7049 -24.79 104.863
-119.506 -224.704 16.4021 -6.67308 -24.5853 104.761
-119.539 -224.827 16.9257 -6.64143 -24.3818 104.66
-119.572 -224.948 17.4487 -6.60993 -24.1794 104.558
-119.605 -225.068 17.9713 -6.57859 -23.9782 104.456
-119.638 -225.188 18.4933 -6.5474 -23.778 104.355
-119.67 -225.306 19.0148 -6.51637 -23.579 104.253
-119.703 -225.424 19.5358 -6.48549 -23.3812 104.151
-119.735 -225.54 20.0563 -6.45476 -23.1844 104.05
-119.767 -225.655 20.5763 -6.42418 -22.9887 103.948
-119.8 -225.77 21.0958 -6.39375 -22.7941 103.846
-119.831 -225.883 21.6148 -6.36346 -22.6005 103.744
-119.863 -225.996 22.1333 -6.33332 -22.4081 103.643
-119.895 -226.107 22.6512 -6.30333 -22.2167 103.541
-119.926 -226.218 23.1687 -6.27348 -22.0263 103.439
-119.957 -226.328 23.6856 -6.24378 -21.837 103.338
-119.989 -226.436 24.202 -6.21421 -21.6487 103.236
-120.02 -226.544 24.718 -6.18479 -21.4615 103.134
-120.05 -226.651 25.2334 -6.1555 -21.2753 103.033
-120.081 -226.757 25.7483 -6.12636 -21.09 102.931
-120.112 -226.862 26.2627 -6.09735 -20.9058 102.829
-120.142 -226.966 26.7766 -6.06847 -20.7226 102.728
-120.172 -227.069 27.29 -6.03974 -20.5404 102.626
-120.203 -227.171 27.8029 -6.01113 -20.3592 102.525
-120.233 -227.273 28.3152 -5.98266 -20.1789 102.423
-120.262 -227.373 28.8271 -5.95433 -19.9996 102.322
-120.292 -227.473 29.3384 -5.92612 -19.8212 102.22
-120.322 -227.571 29.8493 -5.89804 -19.6439 102.119
-120.351 -227.669 30.3596 -5.87009 -19.4674 102.018
-120.38 -227.766 30.8695 -5.84227 -19.2919 101.916
-120.409 -227.862 31.3788 -5.81458 -19.1173 101.815
