-25 100 75 0 0 -49
-25.0001 99.9999 74.7549 -0.0209304 -0.0556746 -49.0444
-25.0002 99.9994 74.5096 -0.0418976 -0.111451 -49.0887
-25.0005 99.9987 74.264 -0.0629017 -0.167328 -49.1331
-25.0008 99.9978 74.0182 -0.0839427 -0.223307 -49.1775
-25.0013 99.9965 73.7722 -0.105021 -0.279389 -49.222
-25.0019 99.995 73.526 -0.126136 -0.335573 -49.2664
-25.0026 99.9932 73.2796 -0.147288 -0.39186 -49.3109
-25.0034 99.9911 73.0329 -0.168478 -0.44825 -49.3554
-25.0043 99.9887 72.786 -0.189705 -0.504743 -49.3999
-25.0053 99.986 72.5389 -0.210969 -0.561339 -49.4444
-25.0064 99.9831 72.2916 -0.232272 -0.618039 -49.4889
-25.0076 99.9798 72.044 -0.253611 -0.674844 -49.5335
-25.0089 99.9763 71.7962 -0.274989 -0.731752 -49.578
-25.0103 99.9725 71.5482 -0.296404 -0.788766 -49.6226
-25.0119 99.9684 71.3 -0.317858 -0.845884 -49.6672
-25.0135 99.9641 71.0516 -0.339349 -0.903108 -49.7119
-25.0153 99.9594 70.8029 -0.360878 -0.960437 -49.7565
-25.0171 99.9544 70.554 -0.382446 -1.01787 -49.8012
-25.0191 99.9492 70.3049 -0.404052 -1.07541 -49.8459
-25.0212 99.9437 70.0555 -0.425696 -1.13306 -49.8906
-25.0233 99.9379 69.806 -0.447379 -1.19081 -49.9353
-25.0256 99.9318 69.5562 -0.469101 -1.24867 -49.98
-25.028 99.9254 69.3062 -0.490861 -1.30664 -50.0248
-25.0305 99.9187 69.0559 -0.51266 -1.36472 -50.0695
-25.0332 99.9118 68.8055 -0.534497 -1.4229 -50.1143
-25.0359 99.9045 68.5548 -0.556374 -1.48119 -50.1591
-25.0387 99.8969 68.3039 -0.57829 -1.53959 -50.2039
-25.0417 99.8891 68.0527 -0.600245 -1.5981 -50.2488
-25.0447 99.881 67.8014 -0.622239 -1.65672 -50.2936
-25.0479 99.8725 67.5498 -0.644273 -1.71544 -50.3385
-25.0512 99.8638 67.298 -0.666346 -1.77428 -50.3834
-25.0546 99.8548 67.046 -0.688458 -1.83323 -50.4283
-25.0581 99.8455 66.7937 -0.71061 -1.89228 -50.4732
-25.0617 99.8359 66.5412 -0.732802 -1.95145 -50.5182
-25.0654 99.826 66.2885 -0.755034 -2.01073 -50.5631
-25.0692 99.8158 66.0356 -0.777306 -2.07012 -50.6081
-25.0732 99.8053 65.7825 -0.799618 -2.12961 -50.6531
-25.0772 99.7945 65.5291 -0.82197 -2.18923 -50.6981
-25.0814 99.7834 65.2755 -0.844362 -2.24895 -50.7432
-25.0857 99.772 65.0217 -0.866794 -2.30879 -50.7882
-25.09 99.7603 64.7676 -0.889267 -2.36873 -50.8333
-25.0945 99.7483 64.5133 -0.911781 -2.4288 -50.8784
-25.0992 99.736 64.2588 -0.934335 -2.48897 -50.9234
-25.1039 99.7234 64.0041 -0.95693 -2.54926 -50.9686
-25.1087 99.7105 63.7491 -0.979566 -2.60966 -51.0137
-25.1137 99.6973 63.4939 -1.00224 -2.67018 -51.0588
-25.1188 99.6838 63.2385 -1.02496 -2.73081 -51.104
-25.1239 99.67 62.9829 -1.04772 -2.79155 -51.1492
-25.1292 99.6559 62.727 -1.07052 -2.85242 -51.1944
-25.1346 99.6415 62.471 -1.09336 -2.91339 -51.2396
-25.1402 99.6267 62.2147 -1.11624 -2.97448 -51.2848
-25.1458 99.6117 61.9581 -1.13917 -3.03569 -51.3301
-25.1516 99.5964 61.7014 -1.16214 -3.09702 -51.3753
-25.1574 99.5807 61.4444 -1.18514 -3.15846 -51.4206
-25.1634 99.5648 61.1871 -1.20819 -3.22002 -51.4659
-25.1695 99.5485 60.9297 -1.23129 -3.28169 -51.5112
-25.1757 99.532 60.672 -1.25442 -3.34349 -51.5565
-25.182 99.5151 60.4141 -1.2776 -3.4054 -51.6019
-25.1885 99.4979 60.156 -1.30082 -3.46743 -51.6473
-25.1951 99.4804 59.8977 -1.32408 -3.52958 -51.6926
-25.2017 99.4626 59.6391 -1.34738 -3.59185 -51.738
-25.2085 99.4445 59.3803 -1.37073 -3.65424 -51.7834
-25.2154 99.4261 59.1213 -1.39412 -3.71674 -51.8288
-25.2225 99.4074 58.862 -1.41755 -3.77937 -51.8743
-25.2296 99.3883 58.6025 -1.44102 -3.84212 -51.9197
-25.2369 99.3689 58.3428 -1.46454 -3.90499 -51.9652
-25.2443 99.3493 58.0829 -1.4881 -3.96798 -52.0107
-25.2518 99.3293 57.8227 -1.51171 -4.03109 -52.0562
-25.2594 99.3089 57.5623 -1.53536 -4.09433 -52.1017
-25.2671 99.2883 57.3017 -1.55905 -4.15768 -52.1472
-25.275 99.2674 57.0408 -1.58278 -4.22116 -52.1928
-25.2829 99.2461 56.7797 -1.60656 -4.28476 -52.2384
-25.291 99.2245 56.5184 -1.63039 -4.34849 -52.2839
-25.2992 99.2026 56.2569 -1.65426 -4.41234 -52.3295
-25.3076 99.1804 55.9951 -1.67817 -4.47631 -52.3751
-25.316 99.1579 55.7332 -1.70212 -4.54041 -52.4207
-25.3246 99.135 55.4709 -1.72612 -4.60463 -52.4664
-25.3333 99.1118 55.2085 -1.75017 -4.66897 -52.512
-25.3421 99.0883 54.9458 -1.77426 -4.73345 -52.5577
-25.351 99.0645 54.6829 -1.79839 -4.79804 -52.6034
-25.3601 99.0403 54.4198 -1.82257 -4.86277 -52.6491
-25.3693 99.0158 54.1564 -1.8468 -4.92762 -52.6948
-25.3786 98.991 53.8928 -1.87106 -4.9926 -52.7405
-25.388 98.9659 53.629 -1.89538 -5.0577 -52.7862
-25.3975 98.9405 53.365 -1.91974 -5.12293 -52.832
-25.4072 98.9147 53.1007 -1.94414 -5.1883 -52.8778
-25.4169 98.8886 52.8362 -1.9686 -5.25378 -52.9235
-25.4269 98.8621 52.5715 -1.99309 -5.3194 -52.9693
-25.4369 98.8354 52.3065 -2.01763 -5.38515 -53.0151
-25.447 98.8083 52.0413 -2.04222 -5.45103 -53.061
-25.4573 98.7809 51.7759 -2.06686 -5.51703 -53.1068
-25.4677 98.7531 51.5102 -2.09154 -5.58317 -53.1526
-25.4782 98.725 51.2444 -2.11627 -5.64944 -53.1985
-25.4889 98.6966 50.9783 -2.14104 -5.71584 -53.2444
-25.4996 98.6679 50.7119 -2.16586 -5.78237 -53.2903
-25.5105 98.6388 50.4454 -2.19073 -5.84903 -53.3362
-25.5215 98.6094 50.1786 -2.21564 -5.91582 -53.3821
-25.5327 98.5797 49.9115 -2.2406 -5.98275 -53.428
-25.5439 98.5496 49.6443 -2.26561 -6.04981 -53.4739
-25.5553 98.5192 49.3768 -2.29067 -6.11701 -53.5199
-25.5668 98.4884 49.1091 -2.31577 -6.18433 -53.5658
-25.5785 98.4573 48.8411 -2.34092 -6.2518 -53.6118
-25.5903 98.4259 48.573 -2.36612 -6.31939 -53.6578
-25.6022 98.3941 48.3046 -2.39137 -6.38713 -53.7038
-25.6142 98.362 48.0359 -2.41666 -6.45499 -53.7498
-25.6263 98.3296 47.7671 -2.442 -6.523 -53.7958
-25.6386 98.2968 47.498 -2.46739 -6.59114 -53.8419
-25.651 98.2637 47.2286 -2.49283 -6.65941 -53.8879
-25.6635 98.2302 46.9591 -2.51832 -6.72783 -53.934
-25.6762 98.1964 46.6893 -2.54385 -6.79638 -53.9801
-25.689 98.1622 46.4193 -2.56944 -6.86507 -54.0261
-25.7019 98.1277 46.149 -2.59507 -6.93389 -54.0722
-25.7149 98.0929 45.8786 -2.62076 -7.00286 -54.1183
-25.7281 98.0577 45.6079 -2.64649 -7.07197 -54.1645
-25.7414 98.0222 45.3369 -2.67227 -7.14121 -54.2106
-25.7548 97.9863 45.0657 -2.6981 -7.2106 -54.2567
-25.7684 97.9501 44.7943 -2.72398 -7.28013 -54.3029
-25.782 97.9135 44.5227 -2.74991 -7.34979 -54.349
-25.7959 97.8766 44.2509 -2.77589 -7.4196 -54.3952
-25.8098 97.8393 43.9788 -2.80192 -7.48955 -54.4414
-25.8239 97.8017 43.7064 -2.828 -7.55965 -54.4876
-25.8381 97.7637 43.4339 -2.85413 -7.62988 -54.5338
-25.8524 97.7254 43.1611 -2.88032 -7.70026 -54.58
-25.8669 97.6867 42.8881 -2.90655 -7.77078 -54.6262
-25.8815 97.6477 42.6148 -2.93283 -7.84145 -54.6724
-25.8962 97.6083 42.3414 -2.95916 -7.91226 -54.7187
-25.9111 97.5685 42.0677 -2.98555 -7.98322 -54.7649
-25.9261 97.5284 41.7937 -3.01199 -8.05432 -54.8112
-25.9412 97.488 41.5195 -3.03847 -8.12557 -54.8574
-25.9564 97.4472 41.2451 -3.06501 -8.19696 -54.9037
-25.9718 97.406 40.9705 -3.09161 -8.26851 -54.95
-25.9874 97.3645 40.6956 -3.11825 -8.34019 -54.9963
-26.003 97.3226 40.4205 -3.14495 -8.41203 -55.0426
-26.0188 97.2804 40.1452 -3.17169 -8.48402 -55.0889
-26.0347 97.2378 39.8697 -3.19849 -8.55615 -55.1352
-26.0508 97.1948 39.5939 -3.22535 -8.62843 -55.1815
-26.067 97.1515 39.3178 -3.25225 -8.70086 -55.2279
-26.0833 97.1078 39.0416 -3.27921 -8.77345 -55.2742
-26.0998 97.0638 38.7651 -3.30622 -8.84618 -55.3206
-26.1164 97.0194 38.4884 -3.33329 -8.91906 -55.3669
-26.1331 96.9746 38.2114 -3.3604 -8.9921 -55.4133
-26.15 96.9294 37.9342 -3.38757 -9.06529 -55.4596
-26.167 96.8839 37.6568 -3.4148 -9.13863 -55.506
-26.1841 96.838 37.3792 -3.44208 -9.21212 -55.5524
-26.2014 96.7918 37.1013 -3.46941 -9.28577 -55.5988
-26.2188 96.7452 36.8232 -3.4968 -9.35957 -55.6452
-26.2364 96.6982 36.5449 -3.52424 -9.43353 -55.6916
-26.2541 96.6509 36.2663 -3.55174 -9.50764 -55.738
-26.2719 96.6031 35.9875 -3.57929 -9.58191 -55.7844
-26.2899 96.555 35.7084 -3.6069 -9.65633 -55.8308
-26.308 96.5066 35.4292 -3.63456 -9.73091 -55.8772
-26.3262 96.4577 35.1497 -3.66227 -9.80564 -55.9237
-26.3446 96.4085 34.8699 -3.69005 -9.88054 -55.9701
-26.3631 96.3589 34.59 -3.71787 -9.95559 -56.0165
-26.3818 96.309 34.3098 -3.74576 -10.0308 -56.063
-26.4006 96.2586 34.0293 -3.7737 -10.1062 -56.1094
-26.4195 96.2079 33.7487 -3.80169 -10.1817 -56.1559
-26.4386 96.1568 33.4678 -3.82974 -10.2574 -56.2023
-26.4578 96.1053 33.1867 -3.85785 -10.3332 -56.2488
-26.4772 96.0535 32.9053 -3.88602 -10.4093 -56.2953
-26.4967 96.0012 32.6237 -3.91424 -10.4854 -56.3417
-26.5163 95.9486 32.3419 -3.94252 -10.5618 -56.3882
-26.5361 95.8956 32.0598 -3.97085 -10.6383 -56.4347
-26.556 95.8422 31.7775 -3.99925 -10.7149 -56.4811
-26.5761 95.7885 31.495 -4.0277 -10.7918 -56.5276
-26.5963 95.7343 31.2122 -4.05621 -10.8687 -56.5741
-26.6166 95.6798 30.9293 -4.08478 -10.9459 -56.6206
-26.6371 95.6248 30.646 -4.1134 -11.0232 -56.6671
-26.6578 95.5695 30.3626 -4.14209 -11.1007 -56.7135
-26.6786 95.5138 30.0789 -4.17083 -11.1784 -56.76
-26.6995 95.4578 29.795 -4.19963 -11.2562 -56.8065
-26.7206 95.4013 29.5108 -4.22849 -11.3342 -56.853
-26.7418 95.3444 29.2265 -4.25741 -11.4123 -56.8995
-26.7631 95.2872 28.9418 -4.28639 -11.4907 -56.946
-26.7846 95.2295 28.657 -4.31543 -11.5692 -56.9925
-26.8063 95.1715 28.3719 -4.34453 -11.6478 -57.039
-26.8281 95.113 28.0866 -4.37369 -11.7267 -57.0855
-26.85 95.0542 27.8011 -4.4029 -11.8057 -57.1319
-26.8721 94.995 27.5153 -4.43218 -11.8849 -57.1784
-26.8943 94.9353 27.2293 -4.46152 -11.9642 -57.2249
-26.9167 94.8753 26.943 -4.49093 -12.0438 -57.2714
-26.9393 94.8149 26.6566 -4.52039 -12.1235 -57.3179
-26.9619 94.7541 26.3699 -4.54991 -12.2033 -57.3644
-26.9848 94.6929 26.0829 -4.5795 -12.2834 -57.4108
-27.0077 94.6313 25.7958 -4.60914 -12.3636 -57.4573
-27.0308 94.5692 25.5084 -4.63885 -12.444 -57.5038
-27.0541 94.5068 25.2207 -4.66862 -12.5246 -57.5503
-27.0775 94.444 24.9329 -4.69845 -12.6054 -57.5967
-27.1011 94.3808 24.6448 -4.72835 -12.6863 -57.6432
-27.1248 94.3171 24.3564 -4.75831 -12.7674 -57.6897
-27.1487 94.2531 24.0679 -4.78833 -12.8487 -57.7361
-27.1727 94.1886 23.7791 -4.81842 -12.9302 -57.7826
-27.1969 94.1238 23.49 -4.84856 -13.0118 -57.829
-27.2212 94.0585 23.2008 -4.87878 -13.0937 -57.8755
-27.2457 93.9929 22.9113 -4.90905 -13.1757 -57.9219
-27.2703 93.9268 22.6215 -4.93939 -13.2579 -57.9684
-27.295 93.8603 22.3316 -4.9698 -13.3403 -58.0148
-27.32 93.7934 22.0414 -5.00027 -13.4228 -58.0612
-27.345 93.726 21.751 -5.0308 -13.5056 -58.1076
-27.3703 93.6583 21.4603 -5.0614 -13.5885 -58.154
-27.3957 93.5902 21.1694 -5.09207 -13.6716 -58.2004
-27.4212 93.5216 20.8783 -5.1228 -13.7549 -58.2468
-27.4469 93.4526 20.587 -5.15359 -13.8384 -58.2932
-27.4727 93.3832 20.2954 -5.18445 -13.9221 -58.3396
-27.4987 93.3134 20.0036 -5.21538 -14.006 -58.386
-27.5249 93.2432 19.7115 -5.24638 -14.0901 -58.4323
-27.5512 93.1725 19.4192 -5.27744 -14.1743 -58.4787
-27.5777 93.1014 19.1267 -5.30857 -14.2587 -58.525
-27.6043 93.0299 18.834 -5.33977 -14.3434 -58.5714
-27.6311 92.958 18.541 -5.37103 -14.4282 -58.6177
-27.658 92.8856 18.2478 -5.40236 -14.5132 -58.664
-27.6851 92.8128 17.9544 -5.43376 -14.5984 -58.7103
-27.7123 92.7396 17.6607 -5.46523 -14.6838 -58.7566
-27.7397 92.666 17.3668 -5.49677 -14.7694 -58.8029
-27.7673 92.5919 17.0727 -5.52837 -14.8552 -58.8492
-27.795 92.5175 16.7783 -5.56005 -14.9412 -58.8954
-27.8229 92.4425 16.4837 -5.59179 -15.0274 -58.9417
-27.8509 92.3672 16.1889 -5.62361 -15.1138 -58.9879
-27.8791 92.2914 15.8939 -5.65549 -15.2004 -59.0341
-27.9075 92.2152 15.5986 -5.68745 -15.2872 -59.0803
-27.936 92.1385 15.3031 -5.71947 -15.3742 -59.1265
-27.9647 92.0614 15.0073 -5.75157 -15.4613 -59.1727
-27.9935 91.9839 14.7113 -5.78373 -15.5487 -59.2189
-28.0225 91.9059 14.4151 -5.81597 -15.6363 -59.265
-28.0517 91.8275 14.1187 -5.84828 -15.7241 -59.3112
-28.081 91.7487 13.822 -5.88066 -15.8121 -59.3573
-28.1105 91.6694 13.5251 -5.91312 -15.9003 -59.4034
-28.1401 91.5897 13.228 -5.94564 -15.9887 -59.4495
-28.17 91.5095 12.9306 -5.97824 -16.0773 -59.4956
-28.1999 91.4289 12.633 -6.01092 -16.1661 -59.5416
-28.2301 91.3479 12.3352 -6.04366 -16.2551 -59.5877
-28.2604 91.2664 12.0371 -6.07648 -16.3444 -59.6337
-28.2908 91.1844 11.7389 -6.10937 -16.4338 -59.6797
-28.3215 91.102 11.4403 -6.14234 -16.5235 -59.7257
-28.3522 91.0192 11.1416 -6.17538 -16.6133 -59.7716
-28.3832 90.9359 10.8426 -6.2085 -16.7034 -59.8176
-28.4143 90.8522 10.5434 -6.24169 -16.7937 -59.8635
-28.4456 90.768 10.244 -6.27496 -16.8842 -59.9094
-28.4771 90.6833 9.94433 -6.3083 -16.9749 -59.9553
-28.5087 90.5982 9.64444 -6.34172 -17.0658 -60.0011
-28.5405 90.5127 9.34432 -6.37521 -17.157 -60.047
-28.5725 90.4267 9.04397 -6.40878 -17.2483 -60.0928
-28.6046 90.3402 8.74339 -6.44243 -17.3399 -60.1386
-28.6369 90.2533 8.44258 -6.47616 -17.4317 -60.1843
-28.6693 90.1659 8.14155 -6.50996 -17.5237 -60.2301
-28.702 90.078 7.84028 -6.54384 -17.616 -60.2758
-28.7348 89.9897 7.53879 -6.5778 -17.7084 -60.3215
-28.7678 89.9009 7.23707 -6.61184 -17.8011 -60.3672
-28.8009 89.8117 6.93512 -6.64596 -17.894 -60.4128
-28.8342 89.722 6.63294 -6.68016 -17.9871 -60.4584
-28.8677 89.6318 6.33053 -6.71443 -18.0805 -60.504
-28.9014 89.5412 6.0279 -6.74879 -18.174 -60.5496
-28.9352 89.4501 5.72504 -6.78323 -18.2678 -60.5951
-28.9692 89.3585 5.42195 -6.81774 -18.3619 -60.6406
-29.0034 89.2665 5.11863 -6.85234 -18.4561 -60.6861
-29.0377 89.1739 4.81509 -6.88702 -18.5506 -60.7315
-29.0722 89.081 4.51131 -6.92178 -18.6453 -60.777
-29.1069 88.9875 4.20732 -6.95663 -18.7403 -60.8223
-29.1418 88.8936 3.90309 -6.99155 -18.8354 -60.8677
-29.1769 88.7991 3.59864 -7.02656 -18.9308 -60.913
-29.2121 88.7042 3.29396 -7.06166 -19.0265 -60.9583
-29.2475 88.6089 2.98906 -7.09683 -19.1224 -61.0036
-29.283 88.513 2.68392 -7.13209 -19.2185 -61.0488
-29.3188 88.4167 2.37857 -7.16743 -19.3148 -61.094
-29.3547 88.3199 2.07298 -7.20286 -19.4114 -61.1392
-29.3908 88.2226 1.76718 -7.23838 -19.5082 -61.1843
-29.4271 88.1248 1.46114 -7.27397 -19.6053 -61.2294
-29.4636 88.0265 1.15488 -7.30966 -19.7026 -61.2745
-29.5002 87.9278 0.848397 -7.34543 -19.8001 -61.3195
-29.537 87.8285 0.541687 -7.38129 -19.8979 -61.3645
-29.574 87.7288 0.234752 -7.41723 -19.996 -61.4094
-29.6112 87.6286 -0.0724076 -7.45326 -20.0942 -61.4543
-29.6485 87.5278 -0.379791 -7.48938 -20.1928 -61.4992
-29.6861 87.4266 -0.6874 -7.52559 -20.2915 -61.544
-29.7238 87.3249 -0.995232 -7.56189 -20.3905 -61.5888
-29.7617 87.2227 -1.30329 -7.59827 -20.4898 -61.6336
-29.7998 87.12 -1.61157 -7.63475 -20.5893 -61.6783
-29.838 87.0168 -1.92007 -7.67131 -20.6891 -61.723
-29.8765 86.9131 -2.2288 -7.70797 -20.7891 -61.7676
-29.9151 86.8089 -2.53775 -7.74471 -20.8894 -61.8122
-29.9539 86.7042 -2.84692 -7.78155 -20.9899 -61.8567
-29.9929 86.599 -3.15631 -7.81848 -21.0907 -61.9012
-30.0321 86.4933 -3.46593 -7.8555 -21.1917 -61.9457
-30.0715 86.3871 -3.77577 -7.89261 -21.293 -61.9901
-30.1111 86.2804 -4.08583 -7.92982 -21.3945 -62.0344
-30.1508 86.1732 -4.39611 -7.96711 -21.4963 -62.0787
-30.1907 86.0654 -4.70662 -8.00451 -21.5984 -62.123
-30.2308 85.9572 -5.01734 -8.04199 -21.7007 -62.1672
-30.2711 85.8484 -5.32829 -8.07958 -21.8033 -62.2114
-30.3116 85.7392 -5.63946 -8.11725 -21.9062 -62.2555
-30.3523 85.6294 -5.95085 -8.15503 -22.0093 -62.2996
-30.3932 85.5191 -6.26245 -8.1929 -22.1127 -62.3436
-30.4342 85.4083 -6.57428 -8.23086 -22.2163 -62.3876
-30.4755 85.2969 -6.88633 -8.26892 -22.3203 -62.4315
-30.5169 85.185 -7.1986 -8.30708 -22.4245 -62.4754
-30.5586 85.0727 -7.51108 -8.34534 -22.5289 -62.5192
-30.6004 84.9598 -7.82379 -8.3837 -22.6337 -62.563
-30.6424 84.8463 -8.13671 -8.42215 -22.7387 -62.6067
-30.6846 84.7324 -8.44986 -8.46071 -22.844 -62.6503
-30.727 84.6179 -8.76322 -8.49936 -22.9495 -62.6939
-30.7696 84.5029 -9.0768 -8.53812 -23.0553 -62.7375
-30.8124 84.3873 -9.39059 -8.57697 -23.1615 -62.781
-30.8554 84.2713 -9.7046 -8.61593 -23.2678 -62.8244
-30.8986 84.1547 -10.0188 -8.65499 -23.3745 -62.8678
-30.9419 84.0375 -10.3333 -8.69415 -23.4815 -62.9111
-30.9855 83.9198 -10.6479 -8.73341 -23.5887 -62.9543
-31.0293 83.8016 -10.9628 -8.77278 -23.6962 -62.9975
-31.0732 83.6829 -11.2779 -8.81225 -23.804 -63.0406
-31.1174 83.5636 -11.5932 -8.85182 -23.9121 -63.0837
-31.1617 83.4438 -11.9088 -8.89149 -24.0205 -63.1267
-31.2063 83.3234 -12.2245 -8.93127 -24.1291 -63.1697
-31.2511 83.2025 -12.5405 -8.97116 -24.2381 -63.2125
-31.296 83.081 -12.8566 -9.01115 -24.3473 -63.2553
-31.3412 82.959 -13.173 -9.05124 -24.4568 -63.2981
-31.3865 82.8364 -13.4896 -9.09145 -24.5666 -63.3408
-31.4321 82.7133 -13.8064 -9.13175 -24.6767 -63.3834
-31.4778 82.5897 -14.1234 -9.17217 -24.7872 -63.4259
-31.5238 82.4655 -14.4407 -9.21269 -24.8979 -63.4684
-31.57 82.3407 -14.7581 -9.25332 -25.0088 -63.5108
-31.6163 82.2154 -15.0758 -9.29406 -25.1201 -63.5531
-31.6629 82.0895 -15.3937 -9.33491 -25.2317 -63.5954
-31.7097 81.9631 -15.7117 -9.37586 -25.3436 -63.6376
-31.7567 81.8361 -16.03 -9.41693 -25.4558 -63.6797
-31.8038 81.7085 -16.3485 -9.4581 -25.5683 -63.7217
-31.8512 81.5804 -16.6672 -9.49939 -25.6811 -63.7637
-31.8988 81.4517 -16.9862 -9.54078 -25.7942 -63.8055
-31.9467 81.3224 -17.3053 -9.58229 -25.9076 -63.8473
-31.9947 81.1926 -17.6246 -9.62391 -26.0213 -63.889
-32.0429 81.0622 -17.9442 -9.66564 -26.1354 -63.9307
-32.0913 80.9313 -18.264 -9.70748 -26.2497 -63.9722
-32.14 80.7997 -18.5839 -9.74944 -26.3643 -64.0137
-32.1888 80.6676 -18.9041 -9.79151 -26.4793 -64.0551
-32.2379 80.5349 -19.2245 -9.83369 -26.5946 -64.0964
-32.2872 80.4017 -19.5451 -9.87599 -26.7102 -64.1376
-32.3366 80.2678 -19.8658 -9.91841 -26.8261 -64.1787
-32.3863 80.1334 -20.1868 -9.96094 -26.9423 -64.2198
-32.4362 79.9984 -20.508 -10.0036 -27.0588 -64.2607
-32.4864 79.8628 -20.8294 -10.0463 -27.1757 -64.3016
-32.5367 79.7266 -21.1511 -10.0892 -27.2929 -64.3423
-32.5873 79.5899 -21.4729 -10.1322 -27.4104 -64.383
-32.638 79.4525 -21.7949 -10.1753 -27.5282 -64.4236
-32.689 79.3146 -22.1171 -10.2186 -27.6464 -64.4641
-32.7402 79.1761 -22.4395 -10.2619 -27.7648 -64.5045
-32.7916 79.037 -22.7621 -10.3054 -27.8837 -64.5448
-32.8433 78.8972 -23.085 -10.349 -28.0028 -64.5849
-32.8951 78.7569 -23.408 -10.3927 -28.1223 -64.625
-32.9472 78.616 -23.7312 -10.4365 -28.2421 -64.665
-32.9995 78.4745 -24.0546 -10.4805 -28.3622 -64.7049
-33.052 78.3324 -24.3783 -10.5246 -28.4827 -64.7447
-33.1047 78.1897 -24.7021 -10.5688 -28.6035 -64.7844
-33.1577 78.0464 -25.0261 -10.6131 -28.7247 -64.8239
-33.2109 77.9024 -25.3503 -10.6575 -28.8462 -64.8634
-33.2643 77.7579 -25.6748 -10.7021 -28.968 -64.9027
-33.3179 77.6128 -25.9994 -10.7468 -29.0902 -64.942
-33.3717 77.467 -26.3242 -10.7916 -29.2127 -64.9811
-33.4258 77.3206 -26.6492 -10.8366 -29.3356 -65.0201
-33.4801 77.1736 -26.9744 -10.8817 -29.4588 -65.059
-33.5346 77.026 -27.2998 -10.9269 -29.5824 -65.0978
-33.5894 76.8778 -27.6253 -10.9722 -29.7063 -65.1365
-33.6443 76.729 -27.9511 -11.0177 -29.8305 -65.175
-33.6996 76.5795 -28.2771 -11.0633 -29.9552 -65.2134
-33.755 76.4294 -28.6033 -11.109 -30.0801 -65.2518
-33.8106 76.2787 -28.9296 -11.1549 -30.2055 -65.2899
-33.8665 76.1274 -29.2562 -11.2008 -30.3312 -65.328
-33.9226 75.9754 -29.5829 -11.247 -30.4572 -65.3659
-33.979 75.8228 -29.9098 -11.2932 -30.5836 -65.4037
-34.0356 75.6696 -30.2369 -11.3396 -30.7104 -65.4414
-34.0924 75.5157 -30.5642 -11.3861 -30.8376 -65.479
-34.1494 75.3612 -30.8917 -11.4327 -30.9651 -65.5164
-34.2067 75.206 -31.2194 -11.4795 -31.0929 -65.5537
-34.2642 75.0503 -31.5473 -11.5265 -31.2212 -65.5908
-34.322 74.8938 -31.8753 -11.5735 -31.3498 -65.6278
-34.38 74.7368 -32.2035 -11.6207 -31.4788 -65.6647
-34.4382 74.579 -32.532 -11.668 -31.6082 -65.7014
-34.4967 74.4207 -32.8606 -11.7155 -31.7379 -65.738
-34.5553 74.2617 -33.1893 -11.7631 -31.868 -65.7745
-34.6143 74.102 -33.5183 -11.8109 -31.9985 -65.8108
-34.6735 73.9417 -33.8474 -11.8587 -32.1294 -65.8469
-34.7329 73.7807 -34.1768 -11.9068 -32.2607 -65.8829
-34.7925 73.6191 -34.5063 -11.9549 -32.3923 -65.9188
-34.8524 73.4568 -34.836 -12.0032 -32.5243 -65.9545
-34.9126 73.2938 -35.1658 -12.0517 -32.6568 -65.9901
-34.9729 73.1302 -35.4959 -12.1003 -32.7896 -66.0255
-35.0336 72.9659 -35.8261 -12.149 -32.9228 -66.0607
-35.0944 72.801 -36.1565 -12.1979 -33.0564 -66.0958
-35.1555 72.6354 -36.487 -12.247 -33.1904 -66.1307
-35.2169 72.4691 -36.8178 -12.2961 -33.3247 -66.1655
-35.2785 72.3021 -37.1487 -12.3455 -33.4595 -66.2001
-35.3404 72.1345 -37.4798 -12.3949 -33.5947 -66.2346
-35.4025 71.9662 -37.811 -12.4446 -33.7303 -66.2688
-35.4648 71.7972 -38.1425 -12.4943 -33.8663 -66.3029
-35.5274 71.6275 -38.4741 -12.5443 -34.0027 -66.3369
-35.5902 71.4572 -38.8058 -12.5943 -34.1395 -66.3706
-35.6533 71.2861 -39.1378 -12.6446 -34.2767 -66.4042
-35.7167 71.1144 -39.4699 -12.6949 -34.4143 -66.4376
-35.7803 70.942 -39.8021 -12.7455 -34.5524 -66.4708
-35.8441 70.7689 -40.1346 -12.7961 -34.6908 -66.5039
-35.9082 70.5951 -40.4672 -12.847 -34.8297 -66.5368
-35.9726 70.4206 -40.7999 -12.898 -34.969 -66.5694
-36.0372 70.2454 -41.1329 -12.9491 -35.1087 -66.6019
-36.1021 70.0695 -41.466 -13.0004 -35.2488 -66.6342
-36.1672 69.8929 -41.7992 -13.0519 -35.3894 -66.6663
-36.2326 69.7156 -42.1326 -13.1035 -35.5303 -66.6983
-36.2983 69.5376 -42.4662 -13.1553 -35.6717 -66.73
-36.3642 69.3589 -42.7999 -13.2072 -35.8136 -66.7615
-36.4303 69.1795 -43.1338 -13.2593 -35.9558 -66.7929
-36.4968 68.9993 -43.4679 -13.3116 -36.0985 -66.824
-36.5635 68.8185 -43.8021 -13.364 -36.2417 -66.8549
-36.6304 68.6369 -44.1364 -13.4166 -36.3853 -66.8856
-36.6976 68.4546 -44.4709 -13.4694 -36.5293 -66.9162
-36.7651 68.2716 -44.8056 -13.5223 -36.6737 -66.9465
-36.8328 68.0879 -45.1404 -13.5754 -36.8186 -66.9765
-36.9009 67.9034 -45.4753 -13.6286 -36.964 -67.0064
-36.9691 67.7182 -45.8104 -13.6821 -37.1097 -67.0361
-37.0377 67.5323 -46.1457 -13.7356 -37.256 -67.0655
-37.1065 67.3457 -46.4811 -13.7894 -37.4027 -67.0947
-37.1756 67.1583 -46.8166 -13.8433 -37.5498 -67.1237
-37.2449 66.9702 -47.1523 -13.8974 -37.6974 -67.1525
-37.3145 66.7813 -47.4882 -13.9517 -37.8455 -67.181
-37.3844 66.5917 -47.8241 -14.0062 -37.994 -67.2093
-37.4546 66.4014 -48.1603 -14.0608 -38.143 -67.2374
-37.525 66.2103 -48.4965 -14.1156 -38.2924 -67.2652
-37.5958 66.0185 -48.8329 -14.1705 -38.4423 -67.2928
-37.6668 65.8259 -49.1694 -14.2257 -38.5927 -67.3202
-37.738 65.6325 -49.5061 -14.281 -38.7435 -67.3473
-37.8096 65.4384 -49.8429 -14.3365 -38.8949 -67.3742
-37.8814 65.2436 -50.1799 -14.3922 -39.0466 -67.4008
-37.9535 65.048 -50.5169 -14.448 -39.1989 -67.4271
-38.0259 64.8516 -50.8541 -14.5041 -39.3517 -67.4532
-38.0985 64.6545 -51.1915 -14.5603 -39.5049 -67.4791
-38.1715 64.4565 -51.5289 -14.6167 -39.6586 -67.5047
-38.2447 64.2579 -51.8665 -14.6733 -39.8128 -67.53
-38.3182 64.0584 -52.2042 -14.7301 -39.9675 -67.5551
-38.392 63.8582 -52.5421 -14.787 -40.1226 -67.5799
-38.4661 63.6572 -52.88 -14.8442 -40.2783 -67.6044
-38.5404 63.4554 -53.2181 -14.9015 -40.4344 -67.6286
-38.6151 63.2528 -53.5563 -14.9591 -40.5911 -67.6526
-38.69 63.0495 -53.8946 -15.0168 -40.7482 -67.6763
-38.7653 62.8454 -54.2331 -15.0747 -40.9059 -67.6997
-38.8408 62.6404 -54.5716 -15.1328 -41.064 -67.7228
-38.9166 62.4347 -54.9103 -15.1911 -41.2227 -67.7456
-38.9927 62.2282 -55.2491 -15.2496 -41.3819 -67.7682
-39.0691 62.0209 -55.588 -15.3082 -41.5415 -67.7904
-39.1458 61.8128 -55.927 -15.3671 -41.7017 -67.8124
-39.2227 61.6039 -56.2661 -15.4262 -41.8624 -67.834
-39.3 61.3942 -56.6053 -15.4855 -42.0236 -67.8553
-39.3776 61.1837 -56.9447 -15.5449 -42.1853 -67.8764
-39.4555 60.9723 -57.2841 -15.6046 -42.3476 -67.8971
-39.5336 60.7602 -57.6236 -15.6645 -42.5104 -67.9175
-39.6121 60.5472 -57.9633 -15.7246 -42.6737 -67.9376
-39.6909 60.3334 -58.303 -15.7848 -42.8375 -67.9574
-39.77 60.1188 -58.6428 -15.8453 -43.0018 -67.9768
-39.8493 59.9034 -58.9828 -15.906 -43.1667 -67.9959
-39.929 59.6872 -59.3228 -15.9669 -43.3322 -68.0147
-40.009 59.4701 -59.6629 -16.028 -43.4981 -68.0332
-40.0893 59.2522 -60.0031 -16.0893 -43.6646 -68.0513
-40.1699 59.0335 -60.3434 -16.1509 -43.8317 -68.069
-40.2508 58.8139 -60.6838 -16.2126 -43.9992 -68.0865
-40.332 58.5935 -61.0243 -16.2746 -44.1674 -68.1036
-40.4136 58.3722 -61.3649 -16.3367 -44.336 -68.1203
-40.4954 58.1501 -61.7055 -16.3991 -44.5053 -68.1367
-40.5776 57.9271 -62.0462 -16.4617 -44.6751 -68.1527
-40.66 57.7033 -62.387 -16.5245 -44.8454 -68.1683
-40.7428 57.4787 -62.7279 -16.5876 -45.0163 -68.1836
-40.8259 57.2532 -63.0689 -16.6508 -45.1878 -68.1985
-40.9093 57.0268 -63.4099 -16.7143 -45.3598 -68.2131
-40.993 56.7996 -63.751 -16.778 -45.5324 -68.2272
-41.0771 56.5715 -64.0922 -16.8419 -45.7055 -68.241
-41.1615 56.3425 -64.4334 -16.906 -45.8793 -68.2544
-41.2462 56.1127 -64.7747 -16.9704 -46.0536 -68.2674
-41.3312 55.882 -65.1161 -17.035 -46.2284 -68.28
-41.4165 55.6504 -65.4575 -17.0998 -46.4039 -68.2922
-41.5022 55.418 -65.799 -17.1649 -46.5799 -68.304
-41.5881 55.1846 -66.1405 -17.2301 -46.7565 -68.3154
-41.6745 54.9504 -66.4821 -17.2956 -46.9337 -68.3264
-41.7611 54.7153 -66.8238 -17.3614 -47.1115 -68.337
-41.8481 54.4793 -67.1655 -17.4274 -47.2899 -68.3471
-41.9354 54.2424 -67.5073 -17.4936 -47.4689 -68.3569
-42.023 54.0046 -67.8491 -17.56 -47.6485 -68.3662
-42.111 53.7659 -68.1909 -17.6267 -47.8286 -68.3751
-42.1993 53.5263 -68.5328 -17.6936 -48.0094 -68.3835
-42.2879 53.2858 -68.8748 -17.7608 -48.1908 -68.3915
-42.3769 53.0444 -69.2167 -17.8282 -48.3728 -68.399
-42.4662 52.8021 -69.5588 -17.8959 -48.5554 -68.4061
-42.5558 52.5588 -69.9008 -17.9638 -48.7386 -68.4128
-42.6458 52.3147 -70.2429 -18.0319 -48.9224 -68.419
-42.7362 52.0696 -70.585 -18.1003 -49.1068 -68.4247
-42.8268 51.8236 -70.9271 -18.1689 -49.2919 -68.43
-42.9179 51.5767 -71.2693 -18.2378 -49.4775 -68.4348
-43.0092 51.3288 -71.6115 -18.3069 -49.6638 -68.4391
-43.1009 51.0801 -71.9537 -18.3763 -49.8507 -68.4429
-43.193 50.8303 -72.2959 -18.446 -50.0383 -68.4462
-43.2854 50.5797 -72.6382 -18.5159 -50.2265 -68.4491
-43.3781 50.3281 -72.9804 -18.586 -50.4153 -68.4514
-43.4712 50.0755 -73.3227 -18.6564 -50.6047 -68.4533
-43.5647 49.822 -73.6649 -18.7271 -50.7948 -68.4546
-43.6585 49.5676 -74.0072 -18.798 -50.9856 -68.4554
-43.7527 49.3122 -74.3495 -18.8692 -51.1769 -68.4557
-43.8472 49.0558 -74.6918 -18.9406 -51.369 -68.4555
-43.9421 48.7985 -75.034 -19.0123 -51.5616 -68.4548
-44.0373 48.5402 -75.3763 -19.0843 -51.755 -68.4535
-44.1329 48.2809 -75.7186 -19.1565 -51.949 -68.4517
-44.2289 48.0207 -76.0608 -19.229 -52.1436 -68.4493
-44.3252 47.7595 -76.4031 -19.3018 -52.3389 -68.4464
-44.4219 47.4973 -76.7453 -19.3749 -52.5349 -68.4429
-44.519 47.2341 -77.0875 -19.4482 -52.7315 -68.4389
-44.6164 46.97 -77.4297 -19.5218 -52.9288 -68.4342
-44.7142 46.7049 -77.7718 -19.5956 -53.1268 -68.4291
-44.8124 46.4387 -78.114 -19.6697 -53.3254 -68.4233
-44.9109 46.1716 -78.4561 -19.7442 -53.5247 -68.417
-45.0098 45.9035 -78.7981 -19.8188 -53.7247 -68.41
-45.1091 45.6344 -79.1402 -19.8938 -53.9254 -68.4025
-45.2087 45.3642 -79.4822 -19.9691 -54.1267 -68.3944
-45.3088 45.0931 -79.8241 -20.0446 -54.3288 -68.3856
-45.4092 44.8209 -80.166 -20.1204 -54.5315 -68.3763
-45.51 44.5478 -80.5079 -20.1965 -54.7349 -68.3663
-45.6111 44.2736 -80.8497 -20.2729 -54.9391 -68.3557
-45.7127 43.9984 -81.1914 -20.3495 -55.1439 -68.3444
-45.8146 43.7222 -81.5331 -20.4265 -55.3494 -68.3325
-45.917 43.4449 -81.8748 -20.5037 -55.5556 -68.32
-46.0197 43.1666 -82.2163 -20.5813 -55.7625 -68.3068
-46.1228 42.8873 -82.5578 -20.6591 -55.9702 -68.293
-46.2263 42.6069 -82.8993 -20.7372 -56.1785 -68.2785
-46.3302 42.3255 -83.2406 -20.8157 -56.3875 -68.2633
-46.4344 42.043 -83.5819 -20.8944 -56.5973 -68.2474
-46.5391 41.7595 -83.9231 -20.9734 -56.8078 -68.2308
-46.6442 41.4749 -84.2642 -21.0527 -57.019 -68.2136
-46.7496 41.1893 -84.6052 -21.1323 -57.2309 -68.1956
-46.8555 40.9026 -84.9462 -21.2122 -57.4435 -68.177
-46.9617 40.6149 -85.287 -21.2924 -57.6569 -68.1576
-47.0684 40.3261 -85.6277 -21.3729 -57.871 -68.1375
-47.1755 40.0362 -85.9684 -21.4538 -58.0858 -68.1166
-47.2829 39.7452 -86.3089 -21.5349 -58.3014 -68.0951
-47.3908 39.4532 -86.6493 -21.6163 -58.5177 -68.0727
-47.4991 39.16 -86.9896 -21.6981 -58.7347 -68.0497
-47.6078 38.8658 -87.3298 -21.7801 -58.9525 -68.0258
-47.7169 38.5705 -87.6699 -21.8625 -59.171 -68.0012
-47.8264 38.2741 -88.0098 -21.9452 -59.3903 -67.9758
-47.9364 37.9766 -88.3496 -22.0281 -59.6103 -67.9497
-48.0467 37.678 -88.6893 -22.1115 -59.831 -67.9227
-48.1575 37.3783 -89.0289 -22.1951 -60.0525 -67.8949
-48.2687 37.0775 -89.3683 -22.279 -60.2748 -67.8664
-48.3803 36.7755 -89.7075 -22.3633 -60.4978 -67.837
-48.4923 36.4725 -90.0466 -22.4479 -60.7216 -67.8067
-48.6047 36.1683 -90.3856 -22.5328 -60.9462 -67.7757
-48.7176 35.863 -90.7244 -22.618 -61.1715 -67.7438
-48.8309 35.5566 -91.063 -22.7035 -61.3975 -67.711
-48.9447 35.2491 -91.4015 -22.7894 -61.6244 -67.6774
-49.0588 34.9404 -91.7398 -22.8756 -61.852 -67.643
-49.1734 34.6305 -92.0779 -22.9621 -62.0804 -67.6076
-49.2884 34.3196 -92.4159 -23.049 -62.3095 -67.5714
-49.4039 34.0074 -92.7537 -23.1362 -62.5394 -67.5342
-49.5198 33.6942 -93.0912 -23.2237 -62.7702 -67.4962
-49.6361 33.3797 -93.4286 -23.3116 -63.0016 -67.4572
-49.7529 33.0642 -93.7658 -23.3998 -63.2339 -67.4173
-49.8701 32.7474 -94.1028 -23.4883 -63.467 -67.3765
-49.9878 32.4295 -94.4396 -23.5771 -63.7008 -67.3348
-50.1059 32.1104 -94.7761 -23.6663 -63.9354 -67.292
-50.2245 31.7901 -95.1125 -23.7558 -64.1708 -67.2484
-50.3435 31.4687 -95.4486 -23.8457 -64.407 -67.2037
-50.4629 31.1461 -95.7845 -23.9359 -64.644 -67.1581
-50.5828 30.8222 -96.1202 -24.0265 -64.8818 -67.1115
-50.7032 30.4972 -96.4556 -24.1174 -65.1204 -67.0639
-50.824 30.171 -96.7908 -24.2086 -65.3598 -67.0152
-50.9453 29.8436 -97.1258 -24.3002 -65.5999 -66.9656
-51.067 29.515 -97.4605 -24.3921 -65.8409 -66.9149
-51.1892 29.1852 -97.7949 -24.4844 -66.0827 -66.8631
-51.3118 28.8542 -98.1291 -24.577 -66.3253 -66.8104
-51.435 28.522 -98.463 -24.67 -66.5686 -66.7565
-51.5585 28.1885 -98.7967 -24.7633 -66.8128 -66.7016
-51.6826 27.8539 -99.1301 -24.857 -67.0578 -66.6456
-51.8071 27.518 -99.4631 -24.951 -67.3036 -66.5884
-51.9321 27.1808 -99.7959 -25.0454 -67.5502 -66.5302
-52.0576 26.8424 -100.128 -25.1401 -67.7977 -66.4709
-52.1835 26.5028 -100.461 -25.2352 -68.0459 -66.4104
-52.3099 26.162 -100.793 -25.3307 -68.2949 -66.3488
-52.4368 25.8199 -101.124 -25.4264 -68.5448 -66.286
-52.5642 25.4765 -101.455 -25.5226 -68.7955 -66.222
-52.692 25.1319 -101.786 -25.6191 -69.0469 -66.1569
-52.8204 24.7861 -102.117 -25.716 -69.2992 -66.0906
-52.9492 24.4389 -102.447 -25.8132 -69.5524 -66.0231
-53.0785 24.0905 -102.777 -25.9108 -69.8063 -65.9543
-53.2083 23.7409 -103.107 -26.0088 -70.061 -65.8844
-53.3386 23.3899 -103.436 -26.1071 -70.3166 -65.8131
-53.4694 23.0377 -103.765 -26.2058 -70.573 -65.7407
-53.6007 22.6842 -104.093 -26.3049 -70.8302 -65.667
-53.7324 22.3294 -104.422 -26.4043 -71.0882 -65.5919
-53.8647 21.9733 -104.749 -26.5041 -71.347 -65.5156
-53.9975 21.6159 -105.077 -26.6042 -71.6067 -65.438
-54.1307 21.2573 -105.404 -26.7047 -71.8671 -65.3591
-54.2645 20.8973 -105.73 -26.8056 -72.1284 -65.2789
-54.3988 20.536 -106.057 -26.9069 -72.3905 -65.1973
-54.5336 20.1734 -106.382 -27.0085 -72.6535 -65.1143
-54.6689 19.8094 -106.708 -27.1105 -72.9172 -65.03
-54.8047 19.4442 -107.033 -27.2129 -73.1818 -64.9442
-54.941 19.0776 -107.357 -27.3156 -73.4471 -64.8571
-55.0779 18.7097 -107.681 -27.4187 -73.7133 -64.7686
-55.2152 18.3405 -108.005 -27.5222 -73.9803 -64.6786
-55.3531 17.9699 -108.328 -27.6261 -74.2482 -64.5872
-55.4915 17.598 -108.651 -27.7303 -74.5168 -64.4943
-55.6304 17.2248 -108.973 -27.8349 -74.7862 -64.4
-55.7698 16.8501 -109.295 -27.9399 -75.0565 -64.3041
-55.9098 16.4742 -109.616 -28.0453 -75.3276 -64.2068
-56.0503 16.0969 -109.937 -28.151 -75.5994 -64.1079
-56.1913 15.7182 -110.257 -28.2571 -75.8721 -64.0076
-56.3328 15.3381 -110.577 -28.3636 -76.1456 -63.9056
-56.4749 14.9567 -110.896 -28.4705 -76.4199 -63.8021
-56.6175 14.5739 -111.215 -28.5778 -76.695 -63.697
-56.7607 14.1898 -111.533 -28.6854 -76.9709 -63.5904
-56.9044 13.8042 -111.851 -28.7934 -77.2476 -63.4821
-57.0486 13.4173 -112.168 -28.9018 -77.525 -63.3721
-57.1934 13.029 -112.484 -29.0106 -77.8033 -63.2606
-57.3387 12.6393 -112.801 -29.1197 -78.0824 -63.1474
-57.4846 12.2482 -113.116 -29.2293 -78.3622 -63.0325
-57.631 11.8557 -113.431 -29.3392 -78.6429 -62.9159
-57.778 11.4617 -113.745 -29.4495 -78.9243 -62.7975
-57.9255 11.0664 -114.059 -29.5602 -79.2065 -62.6775
-58.0736 10.6697 -114.372 -29.6712 -79.4895 -62.5557
-58.2222 10.2715 -114.684 -29.7827 -79.7732 -62.4322
-58.3714 9.87194 -114.996 -29.8945 -80.0578 -62.3069
-58.5212 9.47094 -115.307 -30.0067 -80.343 -62.1797
-58.6715 9.06851 -115.618 -30.1193 -80.6291 -62.0508
-58.8224 8.66465 -115.928 -30.2323 -80.9159 -61.92
-58.9738 8.25935 -116.237 -30.3456 -81.2035 -61.7874
-59.1258 7.85261 -116.546 -30.4594 -81.4918 -61.6529
-59.2784 7.44443 -116.854 -30.5735 -81.7808 -61.5166
-59.4316 7.0348 -117.161 -30.688 -82.0706 -61.3783
-59.5853 6.62372 -117.468 -30.8029 -82.3611 -61.2381
-59.7396 6.21119 -117.773 -30.9182 -82.6524 -61.096
-59.8945 5.7972 -118.078 -31.0338 -82.9444 -60.9519
-60.0499 5.38175 -118.383 -31.1498 -83.2371 -60.8058
-60.206 4.96483 -118.687 -31.2663 -83.5305 -60.6577
-60.3626 4.54644 -118.989 -31.3831 -83.8246 -60.5076
-60.5198 4.12658 -119.292 -31.5002 -84.1195 -60.3555
-60.6776 3.70525 -119.593 -31.6178 -84.415 -60.2013
-60.836 3.28243 -119.894 -31.7357 -84.7112 -60.045
-60.995 2.85813 -120.193 -31.854 -85.0081 -59.8866
-61.1545 2.43235 -120.492 -31.9727 -85.3057 -59.7261
-61.3147 2.00508 -120.791 -32.0918 -85.604 -59.5635
-61.4754 1.57631 -121.088 -32.2113 -85.9029 -59.3987
-61.6368 1.14605 -121.385 -32.3311 -86.2024 -59.2318
-61.7988 0.714286 -121.68 -32.4513 -86.5027 -59.0626
-61.9613 0.281022 -121.975 -32.5719 -86.8035 -58.8912
-62.1245 -0.153749 -122.269 -32.6929 -87.105 -58.7176
-62.2882 -0.590029 -122.563 -32.8142 -87.4071 -58.5418
-62.4526 -1.02782 -122.855 -32.936 -87.7099 -58.3636
-62.6176 -1.46713 -123.146 -33.0581 -88.0132 -58.1832
-62.7832 -1.90795 -123.437 -33.1805 -88.3171 -58.0004
-62.9494 -2.3503 -123.726 -33.3034 -88.6217 -57.8153
-63.1162 -2.79417 -124.015 -33.4266 -88.9268 -57.6278
-63.2837 -3.23957 -124.302 -33.5502 -89.2324 -57.4379
-63.4517 -3.68649 -124.589 -33.6742 -89.5387 -57.2456
-63.6204 -4.13495 -124.875 -33.7985 -89.8455 -57.0509
-63.7897 -4.58495 -125.16 -33.9232 -90.1528 -56.8537
-63.9597 -5.03648 -125.443 -34.0483 -90.4606 -56.654
-64.1302 -5.48956 -125.726 -34.1737 -90.769 -56.4519
-64.3014 -5.94417 -126.008 -34.2995 -91.0779 -56.2472
-64.4732 -6.40033 -126.289 -34.4257 -91.3872 -56.04
-64.6456 -6.85804 -126.568 -34.5523 -91.6971 -55.8302
-64.8187 -7.31731 -126.847 -34.6792 -92.0074 -55.6179
-64.9924 -7.77812 -127.125 -34.8065 -92.3182 -55.4029
-65.1668 -8.24049 -127.401 -34.9341 -92.6294 -55.1852
-65.3418 -8.70441 -127.676 -35.0621 -92.941 -54.965
-65.5174 -9.1699 -127.951 -35.1905 -93.2531 -54.742
-65.6937 -9.63694 -128.224 -35.3192 -93.5656 -54.5163
-65.8706 -10.1056 -128.496 -35.4482 -93.8785 -54.2879
-66.0482 -10.5757 -128.767 -35.5777 -94.1917 -54.0568
-66.2264 -11.0475 -129.036 -35.7075 -94.5053 -53.8229
-66.4052 -11.5208 -129.305 -35.8376 -94.8193 -53.5861
-66.5848 -11.9957 -129.572 -35.9681 -95.1336 -53.3466
-66.7649 -12.4721 -129.838 -36.099 -95.4482 -53.1042
-66.9458 -12.9501 -130.103 -36.2302 -95.7631 -52.8589
-67.1272 -13.4298 -130.367 -36.3617 -96.0783 -52.6108
-67.3094 -13.9109 -130.629 -36.4936 -96.3938 -52.3597
-67.4922 -14.3937 -130.891 -36.6259 -96.7096 -52.1056
-67.6756 -14.878 -131.15 -36.7585 -97.0255 -51.8486
-67.8598 -15.3639 -131.409 -36.8914 -97.3417 -51.5886
-68.0445 -15.8514 -131.666 -37.0247 -97.6581 -51.3256
-68.23 -16.3405 -131.922 -37.1584 -97.9747 -51.0595
-68.4161 -16.8312 -132.177 -37.2923 -98.2914 -50.7904
-68.6029 -17.3234 -132.43 -37.4266 -98.6083 -50.5182
-68.7904 -17.8173 -132.682 -37.5613 -98.9254 -50.2428
-68.9785 -18.3127 -132.933 -37.6963 -99.2425 -49.9643
-69.1674 -18.8097 -133.182 -37.8316 -99.5598 -49.6827
-69.3569 -19.3083 -133.429 -37.9673 -99.8771 -49.3978
-69.547 -19.8085 -133.676 -38.1033 -100.194 -49.1097
-69.7379 -20.3102 -133.921 -38.2396 -100.512 -48.8184
-69.9294 -20.8136 -134.164 -38.3763 -100.829 -48.5238
-70.1217 -21.3185 -134.406 -38.5133 -101.147 -48.2259
-70.3146 -21.8251 -134.646 -38.6507 -101.464 -47.9247
-70.5082 -22.3332 -134.885 -38.7883 -101.781 -47.6201
-70.7024 -22.8429 -135.122 -38.9263 -102.099 -47.3122
-70.8974 -23.3542 -135.358 -39.0647 -102.416 -47.0008
-71.0931 -23.867 -135.592 -39.2033 -102.733 -46.6861
-71.2895 -24.3815 -135.825 -39.3423 -103.05 -46.3678
-71.4865 -24.8975 -136.056 -39.4816 -103.367 -46.0461
-71.6843 -25.4152 -136.285 -39.6212 -103.683 -45.7209
-71.8827 -25.9344 -136.513 -39.7612 -104 -45.3922
-72.0819 -26.4552 -136.739 -39.9015 -104.316 -45.0599
-72.2817 -26.9775 -136.964 -40.0421 -104.632 -44.724
-72.4823 -27.5015 -137.187 -40.183 -104.947 -44.3845
-72.6836 -28.027 -137.408 -40.3243 -105.263 -44.0413
-72.8856 -28.5541 -137.627 -40.4659 -105.578 -43.6945
-73.0882 -29.0828 -137.845 -40.6078 -105.892 -43.344
-73.2916 -29.613 -138.061 -40.75 -106.207 -42.9897
-73.4957 -30.1449 -138.275 -40.8926 -106.521 -42.6318
-73.7006 -30.6782 -138.487 -41.0355 -106.834 -42.27
-73.9061 -31.2132 -138.697 -41.1787 -107.147 -41.9044
-74.1123 -31.7497 -138.906 -41.3222 -107.46 -41.535
-74.3193 -32.2878 -139.113 -41.466 -107.772 -41.1618
-74.527 -32.8274 -139.317 -41.6102 -108.084 -40.7846
-74.7354 -33.3686 -139.52 -41.7547 -108.395 -40.4036
-74.9446 -33.9114 -139.722 -41.8995 -108.705 -40.0186
-75.1544 -34.4557 -139.921 -42.0447 -109.015 -39.6296
-75.365 -35.0015 -140.118 -42.1902 -109.325 -39.2366
-75.5763 -35.5489 -140.313 -42.336 -109.633 -38.8396
-75.7884 -36.0979 -140.506 -42.4821 -109.941 -38.4385
-76.0011 -36.6484 -140.697 -42.6286 -110.249 -38.0334
-76.2146 -37.2004 -140.887 -42.7754 -110.555 -37.6241
-76.4289 -37.7539 -141.074 -42.9225 -110.861 -37.2107
-76.6439 -38.309 -141.259 -43.07 -111.166 -36.793
-76.8596 -38.8656 -141.442 -43.2178 -111.471 -36.3712
-77.076 -39.4237 -141.622 -43.3659 -111.775 -35.9452
-77.2932 -39.9833 -141.801 -43.5144 -112.077 -35.5148
-77.5112 -40.5445 -141.978 -43.6632 -112.379 -35.0802
-77.7299 -41.1071 -142.152 -43.8123 -112.681 -34.6412
-77.9493 -41.6713 -142.324 -43.9618 -112.981 -34.1978
-78.1695 -42.2369 -142.494 -44.1116 -113.28 -33.7501
-78.3904 -42.8041 -142.661 -44.2617 -113.579 -33.2979
-78.6121 -43.3727 -142.827 -44.4122 -113.876 -32.8413
-78.8346 -43.9429 -142.99 -44.563 -114.173 -32.3801
-79.0577 -44.5145 -143.151 -44.7142 -114.469 -31.9144
-79.2817 -45.0875 -143.309 -44.8656 -114.763 -31.4442
-79.5064 -45.6621 -143.465 -45.0174 -115.057 -30.9693
-79.7319 -46.2381 -143.619 -45.1696 -115.35 -30.4898
-79.9581 -46.8156 -143.77 -45.322 -115.642 -30.0056
-80.1851 -47.3945 -143.919 -45.4748 -115.932 -29.5167
-80.4128 -47.9749 -144.065 -45.6279 -116.222 -29.023
-80.6414 -48.5568 -144.209 -45.7812 -116.511 -28.5246
-80.8707 -49.14 -144.35 -45.9349 -116.798 -28.0213
-81.1007 -49.7248 -144.489 -46.0889 -117.085 -27.5132
-81.3315 -50.3109 -144.625 -46.2431 -117.37 -27.0001
-81.5631 -50.8985 -144.759 -46.3976 -117.655 -26.4821
-81.7955 -51.4875 -144.89 -46.5523 -117.938 -25.9591
-82.0287 -52.0779 -145.019 -46.7073 -118.221 -25.4311
-82.2626 -52.6697 -145.145 -46.8625 -118.502 -24.898
-82.4973 -53.2629 -145.268 -47.0179 -118.783 -24.3598
-82.7328 -53.8575 -145.388 -47.1734 -119.062 -23.8164
-82.969 -54.4535 -145.506 -47.3291 -119.341 -23.2678
-83.206 -55.0509 -145.621 -47.4848 -119.618 -22.714
-83.4439 -55.6497 -145.733 -47.6407 -119.894 -22.155
-83.6824 -56.2499 -145.842 -47.7965 -120.17 -21.5906
-83.9218 -56.8514 -145.949 -47.9524 -120.445 -21.0208
-84.162 -57.4543 -146.053 -48.1081 -120.718 -20.4457
-84.4029 -58.0586 -146.153 -48.2638 -120.991 -19.8651
-84.6446 -58.6642 -146.251 -48.4193 -121.263 -19.279
-84.8871 -59.2712 -146.346 -48.5745 -121.534 -18.6875
-85.1303 -59.8796 -146.438 -48.7294 -121.804 -18.0903
-85.3744 -60.4893 -146.527 -48.8839 -122.074 -17.4877
-85.6192 -61.1003 -146.613 -49.0379 -122.342 -16.8794
-85.8647 -61.7127 -146.696 -49.1914 -122.61 -16.2654
-86.1111 -62.3265 -146.776 -49.3442 -122.877 -15.6459
-86.3582 -62.9415 -146.852 -49.4962 -123.144 -15.0206
-86.606 -63.5579 -146.926 -49.6473 -123.41 -14.3897
-86.8546 -64.1756 -146.996 -49.7973 -123.675 -13.7531
-87.104 -64.7947 -147.064 -49.9463 -123.94 -13.1108
-87.3541 -65.415 -147.127 -50.0939 -124.204 -12.4628
-87.6049 -66.0367 -147.188 -50.2401 -124.468 -11.8091
-87.8565 -66.6597 -147.246 -50.3846 -124.73 -11.1498
-88.1087 -67.284 -147.3 -50.5274 -124.993 -10.4849
-88.3617 -67.9096 -147.35 -50.6682 -125.255 -9.8143
-88.6154 -68.5366 -147.398 -50.807 -125.516 -9.13819
-88.8698 -69.1648 -147.442 -50.9433 -125.776 -8.45659
-89.1248 -69.7943 -147.482 -51.0772 -126.036 -7.76956
-89.3805 -70.4252 -147.52 -51.2084 -126.296 -7.07718
-89.6369 -71.0573 -147.553 -51.3366 -126.554 -6.37954
-89.8939 -71.6907 -147.583 -51.4617 -126.812 -5.67674
-90.1515 -72.3254 -147.61 -51.5834 -127.069 -4.96889
-90.4097 -72.9614 -147.633 -51.7016 -127.325 -4.25612
-90.6685 -73.5987 -147.653 -51.816 -127.581 -3.53856
-90.9278 -74.2372 -147.669 -51.9265 -127.834 -2.81638
-91.1877 -74.877 -147.681 -52.0327 -128.087 -2.08972
-91.4482 -75.5181 -147.689 -52.1346 -128.338 -1.35876
-91.7091 -76.1604 -147.694 -52.2319 -128.588 -0.623686
-91.9705 -76.804 -147.696 -52.3245 -128.836 0.11531
-92.2323 -77.4488 -147.693 -52.4121 -129.082 0.858025
-92.4946 -78.0948 -147.687 -52.4947 -129.326 1.60425
-92.7572 -78.742 -147.677 -52.572 -129.568 2.35376
-93.0203 -79.3905 -147.664 -52.6439 -129.807 3.10635
-93.2837 -80.0401 -147.646 -52.7104 -130.044 3.86177
-93.5474 -80.6909 -147.625 -52.7713 -130.277 4.6198
-93.8114 -81.3429 -147.6 -52.8265 -130.508 5.38021
-94.0756 -81.996 -147.571 -52.876 -130.735 6.14276
-94.3401 -82.6502 -147.539 -52.9198 -130.958 6.90723
-94.6048 -83.3055 -147.502 -52.9577 -131.177 7.67339
-94.8697 -83.9619 -147.462 -52.9899 -131.392 8.441
-95.1347 -84.6194 -147.418 -53.0163 -131.603 9.20986
-95.3998 -85.278 -147.37 -53.037 -131.809 9.97975
-95.6651 -85.9375 -147.318 -53.0519 -132.01 10.7505
-95.9304 -86.598 -147.263 -53.0612 -132.206 11.5218
-96.1957 -87.2595 -147.203 -53.065 -132.396 12.2936
-96.461 -87.922 -147.14 -53.0632 -132.581 13.0656
-96.7263 -88.5853 -147.072 -53.0561 -132.76 13.8377
-96.9916 -89.2496 -147.001 -53.0437 -132.933 14.6097
-97.2568 -89.9146 -146.926 -53.0262 -133.1 15.3815
-97.5218 -90.5805 -146.848 -53.0036 -133.26 16.1529
-97.7868 -91.2472 -146.765 -52.9762 -133.414 16.9238
-98.0516 -91.9147 -146.678 -52.944 -133.561 17.6941
-98.3163 -92.5828 -146.588 -52.9071 -133.702 18.4637
-98.5807 -93.2517 -146.494 -52.8658 -133.835 19.2323
-98.8449 -93.9211 -146.396 -52.8202 -133.962 20.0001
-99.1089 -94.5913 -146.294 -52.7703 -134.081 20.7668
-99.3726 -95.2619 -146.188 -52.7164 -134.193 21.5323
-99.6361 -95.9332 -146.078 -52.6586 -134.298 22.2967
-99.8992 -96.6049 -145.965 -52.597 -134.395 23.0598
-100.162 -97.2771 -145.848 -52.5318 -134.485 23.8215
-100.425 -97.9497 -145.727 -52.463 -134.567 24.5818
-100.687 -98.6228 -145.602 -52.3909 -134.642 25.3407
-100.948 -99.2961 -145.474 -52.3155 -134.709 26.098
-101.21 -99.9698 -145.341 -52.2369 -134.769 26.8537
-101.471 -100.644 -145.205 -52.1553 -134.821 27.6079
-101.731 -101.318 -145.065 -52.0707 -134.865 28.3603
-101.992 -101.992 -144.921 -51.9833 -134.902 29.111
-102.251 -102.667 -144.774 -51.8932 -134.931 29.8599
-102.511 -103.342 -144.623 -51.8004 -134.952 30.607
-102.769 -104.017 -144.468 -51.705 -134.966 31.3523
-103.028 -104.691 -144.309 -51.6071 -134.973 32.0956
-103.285 -105.366 -144.147 -51.5069 -134.972 32.8369
-103.543 -106.041 -143.981 -51.4043 -134.963 33.5763
-103.799 -106.716 -143.811 -51.2994 -134.947 34.3136
-104.056 -107.391 -143.638 -51.1923 -134.923 35.0488
-104.311 -108.065 -143.461 -51.0831 -134.893 35.7818
-104.567 -108.739 -143.28 -50.9718 -134.854 36.5127
-104.821 -109.414 -143.096 -50.8584 -134.809 37.2413
-105.075 -110.088 -142.908 -50.7431 -134.756 37.9676
-105.329 -110.761 -142.716 -50.6258 -134.696 38.6915
-105.581 -111.435 -142.521 -50.5066 -134.629 39.4131
-105.834 -112.107 -142.322 -50.3856 -134.555 40.1322
-106.085 -112.78 -142.119 -50.2628 -134.473 40.8487
-106.336 -113.452 -141.913 -50.1382 -134.385 41.5628
-106.587 -114.124 -141.704 -50.0119 -134.29 42.2741
-106.836 -114.795 -141.491 -49.8839 -134.188 42.9829
-107.086 -115.466 -141.274 -49.7542 -134.079 43.6888
-107.334 -116.136 -141.054 -49.6228 -133.963 44.392
-107.582 -116.805 -140.83 -49.4899 -133.841 45.0923
-107.829 -117.474 -140.603 -49.3554 -133.712 45.7897
-108.075 -118.143 -140.372 -49.2193 -133.577 46.4841
-108.321 -118.81 -140.138 -49.0817 -133.435 47.1755
-108.566 -119.477 -139.9 -48.9426 -133.287 47.8638
-108.811 -120.143 -139.659 -48.802 -133.132 48.5489
-109.054 -120.808 -139.415 -48.66 -132.971 49.2308
-109.297 -121.473 -139.167 -48.5166 -132.804 49.9094
-109.539 -122.136 -138.916 -48.3718 -132.631 50.5847
-109.781 -122.799 -138.661 -48.2255 -132.452 51.2566
-110.022 -123.461 -138.403 -48.078 -132.267 51.925
-110.262 -124.122 -138.142 -47.9291 -132.076 52.5899
-110.501 -124.782 -137.877 -47.7789 -131.879 53.2512
-110.739 -125.44 -137.61 -47.6274 -131.677 53.9088
-110.977 -126.098 -137.338 -47.4747 -131.469 54.5628
-111.214 -126.755 -137.064 -47.3207 -131.255 55.2129
-111.45 -127.411 -136.786 -47.1655 -131.036 55.8593
-111.686 -128.065 -136.505 -47.0091 -130.811 56.5018
-111.921 -128.719 -136.221 -46.8515 -130.581 57.1403
-112.154 -129.371 -135.934 -46.6928 -130.346 57.7749
-112.387 -130.022 -135.643 -46.533 -130.105 58.4054
-112.62 -130.672 -135.35 -46.372 -129.86 59.0318
-112.851 -131.321 -135.053 -46.21 -129.609 59.654
-113.082 -131.968 -134.753 -46.0469 -129.353 60.2721
-113.312 -132.615 -134.45 -45.8828 -129.093 60.8859
-113.541 -133.259 -134.144 -45.7177 -128.828 61.4954
-113.769 -133.903 -133.835 -45.5516 -128.558 62.1005
-113.996 -134.545 -133.523 -45.3846 -128.284 62.7013
-114.223 -135.186 -133.208 -45.2166 -128.005 63.2976
-114.448 -135.825 -132.89 -45.0476 -127.722 63.8894
-114.673 -136.463 -132.57 -44.8778 -127.434 64.4767
-114.897 -137.099 -132.246 -44.7072 -127.142 65.0594
-115.12 -137.734 -131.919 -44.5357 -126.846 65.6375
-115.343 -138.368 -131.589 -44.3633 -126.546 66.211
-115.564 -139 -131.257 -44.1902 -126.242 66.7798
-115.784 -139.63 -130.922 -44.0163 -125.934 67.3439
-116.004 -140.259 -130.583 -43.8417 -125.622 67.9032
-116.223 -140.886 -130.243 -43.6663 -125.307 68.4577
-116.441 -141.512 -129.899 -43.4903 -124.987 69.0075
-116.658 -142.136 -129.552 -43.3136 -124.665 69.5524
-116.874 -142.759 -129.203 -43.1362 -124.338 70.0924
-117.089 -143.38 -128.852 -42.9582 -124.009 70.6275
-117.303 -143.999 -128.497 -42.7796 -123.676 71.1577
-117.517 -144.616 -128.14 -42.6005 -123.339 71.683
-117.729 -145.232 -127.78 -42.4208 -123 72.2033
-117.941 -145.846 -127.418 -42.2406 -122.658 72.7187
-118.152 -146.459 -127.053 -42.0599 -122.312 73.229
-118.362 -147.07 -126.686 -41.8787 -121.964 73.7343
-118.571 -147.679 -126.316 -41.697 -121.613 74.2347
-118.779 -148.286 -125.943 -41.515 -121.259 74.7299
-118.986 -148.891 -125.568 -41.3325 -120.903 75.2202
-119.192 -149.495 -125.191 -41.1497 -120.544 75.7053
-119.397 -150.097 -124.811 -40.9665 -120.183 76.1855
-119.602 -150.697 -124.429 -40.783 -119.819 76.6605
-119.805 -151.295 -124.045 -40.5992 -119.453 77.1305
-120.008 -151.891 -123.658 -40.4151 -119.084 77.5954
-120.209 -152.486 -123.269 -40.2308 -118.714 78.0552
-120.41 -153.078 -122.877 -40.0462 -118.341 78.5099
-120.61 -153.669 -122.484 -39.8614 -117.967 78.9595
-120.809 -154.258 -122.088 -39.6765 -117.59 79.4041
-121.007 -154.845 -121.69 -39.4913 -117.212 79.8436
-121.204 -155.43 -121.289 -39.3061 -116.832 80.2781
-121.4 -156.013 -120.887 -39.1207 -116.45 80.7074
-121.595 -156.595 -120.482 -38.9352 -116.066 81.1318
-121.789 -157.174 -120.076 -38.7496 -115.681 81.5511
-121.982 -157.751 -119.667 -38.564 -115.295 81.9653
-122.175 -158.327 -119.256 -38.3784 -114.907 82.3745
-122.366 -158.9 -118.843 -38.1927 -114.518 82.7788
-122.557 -159.472 -118.428 -38.007 -114.128 83.178
-122.746 -160.042 -118.011 -37.8214 -113.736 83.5722
-122.935 -160.609 -117.592 -37.6358 -113.343 83.9615
-123.122 -161.175 -117.172 -37.4503 -112.949 84.3459
-123.309 -161.739 -116.749 -37.2649 -112.555 84.7253
-123.495 -162.301 -116.324 -37.0796 -112.159 85.0998
-123.68 -162.86 -115.898 -36.8944 -111.762 85.4694
-123.864 -163.418 -115.47 -36.7094 -111.365 85.8342
-124.047 -163.974 -115.04 -36.5245 -110.967 86.1941
-124.229 -164.528 -114.608 -36.3398 -110.568 86.5492
-124.411 -165.08 -114.174 -36.1553 -110.169 86.8995
-124.591 -165.63 -113.739 -35.9711 -109.769 87.245
-124.77 -166.177 -113.302 -35.787 -109.368 87.5858
-124.949 -166.723 -112.863 -35.6032 -108.967 87.9219
-125.126 -167.267 -112.422 -35.4197 -108.566 88.2533
-125.303 -167.809 -111.98 -35.2364 -108.164 88.58
-125.479 -168.349 -111.537 -35.0535 -107.762 88.902
-125.653 -168.887 -111.091 -34.8708 -107.36 89.2195
-125.827 -169.422 -110.644 -34.6885 -106.958 89.5324
-126 -169.956 -110.196 -34.5065 -106.556 89.8407
-126.172 -170.488 -109.746 -34.3249 -106.153 90.1446
-126.344 -171.018 -109.295 -34.1437 -105.751 90.4439
-126.514 -171.545 -108.842 -33.9628 -105.348 90.7388
-126.683 -172.071 -108.387 -33.7823 -104.946 91.0293
-126.852 -172.595 -107.931 -33.6023 -104.543 91.3154
-127.019 -173.117 -107.474 -33.4226 -104.141 91.5971
-127.186 -173.636 -107.015 -33.2434 -103.739 91.8746
-127.352 -174.154 -106.555 -33.0647 -103.338 92.1477
-127.517 -174.67 -106.094 -32.8864 -102.936 92.4166
-127.681 -175.183 -105.631 -32.7085 -102.535 92.6813
-127.844 -175.695 -105.167 -32.5312 -102.135 92.9418
-128.006 -176.205 -104.702 -32.3543 -101.735 93.1981
-128.167 -176.712 -104.235 -32.1779 -101.335 93.4504
-128.328 -177.218 -103.767 -32.0021 -100.936 93.6985
-128.487 -177.722 -103.298 -31.8268 -100.537 93.9427
-128.646 -178.223 -102.828 -31.652 -100.139 94.1828
-128.804 -178.723 -102.356 -31.4777 -99.7413 94.419
-128.961 -179.221 -101.884 -31.304 -99.3443 94.6512
-129.117 -179.717 -101.41 -31.1308 -98.9481 94.8796
-129.272 -180.21 -100.935 -30.9582 -98.5525 95.1041
-129.426 -180.702 -100.459 -30.7862 -98.1577 95.3248
-129.58 -181.192 -99.9815 -30.6147 -97.7637 95.5417
-129.733 -181.68 -99.5033 -30.4439 -97.3704 95.7549
-129.884 -182.166 -99.0239 -30.2736 -96.978 95.9644
-130.035 -182.65 -98.5436 -30.104 -96.5864 96.1702
-130.185 -183.132 -98.0622 -29.9349 -96.1957 96.3723
-130.335 -183.612 -97.5799 -29.7665 -95.8059 96.5709
-130.483 -184.09 -97.0965 -29.5986 -95.417 96.766
-130.631 -184.566 -96.6122 -29.4314 -95.0291 96.9575
-130.777 -185.04 -96.127 -29.2649 -94.6421 97.1455
-130.923 -185.512 -95.6408 -29.0989 -94.2562 97.3301
-131.068 -185.982 -95.1537 -28.9337 -93.8713 97.5113
-131.213 -186.451 -94.6657 -28.769 -93.4874 97.6891
-131.356 -186.917 -94.1768 -28.605 -93.1046 97.8636
-131.499 -187.382 -93.687 -28.4417 -92.7228 98.0348
-131.64 -187.845 -93.1964 -28.279 -92.3422 98.2028
-131.781 -188.305 -92.705 -28.117 -91.9627 98.3675
-131.922 -188.764 -92.2127 -27.9557 -91.5844 98.529
-132.061 -189.221 -91.7197 -27.795 -91.2072 98.6874
-132.2 -189.676 -91.2259 -27.635 -90.8312 98.8427
-132.337 -190.129 -90.7313 -27.4757 -90.4563 98.9949
-132.474 -190.581 -90.2359 -27.317 -90.0827 99.1441
-132.61 -191.03 -89.7398 -27.159 -89.7103 99.2902
-132.746 -191.478 -89.243 -27.0018 -89.3392 99.4334
-132.881 -191.924 -88.7455 -26.8452 -88.9693 99.5737
-133.014 -192.368 -88.2473 -26.6893 -88.6007 99.7111
-133.147 -192.81 -87.7484 -26.5341 -88.2333 99.8456
-133.28 -193.25 -87.2488 -26.3796 -87.8673 99.9773
-133.411 -193.688 -86.7486 -26.2257 -87.5025 100.106
-133.542 -194.125 -86.2478 -26.0726 -87.1391 100.232
-133.672 -194.56 -85.7463 -25.9202 -86.777 100.356
-133.801 -194.993 -85.2442 -25.7684 -86.4162 100.476
-133.93 -195.424 -84.7415 -25.6174 -86.0568 100.594
-134.057 -195.853 -84.2383 -25.4671 -85.6987 100.71
-134.184 -196.281 -83.7344 -25.3175 -85.342 100.823
-134.311 -196.707 -83.23 -25.1685 -84.9867 100.933
-134.436 -197.131 -82.7251 -25.0203 -84.6327 101.041
-134.561 -197.553 -82.2196 -24.8728 -84.2802 101.146
-134.685 -197.974 -81.7136 -24.726 -83.929 101.249
-134.808 -198.392 -81.2071 -24.5798 -83.5792 101.349
-134.931 -198.809 -80.7001 -24.4344 -83.2309 101.447
-135.052 -199.225 -80.1927 -24.2897 -82.8839 101.543
-135.173 -199.638 -79.6847 -24.1457 -82.5384 101.636
-135.294 -200.05 -79.1763 -24.0024 -82.1943 101.727
-135.413 -200.46 -78.6674 -23.8598 -81.8516 101.816
-135.532 -200.869 -78.1581 -23.7178 -81.5104 101.902
-135.651 -201.275 -77.6484 -23.5766 -81.1705 101.986
-135.768 -201.68 -77.1383 -23.4361 -80.8322 102.068
