-50 25 100 0 0 -49
-50 24.9999 99.7548 -0.0175713 -0.0385431 -49.0814
-50.0002 24.9996 99.5092 -0.0351935 -0.0772218 -49.1629
-50.0004 24.9991 99.2632 -0.0528667 -0.116037 -49.2445
-50.0007 24.9985 99.0167 -0.0705912 -0.154988 -49.3262
-50.0011 24.9976 98.7699 -0.0883674 -0.194078 -49.4081
-50.0016 24.9965 98.5227 -0.106195 -0.233305 -49.49
-50.0022 24.9952 98.275 -0.124076 -0.272672 -49.5721
-50.0028 24.9938 98.0269 -0.142008 -0.312178 -49.6542
-50.0036 24.9921 97.7785 -0.159993 -0.351825 -49.7365
-50.0044 24.9903 97.5296 -0.178031 -0.391612 -49.8189
-50.0054 24.9882 97.2803 -0.196123 -0.431542 -49.9014
-50.0064 24.986 97.0306 -0.214268 -0.471614 -49.984
-50.0075 24.9835 96.7804 -0.232466 -0.51183 -50.0667
-50.0087 24.9808 96.5299 -0.250719 -0.552189 -50.1495
-50.01 24.978 96.2789 -0.269026 -0.592694 -50.2324
-50.0114 24.9749 96.0276 -0.287388 -0.633343 -50.3155
-50.0129 24.9716 95.7758 -0.305804 -0.67414 -50.3986
-50.0145 24.9682 95.5236 -0.324276 -0.715083 -50.4819
-50.0161 24.9645 95.271 -0.342803 -0.756174 -50.5653
-50.0179 24.9606 95.0179 -0.361386 -0.797413 -50.6488
-50.0197 24.9565 94.7645 -0.380025 -0.838802 -50.7324
-50.0217 24.9522 94.5106 -0.398721 -0.880341 -50.8162
-50.0237 24.9477 94.2563 -0.417473 -0.922031 -50.9
-50.0259 24.943 94.0016 -0.436282 -0.963872 -50.984
-50.0281 24.9381 93.7465 -0.455148 -1.00587 -51.0681
-50.0304 24.9329 93.4909 -0.474072 -1.04801 -51.1523
-50.0328 24.9276 93.235 -0.493054 -1.09031 -51.2366
-50.0353 24.922 92.9786 -0.512094 -1.13277 -51.3211
-50.038 24.9163 92.7217 -0.531192 -1.17538 -51.4056
-50.0407 24.9103 92.4645 -0.55035 -1.21815 -51.4903
-50.0435 24.9041 92.2068 -0.569566 -1.26108 -51.5751
-50.0464 24.8977 91.9488 -0.588842 -1.30416 -51.66
-50.0493 24.891 91.6902 -0.608178 -1.3474 -51.745
-50.0524 24.8842 91.4313 -0.627573 -1.39081 -51.8302
-50.0556 24.8771 91.1719 -0.64703 -1.43437 -51.9155
-50.0589 24.8698 90.9121 -0.666546 -1.47809 -52.0009
-50.0623 24.8623 90.6519 -0.686124 -1.52198 -52.0864
-50.0658 24.8546 90.3913 -0.705764 -1.56603 -52.1721
-50.0693 24.8467 90.1302 -0.725465 -1.61025 -52.2578
-50.073 24.8385 89.8687 -0.745228 -1.65463 -52.3437
-50.0768 24.8301 89.6068 -0.765053 -1.69917 -52.4298
-50.0807 24.8215 89.3444 -0.784942 -1.74388 -52.5159
-50.0846 24.8127 89.0816 -0.804893 -1.78876 -52.6022
-50.0887 24.8036 88.8184 -0.824908 -1.83381 -52.6886
-50.0929 24.7944 88.5547 -0.844986 -1.87903 -52.7751
-50.0972 24.7849 88.2906 -0.865129 -1.92442 -52.8618
-50.1015 24.7751 88.0261 -0.885336 -1.96998 -52.9486
-50.106 24.7652 87.7611 -0.905608 -2.01571 -53.0355
-50.1106 24.755 87.4958 -0.925946 -2.06162 -53.1225
-50.1153 24.7445 87.2299 -0.946348 -2.1077 -53.2097
-50.1201 24.7339 86.9637 -0.966817 -2.15395 -53.297
-50.125 24.723 86.697 -0.987352 -2.20038 -53.3844
-50.1299 24.7119 86.4298 -1.00795 -2.24699 -53.472
-50.135 24.7005 86.1622 -1.02862 -2.29378 -53.5597
-50.1402 24.6889 85.8942 -1.04936 -2.34074 -53.6475
-50.1455 24.6771 85.6258 -1.07016 -2.38789 -53.7355
-50.1509 24.6651 85.3569 -1.09103 -2.43521 -53.8236
-50.1564 24.6528 85.0875 -1.11198 -2.48272 -53.9118
-50.1621 24.6402 84.8177 -1.13298 -2.53041 -54.0001
-50.1678 24.6275 84.5475 -1.15406 -2.57829 -54.0886
-50.1736 24.6145 84.2769 -1.17521 -2.62635 -54.1773
-50.1795 24.6012 84.0057 -1.19643 -2.67459 -54.266
-50.1856 24.5877 83.7342 -1.21772 -2.72302 -54.3549
-50.1917 24.574 83.4622 -1.23908 -2.77165 -54.444
-50.1979 24.56 83.1898 -1.26051 -2.82046 -54.5332
-50.2043 24.5458 82.9169 -1.28202 -2.86946 -54.6225
-50.2108 24.5313 82.6435 -1.30359 -2.91865 -54.7119
-50.2173 24.5166 82.3697 -1.32524 -2.96803 -54.8015
-50.224 24.5016 82.0955 -1.34696 -3.01761 -54.8913
-50.2308 24.4864 81.8208 -1.36875 -3.06738 -54.9811
-50.2377 24.4709 81.5457 -1.39062 -3.11735 -55.0711
-50.2447 24.4552 81.2701 -1.41256 -3.16751 -55.1613
-50.2518 24.4393 80.9941 -1.43458 -3.21788 -55.2516
-50.2591 24.4231 80.7176 -1.45667 -3.26844 -55.342
-50.2664 24.4066 80.4407 -1.47884 -3.3192 -55.4326
-50.2738 24.3899 80.1633 -1.50108 -3.37016 -55.5234
-50.2814 24.3729 79.8854 -1.5234 -3.42133 -55.6142
-50.2891 24.3556 79.6071 -1.5458 -3.47269 -55.7053
-50.2969 24.3382 79.3284 -1.56827 -3.52427 -55.7964
-50.3048 24.3204 79.0492 -1.59083 -3.57605 -55.8877
-50.3128 24.3024 78.7695 -1.61346 -3.62803 -55.9792
-50.3209 24.2841 78.4894 -1.63617 -3.68023 -56.0708
-50.3291 24.2656 78.2088 -1.65895 -3.73263 -56.1626
-50.3375 24.2468 77.9278 -1.68182 -3.78525 -56.2545
-50.346 24.2277 77.6463 -1.70477 -3.83807 -56.3465
-50.3545 24.2084 77.3643 -1.7278 -3.89111 -56.4387
-50.3632 24.1888 77.0819 -1.75091 -3.94437 -56.5311
-50.372 24.169 76.799 -1.7741 -3.99784 -56.6236
-50.381 24.1488 76.5156 -1.79737 -4.05153 -56.7162
-50.39 24.1285 76.2318 -1.82072 -4.10543 -56.809
-50.3992 24.1078 75.9475 -1.84416 -4.15956 -56.902
-50.4085 24.0869 75.6628 -1.86768 -4.2139 -56.9951
-50.4179 24.0657 75.3776 -1.89129 -4.26847 -57.0884
-50.4274 24.0442 75.0919 -1.91498 -4.32326 -57.1818
-50.437 24.0224 74.8058 -1.93875 -4.37828 -57.2754
-50.4468 24.0004 74.5192 -1.96261 -4.43352 -57.3692
-50.4566 23.9781 74.2321 -1.98656 -4.48899 -57.4631
-50.4666 23.9555 73.9445 -2.01059 -4.54468 -57.5571
-50.4767 23.9326 73.6565 -2.03471 -4.60061 -57.6513
-50.487 23.9095 73.368 -2.05892 -4.65677 -57.7457
-50.4973 23.8861 73.0791 -2.08322 -4.71316 -57.8402
-50.5078 23.8624 72.7896 -2.1076 -4.76979 -57.9349
-50.5184 23.8384 72.4997 -2.13208 -4.82665 -58.0298
-50.5291 23.8141 72.2093 -2.15664 -4.88375 -58.1248
-50.54 23.7895 71.9185 -2.18129 -4.94109 -58.22
-50.5509 23.7647 71.6271 -2.20604 -4.99867 -58.3153
-50.562 23.7395 71.3353 -2.23087 -5.05649 -58.4108
-50.5732 23.7141 71.043 -2.2558 -5.11455 -58.5065
-50.5846 23.6884 70.7502 -2.28082 -5.17286 -58.6023
-50.5961 23.6624 70.457 -2.30594 -5.23141 -58.6983
-50.6077 23.6361 70.1633 -2.33115 -5.29021 -58.7945
-50.6194 23.6095 69.869 -2.35645 -5.34926 -58.8909
-50.6312 23.5826 69.5743 -2.38184 -5.40856 -58.9874
-50.6432 23.5554 69.2792 -2.40734 -5.46811 -59.084
-50.6553 23.5279 68.9835 -2.43293 -5.52792 -59.1809
-50.6675 23.5001 68.6874 -2.45861 -5.58798 -59.2779
-50.6799 23.472 68.3907 -2.48439 -5.6483 -59.3751
-50.6924 23.4436 68.0936 -2.51027 -5.70887 -59.4724
-50.705 23.4149 67.796 -2.53625 -5.76971 -59.57
-50.7177 23.3859 67.4979 -2.56233 -5.8308 -59.6677
-50.7306 23.3566 67.1993 -2.58851 -5.89216 -59.7656
-50.7436 23.327 66.9003 -2.61479 -5.95379 -59.8636
-50.7567 23.2971 66.6007 -2.64117 -6.01568 -59.9618
-50.77 23.2669 66.3006 -2.66765 -6.07784 -60.0602
-50.7834 23.2363 66.0001 -2.69423 -6.14027 -60.1588
-50.797 23.2055 65.699 -2.72092 -6.20297 -60.2576
-50.8106 23.1743 65.3975 -2.74771 -6.26594 -60.3565
-50.8244 23.1428 65.0955 -2.77461 -6.32919 -60.4556
-50.8384 23.111 64.793 -2.80161 -6.39272 -60.5549
-50.8525 23.0789 64.4899 -2.82871 -6.45652 -60.6544
-50.8667 23.0464 64.1864 -2.85593 -6.52061 -60.7541
-50.881 23.0137 63.8824 -2.88324 -6.58498 -60.8539
-50.8955 22.9806 63.5779 -2.91067 -6.64963 -60.9539
-50.9101 22.9472 63.2729 -2.93821 -6.71456 -61.0542
-50.9249 22.9134 62.9673 -2.96585 -6.77979 -61.1546
-50.9398 22.8794 62.6613 -2.99361 -6.8453 -61.2551
-50.9548 22.845 62.3548 -3.02147 -6.91111 -61.3559
-50.97 22.8103 62.0477 -3.04945 -6.9772 -61.4569
-50.9853 22.7752 61.7402 -3.07754 -7.0436 -61.558
-51.0008 22.7398 61.4322 -3.10574 -7.11029 -61.6593
-51.0164 22.7041 61.1236 -3.13406 -7.17728 -61.7609
-51.0321 22.6681 60.8146 -3.16249 -7.24457 -61.8626
-51.048 22.6317 60.505 -3.19104 -7.31216 -61.9645
-51.064 22.5949 60.1949 -3.2197 -7.38006 -62.0666
-51.0802 22.5579 59.8843 -3.24848 -7.44826 -62.1688
-51.0965 22.5204 59.5732 -3.27737 -7.51678 -62.2713
-51.113 22.4827 59.2616 -3.30639 -7.5856 -62.374
-51.1296 22.4446 58.9495 -3.33552 -7.65474 -62.4769
-51.1463 22.4061 58.6368 -3.36477 -7.7242 -62.5799
-51.1632 22.3674 58.3237 -3.39415 -7.79397 -62.6832
-51.1803 22.3282 58.01 -3.42364 -7.86406 -62.7867
-51.1975 22.2887 57.6958 -3.45326 -7.93447 -62.8903
-51.2148 22.2489 57.3811 -3.483 -8.0052 -62.9942
-51.2323 22.2087 57.0659 -3.51287 -8.07626 -63.0983
-51.2499 22.1681 56.7501 -3.54286 -8.14765 -63.2025
-51.2677 22.1272 56.4339 -3.57297 -8.21937 -63.307
-51.2857 22.0859 56.1171 -3.60322 -8.29142 -63.4117
-51.3037 22.0443 55.7997 -3.63359 -8.36381 -63.5165
-51.322 22.0023 55.4819 -3.66409 -8.43653 -63.6216
-51.3404 21.9599 55.1635 -3.69471 -8.5096 -63.7269
-51.3589 21.9172 54.8446 -3.72547 -8.583 -63.8324
-51.3776 21.8741 54.5252 -3.75636 -8.65675 -63.9381
-51.3965 21.8306 54.2052 -3.78738 -8.73085 -64.044
-51.4155 21.7868 53.8848 -3.81854 -8.80529 -64.1501
-51.4347 21.7425 53.5637 -3.84982 -8.88009 -64.2564
-51.454 21.698 53.2422 -3.88125 -8.95524 -64.363
-51.4735 21.653 52.9201 -3.91281 -9.03074 -64.4697
-51.4931 21.6077 52.5975 -3.9445 -9.1066 -64.5767
-51.5129 21.5619 52.2743 -3.97634 -9.18283 -64.6839
-51.5329 21.5158 51.9507 -4.00831 -9.25942 -64.7912
-51.553 21.4693 51.6264 -4.04042 -9.33637 -64.8989
-51.5733 21.4225 51.3017 -4.07267 -9.4137 -65.0067
-51.5938 21.3752 50.9764 -4.10507 -9.49139 -65.1147
-51.6144 21.3275 50.6505 -4.1376 -9.56946 -65.223
-51.6351 21.2795 50.3241 -4.17028 -9.6479 -65.3315
-51.6561 21.2311 49.9972 -4.20311 -9.72673 -65.4402
-51.6772 21.1822 49.6697 -4.23608 -9.80594 -65.5491
-51.6984 21.133 49.3417 -4.2692 -9.88553 -65.6582
-51.7199 21.0834 49.0132 -4.30247 -9.96551 -65.7676
-51.7414 21.0334 48.684 -4.33588 -10.0459 -65.8772
-51.7632 20.9829 48.3544 -4.36945 -10.1266 -65.987
-51.7851 20.9321 48.0242 -4.40316 -10.2078 -66.0971
-51.8072 20.8808 47.6934 -4.43703 -10.2894 -66.2073
-51.8295 20.8292 47.3621 -4.47106 -10.3713 -66.3178
-51.852 20.7771 47.0302 -4.50523 -10.4537 -66.4286
-51.8746 20.7247 46.6978 -4.53957 -10.5364 -66.5395
-51.8974 20.6718 46.3648 -4.57406 -10.6196 -66.6507
-51.9203 20.6185 46.0313 -4.6087 -10.7032 -66.7622
-51.9434 20.5647 45.6972 -4.64351 -10.7872 -66.8738
-51.9667 20.5106 45.3626 -4.67848 -10.8717 -66.9857
-51.9902 20.456 45.0274 -4.71361 -10.9565 -67.0978
-52.0139 20.401 44.6916 -4.7489 -11.0418 -67.2102
-52.0377 20.3456 44.3553 -4.78436 -11.1275 -67.3228
-52.0617 20.2897 44.0184 -4.81998 -11.2136 -67.4357
-52.0859 20.2335 43.6809 -4.85577 -11.3002 -67.5487
-52.1103 20.1767 43.3429 -4.89172 -11.3872 -67.6621
-52.1348 20.1196 43.0043 -4.92785 -11.4747 -67.7756
-52.1596 20.062 42.6651 -4.96415 -11.5626 -67.8894
-52.1845 20.004 42.3254 -5.00061 -11.6509 -68.0035
-52.2096 19.9455 41.9851 -5.03725 -11.7397 -68.1178
-52.2348 19.8866 41.6442 -5.07407 -11.829 -68.2323
-52.2603 19.8272 41.3028 -5.11106 -11.9187 -68.3471
-52.286 19.7674 40.9607 -5.14823 -12.0089 -68.4622
-52.3118 19.7071 40.6181 -5.18558 -12.0995 -68.5774
-52.3378 19.6464 40.275 -5.2231 -12.1907 -68.693
-52.364 19.5852 39.9312 -5.26081 -12.2822 -68.8088
-52.3904 19.5236 39.5869 -5.2987 -12.3743 -68.9248
-52.417 19.4615 39.242 -5.33677 -12.4669 -69.0411
-52.4438 19.3989 38.8965 -5.37503 -12.5599 -69.1576
-52.4708 19.3359 38.5504 -5.41348 -12.6534 -69.2744
-52.4979 19.2724 38.2037 -5.45212 -12.7474 -69.3915
-52.5253 19.2084 37.8565 -5.49094 -12.8419 -69.5088
-52.5528 19.1439 37.5086 -5.52996 -12.9369 -69.6264
-52.5806 19.079 37.1602 -5.56917 -13.0324 -69.7442
-52.6085 19.0136 36.8112 -5.60858 -13.1284 -69.8623
-52.6367 18.9477 36.4616 -5.64818 -13.225 -69.9807
-52.665 18.8814 36.1114 -5.68798 -13.322 -70.0993
-52.6935 18.8145 35.7606 -5.72797 -13.4196 -70.2182
-52.7223 18.7472 35.4092 -5.76817 -13.5176 -70.3374
-52.7512 18.6793 35.0572 -5.80858 -13.6163 -70.4568
-52.7804 18.611 34.7046 -5.84918 -13.7154 -70.5765
-52.8097 18.5422 34.3514 -5.88999 -13.8151 -70.6965
-52.8393 18.4729 33.9977 -5.93101 -13.9153 -70.8167
-52.869 18.403 33.6433 -5.97224 -14.0161 -70.9372
-52.899 18.3327 33.2883 -6.01368 -14.1174 -71.058
-52.9292 18.2618 32.9327 -6.05533 -14.2192 -71.179
-52.9595 18.1905 32.5765 -6.0972 -14.3217 -71.3003
-52.9901 18.1186 32.2197 -6.13928 -14.4247 -71.4219
-53.0209 18.0462 31.8623 -6.18159 -14.5282 -71.5438
-53.052 17.9733 31.5043 -6.22411 -14.6323 -71.666
-53.0832 17.8999 31.1456 -6.26685 -14.7371 -71.7884
-53.1146 17.826 30.7864 -6.30982 -14.8423 -71.9111
-53.1463 17.7515 30.4265 -6.35301 -14.9482 -72.0341
-53.1782 17.6765 30.066 -6.39643 -15.0547 -72.1574
-53.2102 17.601 29.7049 -6.44008 -15.1617 -72.281
-53.2426 17.5249 29.3432 -6.48396 -15.2694 -72.4048
-53.2751 17.4483 28.9809 -6.52807 -15.3777 -72.5289
-53.3078 17.3711 28.6179 -6.57242 -15.4865 -72.6534
-53.3408 17.2934 28.2544 -6.61701 -15.596 -72.7781
-53.374 17.2151 27.8902 -6.66183 -15.7061 -72.9031
-53.4074 17.1363 27.5253 -6.7069 -15.8169 -73.0284
-53.4411 17.057 27.1599 -6.75221 -15.9283 -73.154
-53.4749 16.9771 26.7938 -6.79776 -16.0403 -73.2799
-53.509 16.8966 26.4271 -6.84357 -16.1529 -73.406
-53.5434 16.8155 26.0597 -6.88962 -16.2662 -73.5325
-53.5779 16.7339 25.6917 -6.93592 -16.3802 -73.6593
-53.6127 16.6517 25.3231 -6.98248 -16.4948 -73.7864
-53.6478 16.569 24.9539 -7.0293 -16.6101 -73.9137
-53.683 16.4856 24.584 -7.07637 -16.726 -74.0414
-53.7185 16.4017 24.2135 -7.12371 -16.8427 -74.1694
-53.7543 16.3172 23.8423 -7.17131 -16.96 -74.2976
-53.7902 16.2321 23.4705 -7.21917 -17.078 -74.4262
-53.8265 16.1464 23.098 -7.26731 -17.1967 -74.5551
-53.8629 16.0601 22.7249 -7.31571 -17.3161 -74.6843
-53.8996 15.9732 22.3512 -7.36438 -17.4362 -74.8138
-53.9366 15.8858 21.9768 -7.41334 -17.557 -74.9436
-53.9738 15.7977 21.6018 -7.46257 -17.6785 -75.0738
-54.0112 15.709 21.2261 -7.51208 -17.8008 -75.2042
-54.0489 15.6197 20.8497 -7.56187 -17.9238 -75.335
-54.0868 15.5297 20.4727 -7.61195 -18.0475 -75.466
-54.125 15.4392 20.0951 -7.66231 -18.172 -75.5974
-54.1634 15.348 19.7167 -7.71297 -18.2973 -75.7291
-54.2021 15.2562 19.3378 -7.76392 -18.4232 -75.8611
-54.2411 15.1638 18.9581 -7.81517 -18.55 -75.9935
-54.2803 15.0707 18.5778 -7.86672 -18.6775 -76.1261
-54.3197 14.977 18.1969 -7.91856 -18.8058 -76.2591
-54.3595 14.8827 17.8152 -7.97072 -18.9349 -76.3924
-54.3994 14.7877 17.4329 -8.02318 -19.0648 -76.5261
-54.4397 14.692 17.05 -8.07595 -19.1955 -76.66
-54.4802 14.5957 16.6663 -8.12903 -19.327 -76.7943
-54.521 14.4987 16.282 -8.18243 -19.4594 -76.9289
-54.562 14.4011 15.8971 -8.23615 -19.5925 -77.0638
-54.6033 14.3028 15.5114 -8.29019 -19.7265 -77.1991
-54.6449 14.2038 15.1251 -8.34456 -19.8613 -77.3347
-54.6868 14.1042 14.7381 -8.39926 -19.997 -77.4707
-54.7289 14.0039 14.3504 -8.45428 -20.1335 -77.6069
-54.7713 13.9029 13.962 -8.50965 -20.2709 -77.7436
-54.814 13.8012 13.5729 -8.56535 -20.4091 -77.8805
-54.857 13.6988 13.1832 -8.62139 -20.5483 -78.0178
-54.9002 13.5957 12.7927 -8.67778 -20.6883 -78.1554
-54.9438 13.4919 12.4016 -8.73451 -20.8292 -78.2934
-54.9876 13.3874 12.0098 -8.7916 -20.9711 -78.4317
-55.0317 13.2822 11.6173 -8.84904 -21.1138 -78.5703
-55.0761 13.1763 11.2241 -8.90684 -21.2575 -78.7093
-55.1208 13.0696 10.8302 -8.965 -21.4021 -78.8487
-55.1657 12.9622 10.4356 -9.02353 -21.5476 -78.9884
-55.211 12.8541 10.0403 -9.08243 -21.6941 -79.1284
-55.2565 12.7453 9.64434 -9.1417 -21.8415 -79.2688
-55.3024 12.6357 9.24764 -9.20135 -21.99 -79.4095
-55.3486 12.5254 8.85024 -9.26137 -22.1393 -79.5506
-55.395 12.4143 8.45214 -9.32179 -22.2897 -79.6921
-55.4418 12.3025 8.05332 -9.38258 -22.4411 -79.8339
-55.4888 12.1899 7.6538 -9.44378 -22.5935 -79.976
-55.5362 12.0766 7.25356 -9.50536 -22.7469 -80.1185
-55.5839 11.9624 6.85261 -9.56735 -22.9013 -80.2614
-55.6319 11.8475 6.45095 -9.62974 -23.0568 -80.4046
-55.6802 11.7319 6.04857 -9.69254 -23.2133 -80.5482
-55.7288 11.6154 5.64547 -9.75575 -23.3708 -80.6922
-55.7778 11.4982 5.24165 -9.81938 -23.5295 -80.8365
-55.827 11.3801 4.8371 -9.88343 -23.6892 -80.9811
-55.8766 11.2613 4.43184 -9.9479 -23.85 -81.1262
-55.9265 11.1416 4.02584 -10.0128 -24.0119 -81.2716
-55.9767 11.0212 3.61912 -10.0781 -24.1749 -81.4173
-56.0273 10.8999 3.21167 -10.1439 -24.339 -81.5635
-56.0782 10.7778 2.80348 -10.2101 -24.5042 -81.71
-56.1294 10.6548 2.39457 -10.2768 -24.6706 -81.8568
-56.1809 10.5311 1.98492 -10.3439 -24.8382 -82.0041
-56.2328 10.4064 1.57453 -10.4114 -25.0069 -82.1517
-56.285 10.281 1.1634 -10.4794 -25.1768 -82.2996
-56.3376 10.1547 0.751531 -10.5479 -25.3479 -82.448
-56.3905 10.0275 0.33892 -10.6169 -25.5201 -82.5967
-56.4438 9.89947 -0.0744355 -10.6863 -25.6936 -82.7458
-56.4974 9.77057 -0.488537 -10.7562 -25.8683 -82.8952
-56.5513 9.64079 -0.903387 -10.8266 -26.0443 -83.045
-56.6056 9.51012 -1.31899 -10.8974 -26.2215 -83.1952
-56.6603 9.37857 -1.73534 -10.9688 -26.4 -83.3457
-56.7153 9.24612 -2.15244 -11.0406 -26.5797 -83.4967
-56.7707 9.11277 -2.57031 -11.113 -26.7607 -83.648
-56.8265 8.97852 -2.98892 -11.1858 -26.9431 -83.7996
-56.8826 8.84334 -3.4083 -11.2592 -27.1267 -83.9516
-56.9391 8.70725 -3.82844 -11.3331 -27.3117 -84.104
-56.9959 8.57023 -4.24934 -11.4075 -27.498 -84.2568
-57.0531 8.43227 -4.67101 -11.4825 -27.6857 -84.4099
-57.1107 8.29337 -5.09344 -11.558 -27.8748 -84.5634
-57.1687 8.15352 -5.51664 -11.634 -28.0653 -84.7173
-57.2271 8.01272 -5.94061 -11.7105 -28.2571 -84.8715
-57.2858 7.87095 -6.36536 -11.7876 -28.4504 -85.0261
-57.3449 7.72821 -6.79088 -11.8653 -28.6451 -85.1811
-57.4045 7.5845 -7.21717 -11.9436 -28.8413 -85.3364
-57.4644 7.4398 -7.64424 -12.0224 -29.0389 -85.4921
-57.5247 7.29411 -8.07209 -12.1017 -29.238 -85.6482
-57.5854 7.14742 -8.50072 -12.1817 -29.4387 -85.8046
-57.6465 6.99972 -8.93014 -12.2623 -29.6408 -85.9614
-57.708 6.85101 -9.36033 -12.3434 -29.8445 -86.1185
-57.7699 6.70127 -9.79132 -12.4252 -30.0497 -86.276
-57.8323 6.55051 -10.2231 -12.5075 -30.2565 -86.4339
-57.895 6.39871 -10.6557 -12.5905 -30.4648 -86.5921
-57.9582 6.24586 -11.089 -12.6741 -30.6748 -86.7507
-58.0218 6.09196 -11.5232 -12.7583 -30.8864 -86.9096
-58.0858 5.937 -11.9581 -12.8432 -31.0997 -87.0689
-58.1502 5.78096 -12.3939 -12.9287 -31.3146 -87.2286
-58.2151 5.62385 -12.8304 -13.0148 -31.5311 -87.3886
-58.2803 5.46565 -13.2677 -13.1017 -31.7494 -87.5489
-58.3461 5.30636 -13.7059 -13.1891 -31.9694 -87.7096
-58.4122 5.14596 -14.1448 -13.2773 -32.1911 -87.8706
-58.4788 4.98444 -14.5846 -13.3661 -32.4146 -88.032
-58.5459 4.82181 -15.0252 -13.4556 -32.6399 -88.1937
-58.6134 4.65804 -15.4665 -13.5459 -32.867 -88.3558
-58.6814 4.49314 -15.9087 -13.6368 -33.0959 -88.5182
-58.7498 4.32709 -16.3517 -13.7284 -33.3266 -88.6809
-58.8186 4.15987 -16.7955 -13.8208 -33.5592 -88.844
-58.888 3.99149 -17.2402 -13.9139 -33.7937 -89.0073
-58.9578 3.82194 -17.6856 -14.0077 -34.0301 -89.1711
-59.0281 3.65119 -18.1319 -14.1023 -34.2684 -89.3351
-59.0988 3.47925 -18.5789 -14.1977 -34.5087 -89.4995
-59.17 3.3061 -19.0269 -14.2938 -34.7509 -89.6641
-59.2417 3.13174 -19.4756 -14.3906 -34.9952 -89.8291
-59.3139 2.95615 -19.9251 -14.4883 -35.2414 -89.9944
-59.3866 2.77933 -20.3755 -14.5868 -35.4898 -90.16
-59.4598 2.60125 -20.8267 -14.686 -35.7402 -90.3259
-59.5335 2.42192 -21.2788 -14.7861 -35.9927 -90.4921
-59.6077 2.24133 -21.7317 -14.887 -36.2473 -90.6586
-59.6824 2.05945 -22.1854 -14.9887 -36.5041 -90.8254
-59.7576 1.87628 -22.6399 -15.0913 -36.7631 -90.9925
-59.8333 1.69182 -23.0953 -15.1948 -37.0243 -91.1598
-59.9095 1.50604 -23.5515 -15.2991 -37.2877 -91.3274
-59.9863 1.31894 -24.0086 -15.4042 -37.5534 -91.4953
-60.0635 1.13051 -24.4665 -15.5103 -37.8214 -91.6635
-60.1414 0.940726 -24.9252 -15.6173 -38.0916 -91.8319
-60.2197 0.749589 -25.3848 -15.7251 -38.3643 -92.0005
-60.2986 0.557082 -25.8452 -15.8339 -38.6393 -92.1694
-60.3781 0.363195 -26.3065 -15.9436 -38.9167 -92.3386
-60.458 0.167914 -26.7686 -16.0543 -39.1966 -92.5079
-60.5386 -0.0287722 -27.2316 -16.1659 -39.479 -92.6775
-60.6197 -0.226876 -27.6954 -16.2785 -39.7638 -92.8474
-60.7014 -0.426411 -28.16 -16.3921 -40.0512 -93.0174
-60.7836 -0.627389 -28.6256 -16.5067 -40.3412 -93.1876
-60.8665 -0.829823 -29.0919 -16.6222 -40.6337 -93.358
-60.9499 -1.03373 -29.5591 -16.7388 -40.9289 -93.5286
-61.0338 -1.23911 -30.0272 -16.8564 -41.2268 -93.6994
-61.1184 -1.446 -30.4961 -16.9751 -41.5274 -93.8704
-61.2036 -1.65439 -30.9659 -17.0949 -41.8307 -94.0415
-61.2894 -1.8643 -31.4365 -17.2157 -42.1368 -94.2127
-61.3757 -2.07576 -31.908 -17.3376 -42.4457 -94.3841
-61.4627 -2.28876 -32.3804 -17.4606 -42.7575 -94.5556
-61.5504 -2.50333 -32.8536 -17.5847 -43.0721 -94.7272
-61.6386 -2.71948 -33.3277 -17.7099 -43.3897 -94.899
-61.7275 -2.93723 -33.8026 -17.8363 -43.7103 -95.0708
-61.817 -3.15659 -34.2784 -17.9639 -44.0338 -95.2427
-61.9071 -3.37757 -34.755 -18.0926 -44.3604 -95.4147
-61.9979 -3.60019 -35.2325 -18.2226 -44.6902 -95.5867
-62.0893 -3.82447 -35.7109 -18.3537 -45.023 -95.7587
-62.1814 -4.05042 -36.1901 -18.4861 -45.359 -95.9308
-62.2742 -4.27806 -36.6702 -18.6197 -45.6983 -96.1029
-62.3676 -4.50741 -37.1511 -18.7546 -46.0408 -96.275
-62.4617 -4.73847 -37.6329 -18.8907 -46.3866 -96.447
-62.5565 -4.97127 -38.1156 -19.0282 -46.7358 -96.6191
-62.652 -5.20583 -38.5991 -19.1669 -47.0884 -96.791
-62.7482 -5.44216 -39.0835 -19.307 -47.4444 -96.9629
-62.8451 -5.68028 -39.5687 -19.4485 -47.804 -97.1347
-62.9427 -5.9202 -40.0548 -19.5913 -48.1671 -97.3064
-63.041 -6.16195 -40.5418 -19.7355 -48.5338 -97.4779
-63.14 -6.40554 -41.0296 -19.8812 -48.9041 -97.6493
-63.2398 -6.65099 -41.5183 -20.0282 -49.2782 -97.8206
-63.3403 -6.89832 -42.0078 -20.1767 -49.656 -97.9916
-63.4416 -7.14755 -42.4982 -20.3267 -50.0376 -98.1624
-63.5436 -7.3987 -42.9895 -20.4782 -50.4231 -98.333
-63.6464 -7.65178 -43.4815 -20.6311 -50.8125 -98.5033
-63.7499 -7.90682 -43.9745 -20.7856 -51.2059 -98.6732
-63.8542 -8.16384 -44.4683 -20.9417 -51.6034 -98.8429
-63.9593 -8.42286 -44.9629 -21.0994 -52.0049 -99.0123
-64.0652 -8.68389 -45.4584 -21.2586 -52.4106 -99.1812
-64.1719 -8.94697 -45.9547 -21.4195 -52.8205 -99.3498
-64.2794 -9.2121 -46.4519 -21.582 -53.2346 -99.5179
-64.3877 -9.47931 -46.9499 -21.7462 -53.6532 -99.6855
-64.4969 -9.74863 -47.4488 -21.9121 -54.0761 -99.8526
-64.6068 -10.0201 -47.9484 -22.0797 -54.5035 -100.019
-64.7177 -10.2937 -48.4489 -22.2491 -54.9355 -100.185
-64.8293 -10.5694 -48.9503 -22.4202 -55.372 -100.351
-64.9419 -10.8474 -49.4525 -22.5931 -55.8132 -100.515
-65.0553 -11.1276 -49.9554 -22.7679 -56.2592 -100.68
-65.1695 -11.41 -50.4592 -22.9445 -56.71 -100.843
-65.2847 -11.6947 -50.9639 -23.123 -57.1657 -101.005
-65.4008 -11.9816 -51.4693 -23.3035 -57.6263 -101.167
-65.5177 -12.2709 -51.9755 -23.4858 -58.092 -101.328
-65.6356 -12.5626 -52.4826 -23.6701 -58.5629 -101.488
-65.7544 -12.8566 -52.9904 -23.8565 -59.0389 -101.647
-65.8742 -13.153 -53.4991 -24.0448 -59.5202 -101.805
-65.9949 -13.4518 -54.0085 -24.2352 -60.0068 -101.962
-66.1165 -13.753 -54.5187 -24.4277 -60.4989 -102.118
-66.2392 -14.0568 -55.0296 -24.6224 -60.9965 -102.273
-66.3628 -14.363 -55.5414 -24.8191 -61.4997 -102.426
-66.4874 -14.6718 -56.0539 -25.0181 -62.0087 -102.578
-66.613 -14.9831 -56.5672 -25.2193 -62.5234 -102.729
-66.7396 -15.297 -57.0812 -25.4227 -63.0439 -102.879
-66.8672 -15.6135 -57.596 -25.6285 -63.5705 -103.026
-66.9958 -15.9327 -58.1115 -25.8366 -64.1031 -103.173
-67.1255 -16.2545 -58.6277 -26.047 -64.6419 -103.317
-67.2563 -16.5791 -59.1446 -26.2598 -65.1869 -103.46
-67.3881 -16.9064 -59.6623 -26.4751 -65.7383 -103.602
-67.5211 -17.2365 -60.1807 -26.6928 -66.2961 -103.741
-67.6551 -17.5694 -60.6997 -26.9131 -66.8605 -103.878
-67.7902 -17.9051 -61.2194 -27.1359 -67.4315 -104.014
-67.9264 -18.2437 -61.7398 -27.3612 -68.0093 -104.147
-68.0638 -18.5852 -62.2609 -27.5893 -68.5939 -104.278
-68.2023 -18.9296 -62.7826 -27.82 -69.1856 -104.407
-68.342 -19.2771 -63.305 -28.0534 -69.7843 -104.533
-68.4829 -19.6275 -63.828 -28.2895 -70.3902 -104.657
-68.6249 -19.981 -64.3515 -28.5285 -71.0034 -104.778
-68.7681 -20.3375 -64.8757 -28.7703 -71.624 -104.896
-68.9126 -20.6972 -65.4005 -29.015 -72.2522 -105.011
-69.0583 -21.06 -65.9258 -29.2626 -72.8881 -105.124
-69.2052 -21.4261 -66.4517 -29.5132 -73.5317 -105.233
-69.3534 -21.7954 -66.9782 -29.7668 -74.1833 -105.339
-69.5029 -22.1679 -67.5051 -30.0235 -74.8428 -105.442
-69.6537 -22.5438 -68.0326 -30.2832 -75.5106 -105.541
-69.8057 -22.923 -68.5605 -30.5462 -76.1866 -105.637
-69.9591 -23.3057 -69.089 -30.8124 -76.871 -105.728
-70.1139 -23.6917 -69.6178 -31.0818 -77.5639 -105.816
-70.2699 -24.0813 -70.1471 -31.3545 -78.2656 -105.9
-70.4274 -24.4744 -70.6768 -31.6306 -78.976 -105.979
-70.5863 -24.8711 -71.2069 -31.9102 -79.6954 -106.054
-70.7465 -25.2713 -71.7374 -32.1931 -80.4239 -106.124
-70.9082 -25.6753 -72.2681 -32.4796 -81.1616 -106.189
-71.0713 -26.083 -72.7992 -32.7697 -81.9087 -106.249
-71.2359 -26.4944 -73.3306 -33.0633 -82.6653 -106.304
-71.4019 -26.9096 -73.8623 -33.3607 -83.4315 -106.353
-71.5695 -27.3287 -74.3942 -33.6617 -84.2075 -106.397
-71.7386 -27.7517 -74.9262 -33.9666 -84.9935 -106.434
-71.9092 -28.1786 -75.4585 -34.2753 -85.7895 -106.466
-72.0813 -28.6096 -75.9909 -34.5878 -86.5958 -106.491
-72.255 -29.0446 -76.5234 -34.9043 -87.4124 -106.509
-72.4303 -29.4837 -77.056 -35.2249 -88.2396 -106.521
-72.6073 -29.927 -77.5886 -35.5494 -89.0775 -106.525
-72.7858 -30.3745 -78.1212 -35.8781 -89.9261 -106.522
-72.9661 -30.8263 -78.6538 -36.2109 -90.7858 -106.511
-73.148 -31.2823 -79.1863 -36.5479 -91.6566 -106.492
-73.3315 -31.7428 -79.7187 -36.8893 -92.5386 -106.464
-73.5168 -32.2077 -80.251 -37.2349 -93.4321 -106.428
-73.7039 -32.6771 -80.783 -37.5849 -94.3372 -106.382
-73.8927 -33.1511 -81.3148 -37.9394 -95.2539 -106.328
-74.0833 -33.6297 -81.8463 -38.2983 -96.1826 -106.263
-74.2757 -34.1129 -82.3774 -38.6618 -97.1232 -106.188
-74.4699 -34.6009 -82.9082 -39.0298 -98.076 -106.103
-74.666 -35.0937 -83.4385 -39.4025 -99.041 -106.006
-74.8639 -35.5913 -83.9682 -39.7799 -100.019 -105.898
-75.0638 -36.0939 -84.4974 -40.162 -101.009 -105.778
-75.2655 -36.6014 -85.026 -40.5488 -102.011 -105.646
-75.4693 -37.114 -85.5539 -40.9405 -103.027 -105.502
-75.675 -37.6317 -86.081 -41.3371 -104.055 -105.343
-75.8826 -38.1545 -86.6073 -41.7385 -105.097 -105.171
-76.0923 -38.6826 -87.1328 -42.1449 -106.151 -104.985
-76.3041 -39.2161 -87.6572 -42.5563 -107.219 -104.784
-76.5179 -39.7548 -88.1806 -42.9727 -108.3 -104.568
-76.7338 -40.2991 -88.7029 -43.394 -109.395 -104.335
-76.9518 -40.8488 -89.2239 -43.8205 -110.503 -104.086
-77.172 -41.4041 -89.7437 -44.252 -111.625 -103.82
-77.3944 -41.965 -90.2621 -44.6886 -112.76 -103.536
-77.6189 -42.5317 -90.7791 -45.1303 -113.909 -103.233
-77.8457 -43.1041 -91.2945 -45.5771 -115.072 -102.911
-78.0747 -43.6824 -91.8082 -46.029 -116.248 -102.57
-78.306 -44.2666 -92.3202 -46.4859 -117.438 -102.207
-78.5395 -44.8568 -92.8303 -46.948 -118.642 -101.824
-78.7754 -45.453 -93.3384 -47.4151 -119.859 -101.418
-79.0137 -46.0554 -93.8444 -47.8872 -121.09 -100.99
-79.2543 -46.6639 -94.3483 -48.3644 -122.335 -100.538
-79.4973 -47.2787 -94.8498 -48.8464 -123.593 -100.061
-79.7428 -47.8999 -95.3489 -49.3334 -124.864 -99.5592
-79.9907 -48.5274 -95.8454 -49.8252 -126.148 -99.0311
-80.241 -49.1613 -96.3392 -50.3217 -127.445 -98.4759
-80.4939 -49.8018 -96.8302 -50.8228 -128.755 -97.8927
-80.7492 -50.4489 -97.3181 -51.3285 -130.077 -97.2806
-81.0072 -51.1026 -97.803 -51.8387 -131.412 -96.6386
-81.2676 -51.763 -98.2845 -52.3531 -132.758 -95.9658
-81.5307 -52.4302 -98.7626 -52.8717 -134.116 -95.2612
-81.7963 -53.1041 -99.2371 -53.3943 -135.486 -94.5239
-82.0646 -53.785 -99.7079 -53.9207 -136.865 -93.7528
-82.3355 -54.4728 -100.175 -54.4507 -138.256 -92.9468
-82.6091 -55.1676 -100.637 -54.9841 -139.655 -92.105
-82.8854 -55.8693 -101.096 -55.5207 -141.064 -91.2264
-83.1643 -56.5782 -101.55 -56.0603 -142.482 -90.3098
-83.446 -57.2942 -101.999 -56.6024 -143.907 -89.3543
-83.7304 -58.0173 -102.443 -57.1469 -145.339 -88.3589
-84.0175 -58.7475 -102.882 -57.6934 -146.777 -87.3223
-84.3073 -59.485 -103.316 -58.2416 -148.221 -86.2437
-84.5999 -60.2297 -103.745 -58.791 -149.669 -85.1221
-84.8952 -60.9817 -104.168 -59.3414 -151.121 -83.9563
-85.1933 -61.741 -104.584 -59.8923 -152.575 -82.7455
-85.4941 -62.5075 -104.995 -60.4431 -154.03 -81.4886
-85.7977 -63.2812 -105.399 -60.9935 -155.485 -80.1847
-86.104 -64.0623 -105.797 -61.543 -156.939 -78.833
-86.4131 -64.8506 -106.188 -62.0909 -158.39 -77.4325
-86.725 -65.6462 -106.571 -62.6368 -159.837 -75.9825
-87.0395 -66.449 -106.947 -63.18 -161.279 -74.4822
-87.3567 -67.259 -107.316 -63.7199 -162.713 -72.9309
-87.6767 -68.0761 -107.677 -64.2558 -164.138 -71.328
-87.9993 -68.9004 -108.029 -64.7872 -165.553 -69.6729
-88.3246 -69.7316 -108.374 -65.3132 -166.955 -67.9652
-88.6524 -70.5699 -108.709 -65.8331 -168.343 -66.2045
-88.9829 -71.4151 -109.036 -66.3462 -169.715 -64.3904
-89.3159 -72.267 -109.353 -66.8517 -171.068 -62.5229
-89.6514 -73.1257 -109.661 -67.3488 -172.401 -60.6019
-89.9894 -73.991 -109.959 -67.8366 -173.712 -58.6273
-90.3298 -74.8628 -110.247 -68.3144 -174.997 -56.5995
-90.6725 -75.741 -110.525 -68.7812 -176.256 -54.5187
-91.0176 -76.6254 -110.792 -69.2362 -177.486 -52.3853
-91.3649 -77.5159 -111.049 -69.6785 -178.684 -50.2001
-91.7144 -78.4122 -111.294 -70.1072 -179.849 -47.9637
-92.0659 -79.3143 -111.528 -70.5214 -180.977 -45.6771
-92.4196 -80.222 -111.751 -70.9203 -182.068 -43.3413
-92.7751 -81.135 -111.962 -71.3029 -183.117 -40.9577
-93.1326 -82.0532 -112.161 -71.6684 -184.124 -38.5276
-93.4918 -82.9762 -112.347 -72.016 -185.085 -36.0526
-93.8527 -83.904 -112.521 -72.3447 -185.999 -33.5344
-94.2153 -84.8362 -112.683 -72.6539 -186.864 -30.9751
-94.5793 -85.7726 -112.831 -72.9427 -187.677 -28.3767
-94.9447 -86.713 -112.966 -73.2104 -188.437 -25.7413
-95.3114 -87.657 -113.088 -73.4563 -189.142 -23.0715
-95.6792 -88.6044 -113.197 -73.6798 -189.789 -20.3698
-96.0482 -89.5549 -113.292 -73.8801 -190.378 -17.6388
-96.418 -90.5082 -113.373 -74.0569 -190.906 -14.8814
-96.7887 -91.4639 -113.441 -74.2095 -191.373 -12.1005
-97.1601 -92.4219 -113.494 -74.3375 -191.778 -9.29912
-97.5321 -93.3817 -113.534 -74.4407 -192.118 -6.48045
-97.9045 -94.3431 -113.559 -74.5186 -192.394 -3.64768
-98.2773 -95.3056 -113.57 -74.5711 -192.605 -0.804077
-98.6503 -96.2691 -113.567 -74.598 -192.75 2.04703
-99.0233 -97.2331 -113.55 -74.5991 -192.829 4.90228
-99.3962 -98.1974 -113.518 -74.5746 -192.841 7.75831
-99.769 -99.1615 -113.472 -74.5244 -192.788 10.6118
-100.141 -100.125 -113.412 -74.4487 -192.669 13.4593
-100.514 -101.088 -113.338 -74.3476 -192.484 16.2975
-100.885 -102.05 -113.249 -74.2215 -192.234 19.1232
-101.256 -103.011 -113.147 -74.0708 -191.921 21.9333
-101.626 -103.969 -113.03 -73.8957 -191.544 24.7245
-101.995 -104.926 -112.899 -73.6968 -191.106 27.4938
-102.363 -105.88 -112.755 -73.4746 -190.607 30.2384
-102.729 -106.832 -112.597 -73.2297 -190.049 32.9555
-103.095 -107.781 -112.425 -72.9627 -189.433 35.6423
-103.459 -108.726 -112.241 -72.6743 -188.761 38.2964
-103.822 -109.668 -112.043 -72.3652 -188.035 40.9154
-104.183 -110.607 -111.831 -72.0362 -187.257 43.4971
-104.542 -111.541 -111.608 -71.688 -186.428 46.0394
-104.9 -112.471 -111.371 -71.3215 -185.552 48.5404
-105.255 -113.397 -111.122 -70.9375 -184.629 50.9984
-105.609 -114.317 -110.861 -70.5369 -183.662 53.4118
-105.961 -115.233 -110.588 -70.1205 -182.654 55.7792
-106.31 -116.144 -110.303 -69.6893 -181.606 58.0993
-106.658 -117.049 -110.007 -69.244 -180.52 60.3712
-107.003 -117.949 -109.7 -68.7855 -179.4 62.5937
-107.345 -118.843 -109.381 -68.3148 -178.246 64.7663
-107.686 -119.732 -109.052 -67.8328 -177.062 66.8882
-108.024 -120.614 -108.712 -67.3401 -175.85 68.959
-108.359 -121.49 -108.362 -66.8378 -174.611 70.9783
-108.692 -122.36 -108.003 -66.3266 -173.348 72.9459
-109.022 -123.224 -107.633 -65.8073 -172.063 74.8618
-109.35 -124.081 -107.254 -65.2807 -170.758 76.726
-109.675 -124.931 -106.866 -64.7476 -169.435 78.5385
-109.998 -125.775 -106.469 -64.2087 -168.096 80.2997
-110.317 -126.612 -106.063 -63.6648 -166.742 82.0099
-110.634 -127.442 -105.648 -63.1164 -165.376 83.6694
-110.949 -128.266 -105.226 -62.5644 -163.999 85.2789
-111.26 -129.082 -104.796 -62.0092 -162.612 86.8388
-111.569 -129.892 -104.358 -61.4516 -161.218 88.3498
-111.874 -130.695 -103.912 -60.8921 -159.818 89.8127
-112.178 -131.49 -103.46 -60.3312 -158.413 91.228
-112.478 -132.279 -103 -59.7694 -157.005 92.5967
-112.775 -133.06 -102.534 -59.2073 -155.595 93.9195
-113.07 -133.835 -102.061 -58.6453 -154.183 95.1974
-113.362 -134.602 -101.582 -58.0839 -152.772 96.4312
-113.651 -135.362 -101.096 -57.5234 -151.363 97.6218
-113.937 -136.116 -100.605 -56.9643 -149.956 98.7703
-114.22 -136.862 -100.109 -56.4068 -148.552 99.8774
-114.501 -137.601 -99.6066 -55.8514 -147.152 100.944
-114.779 -138.334 -99.0992 -55.2984 -145.757 101.972
-115.054 -139.059 -98.5869 -54.748 -144.369 102.961
-115.326 -139.777 -98.0696 -54.2005 -142.986 103.913
-115.596 -140.489 -97.5477 -53.6562 -141.611 104.828
-115.863 -141.193 -97.0214 -53.1153 -140.244 105.708
-116.127 -141.891 -96.4907 -52.5779 -138.885 106.554
-116.389 -142.582 -95.9558 -52.0444 -137.535 107.366
-116.648 -143.267 -95.417 -51.5148 -136.194 108.145
-116.904 -143.944 -94.8744 -50.9894 -134.863 108.893
-117.157 -144.615 -94.3281 -50.4682 -133.543 109.61
-117.409 -145.28 -93.7783 -49.9514 -132.233 110.297
-117.657 -145.938 -93.2251 -49.4391 -130.933 110.956
-117.903 -146.589 -92.6687 -48.9315 -129.645 111.586
-118.146 -147.234 -92.1092 -48.4285 -128.368 112.19
-118.387 -147.873 -91.5468 -47.9303 -127.103 112.766
-118.626 -148.505 -90.9816 -47.437 -125.85 113.318
-118.862 -149.131 -90.4136 -46.9485 -124.609 113.845
-119.095 -149.751 -89.8431 -46.465 -123.379 114.347
-119.326 -150.365 -89.2702 -45.9865 -122.162 114.827
-119.555 -150.973 -88.6949 -45.513 -120.958 115.284
-119.781 -151.575 -88.1173 -45.0446 -119.766 115.72
-120.005 -152.17 -87.5377 -44.5812 -118.586 116.134
-120.227 -152.76 -86.956 -44.1229 -117.419 116.529
-120.447 -153.345 -86.3724 -43.6697 -116.264 116.903
-120.664 -153.923 -85.7869 -43.2215 -115.122 117.259
-120.879 -154.496 -85.1998 -42.7784 -113.992 117.596
-121.092 -155.063 -84.611 -42.3403 -112.875 117.916
-121.302 -155.625 -84.0206 -41.9073 -111.771 118.218
-121.511 -156.181 -83.4288 -41.4793 -110.678 118.504
-121.717 -156.731 -82.8356 -41.0562 -109.599 118.774
-121.921 -157.277 -82.2411 -40.6381 -108.531 119.029
-122.123 -157.817 -81.6453 -40.225 -107.476 119.268
-122.324 -158.351 -81.0484 -39.8167 -106.433 119.493
-122.522 -158.881 -80.4504 -39.4133 -105.403 119.704
-122.718 -159.405 -79.8513 -39.0147 -104.384 119.902
-122.912 -159.925 -79.2513 -38.6209 -103.377 120.087
-123.104 -160.439 -78.6505 -38.2318 -102.383 120.259
-123.294 -160.949 -78.0487 -37.8474 -101.399 120.419
-123.482 -161.453 -77.4463 -37.4677 -100.428 120.568
-123.669 -161.953 -76.8431 -37.0925 -99.4679 120.705
-123.853 -162.448 -76.2392 -36.7219 -98.5194 120.831
-124.036 -162.938 -75.6348 -36.3558 -97.5821 120.946
-124.217 -163.424 -75.0297 -35.9941 -96.656 121.052
-124.396 -163.905 -74.4242 -35.6368 -95.7409 121.148
-124.573 -164.381 -73.8183 -35.2839 -94.8368 121.234
-124.749 -164.853 -73.2119 -34.9352 -93.9435 121.311
-124.923 -165.321 -72.6052 -34.5908 -93.0608 121.379
-125.095 -165.784 -71.9981 -34.2506 -92.1887 121.439
-125.265 -166.242 -71.3908 -33.9145 -91.327 121.49
-125.434 -166.697 -70.7832 -33.5824 -90.4755 121.534
-125.601 -167.147 -70.1754 -33.2544 -89.6343 121.57
-125.766 -167.593 -69.5675 -32.9304 -88.803 121.598
-125.93 -168.035 -68.9595 -32.6103 -87.9816 121.619
-126.092 -168.473 -68.3513 -32.294 -87.17 121.634
-126.253 -168.907 -67.7431 -31.9816 -86.3681 121.642
-126.412 -169.337 -67.1349 -31.6729 -85.5756 121.643
-126.57 -169.763 -66.5267 -31.3679 -84.7925 121.638
-126.726 -170.185 -65.9185 -31.0666 -84.0186 121.628
-126.881 -170.603 -65.3104 -30.7689 -83.2539 121.611
-127.034 -171.017 -64.7024 -30.4747 -82.4981 121.589
-127.185 -171.428 -64.0945 -30.184 -81.7512 121.562
-127.335 -171.835 -63.4868 -29.8968 -81.0131 121.529
-127.484 -172.238 -62.8792 -29.613 -80.2835 121.492
-127.632 -172.638 -62.2719 -29.3325 -79.5625 121.449
-127.778 -173.034 -61.6647 -29.0554 -78.8498 121.402
-127.922 -173.426 -61.0578 -28.7814 -78.1454 121.351
-128.065 -173.815 -60.4512 -28.5107 -77.4491 121.295
-128.207 -174.201 -59.8449 -28.2432 -76.7608 121.235
-128.348 -174.583 -59.2389 -27.9788 -76.0804 121.171
-128.487 -174.961 -58.6332 -27.7174 -75.4078 121.103
-128.625 -175.337 -58.0278 -27.459 -74.7429 121.032
-128.762 -175.709 -57.4229 -27.2036 -74.0855 120.956
-128.897 -176.078 -56.8183 -26.9512 -73.4356 120.878
-129.031 -176.443 -56.2141 -26.7016 -72.793 120.796
-129.164 -176.806 -55.6103 -26.4549 -72.1577 120.71
-129.296 -177.165 -55.007 -26.211 -71.5294 120.622
-129.426 -177.521 -54.4041 -25.9699 -70.9082 120.531
-129.555 -177.874 -53.8017 -25.7314 -70.2939 120.436
-129.683 -178.224 -53.1997 -25.4957 -69.6865 120.339
-129.81 -178.571 -52.5983 -25.2626 -69.0857 120.24
-129.936 -178.915 -51.9973 -25.0321 -68.4916 120.137
-130.061 -179.256 -51.3969 -24.8041 -67.9039 120.033
-130.184 -179.594 -50.797 -24.5787 -67.3227 119.925
-130.306 -179.929 -50.1976 -24.3557 -66.7479 119.816
-130.428 -180.261 -49.5988 -24.1352 -66.1792 119.704
-130.548 -180.591 -49.0006 -23.9171 -65.6167 119.59
-130.667 -180.917 -48.4029 -23.7014 -65.0603 119.474
-130.785 -181.241 -47.8059 -23.488 -64.5098 119.356
-130.902 -181.562 -47.2094 -23.277 -63.9652 119.236
-131.018 -181.881 -46.6135 -23.0682 -63.4264 119.115
-131.132 -182.197 -46.0182 -22.8616 -62.8933 118.991
-131.246 -182.51 -45.4236 -22.6573 -62.3658 118.866
-131.359 -182.82 -44.8296 -22.4551 -61.8438 118.739
-131.471 -183.128 -44.2362 -22.255 -61.3274 118.611
-131.582 -183.434 -43.6435 -22.0571 -60.8163 118.481
-131.691 -183.736 -43.0514 -21.8613 -60.3105 118.35
-131.8 -184.037 -42.46 -21.6675 -59.8099 118.217
-131.908 -184.335 -41.8692 -21.4757 -59.3145 118.083
-132.015 -184.63 -41.2791 -21.2859 -58.8241 117.948
-132.121 -184.923 -40.6897 -21.098 -58.3388 117.811
-132.226 -185.213 -40.101 -20.9121 -57.8584 117.673
-132.33 -185.501 -39.513 -20.7281 -57.3828 117.534
-132.433 -185.787 -38.9257 -20.546 -56.9121 117.394
-132.535 -186.07 -38.3391 -20.3657 -56.446 117.253
-132.637 -186.352 -37.7531 -20.1872 -55.9847 117.111
-132.737 -186.63 -37.1679 -20.0106 -55.5279 116.968
-132.837 -186.907 -36.5835 -19.8357 -55.0756 116.824
-132.936 -187.181 -35.9997 -19.6625 -54.6278 116.679
-133.034 -187.453 -35.4167 -19.4911 -54.1844 116.534
-133.131 -187.723 -34.8344 -19.3214 -53.7454 116.387
-133.227 -187.991 -34.2528 -19.1533 -53.3106 116.24
-133.322 -188.256 -33.672 -18.9869 -52.88 116.092
-133.417 -188.519 -33.0919 -18.8221 -52.4536 115.943
-133.51 -188.781 -32.5125 -18.659 -52.0313 115.794
-133.603 -189.04 -31.9339 -18.4974 -51.613 115.644
-133.695 -189.297 -31.3561 -18.3373 -51.1987 115.493
-133.787 -189.552 -30.779 -18.1788 -50.7883 115.342
-133.877 -189.805 -30.2027 -18.0218 -50.3819 115.191
-133.967 -190.055 -29.6271 -17.8663 -49.9792 115.038
-134.056 -190.304 -29.0523 -17.7123 -49.5803 114.886
-134.144 -190.551 -28.4782 -17.5597 -49.1851 114.733
-134.231 -190.796 -27.905 -17.4086 -48.7937 114.579
-134.318 -191.039 -27.3325 -17.2589 -48.4058 114.425
-134.404 -191.28 -26.7607 -17.1106 -48.0215 114.27
-134.489 -191.519 -26.1897 -16.9636 -47.6407 114.116
-134.574 -191.757 -25.6196 -16.818 -47.2634 113.961
-134.657 -191.992 -25.0501 -16.6738 -46.8895 113.805
-134.74 -192.226 -24.4815 -16.5308 -46.519 113.649
-134.823 -192.457 -23.9136 -16.3892 -46.1519 113.493
-134.904 -192.687 -23.3466 -16.2489 -45.788 113.337
-134.985 -192.915 -22.7803 -16.1098 -45.4274 113.18
-135.065 -193.141 -22.2148 -15.972 -45.07 113.024
-135.145 -193.366 -21.65 -15.8354 -44.7157 112.866
-135.224 -193.588 -21.0861 -15.7 -44.3646 112.709
-135.302 -193.809 -20.523 -15.5659 -44.0166 112.552
-135.379 -194.029 -19.9606 -15.4329 -43.6716 112.394
-135.456 -194.246 -19.399 -15.3011 -43.3296 112.237
-135.532 -194.462 -18.8382 -15.1705 -42.9906 112.079
-135.608 -194.676 -18.2782 -15.041 -42.6545 111.921
-135.683 -194.889 -17.719 -14.9126 -42.3213 111.763
-135.757 -195.099 -17.1606 -14.7853 -41.9909 111.604
-135.831 -195.308 -16.603 -14.6592 -41.6633 111.446
-135.904 -195.516 -16.0461 -14.5341 -41.3386 111.288
-135.976 -195.722 -15.4901 -14.4101 -41.0166 111.13
-136.048 -195.926 -14.9348 -14.2871 -40.6972 110.971
-136.119 -196.129 -14.3804 -14.1652 -40.3806 110.813
-136.189 -196.33 -13.8267 -14.0444 -40.0666 110.654
-136.259 -196.529 -13.2738 -13.9245 -39.7552 110.496
-136.329 -196.727 -12.7218 -13.8057 -39.4464 110.337
-136.397 -196.924 -12.1705 -13.6878 -39.1401 110.179
-136.465 -197.119 -11.62 -13.5709 -38.8363 110.02
-136.533 -197.312 -11.0703 -13.455 -38.5351 109.862
-136.6 -197.504 -10.5214 -13.34 -38.2362 109.703
-136.666 -197.695 -9.97323 -13.226 -37.9398 109.545
-136.732 -197.884 -9.4259 -13.113 -37.6458 109.387
-136.798 -198.071 -8.87936 -13.0008 -37.3541 109.229
-136.862 -198.257 -8.33362 -12.8896 -37.0648 109.07
-136.926 -198.442 -7.78866 -12.7792 -36.7777 108.912
-136.99 -198.625 -7.24449 -12.6697 -36.493 108.754
-137.053 -198.807 -6.70112 -12.5612 -36.2105 108.596
-137.116 -198.987 -6.15853 -12.4534 -35.9302 108.439
-137.178 -199.166 -5.61673 -12.3466 -35.6521 108.281
-137.239 -199.344 -5.07572 -12.2406 -35.3761 108.123
-137.3 -199.52 -4.5355 -12.1354 -35.1023 107.966
-137.36 -199.695 -3.99606 -12.031 -34.8307 107.808
-137.42 -199.868 -3.45742 -11.9275 -34.5611 107.651
-137.48 -200.04 -2.91955 -11.8248 -34.2936 107.494
-137.539 -200.211 -2.38247 -11.7228 -34.0281 107.337
-137.597 -200.38 -1.84618 -11.6217 -33.7646 107.18
-137.655 -200.549 -1.31067 -11.5213 -33.5032 107.024
-137.712 -200.715 -0.775944 -11.4217 -33.2437 106.867
-137.769 -200.881 -0.241999 -11.3229 -32.9861 106.711
-137.825 -201.045 0.291165 -11.2248 -32.7305 106.555
-137.881 -201.208 0.823548 -11.1275 -32.4768 106.399
-137.937 -201.37 1.35515 -11.0309 -32.225 106.243
-137.992 -201.531 1.88598 -10.935 -31.975 106.087
-138.046 -201.69 2.41602 -10.8399 -31.7269 105.932
-138.1 -201.848 2.94529 -10.7454 -31.4805 105.776
-138.154 -202.005 3.47379 -10.6517 -31.236 105.621
-138.207 -202.16 4.00151 -10.5586 -30.9933 105.466
-138.259 -202.315 4.52845 -10.4662 -30.7523 105.312
-138.311 -202.468 5.05462 -10.3746 -30.513 105.157
-138.363 -202.62 5.58002 -10.2835 -30.2755 105.003
-138.414 -202.77 6.10465 -10.1932 -30.0396 104.849
-138.465 -202.92 6.62851 -10.1035 -29.8054 104.695
-138.515 -203.069 7.1516 -10.0144 -29.5729 104.541
-138.565 -203.216 7.67392 -9.92604 -29.3421 104.388
-138.614 -203.362 8.19548 -9.83826 -29.1128 104.234
-138.663 -203.507 8.71627 -9.75112 -28.8852 104.081
-138.712 -203.651 9.23629 -9.6646 -28.6591 103.929
-138.76 -203.794 9.75555 -9.57869 -28.4346 103.776
-138.808 -203.935 10.2741 -9.49338 -28.2117 103.623
-138.855 -204.076 10.7918 -9.40868 -27.9903 103.471
-138.902 -204.215 11.3088 -9.32458 -27.7704 103.319
-138.948 -204.353 11.825 -9.24106 -27.552 103.168
-138.994 -204.491 12.3404 -9.15812 -27.3351 103.016
-139.04 -204.627 12.8551 -9.07576 -27.1197 102.865
-139.085 -204.762 13.3691 -8.99396 -26.9057 102.714
-139.13 -204.896 13.8823 -8.91274 -26.6932 102.563
-139.174 -205.029 14.3947 -8.83206 -26.482 102.413
-139.218 -205.161 14.9064 -8.75194 -26.2723 102.262
-139.262 -205.291 15.4173 -8.67237 -26.064 102.112
-139.305 -205.421 15.9275 -8.59333 -25.8571 101.962
-139.347 -205.55 16.437 -8.51483 -25.6515 101.813
-139.39 -205.678 16.9457 -8.43686 -25.4473 101.663
-139.432 -205.804 17.4536 -8.35941 -25.2443 101.514
-139.473 -205.93 17.9608 -8.28248 -25.0428 101.365
-139.515 -206.055 18.4672 -8.20606 -24.8425 101.217
-139.556 -206.179 18.973 -8.13015 -24.6435 101.068
-139.596 -206.301 19.4779 -8.05474 -24.4458 100.92
-139.636 -206.423 19.9822 -7.97983 -24.2494 100.772
-139.676 -206.544 20.4857 -7.9054 -24.0542 100.625
-139.715 -206.664 20.9884 -7.83147 -23.8602 100.477
-139.754 -206.782 21.4904 -7.75802 -23.6675 100.33
-139.793 -206.9 21.9917 -7.68504 -23.476 100.183
-139.831 -207.017 22.4923 -7.61254 -23.2857 100.037
-139.869 -207.133 22.9921 -7.5405 -23.0965 99.8902
-139.906 -207.248 23.4912 -7.46893 -22.9086 99.7441
-139.944 -207.362 23.9895 -7.39781 -22.7218 99.5982
-139.98 -207.475 24.4871 -7.32715 -22.5362 99.4525
-140.017 -207.588 24.984 -7.25694 -22.3517 99.3071
-140.053 -207.699 25.4802 -7.18717 -22.1683 99.162
-140.089 -207.809 25.9757 -7.11784 -21.986 99.0171
-140.124 -207.919 26.4704 -7.04895 -21.8049 98.8725
-140.159 -208.027 26.9644 -6.98049 -21.6249 98.7281
-140.194 -208.135 27.4577 -6.91245 -21.4459 98.584
-140.228 -208.242 27.9502 -6.84484 -21.268 98.4401
-140.262 -208.348 28.4421 -6.77765 -21.0912 98.2965
-140.296 -208.453 28.9332 -6.71087 -20.9154 98.1531
-140.329 -208.557 29.4236 -6.64451 -20.7407 98.01
-140.362 -208.66 29.9133 -6.57855 -20.5669 97.8672
-140.395 -208.763 30.4023 -6.513 -20.3943 97.7246
-140.428 -208.864 30.8905 -6.44784 -20.2226 97.5822
-140.46 -208.965 31.3781 -6.38308 -20.0519 97.4401
-140.491 -209.065 31.8649 -6.31871 -19.8822 97.2983
-140.523 -209.164 32.3511 -6.25473 -19.7135 97.1567
-140.554 -209.262 32.8365 -6.19113 -19.5458 97.0153
-140.585 -209.359 33.3212 -6.12792 -19.379 96.8742
-140.615 -209.455 33.8052 -6.06508 -19.2132 96.7334
-140.645 -209.551 34.2886 -6.00261 -19.0483 96.5928
-140.675 -209.646 34.7712 -5.94052 -18.8844 96.4525
-140.705 -209.74 35.2531 -5.87879 -18.7213 96.3124
-140.734 -209.833 35.7343 -5.81742 -18.5592 96.1726
-140.763 -209.926 36.2148 -5.75641 -18.398 96.033
-140.792 -210.017 36.6946 -5.69576 -18.2377 95.8937
-140.82 -210.108 37.1737 -5.63547 -18.0783 95.7546
-140.848 -210.198 37.6522 -5.57552 -17.9198 95.6158
-140.876 -210.287 38.1299 -5.51592 -17.7621 95.4772
-140.903 -210.376 38.6069 -5.45666 -17.6053 95.3389
-140.93 -210.463 39.0833 -5.39775 -17.4494 95.2008
-140.957 -210.55 39.5589 -5.33917 -17.2943 95.063
-140.984 -210.636 40.0339 -5.28092 -17.14 94.9254
-141.01 -210.721 40.5082 -5.22301 -16.9866 94.788
-141.036 -210.806 40.9818 -5.16542 -16.834 94.651
-141.062 -210.89 41.4547 -5.10816 -16.6822 94.5141
-141.087 -210.973 41.9269 -5.05122 -16.5313 94.3775
-141.112 -211.055 42.3985 -4.9946 -16.3811 94.2412
-141.137 -211.137 42.8693 -4.9383 -16.2317 94.1051
-141.161 -211.217 43.3395 -4.88231 -16.0831 93.9693
-141.186 -211.297 43.809 -4.82663 -15.9353 93.8336
-141.21 -211.377 44.2779 -4.77126 -15.7883 93.6983
-141.233 -211.455 44.746 -4.7162 -15.642 93.5632
-141.257 -211.533 45.2135 -4.66143 -15.4964 93.4283
-141.28 -211.61 45.6803 -4.60697 -15.3517 93.2937
-141.303 -211.687 46.1464 -4.55281 -15.2076 93.1593
-141.326 -211.762 46.6119 -4.49893 -15.0643 93.0251
-141.348 -211.837 47.0767 -4.44536 -14.9218 92.8912
-141.37 -211.912 47.5408 -4.39207 -14.7799 92.7576
-141.392 -211.985 48.0043 -4.33907 -14.6388 92.6242
-141.413 -212.058 48.467 -4.28635 -14.4984 92.491
-141.435 -212.13 48.9292 -4.23391 -14.3587 92.358
-141.456 -212.202 49.3906 -4.18176 -14.2196 92.2253
-141.477 -212.272 49.8514 -4.12988 -14.0813 92.0929
-141.497 -212.342 50.3116 -4.07828 -13.9437 91.9607
-141.517 -212.412 50.771 -4.02694 -13.8067 91.8287
-141.537 -212.48 51.2298 -3.97588 -13.6704 91.6969
-141.557 -212.548 51.688 -3.92509 -13.5348 91.5654
-141.577 -212.616 52.1455 -3.87456 -13.3998 91.4342
-141.596 -212.682 52.6023 -3.8243 -13.2655 91.3031
-141.615 -212.748 53.0585 -3.7743 -13.1318 91.1723
-141.634 -212.814 53.5141 -3.72455 -12.9988 91.0418
-141.652 -212.878 53.9689 -3.67506 -12.8664 90.9114
-141.67 -212.942 54.4232 -3.62583 -12.7346 90.7813
-141.688 -213.006 54.8768 -3.57685 -12.6035 90.6515
-141.706 -213.068 55.3297 -3.52812 -12.473 90.5218
-141.724 -213.131 55.782 -3.47964 -12.3431 90.3924
-141.741 -213.192 56.2336 -3.4314 -12.2138 90.2633
-141.758 -213.253 56.6846 -3.38341 -12.0851 90.1343
-141.775 -213.313 57.135 -3.33566 -11.957 90.0056
-141.791 -213.372 57.5847 -3.28815 -11.8295 89.8771
-141.808 -213.431 58.0337 -3.24088 -11.7026 89.7489
-141.824 -213.489 58.4821 -3.19385 -11.5762 89.6209
-141.84 -213.547 58.9299 -3.14704 -11.4505 89.4931
-141.855 -213.604 59.3771 -3.10048 -11.3253 89.3655
-141.871 -213.66 59.8236 -3.05414 -11.2007 89.2382
-141.886 -213.716 60.2695 -3.00803 -11.0766 89.1111
-141.901 -213.771 60.7147 -2.96214 -10.9531 88.9842
-141.915 -213.825 61.1593 -2.91648 -10.8302 88.8576
-141.93 -213.879 61.6033 -2.87105 -10.7078 88.7311
-141.944 -213.932 62.0466 -2.82583 -10.5859 88.6049
-141.958 -213.985 62.4893 -2.78084 -10.4646 88.479
-141.972 -214.037 62.9314 -2.73606 -10.3439 88.3532
-141.985 -214.088 63.3729 -2.6915 -10.2236 88.2277
-141.999 -214.139 63.8137 -2.64715 -10.1039 88.1024
-142.012 -214.189 64.2539 -2.60302 -9.98468 87.9773
-142.025 -214.239 64.6935 -2.55909 -9.86599 87.8524
-142.038 -214.288 65.1324 -2.51538 -9.74782 87.7278
-142.05 -214.337 65.5707 -2.47187 -9.63015 87.6034
-142.062 -214.384 66.0084 -2.42857 -9.51299 87.4792
-142.074 -214.432 66.4455 -2.38547 -9.39633 87.3552
-142.086 -214.478 66.882 -2.34257 -9.28016 87.2314
-142.098 -214.525 67.3178 -2.29988 -9.16448 87.1079
-142.109 -214.57 67.7531 -2.25738 -9.04929 86.9846
-142.12 -214.615 68.1877 -2.21508 -8.93458 86.8615
-142.131 -214.659 68.6217 -2.17298 -8.82035 86.7386
-142.142 -214.703 69.0551 -2.13108 -8.7066 86.6159
-142.153 -214.746 69.4878 -2.08936 -8.59332 86.4935
-142.163 -214.789 69.92 -2.04784 -8.4805 86.3712
-142.173 -214.831 70.3515 -2.00651 -8.36815 86.2492
-142.183 -214.873 70.7825 -1.96537 -8.25626 86.1274
-142.193 -214.914 71.2128 -1.92441 -8.14482 86.0058
-142.202 -214.954 71.6425 -1.88364 -8.03384 85.8845
-142.212 -214.994 72.0717 -1.84306 -7.92331 85.7633
-142.221 -215.034 72.5002 -1.80266 -7.81322 85.6424
-142.23 -215.072 72.9281 -1.76244 -7.70357 85.5216
-142.238 -215.111 73.3554 -1.7224 -7.59436 85.4011
-142.247 -215.148 73.7821 -1.68254 -7.48559 85.2808
-142.255 -215.185 74.2082 -1.64285 -7.37725 85.1607
-142.263 -215.222 74.6337 -1.60335 -7.26933 85.0408
-142.271 -215.258 75.0586 -1.56401 -7.16184 84.9211
-142.279 -215.294 75.4829 -1.52485 -7.05477 84.8017
-142.286 -215.329 75.9066 -1.48587 -6.94812 84.6824
-142.294 -215.363 76.3297 -1.44705 -6.84189 84.5634
-142.301 -215.397 76.7523 -1.40841 -6.73606 84.4445
-142.308 -215.43 77.1742 -1.36993 -6.63065 84.3259
-142.315 -215.463 77.5955 -1.33162 -6.52563 84.2075
-142.321 -215.496 78.0163 -1.29348 -6.42103 84.0893
-142.327 -215.528 78.4364 -1.2555 -6.31682 83.9713
-142.334 -215.559 78.856 -1.21768 -6.213 83.8535
-142.34 -215.59 79.2749 -1.18003 -6.10958 83.7359
-142.345 -215.62 79.6933 -1.14254 -6.00655 83.6185
-142.351 -215.65 80.1111 -1.1052 -5.90391 83.5014
-142.356 -215.679 80.5283 -1.06803 -5.80165 83.3844
-142.362 -215.708 80.945 -1.03101 -5.69977 83.2676
-142.367 -215.736 81.361 -0.994155 -5.59827 83.1511
-142.372 -215.764 81.7765 -0.957452 -5.49715 83.0347
-142.376 -215.791 82.1914 -0.920902 -5.3964 82.9186
-142.381 -215.818 82.6057 -0.884505 -5.29602 82.8026
-142.385 -215.844 83.0194 -0.848261 -5.19601 82.6869
-142.389 -215.87 83.4325 -0.812168 -5.09637 82.5713
-142.393 -215.895 83.8451 -0.776224 -4.99708 82.456
-142.397 -215.92 84.2571 -0.740429 -4.89816 82.3409
-142.401 -215.944 84.6685 -0.704782 -4.79959 82.2259
-142.404 -215.968 85.0794 -0.669282 -4.70138 82.1112
-142.407 -215.991 85.4896 -0.633927 -4.60352 81.9966
-142.411 -216.014 85.8993 -0.598717 -4.50601 81.8823
-142.413 -216.036 86.3084 -0.563651 -4.40885 81.7682
-142.416 -216.058 86.717 -0.528727 -4.31203 81.6543
-142.419 -216.079 87.125 -0.493945 -4.21556 81.5405
-142.421 -216.1 87.5324 -0.459304 -4.11942 81.427
-142.423 -216.12 87.9393 -0.424802 -4.02362 81.3136
-142.425 -216.14 88.3455 -0.390439 -3.92816 81.2005
-142.427 -216.16 88.7513 -0.356213 -3.83303 81.0876
-142.429 -216.178 89.1564 -0.322125 -3.73824 80.9748
-142.43 -216.197 89.561 -0.288172 -3.64377 80.8623
-142.432 -216.215 89.965 -0.254354 -3.54963 80.7499
-142.433 -216.232 90.3685 -0.220671 -3.45581 80.6378
-142.434 -216.249 90.7714 -0.18712 -3.36231 80.5258
-142.435 -216.266 91.1738 -0.153701 -3.26914 80.4141
-142.436 -216.282 91.5756 -0.120414 -3.17628 80.3025
-142.436 -216.298 91.9768 -0.0872572 -3.08374 80.1911
-142.436 -216.313 92.3775 -0.0542299 -2.99151 80.0799
-142.437 -216.328 92.7776 -0.0213312 -2.89959 79.969
-142.437 -216.342 93.1772 0.0114397 -2.80799 79.8582
-142.436 -216.356 93.5762 0.0440837 -2.71669 79.7476
-142.436 -216.369 93.9746 0.0766015 -2.6257 79.6372
-142.436 -216.382 94.3725 0.108994 -2.53501 79.527
-142.435 -216.395 94.7699 0.141262 -2.44462 79.417
-142.434 -216.407 95.1667 0.173407 -2.35454 79.3071
-142.433 -216.418 95.563 0.205429 -2.26475 79.1975
-142.432 -216.429 95.9587 0.237329 -2.17526 79.0881
-142.431 -216.44 96.3539 0.269107 -2.08606 78.9788
-142.43 -216.45 96.7485 0.300765 -1.99716 78.8697
-142.428 -216.46 97.1426 0.332304 -1.90855 78.7609
-142.426 -216.469 97.5361 0.363724 -1.82023 78.6522
-142.424 -216.478 97.9291 0.395025 -1.73219 78.5437
