-100 50 100 0 0 -49
-100 49.9999 99.7548 0.00539873 -0.039087 -49.0699
-99.9999 49.9996 99.5093 0.010797 -0.0783088 -49.1399
-99.9999 49.9991 99.2634 0.0161947 -0.117666 -49.2099
-99.9998 49.9984 99.0172 0.0215919 -0.157159 -49.2801
-99.9997 49.9975 98.7706 0.0269887 -0.196789 -49.3503
-99.9995 49.9965 98.5237 0.0323849 -0.236557 -49.4206
-99.9993 49.9952 98.2764 0.0377806 -0.276462 -49.491
-99.9991 49.9937 98.0288 0.0431758 -0.316506 -49.5615
-99.9989 49.992 97.7808 0.0485704 -0.356689 -49.632
-99.9987 49.9901 97.5325 0.0539646 -0.397011 -49.7027
-99.9984 49.988 97.2838 0.0593582 -0.437475 -49.7734
-99.9981 49.9858 97.0347 0.0647514 -0.478079 -49.8443
-99.9977 49.9833 96.7853 0.070144 -0.518825 -49.9152
-99.9974 49.9806 96.5356 0.075536 -0.559713 -49.9862
-99.997 49.9777 96.2855 0.0809276 -0.600745 -50.0573
-99.9965 49.9746 96.035 0.0863186 -0.64192 -50.1284
-99.9961 49.9712 95.7842 0.0917091 -0.683239 -50.1997
-99.9956 49.9677 95.533 0.0970991 -0.724704 -50.271
-99.9951 49.964 95.2815 0.102488 -0.766314 -50.3425
-99.9946 49.9601 95.0296 0.107877 -0.80807 -50.414
-99.9941 49.9559 94.7773 0.113266 -0.849974 -50.4856
-99.9935 49.9516 94.5247 0.118654 -0.892025 -50.5573
-99.9929 49.947 94.2718 0.124041 -0.934225 -50.6291
-99.9922 49.9422 94.0184 0.129428 -0.976573 -50.7009
-99.9916 49.9372 93.7648 0.134814 -1.01907 -50.7729
-99.9909 49.932 93.5107 0.140199 -1.06172 -50.845
-99.9902 49.9266 93.2563 0.145584 -1.10452 -50.9171
-99.9894 49.921 93.0015 0.150969 -1.14747 -50.9893
-99.9887 49.9151 92.7464 0.156353 -1.19058 -51.0617
-99.9879 49.9091 92.4909 0.161736 -1.23384 -51.1341
-99.987 49.9028 92.2351 0.167119 -1.27725 -51.2066
-99.9862 49.8963 91.9789 0.172502 -1.32082 -51.2792
-99.9853 49.8896 91.7223 0.177883 -1.36454 -51.3519
-99.9844 49.8827 91.4653 0.183265 -1.40842 -51.4246
-99.9835 49.8755 91.208 0.188645 -1.45245 -51.4975
-99.9825 49.8681 90.9504 0.194025 -1.49665 -51.5705
-99.9815 49.8605 90.6923 0.199405 -1.541 -51.6435
-99.9805 49.8527 90.4339 0.204784 -1.58551 -51.7167
-99.9795 49.8447 90.1752 0.210162 -1.63018 -51.7899
-99.9784 49.8364 89.916 0.21554 -1.67501 -51.8632
-99.9773 49.8279 89.6565 0.220917 -1.72001 -51.9367
-99.9762 49.8192 89.3967 0.226294 -1.76516 -52.0102
-99.9751 49.8103 89.1364 0.23167 -1.81048 -52.0838
-99.9739 49.8011 88.8758 0.237046 -1.85597 -52.1575
-99.9727 49.7917 88.6149 0.242421 -1.90161 -52.2313
-99.9715 49.7821 88.3535 0.247795 -1.94743 -52.3052
-99.9702 49.7723 88.0918 0.253169 -1.99341 -52.3792
-99.969 49.7622 87.8297 0.258542 -2.03956 -52.4532
-99.9676 49.7519 87.5673 0.263915 -2.08587 -52.5274
-99.9663 49.7413 87.3044 0.269287 -2.13235 -52.6017
-99.965 49.7305 87.0413 0.274658 -2.17901 -52.6761
-99.9636 49.7195 86.7777 0.280029 -2.22583 -52.7505
-99.9622 49.7083 86.5137 0.285399 -2.27283 -52.8251
-99.9607 49.6968 86.2494 0.290769 -2.31999 -52.8997
-99.9592 49.6851 85.9847 0.296138 -2.36733 -52.9745
-99.9578 49.6731 85.7197 0.301507 -2.41485 -53.0493
-99.9562 49.6609 85.4543 0.306874 -2.46253 -53.1243
-99.9547 49.6485 85.1884 0.312242 -2.5104 -53.1993
-99.9531 49.6358 84.9223 0.317608 -2.55844 -53.2745
-99.9515 49.6229 84.6557 0.322975 -2.60666 -53.3497
-99.9499 49.6098 84.3888 0.32834 -2.65505 -53.425
-99.9482 49.5964 84.1215 0.333705 -2.70363 -53.5005
-99.9465 49.5827 83.8538 0.339069 -2.75238 -53.576
-99.9448 49.5688 83.5857 0.344433 -2.80132 -53.6516
-99.9431 49.5547 83.3172 0.349796 -2.85044 -53.7274
-99.9413 49.5403 83.0484 0.355159 -2.89974 -53.8032
-99.9395 49.5257 82.7792 0.36052 -2.94922 -53.8791
-99.9377 49.5108 82.5096 0.365882 -2.99889 -53.9552
-99.9359 49.4957 82.2397 0.371242 -3.04874 -54.0313
-99.934 49.4804 81.9693 0.376602 -3.09878 -54.1075
-99.9321 49.4647 81.6986 0.381962 -3.14901 -54.1839
-99.9302 49.4489 81.4275 0.38732 -3.19942 -54.2603
-99.9282 49.4327 81.156 0.392679 -3.25003 -54.3368
-99.9263 49.4164 80.8841 0.398036 -3.30082 -54.4135
-99.9243 49.3997 80.6118 0.403393 -3.35181 -54.4902
-99.9222 49.3828 80.3392 0.408749 -3.40299 -54.567
-99.9202 49.3657 80.0662 0.414105 -3.45436 -54.644
-99.9181 49.3483 79.7928 0.41946 -3.50592 -54.721
-99.916 49.3306 79.519 0.424814 -3.55768 -54.7982
-99.9138 49.3127 79.2448 0.430168 -3.60964 -54.8754
-99.9117 49.2945 78.9702 0.435521 -3.66179 -54.9528
-99.9095 49.2761 78.6953 0.440873 -3.71415 -55.0303
-99.9073 49.2574 78.4199 0.446225 -3.7667 -55.1078
-99.905 49.2384 78.1442 0.451576 -3.81945 -55.1855
-99.9028 49.2192 77.8681 0.456927 -3.8724 -55.2633
-99.9005 49.1997 77.5915 0.462277 -3.92555 -55.3411
-99.8981 49.18 77.3146 0.467626 -3.97891 -55.4191
-99.8958 49.1599 77.0373 0.472974 -4.03248 -55.4972
-99.8934 49.1396 76.7597 0.478322 -4.08624 -55.5754
-99.891 49.1191 76.4816 0.483669 -4.14022 -55.6537
-99.8886 49.0982 76.2031 0.489016 -4.1944 -55.7321
-99.8861 49.0771 75.9243 0.494362 -4.24879 -55.8106
-99.8836 49.0557 75.645 0.499707 -4.30339 -55.8893
-99.8811 49.0341 75.3654 0.505051 -4.3582 -55.968
-99.8786 49.0122 75.0853 0.510395 -4.41323 -56.0468
-99.876 48.99 74.8049 0.515738 -4.46846 -56.1258
-99.8734 48.9675 74.5241 0.521081 -4.52392 -56.2048
-99.8708 48.9447 74.2429 0.526422 -4.57958 -56.284
-99.8682 48.9217 73.9612 0.531764 -4.63547 -56.3633
-99.8655 48.8984 73.6792 0.537104 -4.69157 -56.4427
-99.8628 48.8748 73.3968 0.542444 -4.74789 -56.5221
-99.8601 48.8509 73.114 0.547783 -4.80443 -56.6017
-99.8573 48.8267 72.8308 0.553121 -4.86119 -56.6815
-99.8545 48.8023 72.5472 0.558459 -4.91817 -56.7613
-99.8517 48.7775 72.2632 0.563795 -4.97538 -56.8412
-99.8489 48.7525 71.9788 0.569132 -5.03281 -56.9213
-99.846 48.7272 71.694 0.574467 -5.09047 -57.0014
-99.8431 48.7016 71.4088 0.579802 -5.14836 -57.0817
-99.8402 48.6757 71.1232 0.585136 -5.20647 -57.162
-99.8373 48.6495 70.8371 0.590469 -5.26482 -57.2425
-99.8343 48.6231 70.5507 0.595802 -5.32339 -57.3231
-99.8313 48.5963 70.2639 0.601133 -5.3822 -57.4039
-99.8283 48.5693 69.9767 0.606464 -5.44124 -57.4847
-99.8253 48.5419 69.6891 0.611795 -5.50052 -57.5656
-99.8222 48.5142 69.401 0.617124 -5.56003 -57.6467
-99.8191 48.4863 69.1126 0.622453 -5.61978 -57.7278
-99.816 48.4581 68.8238 0.627781 -5.67977 -57.8091
-99.8128 48.4295 68.5345 0.633108 -5.74 -57.8905
-99.8096 48.4007 68.2449 0.638435 -5.80047 -57.972
-99.8064 48.3715 67.9548 0.643761 -5.86118 -58.0537
-99.8032 48.342 67.6643 0.649086 -5.92214 -58.1354
-99.7999 48.3123 67.3734 0.65441 -5.98334 -58.2173
-99.7967 48.2822 67.0821 0.659733 -6.04479 -58.2993
-99.7933 48.2518 66.7904 0.665056 -6.10649 -58.3813
-99.79 48.2211 66.4983 0.670378 -6.16844 -58.4636
-99.7866 48.1901 66.2058 0.675699 -6.23064 -58.5459
-99.7833 48.1588 65.9129 0.681019 -6.29309 -58.6283
-99.7798 48.1272 65.6195 0.686338 -6.35579 -58.7109
-99.7764 48.0953 65.3258 0.691657 -6.41875 -58.7936
-99.7729 48.063 65.0316 0.696974 -6.48197 -58.8764
-99.7694 48.0305 64.737 0.702291 -6.54545 -58.9593
-99.7659 47.9976 64.442 0.707607 -6.60918 -59.0423
-99.7623 47.9644 64.1466 0.712923 -6.67318 -59.1255
-99.7588 47.9308 63.8507 0.718237 -6.73743 -59.2088
-99.7552 47.897 63.5545 0.72355 -6.80196 -59.2922
-99.7515 47.8628 63.2578 0.728863 -6.86675 -59.3757
-99.7479 47.8283 62.9607 0.734175 -6.9318 -59.4593
-99.7442 47.7935 62.6632 0.739486 -6.99713 -59.5431
-99.7405 47.7584 62.3653 0.744796 -7.06272 -59.627
-99.7367 47.7229 62.067 0.750105 -7.12859 -59.711
-99.733 47.6871 61.7682 0.755413 -7.19473 -59.7951
-99.7292 47.6509 61.469 0.76072 -7.26114 -59.8793
-99.7254 47.6145 61.1694 0.766027 -7.32783 -59.9637
-99.7215 47.5776 60.8694 0.771332 -7.3948 -60.0482
-99.7177 47.5405 60.5689 0.776637 -7.46205 -60.1328
-99.7138 47.503 60.268 0.78194 -7.52958 -60.2176
-99.7098 47.4652 59.9667 0.787243 -7.5974 -60.3024
-99.7059 47.4271 59.665 0.792545 -7.6655 -60.3874
-99.7019 47.3886 59.3629 0.797846 -7.73388 -60.4725
-99.6979 47.3497 59.0603 0.803145 -7.80256 -60.5578
-99.6939 47.3105 58.7573 0.808444 -7.87152 -60.6431
-99.6898 47.271 58.4539 0.813742 -7.94077 -60.7286
-99.6857 47.2311 58.15 0.819039 -8.01032 -60.8142
-99.6816 47.1909 57.8457 0.824335 -8.08016 -60.9
-99.6775 47.1503 57.541 0.829629 -8.1503 -60.9859
-99.6733 47.1094 57.2359 0.834923 -8.22074 -61.0718
-99.6692 47.0681 56.9303 0.840216 -8.29148 -61.158
-99.6649 47.0265 56.6243 0.845508 -8.36252 -61.2442
-99.6607 46.9845 56.3178 0.850798 -8.43386 -61.3306
-99.6564 46.9421 56.011 0.856088 -8.50551 -61.4171
-99.6521 46.8994 55.7037 0.861376 -8.57747 -61.5038
-99.6478 46.8564 55.3959 0.866664 -8.64974 -61.5905
-99.6435 46.8129 55.0878 0.87195 -8.72232 -61.6774
-99.6391 46.7691 54.7792 0.877235 -8.79521 -61.7644
-99.6347 46.725 54.4701 0.882519 -8.86841 -61.8516
-99.6303 46.6805 54.1606 0.887802 -8.94194 -61.9389
-99.6258 46.6356 53.8507 0.893084 -9.01578 -62.0263
-99.6213 46.5903 53.5404 0.898364 -9.08994 -62.1139
-99.6168 46.5447 53.2296 0.903644 -9.16443 -62.2015
-99.6123 46.4987 52.9184 0.908922 -9.23924 -62.2893
-99.6077 46.4523 52.6067 0.914199 -9.31437 -62.3773
-99.6032 46.4055 52.2946 0.919475 -9.38984 -62.4654
-99.5986 46.3584 51.982 0.92475 -9.46564 -62.5536
-99.5939 46.3109 51.6691 0.930023 -9.54177 -62.6419
-99.5893 46.263 51.3556 0.935295 -9.61823 -62.7304
-99.5846 46.2147 51.0418 0.940566 -9.69503 -62.819
-99.5798 46.166 50.7274 0.945836 -9.77217 -62.9078
-99.5751 46.117 50.4127 0.951104 -9.84965 -62.9966
-99.5703 46.0675 50.0975 0.956372 -9.92748 -63.0857
-99.5655 46.0177 49.7818 0.961637 -10.0056 -63.1748
-99.5607 45.9675 49.4657 0.966902 -10.0842 -63.2641
-99.5559 45.9168 49.1492 0.972165 -10.163 -63.3535
-99.551 45.8658 48.8322 0.977426 -10.2423 -63.4431
-99.5461 45.8144 48.5147 0.982687 -10.3218 -63.5328
-99.5412 45.7626 48.1969 0.987946 -10.4018 -63.6226
-99.5362 45.7104 47.8785 0.993203 -10.482 -63.7126
-99.5312 45.6578 47.5597 0.998459 -10.5627 -63.8027
-99.5262 45.6048 47.2405 1.00371 -10.6437 -63.8929
-99.5212 45.5513 46.9208 1.00897 -10.7251 -63.9833
-99.5161 45.4975 46.6007 1.01422 -10.8068 -64.0738
-99.5111 45.4433 46.2801 1.01947 -10.889 -64.1645
-99.5059 45.3886 45.959 1.02472 -10.9714 -64.2553
-99.5008 45.3336 45.6375 1.02996 -11.0543 -64.3462
-99.4956 45.2781 45.3155 1.03521 -11.1375 -64.4373
-99.4905 45.2222 44.9931 1.04045 -11.2212 -64.5285
-99.4852 45.1659 44.6703 1.0457 -11.3052 -64.6199
-99.48 45.1091 44.3469 1.05094 -11.3896 -64.7114
-99.4747 45.052 44.0231 1.05618 -11.4743 -64.8031
-99.4694 44.9944 43.6989 1.06141 -11.5595 -64.8948
-99.4641 44.9364 43.3742 1.06665 -11.6451 -64.9868
-99.4588 44.8779 43.049 1.07188 -11.731 -65.0788
-99.4534 44.8191 42.7234 1.07712 -11.8174 -65.1711
-99.448 44.7598 42.3973 1.08235 -11.9041 -65.2634
-99.4426 44.7 42.0708 1.08758 -11.9913 -65.3559
-99.4371 44.6399 41.7438 1.0928 -12.0788 -65.4486
-99.4317 44.5792 41.4163 1.09803 -12.1668 -65.5414
-99.4261 44.5182 41.0884 1.10325 -12.2552 -65.6343
-99.4206 44.4567 40.7599 1.10847 -12.344 -65.7274
-99.4151 44.3947 40.4311 1.11369 -12.4332 -65.8206
-99.4095 44.3324 40.1017 1.11891 -12.5228 -65.914
-99.4039 44.2695 39.7719 1.12413 -12.6129 -66.0075
-99.3982 44.2062 39.4417 1.12934 -12.7033 -66.1011
-99.3926 44.1425 39.1109 1.13455 -12.7942 -66.1949
-99.3869 44.0783 38.7797 1.13976 -12.8856 -66.2889
-99.3812 44.0136 38.448 1.14497 -12.9773 -66.383
-99.3754 43.9485 38.1159 1.15018 -13.0695 -66.4772
-99.3697 43.8829 37.7833 1.15538 -13.1622 -66.5716
-99.3639 43.8169 37.4502 1.16058 -13.2552 -66.6662
-99.3581 43.7504 37.1166 1.16578 -13.3488 -66.7609
-99.3522 43.6834 36.7826 1.17098 -13.4427 -66.8557
-99.3464 43.616 36.448 1.17617 -13.5372 -66.9507
-99.3405 43.548 36.1131 1.18137 -13.632 -67.0458
-99.3346 43.4796 35.7776 1.18656 -13.7274 -67.1411
-99.3286 43.4108 35.4416 1.19174 -13.8232 -67.2366
-99.3226 43.3414 35.1052 1.19693 -13.9194 -67.3322
-99.3166 43.2716 34.7683 1.20211 -14.0162 -67.4279
-99.3106 43.2012 34.4309 1.2073 -14.1134 -67.5238
-99.3046 43.1304 34.0931 1.21247 -14.211 -67.6198
-99.2985 43.0591 33.7547 1.21765 -14.3092 -67.716
-99.2924 42.9873 33.4159 1.22282 -14.4078 -67.8124
-99.2863 42.9151 33.0766 1.228 -14.5069 -67.9089
-99.2801 42.8423 32.7368 1.23316 -14.6065 -68.0055
-99.2739 42.769 32.3966 1.23833 -14.7066 -68.1023
-99.2677 42.6952 32.0558 1.24349 -14.8072 -68.1993
-99.2615 42.6209 31.7146 1.24865 -14.9083 -68.2964
-99.2552 42.5461 31.3728 1.25381 -15.0099 -68.3936
-99.249 42.4708 31.0306 1.25897 -15.1119 -68.4911
-99.2427 42.395 30.6879 1.26412 -15.2145 -68.5886
-99.2363 42.3187 30.3448 1.26927 -15.3176 -68.6864
-99.23 42.2418 30.0011 1.27442 -15.4213 -68.7842
-99.2236 42.1645 29.6569 1.27956 -15.5254 -68.8823
-99.2172 42.0866 29.3123 1.2847 -15.63 -68.9804
-99.2107 42.0082 28.9671 1.28984 -15.7352 -69.0788
-99.2043 41.9292 28.6215 1.29497 -15.8409 -69.1773
-99.1978 41.8497 28.2753 1.3001 -15.9472 -69.2759
-99.1913 41.7697 27.9287 1.30523 -16.054 -69.3748
-99.1847 41.6892 27.5816 1.31036 -16.1613 -69.4737
-99.1782 41.6081 27.234 1.31548 -16.2692 -69.5728
-99.1716 41.5265 26.8859 1.3206 -16.3776 -69.6721
-99.165 41.4444 26.5372 1.32571 -16.4866 -69.7716
-99.1583 41.3617 26.1881 1.33082 -16.5961 -69.8712
-99.1516 41.2784 25.8385 1.33593 -16.7062 -69.9709
-99.145 41.1946 25.4884 1.34104 -16.8168 -70.0708
-99.1382 41.1102 25.1378 1.34614 -16.9281 -70.1709
-99.1315 41.0253 24.7867 1.35124 -17.0399 -70.2711
-99.1247 40.9398 24.4351 1.35633 -17.1522 -70.3715
-99.1179 40.8538 24.083 1.36142 -17.2652 -70.472
-99.1111 40.7672 23.7304 1.36651 -17.3788 -70.5727
-99.1043 40.68 23.3773 1.37159 -17.4929 -70.6736
-99.0974 40.5922 23.0237 1.37667 -17.6076 -70.7746
-99.0905 40.5039 22.6695 1.38175 -17.723 -70.8758
-99.0836 40.415 22.3149 1.38682 -17.8389 -70.9771
-99.0766 40.3255 21.9598 1.39188 -17.9554 -71.0786
-99.0697 40.2355 21.6041 1.39695 -18.0726 -71.1803
-99.0627 40.1448 21.248 1.402 -18.1904 -71.2821
-99.0556 40.0536 20.8913 1.40706 -18.3088 -71.3841
-99.0486 39.9617 20.5341 1.41211 -18.4278 -71.4862
-99.0415 39.8693 20.1764 1.41716 -18.5475 -71.5885
-99.0344 39.7762 19.8182 1.4222 -18.6678 -71.691
-99.0273 39.6826 19.4595 1.42723 -18.7887 -71.7936
-99.0201 39.5884 19.1003 1.43227 -18.9103 -71.8964
-99.013 39.4935 18.7406 1.43729 -19.0325 -71.9993
-99.0058 39.398 18.3803 1.44232 -19.1554 -72.1024
-98.9985 39.3019 18.0195 1.44733 -19.279 -72.2057
-98.9913 39.2052 17.6582 1.45235 -19.4032 -72.3091
-98.984 39.1079 17.2964 1.45736 -19.5281 -72.4127
-98.9767 39.01 16.9341 1.46236 -19.6537 -72.5164
-98.9694 38.9114 16.5713 1.46736 -19.7799 -72.6203
-98.9621 38.8122 16.2079 1.47235 -19.9069 -72.7244
-98.9547 38.7123 15.844 1.47734 -20.0345 -72.8287
-98.9473 38.6118 15.4796 1.48232 -20.1628 -72.9331
-98.9399 38.5107 15.1147 1.4873 -20.2919 -73.0376
-98.9324 38.4089 14.7493 1.49227 -20.4216 -73.1423
-98.9249 38.3065 14.3833 1.49723 -20.5521 -73.2472
-98.9174 38.2034 14.0168 1.50219 -20.6833 -73.3523
-98.9099 38.0996 13.6498 1.50715 -20.8152 -73.4575
-98.9024 37.9952 13.2822 1.5121 -20.9478 -73.5629
-98.8948 37.8902 12.9141 1.51704 -21.0812 -73.6684
-98.8872 37.7844 12.5455 1.52198 -21.2154 -73.7741
-98.8796 37.678 12.1764 1.52691 -21.3502 -73.88
-98.8719 37.5709 11.8067 1.53183 -21.4859 -73.986
-98.8643 37.4631 11.4365 1.53675 -21.6223 -74.0922
-98.8566 37.3547 11.0658 1.54166 -21.7594 -74.1985
-98.8488 37.2455 10.6945 1.54657 -21.8974 -74.305
-98.8411 37.1357 10.3227 1.55147 -22.0361 -74.4117
-98.8333 37.0252 9.95042 1.55636 -22.1756 -74.5186
-98.8255 36.914 9.57756 1.56124 -22.3159 -74.6256
-98.8177 36.802 9.20417 1.56612 -22.457 -74.7327
-98.8099 36.6894 8.83024 1.57099 -22.5988 -74.8401
-98.802 36.576 8.45577 1.57586 -22.7416 -74.9475
-98.7941 36.462 8.08076 1.58071 -22.8851 -75.0552
-98.7862 36.3472 7.70521 1.58556 -23.0294 -75.163
-98.7783 36.2317 7.32913 1.5904 -23.1746 -75.271
-98.7703 36.1154 6.9525 1.59524 -23.3206 -75.3791
-98.7623 35.9985 6.57534 1.60006 -23.4675 -75.4874
-98.7543 35.8808 6.19763 1.60488 -23.6152 -75.5959
-98.7463 35.7623 5.81938 1.60969 -23.7637 -75.7045
-98.7382 35.6431 5.44059 1.6145 -23.9131 -75.8133
-98.7301 35.5232 5.06125 1.61929 -24.0634 -75.9222
-98.722 35.4025 4.68136 1.62408 -24.2146 -76.0313
-98.7139 35.281 4.30093 1.62885 -24.3666 -76.1406
-98.7057 35.1588 3.91996 1.63362 -24.5196 -76.25
-98.6975 35.0358 3.53843 1.63838 -24.6734 -76.3595
-98.6893 34.9121 3.15636 1.64313 -24.8281 -76.4693
-98.6811 34.7876 2.77374 1.64788 -24.9838 -76.5791
-98.6728 34.6623 2.39057 1.65261 -25.1404 -76.6891
-98.6646 34.5362 2.00685 1.65734 -25.2978 -76.7993
-98.6563 34.4093 1.62258 1.66205 -25.4563 -76.9097
-98.648 34.2816 1.23775 1.66676 -25.6156 -77.0201
-98.6396 34.1531 0.852375 1.67145 -25.776 -77.1308
-98.6312 34.0238 0.466445 1.67614 -25.9372 -77.2415
-98.6228 33.8937 0.07996 1.68081 -26.0995 -77.3525
-98.6144 33.7628 -0.30708 1.68548 -26.2627 -77.4635
-98.606 33.6311 -0.694675 1.69013 -26.4269 -77.5747
-98.5975 33.4986 -1.08283 1.69478 -26.592 -77.6861
-98.589 33.3652 -1.47154 1.69941 -26.7582 -77.7976
-98.5805 33.231 -1.8608 1.70404 -26.9254 -77.9092
-98.572 33.0959 -2.25063 1.70865 -27.0936 -78.021
-98.5634 32.9601 -2.64101 1.71325 -27.2628 -78.133
-98.5549 32.8233 -3.03196 1.71784 -27.433 -78.245
-98.5463 32.6857 -3.42346 1.72242 -27.6043 -78.3572
-98.5376 32.5473 -3.81553 1.72698 -27.7767 -78.4695
-98.529 32.408 -4.20816 1.73154 -27.9501 -78.582
-98.5203 32.2678 -4.60135 1.73608 -28.1245 -78.6946
-98.5116 32.1267 -4.99511 1.74061 -28.3001 -78.8073
-98.5029 31.9848 -5.38942 1.74513 -28.4767 -78.9202
-98.4942 31.8419 -5.78431 1.74963 -28.6544 -79.0332
-98.4854 31.6982 -6.17976 1.75413 -28.8332 -79.1463
-98.4766 31.5536 -6.57577 1.7586 -29.0132 -79.2595
-98.4678 31.4081 -6.97235 1.76307 -29.1942 -79.3729
-98.459 31.2617 -7.3695 1.76752 -29.3764 -79.4864
-98.4502 31.1143 -7.76722 1.77196 -29.5598 -79.6
-98.4413 30.9661 -8.1655 1.77638 -29.7442 -79.7137
-98.4324 30.8169 -8.56435 1.78079 -29.9299 -79.8275
-98.4235 30.6668 -8.96377 1.78519 -30.1167 -79.9415
-98.4146 30.5157 -9.36377 1.78957 -30.3047 -80.0555
-98.4056 30.3637 -9.76433 1.79394 -30.4939 -80.1697
-98.3966 30.2108 -10.1655 1.79829 -30.6843 -80.284
-98.3876 30.0569 -10.5672 1.80262 -30.876 -80.3984
-98.3786 29.902 -10.9694 1.80694 -31.0688 -80.5128
-98.3695 29.7462 -11.3723 1.81124 -31.2629 -80.6274
-98.3605 29.5894 -11.7757 1.81553 -31.4583 -80.7421
-98.3514 29.4316 -12.1797 1.8198 -31.6549 -80.8569
-98.3423 29.2728 -12.5843 1.82406 -31.8527 -80.9718
-98.3331 29.1131 -12.9894 1.82829 -32.0519 -81.0867
-98.324 28.9523 -13.3952 1.83251 -32.2524 -81.2018
-98.3148 28.7906 -13.8015 1.83672 -32.4541 -81.3169
-98.3056 28.6278 -14.2083 1.8409 -32.6572 -81.4322
-98.2964 28.464 -14.6158 1.84507 -32.8616 -81.5475
-98.2872 28.2992 -15.0238 1.84921 -33.0673 -81.6629
-98.2779 28.1333 -15.4324 1.85334 -33.2745 -81.7783
-98.2686 27.9664 -15.8416 1.85745 -33.4829 -81.8939
-98.2593 27.7985 -16.2513 1.86154 -33.6928 -82.0095
-98.25 27.6295 -16.6617 1.86561 -33.904 -82.1251
-98.2407 27.4594 -17.0726 1.86966 -34.1167 -82.2409
-98.2313 27.2883 -17.4841 1.87369 -34.3307 -82.3567
-98.222 27.1161 -17.8962 1.8777 -34.5463 -82.4725
-98.2126 26.9429 -18.3088 1.88169 -34.7632 -82.5884
-98.2031 26.7685 -18.722 1.88566 -34.9816 -82.7043
-98.1937 26.5931 -19.1359 1.8896 -35.2015 -82.8203
-98.1842 26.4165 -19.5502 1.89352 -35.4229 -82.9364
-98.1748 26.2388 -19.9652 1.89742 -35.6457 -83.0524
-98.1653 26.06 -20.3808 1.9013 -35.8701 -83.1686
-98.1557 25.8801 -20.7969 1.90515 -36.096 -83.2847
-98.1462 25.6991 -21.2136 1.90898 -36.3235 -83.4008
-98.1367 25.5169 -21.6309 1.91279 -36.5525 -83.517
-98.1271 25.3336 -22.0488 1.91657 -36.7831 -83.6332
-98.1175 25.1491 -22.4672 1.92033 -37.0152 -83.7494
-98.1079 24.9634 -22.8863 1.92406 -37.249 -83.8657
-98.0983 24.7766 -23.3059 1.92776 -37.4844 -83.9819
-98.0886 24.5886 -23.7261 1.93144 -37.7214 -84.0981
-98.0789 24.3994 -24.1469 1.9351 -37.9601 -84.2143
-98.0693 24.209 -24.5682 1.93872 -38.2005 -84.3305
-98.0596 24.0173 -24.9902 1.94232 -38.4425 -84.4467
-98.0498 23.8245 -25.4127 1.94589 -38.6862 -84.5629
-98.0401 23.6305 -25.8358 1.94943 -38.9317 -84.679
-98.0303 23.4352 -26.2595 1.95294 -39.1788 -84.7951
-98.0206 23.2387 -26.6838 1.95642 -39.4278 -84.9112
-98.0108 23.0409 -27.1086 1.95987 -39.6785 -85.0272
-98.001 22.8419 -27.534 1.96329 -39.9309 -85.1431
-97.9911 22.6416 -27.96 1.96668 -40.1852 -85.259
-97.9813 22.4401 -28.3866 1.97004 -40.4413 -85.3749
-97.9714 22.2372 -28.8138 1.97337 -40.6992 -85.4907
-97.9616 22.0331 -29.2415 1.97666 -40.959 -85.6064
-97.9517 21.8276 -29.6699 1.97992 -41.2206 -85.722
-97.9418 21.6209 -30.0988 1.98315 -41.4842 -85.8375
-97.9318 21.4128 -30.5282 1.98634 -41.7496 -85.9529
-97.9219 21.2034 -30.9583 1.9895 -42.017 -86.0682
-97.9119 20.9926 -31.3889 1.99262 -42.2864 -86.1834
-97.902 20.7805 -31.8201 1.9957 -42.5577 -86.2985
-97.892 20.567 -32.2519 1.99875 -42.831 -86.4135
-97.882 20.3522 -32.6843 2.00176 -43.1063 -86.5283
-97.872 20.136 -33.1172 2.00473 -43.3836 -86.643
-97.8619 19.9184 -33.5507 2.00767 -43.663 -86.7575
-97.8519 19.6993 -33.9848 2.01056 -43.9444 -86.8718
-97.8418 19.4789 -34.4194 2.01341 -44.228 -86.986
-97.8318 19.2571 -34.8546 2.01622 -44.5136 -87.1
-97.8217 19.0338 -35.2904 2.01899 -44.8014 -87.2138
-97.8116 18.809 -35.7268 2.02172 -45.0914 -87.3274
-97.8015 18.5829 -36.1637 2.0244 -45.3835 -87.4408
-97.7913 18.3552 -36.6012 2.02704 -45.6778 -87.554
-97.7812 18.1261 -37.0392 2.02964 -45.9744 -87.667
-97.771 17.8955 -37.4778 2.03219 -46.2732 -87.7797
-97.7609 17.6633 -37.917 2.03469 -46.5743 -87.8921
-97.7507 17.4297 -38.3568 2.03715 -46.8776 -88.0043
-97.7405 17.1946 -38.7971 2.03956 -47.1833 -88.1163
-97.7303 16.9579 -39.2379 2.04192 -47.4913 -88.2279
-97.7201 16.7197 -39.6793 2.04422 -47.8017 -88.3392
-97.7098 16.4799 -40.1213 2.04648 -48.1145 -88.4502
-97.6996 16.2385 -40.5638 2.04869 -48.4297 -88.5609
-97.6894 15.9956 -41.0069 2.05084 -48.7474 -88.6713
-97.6791 15.751 -41.4506 2.05294 -49.0675 -88.7813
-97.6688 15.5049 -41.8947 2.05499 -49.3901 -88.891
-97.6586 15.2571 -42.3395 2.05698 -49.7152 -89.0002
-97.6483 15.0077 -42.7847 2.05892 -50.0429 -89.1091
-97.638 14.7567 -43.2306 2.06079 -50.3732 -89.2176
-97.6277 14.504 -43.6769 2.06261 -50.706 -89.3256
-97.6173 14.2496 -44.1238 2.06437 -51.0415 -89.4332
-97.607 13.9936 -44.5712 2.06607 -51.3797 -89.5403
-97.5967 13.7359 -45.0192 2.0677 -51.7205 -89.647
-97.5863 13.4764 -45.4677 2.06928 -52.0641 -89.7532
-97.576 13.2152 -45.9167 2.07078 -52.4104 -89.8589
-97.5656 12.9523 -46.3663 2.07223 -52.7594 -89.964
-97.5553 12.6876 -46.8164 2.07361 -53.1113 -90.0687
-97.5449 12.4212 -47.267 2.07492 -53.466 -90.1727
-97.5345 12.153 -47.7181 2.07616 -53.8236 -90.2762
-97.5241 11.8829 -48.1697 2.07733 -54.1841 -90.3791
-97.5137 11.6111 -48.6219 2.07843 -54.5475 -90.4813
-97.5033 11.3375 -49.0746 2.07945 -54.9139 -90.583
-97.4929 11.062 -49.5277 2.08041 -55.2833 -90.6839
-97.4825 10.7846 -49.9814 2.08128 -55.6557 -90.7842
-97.4721 10.5054 -50.4356 2.08208 -56.0311 -90.8838
-97.4617 10.2243 -50.8902 2.0828 -56.4097 -90.9826
-97.4513 9.94132 -51.3454 2.08345 -56.7913 -91.0807
-97.4409 9.65641 -51.801 2.08401 -57.1762 -91.1781
-97.4305 9.36956 -52.2572 2.08449 -57.5642 -91.2746
-97.42 9.08076 -52.7138 2.08488 -57.9555 -91.3703
-97.4096 8.79 -53.1709 2.08519 -58.35 -91.4651
-97.3992 8.49726 -53.6284 2.08541 -58.7479 -91.5591
-97.3888 8.20252 -54.0865 2.08554 -59.1491 -91.6522
-97.3783 7.90577 -54.545 2.08558 -59.5537 -91.7443
-97.3679 7.60699 -55.0039 2.08553 -59.9616 -91.8355
-97.3575 7.30616 -55.4633 2.08538 -60.3731 -91.9257
-97.3471 7.00326 -55.9232 2.08514 -60.788 -92.0148
-97.3366 6.69828 -56.3835 2.0848 -61.2065 -92.103
-97.3262 6.39119 -56.8442 2.08436 -61.6285 -92.19
-97.3158 6.08199 -57.3054 2.08382 -62.0542 -92.2759
-97.3054 5.77065 -57.767 2.08317 -62.4835 -92.3607
-97.295 5.45715 -58.229 2.08242 -62.9165 -92.4443
-97.2845 5.14148 -58.6914 2.08156 -63.3532 -92.5266
-97.2741 4.82362 -59.1542 2.08059 -63.7937 -92.6077
-97.2637 4.50355 -59.6175 2.07952 -64.238 -92.6875
-97.2533 4.18124 -60.0811 2.07832 -64.6862 -92.766
-97.243 3.85669 -60.5451 2.07701 -65.1383 -92.8431
-97.2326 3.52986 -61.0095 2.07559 -65.5943 -92.9188
-97.2222 3.20074 -61.4743 2.07404 -66.0544 -92.9931
-97.2118 2.86931 -61.9395 2.07237 -66.5184 -93.0658
-97.2015 2.53556 -62.405 2.07057 -66.9866 -93.1371
-97.1911 2.19945 -62.8708 2.06865 -67.4589 -93.2067
-97.1808 1.86097 -63.337 2.0666 -67.9353 -93.2747
-97.1705 1.52009 -63.8036 2.06441 -68.416 -93.341
-97.1601 1.17681 -64.2705 2.06209 -68.9009 -93.4057
-97.1498 0.831085 -64.7376 2.05964 -69.3902 -93.4685
-97.1395 0.482906 -65.2051 2.05704 -69.8838 -93.5295
-97.1293 0.132247 -65.6729 2.0543 -70.3818 -93.5886
-97.119 -0.220913 -66.141 2.05141 -70.8843 -93.6458
-97.1088 -0.576596 -66.6094 2.04838 -71.3913 -93.7011
-97.0985 -0.934826 -67.078 2.04519 -71.9029 -93.7542
-97.0883 -1.29563 -67.5469 2.04185 -72.4191 -93.8053
-97.0781 -1.65902 -68.0161 2.03835 -72.9399 -93.8542
-97.0679 -2.02502 -68.4855 2.03469 -73.4655 -93.9009
-97.0578 -2.39367 -68.9551 2.03087 -73.9958 -93.9454
-97.0476 -2.76498 -69.4249 2.02688 -74.5309 -93.9874
-97.0375 -3.13898 -69.895 2.02272 -75.0709 -94.0271
-97.0274 -3.51569 -70.3652 2.01839 -75.6158 -94.0643
-97.0173 -3.89514 -70.8356 2.01388 -76.1657 -94.0989
-97.0072 -4.27735 -71.3062 2.00919 -76.7206 -94.1309
-96.9972 -4.66235 -71.7769 2.00432 -77.2807 -94.1602
-96.9872 -5.05016 -72.2478 1.99926 -77.8458 -94.1867
-96.9772 -5.4408 -72.7188 1.994 -78.4162 -94.2104
-96.9673 -5.83432 -73.1899 1.98856 -78.9917 -94.2311
-96.9573 -6.23072 -73.6611 1.98291 -79.5726 -94.2489
-96.9474 -6.63004 -74.1324 1.97706 -80.1589 -94.2635
-96.9376 -7.03231 -74.6037 1.97101 -80.7506 -94.275
-96.9277 -7.43755 -75.0751 1.96474 -81.3477 -94.2832
-96.9179 -7.84579 -75.5466 1.95826 -81.9504 -94.288
-96.9081 -8.25705 -76.018 1.95157 -82.5586 -94.2894
-96.8984 -8.67137 -76.4895 1.94464 -83.1725 -94.2872
-96.8887 -9.08878 -76.9609 1.93749 -83.7921 -94.2814
-96.879 -9.50929 -77.4323 1.93011 -84.4174 -94.2718
-96.8694 -9.93295 -77.9036 1.9225 -85.0485 -94.2584
-96.8598 -10.3598 -78.3748 1.91464 -85.6856 -94.241
-96.8503 -10.7898 -78.846 1.90653 -86.3285 -94.2195
-96.8407 -11.2231 -79.317 1.89817 -86.9774 -94.1939
-96.8313 -11.6596 -79.7879 1.88956 -87.6324 -94.1639
-96.8218 -12.0994 -80.2587 1.88069 -88.2934 -94.1296
-96.8125 -12.5425 -80.7292 1.87155 -88.9606 -94.0907
-96.8031 -12.989 -81.1996 1.86214 -89.634 -94.0471
-96.7938 -13.4389 -81.6697 1.85245 -90.3136 -93.9988
-96.7846 -13.8921 -82.1396 1.84248 -90.9996 -93.9456
-96.7754 -14.3489 -82.6092 1.83223 -91.6919 -93.8873
-96.7663 -14.809 -83.0784 1.82168 -92.3907 -93.8238
-96.7572 -15.2728 -83.5474 1.81083 -93.0959 -93.7549
-96.7482 -15.74 -84.016 1.79968 -93.8077 -93.6806
-96.7392 -16.2108 -84.4842 1.78821 -94.526 -93.6007
-96.7303 -16.6853 -84.952 1.77643 -95.251 -93.515
-96.7214 -17.1633 -85.4194 1.76433 -95.9826 -93.4233
-96.7127 -17.6451 -85.8862 1.7519 -96.721 -93.3256
-96.7039 -18.1306 -86.3526 1.73914 -97.4661 -93.2216
-96.6953 -18.6198 -86.8184 1.72603 -98.2181 -93.1111
-96.6867 -19.1127 -87.2837 1.71257 -98.9769 -92.9941
-96.6781 -19.6095 -87.7484 1.69876 -99.7426 -92.8702
-96.6697 -20.1102 -88.2124 1.68459 -100.515 -92.7394
-96.6613 -20.6147 -88.6758 1.67005 -101.295 -92.6015
-96.653 -21.1231 -89.1384 1.65513 -102.082 -92.4562
-96.6447 -21.6355 -89.6003 1.63984 -102.875 -92.3034
-96.6366 -22.1519 -90.0615 1.62415 -103.676 -92.1428
-96.6285 -22.6723 -90.5218 1.60806 -104.484 -91.9743
-96.6205 -23.1967 -90.9812 1.59157 -105.299 -91.7976
-96.6126 -23.7252 -91.4397 1.57467 -106.122 -91.6126
-96.6048 -24.2579 -91.8973 1.55735 -106.951 -91.419
-96.597 -24.7948 -92.3539 1.53961 -107.788 -91.2165
-96.5894 -25.3358 -92.8095 1.52143 -108.632 -91.005
-96.5818 -25.8811 -93.264 1.5028 -109.483 -90.7842
-96.5743 -26.4306 -93.7173 1.48373 -110.341 -90.5539
-96.567 -26.9845 -94.1695 1.4642 -111.207 -90.3139
-96.5597 -27.5427 -94.6205 1.4442 -112.08 -90.0638
-96.5525 -28.1053 -95.0701 1.42373 -112.96 -89.8034
-96.5454 -28.6723 -95.5185 1.40277 -113.847 -89.5325
-96.5385 -29.2437 -95.9655 1.38133 -114.742 -89.2508
-96.5316 -29.8197 -96.411 1.35938 -115.643 -88.9579
-96.5249 -30.4002 -96.855 1.33693 -116.552 -88.6538
-96.5183 -30.9852 -97.2975 1.31396 -117.468 -88.3379
-96.5118 -31.5749 -97.7384 1.29046 -118.391 -88.0101
-96.5054 -32.1691 -98.1776 1.26644 -119.322 -87.6701
-96.4991 -32.7681 -98.6151 1.24187 -120.259 -87.3176
-96.4929 -33.3717 -99.0508 1.21675 -121.203 -86.9522
-96.4869 -33.9801 -99.4846 1.19107 -122.154 -86.5736
-96.481 -34.5933 -99.9166 1.16483 -123.111 -86.1816
-96.4753 -35.2112 -100.346 1.13801 -124.076 -85.7757
-96.4697 -35.834 -100.774 1.11061 -125.047 -85.3558
-96.4642 -36.4617 -101.2 1.08262 -126.024 -84.9213
-96.4588 -37.0943 -101.624 1.05403 -127.008 -84.4721
-96.4536 -37.7318 -102.045 1.02482 -127.998 -84.0078
-96.4486 -38.3742 -102.464 0.995005 -128.994 -83.5279
-96.4437 -39.0217 -102.88 0.964563 -129.996 -83.0323
-96.4389 -39.6742 -103.294 0.933488 -131.004 -82.5204
-96.4344 -40.3317 -103.705 0.901774 -132.018 -81.992
-96.4299 -40.9944 -104.114 0.869412 -133.037 -81.4467
-96.4257 -41.6621 -104.52 0.836396 -134.061 -80.8841
-96.4216 -42.335 -104.923 0.802719 -135.09 -80.3039
-96.4176 -43.013 -105.323 0.768373 -136.124 -79.7057
-96.4139 -43.6962 -105.72 0.733352 -137.162 -79.0892
-96.4103 -44.3846 -106.114 0.697651 -138.205 -78.4539
-96.4069 -45.0783 -106.504 0.661262 -139.252 -77.7995
-96.4037 -45.7771 -106.892 0.624181 -140.302 -77.1256
-96.4007 -46.4813 -107.276 0.586401 -141.356 -76.4319
-96.3978 -47.1907 -107.656 0.547919 -142.413 -75.718
-96.3952 -47.9054 -108.033 0.50873 -143.473 -74.9835
-96.3927 -48.6254 -108.406 0.46883 -144.535 -74.2281
-96.3905 -49.3507 -108.775 0.428216 -145.599 -73.4514
-96.3885 -50.0814 -109.14 0.386884 -146.664 -72.6531
-96.3866 -50.8174 -109.502 0.344833 -147.731 -71.8327
-96.385 -51.5587 -109.859 0.302059 -148.799 -70.9901
-96.3836 -52.3054 -110.211 0.258563 -149.866 -70.1248
-96.3824 -53.0574 -110.56 0.214343 -150.934 -69.2365
-96.3815 -53.8147 -110.904 0.1694 -152 -68.3249
-96.3807 -54.5774 -111.243 0.123733 -153.066 -67.3897
-96.3802 -55.3454 -111.578 0.0773454 -154.13 -66.4307
-96.38 -56.1187 -111.907 0.0302379 -155.191 -65.4475
-96.3799 -56.8973 -112.232 -0.0175863 -156.249 -64.4399
-96.3801 -57.6811 -112.552 -0.0661237 -157.304 -63.4077
-96.3806 -58.4703 -112.866 -0.11537 -158.355 -62.3506
-96.3813 -59.2647 -113.175 -0.165321 -159.4 -61.2685
-96.3822 -60.0643 -113.479 -0.21597 -160.44 -60.1611
-96.3835 -60.8691 -113.777 -0.267311 -161.474 -59.0283
-96.3849 -61.679 -114.069 -0.319337 -162.501 -57.87
-96.3866 -62.4941 -114.356 -0.37204 -163.52 -56.6861
-96.3886 -63.3142 -114.636 -0.425412 -164.531 -55.4764
-96.3909 -64.1394 -114.91 -0.479443 -165.533 -54.2411
-96.3934 -64.9696 -115.178 -0.534125 -166.524 -52.9799
-96.3962 -65.8046 -115.44 -0.589448 -167.505 -51.6931
-96.3993 -66.6446 -115.695 -0.6454 -168.474 -50.3806
-96.4027 -67.4894 -115.944 -0.701973 -169.431 -49.0425
-96.4064 -68.3389 -116.186 -0.759154 -170.374 -47.6789
-96.4103 -69.1931 -116.421 -0.816935 -171.303 -46.2901
-96.4145 -70.0519 -116.649 -0.875303 -172.217 -44.8762
-96.4191 -70.9153 -116.87 -0.934251 -173.115 -43.4376
-96.4239 -71.7831 -117.083 -0.993768 -173.997 -41.9745
-96.429 -72.6552 -117.289 -1.05385 -174.86 -40.4872
-96.4344 -73.5317 -117.488 -1.11448 -175.705 -38.9762
-96.4401 -74.4123 -117.679 -1.17566 -176.531 -37.442
-96.4462 -75.297 -117.862 -1.23739 -177.336 -35.885
-96.4525 -76.1856 -118.038 -1.29965 -178.12 -34.3057
-96.4592 -77.0782 -118.205 -1.36247 -178.882 -32.7049
-96.4661 -77.9745 -118.365 -1.42583 -179.621 -31.0831
-96.4734 -78.8744 -118.516 -1.48976 -180.336 -29.441
-96.481 -79.7778 -118.659 -1.55425 -181.027 -27.7794
-96.489 -80.6846 -118.794 -1.61933 -181.692 -26.0992
-96.4972 -81.5947 -118.92 -1.68502 -182.331 -24.4011
-96.5058 -82.5079 -119.038 -1.75136 -182.943 -22.6862
-96.5148 -83.4242 -119.147 -1.81837 -183.527 -20.9553
-96.524 -84.3432 -119.248 -1.88609 -184.083 -19.2095
-96.5336 -85.265 -119.339 -1.95459 -184.609 -17.4498
-96.5436 -86.1893 -119.422 -2.02392 -185.106 -15.6773
-96.5539 -87.116 -119.496 -2.09416 -185.573 -13.8933
-96.5645 -88.045 -119.561 -2.16538 -186.009 -12.0988
-96.5755 -88.9761 -119.617 -2.23767 -186.413 -10.2951
-96.5869 -89.9092 -119.664 -2.31114 -186.785 -8.48339
-96.5986 -90.844 -119.702 -2.38591 -187.125 -6.66505
-96.6108 -91.7804 -119.731 -2.46211 -187.432 -4.84134
-96.6233 -92.7183 -119.75 -2.53987 -187.706 -3.01359
-96.6362 -93.6575 -119.761 -2.61935 -187.946 -1.18315
-96.6495 -94.5978 -119.762 -2.70071 -188.153 0.648644
-96.6632 -95.539 -119.754 -2.78412 -188.326 2.48043
-96.6773 -96.481 -119.737 -2.86979 -188.464 4.31085
-96.6919 -97.4236 -119.711 -2.95789 -188.568 6.13858
-96.7069 -98.3667 -119.676 -3.04863 -188.637 7.96228
-96.7224 -99.31 -119.631 -3.14221 -188.672 9.78066
-96.7383 -100.253 -119.578 -3.23883 -188.672 11.5924
-96.7548 -101.197 -119.516 -3.3387 -188.637 13.3964
-96.7717 -102.14 -119.444 -3.442 -188.568 15.1913
-96.7892 -103.082 -119.364 -3.54893 -188.465 16.976
-96.8072 -104.024 -119.274 -3.65963 -188.326 18.7494
-96.8258 -104.966 -119.176 -3.77426 -188.154 20.5105
-96.8449 -105.906 -119.069 -3.89293 -187.947 22.2583
-96.8647 -106.845 -118.953 -4.01572 -187.706 23.9919
-96.8851 -107.783 -118.829 -4.14268 -187.432 25.7104
-96.9061 -108.72 -118.696 -4.27382 -187.124 27.4131
-96.9278 -109.654 -118.555 -4.40909 -186.784 29.0991
-96.9502 -110.587 -118.405 -4.54841 -186.41 30.768
-96.9733 -111.518 -118.247 -4.69165 -186.004 32.419
-96.9971 -112.447 -118.081 -4.83863 -185.567 34.0516
-97.0217 -113.374 -117.907 -4.98913 -185.098 35.6654
-97.047 -114.298 -117.724 -5.14288 -184.599 37.2598
-97.0731 -115.22 -117.534 -5.29956 -184.069 38.8346
-97.1 -116.139 -117.336 -5.45885 -183.511 40.3892
-97.1277 -117.055 -117.13 -5.62036 -182.923 41.9235
-97.1562 -117.968 -116.917 -5.7837 -182.309 43.437
-97.1855 -118.878 -116.696 -5.94847 -181.667 44.9296
-97.2157 -119.785 -116.468 -6.11424 -180.999 46.4009
-97.2467 -120.688 -116.232 -6.28059 -180.306 47.8507
-97.2785 -121.588 -115.989 -6.4471 -179.589 49.2788
-97.3112 -122.484 -115.739 -6.61337 -178.849 50.6849
-97.3446 -123.377 -115.482 -6.77899 -178.087 52.069
-97.3789 -124.265 -115.218 -6.9436 -177.304 53.4308
-97.4141 -125.15 -114.948 -7.10684 -176.502 54.7702
-97.45 -126.03 -114.671 -7.26838 -175.68 56.0869
-97.4868 -126.907 -114.387 -7.42793 -174.841 57.381
-97.5243 -127.779 -114.097 -7.58521 -173.985 58.6522
-97.5626 -128.646 -113.8 -7.73997 -173.113 59.9005
-97.6017 -129.51 -113.498 -7.89202 -172.227 61.1259
-97.6415 -130.369 -113.189 -8.04115 -171.328 62.3282
-97.6821 -131.223 -112.874 -8.18721 -170.415 63.5074
-97.7234 -132.073 -112.554 -8.33007 -169.492 64.6636
-97.7654 -132.918 -112.228 -8.46962 -168.558 65.7968
-97.8081 -133.759 -111.896 -8.60577 -167.614 66.907
-97.8515 -134.594 -111.559 -8.73847 -166.661 67.9942
-97.8955 -135.425 -111.216 -8.86766 -165.701 69.0586
-97.9402 -136.251 -110.868 -8.99331 -164.733 70.1003
-97.9854 -137.073 -110.515 -9.11543 -163.76 71.1193
-98.0313 -137.889 -110.157 -9.23399 -162.781 72.1159
-98.0778 -138.7 -109.794 -9.34903 -161.797 73.0902
-98.1248 -139.507 -109.426 -9.46057 -160.81 74.0423
-98.1724 -140.308 -109.054 -9.56864 -159.819 74.9726
-98.2205 -141.105 -108.676 -9.67328 -158.826 75.8812
-98.2691 -141.897 -108.295 -9.77454 -157.831 76.7684
-98.3183 -142.683 -107.909 -9.87248 -156.834 77.6344
-98.3679 -143.465 -107.518 -9.96715 -155.836 78.4794
-98.4179 -144.242 -107.124 -10.0586 -154.839 79.3038
-98.4685 -145.014 -106.725 -10.147 -153.841 80.1079
-98.5194 -145.78 -106.323 -10.2323 -152.844 80.8918
-98.5708 -146.542 -105.916 -10.3145 -151.849 81.656
-98.6226 -147.299 -105.506 -10.3939 -150.855 82.4007
-98.6747 -148.051 -105.092 -10.4704 -149.863 83.1263
-98.7273 -148.797 -104.675 -10.5442 -148.873 83.833
-98.7802 -149.539 -104.254 -10.6152 -147.886 84.5212
-98.8334 -150.276 -103.83 -10.6837 -146.902 85.1913
-98.887 -151.008 -103.402 -10.7495 -145.922 85.8435
-98.9409 -151.735 -102.971 -10.8129 -144.945 86.4782
-98.9952 -152.458 -102.537 -10.8739 -143.972 87.0957
-99.0497 -153.175 -102.1 -10.9326 -143.003 87.6964
-99.1045 -153.888 -101.66 -10.989 -142.039 88.2805
-99.1596 -154.596 -101.218 -11.0431 -141.08 88.8485
-99.2149 -155.299 -100.772 -11.0952 -140.125 89.4006
-99.2705 -155.997 -100.323 -11.1451 -139.176 89.9372
-99.3264 -156.69 -99.8725 -11.1931 -138.231 90.4586
-99.3825 -157.379 -99.4189 -11.2391 -137.293 90.9652
-99.4388 -158.063 -98.9628 -11.2833 -136.359 91.4572
-99.4953 -158.743 -98.5043 -11.3256 -135.432 91.935
-99.552 -159.418 -98.0435 -11.3661 -134.51 92.3988
-99.609 -160.088 -97.5803 -11.4049 -133.594 92.8491
-99.6661 -160.754 -97.115 -11.4421 -132.685 93.2861
-99.7234 -161.415 -96.6475 -11.4777 -131.781 93.7101
-99.7809 -162.071 -96.1779 -11.5117 -130.884 94.1213
-99.8385 -162.724 -95.7062 -11.5442 -129.993 94.5202
-99.8963 -163.371 -95.2327 -11.5752 -129.109 94.907
-99.9543 -164.015 -94.7572 -11.6048 -128.23 95.282
-100.012 -164.654 -94.2798 -11.6331 -127.359 95.6454
-100.071 -165.288 -93.8007 -11.66 -126.494 95.9975
-100.129 -165.919 -93.3199 -11.6856 -125.635 96.3387
-100.187 -166.545 -92.8373 -11.71 -124.784 96.6691
-100.246 -167.166 -92.3532 -11.7332 -123.938 96.989
-100.305 -167.784 -91.8674 -11.7552 -123.1 97.2987
-100.364 -168.397 -91.3802 -11.7761 -122.268 97.5985
-100.423 -169.007 -90.8914 -11.7959 -121.443 97.8885
-100.482 -169.612 -90.4013 -11.8147 -120.624 98.169
-100.541 -170.213 -89.9098 -11.8324 -119.812 98.4402
-100.6 -170.81 -89.4169 -11.8491 -119.007 98.7024
-100.659 -171.403 -88.9227 -11.8649 -118.209 98.9558
-100.719 -171.992 -88.4273 -11.8797 -117.417 99.2006
-100.778 -172.577 -87.9307 -11.8936 -116.632 99.4371
-100.837 -173.158 -87.4329 -11.9067 -115.853 99.6654
-100.897 -173.736 -86.9341 -11.9189 -115.081 99.8857
-100.957 -174.309 -86.4341 -11.9303 -114.316 100.098
-101.016 -174.879 -85.9331 -11.9409 -113.557 100.303
-101.076 -175.445 -85.4311 -11.9507 -112.805 100.501
-101.136 -176.007 -84.9281 -11.9598 -112.059 100.691
-101.196 -176.565 -84.4241 -11.9681 -111.319 100.875
-101.256 -177.12 -83.9193 -11.9757 -110.586 101.051
-101.315 -177.671 -83.4136 -11.9827 -109.86 101.221
-101.375 -178.219 -82.9071 -11.989 -109.14 101.385
-101.435 -178.763 -82.3998 -11.9947 -108.426 101.542
-101.495 -179.303 -81.8917 -11.9997 -107.718 101.693
-101.555 -179.84 -81.3828 -12.0042 -107.016 101.837
-101.615 -180.373 -80.8733 -12.008 -106.321 101.976
-101.675 -180.903 -80.3631 -12.0113 -105.632 102.11
-101.735 -181.429 -79.8522 -12.0141 -104.949 102.238
-101.796 -181.953 -79.3407 -12.0163 -104.272 102.36
-101.856 -182.472 -78.8286 -12.018 -103.601 102.477
-101.916 -182.989 -78.3159 -12.0192 -102.935 102.589
-101.976 -183.502 -77.8027 -12.0199 -102.276 102.696
-102.036 -184.011 -77.289 -12.0201 -101.622 102.798
-102.096 -184.518 -76.7747 -12.0199 -100.975 102.895
-102.156 -185.021 -76.26 -12.0192 -100.333 102.987
-102.216 -185.521 -75.7449 -12.0181 -99.6963 103.075
-102.276 -186.018 -75.2293 -12.0166 -99.0656 103.159
-102.336 -186.512 -74.7133 -12.0147 -98.4404 103.238
-102.396 -187.002 -74.1969 -12.0124 -97.8208 103.313
-102.457 -187.49 -73.6801 -12.0097 -97.2066 103.384
-102.517 -187.974 -73.163 -12.0067 -96.5978 103.451
-102.577 -188.456 -72.6456 -12.0032 -95.9944 103.515
-102.637 -188.934 -72.1279 -11.9995 -95.3963 103.574
-102.697 -189.41 -71.6099 -11.9954 -94.8034 103.63
-102.757 -189.882 -71.0916 -11.9909 -94.2157 103.682
-102.816 -190.352 -70.573 -11.9862 -93.6332 103.73
-102.876 -190.819 -70.0543 -11.9811 -93.0557 103.775
-102.936 -191.283 -69.5353 -11.9757 -92.4833 103.817
-102.996 -191.744 -69.0161 -11.97 -91.9159 103.856
-103.056 -192.202 -68.4967 -11.9641 -91.3535 103.891
-103.116 -192.657 -67.9772 -11.9579 -90.7959 103.923
-103.176 -193.11 -67.4575 -11.9514 -90.2432 103.953
-103.235 -193.56 -66.9377 -11.9446 -89.6952 103.979
-103.295 -194.007 -66.4177 -11.9376 -89.152 104.002
-103.355 -194.451 -65.8976 -11.9303 -88.6134 104.023
-103.414 -194.893 -65.3775 -11.9228 -88.0795 104.041
-103.474 -195.332 -64.8572 -11.9151 -87.5502 104.057
-103.533 -195.768 -64.3369 -11.9071 -87.0254 104.069
-103.593 -196.202 -63.8165 -11.899 -86.5051 104.08
-103.652 -196.633 -63.2961 -11.8906 -85.9893 104.087
-103.712 -197.062 -62.7757 -11.882 -85.4778 104.093
-103.771 -197.488 -62.2552 -11.8732 -84.9707 104.096
-103.831 -197.912 -61.7347 -11.8642 -84.4679 104.097
-103.89 -198.333 -61.2142 -11.855 -83.9693 104.095
-103.949 -198.751 -60.6937 -11.8456 -83.4749 104.092
-104.008 -199.168 -60.1733 -11.8361 -82.9847 104.086
-104.068 -199.581 -59.6529 -11.8264 -82.4986 104.079
-104.127 -199.993 -59.1325 -11.8165 -82.0166 104.069
-104.186 -200.401 -58.6122 -11.8064 -81.5386 104.057
-104.245 -200.808 -58.0919 -11.7962 -81.0645 104.044
-104.304 -201.212 -57.5717 -11.7858 -80.5944 104.028
-104.363 -201.614 -57.0516 -11.7753 -80.1282 104.011
-104.421 -202.013 -56.5316 -11.7646 -79.6659 103.992
-104.48 -202.411 -56.0117 -11.7538 -79.2073 103.971
-104.539 -202.805 -55.4919 -11.7429 -78.7525 103.949
-104.598 -203.198 -54.9722 -11.7318 -78.3015 103.925
-104.656 -203.588 -54.4527 -11.7206 -77.8541 103.9
-104.715 -203.977 -53.9332 -11.7092 -77.4103 103.872
-104.773 -204.363 -53.4139 -11.6978 -76.9702 103.844
-104.832 -204.746 -52.8948 -11.6862 -76.5336 103.814
-104.89 -205.128 -52.3758 -11.6745 -76.1006 103.782
-104.949 -205.507 -51.857 -11.6626 -75.671 103.749
-105.007 -205.885 -51.3383 -11.6507 -75.2449 103.715
-105.065 -206.26 -50.8198 -11.6387 -74.8222 103.679
-105.123 -206.633 -50.3015 -11.6265 -74.4028 103.642
-105.181 -207.004 -49.7834 -11.6143 -73.9868 103.604
-105.239 -207.373 -49.2655 -11.602 -73.5741 103.565
-105.297 -207.74 -48.7478 -11.5895 -73.1647 103.524
-105.355 -208.104 -48.2302 -11.577 -72.7585 103.482
-105.413 -208.467 -47.7129 -11.5644 -72.3554 103.439
-105.471 -208.828 -47.1958 -11.5517 -71.9556 103.395
-105.529 -209.187 -46.679 -11.5389 -71.5588 103.35
-105.586 -209.544 -46.1623 -11.526 -71.1652 103.304
-105.644 -209.898 -45.6459 -11.5131 -70.7746 103.257
-105.701 -210.251 -45.1298 -11.5001 -70.387 103.209
-105.759 -210.602 -44.6138 -11.487 -70.0024 103.159
-105.816 -210.951 -44.0982 -11.4738 -69.6207 103.109
-105.874 -211.298 -43.5828 -11.4605 -69.242 103.058
-105.931 -211.644 -43.0676 -11.4472 -68.8662 103.006
-105.988 -211.987 -42.5527 -11.4339 -68.4933 102.953
-106.045 -212.329 -42.0381 -11.4204 -68.1231 102.9
-106.102 -212.668 -41.5237 -11.4069 -67.7558 102.845
-106.159 -213.006 -41.0096 -11.3933 -67.3912 102.79
-106.216 -213.342 -40.4958 -11.3797 -67.0294 102.734
-106.273 -213.676 -39.9823 -11.366 -66.6703 102.677
-106.33 -214.009 -39.469 -11.3523 -66.3139 102.619
-106.387 -214.34 -38.9561 -11.3385 -65.9601 102.561
-106.443 -214.669 -38.4434 -11.3247 -65.609 102.501
-106.5 -214.996 -37.9311 -11.3108 -65.2605 102.442
-106.556 -215.321 -37.419 -11.2969 -64.9145 102.381
-106.613 -215.645 -36.9072 -11.2829 -64.5711 102.32
-106.669 -215.967 -36.3958 -11.2689 -64.2301 102.258
-106.726 -216.287 -35.8847 -11.2548 -63.8917 102.196
-106.782 -216.606 -35.3738 -11.2407 -63.5558 102.133
-106.838 -216.923 -34.8633 -11.2266 -63.2223 102.069
-106.894 -217.238 -34.3531 -11.2124 -62.8912 102.005
-106.95 -217.552 -33.8433 -11.1981 -62.5624 101.94
-107.006 -217.864 -33.3337 -11.1839 -62.2361 101.875
-107.062 -218.174 -32.8245 -11.1696 -61.9121 101.809
-107.118 -218.483 -32.3157 -11.1553 -61.5904 101.743
-107.173 -218.79 -31.8071 -11.1409 -61.271 101.676
-107.229 -219.095 -31.2989 -11.1265 -60.9538 101.609
-107.285 -219.399 -30.791 -11.1121 -60.6389 101.541
-107.34 -219.702 -30.2835 -11.0976 -60.3263 101.472
-107.396 -220.003 -29.7763 -11.0832 -60.0158 101.404
-107.451 -220.302 -29.2694 -11.0687 -59.7075 101.335
-107.506 -220.6 -28.7629 -11.0541 -59.4013 101.265
-107.562 -220.896 -28.2568 -11.0396 -59.0973 101.195
-107.617 -221.191 -27.751 -11.025 -58.7954 101.125
-107.672 -221.484 -27.2455 -11.0104 -58.4956 101.054
-107.727 -221.776 -26.7405 -10.9958 -58.1978 100.983
-107.782 -222.066 -26.2357 -10.9812 -57.9021 100.911
-107.837 -222.355 -25.7313 -10.9665 -57.6085 100.839
-107.892 -222.642 -25.2273 -10.9518 -57.3168 100.767
-107.946 -222.928 -24.7237 -10.9371 -57.0271 100.694
-108.001 -223.212 -24.2204 -10.9224 -56.7394 100.622
-108.055 -223.495 -23.7175 -10.9077 -56.4536 100.548
-108.11 -223.777 -23.2149 -10.893 -56.1698 100.475
-108.164 -224.057 -22.7127 -10.8782 -55.8878 100.401
-108.219 -224.336 -22.2109 -10.8635 -55.6078 100.327
-108.273 -224.613 -21.7094 -10.8487 -55.3296 100.253
-108.327 -224.889 -21.2084 -10.8339 -55.0532 100.178
-108.381 -225.164 -20.7077 -10.8191 -54.7788 100.103
-108.435 -225.437 -20.2073 -10.8043 -54.5061 100.028
-108.489 -225.709 -19.7074 -10.7895 -54.2352 99.9524
-108.543 -225.979 -19.2078 -10.7746 -53.9661 99.8767
-108.597 -226.248 -18.7086 -10.7598 -53.6987 99.8009
-108.651 -226.516 -18.2098 -10.745 -53.4332 99.7247
-108.705 -226.783 -17.7114 -10.7301 -53.1693 99.6484
-108.758 -227.048 -17.2133 -10.7153 -52.9071 99.5719
-108.812 -227.312 -16.7156 -10.7004 -52.6467 99.4952
-108.865 -227.574 -16.2184 -10.6856 -52.3879 99.4182
-108.919 -227.836 -15.7215 -10.6707 -52.1308 99.3411
-108.972 -228.096 -15.2249 -10.6558 -51.8753 99.2638
-109.025 -228.354 -14.7288 -10.6409 -51.6215 99.1863
-109.078 -228.612 -14.2331 -10.6261 -51.3693 99.1087
-109.131 -228.868 -13.7377 -10.6112 -51.1187 99.0309
-109.184 -229.123 -13.2428 -10.5963 -50.8697 98.9529
-109.237 -229.377 -12.7482 -10.5814 -50.6222 98.8748
-109.29 -229.629 -12.254 -10.5666 -50.3763 98.7966
-109.343 -229.88 -11.7602 -10.5517 -50.132 98.7182
-109.396 -230.131 -11.2668 -10.5368 -49.8891 98.6396
-109.448 -230.379 -10.7738 -10.5219 -49.6478 98.561
-109.501 -230.627 -10.2812 -10.5071 -49.408 98.4822
-109.553 -230.873 -9.78902 -10.4922 -49.1697 98.4033
-109.606 -231.119 -9.2972 -10.4773 -48.9328 98.3243
-109.658 -231.363 -8.80578 -10.4625 -48.6974 98.2452
-109.711 -231.606 -8.31475 -10.4476 -48.4635 98.166
-109.763 -231.847 -7.82412 -10.4328 -48.2309 98.0867
-109.815 -232.088 -7.33388 -10.4179 -47.9998 98.0072
-109.867 -232.327 -6.84404 -10.4031 -47.7701 97.9277
-109.919 -232.566 -6.3546 -10.3882 -47.5418 97.8482
-109.971 -232.803 -5.86556 -10.3734 -47.3149 97.7685
-110.023 -233.039 -5.37692 -10.3586 -47.0894 97.6888
-110.074 -233.274 -4.88867 -10.3438 -46.8652 97.6089
-110.126 -233.508 -4.40083 -10.3289 -46.6423 97.5291
-110.178 -233.74 -3.91338 -10.3141 -46.4208 97.4491
-110.229 -233.972 -3.42634 -10.2993 -46.2006 97.3691
-110.281 -234.202 -2.93969 -10.2846 -45.9816 97.2891
-110.332 -234.432 -2.45345 -10.2698 -45.764 97.2089
-110.383 -234.66 -1.9676 -10.255 -45.5477 97.1288
-110.435 -234.887 -1.48216 -10.2402 -45.3327 97.0486
-110.486 -235.113 -0.997115 -10.2255 -45.1189 96.9683
-110.537 -235.338 -0.512474 -10.2108 -44.9063 96.888
-110.588 -235.562 -0.0282349 -10.196 -44.695 96.8077
-110.639 -235.785 0.455603 -10.1813 -44.485 96.7273
-110.69 -236.007 0.939039 -10.1666 -44.2761 96.647
-110.74 -236.228 1.42207 -10.1519 -44.0684 96.5665
-110.791 -236.448 1.9047 -10.1372 -43.862 96.4861
-110.842 -236.667 2.38693 -10.1225 -43.6567 96.4057
-110.892 -236.884 2.86876 -10.1079 -43.4526 96.3252
-110.943 -237.101 3.35019 -10.0932 -43.2497 96.2447
-110.993 -237.317 3.83121 -10.0786 -43.0479 96.1642
-111.044 -237.532 4.31183 -10.0639 -42.8473 96.0837
-111.094 -237.745 4.79205 -10.0493 -42.6478 96.0032
-111.144 -237.958 5.27186 -10.0347 -42.4495 95.9227
-111.194 -238.17 5.75127 -10.0201 -42.2522 95.8421
-111.244 -238.381 6.23028 -10.0055 -42.0561 95.7616
-111.294 -238.59 6.70889 -9.99098 -41.861 95.6811
-111.344 -238.799 7.18709 -9.97644 -41.6671 95.6006
-111.394 -239.007 7.6649 -9.9619 -41.4742 95.5201
-111.444 -239.214 8.14229 -9.94738 -41.2824 95.4396
-111.494 -239.42 8.61929 -9.93287 -41.0916 95.3591
-111.543 -239.625 9.09589 -9.91838 -40.9019 95.2787
-111.593 -239.829 9.57208 -9.90391 -40.7133 95.1982
-111.642 -240.032 10.0479 -9.88945 -40.5257 95.1178
-111.692 -240.234 10.5233 -9.875 -40.3391 95.0374
-111.741 -240.435 10.9982 -9.86057 -40.1535 94.957
-111.79 -240.636 11.4728 -9.84616 -39.9689 94.8766
-111.84 -240.835 11.947 -9.83176 -39.7854 94.7963
-111.889 -241.033 12.4208 -9.81737 -39.6028 94.716
-111.938 -241.231 12.8942 -9.80301 -39.4212 94.6357
-111.987 -241.428 13.3671 -9.78866 -39.2406 94.5555
-112.036 -241.623 13.8397 -9.77432 -39.0609 94.4753
-112.084 -241.818 14.3119 -9.76001 -38.8823 94.3951
-112.133 -242.012 14.7837 -9.7457 -38.7045 94.315
-112.182 -242.205 15.255 -9.73142 -38.5277 94.2349
-112.231 -242.398 15.726 -9.71715 -38.3519 94.1548
-112.279 -242.589 16.1966 -9.7029 -38.1769 94.0748
-112.328 -242.779 16.6668 -9.68867 -38.0029 93.9948
-112.376 -242.969 17.1365 -9.67446 -37.8299 93.9149
-112.424 -243.158 17.6059 -9.66026 -37.6577 93.835
-112.473 -243.345 18.0749 -9.64608 -37.4864 93.7552
-112.521 -243.532 18.5435 -9.63192 -37.316 93.6754
-112.569 -243.719 19.0117 -9.61777 -37.1465 93.5957
-112.617 -243.904 19.4794 -9.60365 -36.9779 93.516
-112.665 -244.088 19.9468 -9.58954 -36.8101 93.4364
-112.713 -244.272 20.4138 -9.57545 -36.6432 93.3568
-112.761 -244.455 20.8804 -9.56138 -36.4772 93.2773
-112.808 -244.637 21.3466 -9.54733 -36.312 93.1978
-112.856 -244.818 21.8124 -9.53329 -36.1477 93.1184
-112.904 -244.998 22.2778 -9.51928 -35.9842 93.0391
-112.951 -245.178 22.7427 -9.50528 -35.8215 92.9598
-112.999 -245.357 23.2073 -9.4913 -35.6597 92.8805
-113.046 -245.534 23.6716 -9.47734 -35.4987 92.8014
-113.094 -245.712 24.1354 -9.4634 -35.3385 92.7223
-113.141 -245.888 24.5988 -9.44948 -35.179 92.6432
-113.188 -246.063 25.0618 -9.43558 -35.0204 92.5643
-113.235 -246.238 25.5244 -9.4217 -34.8626 92.4853
-113.282 -246.412 25.9866 -9.40783 -34.7056 92.4065
-113.329 -246.585 26.4485 -9.39399 -34.5494 92.3277
-113.376 -246.757 26.9099 -9.38017 -34.3939 92.249
-113.423 -246.929 27.371 -9.36636 -34.2392 92.1704
-113.47 -247.1 27.8316 -9.35258 -34.0853 92.0918
-113.517 -247.27 28.2919 -9.33881 -33.9321 92.0133
-113.563 -247.439 28.7518 -9.32506 -33.7796 91.9349
-113.61 -247.608 29.2112 -9.31134 -33.628 91.8565
-113.656 -247.775 29.6703 -9.29763 -33.477 91.7783
-113.703 -247.942 30.129 -9.28395 -33.3268 91.7
-113.749 -248.109 30.5873 -9.27028 -33.1774 91.6219
-113.796 -248.274 31.0452 -9.25663 -33.0286 91.5439
-113.842 -248.439 31.5028 -9.24301 -32.8806 91.4659
-113.888 -248.603 31.9599 -9.2294 -32.7333 91.388
-113.934 -248.766 32.4166 -9.21581 -32.5866 91.3101
-113.98 -248.929 32.873 -9.20225 -32.4407 91.2324
-114.026 -249.091 33.329 -9.1887 -32.2955 91.1547
-114.072 -249.252 33.7846 -9.17518 -32.151 91.0771
-114.118 -249.412 34.2397 -9.16167 -32.0072 90.9996
-114.164 -249.572 34.6945 -9.14819 -31.864 90.9222
-114.209 -249.731 35.149 -9.13473 -31.7216 90.8448
-114.255 -249.889 35.603 -9.12128 -31.5798 90.7675
-114.301 -250.047 36.0566 -9.10786 -31.4387 90.6903
-114.346 -250.203 36.5099 -9.09446 -31.2982 90.6132
-114.392 -250.36 36.9628 -9.08108 -31.1584 90.5362
-114.437 -250.515 37.4153 -9.06771 -31.0192 90.4593
-114.482 -250.67 37.8674 -9.05437 -30.8807 90.3824
-114.527 -250.824 38.3191 -9.04105 -30.7429 90.3056
-114.573 -250.977 38.7704 -9.02775 -30.6056 90.2289
-114.618 -251.13 39.2214 -9.01448 -30.4691 90.1523
-114.663 -251.282 39.6719 -9.00122 -30.3331 90.0758
-114.708 -251.433 40.1221 -8.98798 -30.1978 89.9994
-114.753 -251.584 40.5719 -8.97477 -30.0631 89.923
-114.797 -251.734 41.0214 -8.96157 -29.929 89.8467
-114.842 -251.883 41.4704 -8.9484 -29.7955 89.7706
-114.887 -252.032 41.9191 -8.93524 -29.6626 89.6945
-114.932 -252.18 42.3674 -8.92211 -29.5304 89.6184
-114.976 -252.327 42.8153 -8.909 -29.3987 89.5425
-115.021 -252.474 43.2628 -8.89591 -29.2676 89.4667
-115.065 -252.62 43.7099 -8.88284 -29.1371 89.391
-115.11 -252.765 44.1567 -8.86979 -29.0072 89.3153
-115.154 -252.91 44.6031 -8.85676 -28.8779 89.2397
-115.198 -253.054 45.0491 -8.84375 -28.7492 89.1642
-115.242 -253.197 45.4947 -8.83076 -28.621 89.0889
-115.286 -253.34 45.94 -8.8178 -28.4935 89.0136
-115.33 -253.482 46.3849 -8.80485 -28.3664 88.9383
-115.374 -253.624 46.8294 -8.79193 -28.24 88.8632
-115.418 -253.765 47.2735 -8.77903 -28.1141 88.7882
-115.462 -253.905 47.7172 -8.76615 -27.9888 88.7133
-115.506 -254.045 48.1606 -8.75329 -27.864 88.6384
-115.55 -254.184 48.6036 -8.74045 -27.7397 88.5636
