-50 75 100 0 0 -49
-50 74.9999 99.7549 -0.0173364 -0.0456622 -49.0599
-50.0002 74.9995 99.5094 -0.0346997 -0.0914302 -49.1198
-50.0004 74.999 99.2637 -0.0520898 -0.137304 -49.1798
-50.0007 74.9982 99.0176 -0.0695068 -0.183285 -49.2398
-50.0011 74.9971 98.7713 -0.0869511 -0.229373 -49.2999
-50.0016 74.9959 98.5246 -0.104423 -0.275568 -49.3601
-50.0021 74.9944 98.2777 -0.121921 -0.321871 -49.4203
-50.0028 74.9927 98.0304 -0.139448 -0.368282 -49.4805
-50.0035 74.9907 97.7828 -0.157002 -0.414801 -49.5408
-50.0044 74.9885 97.535 -0.174583 -0.461429 -49.6012
-50.0053 74.9861 97.2868 -0.192193 -0.508167 -49.6616
-50.0063 74.9834 97.0384 -0.20983 -0.555014 -49.722
-50.0074 74.9805 96.7896 -0.227496 -0.601972 -49.7825
-50.0085 74.9774 96.5406 -0.24519 -0.64904 -49.8431
-50.0098 74.974 96.2912 -0.262912 -0.696219 -49.9037
-50.0112 74.9704 96.0415 -0.280663 -0.743509 -49.9644
-50.0126 74.9666 95.7915 -0.298442 -0.790911 -50.0251
-50.0142 74.9625 95.5413 -0.31625 -0.838425 -50.0858
-50.0158 74.9582 95.2907 -0.334087 -0.886052 -50.1467
-50.0175 74.9537 95.0398 -0.351953 -0.933791 -50.2075
-50.0193 74.9489 94.7886 -0.369848 -0.981644 -50.2685
-50.0212 74.9439 94.5371 -0.387772 -1.02961 -50.3294
-50.0232 74.9386 94.2853 -0.405726 -1.07769 -50.3905
-50.0253 74.9331 94.0332 -0.42371 -1.12589 -50.4516
-50.0274 74.9273 93.7808 -0.441723 -1.1742 -50.5127
-50.0297 74.9213 93.5281 -0.459766 -1.22263 -50.5739
-50.032 74.9151 93.2751 -0.477838 -1.27117 -50.6351
-50.0345 74.9086 93.0217 -0.495941 -1.31983 -50.6964
-50.037 74.9019 92.7681 -0.514074 -1.3686 -50.7578
-50.0396 74.8949 92.5142 -0.532238 -1.4175 -50.8191
-50.0423 74.8877 92.2599 -0.550432 -1.46651 -50.8806
-50.0451 74.8803 92.0053 -0.568657 -1.51564 -50.9421
-50.048 74.8726 91.7505 -0.586912 -1.56488 -51.0037
-50.051 74.8646 91.4953 -0.605198 -1.61425 -51.0653
-50.054 74.8564 91.2398 -0.623516 -1.66374 -51.1269
-50.0572 74.848 90.984 -0.641864 -1.71334 -51.1886
-50.0605 74.8393 90.7279 -0.660245 -1.76307 -51.2504
-50.0638 74.8304 90.4715 -0.678656 -1.81292 -51.3122
-50.0672 74.8212 90.2148 -0.697099 -1.86289 -51.3741
-50.0708 74.8117 89.9578 -0.715574 -1.91298 -51.436
-50.0744 74.802 89.7005 -0.734081 -1.96319 -51.498
-50.0781 74.7921 89.4428 -0.75262 -2.01353 -51.56
-50.0819 74.7819 89.1849 -0.771191 -2.06399 -51.6221
-50.0858 74.7715 88.9266 -0.789795 -2.11457 -51.6843
-50.0898 74.7608 88.668 -0.808431 -2.16528 -51.7465
-50.0939 74.7498 88.4091 -0.8271 -2.21611 -51.8087
-50.0981 74.7386 88.1499 -0.845802 -2.26707 -51.871
-50.1024 74.7271 87.8904 -0.864537 -2.31815 -51.9333
-50.1067 74.7154 87.6306 -0.883305 -2.36936 -51.9958
-50.1112 74.7034 87.3705 -0.902106 -2.42069 -52.0582
-50.1158 74.6912 87.11 -0.920941 -2.47216 -52.1207
-50.1204 74.6787 86.8493 -0.939809 -2.52375 -52.1833
-50.1252 74.666 86.5882 -0.958711 -2.57547 -52.2459
-50.13 74.653 86.3268 -0.977647 -2.62732 -52.3086
-50.1349 74.6397 86.0651 -0.996617 -2.67929 -52.3713
-50.14 74.6262 85.8031 -1.01562 -2.7314 -52.4341
-50.1451 74.6124 85.5408 -1.03466 -2.78364 -52.4969
-50.1503 74.5983 85.2781 -1.05373 -2.83601 -52.5598
-50.1556 74.584 85.0152 -1.07284 -2.88851 -52.6227
-50.161 74.5695 84.7519 -1.09199 -2.94114 -52.6857
-50.1666 74.5546 84.4883 -1.11116 -2.9939 -52.7488
-50.1722 74.5395 84.2244 -1.13038 -3.0468 -52.8119
-50.1779 74.5242 83.9602 -1.14963 -3.09983 -52.875
-50.1837 74.5085 83.6956 -1.16891 -3.15299 -52.9382
-50.1895 74.4926 83.4308 -1.18823 -3.20629 -53.0015
-50.1955 74.4765 83.1656 -1.20759 -3.25973 -53.0648
-50.2016 74.46 82.9002 -1.22698 -3.3133 -53.1282
-50.2078 74.4433 82.6344 -1.24641 -3.367 -53.1916
-50.2141 74.4264 82.3682 -1.26587 -3.42085 -53.2551
-50.2205 74.4091 82.1018 -1.28537 -3.47483 -53.3186
-50.2269 74.3916 81.835 -1.30491 -3.52894 -53.3822
-50.2335 74.3738 81.568 -1.32449 -3.5832 -53.4458
-50.2402 74.3558 81.3006 -1.3441 -3.6376 -53.5095
-50.247 74.3374 81.0329 -1.36375 -3.69213 -53.5733
-50.2538 74.3189 80.7649 -1.38344 -3.74681 -53.6371
-50.2608 74.3 80.4965 -1.40316 -3.80162 -53.7009
-50.2679 74.2808 80.2278 -1.42292 -3.85658 -53.7649
-50.275 74.2614 79.9589 -1.44273 -3.91168 -53.8288
-50.2823 74.2417 79.6896 -1.46256 -3.96692 -53.8928
-50.2896 74.2217 79.4199 -1.48244 -4.02231 -53.9569
-50.2971 74.2015 79.15 -1.50236 -4.07784 -54.021
-50.3047 74.181 78.8797 -1.52231 -4.13351 -54.0852
-50.3123 74.1602 78.6091 -1.54231 -4.18933 -54.1494
-50.3201 74.1391 78.3382 -1.56234 -4.24529 -54.2137
-50.328 74.1177 78.067 -1.58241 -4.3014 -54.2781
-50.3359 74.0961 77.7954 -1.60252 -4.35766 -54.3425
-50.344 74.0741 77.5236 -1.62268 -4.41406 -54.4069
-50.3521 74.0519 77.2514 -1.64287 -4.47061 -54.4714
-50.3604 74.0294 76.9789 -1.6631 -4.52731 -54.536
-50.3688 74.0066 76.706 -1.68337 -4.58416 -54.6006
-50.3772 73.9836 76.4329 -1.70368 -4.64116 -54.6653
-50.3858 73.9602 76.1594 -1.72404 -4.69832 -54.73
-50.3945 73.9366 75.8856 -1.74443 -4.75562 -54.7948
-50.4033 73.9127 75.6114 -1.76486 -4.81307 -54.8596
-50.4121 73.8885 75.337 -1.78534 -4.87068 -54.9245
-50.4211 73.864 75.0622 -1.80586 -4.92844 -54.9894
-50.4302 73.8392 74.7871 -1.82642 -4.98635 -55.0544
-50.4394 73.8141 74.5116 -1.84702 -5.04442 -55.1195
-50.4487 73.7887 74.2359 -1.86766 -5.10264 -55.1846
-50.458 73.7631 73.9598 -1.88835 -5.16102 -55.2498
-50.4675 73.7371 73.6834 -1.90908 -5.21956 -55.315
-50.4771 73.7109 73.4066 -1.92985 -5.27825 -55.3802
-50.4868 73.6843 73.1296 -1.95066 -5.3371 -55.4456
-50.4966 73.6575 72.8522 -1.97152 -5.39611 -55.5109
-50.5066 73.6304 72.5745 -1.99242 -5.45528 -55.5764
-50.5166 73.603 72.2964 -2.01337 -5.5146 -55.6419
-50.5267 73.5752 72.018 -2.03436 -5.57409 -55.7074
-50.5369 73.5472 71.7393 -2.05539 -5.63374 -55.773
-50.5472 73.5189 71.4603 -2.07646 -5.69356 -55.8386
-50.5577 73.4903 71.181 -2.09759 -5.75353 -55.9044
-50.5682 73.4614 70.9013 -2.11875 -5.81367 -55.9701
-50.5789 73.4322 70.6213 -2.13996 -5.87397 -56.0359
-50.5896 73.4026 70.3409 -2.16122 -5.93444 -56.1018
-50.6005 73.3728 70.0602 -2.18252 -5.99508 -56.1677
-50.6114 73.3427 69.7792 -2.20386 -6.05588 -56.2337
-50.6225 73.3122 69.4979 -2.22526 -6.11684 -56.2997
-50.6337 73.2815 69.2162 -2.2467 -6.17798 -56.3658
-50.645 73.2505 68.9342 -2.26818 -6.23928 -56.432
-50.6564 73.2191 68.6519 -2.28971 -6.30076 -56.4982
-50.6679 73.1875 68.3693 -2.31129 -6.3624 -56.5644
-50.6795 73.1555 68.0863 -2.33291 -6.42421 -56.6307
-50.6912 73.1232 67.803 -2.35459 -6.4862 -56.6971
-50.703 73.0906 67.5193 -2.37631 -6.54836 -56.7635
-50.715 73.0577 67.2353 -2.39807 -6.61069 -56.83
-50.727 73.0245 66.951 -2.41989 -6.6732 -56.8965
-50.7392 72.991 66.6664 -2.44175 -6.73588 -56.9631
-50.7514 72.9572 66.3814 -2.46366 -6.79873 -57.0297
-50.7638 72.923 66.0961 -2.48562 -6.86177 -57.0964
-50.7763 72.8885 65.8104 -2.50763 -6.92498 -57.1632
-50.7889 72.8538 65.5244 -2.52969 -6.98837 -57.23
-50.8016 72.8187 65.2381 -2.5518 -7.05193 -57.2968
-50.8144 72.7832 64.9515 -2.57396 -7.11568 -57.3637
-50.8273 72.7475 64.6645 -2.59616 -7.17961 -57.4307
-50.8404 72.7115 64.3771 -2.61842 -7.24372 -57.4977
-50.8535 72.6751 64.0895 -2.64073 -7.30801 -57.5648
-50.8668 72.6384 63.8015 -2.66309 -7.37248 -57.6319
-50.8801 72.6013 63.5132 -2.6855 -7.43714 -57.6991
-50.8936 72.564 63.2245 -2.70796 -7.50198 -57.7663
-50.9072 72.5263 62.9355 -2.73047 -7.56701 -57.8336
-50.9209 72.4883 62.6462 -2.75303 -7.63223 -57.901
-50.9348 72.45 62.3565 -2.77565 -7.69763 -57.9684
-50.9487 72.4114 62.0665 -2.79832 -7.76322 -58.0358
-50.9627 72.3724 61.7761 -2.82104 -7.829 -58.1033
-50.9769 72.3331 61.4855 -2.84381 -7.89497 -58.1709
-50.9912 72.2934 61.1944 -2.86663 -7.96113 -58.2385
-51.0056 72.2535 60.9031 -2.88951 -8.02748 -58.3062
-51.0201 72.2131 60.6114 -2.91245 -8.09402 -58.3739
-51.0347 72.1725 60.3193 -2.93543 -8.16076 -58.4417
-51.0494 72.1315 60.027 -2.95847 -8.2277 -58.5096
-51.0643 72.0902 59.7342 -2.98157 -8.29482 -58.5774
-51.0792 72.0486 59.4412 -3.00472 -8.36215 -58.6454
-51.0943 72.0066 59.1478 -3.02792 -8.42967 -58.7134
-51.1095 71.9643 58.854 -3.05118 -8.49739 -58.7815
-51.1248 71.9216 58.56 -3.0745 -8.56531 -58.8496
-51.1403 71.8786 58.2656 -3.09787 -8.63343 -58.9177
-51.1558 71.8353 57.9708 -3.1213 -8.70175 -58.9859
-51.1715 71.7916 57.6757 -3.14478 -8.77027 -59.0542
-51.1873 71.7476 57.3802 -3.16832 -8.83899 -59.1226
-51.2032 71.7032 57.0845 -3.19192 -8.90792 -59.1909
-51.2192 71.6585 56.7883 -3.21557 -8.97705 -59.2594
-51.2353 71.6135 56.4919 -3.23929 -9.04639 -59.3279
-51.2516 71.5681 56.1951 -3.26306 -9.11594 -59.3964
-51.2679 71.5223 55.8979 -3.28689 -9.18569 -59.465
-51.2844 71.4762 55.6004 -3.31077 -9.25565 -59.5337
-51.3011 71.4297 55.3026 -3.33472 -9.32583 -59.6024
-51.3178 71.3829 55.0044 -3.35872 -9.39621 -59.6711
-51.3346 71.3358 54.7059 -3.38279 -9.46681 -59.7399
-51.3516 71.2883 54.407 -3.40691 -9.53761 -59.8088
-51.3687 71.2404 54.1078 -3.43109 -9.60864 -59.8777
-51.3859 71.1922 53.8082 -3.45534 -9.67987 -59.9467
-51.4033 71.1436 53.5083 -3.47964 -9.75133 -60.0157
-51.4207 71.0947 53.2081 -3.50401 -9.823 -60.0848
-51.4383 71.0454 52.9075 -3.52843 -9.89489 -60.154
-51.456 70.9957 52.6065 -3.55292 -9.96699 -60.2231
-51.4738 70.9457 52.3052 -3.57747 -10.0393 -60.2924
-51.4918 70.8953 52.0036 -3.60209 -10.1119 -60.3617
-51.5099 70.8446 51.7016 -3.62676 -10.1846 -60.431
-51.5281 70.7935 51.3993 -3.6515 -10.2576 -60.5004
-51.5464 70.742 51.0966 -3.6763 -10.3309 -60.5699
-51.5648 70.6902 50.7936 -3.70116 -10.4043 -60.6394
-51.5834 70.638 50.4902 -3.72609 -10.478 -60.709
-51.6021 70.5854 50.1865 -3.75109 -10.5519 -60.7786
-51.6209 70.5325 49.8824 -3.77614 -10.626 -60.8483
-51.6398 70.4791 49.578 -3.80127 -10.7004 -60.918
-51.6589 70.4255 49.2732 -3.82645 -10.775 -60.9878
-51.6781 70.3714 48.9681 -3.85171 -10.8498 -61.0576
-51.6974 70.317 48.6627 -3.87703 -10.9249 -61.1275
-51.7169 70.2621 48.3569 -3.90241 -11.0001 -61.1974
-51.7364 70.207 48.0507 -3.92786 -11.0757 -61.2674
-51.7561 70.1514 47.7442 -3.95338 -11.1514 -61.3374
-51.776 70.0954 47.4373 -3.97897 -11.2274 -61.4075
-51.7959 70.0391 47.1301 -4.00462 -11.3037 -61.4777
-51.816 69.9824 46.8225 -4.03035 -11.3802 -61.5479
-51.8362 69.9253 46.5146 -4.05614 -11.4569 -61.6181
-51.8566 69.8678 46.2064 -4.082 -11.5339 -61.6884
-51.8771 69.81 45.8977 -4.10793 -11.6111 -61.7588
-51.8977 69.7517 45.5888 -4.13393 -11.6886 -61.8292
-51.9184 69.6931 45.2795 -4.15999 -11.7663 -61.8996
-51.9393 69.6341 44.9698 -4.18613 -11.8442 -61.9701
-51.9603 69.5746 44.6598 -4.21234 -11.9224 -62.0407
-51.9814 69.5148 44.3494 -4.23862 -12.0009 -62.1113
-52.0027 69.4546 44.0386 -4.26497 -12.0796 -62.182
-52.024 69.394 43.7276 -4.2914 -12.1586 -62.2527
-52.0456 69.333 43.4161 -4.31789 -12.2378 -62.3234
-52.0672 69.2717 43.1043 -4.34446 -12.3173 -62.3942
-52.089 69.2099 42.7922 -4.3711 -12.397 -62.4651
-52.1109 69.1477 42.4797 -4.39782 -12.477 -62.536
-52.133 69.0851 42.1668 -4.42461 -12.5573 -62.607
-52.1552 69.0221 41.8536 -4.45147 -12.6378 -62.678
-52.1775 68.9587 41.54 -4.47841 -12.7186 -62.7491
-52.2 68.8949 41.2261 -4.50542 -12.7996 -62.8202
-52.2226 68.8307 40.9118 -4.53251 -12.8809 -62.8914
-52.2453 68.7661 40.5972 -4.55967 -12.9625 -62.9626
-52.2682 68.7011 40.2822 -4.58691 -13.0443 -63.0339
-52.2912 68.6357 39.9669 -4.61423 -13.1264 -63.1052
-52.3143 68.5698 39.6512 -4.64162 -13.2088 -63.1765
-52.3376 68.5036 39.3351 -4.6691 -13.2915 -63.248
-52.361 68.4369 39.0187 -4.69665 -13.3744 -63.3194
-52.3845 68.3698 38.7019 -4.72427 -13.4576 -63.3909
-52.4082 68.3024 38.3848 -4.75198 -13.5411 -63.4625
-52.4321 68.2344 38.0673 -4.77977 -13.6249 -63.5341
-52.456 68.1661 37.7494 -4.80763 -13.7089 -63.6058
-52.4801 68.0973 37.4312 -4.83558 -13.7932 -63.6775
-52.5044 68.0282 37.1126 -4.8636 -13.8779 -63.7492
-52.5288 67.9586 36.7937 -4.89171 -13.9627 -63.821
-52.5533 67.8885 36.4744 -4.9199 -14.0479 -63.8929
-52.578 67.8181 36.1548 -4.94817 -14.1334 -63.9648
-52.6028 67.7472 35.8348 -4.97652 -14.2191 -64.0367
-52.6277 67.6759 35.5144 -5.00496 -14.3052 -64.1087
-52.6528 67.6042 35.1937 -5.03348 -14.3915 -64.1808
-52.6781 67.532 34.8726 -5.06208 -14.4782 -64.2529
-52.7035 67.4594 34.5512 -5.09076 -14.5651 -64.325
-52.729 67.3863 34.2294 -5.11954 -14.6523 -64.3972
-52.7546 67.3129 33.9072 -5.14839 -14.7398 -64.4694
-52.7805 67.2389 33.5847 -5.17733 -14.8277 -64.5417
-52.8064 67.1646 33.2618 -5.20636 -14.9158 -64.614
-52.8325 67.0898 32.9385 -5.23548 -15.0042 -64.6864
-52.8588 67.0145 32.6149 -5.26468 -15.093 -64.7588
-52.8852 66.9388 32.2909 -5.29397 -15.182 -64.8313
-52.9117 66.8627 31.9666 -5.32335 -15.2714 -64.9038
-52.9384 66.7861 31.6419 -5.35281 -15.361 -64.9763
-52.9652 66.7091 31.3168 -5.38237 -15.451 -65.0489
-52.9922 66.6316 30.9914 -5.41201 -15.5413 -65.1215
-53.0194 66.5537 30.6656 -5.44174 -15.6319 -65.1942
-53.0466 66.4753 30.3395 -5.47157 -15.7228 -65.267
-53.0741 66.3965 30.013 -5.50149 -15.814 -65.3397
-53.1017 66.3172 29.6861 -5.53149 -15.9056 -65.4125
-53.1294 66.2374 29.3588 -5.56159 -15.9975 -65.4854
-53.1573 66.1572 29.0312 -5.59178 -16.0897 -65.5583
-53.1853 66.0765 28.7033 -5.62207 -16.1822 -65.6312
-53.2135 65.9954 28.3749 -5.65245 -16.2751 -65.7042
-53.2418 65.9138 28.0462 -5.68292 -16.3683 -65.7772
-53.2703 65.8317 27.7171 -5.71349 -16.4618 -65.8503
-53.299 65.7491 27.3877 -5.74415 -16.5557 -65.9234
-53.3278 65.6661 27.0579 -5.77491 -16.6498 -65.9966
-53.3567 65.5826 26.7277 -5.80577 -16.7444 -66.0697
-53.3858 65.4987 26.3972 -5.83672 -16.8392 -66.143
-53.4151 65.4142 26.0663 -5.86777 -16.9344 -66.2162
-53.4445 65.3293 25.735 -5.89892 -17.03 -66.2896
-53.4741 65.2439 25.4034 -5.93016 -17.1259 -66.3629
-53.5038 65.1581 25.0714 -5.96151 -17.2221 -66.4363
-53.5337 65.0717 24.7391 -5.99295 -17.3187 -66.5097
-53.5637 64.9849 24.4063 -6.0245 -17.4157 -66.5832
-53.5939 64.8976 24.0732 -6.05615 -17.513 -66.6567
-53.6243 64.8098 23.7398 -6.0879 -17.6106 -66.7302
-53.6548 64.7215 23.4059 -6.11975 -17.7086 -66.8038
-53.6855 64.6327 23.0717 -6.1517 -17.807 -66.8774
-53.7163 64.5434 22.7371 -6.18376 -17.9057 -66.9511
-53.7473 64.4536 22.4022 -6.21592 -18.0048 -67.0248
-53.7785 64.3633 22.0669 -6.24818 -18.1043 -67.0985
-53.8098 64.2726 21.7312 -6.28055 -18.2041 -67.1723
-53.8413 64.1813 21.3952 -6.31303 -18.3043 -67.2461
-53.8729 64.0895 21.0588 -6.34561 -18.4049 -67.3199
-53.9048 63.9973 20.722 -6.3783 -18.5058 -67.3938
-53.9367 63.9045 20.3848 -6.4111 -18.6071 -67.4677
-53.9689 63.8112 20.0473 -6.444 -18.7088 -67.5416
-54.0012 63.7174 19.7094 -6.47702 -18.8109 -67.6156
-54.0336 63.6231 19.3711 -6.51014 -18.9134 -67.6896
-54.0663 63.5283 19.0325 -6.54337 -19.0162 -67.7636
-54.0991 63.4329 18.6935 -6.57672 -19.1194 -67.8377
-54.132 63.3371 18.3541 -6.61018 -19.2231 -67.9118
-54.1652 63.2407 18.0144 -6.64374 -19.3271 -67.9859
-54.1985 63.1438 17.6743 -6.67743 -19.4315 -68.0601
-54.2319 63.0464 17.3338 -6.71122 -19.5363 -68.1343
-54.2656 62.9484 16.9929 -6.74513 -19.6415 -68.2085
-54.2994 62.85 16.6517 -6.77916 -19.7471 -68.2828
-54.3334 62.751 16.3101 -6.8133 -19.8531 -68.357
-54.3675 62.6514 15.9681 -6.84755 -19.9595 -68.4314
-54.4019 62.5514 15.6258 -6.88193 -20.0663 -68.5057
-54.4364 62.4508 15.2831 -6.91642 -20.1736 -68.5801
-54.471 62.3496 14.94 -6.95103 -20.2812 -68.6545
-54.5059 62.2479 14.5965 -6.98576 -20.3893 -68.7289
-54.5409 62.1457 14.2527 -7.02061 -20.4978 -68.8033
-54.5761 62.043 13.9085 -7.05558 -20.6067 -68.8778
-54.6114 61.9397 13.5639 -7.09067 -20.716 -68.9523
-54.647 61.8358 13.219 -7.12588 -20.8257 -69.0269
-54.6827 61.7314 12.8737 -7.16122 -20.9359 -69.1014
-54.7186 61.6265 12.528 -7.19668 -21.0465 -69.176
-54.7547 61.5209 12.1819 -7.23226 -21.1576 -69.2506
-54.7909 61.4149 11.8355 -7.26797 -21.269 -69.3252
-54.8273 61.3083 11.4886 -7.3038 -21.381 -69.3999
-54.8639 61.2011 11.1415 -7.33976 -21.4933 -69.4745
-54.9007 61.0933 10.7939 -7.37585 -21.6061 -69.5492
-54.9377 60.985 10.446 -7.41206 -21.7193 -69.6239
-54.9749 60.8761 10.0977 -7.44841 -21.833 -69.6987
-55.0122 60.7667 9.74898 -7.48488 -21.9472 -69.7734
-55.0497 60.6567 9.39992 -7.52148 -22.0618 -69.8482
-55.0874 60.5461 9.0505 -7.55821 -22.1768 -69.923
-55.1253 60.4349 8.70069 -7.59507 -22.2923 -69.9978
-55.1634 60.3231 8.35052 -7.63207 -22.4083 -70.0726
-55.2016 60.2108 7.99997 -7.66919 -22.5247 -70.1474
-55.2401 60.0979 7.64904 -7.70645 -22.6416 -70.2223
-55.2787 59.9844 7.29775 -7.74385 -22.759 -70.2971
-55.3175 59.8703 6.94607 -7.78137 -22.8768 -70.372
-55.3565 59.7556 6.59403 -7.81904 -22.9951 -70.4469
-55.3957 59.6403 6.2416 -7.85683 -23.1139 -70.5218
-55.4351 59.5245 5.88881 -7.89477 -23.2332 -70.5967
-55.4746 59.408 5.53564 -7.93284 -23.3529 -70.6716
-55.5144 59.2909 5.18209 -7.97105 -23.4731 -70.7465
-55.5543 59.1733 4.82817 -8.0094 -23.5939 -70.8214
-55.5945 59.055 4.47388 -8.04789 -23.7151 -70.8964
-55.6348 58.9361 4.11921 -8.08652 -23.8368 -70.9713
-55.6753 58.8166 3.76416 -8.12529 -23.959 -71.0463
-55.7161 58.6965 3.40875 -8.1642 -24.0817 -71.1212
-55.757 58.5758 3.05295 -8.20325 -24.2049 -71.1962
-55.7981 58.4545 2.69678 -8.24245 -24.3286 -71.2711
-55.8394 58.3325 2.34024 -8.28179 -24.4528 -71.3461
-55.8809 58.21 1.98332 -8.32128 -24.5775 -71.421
-55.9226 58.0868 1.62603 -8.36091 -24.7027 -71.4959
-55.9645 57.9629 1.26836 -8.40069 -24.8285 -71.5709
-56.0066 57.8385 0.910323 -8.44062 -24.9548 -71.6458
-56.0489 57.7134 0.551906 -8.48069 -25.0816 -71.7207
-56.0914 57.5877 0.193115 -8.52091 -25.2089 -71.7957
-56.1341 57.4613 -0.16605 -8.56129 -25.3368 -71.8706
-56.1771 57.3343 -0.52559 -8.60181 -25.4652 -71.9455
-56.2202 57.2066 -0.885505 -8.64249 -25.5941 -72.0204
-56.2635 57.0784 -1.24579 -8.68331 -25.7236 -72.0952
-56.307 56.9494 -1.60646 -8.72429 -25.8536 -72.1701
-56.3507 56.8198 -1.96749 -8.76543 -25.9841 -72.2449
-56.3947 56.6896 -2.32891 -8.80672 -26.1152 -72.3198
-56.4388 56.5587 -2.69069 -8.84817 -26.2469 -72.3946
-56.4831 56.4271 -3.05285 -8.88977 -26.3791 -72.4694
-56.5277 56.2949 -3.41539 -8.93153 -26.5119 -72.5441
-56.5724 56.162 -3.77829 -8.97345 -26.6452 -72.6189
-56.6174 56.0284 -4.14157 -9.01553 -26.7792 -72.6936
-56.6626 55.8942 -4.50523 -9.05777 -26.9136 -72.7683
-56.708 55.7593 -4.86926 -9.10017 -27.0487 -72.843
-56.7536 55.6237 -5.23366 -9.14273 -27.1843 -72.9176
-56.7994 55.4874 -5.59843 -9.18546 -27.3206 -72.9923
-56.8455 55.3505 -5.96358 -9.22835 -27.4574 -73.0668
-56.8917 55.2129 -6.3291 -9.27141 -27.5948 -73.1414
-56.9382 55.0746 -6.695 -9.31463 -27.7327 -73.2159
-56.9849 54.9355 -7.06126 -9.35802 -27.8713 -73.2904
-57.0318 54.7958 -7.4279 -9.40158 -28.0105 -73.3648
-57.0789 54.6554 -7.79491 -9.4453 -28.1503 -73.4392
-57.1262 54.5143 -8.16229 -9.4892 -28.2907 -73.5136
-57.1738 54.3725 -8.53005 -9.53326 -28.4317 -73.5879
-57.2215 54.23 -8.89817 -9.5775 -28.5733 -73.6622
-57.2695 54.0868 -9.26667 -9.62192 -28.7156 -73.7364
-57.3178 53.9429 -9.63554 -9.6665 -28.8584 -73.8106
-57.3662 53.7982 -10.0048 -9.71126 -29.0019 -73.8848
-57.4149 53.6528 -10.3744 -9.7562 -29.1461 -73.9588
-57.4638 53.5068 -10.7444 -9.80131 -29.2908 -74.0329
-57.5129 53.3599 -11.1147 -9.84661 -29.4362 -74.1069
-57.5622 53.2124 -11.4854 -9.89208 -29.5823 -74.1808
-57.6118 53.0641 -11.8565 -9.93773 -29.729 -74.2546
-57.6616 52.9151 -12.228 -9.98356 -29.8763 -74.3284
-57.7116 52.7654 -12.5998 -10.0296 -30.0243 -74.4022
-57.7619 52.6149 -12.972 -10.0758 -30.173 -74.4758
-57.8124 52.4636 -13.3446 -10.1222 -30.3223 -74.5494
-57.8631 52.3116 -13.7175 -10.1687 -30.4723 -74.623
-57.9141 52.1589 -14.0908 -10.2155 -30.623 -74.6964
-57.9653 52.0054 -14.4645 -10.2624 -30.7743 -74.7698
-58.0167 51.8512 -14.8385 -10.3096 -30.9264 -74.8431
-58.0684 51.6961 -15.2129 -10.3569 -31.0791 -74.9164
-58.1203 51.5404 -15.5877 -10.4044 -31.2325 -74.9895
-58.1724 51.3838 -15.9628 -10.4521 -31.3866 -75.0626
-58.2248 51.2265 -16.3383 -10.5 -31.5414 -75.1356
-58.2774 51.0684 -16.7141 -10.5481 -31.6969 -75.2085
-58.3303 50.9095 -17.0904 -10.5964 -31.8532 -75.2813
-58.3834 50.7499 -17.467 -10.6449 -32.0101 -75.354
-58.4367 50.5894 -17.8439 -10.6935 -32.1677 -75.4266
-58.4903 50.4282 -18.2212 -10.7424 -32.3261 -75.4992
-58.5442 50.2662 -18.5989 -10.7915 -32.4852 -75.5716
-58.5982 50.1033 -18.9769 -10.8408 -32.6451 -75.6439
-58.6526 49.9397 -19.3553 -10.8903 -32.8057 -75.7161
-58.7071 49.7753 -19.7341 -10.94 -32.967 -75.7883
-58.762 49.61 -20.1132 -10.9899 -33.129 -75.8603
-58.817 49.444 -20.4927 -11.04 -33.2919 -75.9321
-58.8724 49.2771 -20.8725 -11.0903 -33.4555 -76.0039
-58.9279 49.1094 -21.2527 -11.1408 -33.6198 -76.0756
-58.9838 48.9409 -21.6333 -11.1915 -33.7849 -76.1471
-59.0399 48.7716 -22.0142 -11.2425 -33.9508 -76.2185
-59.0962 48.6014 -22.3955 -11.2936 -34.1175 -76.2898
-59.1528 48.4304 -22.7771 -11.345 -34.2849 -76.361
-59.2097 48.2586 -23.1591 -11.3966 -34.4531 -76.432
-59.2668 48.0859 -23.5414 -11.4484 -34.6222 -76.5028
-59.3241 47.9123 -23.9241 -11.5004 -34.792 -76.5736
-59.3818 47.738 -24.3072 -11.5526 -34.9626 -76.6442
-59.4397 47.5627 -24.6906 -11.6051 -35.1341 -76.7146
-59.4978 47.3866 -25.0743 -11.6578 -35.3063 -76.7849
-59.5562 47.2097 -25.4584 -11.7107 -35.4794 -76.8551
-59.6149 47.0318 -25.8429 -11.7638 -35.6533 -76.9251
-59.6739 46.8531 -26.2277 -11.8171 -35.8281 -76.9949
-59.7331 46.6735 -26.6128 -11.8707 -36.0036 -77.0646
-59.7926 46.4931 -26.9983 -11.9245 -36.1801 -77.1341
-59.8523 46.3117 -27.3841 -11.9786 -36.3573 -77.2034
-59.9124 46.1295 -27.7703 -12.0328 -36.5354 -77.2726
-59.9727 45.9464 -28.1569 -12.0873 -36.7144 -77.3416
-60.0332 45.7624 -28.5438 -12.1421 -36.8943 -77.4104
-60.0941 45.5775 -28.931 -12.197 -37.075 -77.479
-60.1552 45.3916 -29.3185 -12.2523 -37.2566 -77.5474
-60.2166 45.2049 -29.7065 -12.3077 -37.4391 -77.6156
-60.2783 45.0172 -30.0947 -12.3634 -37.6225 -77.6837
-60.3403 44.8287 -30.4833 -12.4193 -37.8067 -77.7515
-60.4025 44.6392 -30.8722 -12.4755 -37.9919 -77.8191
-60.465 44.4487 -31.2615 -12.5319 -38.178 -77.8865
-60.5278 44.2574 -31.6511 -12.5886 -38.365 -77.9537
-60.5909 44.0651 -32.041 -12.6455 -38.5529 -78.0207
-60.6543 43.8719 -32.4313 -12.7026 -38.7417 -78.0875
-60.7179 43.6777 -32.8219 -12.76 -38.9315 -78.154
-60.7819 43.4825 -33.2128 -12.8177 -39.1222 -78.2203
-60.8461 43.2865 -33.6041 -12.8756 -39.3139 -78.2864
-60.9106 43.0894 -33.9957 -12.9338 -39.5065 -78.3522
-60.9754 42.8914 -34.3876 -12.9922 -39.7001 -78.4178
-61.0405 42.6924 -34.7799 -13.0509 -39.8947 -78.4831
-61.1059 42.4924 -35.1724 -13.1098 -40.0902 -78.5482
-61.1716 42.2915 -35.5653 -13.169 -40.2867 -78.613
-61.2376 42.0896 -35.9586 -13.2285 -40.4842 -78.6775
-61.3039 41.8867 -36.3521 -13.2882 -40.6826 -78.7418
-61.3705 41.6827 -36.746 -13.3482 -40.8821 -78.8058
-61.4374 41.4778 -37.1402 -13.4084 -41.0826 -78.8695
-61.5046 41.2719 -37.5347 -13.469 -41.2841 -78.9329
-61.5721 41.065 -37.9295 -13.5298 -41.4866 -78.996
-61.6399 40.8571 -38.3246 -13.5908 -41.6902 -79.0589
-61.708 40.6481 -38.7201 -13.6522 -41.8947 -79.1214
-61.7764 40.4381 -39.1159 -13.7138 -42.1004 -79.1836
-61.8451 40.2271 -39.5119 -13.7757 -42.307 -79.2455
-61.9142 40.015 -39.9083 -13.8379 -42.5148 -79.3071
-61.9835 39.8019 -40.305 -13.9003 -42.7236 -79.3684
-62.0532 39.5878 -40.702 -13.963 -42.9334 -79.4293
-62.1232 39.3726 -41.0993 -14.0261 -43.1444 -79.4899
-62.1934 39.1564 -41.4969 -14.0894 -43.3564 -79.5501
-62.264 38.939 -41.8948 -14.153 -43.5696 -79.61
-62.335 38.7207 -42.293 -14.2168 -43.7838 -79.6696
-62.4062 38.5012 -42.6915 -14.281 -43.9991 -79.7287
-62.4778 38.2807 -43.0903 -14.3455 -44.2156 -79.7875
-62.5497 38.0591 -43.4894 -14.4102 -44.4332 -79.8459
-62.6219 37.8363 -43.8887 -14.4753 -44.6519 -79.904
-62.6944 37.6125 -44.2884 -14.5406 -44.8718 -79.9616
-62.7673 37.3876 -44.6884 -14.6063 -45.0928 -80.0188
-62.8405 37.1616 -45.0886 -14.6723 -45.315 -80.0756
-62.914 36.9345 -45.4891 -14.7385 -45.5383 -80.1321
-62.9879 36.7062 -45.8899 -14.8051 -45.7628 -80.1881
-63.0621 36.4768 -46.291 -14.8719 -45.9885 -80.2436
-63.1366 36.2463 -46.6924 -14.9391 -46.2154 -80.2987
-63.2115 36.0147 -47.094 -15.0066 -46.4435 -80.3534
-63.2867 35.7819 -47.4959 -15.0744 -46.6727 -80.4076
-63.3622 35.548 -47.8981 -15.1425 -46.9032 -80.4614
-63.4381 35.3129 -48.3005 -15.2109 -47.135 -80.5147
-63.5143 35.0766 -48.7032 -15.2797 -47.3679 -80.5675
-63.5909 34.8392 -49.1062 -15.3487 -47.6021 -80.6199
-63.6678 34.6006 -49.5094 -15.4181 -47.8376 -80.6717
-63.7451 34.3608 -49.9129 -15.4878 -48.0743 -80.723
-63.8227 34.1198 -50.3166 -15.5579 -48.3123 -80.7739
-63.9006 33.8777 -50.7206 -15.6282 -48.5515 -80.8242
-63.979 33.6343 -51.1249 -15.6989 -48.7921 -80.8739
-64.0576 33.3898 -51.5294 -15.7699 -49.0339 -80.9232
-64.1367 33.144 -51.9341 -15.8413 -49.277 -80.9718
-64.216 32.897 -52.3391 -15.9129 -49.5215 -81.02
-64.2958 32.6488 -52.7443 -15.985 -49.7673 -81.0675
-64.3759 32.3993 -53.1498 -16.0573 -50.0144 -81.1145
-64.4564 32.1486 -53.5555 -16.13 -50.2628 -81.1609
-64.5372 31.8967 -53.9614 -16.2031 -50.5126 -81.2067
-64.6184 31.6435 -54.3675 -16.2764 -50.7638 -81.2519
-64.7 31.3891 -54.7739 -16.3502 -51.0163 -81.2964
-64.7819 31.1333 -55.1805 -16.4243 -51.2702 -81.3403
-64.8642 30.8764 -55.5873 -16.4987 -51.5255 -81.3836
-64.9469 30.6181 -55.9943 -16.5735 -51.7822 -81.4263
-65.0299 30.3585 -56.4016 -16.6486 -52.0403 -81.4682
-65.1134 30.0977 -56.809 -16.7241 -52.2998 -81.5095
-65.1972 29.8355 -57.2167 -16.7999 -52.5607 -81.5501
-65.2814 29.5721 -57.6245 -16.8761 -52.8231 -81.5901
-65.3659 29.3073 -58.0326 -16.9527 -53.0869 -81.6293
-65.4509 29.0412 -58.4408 -17.0296 -53.3522 -81.6677
-65.5362 28.7738 -58.8492 -17.1069 -53.619 -81.7055
-65.622 28.505 -59.2579 -17.1846 -53.8872 -81.7425
-65.7081 28.2349 -59.6667 -17.2626 -54.1569 -81.7787
-65.7946 27.9635 -60.0756 -17.341 -54.4281 -81.8142
-65.8815 27.6906 -60.4848 -17.4198 -54.7008 -81.8488
-65.9688 27.4164 -60.8941 -17.4989 -54.9751 -81.8827
-66.0565 27.1409 -61.3036 -17.5785 -55.2508 -81.9158
-66.1446 26.8639 -61.7133 -17.6584 -55.5282 -81.948
-66.2331 26.5856 -62.1231 -17.7386 -55.807 -81.9794
-66.322 26.3059 -62.5331 -17.8193 -56.0874 -82.0099
-66.4113 26.0247 -62.9432 -17.9004 -56.3694 -82.0396
-66.501 25.7422 -63.3535 -17.9818 -56.653 -82.0684
-66.5911 25.4582 -63.7639 -18.0636 -56.9382 -82.0962
-66.6816 25.1728 -64.1744 -18.1459 -57.2249 -82.1232
-66.7725 24.886 -64.5851 -18.2285 -57.5133 -82.1492
-66.8639 24.5977 -64.9959 -18.3115 -57.8033 -82.1743
-66.9557 24.3079 -65.4069 -18.3949 -58.095 -82.1985
-67.0478 24.0167 -65.8179 -18.4787 -58.3883 -82.2216
-67.1404 23.724 -66.2291 -18.5629 -58.6832 -82.2437
-67.2335 23.4299 -66.6403 -18.6475 -58.9798 -82.2649
-67.3269 23.1342 -67.0517 -18.7325 -59.2781 -82.285
-67.4208 22.8371 -67.4632 -18.8179 -59.5781 -82.3041
-67.5151 22.5385 -67.8748 -18.9037 -59.8798 -82.3221
-67.6098 22.2383 -68.2864 -18.9899 -60.1832 -82.339
-67.705 21.9366 -68.6982 -19.0765 -60.4884 -82.3548
-67.8006 21.6334 -69.11 -19.1636 -60.7952 -82.3695
-67.8966 21.3287 -69.5218 -19.2511 -61.1038 -82.383
-67.9931 21.0224 -69.9338 -19.3389 -61.4142 -82.3954
-68.09 20.7145 -70.3458 -19.4272 -61.7264 -82.4067
-68.1874 20.4051 -70.7579 -19.5159 -62.0403 -82.4167
-68.2852 20.0941 -71.17 -19.6051 -62.356 -82.4255
-68.3834 19.7816 -71.5821 -19.6946 -62.6735 -82.4331
-68.4821 19.4674 -71.9943 -19.7846 -62.9928 -82.4394
-68.5813 19.1516 -72.4065 -19.875 -63.314 -82.4445
-68.6809 18.8343 -72.8187 -19.9659 -63.637 -82.4482
-68.7809 18.5153 -73.231 -20.0571 -63.9618 -82.4507
-68.8815 18.1946 -73.6433 -20.1488 -64.2885 -82.4517
-68.9824 17.8724 -74.0555 -20.241 -64.6171 -82.4515
-69.0839 17.5485 -74.4678 -20.3335 -64.9476 -82.4498
-69.1858 17.2229 -74.88 -20.4265 -65.2799 -82.4467
-69.2881 16.8957 -75.2922 -20.52 -65.6142 -82.4422
-69.391 16.5668 -75.7044 -20.6139 -65.9504 -82.4362
-69.4943 16.2362 -76.1166 -20.7082 -66.2885 -82.4288
-69.598 15.9039 -76.5287 -20.8029 -66.6285 -82.4198
-69.7023 15.5699 -76.9408 -20.8981 -66.9705 -82.4094
-69.807 15.2342 -77.3528 -20.9938 -67.3145 -82.3973
-69.9122 14.8967 -77.7648 -21.0899 -67.6604 -82.3837
-70.0179 14.5576 -78.1766 -21.1864 -68.0083 -82.3685
-70.1241 14.2167 -78.5884 -21.2834 -68.3582 -82.3516
-70.2308 13.874 -79.0002 -21.3808 -68.7101 -82.3331
-70.3379 13.5295 -79.4118 -21.4787 -69.0641 -82.3129
-70.4455 13.1833 -79.8233 -21.577 -69.42 -82.2909
-70.5537 12.8353 -80.2347 -21.6758 -69.778 -82.2672
-70.6623 12.4856 -80.646 -21.775 -70.1381 -82.2418
-70.7714 12.134 -81.0571 -21.8747 -70.5002 -82.2145
-70.8811 11.7806 -81.4681 -21.9749 -70.8644 -82.1854
-70.9912 11.4253 -81.879 -22.0755 -71.2306 -82.1545
-71.1018 11.0683 -82.2897 -22.1765 -71.599 -82.1216
-71.2129 10.7093 -82.7002 -22.278 -71.9695 -82.0869
-71.3246 10.3486 -83.1105 -22.38 -72.342 -82.0501
-71.4367 9.98592 -83.5207 -22.4824 -72.7167 -82.0114
-71.5494 9.62139 -83.9306 -22.5853 -73.0935 -81.9707
-71.6626 9.25498 -84.3404 -22.6887 -73.4725 -81.9279
-71.7763 8.88667 -84.7499 -22.7925 -73.8536 -81.883
-71.8905 8.51645 -85.1592 -22.8967 -74.2369 -81.836
-72.0053 8.1443 -85.5683 -23.0014 -74.6223 -81.7868
-72.1205 7.77022 -85.9771 -23.1066 -75.01 -81.7355
-72.2363 7.3942 -86.3856 -23.2123 -75.3998 -81.6819
-72.3527 7.01623 -86.7939 -23.3184 -75.7918 -81.6261
-72.4695 6.63628 -87.2019 -23.4249 -76.186 -81.568
-72.5869 6.25437 -87.6096 -23.5319 -76.5824 -81.5075
-72.7048 5.87046 -88.017 -23.6394 -76.9811 -81.4446
-72.8233 5.48456 -88.424 -23.7473 -77.382 -81.3794
-72.9423 5.09664 -88.8308 -23.8557 -77.7851 -81.3117
-73.0619 4.70671 -89.2371 -23.9645 -78.1905 -81.2415
-73.182 4.31474 -89.6432 -24.0738 -78.5981 -81.1687
-73.3026 3.92073 -90.0488 -24.1836 -79.008 -81.0934
-73.4238 3.52466 -90.4541 -24.2938 -79.4201 -81.0155
-73.5455 3.12653 -90.859 -24.4045 -79.8345 -80.935
-73.6678 2.72631 -91.2635 -24.5156 -80.2512 -80.8517
-73.7907 2.32401 -91.6675 -24.6271 -80.6702 -80.7657
-73.9141 1.91961 -92.0711 -24.7391 -81.0915 -80.6769
-74.0381 1.5131 -92.4743 -24.8516 -81.515 -80.5853
-74.1626 1.10446 -92.877 -24.9645 -81.9409 -80.4908
-74.2877 0.693692 -93.2792 -25.0779 -82.3691 -80.3934
-74.4134 0.280774 -93.6809 -25.1916 -82.7995 -80.293
-74.5397 -0.134303 -94.0821 -25.3059 -83.2323 -80.1896
-74.6665 -0.551549 -94.4828 -25.4205 -83.6674 -80.0832
-74.7939 -0.970976 -94.8829 -25.5356 -84.1048 -79.9736
-74.9218 -1.3926 -95.2825 -25.6512 -84.5446 -79.8609
-75.0504 -1.81642 -95.6815 -25.7671 -84.9866 -79.745
-75.1795 -2.24246 -96.08 -25.8835 -85.431 -79.6258
-75.3092 -2.67073 -96.4778 -26.0003 -85.8777 -79.5033
-75.4395 -3.10124 -96.875 -26.1175 -86.3267 -79.3775
-75.5704 -3.534 -97.2716 -26.2352 -86.778 -79.2483
-75.7019 -3.96902 -97.6675 -26.3532 -87.2317 -79.1156
-75.8339 -4.40631 -98.0627 -26.4717 -87.6876 -78.9793
-75.9666 -4.84589 -98.4573 -26.5906 -88.1459 -78.8395
-76.0998 -5.28777 -98.8511 -26.7098 -88.6065 -78.6961
-76.2337 -5.73196 -99.2442 -26.8295 -89.0694 -78.549
-76.3681 -6.17846 -99.6366 -26.9495 -89.5347 -78.3982
-76.5032 -6.6273 -100.028 -27.07 -90.0022 -78.2436
-76.6388 -7.07848 -100.419 -27.1908 -90.472 -78.0851
-76.7751 -7.53202 -100.809 -27.312 -90.9441 -77.9227
-76.9119 -7.98792 -101.198 -27.4336 -91.4184 -77.7563
-77.0494 -8.4462 -101.587 -27.5555 -91.8951 -77.5859
-77.1875 -8.90687 -101.974 -27.6778 -92.374 -77.4115
-77.3262 -9.36994 -102.361 -27.8004 -92.8551 -77.2329
-77.4655 -9.83542 -102.746 -27.9234 -93.3386 -77.05
-77.6054 -10.3033 -103.131 -28.0467 -93.8242 -76.8629
-77.746 -10.7737 -103.515 -28.1704 -94.312 -76.6715
-77.8871 -11.2464 -103.898 -28.2943 -94.8021 -76.4756
-78.0289 -11.7217 -104.28 -28.4186 -95.2943 -76.2754
-78.1713 -12.1994 -104.661 -28.5432 -95.7888 -76.0705
-78.3143 -12.6796 -105.041 -28.6681 -96.2853 -75.8611
-78.458 -13.1622 -105.419 -28.7933 -96.7841 -75.647
-78.6023 -13.6474 -105.797 -28.9188 -97.2849 -75.4282
-78.7472 -14.1351 -106.174 -29.0445 -97.7878 -75.2046
-78.8927 -14.6253 -106.549 -29.1705 -98.2929 -74.9762
-79.0389 -15.118 -106.923 -29.2967 -98.7999 -74.7428
-79.1857 -15.6133 -107.296 -29.4232 -99.309 -74.5044
-79.3331 -16.1111 -107.668 -29.55 -99.8202 -74.261
-79.4812 -16.6115 -108.039 -29.6769 -100.333 -74.0124
-79.6299 -17.1144 -108.409 -29.804 -100.848 -73.7586
-79.7792 -17.62 -108.777 -29.9314 -101.365 -73.4995
-79.9292 -18.1281 -109.144 -30.0589 -101.884 -73.2351
-80.0798 -18.6388 -109.509 -30.1866 -102.405 -72.9652
-80.2311 -19.1521 -109.873 -30.3145 -102.928 -72.6899
-80.383 -19.6681 -110.236 -30.4425 -103.452 -72.409
-80.5355 -20.1867 -110.597 -30.5706 -103.978 -72.1224
-80.6887 -20.7079 -110.957 -30.6988 -104.506 -71.8302
-80.8425 -21.2317 -111.316 -30.8272 -105.035 -71.5321
-80.9969 -21.7582 -111.672 -30.9556 -105.567 -71.2282
-81.152 -22.2874 -112.028 -31.0841 -106.099 -70.9184
-81.3078 -22.8192 -112.382 -31.2127 -106.634 -70.6025
-81.4642 -23.3537 -112.734 -31.3413 -107.17 -70.2806
-81.6212 -23.8909 -113.084 -31.4699 -107.707 -69.9525
-81.7789 -24.4308 -113.433 -31.5985 -108.246 -69.6181
-81.9372 -24.9733 -113.781 -31.7271 -108.786 -69.2775
-82.0961 -25.5186 -114.126 -31.8557 -109.327 -68.9305
-82.2557 -26.0666 -114.47 -31.9842 -109.87 -68.577
-82.416 -26.6173 -114.812 -32.1127 -110.413 -68.2169
-82.5769 -27.1707 -115.152 -32.241 -110.958 -67.8503
-82.7384 -27.7269 -115.49 -32.3693 -111.504 -67.477
-82.9006 -28.2858 -115.827 -32.4974 -112.051 -67.0969
-83.0634 -28.8474 -116.161 -32.6253 -112.599 -66.71
-83.2268 -29.4118 -116.494 -32.7531 -113.148 -66.3161
-83.3909 -29.9789 -116.825 -32.8807 -113.697 -65.9153
-83.5556 -30.5487 -117.153 -33.008 -114.248 -65.5074
-83.721 -31.1214 -117.48 -33.1351 -114.799 -65.0924
-83.887 -31.6967 -117.804 -33.262 -115.35 -64.6702
-84.0536 -32.2749 -118.126 -33.3885 -115.902 -64.2407
-84.2209 -32.8557 -118.446 -33.5147 -116.454 -63.8039
-84.3887 -33.4394 -118.764 -33.6406 -117.007 -63.3597
-84.5573 -34.0258 -119.08 -33.7661 -117.56 -62.908
-84.7264 -34.615 -119.393 -33.8911 -118.113 -62.4487
-84.8962 -35.2069 -119.705 -34.0158 -118.666 -61.9818
-85.0666 -35.8017 -120.013 -34.14 -119.219 -61.5072
-85.2376 -36.3991 -120.32 -34.2637 -119.772 -61.0249
-85.4092 -36.9994 -120.624 -34.3869 -120.325 -60.5347
-85.5814 -37.6024 -120.925 -34.5095 -120.877 -60.0367
-85.7543 -38.2082 -121.224 -34.6316 -121.429 -59.5307
-85.9278 -38.8167 -121.52 -34.753 -121.981 -59.0167
-86.1018 -39.428 -121.814 -34.8738 -122.531 -58.4947
-86.2765 -40.042 -122.105 -34.994 -123.081 -57.9645
-86.4518 -40.6588 -122.394 -35.1134 -123.63 -57.4262
-86.6276 -41.2783 -122.679 -35.2321 -124.178 -56.8796
-86.8041 -41.9005 -122.963 -35.35 -124.725 -56.3248
-86.9811 -42.5255 -123.243 -35.467 -125.271 -55.7617
-87.1587 -43.1532 -123.52 -35.5833 -125.815 -55.1901
-87.337 -43.7837 -123.795 -35.6986 -126.358 -54.6102
-87.5157 -44.4168 -124.066 -35.8131 -126.899 -54.0218
-87.6951 -45.0527 -124.335 -35.9266 -127.438 -53.4249
-87.875 -45.6912 -124.6 -36.0391 -127.975 -52.8195
-88.0555 -46.3324 -124.863 -36.1505 -128.511 -52.2055
-88.2365 -46.9763 -125.123 -36.2609 -129.044 -51.5828
-88.4181 -47.6228 -125.379 -36.3702 -129.574 -50.9516
-88.6002 -48.272 -125.632 -36.4783 -130.103 -50.3117
-88.7829 -48.9239 -125.882 -36.5852 -130.628 -49.6631
-88.9661 -49.5783 -126.129 -36.6909 -131.151 -49.0059
-89.1498 -50.2354 -126.372 -36.7954 -131.671 -48.3399
-89.334 -50.895 -126.612 -36.8985 -132.188 -47.6652
-89.5188 -51.5573 -126.849 -37.0003 -132.702 -46.9817
-89.704 -52.222 -127.082 -37.1007 -133.212 -46.2896
-89.8898 -52.8894 -127.312 -37.1996 -133.719 -45.5886
-90.076 -53.5592 -127.538 -37.2971 -134.222 -44.879
-90.2627 -54.2316 -127.76 -37.3931 -134.721 -44.1606
-90.4499 -54.9064 -127.979 -37.4874 -135.216 -43.4335
-90.6376 -55.5837 -128.195 -37.5802 -135.707 -42.6976
-90.8257 -56.2635 -128.406 -37.6714 -136.193 -41.9531
-91.0143 -56.9457 -128.614 -37.7608 -136.675 -41.2
-91.2034 -57.6303 -128.818 -37.8485 -137.152 -40.4382
-91.3928 -58.3172 -129.019 -37.9344 -137.624 -39.6678
-91.5827 -59.0065 -129.215 -38.0185 -138.091 -38.8888
-91.773 -59.6981 -129.408 -38.1008 -138.553 -38.1013
-91.9637 -60.392 -129.596 -38.1811 -139.01 -37.3054
-92.1548 -61.0882 -129.781 -38.2595 -139.461 -36.501
-92.3463 -61.7866 -129.961 -38.3358 -139.906 -35.6883
-92.5382 -62.4873 -130.137 -38.4102 -140.345 -34.8673
-92.7304 -63.1901 -130.31 -38.4824 -140.778 -34.0381
-92.923 -63.895 -130.478 -38.5526 -141.205 -33.2007
-93.1159 -64.6021 -130.642 -38.6205 -141.625 -32.3552
-93.3092 -65.3113 -130.801 -38.6863 -142.038 -31.5017
-93.5028 -66.0225 -130.957 -38.7498 -142.445 -30.6404
-93.6967 -66.7357 -131.108 -38.811 -142.844 -29.7712
-93.8909 -67.4509 -131.254 -38.8699 -143.237 -28.8943
-94.0854 -68.1681 -131.397 -38.9265 -143.622 -28.0098
-94.2802 -68.8872 -131.535 -38.9806 -143.999 -27.1179
-94.4752 -69.6081 -131.668 -39.0322 -144.369 -26.2186
-94.6705 -70.3308 -131.797 -39.0814 -144.731 -25.312
-94.866 -71.0554 -131.921 -39.1281 -145.085 -24.3983
-95.0618 -71.7817 -132.041 -39.1722 -145.431 -23.4776
-95.2577 -72.5097 -132.156 -39.2137 -145.768 -22.5501
-95.4539 -73.2394 -132.266 -39.2525 -146.097 -21.6159
-95.6503 -73.9707 -132.372 -39.2887 -146.417 -20.6751
-95.8468 -74.7035 -132.473 -39.3222 -146.728 -19.728
-96.0435 -75.4379 -132.569 -39.353 -147.03 -18.7746
-96.2403 -76.1738 -132.661 -39.381 -147.323 -17.8151
-96.4373 -76.9112 -132.747 -39.4063 -147.606 -16.8497
-96.6344 -77.6499 -132.829 -39.4287 -147.88 -15.8787
-96.8316 -78.39 -132.906 -39.4483 -148.145 -14.9021
-97.0289 -79.1313 -132.978 -39.465 -148.4 -13.9201
-97.2262 -79.8739 -133.045 -39.4788 -148.644 -12.933
-97.4236 -80.6178 -133.108 -39.4896 -148.879 -11.9409
-97.6211 -81.3627 -133.165 -39.4976 -149.104 -10.944
-97.8186 -82.1088 -133.217 -39.5026 -149.319 -9.94263
-98.0161 -82.8559 -133.264 -39.5046 -149.523 -8.93686
-98.2137 -83.604 -133.306 -39.5036 -149.716 -7.92696
-98.4112 -84.3531 -133.344 -39.4996 -149.899 -6.91313
-98.6087 -85.103 -133.376 -39.4925 -150.072 -5.89559
-98.8061 -85.8538 -133.403 -39.4825 -150.233 -4.87458
-99.0035 -86.6054 -133.424 -39.4693 -150.384 -3.85031
-99.2008 -87.3576 -133.441 -39.4531 -150.524 -2.82302
-99.398 -88.1106 -133.453 -39.4339 -150.653 -1.79293
-99.5951 -88.8642 -133.459 -39.4115 -150.77 -0.760292
-99.7921 -89.6183 -133.46 -39.3861 -150.877 0.274668
-99.989 -90.3729 -133.456 -39.3576 -150.972 1.31171
-100.186 -91.128 -133.447 -39.326 -151.056 2.35058
-100.382 -91.8835 -133.433 -39.2913 -151.129 3.39105
-100.579 -92.6393 -133.413 -39.2536 -151.19 4.43286
-100.775 -93.3954 -133.388 -39.2127 -151.24 5.47578
-100.971 -94.1517 -133.358 -39.1688 -151.278 6.51955
-101.166 -94.9082 -133.323 -39.1218 -151.305 7.56392
-101.362 -95.6647 -133.283 -39.0718 -151.321 8.60865
-101.557 -96.4214 -133.237 -39.0187 -151.325 9.65349
-101.752 -97.178 -133.186 -38.9626 -151.317 10.6982
-101.947 -97.9345 -133.13 -38.9034 -151.298 11.7425
-102.141 -98.691 -133.069 -38.8413 -151.268 12.7861
-102.335 -99.4472 -133.002 -38.7761 -151.226 13.8289
-102.529 -100.203 -132.931 -38.708 -151.173 14.8706
-102.722 -100.959 -132.854 -38.637 -151.108 15.9108
-102.915 -101.714 -132.771 -38.563 -151.032 16.9494
-103.108 -102.469 -132.684 -38.4861 -150.944 17.9862
-103.3 -103.224 -132.592 -38.4064 -150.846 19.0208
-103.492 -103.978 -132.494 -38.3238 -150.736 20.0531
-103.683 -104.731 -132.391 -38.2384 -150.614 21.0828
-103.874 -105.484 -132.283 -38.1502 -150.482 22.1097
-104.065 -106.236 -132.17 -38.0592 -150.339 23.1335
-104.255 -106.987 -132.052 -37.9655 -150.185 24.1541
-104.445 -107.738 -131.928 -37.8692 -150.02 25.1711
-104.634 -108.487 -131.8 -37.7701 -149.844 26.1845
-104.822 -109.236 -131.667 -37.6685 -149.658 27.1938
-105.01 -109.984 -131.528 -37.5642 -149.46 28.199
-105.198 -110.731 -131.385 -37.4574 -149.253 29.1999
-105.385 -111.477 -131.236 -37.3481 -149.035 30.1961
-105.571 -112.221 -131.083 -37.2364 -148.807 31.1876
-105.757 -112.965 -130.924 -37.1222 -148.568 32.1741
-105.943 -113.707 -130.761 -37.0057 -148.32 33.1554
-106.127 -114.448 -130.593 -36.8868 -148.062 34.1314
-106.311 -115.187 -130.42 -36.7656 -147.794 35.1018
-106.495 -115.926 -130.242 -36.6422 -147.516 36.0664
-106.678 -116.663 -130.059 -36.5166 -147.229 37.0252
-106.86 -117.398 -129.871 -36.3888 -146.933 37.9779
-107.042 -118.132 -129.679 -36.2589 -146.628 38.9244
-107.223 -118.864 -129.482 -36.127 -146.313 39.8645
-107.403 -119.595 -129.28 -35.993 -145.989 40.798
-107.583 -120.324 -129.074 -35.8571 -145.657 41.7248
-107.762 -121.052 -128.863 -35.7193 -145.316 42.6448
-107.94 -121.777 -128.648 -35.5796 -144.967 43.5578
-108.117 -122.501 -128.428 -35.4381 -144.61 44.4637
-108.294 -123.223 -128.203 -35.2948 -144.244 45.3624
-108.47 -123.944 -127.974 -35.1498 -143.871 46.2537
-108.646 -124.662 -127.741 -35.0032 -143.49 47.1375
-108.82 -125.379 -127.503 -34.8549 -143.101 48.0138
-108.994 -126.093 -127.26 -34.7051 -142.705 48.8824
-109.167 -126.806 -127.014 -34.5538 -142.301 49.7431
-109.34 -127.516 -126.763 -34.401 -141.891 50.596
-109.511 -128.225 -126.508 -34.2468 -141.473 51.4409
-109.682 -128.931 -126.249 -34.0912 -141.049 52.2778
-109.852 -129.635 -125.985 -33.9343 -140.619 53.1065
-110.022 -130.337 -125.718 -33.7762 -140.182 53.927
-110.19 -131.037 -125.446 -33.6168 -139.738 54.7393
-110.358 -131.735 -125.17 -33.4563 -139.289 55.5432
-110.525 -132.43 -124.89 -33.2946 -138.834 56.3387
-110.691 -133.123 -124.607 -33.1319 -138.373 57.1258
-110.856 -133.814 -124.319 -32.9682 -137.907 57.9044
-111.02 -134.502 -124.028 -32.8035 -137.435 58.6745
-111.184 -135.188 -123.732 -32.6379 -136.958 59.436
-111.347 -135.872 -123.433 -32.4714 -136.477 60.1888
-111.509 -136.553 -123.131 -32.304 -135.99 60.9331
-111.67 -137.231 -122.824 -32.1359 -135.499 61.6687
-111.83 -137.908 -122.514 -31.967 -135.003 62.3956
-111.99 -138.581 -122.2 -31.7975 -134.503 63.1139
-112.148 -139.253 -121.883 -31.6273 -133.998 63.8234
-112.306 -139.921 -121.562 -31.4564 -133.49 64.5242
-112.463 -140.588 -121.237 -31.285 -132.978 65.2163
-112.619 -141.251 -120.91 -31.1131 -132.462 65.8997
-112.774 -141.912 -120.578 -30.9407 -131.943 66.5744
-112.928 -142.571 -120.244 -30.7678 -131.42 67.2404
-113.081 -143.226 -119.906 -30.5946 -130.894 67.8978
-113.234 -143.88 -119.565 -30.4209 -130.365 68.5464
-113.386 -144.53 -119.221 -30.247 -129.834 69.1864
-113.537 -145.178 -118.873 -30.0727 -129.299 69.8178
-113.686 -145.823 -118.522 -29.8982 -128.762 70.4406
-113.835 -146.466 -118.169 -29.7235 -128.222 71.0548
-113.984 -147.105 -117.812 -29.5486 -127.68 71.6604
-114.131 -147.742 -117.452 -29.3736 -127.136 72.2576
-114.277 -148.377 -117.089 -29.1984 -126.589 72.8463
-114.423 -149.008 -116.724 -29.0232 -126.041 73.4265
-114.568 -149.637 -116.355 -28.8479 -125.491 73.9983
-114.711 -150.263 -115.984 -28.6726 -124.939 74.5618
-114.854 -150.886 -115.609 -28.4973 -124.386 75.117
-114.996 -151.507 -115.232 -28.322 -123.831 75.664
-115.138 -152.125 -114.853 -28.1469 -123.275 76.2027
-115.278 -152.74 -114.47 -27.9718 -122.718 76.7333
-115.417 -153.352 -114.085 -27.7968 -122.16 77.2558
-115.556 -153.961 -113.698 -27.6221 -121.601 77.7703
-115.694 -154.568 -113.308 -27.4474 -121.041 78.2767
-115.83 -155.172 -112.915 -27.2731 -120.48 78.7753
-115.966 -155.773 -112.52 -27.0989 -119.919 79.2659
-116.101 -156.371 -112.122 -26.925 -119.357 79.7488
-116.236 -156.966 -111.723 -26.7514 -118.795 80.2239
-116.369 -157.559 -111.32 -26.578 -118.232 80.6914
-116.501 -158.149 -110.916 -26.405 -117.669 81.1512
-116.633 -158.736 -110.509 -26.2324 -117.106 81.6035
-116.764 -159.32 -110.1 -26.0601 -116.543 82.0484
-116.893 -159.901 -109.688 -25.8882 -115.98 82.4858
-117.022 -160.48 -109.275 -25.7167 -115.417 82.9158
-117.151 -161.055 -108.859 -25.5457 -114.855 83.3386
-117.278 -161.628 -108.441 -25.3751 -114.292 83.7542
-117.404 -162.198 -108.022 -25.2049 -113.731 84.1627
-117.53 -162.765 -107.6 -25.0352 -113.169 84.5641
-117.655 -163.33 -107.176 -24.866 -112.608 84.9586
-117.779 -163.891 -106.75 -24.6974 -112.048 85.3461
-117.902 -164.45 -106.322 -24.5292 -111.488 85.7268
-118.024 -165.006 -105.893 -24.3616 -110.929 86.1007
-118.145 -165.56 -105.461 -24.1945 -110.371 86.4679
-118.266 -166.11 -105.028 -24.0281 -109.814 86.8286
-118.386 -166.658 -104.593 -23.8621 -109.258 87.1826
-118.505 -167.203 -104.156 -23.6968 -108.703 87.5302
-118.623 -167.745 -103.718 -23.5321 -108.149 87.8714
-118.74 -168.284 -103.278 -23.368 -107.596 88.2063
-118.856 -168.821 -102.836 -23.2045 -107.044 88.5349
-118.972 -169.355 -102.392 -23.0416 -106.493 88.8574
-119.087 -169.886 -101.947 -22.8794 -105.944 89.1738
-119.201 -170.414 -101.501 -22.7179 -105.396 89.4841
-119.314 -170.94 -101.052 -22.557 -104.85 89.7885
-119.426 -171.463 -100.603 -22.3968 -104.304 90.087
-119.538 -171.983 -100.151 -22.2372 -103.761 90.3797
-119.649 -172.5 -99.6989 -22.0784 -103.219 90.6666
-119.759 -173.015 -99.2448 -21.9202 -102.678 90.9479
-119.868 -173.527 -98.7894 -21.7628 -102.139 91.2236
-119.976 -174.036 -98.3326 -21.606 -101.602 91.4938
-120.084 -174.543 -97.8745 -21.4499 -101.066 91.7586
-120.191 -175.047 -97.415 -21.2946 -100.532 92.018
-120.297 -175.548 -96.9543 -21.14 -99.9998 92.272
-120.402 -176.047 -96.4923 -20.9861 -99.4693 92.5209
-120.507 -176.543 -96.0291 -20.833 -98.9407 92.7646
-120.61 -177.036 -95.5646 -20.6806 -98.4138 93.0032
-120.713 -177.527 -95.099 -20.5289 -97.8889 93.2367
-120.816 -178.015 -94.6323 -20.378 -97.3658 93.4653
-120.917 -178.501 -94.1644 -20.2278 -96.8446 93.689
-121.018 -178.984 -93.6954 -20.0784 -96.3254 93.9079
-121.118 -179.464 -93.2253 -19.9297 -95.8081 94.122
-121.217 -179.942 -92.7542 -19.7817 -95.2928 94.3315
-121.316 -180.417 -92.282 -19.6346 -94.7795 94.5363
-121.414 -180.89 -91.8088 -19.4882 -94.2683 94.7366
-121.511 -181.36 -91.3346 -19.3425 -93.7591 94.9323
-121.607 -181.827 -90.8595 -19.1976 -93.2519 95.1237
-121.703 -182.292 -90.3834 -19.0535 -92.7468 95.3106
-121.798 -182.755 -89.9064 -18.9101 -92.2438 95.4933
-121.892 -183.215 -89.4285 -18.7675 -91.7429 95.6717
-121.985 -183.672 -88.9497 -18.6257 -91.2442 95.8459
-122.078 -184.127 -88.47 -18.4846 -90.7475 96.016
-122.17 -184.58 -87.9895 -18.3443 -90.2531 96.182
-122.262 -185.03 -87.5082 -18.2048 -89.7607 96.3441
-122.352 -185.477 -87.0261 -18.066 -89.2706 96.5022
-122.442 -185.922 -86.5431 -17.928 -88.7826 96.6564
-122.531 -186.365 -86.0595 -17.7907 -88.2968 96.8067
-122.62 -186.805 -85.5751 -17.6542 -87.8132 96.9533
-122.708 -187.243 -85.09 -17.5185 -87.3318 97.0962
-122.795 -187.679 -84.6041 -17.3835 -86.8525 97.2354
-122.882 -188.112 -84.1176 -17.2493 -86.3756 97.371
-122.968 -188.542 -83.6304 -17.1159 -85.9008 97.503
-123.053 -188.971 -83.1426 -16.9832 -85.4282 97.6316
-123.138 -189.397 -82.6541 -16.8512 -84.9579 97.7567
-123.222 -189.82 -82.165 -16.72 -84.4898 97.8784
-123.305 -190.241 -81.6753 -16.5896 -84.0239 97.9967
-123.387 -190.66 -81.185 -16.4599 -83.5603 98.1118
-123.469 -191.077 -80.6942 -16.3309 -83.0989 98.2236
-123.551 -191.491 -80.2028 -16.2027 -82.6397 98.3322
-123.631 -191.903 -79.7109 -16.0753 -82.1828 98.4377
-123.711 -192.313 -79.2184 -15.9486 -81.7281 98.54
-123.791 -192.721 -78.7255 -15.8226 -81.2757 98.6393
-123.87 -193.126 -78.232 -15.6973 -80.8255 98.7356
-123.948 -193.529 -77.7381 -15.5728 -80.3775 98.829
-124.025 -193.93 -77.2437 -15.449 -79.9317 98.9194
-124.102 -194.328 -76.7489 -15.3259 -79.4882 99.007
-124.179 -194.725 -76.2537 -15.2036 -79.0469 99.0917
-124.254 -195.119 -75.758 -15.082 -78.6078 99.1737
-124.33 -195.511 -75.2619 -14.9611 -78.171 99.2529
-124.404 -195.901 -74.7655 -14.8409 -77.7364 99.3294
-124.478 -196.288 -74.2686 -14.7214 -77.3039 99.4033
-124.551 -196.674 -73.7714 -14.6026 -76.8737 99.4745
-124.624 -197.057 -73.2739 -14.4845 -76.4457 99.5432
-124.696 -197.438 -72.776 -14.3671 -76.0199 99.6094
-124.768 -197.817 -72.2778 -14.2505 -75.5963 99.673
-124.839 -198.194 -71.7793 -14.1345 -75.1749 99.7342
-124.909 -198.569 -71.2805 -14.0192 -74.7557 99.793
-124.979 -198.942 -70.7813 -13.9046 -74.3386 99.8494
-125.048 -199.312 -70.282 -13.7906 -73.9237 99.9035
-125.117 -199.681 -69.7823 -13.6774 -73.511 99.9553
-125.185 -200.047 -69.2824 -13.5648 -73.1004 100.005
-125.252 -200.412 -68.7823 -13.4529 -72.692 100.052
-125.319 -200.774 -68.2819 -13.3416 -72.2857 100.097
-125.386 -201.135 -67.7813 -13.2311 -71.8815 100.14
-125.452 -201.493 -67.2805 -13.1212 -71.4795 100.181
-125.517 -201.849 -66.7795 -13.0119 -71.0796 100.22
-125.582 -202.204 -66.2783 -12.9033 -70.6818 100.256
-125.646 -202.556 -65.7769 -12.7953 -70.2861 100.291
-125.71 -202.907 -65.2754 -12.688 -69.8925 100.323
-125.773 -203.255 -64.7737 -12.5814 -69.501 100.354
-125.836 -203.602 -64.2718 -12.4753 -69.1116 100.383
-125.898 -203.946 -63.7699 -12.3699 -68.7242 100.41
-125.959 -204.289 -63.2678 -12.2651 -68.3389 100.435
-126.02 -204.63 -62.7655 -12.161 -67.9556 100.458
-126.081 -204.969 -62.2632 -12.0575 -67.5744 100.479
-126.141 -205.305 -61.7607 -11.9546 -67.1952 100.498
-126.2 -205.64 -61.2582 -11.8523 -66.8181 100.516
-126.259 -205.974 -60.7556 -11.7506 -66.4429 100.532
-126.318 -206.305 -60.2529 -11.6495 -66.0698 100.547
-126.376 -206.634 -59.7501 -11.549 -65.6986 100.559
-126.433 -206.962 -59.2473 -11.4491 -65.3295 100.57
-126.49 -207.288 -58.7444 -11.3499 -64.9623 100.58
-126.547 -207.612 -58.2415 -11.2512 -64.5971 100.587
-126.603 -207.934 -57.7385 -11.153 -64.2338 100.594
-126.658 -208.254 -57.2355 -11.0555 -63.8725 100.598
-126.713 -208.572 -56.7325 -10.9586 -63.5131 100.602
-126.768 -208.889 -56.2295 -10.8622 -63.1556 100.603
-126.822 -209.204 -55.7265 -10.7664 -62.8001 100.603
-126.876 -209.517 -55.2235 -10.6711 -62.4464 100.602
-126.929 -209.828 -54.7205 -10.5765 -62.0947 100.6
-126.981 -210.138 -54.2175 -10.4824 -61.7448 100.596
-127.034 -210.446 -53.7145 -10.3888 -61.3968 100.59
-127.085 -210.752 -53.2116 -10.2958 -61.0507 100.583
-127.137 -211.056 -52.7087 -10.2033 -60.7064 100.575
-127.187 -211.359 -52.2058 -10.1114 -60.3639 100.566
-127.238 -211.66 -51.703 -10.02 -60.0233 100.555
-127.288 -211.959 -51.2003 -9.92918 -59.6846 100.543
-127.337 -212.257 -50.6976 -9.83887 -59.3476 100.53
-127.386 -212.553 -50.195 -9.74909 -59.0124 100.516
-127.434 -212.847 -49.6924 -9.65983 -58.6791 100.5
-127.483 -213.139 -49.19 -9.57109 -58.3475 100.483
-127.53 -213.43 -48.6876 -9.48288 -58.0176 100.465
-127.577 -213.72 -48.1853 -9.39517 -57.6896 100.446
-127.624 -214.007 -47.6832 -9.30798 -57.3633 100.426
-127.67 -214.293 -47.1811 -9.22129 -57.0387 100.404
-127.716 -214.578 -46.6791 -9.1351 -56.7158 100.382
-127.762 -214.86 -46.1773 -9.04941 -56.3947 100.358
-127.807 -215.142 -45.6755 -8.96422 -56.0753 100.333
-127.851 -215.421 -45.1739 -8.87952 -55.7576 100.308
-127.896 -215.699 -44.6725 -8.79531 -55.4416 100.281
-127.939 -215.976 -44.1711 -8.71158 -55.1272 100.253
-127.983 -216.25 -43.6699 -8.62834 -54.8145 100.225
-128.026 -216.524 -43.1689 -8.54557 -54.5035 100.195
-128.068 -216.795 -42.668 -8.46328 -54.1941 100.164
-128.11 -217.066 -42.1672 -8.38146 -53.8863 100.133
-128.152 -217.334 -41.6666 -8.3001 -53.5802 100.1
-128.193 -217.601 -41.1662 -8.21921 -53.2757 100.067
-128.234 -217.867 -40.666 -8.13878 -52.9728 100.033
-128.275 -218.131 -40.1659 -8.05881 -52.6715 99.9975
-128.315 -218.394 -39.666 -7.97929 -52.3718 99.9614
-128.354 -218.655 -39.1663 -7.90022 -52.0737 99.9245
-128.394 -218.915 -38.6668 -7.82159 -51.7771 99.8868
-128.433 -219.173 -38.1674 -7.74342 -51.4821 99.8482
-128.471 -219.429 -37.6683 -7.66568 -51.1886 99.8088
-128.509 -219.685 -37.1693 -7.58838 -50.8967 99.7686
-128.547 -219.938 -36.6706 -7.51151 -50.6063 99.7277
-128.584 -220.191 -36.1721 -7.43508 -50.3174 99.6859
-128.621 -220.442 -35.6737 -7.35907 -50.03 99.6434
-128.658 -220.691 -35.1756 -7.28349 -49.7441 99.6002
-128.694 -220.939 -34.6777 -7.20833 -49.4597 99.5562
-128.73 -221.186 -34.1801 -7.13358 -49.1768 99.5115
-128.766 -221.431 -33.6826 -7.05925 -48.8954 99.4661
-128.801 -221.674 -33.1854 -6.98534 -48.6154 99.4199
-128.835 -221.917 -32.6884 -6.91183 -48.3369 99.3731
-128.87 -222.158 -32.1917 -6.83873 -48.0598 99.3257
-128.904 -222.397 -31.6952 -6.76603 -47.7841 99.2775
-128.937 -222.636 -31.1989 -6.69373 -47.5099 99.2287
-128.971 -222.873 -30.7029 -6.62183 -47.237 99.1793
-129.004 -223.108 -30.2071 -6.55033 -46.9656 99.1292
-129.036 -223.342 -29.7116 -6.47921 -46.6956 99.0785
-129.069 -223.575 -29.2163 -6.40848 -46.427 99.0272
-129.1 -223.806 -28.7213 -6.33814 -46.1597 98.9753
-129.132 -224.037 -28.2266 -6.26818 -45.8938 98.9229
-129.163 -224.265 -27.7321 -6.1986 -45.6293 98.8698
-129.194 -224.493 -27.2379 -6.1294 -45.3661 98.8162
-129.224 -224.719 -26.7439 -6.06057 -45.1042 98.762
-129.254 -224.944 -26.2502 -5.99211 -44.8437 98.7072
-129.284 -225.168 -25.7568 -5.92402 -44.5845 98.6519
-129.314 -225.39 -25.2637 -5.8563 -44.3267 98.5961
-129.343 -225.611 -24.7709 -5.78893 -44.0701 98.5397
-129.372 -225.831 -24.2783 -5.72193 -43.8148 98.4829
-129.4 -226.049 -23.7861 -5.65529 -43.5608 98.4255
-129.428 -226.266 -23.2941 -5.589 -43.3081 98.3676
