-75 100 100 0 0 -49
-75.0001 99.9999 99.7549 -0.0420741 -0.0482348 -49.048
-75.0004 99.9995 99.5095 -0.0841585 -0.0965651 -49.096
-75.0009 99.9989 99.2639 -0.126254 -0.144991 -49.144
-75.0017 99.9981 99.0181 -0.168361 -0.193513 -49.192
-75.0026 99.997 98.772 -0.21048 -0.242131 -49.2401
-75.0038 99.9956 98.5257 -0.252613 -0.290846 -49.2883
-75.0052 99.9941 98.2791 -0.294759 -0.339658 -49.3364
-75.0067 99.9922 98.0323 -0.33692 -0.388567 -49.3846
-75.0085 99.9902 97.7853 -0.379096 -0.437574 -49.4328
-75.0105 99.9879 97.538 -0.421289 -0.486678 -49.4811
-75.0127 99.9853 97.2905 -0.463498 -0.535881 -49.5294
-75.0152 99.9825 97.0427 -0.505725 -0.585182 -49.5777
-75.0178 99.9795 96.7947 -0.54797 -0.634581 -49.626
-75.0206 99.9762 96.5464 -0.590234 -0.68408 -49.6744
-75.0237 99.9726 96.2979 -0.632517 -0.733678 -49.7228
-75.027 99.9688 96.0492 -0.674822 -0.783376 -49.7713
-75.0304 99.9648 95.8002 -0.717147 -0.833174 -49.8197
-75.0341 99.9605 95.551 -0.759495 -0.883072 -49.8682
-75.038 99.956 95.3015 -0.801865 -0.933071 -49.9168
-75.0422 99.9512 95.0518 -0.844258 -0.98317 -49.9654
-75.0465 99.9461 94.8019 -0.886676 -1.03337 -50.014
-75.051 99.9408 94.5517 -0.929119 -1.08367 -50.0626
-75.0558 99.9353 94.3013 -0.971588 -1.13408 -50.1113
-75.0607 99.9295 94.0506 -1.01408 -1.18459 -50.16
-75.0659 99.9234 93.7997 -1.05661 -1.23519 -50.2087
-75.0713 99.9171 93.5485 -1.09916 -1.28591 -50.2575
-75.0769 99.9106 93.2971 -1.14173 -1.33672 -50.3063
-75.0827 99.9038 93.0454 -1.18434 -1.38764 -50.3551
-75.0888 99.8967 92.7935 -1.22698 -1.43866 -50.404
-75.095 99.8894 92.5414 -1.26965 -1.48979 -50.4528
-75.1014 99.8818 92.289 -1.31235 -1.54102 -50.5018
-75.1081 99.874 92.0364 -1.35509 -1.59236 -50.5507
-75.115 99.8659 91.7835 -1.39785 -1.6438 -50.5997
-75.1221 99.8575 91.5304 -1.44066 -1.69535 -50.6487
-75.1294 99.8489 91.277 -1.48349 -1.747 -50.6978
-75.1369 99.8401 91.0234 -1.52636 -1.79876 -50.7469
-75.1447 99.8309 90.7695 -1.56927 -1.85063 -50.796
-75.1526 99.8216 90.5154 -1.61222 -1.9026 -50.8452
-75.1608 99.8119 90.2611 -1.6552 -1.95468 -50.8943
-75.1692 99.802 90.0065 -1.69822 -2.00687 -50.9436
-75.1778 99.7919 89.7516 -1.74129 -2.05917 -50.9928
-75.1866 99.7814 89.4966 -1.78439 -2.11157 -51.0421
-75.1956 99.7707 89.2412 -1.82753 -2.16409 -51.0914
-75.2049 99.7598 88.9856 -1.87072 -2.21671 -51.1407
-75.2143 99.7486 88.7298 -1.91395 -2.26944 -51.1901
-75.224 99.7371 88.4737 -1.95722 -2.32229 -51.2395
-75.2339 99.7253 88.2174 -2.00053 -2.37524 -51.289
-75.244 99.7133 87.9608 -2.0439 -2.4283 -51.3384
-75.2543 99.7011 87.704 -2.0873 -2.48148 -51.388
-75.2649 99.6885 87.447 -2.13076 -2.53476 -51.4375
-75.2756 99.6757 87.1897 -2.17426 -2.58816 -51.4871
-75.2866 99.6626 86.9321 -2.21781 -2.64167 -51.5367
-75.2978 99.6493 86.6743 -2.26141 -2.69529 -51.5863
-75.3092 99.6357 86.4162 -2.30506 -2.74903 -51.636
-75.3209 99.6218 86.1579 -2.34876 -2.80287 -51.6857
-75.3327 99.6077 85.8994 -2.39252 -2.85684 -51.7354
-75.3448 99.5932 85.6406 -2.43632 -2.91091 -51.7851
-75.3571 99.5786 85.3815 -2.48018 -2.9651 -51.8349
-75.3696 99.5636 85.1222 -2.5241 -3.01941 -51.8848
-75.3823 99.5484 84.8627 -2.56807 -3.07383 -51.9346
-75.3953 99.5329 84.6029 -2.61209 -3.12836 -51.9845
-75.4085 99.5171 84.3428 -2.65618 -3.18302 -52.0344
-75.4218 99.501 84.0825 -2.70032 -3.23778 -52.0844
-75.4355 99.4847 83.822 -2.74452 -3.29267 -52.1344
-75.4493 99.4681 83.5612 -2.78878 -3.34767 -52.1844
-75.4633 99.4512 83.3001 -2.8331 -3.40279 -52.2344
-75.4776 99.4341 83.0388 -2.87748 -3.45803 -52.2845
-75.4921 99.4166 82.7773 -2.92192 -3.51339 -52.3346
-75.5068 99.3989 82.5155 -2.96643 -3.56886 -52.3848
-75.5218 99.381 82.2534 -3.011 -3.62446 -52.435
-75.5369 99.3627 81.9911 -3.05564 -3.68017 -52.4852
-75.5523 99.3441 81.7286 -3.10034 -3.73601 -52.5354
-75.568 99.3253 81.4658 -3.14512 -3.79196 -52.5857
-75.5838 99.3062 81.2027 -3.18995 -3.84804 -52.636
-75.5999 99.2868 80.9394 -3.23486 -3.90424 -52.6863
-75.6161 99.2672 80.6759 -3.27984 -3.96056 -52.7367
-75.6326 99.2472 80.4121 -3.32489 -4.017 -52.7871
-75.6494 99.227 80.148 -3.37001 -4.07356 -52.8375
-75.6663 99.2065 79.8837 -3.4152 -4.13025 -52.888
-75.6835 99.1857 79.6191 -3.46047 -4.18706 -52.9385
-75.701 99.1646 79.3543 -3.50581 -4.244 -52.989
-75.7186 99.1433 79.0892 -3.55123 -4.30106 -53.0396
-75.7365 99.1216 78.8239 -3.59673 -4.35824 -53.0902
-75.7546 99.0997 78.5583 -3.6423 -4.41555 -53.1408
-75.7729 99.0775 78.2925 -3.68795 -4.47299 -53.1914
-75.7914 99.055 78.0264 -3.73369 -4.53055 -53.2421
-75.8102 99.0322 77.7601 -3.7795 -4.58824 -53.2928
-75.8292 99.0091 77.4935 -3.8254 -4.64606 -53.3436
-75.8485 98.9857 77.2266 -3.87137 -4.704 -53.3944
-75.868 98.962 76.9595 -3.91744 -4.76207 -53.4452
-75.8877 98.9381 76.6922 -3.96359 -4.82027 -53.496
-75.9076 98.9138 76.4246 -4.00982 -4.8786 -53.5469
-75.9278 98.8893 76.1567 -4.05614 -4.93706 -53.5978
-75.9482 98.8645 75.8886 -4.10255 -4.99565 -53.6487
-75.9688 98.8393 75.6202 -4.14906 -5.05437 -53.6997
-75.9896 98.8139 75.3516 -4.19565 -5.11322 -53.7507
-76.0107 98.7882 75.0827 -4.24233 -5.1722 -53.8017
-76.0321 98.7622 74.8136 -4.28911 -5.23132 -53.8528
-76.0536 98.7359 74.5442 -4.33598 -5.29056 -53.9039
-76.0754 98.7093 74.2745 -4.38295 -5.34994 -53.955
-76.0975 98.6824 74.0046 -4.43001 -5.40945 -54.0061
-76.1197 98.6552 73.7345 -4.47717 -5.4691 -54.0573
-76.1422 98.6277 73.4641 -4.52443 -5.52888 -54.1085
-76.165 98.5999 73.1934 -4.57179 -5.5888 -54.1598
-76.1879 98.5718 72.9225 -4.61925 -5.64885 -54.2111
-76.2112 98.5434 72.6513 -4.66682 -5.70903 -54.2624
-76.2346 98.5147 72.3798 -4.71449 -5.76936 -54.3137
-76.2583 98.4857 72.1081 -4.76226 -5.82982 -54.3651
-76.2822 98.4564 71.8362 -4.81014 -5.89041 -54.4165
-76.3064 98.4268 71.564 -4.85813 -5.95115 -54.4679
-76.3308 98.3969 71.2915 -4.90622 -6.01202 -54.5194
-76.3555 98.3667 71.0188 -4.95443 -6.07304 -54.5709
-76.3804 98.3362 70.7458 -5.00275 -6.13419 -54.6224
-76.4055 98.3054 70.4725 -5.05118 -6.19548 -54.674
-76.4309 98.2742 70.199 -5.09973 -6.25692 -54.7255
-76.4565 98.2428 69.9253 -5.14839 -6.31849 -54.7772
-76.4824 98.211 69.6513 -5.19717 -6.38021 -54.8288
-76.5085 98.179 69.377 -5.24607 -6.44206 -54.8805
-76.5348 98.1466 69.1025 -5.29509 -6.50406 -54.9322
-76.5614 98.1139 68.8277 -5.34423 -6.56621 -54.9839
-76.5883 98.081 68.5526 -5.39349 -6.6285 -55.0357
-76.6154 98.0477 68.2773 -5.44287 -6.69093 -55.0875
-76.6427 98.0141 68.0017 -5.49239 -6.75351 -55.1393
-76.6703 97.9801 67.7259 -5.54203 -6.81623 -55.1912
-76.6981 97.9459 67.4498 -5.59179 -6.8791 -55.2431
-76.7262 97.9113 67.1735 -5.64169 -6.94211 -55.295
-76.7545 97.8765 66.8969 -5.69172 -7.00527 -55.3469
-76.7831 97.8413 66.62 -5.74188 -7.06859 -55.3989
-76.8119 97.8058 66.3429 -5.79218 -7.13204 -55.4509
-76.841 97.77 66.0655 -5.84262 -7.19565 -55.503
-76.8704 97.7338 65.7879 -5.89319 -7.25941 -55.555
-76.9 97.6974 65.51 -5.9439 -7.32332 -55.6071
-76.9298 97.6606 65.2318 -5.99475 -7.38737 -55.6592
-76.9599 97.6235 64.9534 -6.04575 -7.45158 -55.7114
-76.9903 97.5861 64.6747 -6.09689 -7.51594 -55.7636
-77.0209 97.5483 64.3957 -6.14818 -7.58046 -55.8158
-77.0518 97.5103 64.1165 -6.19961 -7.64512 -55.868
-77.0829 97.4719 63.837 -6.2512 -7.70994 -55.9203
-77.1143 97.4332 63.5573 -6.30294 -7.77492 -55.9726
-77.1459 97.3941 63.2773 -6.35483 -7.84004 -56.0249
-77.1778 97.3548 62.9971 -6.40687 -7.90533 -56.0773
-77.21 97.3151 62.7165 -6.45908 -7.97077 -56.1297
-77.2424 97.2751 62.4358 -6.51144 -8.03637 -56.1821
-77.2751 97.2347 62.1547 -6.56396 -8.10212 -56.2346
-77.308 97.194 61.8734 -6.61665 -8.16803 -56.287
-77.3413 97.153 61.5918 -6.6695 -8.2341 -56.3395
-77.3747 97.1117 61.31 -6.72251 -8.30033 -56.3921
-77.4085 97.07 61.0279 -6.7757 -8.36672 -56.4446
-77.4425 97.028 60.7456 -6.82906 -8.43327 -56.4972
-77.4768 96.9857 60.463 -6.88259 -8.49999 -56.5498
-77.5113 96.943 60.1801 -6.93629 -8.56686 -56.6025
-77.5461 96.9 59.8969 -6.99017 -8.6339 -56.6551
-77.5812 96.8567 59.6135 -7.04423 -8.70109 -56.7078
-77.6166 96.813 59.3298 -7.09847 -8.76846 -56.7606
-77.6522 96.769 59.0459 -7.15289 -8.83598 -56.8133
-77.6881 96.7247 58.7617 -7.2075 -8.90368 -56.8661
-77.7243 96.68 58.4772 -7.2623 -8.97153 -56.9189
-77.7607 96.6349 58.1925 -7.31729 -9.03956 -56.9718
-77.7975 96.5896 57.9075 -7.37247 -9.10775 -57.0246
-77.8345 96.5439 57.6223 -7.42784 -9.17611 -57.0775
-77.8717 96.4978 57.3367 -7.48341 -9.24464 -57.1304
-77.9093 96.4514 57.051 -7.53918 -9.31333 -57.1834
-77.9471 96.4047 56.7649 -7.59516 -9.3822 -57.2364
-77.9852 96.3576 56.4786 -7.65133 -9.45124 -57.2894
-78.0236 96.3102 56.192 -7.70772 -9.52044 -57.3424
-78.0623 96.2624 55.9052 -7.76431 -9.58982 -57.3955
-78.1013 96.2143 55.6181 -7.82112 -9.65938 -57.4485
-78.1405 96.1658 55.3307 -7.87814 -9.7291 -57.5016
-78.1801 96.117 55.043 -7.93538 -9.799 -57.5548
-78.2199 96.0678 54.7551 -7.99283 -9.86908 -57.6079
-78.26 96.0183 54.467 -8.05051 -9.93933 -57.6611
-78.3004 95.9684 54.1785 -8.10842 -10.0098 -57.7143
-78.3411 95.9182 53.8898 -8.16655 -10.0804 -57.7676
-78.3821 95.8676 53.6008 -8.22492 -10.1511 -57.8208
-78.4233 95.8167 53.3116 -8.28352 -10.2221 -57.8741
-78.4649 95.7654 53.0221 -8.34236 -10.2932 -57.9274
-78.5068 95.7137 52.7323 -8.40144 -10.3646 -57.9808
-78.5489 95.6617 52.4423 -8.46076 -10.4361 -58.0341
-78.5914 95.6094 52.152 -8.52033 -10.5077 -58.0875
-78.6341 95.5567 51.8614 -8.58014 -10.5796 -58.141
-78.6772 95.5036 51.5706 -8.64021 -10.6516 -58.1944
-78.7205 95.4502 51.2795 -8.70054 -10.7239 -58.2479
-78.7642 95.3963 50.9881 -8.76112 -10.7963 -58.3013
-78.8081 95.3422 50.6965 -8.82197 -10.8689 -58.3549
-78.8524 95.2877 50.4045 -8.88309 -10.9417 -58.4084
-78.897 95.2328 50.1124 -8.94447 -11.0146 -58.4619
-78.9418 95.1775 49.8199 -9.00613 -11.0878 -58.5155
-78.987 95.1219 49.5272 -9.06807 -11.1611 -58.5691
-79.0325 95.0659 49.2342 -9.13028 -11.2347 -58.6228
-79.0783 95.0095 48.941 -9.19278 -11.3084 -58.6764
-79.1244 94.9528 48.6475 -9.25557 -11.3823 -58.7301
-79.1709 94.8957 48.3537 -9.31865 -11.4564 -58.7838
-79.2176 94.8383 48.0596 -9.38203 -11.5307 -58.8375
-79.2647 94.7804 47.7653 -9.4457 -11.6052 -58.8913
-79.3121 94.7222 47.4707 -9.50969 -11.6799 -58.945
-79.3598 94.6636 47.1758 -9.57397 -11.7548 -58.9988
-79.4078 94.6047 46.8807 -9.63858 -11.8299 -59.0526
-79.4562 94.5453 46.5853 -9.7035 -11.9052 -59.1065
-79.5049 94.4856 46.2897 -9.76874 -11.9806 -59.1603
-79.5539 94.4255 45.9937 -9.8343 -12.0563 -59.2142
-79.6032 94.365 45.6975 -9.9002 -12.1322 -59.2681
-79.6529 94.3042 45.401 -9.96643 -12.2082 -59.322
-79.7029 94.243 45.1043 -10.033 -12.2845 -59.3759
-79.7532 94.1813 44.8073 -10.0999 -12.361 -59.4299
-79.8039 94.1193 44.51 -10.1672 -12.4377 -59.4839
-79.8549 94.057 44.2124 -10.2348 -12.5145 -59.5379
-79.9062 93.9942 43.9146 -10.3028 -12.5916 -59.5919
-79.9579 93.931 43.6165 -10.3711 -12.6689 -59.6459
-80.0099 93.8675 43.3181 -10.4398 -12.7464 -59.7
-80.0623 93.8036 43.0195 -10.5089 -12.8241 -59.7541
-80.115 93.7393 42.7206 -10.5784 -12.902 -59.8081
-80.1681 93.6746 42.4214 -10.6483 -12.9801 -59.8623
-80.2215 93.6095 42.122 -10.7185 -13.0585 -59.9164
-80.2753 93.544 41.8223 -10.7892 -13.137 -59.9705
-80.3294 93.4781 41.5223 -10.8602 -13.2157 -60.0247
-80.3839 93.4118 41.222 -10.9317 -13.2947 -60.0789
-80.4387 93.3451 40.9215 -11.0036 -13.3739 -60.1331
-80.4939 93.2781 40.6207 -11.0759 -13.4533 -60.1873
-80.5495 93.2106 40.3196 -11.1486 -13.5329 -60.2415
-80.6054 93.1427 40.0183 -11.2218 -13.6127 -60.2958
-80.6617 93.0745 39.7166 -11.2954 -13.6927 -60.3501
-80.7183 93.0058 39.4148 -11.3695 -13.773 -60.4043
-80.7754 92.9368 39.1126 -11.444 -13.8534 -60.4586
-80.8328 92.8673 38.8102 -11.519 -13.9341 -60.5129
-80.8906 92.7974 38.5075 -11.5944 -14.015 -60.5673
-80.9487 92.7271 38.2045 -11.6704 -14.0962 -60.6216
-81.0073 92.6565 37.9012 -11.7468 -14.1775 -60.676
-81.0662 92.5854 37.5977 -11.8237 -14.2591 -60.7303
-81.1255 92.5139 37.2939 -11.9011 -14.3409 -60.7847
-81.1852 92.4419 36.9899 -11.9791 -14.4229 -60.8391
-81.2453 92.3696 36.6855 -12.0575 -14.5052 -60.8935
-81.3058 92.2969 36.3809 -12.1365 -14.5877 -60.9479
-81.3667 92.2238 36.0761 -12.2161 -14.6704 -61.0024
-81.4279 92.1502 35.7709 -12.2961 -14.7533 -61.0568
-81.4896 92.0762 35.4655 -12.3768 -14.8365 -61.1113
-81.5517 92.0018 35.1598 -12.458 -14.9199 -61.1657
-81.6142 91.927 34.8538 -12.5397 -15.0035 -61.2202
-81.6771 91.8518 34.5476 -12.6221 -15.0874 -61.2747
-81.7404 91.7761 34.2411 -12.705 -15.1715 -61.3292
-81.8042 91.7001 33.9343 -12.7886 -15.2558 -61.3837
-81.8683 91.6236 33.6272 -12.8728 -15.3404 -61.4382
-81.9329 91.5467 33.3199 -12.9576 -15.4252 -61.4927
-81.9979 91.4693 33.0123 -13.043 -15.5102 -61.5472
-82.0633 91.3916 32.7044 -13.1291 -15.5955 -61.6018
-82.1292 91.3134 32.3963 -13.2159 -15.681 -61.6563
-82.1955 91.2348 32.0879 -13.3033 -15.7668 -61.7109
-82.2622 91.1557 31.7792 -13.3914 -15.8528 -61.7654
-82.3294 91.0762 31.4702 -13.4803 -15.939 -61.82
-82.397 90.9963 31.161 -13.5698 -16.0255 -61.8745
-82.4651 90.916 30.8515 -13.6601 -16.1123 -61.9291
-82.5336 90.8352 30.5417 -13.7511 -16.1993 -61.9837
-82.6026 90.754 30.2316 -13.8429 -16.2865 -62.0382
-82.672 90.6723 29.9213 -13.9354 -16.374 -62.0928
-82.742 90.5902 29.6107 -14.0287 -16.4617 -62.1474
-82.8123 90.5077 29.2998 -14.1229 -16.5497 -62.202
-82.8832 90.4247 28.9887 -14.2178 -16.6379 -62.2565
-82.9545 90.3413 28.6772 -14.3136 -16.7264 -62.3111
-83.0263 90.2575 28.3655 -14.4102 -16.8152 -62.3657
-83.0986 90.1732 28.0536 -14.5077 -16.9041 -62.4203
-83.1714 90.0884 27.7413 -14.6061 -16.9934 -62.4748
-83.2447 90.0032 27.4288 -14.7054 -17.0829 -62.5294
-83.3185 89.9176 27.116 -14.8056 -17.1727 -62.584
-83.3927 89.8315 26.803 -14.9068 -17.2627 -62.6385
-83.4675 89.745 26.4896 -15.0089 -17.353 -62.6931
-83.5428 89.658 26.176 -15.112 -17.4435 -62.7476
-83.6186 89.5705 25.8622 -15.2162 -17.5343 -62.8021
-83.695 89.4826 25.548 -15.3213 -17.6254 -62.8567
-83.7719 89.3943 25.2336 -15.4275 -17.7167 -62.9112
-83.8493 89.3055 24.9189 -15.5348 -17.8083 -62.9657
-83.9272 89.2162 24.6039 -15.6432 -17.9001 -63.0202
-84.0057 89.1265 24.2887 -15.7527 -17.9923 -63.0747
-84.0847 89.0363 23.9732 -15.8634 -18.0847 -63.1292
-84.1643 88.9456 23.6574 -15.9752 -18.1773 -63.1836
-84.2445 88.8545 23.3413 -16.0883 -18.2703 -63.2381
-84.3252 88.7629 23.025 -16.2026 -18.3635 -63.2925
-84.4065 88.6709 22.7084 -16.3181 -18.4569 -63.3469
-84.4884 88.5783 22.3915 -16.435 -18.5507 -63.4013
-84.5709 88.4854 22.0744 -16.5532 -18.6447 -63.4557
-84.6539 88.3919 21.757 -16.6727 -18.739 -63.5101
-84.7376 88.298 21.4393 -16.7937 -18.8336 -63.5644
-84.8219 88.2036 21.1213 -16.9161 -18.9284 -63.6187
-84.9068 88.1087 20.8031 -17.0399 -19.0235 -63.673
-84.9923 88.0133 20.4846 -17.1653 -19.1189 -63.7273
-85.0784 87.9175 20.1658 -17.2922 -19.2146 -63.7815
-85.1652 87.8212 19.8468 -17.4207 -19.3105 -63.8357
-85.2526 87.7244 19.5274 -17.5508 -19.4068 -63.8899
-85.3407 87.6271 19.2079 -17.6826 -19.5033 -63.9441
-85.4294 87.5293 18.888 -17.8161 -19.6001 -63.9982
-85.5189 87.4311 18.5679 -17.9514 -19.6972 -64.0523
-85.609 87.3324 18.2475 -18.0885 -19.7945 -64.1063
-85.6997 87.2331 17.9268 -18.2275 -19.8922 -64.1603
-85.7912 87.1334 17.6059 -18.3685 -19.9901 -64.2143
-85.8834 87.0332 17.2846 -18.5114 -20.0883 -64.2682
-85.9763 86.9326 16.9632 -18.6563 -20.1868 -64.3221
-86.07 86.8314 16.6414 -18.8034 -20.2856 -64.3759
-86.1644 86.7297 16.3194 -18.9526 -20.3846 -64.4297
-86.2595 86.6275 15.9971 -19.1041 -20.484 -64.4834
-86.3554 86.5249 15.6746 -19.2579 -20.5836 -64.5371
-86.4521 86.4217 15.3517 -19.4141 -20.6836 -64.5907
-86.5496 86.318 15.0286 -19.5727 -20.7838 -64.6443
-86.6478 86.2138 14.7053 -19.7338 -20.8843 -64.6978
-86.7469 86.1092 14.3816 -19.8976 -20.985 -64.7512
-86.8468 86.004 14.0578 -20.0641 -21.0861 -64.8046
-86.9475 85.8983 13.7336 -20.2334 -21.1875 -64.8579
-87.0491 85.7921 13.4092 -20.4057 -21.2891 -64.9111
-87.1516 85.6854 13.0845 -20.5809 -21.391 -64.9643
-87.255 85.5782 12.7595 -20.7592 -21.4932 -65.0173
-87.3592 85.4705 12.4343 -20.9408 -21.5957 -65.0703
-87.4644 85.3622 12.1088 -21.1257 -21.6985 -65.1232
-87.5705 85.2535 11.783 -21.3141 -21.8015 -65.176
-87.6775 85.1442 11.457 -21.5061 -21.9048 -65.2287
-87.7855 85.0344 11.1307 -21.7018 -22.0084 -65.2812
-87.8945 84.9241 10.8042 -21.9014 -22.1123 -65.3337
-88.0045 84.8133 10.4774 -22.1051 -22.2164 -65.3861
-88.1156 84.702 10.1503 -22.313 -22.3209 -65.4383
-88.2277 84.5901 9.82299 -22.5253 -22.4256 -65.4904
-88.3408 84.4777 9.4954 -22.7422 -22.5305 -65.5423
-88.4551 84.3648 9.16755 -22.9639 -22.6357 -65.5941
-88.5705 84.2513 8.83944 -23.1905 -22.7412 -65.6458
-88.687 84.1374 8.51107 -23.4224 -22.8469 -65.6973
-88.8047 84.0229 8.18245 -23.6597 -22.9529 -65.7486
-88.9236 83.9078 7.85357 -23.9028 -23.0592 -65.7998
-89.0437 83.7923 7.52443 -24.1518 -23.1657 -65.8507
-89.1651 83.6762 7.19504 -24.4071 -23.2724 -65.9015
-89.2878 83.5595 6.86539 -24.669 -23.3793 -65.952
-89.4118 83.4424 6.53549 -24.9378 -23.4865 -66.0023
-89.5372 83.3247 6.20535 -25.2139 -23.5939 -66.0524
-89.664 83.2064 5.87495 -25.4977 -23.7015 -66.1022
-89.7922 83.0876 5.5443 -25.7895 -23.8093 -66.1517
-89.9218 82.9683 5.2134 -26.09 -23.9173 -66.201
-90.0531 82.8484 4.88226 -26.3994 -24.0255 -66.2499
-90.1858 82.728 4.55088 -26.7185 -24.1338 -66.2985
-90.3203 82.6071 4.21925 -27.0477 -24.2423 -66.3467
-90.4563 82.4856 3.88738 -27.3877 -24.3509 -66.3946
-90.5941 82.3636 3.55527 -27.7391 -24.4597 -66.442
-90.7337 82.241 3.22292 -28.1028 -24.5685 -66.489
-90.8752 82.1179 2.89034 -28.4796 -24.6775 -66.5355
-91.0185 81.9942 2.55753 -28.8703 -24.7865 -66.5815
-91.1639 81.87 2.22448 -29.2759 -24.8955 -66.6269
-91.3113 81.7452 1.89121 -29.6976 -25.0045 -66.6717
-91.4609 81.6199 1.55772 -30.1367 -25.1135 -66.7159
-91.6127 81.4941 1.224 -30.5944 -25.2224 -66.7593
-91.7668 81.3677 0.890073 -31.0723 -25.3312 -66.8019
-91.9234 81.2408 0.555929 -31.5721 -25.4398 -66.8436
-92.0825 81.1133 0.221576 -32.0958 -25.5481 -66.8844
-92.2444 80.9852 -0.11298 -32.6455 -25.6562 -66.9241
-92.409 80.8567 -0.447735 -33.2237 -25.7639 -66.9626
-92.5766 80.7276 -0.782682 -33.8334 -25.871 -66.9997
-92.7473 80.5979 -1.11781 -34.4777 -25.9776 -67.0353
-92.9214 80.4678 -1.45313 -35.1604 -26.0835 -67.0692
-93.099 80.3371 -1.78861 -35.886 -26.1885 -67.1012
-93.2803 80.2058 -2.12425 -36.6597 -26.2924 -67.131
-93.4656 80.0741 -2.46004 -37.4875 -26.3951 -67.1581
-93.6552 79.9418 -2.79596 -38.3768 -26.4961 -67.1823
-93.8494 79.8091 -3.13201 -39.3363 -26.5952 -67.2031
-94.0486 79.6758 -3.46816 -40.3769 -26.6919 -67.2196
-94.2532 79.5421 -3.80439 -41.5117 -26.7857 -67.2312
-94.4637 79.4079 -4.14069 -42.7574 -26.8759 -67.2367
-94.6808 79.2732 -4.47701 -44.1352 -26.9614 -67.2347
-94.9051 79.1381 -4.81333 -45.6725 -27.041 -67.2233
-95.1376 79.0027 -5.1496 -47.4057 -27.1128 -67.1997
-95.3793 78.8668 -5.48575 -49.3847 -27.1743 -67.1601
-95.6316 78.7307 -5.82172 -51.6795 -27.2215 -67.0984
-95.8962 78.5944 -6.1574 -54.3929 -27.2484 -67.0054
-96.1757 78.4579 -6.49264 -57.6836 -27.2448 -66.8652
-96.4733 78.3214 -6.82723 -61.8137 -27.1919 -66.6484
-96.7943 78.1853 -7.16082 -67.2575 -27.0517 -66.2933
-97.1467 78.0498 -7.49284 -75.0004 -26.7301 -65.6433
-97.5457 77.916 -7.8221 -87.6058 -25.9129 -64.1506
-98.0267 77.7861 -8.14562 -115.578 -22.567 -58.0304
-98.7235 77.6706 -8.45136 -157.134 72.7682 140.359
-99.7988 77.0062 -10.8756 -214.291 -132.508 -483.255
-100.865 76.3459 -13.2817 -212.935 -132.021 -480.798
-101.928 75.686 -15.6833 -212.564 -131.983 -480.153
-102.99 75.026 -18.0831 -212.384 -132.038 -479.872
-104.052 74.3657 -20.482 -212.275 -132.131 -479.728
-105.113 73.7047 -22.8804 -212.199 -132.243 -479.648
-106.174 73.0432 -25.2785 -212.142 -132.367 -479.606
-107.234 72.3811 -27.6764 -212.095 -132.499 -479.585
-108.295 71.7182 -30.0743 -212.056 -132.638 -479.579
-109.355 71.0547 -32.4722 -212.021 -132.783 -479.582
-110.415 70.3904 -34.8701 -211.989 -132.932 -479.592
-111.475 69.7254 -37.2681 -211.958 -133.085 -479.606
-112.534 69.0596 -39.6662 -211.929 -133.242 -479.623
-113.594 68.393 -42.0644 -211.9 -133.402 -479.641
-114.653 67.7256 -44.4626 -211.871 -133.565 -479.661
-115.713 67.0573 -46.861 -211.842 -133.732 -479.681
-116.772 66.3882 -49.2594 -211.812 -133.901 -479.701
-117.831 65.7183 -51.658 -211.782 -134.074 -479.721
-118.89 65.0475 -54.0566 -211.751 -134.248 -479.74
-119.948 64.3758 -56.4554 -211.719 -134.425 -479.757
-121.007 63.7032 -58.8542 -211.687 -134.605 -479.774
-122.065 63.0298 -61.2531 -211.653 -134.786 -479.788
-123.123 62.3554 -63.6521 -211.617 -134.97 -479.801
-124.181 61.6801 -66.0511 -211.581 -135.156 -479.812
-125.239 61.0038 -68.4502 -211.543 -135.343 -479.82
-126.297 60.3266 -70.8493 -211.504 -135.532 -479.826
-127.354 59.6485 -73.2485 -211.464 -135.722 -479.83
-128.411 58.9694 -75.6476 -211.422 -135.914 -479.831
-129.468 58.2894 -78.0468 -211.379 -136.107 -479.83
-130.525 57.6083 -80.4459 -211.334 -136.301 -479.826
-131.582 56.9264 -82.845 -211.288 -136.495 -479.819
-132.638 56.2434 -85.2441 -211.24 -136.691 -479.809
-133.694 55.5595 -87.6431 -211.191 -136.886 -479.796
-134.75 54.8745 -90.0421 -211.141 -137.082 -479.78
-135.806 54.1886 -92.4409 -211.089 -137.278 -479.761
-136.861 53.5017 -94.8397 -211.036 -137.475 -479.739
-137.916 52.8139 -97.2383 -210.982 -137.67 -479.714
-138.971 52.125 -99.6368 -210.926 -137.866 -479.685
-140.025 51.4352 -102.035 -210.869 -138.061 -479.654
-141.079 50.7444 -104.433 -210.81 -138.255 -479.619
-142.133 50.0527 -106.831 -210.751 -138.448 -479.582
-143.187 49.36 -109.229 -210.69 -138.64 -479.541
-144.24 48.6663 -111.627 -210.628 -138.83 -479.498
-145.293 47.9717 -114.024 -210.565 -139.019 -479.451
-146.346 47.2761 -116.421 -210.501 -139.207 -479.402
-147.398 46.5796 -118.818 -210.436 -139.393 -479.349
-148.45 45.8822 -121.215 -210.371 -139.576 -479.294
-149.502 45.1838 -123.611 -210.304 -139.758 -479.237
-150.553 44.4846 -126.007 -210.237 -139.938 -479.176
-151.604 43.7844 -128.403 -210.169 -140.115 -479.114
-152.655 43.0834 -130.798 -210.1 -140.29 -479.048
-153.705 42.3815 -133.193 -210.031 -140.462 -478.981
-154.755 41.6788 -135.588 -209.962 -140.631 -478.911
-155.805 40.9752 -137.982 -209.892 -140.798 -478.839
-156.854 40.2708 -140.376 -209.821 -140.962 -478.765
-157.903 39.5656 -142.77 -209.751 -141.123 -478.69
-158.952 38.8596 -145.163 -209.68 -141.281 -478.612
-160 38.1528 -147.556 -209.609 -141.436 -478.533
-161.048 37.4452 -149.949 -209.538 -141.588 -478.452
-162.095 36.7369 -152.341 -209.467 -141.736 -478.37
-163.142 36.0279 -154.732 -209.396 -141.882 -478.287
-164.189 35.3181 -157.124 -209.325 -142.024 -478.202
-165.236 34.6076 -159.514 -209.254 -142.163 -478.116
-166.282 33.8965 -161.905 -209.183 -142.299 -478.03
-167.328 33.1846 -164.295 -209.113 -142.432 -477.942
-168.373 32.4722 -166.684 -209.043 -142.561 -477.854
-169.418 31.759 -169.073 -208.973 -142.688 -477.765
-170.463 31.0453 -171.462 -208.904 -142.811 -477.676
-171.507 30.3309 -173.85 -208.835 -142.931 -477.586
-172.551 29.616 -176.238 -208.767 -143.047 -477.495
-173.595 28.9005 -178.625 -208.699 -143.161 -477.405
-174.638 28.1844 -181.012 -208.632 -143.272 -477.314
-175.681 27.4677 -183.398 -208.565 -143.379 -477.223
-176.724 26.7506 -185.784 -208.499 -143.484 -477.133
-177.766 26.0329 -188.169 -208.434 -143.585 -477.042
-178.808 25.3147 -190.554 -208.369 -143.684 -476.951
-179.85 24.5961 -192.939 -208.305 -143.78 -476.861
-180.891 23.8769 -195.323 -208.242 -143.873 -476.77
-181.932 23.1573 -197.707 -208.179 -143.963 -476.68
-182.973 22.4373 -200.09 -208.117 -144.051 -476.591
-184.013 21.7168 -202.473 -208.056 -144.136 -476.502
-185.053 20.9959 -204.855 -207.996 -144.218 -476.413
-186.093 20.2746 -207.237 -207.936 -144.298 -476.325
-187.133 19.553 -209.618 -207.877 -144.376 -476.238
-188.172 18.8309 -211.999 -207.819 -144.451 -476.151
-189.211 18.1084 -214.38 -207.762 -144.524 -476.064
-190.25 17.3856 -216.76 -207.705 -144.594 -475.979
-191.288 16.6625 -219.139 -207.65 -144.662 -475.894
-192.326 15.939 -221.519 -207.595 -144.729 -475.809
-193.364 15.2152 -223.897 -207.541 -144.793 -475.726
-194.402 14.4911 -226.276 -207.487 -144.855 -475.643
-195.439 13.7667 -228.654 -207.435 -144.915 -475.561
-196.476 13.0419 -231.032 -207.383 -144.973 -475.48
-197.513 12.3169 -233.409 -207.332 -145.029 -475.4
-198.549 11.5917 -235.786 -207.282 -145.084 -475.32
-199.585 10.8661 -238.162 -207.233 -145.137 -475.242
-200.622 10.1403 -240.538 -207.184 -145.188 -475.164
-201.657 9.41423 -242.914 -207.136 -145.237 -475.087
-202.693 8.68792 -245.289 -207.089 -145.285 -475.011
-203.728 7.96138 -247.664 -207.043 -145.331 -474.936
-204.763 7.23461 -250.038 -206.997 -145.376 -474.862
-205.798 6.50762 -252.412 -206.952 -145.419 -474.789
-206.833 5.78042 -254.786 -206.908 -145.461 -474.716
-207.867 5.05301 -257.159 -206.865 -145.502 -474.644
-208.901 4.3254 -259.532 -206.822 -145.541 -474.574
-209.935 3.5976 -261.905 -206.78 -145.579 -474.504
-210.969 2.86961 -264.278 -206.739 -145.616 -474.435
-212.003 2.14144 -266.65 -206.698 -145.651 -474.367
-213.036 1.4131 -269.021 -206.658 -145.686 -474.3
-214.069 0.684587 -271.393 -206.619 -145.719 -474.233
-215.102 -0.0440895 -273.764 -206.58 -145.751 -474.168
-216.135 -0.772924 -276.134 -206.542 -145.782 -474.103
-217.168 -1.50191 -278.505 -206.504 -145.812 -474.04
-218.2 -2.23105 -280.875 -206.467 -145.842 -473.977
-219.233 -2.96033 -283.244 -206.431 -145.87 -473.914
-220.265 -3.68975 -285.614 -206.395 -145.897 -473.853
-221.296 -4.4193 -287.983 -206.36 -145.924 -473.793
-222.328 -5.14898 -290.352 -206.326 -145.949 -473.733
-223.36 -5.87879 -292.72 -206.292 -145.974 -473.674
-224.391 -6.60872 -295.088 -206.258 -145.998 -473.616
-225.422 -7.33877 -297.456 -206.226 -146.021 -473.559
-226.453 -8.06893 -299.824 -206.193 -146.044 -473.502
-227.484 -8.7992 -302.191 -206.161 -146.065 -473.447
-228.515 -9.52958 -304.558 -206.13 -146.086 -473.392
-229.546 -10.2601 -306.925 -206.099 -146.107 -473.338
-230.576 -10.9907 -309.292 -206.069 -146.126 -473.284
-231.606 -11.7213 -311.658 -206.039 -146.145 -473.231
-232.636 -12.4521 -314.024 -206.01 -146.164 -473.179
-233.666 -13.183 -316.39 -205.981 -146.182 -473.128
-234.696 -13.9139 -318.755 -205.953 -146.199 -473.077
-235.726 -14.645 -321.121 -205.925 -146.216 -473.027
-236.755 -15.3761 -323.486 -205.897 -146.232 -472.978
-237.785 -16.1073 -325.85 -205.87 -146.248 -472.929
-238.814 -16.8386 -328.215 -205.843 -146.263 -472.881
-239.843 -17.5699 -330.579 -205.817 -146.278 -472.834
-240.872 -18.3013 -332.943 -205.791 -146.292 -472.787
-241.901 -19.0328 -335.307 -205.766 -146.306 -472.741
-242.93 -19.7644 -337.671 -205.741 -146.319 -472.696
-243.959 -20.496 -340.034 -205.716 -146.332 -472.651
-244.987 -21.2277 -342.397 -205.692 -146.344 -472.607
-246.016 -21.9595 -344.76 -205.668 -146.357 -472.563
-247.044 -22.6913 -347.123 -205.644 -146.368 -472.52
-248.072 -23.4231 -349.485 -205.621 -146.38 -472.477
-249.1 -24.1551 -351.848 -205.598 -146.391 -472.435
-250.128 -24.887 -354.21 -205.575 -146.401 -472.394
-251.156 -25.6191 -356.572 -205.553 -146.412 -472.353
-252.183 -26.3512 -358.933 -205.531 -146.422 -472.313
-253.211 -27.0833 -361.295 -205.51 -146.431 -472.273
-254.239 -27.8155 -363.656 -205.489 -146.441 -472.234
-255.266 -28.5477 -366.017 -205.468 -146.45 -472.195
-256.293 -29.28 -368.378 -205.447 -146.459 -472.157
-257.32 -30.0123 -370.739 -205.427 -146.467 -472.119
-258.348 -30.7446 -373.099 -205.407 -146.475 -472.081
-259.374 -31.477 -375.459 -205.387 -146.483 -472.045
-260.401 -32.2095 -377.82 -205.367 -146.491 -472.008
-261.428 -32.942 -380.18 -205.348 -146.498 -471.972
-262.455 -33.6745 -382.539 -205.329 -146.506 -471.937
-263.481 -34.407 -384.899 -205.311 -146.513 -471.902
-264.508 -35.1396 -387.258 -205.292 -146.52 -471.867
-265.534 -35.8722 -389.618 -205.274 -146.526 -471.833
-266.561 -36.6049 -391.977 -205.256 -146.532 -471.8
-267.587 -37.3375 -394.336 -205.239 -146.539 -471.766
-268.613 -38.0702 -396.694 -205.221 -146.545 -471.733
-269.639 -38.803 -399.053 -205.204 -146.55 -471.701
-270.665 -39.5357 -401.411 -205.187 -146.556 -471.669
-271.691 -40.2685 -403.77 -205.171 -146.561 -471.637
-272.717 -41.0014 -406.128 -205.154 -146.567 -471.606
-273.743 -41.7342 -408.486 -205.138 -146.572 -471.575
-274.768 -42.4671 -410.843 -205.122 -146.577 -471.545
-275.794 -43.2 -413.201 -205.106 -146.581 -471.514
-276.819 -43.9329 -415.559 -205.091 -146.586 -471.485
-277.845 -44.6658 -417.916 -205.075 -146.59 -471.455
-278.87 -45.3988 -420.273 -205.06 -146.595 -471.426
-279.895 -46.1318 -422.63 -205.045 -146.599 -471.397
-280.92 -46.8648 -424.987 -205.03 -146.603 -471.369
-281.946 -47.5978 -427.344 -205.016 -146.607 -471.341
-282.971 -48.3308 -429.701 -205.001 -146.61 -471.313
-283.996 -49.0639 -432.057 -204.987 -146.614 -471.286
-285.021 -49.797 -434.413 -204.973 -146.618 -471.259
-286.045 -50.5301 -436.77 -204.959 -146.621 -471.232
-287.07 -51.2632 -439.126 -204.945 -146.624 -471.205
-288.095 -51.9963 -441.482 -204.932 -146.627 -471.179
-289.119 -52.7295 -443.837 -204.919 -146.63 -471.153
-290.144 -53.4626 -446.193 -204.905 -146.633 -471.128
-291.168 -54.1958 -448.549 -204.892 -146.636 -471.102
-292.193 -54.929 -450.904 -204.88 -146.639 -471.077
-293.217 -55.6622 -453.26 -204.867 -146.642 -471.053
-294.242 -56.3954 -455.615 -204.854 -146.644 -471.028
-295.266 -57.1286 -457.97 -204.842 -146.647 -471.004
-296.29 -57.8619 -460.325 -204.83 -146.649 -470.98
-297.314 -58.5951 -462.68 -204.818 -146.651 -470.956
-298.338 -59.3284 -465.034 -204.806 -146.654 -470.933
-299.362 -60.0617 -467.389 -204.794 -146.656 -470.91
-300.386 -60.7949 -469.743 -204.782 -146.658 -470.887
-301.41 -61.5282 -472.098 -204.771 -146.66 -470.864
-302.434 -62.2615 -474.452 -204.759 -146.662 -470.842
-303.458 -62.9949 -476.806 -204.748 -146.663 -470.82
-304.481 -63.7282 -479.16 -204.737 -146.665 -470.798
-305.505 -64.4615 -481.514 -204.726 -146.667 -470.776
-306.529 -65.1949 -483.868 -204.715 -146.669 -470.755
-307.552 -65.9282 -486.222 -204.704 -146.67 -470.734
-308.576 -66.6616 -488.575 -204.694 -146.672 -470.713
-309.599 -67.3949 -490.929 -204.683 -146.673 -470.692
-310.622 -68.1283 -493.282 -204.673 -146.674 -470.671
-311.646 -68.8617 -495.636 -204.662 -146.676 -470.651
-312.669 -69.595 -497.989 -204.652 -146.677 -470.631
-313.692 -70.3284 -500.342 -204.642 -146.678 -470.611
-314.715 -71.0618 -502.695 -204.632 -146.679 -470.591
-315.739 -71.7952 -505.048 -204.622 -146.681 -470.572
-316.762 -72.5286 -507.401 -204.613 -146.682 -470.553
-317.785 -73.262 -509.753 -204.603 -146.683 -470.533
-318.808 -73.9955 -512.106 -204.594 -146.684 -470.515
-319.831 -74.7289 -514.459 -204.584 -146.684 -470.496
-320.854 -75.4623 -516.811 -204.575 -146.685 -470.477
-321.876 -76.1957 -519.163 -204.566 -146.686 -470.459
-322.899 -76.9292 -521.516 -204.557 -146.687 -470.441
-323.922 -77.6626 -523.868 -204.548 -146.688 -470.423
-324.945 -78.396 -526.22 -204.539 -146.688 -470.405
-325.967 -79.1295 -528.572 -204.53 -146.689 -470.387
-326.99 -79.8629 -530.924 -204.521 -146.69 -470.37
-328.013 -80.5964 -533.275 -204.512 -146.69 -470.352
-329.035 -81.3298 -535.627 -204.504 -146.691 -470.335
-330.058 -82.0633 -537.979 -204.496 -146.691 -470.318
-331.08 -82.7967 -540.33 -204.487 -146.692 -470.302
-332.102 -83.5302 -542.682 -204.479 -146.692 -470.285
-333.125 -84.2637 -545.033 -204.471 -146.693 -470.268
-334.147 -84.9971 -547.385 -204.463 -146.693 -470.252
-335.169 -85.7306 -549.736 -204.455 -146.693 -470.236
-336.192 -86.4641 -552.087 -204.447 -146.694 -470.22
-337.214 -87.1975 -554.438 -204.439 -146.694 -470.204
-338.236 -87.931 -556.789 -204.431 -146.694 -470.188
-339.258 -88.6645 -559.14 -204.423 -146.695 -470.173
-340.28 -89.3979 -561.491 -204.416 -146.695 -470.157
-341.302 -90.1314 -563.841 -204.408 -146.695 -470.142
-342.324 -90.8649 -566.192 -204.401 -146.695 -470.127
-343.346 -91.5984 -568.543 -204.393 -146.695 -470.112
-344.368 -92.3318 -570.893 -204.386 -146.695 -470.097
-345.39 -93.0653 -573.244 -204.379 -146.695 -470.082
-346.412 -93.7988 -575.594 -204.371 -146.696 -470.068
-347.434 -94.5323 -577.944 -204.364 -146.696 -470.053
-348.456 -95.2658 -580.295 -204.357 -146.696 -470.039
-349.478 -95.9992 -582.645 -204.35 -146.696 -470.025
-350.499 -96.7327 -584.995 -204.343 -146.696 -470.011
-351.521 -97.4662 -587.345 -204.336 -146.696 -469.997
-352.543 -98.1997 -589.695 -204.33 -146.695 -469.983
-353.564 -98.9331 -592.045 -204.323 -146.695 -469.969
-354.586 -99.6666 -594.394 -204.316 -146.695 -469.956
-355.607 -100.4 -596.744 -204.31 -146.695 -469.942
-356.629 -101.134 -599.094 -204.303 -146.695 -469.929
-357.65 -101.867 -601.443 -204.297 -146.695 -469.915
-358.672 -102.601 -603.793 -204.29 -146.695 -469.902
-359.693 -103.334 -606.142 -204.284 -146.695 -469.889
-360.715 -104.067 -608.492 -204.277 -146.694 -469.876
-361.736 -104.801 -610.841 -204.271 -146.694 -469.864
-362.758 -105.534 -613.191 -204.265 -146.694 -469.851
-363.779 -106.268 -615.54 -204.259 -146.694 -469.838
-364.8 -107.001 -617.889 -204.253 -146.694 -469.826
-365.821 -107.735 -620.238 -204.247 -146.693 -469.814
-366.843 -108.468 -622.587 -204.241 -146.693 -469.801
-367.864 -109.202 -624.936 -204.235 -146.693 -469.789
-368.885 -109.935 -627.285 -204.229 -146.692 -469.777
-369.906 -110.669 -629.634 -204.223 -146.692 -469.765
-370.927 -111.402 -631.983 -204.217 -146.692 -469.753
-371.948 -112.136 -634.331 -204.212 -146.691 -469.741
-372.969 -112.869 -636.68 -204.206 -146.691 -469.73
-373.99 -113.602 -639.029 -204.2 -146.691 -469.718
-375.011 -114.336 -641.377 -204.195 -146.69 -469.707
-376.032 -115.069 -643.726 -204.189 -146.69 -469.695
-377.053 -115.803 -646.074 -204.184 -146.69 -469.684
-378.074 -116.536 -648.423 -204.178 -146.689 -469.673
-379.095 -117.27 -650.771 -204.173 -146.689 -469.662
-380.116 -118.003 -653.119 -204.168 -146.688 -469.651
-381.137 -118.737 -655.467 -204.162 -146.688 -469.64
-382.157 -119.47 -657.816 -204.157 -146.688 -469.629
-383.178 -120.204 -660.164 -204.152 -146.687 -469.618
-384.199 -120.937 -662.512 -204.147 -146.687 -469.608
-385.22 -121.67 -664.86 -204.142 -146.686 -469.597
-386.24 -122.404 -667.208 -204.137 -146.686 -469.586
-387.261 -123.137 -669.556 -204.132 -146.685 -469.576
-388.282 -123.871 -671.903 -204.127 -146.685 -469.566
-389.302 -124.604 -674.251 -204.122 -146.684 -469.555
-390.323 -125.337 -676.599 -204.117 -146.684 -469.545
-391.343 -126.071 -678.947 -204.112 -146.683 -469.535
-392.364 -126.804 -681.294 -204.107 -146.683 -469.525
-393.385 -127.538 -683.642 -204.102 -146.682 -469.515
-394.405 -128.271 -685.99 -204.098 -146.682 -469.505
-395.426 -129.005 -688.337 -204.093 -146.681 -469.496
-396.446 -129.738 -690.684 -204.088 -146.681 -469.486
-397.466 -130.471 -693.032 -204.084 -146.68 -469.476
-398.487 -131.205 -695.379 -204.079 -146.68 -469.467
-399.507 -131.938 -697.727 -204.074 -146.679 -469.457
-400.528 -132.672 -700.074 -204.07 -146.679 -469.448
-401.548 -133.405 -702.421 -204.065 -146.678 -469.438
-402.568 -134.138 -704.768 -204.061 -146.677 -469.429
-403.588 -134.872 -707.115 -204.056 -146.677 -469.42
-404.609 -135.605 -709.462 -204.052 -146.676 -469.411
-405.629 -136.338 -711.809 -204.048 -146.676 -469.401
-406.649 -137.072 -714.156 -204.043 -146.675 -469.392
-407.669 -137.805 -716.503 -204.039 -146.675 -469.383
-408.69 -138.539 -718.85 -204.035 -146.674 -469.375
-409.71 -139.272 -721.197 -204.031 -146.673 -469.366
-410.73 -140.005 -723.544 -204.026 -146.673 -469.357
-411.75 -140.739 -725.891 -204.022 -146.672 -469.348
-412.77 -141.472 -728.237 -204.018 -146.672 -469.34
-413.79 -142.205 -730.584 -204.014 -146.671 -469.331
-414.81 -142.939 -732.931 -204.01 -146.67 -469.322
-415.83 -143.672 -735.277 -204.006 -146.67 -469.314
-416.85 -144.405 -737.624 -204.002 -146.669 -469.306
-417.87 -145.139 -739.97 -203.998 -146.669 -469.297
-418.89 -145.872 -742.317 -203.994 -146.668 -469.289
-419.91 -146.605 -744.663 -203.99 -146.667 -469.281
-420.93 -147.339 -747.01 -203.986 -146.667 -469.273
-421.95 -148.072 -749.356 -203.982 -146.666 -469.264
-422.97 -148.805 -751.702 -203.978 -146.666 -469.256
-423.99 -149.539 -754.049 -203.975 -146.665 -469.248
-425.01 -150.272 -756.395 -203.971 -146.664 -469.24
-426.03 -151.005 -758.741 -203.967 -146.664 -469.233
-427.049 -151.739 -761.087 -203.963 -146.663 -469.225
-428.069 -152.472 -763.433 -203.96 -146.662 -469.217
-429.089 -153.205 -765.779 -203.956 -146.662 -469.209
-430.109 -153.939 -768.125 -203.952 -146.661 -469.202
-431.129 -154.672 -770.471 -203.949 -146.661 -469.194
-432.148 -155.405 -772.817 -203.945 -146.66 -469.186
-433.168 -156.139 -775.163 -203.942 -146.659 -469.179
-434.188 -156.872 -777.509 -203.938 -146.659 -469.171
-435.207 -157.605 -779.855 -203.935 -146.658 -469.164
-436.227 -158.338 -782.201 -203.931 -146.657 -469.157
-437.247 -159.072 -784.546 -203.928 -146.657 -469.149
-438.266 -159.805 -786.892 -203.924 -146.656 -469.142
-439.286 -160.538 -789.238 -203.921 -146.655 -469.135
-440.306 -161.272 -791.583 -203.917 -146.655 -469.127
-441.325 -162.005 -793.929 -203.914 -146.654 -469.12
-442.345 -162.738 -796.275 -203.911 -146.653 -469.113
-443.364 -163.471 -798.62 -203.907 -146.653 -469.106
-444.384 -164.205 -800.966 -203.904 -146.652 -469.099
-445.403 -164.938 -803.311 -203.901 -146.651 -469.092
-446.423 -165.671 -805.657 -203.897 -146.651 -469.085
-447.442 -166.404 -808.002 -203.894 -146.65 -469.078
-448.462 -167.138 -810.347 -203.891 -146.65 -469.072
-449.481 -167.871 -812.693 -203.888 -146.649 -469.065
-450.501 -168.604 -815.038 -203.885 -146.648 -469.058
-451.52 -169.337 -817.383 -203.881 -146.648 -469.051
-452.539 -170.071 -819.729 -203.878 -146.647 -469.045
-453.559 -170.804 -822.074 -203.875 -146.646 -469.038
-454.578 -171.537 -824.419 -203.872 -146.646 -469.032
-455.598 -172.27 -826.764 -203.869 -146.645 -469.025
-456.617 -173.004 -829.109 -203.866 -146.644 -469.019
-457.636 -173.737 -831.454 -203.863 -146.644 -469.012
-458.656 -174.47 -833.799 -203.86 -146.643 -469.006
-459.675 -175.203 -836.144 -203.857 -146.642 -468.999
-460.694 -175.936 -838.489 -203.854 -146.642 -468.993
-461.713 -176.67 -840.834 -203.851 -146.641 -468.987
-462.733 -177.403 -843.179 -203.848 -146.64 -468.981
-463.752 -178.136 -845.524 -203.845 -146.64 -468.974
-464.771 -178.869 -847.869 -203.842 -146.639 -468.968
-465.79 -179.602 -850.214 -203.839 -146.638 -468.962
-466.809 -180.336 -852.559 -203.836 -146.638 -468.956
-467.829 -181.069 -854.903 -203.834 -146.637 -468.95
-468.848 -181.802 -857.248 -203.831 -146.636 -468.944
-469.867 -182.535 -859.593 -203.828 -146.636 -468.938
-470.886 -183.268 -861.937 -203.825 -146.635 -468.932
-471.905 -184.002 -864.282 -203.822 -146.634 -468.926
-472.924 -184.735 -866.627 -203.82 -146.634 -468.92
-473.943 -185.468 -868.971 -203.817 -146.633 -468.914
-474.962 -186.201 -871.316 -203.814 -146.632 -468.908
-475.981 -186.934 -873.66 -203.811 -146.632 -468.903
-477.001 -187.667 -876.005 -203.809 -146.631 -468.897
-478.02 -188.4 -878.349 -203.806 -146.631 -468.891
-479.039 -189.134 -880.694 -203.803 -146.63 -468.886
-480.058 -189.867 -883.038 -203.801 -146.629 -468.88
-481.077 -190.6 -885.383 -203.798 -146.629 -468.874
-482.096 -191.333 -887.727 -203.796 -146.628 -468.869
-483.115 -192.066 -890.071 -203.793 -146.627 -468.863
-484.134 -192.799 -892.416 -203.79 -146.627 -468.858
-485.152 -193.532 -894.76 -203.788 -146.626 -468.852
-486.171 -194.266 -897.104 -203.785 -146.625 -468.847
-487.19 -194.999 -899.448 -203.783 -146.625 -468.841
-488.209 -195.732 -901.793 -203.78 -146.624 -468.836
-489.228 -196.465 -904.137 -203.778 -146.623 -468.831
-490.247 -197.198 -906.481 -203.775 -146.623 -468.825
-491.266 -197.931 -908.825 -203.773 -146.622 -468.82
-492.285 -198.664 -911.169 -203.77 -146.622 -468.815
-493.304 -199.397 -913.513 -203.768 -146.621 -468.81
-494.322 -200.131 -915.857 -203.765 -146.62 -468.804
-495.341 -200.864 -918.201 -203.763 -146.62 -468.799
-496.36 -201.597 -920.545 -203.761 -146.619 -468.794
-497.379 -202.33 -922.889 -203.758 -146.618 -468.789
-498.398 -203.063 -925.233 -203.756 -146.618 -468.784
-499.416 -203.796 -927.577 -203.754 -146.617 -468.779
-500.435 -204.529 -929.921 -203.751 -146.616 -468.774
-501.454 -205.262 -932.265 -203.749 -146.616 -468.769
-502.473 -205.995 -934.608 -203.747 -146.615 -468.764
-503.491 -206.728 -936.952 -203.744 -146.615 -468.759
-504.51 -207.461 -939.296 -203.742 -146.614 -468.754
-505.529 -208.194 -941.64 -203.74 -146.613 -468.749
-506.548 -208.928 -943.984 -203.737 -146.613 -468.744
-507.566 -209.661 -946.327 -203.735 -146.612 -468.739
-508.585 -210.394 -948.671 -203.733 -146.611 -468.734
-509.604 -211.127 -951.015 -203.731 -146.611 -468.73
-510.622 -211.86 -953.358 -203.728 -146.61 -468.725
-511.641 -212.593 -955.702 -203.726 -146.61 -468.72
-512.659 -213.326 -958.045 -203.724 -146.609 -468.715
-513.678 -214.059 -960.389 -203.722 -146.608 -468.711
-514.697 -214.792 -962.733 -203.72 -146.608 -468.706
-515.715 -215.525 -965.076 -203.718 -146.607 -468.701
-516.734 -216.258 -967.42 -203.715 -146.606 -468.697
-517.752 -216.991 -969.763 -203.713 -146.606 -468.692
-518.771 -217.724 -972.106 -203.711 -146.605 -468.688
-519.79 -218.457 -974.45 -203.709 -146.605 -468.683
-520.808 -219.19 -976.793 -203.707 -146.604 -468.679
-521.827 -219.923 -979.137 -203.705 -146.603 -468.674
-522.845 -220.656 -981.48 -203.703 -146.603 -468.67
-523.864 -221.389 -983.823 -203.701 -146.602 -468.665
-524.882 -222.122 -986.167 -203.699 -146.602 -468.661
-525.901 -222.855 -988.51 -203.697 -146.601 -468.656
-526.919 -223.588 -990.853 -203.695 -146.6 -468.652
-527.938 -224.321 -993.197 -203.693 -146.6 -468.648
-528.956 -225.054 -995.54 -203.691 -146.599 -468.643
-529.974 -225.787 -997.883 -203.689 -146.599 -468.639
-530.993 -226.52 -1000.23 -203.687 -146.598 -468.635
-532.011 -227.253 -1002.57 -203.685 -146.597 -468.63
-533.03 -227.986 -1004.91 -203.683 -146.597 -468.626
-534.048 -228.719 -1007.26 -203.681 -146.596 -468.622
-535.067 -229.452 -1009.6 -203.679 -146.596 -468.618
-536.085 -230.185 -1011.94 -203.677 -146.595 -468.614
-537.103 -230.918 -1014.28 -203.675 -146.594 -468.609
-538.122 -231.651 -1016.63 -203.673 -146.594 -468.605
-539.14 -232.384 -1018.97 -203.671 -146.593 -468.601
-540.158 -233.117 -1021.31 -203.669 -146.593 -468.597
-541.177 -233.85 -1023.66 -203.667 -146.592 -468.593
-542.195 -234.583 -1026 -203.665 -146.591 -468.589
-543.213 -235.316 -1028.34 -203.664 -146.591 -468.585
-544.232 -236.049 -1030.69 -203.662 -146.59 -468.581
-545.25 -236.782 -1033.03 -203.66 -146.59 -468.577
-546.268 -237.515 -1035.37 -203.658 -146.589 -468.573
-547.287 -238.248 -1037.71 -203.656 -146.589 -468.569
-548.305 -238.981 -1040.06 -203.654 -146.588 -468.565
-549.323 -239.713 -1042.4 -203.653 -146.587 -468.561
-550.341 -240.446 -1044.74 -203.651 -146.587 -468.557
-551.36 -241.179 -1047.09 -203.649 -146.586 -468.553
-552.378 -241.912 -1049.43 -203.647 -146.586 -468.549
-553.396 -242.645 -1051.77 -203.645 -146.585 -468.546
-554.414 -243.378 -1054.11 -203.644 -146.585 -468.542
-555.433 -244.111 -1056.46 -203.642 -146.584 -468.538
-556.451 -244.844 -1058.8 -203.64 -146.583 -468.534
-557.469 -245.577 -1061.14 -203.638 -146.583 -468.53
-558.487 -246.31 -1063.48 -203.637 -146.582 -468.527
-559.505 -247.043 -1065.83 -203.635 -146.582 -468.523
-560.523 -247.776 -1068.17 -203.633 -146.581 -468.519
-561.542 -248.509 -1070.51 -203.632 -146.581 -468.515
-562.56 -249.241 -1072.85 -203.63 -146.58 -468.512
-563.578 -249.974 -1075.2 -203.628 -146.58 -468.508
-564.596 -250.707 -1077.54 -203.627 -146.579 -468.504
-565.614 -251.44 -1079.88 -203.625 -146.578 -468.501
-566.632 -252.173 -1082.22 -203.623 -146.578 -468.497
-567.65 -252.906 -1084.57 -203.622 -146.577 -468.494
-568.669 -253.639 -1086.91 -203.62 -146.577 -468.49
-569.687 -254.372 -1089.25 -203.618 -146.576 -468.486
-570.705 -255.105 -1091.59 -203.617 -146.576 -468.483
-571.723 -255.837 -1093.94 -203.615 -146.575 -468.479
-572.741 -256.57 -1096.28 -203.613 -146.575 -468.476
-573.759 -257.303 -1098.62 -203.612 -146.574 -468.472
-574.777 -258.036 -1100.96 -203.61 -146.573 -468.469
-575.795 -258.769 -1103.31 -203.609 -146.573 -468.465
-576.813 -259.502 -1105.65 -203.607 -146.572 -468.462
-577.831 -260.235 -1107.99 -203.605 -146.572 -468.459
-578.849 -260.967 -1110.33 -203.604 -146.571 -468.455
-579.867 -261.7 -1112.68 -203.602 -146.571 -468.452
-580.885 -262.433 -1115.02 -203.601 -146.57 -468.448
-581.903 -263.166 -1117.36 -203.599 -146.57 -468.445
-582.921 -263.899 -1119.7 -203.598 -146.569 -468.442
-583.939 -264.632 -1122.04 -203.596 -146.569 -468.438
-584.957 -265.365 -1124.39 -203.595 -146.568 -468.435
-585.975 -266.097 -1126.73 -203.593 -146.568 -468.432
-586.993 -266.83 -1129.07 -203.592 -146.567 -468.428
-588.011 -267.563 -1131.41 -203.59 -146.567 -468.425
-589.029 -268.296 -1133.76 -203.589 -146.566 -468.422
-590.047 -269.029 -1136.1 -203.587 -146.565 -468.419
-591.065 -269.762 -1138.44 -203.586 -146.565 -468.415
-592.083 -270.494 -1140.78 -203.584 -146.564 -468.412
-593.101 -271.227 -1143.12 -203.583 -146.564 -468.409
-594.119 -271.96 -1145.47 -203.581 -146.563 -468.406
-595.136 -272.693 -1147.81 -203.58 -146.563 -468.403
-596.154 -273.426 -1150.15 -203.578 -146.562 -468.399
-597.172 -274.158 -1152.49 -203.577 -146.562 -468.396
-598.19 -274.891 -1154.83 -203.575 -146.561 -468.393
-599.208 -275.624 -1157.18 -203.574 -146.561 -468.39
-600.226 -276.357 -1159.52 -203.573 -146.56 -468.387
-601.244 -277.09 -1161.86 -203.571 -146.56 -468.384
-602.262 -277.822 -1164.2 -203.57 -146.559 -468.381
-603.279 -278.555 -1166.54 -203.568 -146.559 -468.378
-604.297 -279.288 -1168.89 -203.567 -146.558 -468.375
-605.315 -280.021 -1171.23 -203.566 -146.558 -468.372
-606.333 -280.754 -1173.57 -203.564 -146.557 -468.369
-607.351 -281.486 -1175.91 -203.563 -146.557 -468.366
-608.369 -282.219 -1178.25 -203.561 -146.556 -468.363
-609.386 -282.952 -1180.59 -203.56 -146.556 -468.36
-610.404 -283.685 -1182.94 -203.559 -146.555 -468.357
-611.422 -284.418 -1185.28 -203.557 -146.555 -468.354
-612.44 -285.15 -1187.62 -203.556 -146.554 -468.351
-613.458 -285.883 -1189.96 -203.555 -146.554 -468.348
-614.475 -286.616 -1192.3 -203.553 -146.553 -468.345
-615.493 -287.349 -1194.64 -203.552 -146.553 -468.342
-616.511 -288.081 -1196.99 -203.551 -146.552 -468.339
-617.529 -288.814 -1199.33 -203.549 -146.552 -468.336
-618.546 -289.547 -1201.67 -203.548 -146.551 -468.333
-619.564 -290.28 -1204.01 -203.547 -146.551 -468.33
-620.582 -291.012 -1206.35 -203.545 -146.55 -468.328
-621.599 -291.745 -1208.69 -203.544 -146.55 -468.325
-622.617 -292.478 -1211.04 -203.543 -146.549 -468.322
-623.635 -293.211 -1213.38 -203.542 -146.549 -468.319
-624.653 -293.943 -1215.72 -203.54 -146.548 -468.316
-625.67 -294.676 -1218.06 -203.539 -146.548 -468.313
-626.688 -295.409 -1220.4 -203.538 -146.547 -468.311
-627.706 -296.142 -1222.74 -203.537 -146.547 -468.308
-628.723 -296.874 -1225.09 -203.535 -146.547 -468.305
-629.741 -297.607 -1227.43 -203.534 -146.546 -468.302
-630.759 -298.34 -1229.77 -203.533 -146.546 -468.3
-631.776 -299.073 -1232.11 -203.532 -146.545 -468.297
-632.794 -299.805 -1234.45 -203.53 -146.545 -468.294
-633.812 -300.538 -1236.79 -203.529 -146.544 -468.292
-634.829 -301.271 -1239.13 -203.528 -146.544 -468.289
-635.847 -302.003 -1241.48 -203.527 -146.543 -468.286
-636.865 -302.736 -1243.82 -203.525 -146.543 -468.283
-637.882 -303.469 -1246.16 -203.524 -146.542 -468.281
-638.9 -304.202 -1248.5 -203.523 -146.542 -468.278
-639.917 -304.934 -1250.84 -203.522 -146.541 -468.276
-640.935 -305.667 -1253.18 -203.521 -146.541 -468.273
-641.953 -306.4 -1255.52 -203.519 -146.54 -468.27
-642.97 -307.132 -1257.87 -203.518 -146.54 -468.268
-643.988 -307.865 -1260.21 -203.517 -146.54 -468.265
-645.005 -308.598 -1262.55 -203.516 -146.539 -468.262
-646.023 -309.33 -1264.89 -203.515 -146.539 -468.26
-647.041 -310.063 -1267.23 -203.514 -146.538 -468.257
-648.058 -310.796 -1269.57 -203.512 -146.538 -468.255
-649.076 -311.529 -1271.91 -203.511 -146.537 -468.252
-650.093 -312.261 -1274.25 -203.51 -146.537 -468.25
-651.111 -312.994 -1276.6 -203.509 -146.536 -468.247
-652.128 -313.727 -1278.94 -203.508 -146.536 -468.245
-653.146 -314.459 -1281.28 -203.507 -146.535 -468.242
-654.163 -315.192 -1283.62 -203.505 -146.535 -468.24
-655.181 -315.925 -1285.96 -203.504 -146.535 -468.237
-656.198 -316.657 -1288.3 -203.503 -146.534 -468.235
-657.216 -317.39 -1290.64 -203.502 -146.534 -468.232
-658.233 -318.123 -1292.98 -203.501 -146.533 -468.23
-659.251 -318.855 -1295.33 -203.5 -146.533 -468.227
-660.268 -319.588 -1297.67 -203.499 -146.532 -468.225
-661.286 -320.321 -1300.01 -203.498 -146.532 -468.223
-662.303 -321.053 -1302.35 -203.497 -146.532 -468.22
-663.321 -321.786 -1304.69 -203.495 -146.531 -468.218
-664.338 -322.519 -1307.03 -203.494 -146.531 -468.215
-665.356 -323.251 -1309.37 -203.493 -146.53 -468.213
-666.373 -323.984 -1311.71 -203.492 -146.53 -468.211
-667.391 -324.717 -1314.05 -203.491 -146.529 -468.208
-668.408 -325.449 -1316.4 -203.49 -146.529 -468.206
-669.426 -326.182 -1318.74 -203.489 -146.528 -468.203
-670.443 -326.914 -1321.08 -203.488 -146.528 -468.201
-671.461 -327.647 -1323.42 -203.487 -146.528 -468.199
-672.478 -328.38 -1325.76 -203.486 -146.527 -468.196
-673.495 -329.112 -1328.1 -203.485 -146.527 -468.194
-674.513 -329.845 -1330.44 -203.484 -146.526 -468.192
-675.53 -330.578 -1332.78 -203.483 -146.526 -468.19
-676.548 -331.31 -1335.12 -203.482 -146.526 -468.187
-677.565 -332.043 -1337.46 -203.481 -146.525 -468.185
-678.582 -332.776 -1339.81 -203.48 -146.525 -468.183
-679.6 -333.508 -1342.15 -203.479 -146.524 -468.18
-680.617 -334.241 -1344.49 -203.478 -146.524 -468.178
-681.635 -334.973 -1346.83 -203.477 -146.523 -468.176
-682.652 -335.706 -1349.17 -203.476 -146.523 -468.174
-683.669 -336.439 -1351.51 -203.475 -146.523 -468.171
-684.687 -337.171 -1353.85 -203.474 -146.522 -468.169
-685.704 -337.904 -1356.19 -203.472 -146.522 -468.167
-686.721 -338.636 -1358.53 -203.471 -146.521 -468.165
-687.739 -339.369 -1360.87 -203.471 -146.521 -468.163
-688.756 -340.102 -1363.21 -203.47 -146.521 -468.16
-689.774 -340.834 -1365.55 -203.469 -146.52 -468.158
-690.791 -341.567 -1367.9 -203.468 -146.52 -468.156
-691.808 -342.299 -1370.24 -203.467 -146.519 -468.154
-692.826 -343.032 -1372.58 -203.466 -146.519 -468.152
-693.843 -343.765 -1374.92 -203.465 -146.518 -468.15
-694.86 -344.497 -1377.26 -203.464 -146.518 -468.147
-695.878 -345.23 -1379.6 -203.463 -146.518 -468.145
-696.895 -345.962 -1381.94 -203.462 -146.517 -468.143
-697.912 -346.695 -1384.28 -203.461 -146.517 -468.141
-698.929 -347.428 -1386.62 -203.46 -146.516 -468.139
-699.947 -348.16 -1388.96 -203.459 -146.516 -468.137
-700.964 -348.893 -1391.3 -203.458 -146.516 -468.135
-701.981 -349.625 -1393.64 -203.457 -146.515 -468.133
-702.999 -350.358 -1395.98 -203.456 -146.515 -468.131
-704.016 -351.09 -1398.32 -203.455 -146.514 -468.128
-705.033 -351.823 -1400.67 -203.454 -146.514 -468.126
-706.05 -352.556 -1403.01 -203.453 -146.514 -468.124
-707.068 -353.288 -1405.35 -203.452 -146.513 -468.122
-708.085 -354.021 -1407.69 -203.451 -146.513 -468.12
-709.102 -354.753 -1410.03 -203.45 -146.513 -468.118
-710.119 -355.486 -1412.37 -203.45 -146.512 -468.116
-711.137 -356.218 -1414.71 -203.449 -146.512 -468.114
-712.154 -356.951 -1417.05 -203.448 -146.511 -468.112
-713.171 -357.684 -1419.39 -203.447 -146.511 -468.11
-714.188 -358.416 -1421.73 -203.446 -146.511 -468.108
-715.206 -359.149 -1424.07 -203.445 -146.51 -468.106
-716.223 -359.881 -1426.41 -203.444 -146.51 -468.104
-717.24 -360.614 -1428.75 -203.443 -146.509 -468.102
-718.257 -361.346 -1431.09 -203.442 -146.509 -468.1
-719.274 -362.079 -1433.43 -203.441 -146.509 -468.098
-720.292 -362.811 -1435.77 -203.441 -146.508 -468.096
-721.309 -363.544 -1438.11 -203.44 -146.508 -468.094
-722.326 -364.276 -1440.45 -203.439 -146.508 -468.092
-723.343 -365.009 -1442.79 -203.438 -146.507 -468.09
-724.36 -365.742 -1445.14 -203.437 -146.507 -468.089
-725.378 -366.474 -1447.48 -203.436 -146.506 -468.087
-726.395 -367.207 -1449.82 -203.435 -146.506 -468.085
-727.412 -367.939 -1452.16 -203.434 -146.506 -468.083
-728.429 -368.672 -1454.5 -203.434 -146.505 -468.081
-729.446 -369.404 -1456.84 -203.433 -146.505 -468.079
-730.463 -370.137 -1459.18 -203.432 -146.505 -468.077
-731.481 -370.869 -1461.52 -203.431 -146.504 -468.075
-732.498 -371.602 -1463.86 -203.43 -146.504 -468.073
-733.515 -372.334 -1466.2 -203.429 -146.503 -468.071
-734.532 -373.067 -1468.54 -203.428 -146.503 -468.07
-735.549 -373.799 -1470.88 -203.428 -146.503 -468.068
-736.566 -374.532 -1473.22 -203.427 -146.502 -468.066
-737.584 -375.264 -1475.56 -203.426 -146.502 -468.064
-738.601 -375.997 -1477.9 -203.425 -146.502 -468.062
-739.618 -376.729 -1480.24 -203.424 -146.501 -468.06
-740.635 -377.462 -1482.58 -203.423 -146.501 -468.058
-741.652 -378.194 -1484.92 -203.423 -146.501 -468.057
-742.669 -378.927 -1487.26 -203.422 -146.5 -468.055
-743.686 -379.659 -1489.6 -203.421 -146.5 -468.053
