100 25 25 0 0 -49
99.9998 24.9999 24.7549 -0.0602975 -0.0289085 -49.0286
99.9994 24.9997 24.5097 -0.120677 -0.0578624 -49.0572
99.9986 24.9993 24.2644 -0.181138 -0.0868618 -49.0858
99.9976 24.9988 24.0189 -0.241682 -0.115907 -49.1143
99.9962 24.9982 23.7732 -0.302307 -0.144998 -49.1428
99.9946 24.9974 23.5274 -0.363016 -0.174134 -49.1713
99.9926 24.9964 23.2815 -0.423807 -0.203317 -49.1997
99.9903 24.9954 23.0354 -0.484681 -0.232545 -49.2281
99.9877 24.9941 22.7892 -0.545637 -0.261819 -49.2565
99.9849 24.9927 22.5429 -0.606678 -0.29114 -49.2849
99.9817 24.9912 22.2964 -0.667801 -0.320506 -49.3132
99.9782 24.9895 22.0497 -0.729008 -0.349919 -49.3415
99.9744 24.9877 21.803 -0.790299 -0.379379 -49.3697
99.9703 24.9857 21.556 -0.851674 -0.408885 -49.398
99.9659 24.9836 21.309 -0.913133 -0.438437 -49.4262
99.9612 24.9814 21.0618 -0.974676 -0.468036 -49.4544
99.9561 24.9789 20.8144 -1.0363 -0.497682 -49.4825
99.9508 24.9764 20.567 -1.09802 -0.527375 -49.5106
99.9451 24.9737 20.3193 -1.15981 -0.557114 -49.5387
99.9392 24.9708 20.0716 -1.22169 -0.586901 -49.5668
99.9329 24.9678 19.8237 -1.28366 -0.616734 -49.5948
99.9264 24.9646 19.5756 -1.34571 -0.646615 -49.6228
99.9195 24.9613 19.3274 -1.40785 -0.676543 -49.6507
99.9123 24.9579 19.0791 -1.47008 -0.706518 -49.6787
99.9048 24.9543 18.8306 -1.53239 -0.736541 -49.7066
99.897 24.9505 18.582 -1.59478 -0.766611 -49.7344
99.8888 24.9466 18.3333 -1.65727 -0.796729 -49.7623
99.8804 24.9425 18.0844 -1.71983 -0.826895 -49.7901
99.8716 24.9383 17.8354 -1.78249 -0.857108 -49.8178
99.8626 24.934 17.5862 -1.84523 -0.887369 -49.8456
99.8532 24.9295 17.3369 -1.90806 -0.917679 -49.8733
99.8435 24.9248 17.0875 -1.97098 -0.948036 -49.9009
99.8335 24.92 16.8379 -2.03398 -0.978441 -49.9286
99.8231 24.915 16.5882 -2.09707 -1.0089 -49.9562
99.8125 24.9099 16.3384 -2.16025 -1.0394 -49.9838
99.8015 24.9046 16.0884 -2.22352 -1.06995 -50.0113
99.7903 24.8992 15.8383 -2.28688 -1.10055 -50.0388
99.7787 24.8936 15.588 -2.35032 -1.13119 -50.0663
99.7668 24.8879 15.3376 -2.41385 -1.16189 -50.0937
99.7545 24.882 15.0871 -2.47747 -1.19264 -50.1212
99.742 24.876 14.8364 -2.54118 -1.22343 -50.1485
99.7291 24.8698 14.5856 -2.60498 -1.25427 -50.1759
99.7159 24.8634 14.3346 -2.66887 -1.28516 -50.2032
99.7024 24.8569 14.0835 -2.73285 -1.31611 -50.2305
99.6886 24.8503 13.8323 -2.79692 -1.3471 -50.2577
99.6745 24.8434 13.581 -2.86108 -1.37814 -50.2849
99.66 24.8365 13.3295 -2.92533 -1.40923 -50.3121
99.6452 24.8293 13.0778 -2.98966 -1.44037 -50.3392
99.6301 24.8221 12.8261 -3.05409 -1.47155 -50.3663
99.6147 24.8146 12.5742 -3.11861 -1.50279 -50.3934
99.5989 24.807 12.3221 -3.18322 -1.53408 -50.4204
99.5828 24.7993 12.07 -3.24792 -1.56542 -50.4474
99.5664 24.7914 11.8177 -3.31272 -1.59681 -50.4744
99.5497 24.7833 11.5652 -3.3776 -1.62824 -50.5013
99.5327 24.7751 11.3127 -3.44258 -1.65973 -50.5282
99.5153 24.7667 11.06 -3.50765 -1.69127 -50.555
99.4976 24.7582 10.8071 -3.57281 -1.72286 -50.5819
99.4795 24.7495 10.5541 -3.63806 -1.7545 -50.6086
99.4612 24.7406 10.301 -3.7034 -1.78619 -50.6354
99.4425 24.7316 10.0478 -3.76884 -1.81793 -50.6621
99.4235 24.7225 9.7944 -3.83437 -1.84973 -50.6888
99.4042 24.7131 9.54089 -3.9 -1.88157 -50.7154
99.3845 24.7036 9.28725 -3.96571 -1.91346 -50.742
99.3645 24.694 9.03347 -4.03152 -1.94541 -50.7686
99.3442 24.6842 8.77956 -4.09743 -1.9774 -50.7951
99.3235 24.6742 8.52552 -4.16343 -2.00945 -50.8216
99.3026 24.6641 8.27135 -4.22952 -2.04155 -50.848
99.2812 24.6538 8.01704 -4.29571 -2.0737 -50.8744
99.2596 24.6434 7.7626 -4.36199 -2.1059 -50.9008
99.2376 24.6328 7.50803 -4.42836 -2.13816 -50.9271
99.2153 24.622 7.25333 -4.49484 -2.17046 -50.9534
99.1927 24.611 6.9985 -4.5614 -2.20282 -50.9797
99.1697 24.6 6.74353 -4.62806 -2.23523 -51.0059
99.1464 24.5887 6.48844 -4.69482 -2.26769 -51.0321
99.1228 24.5773 6.23321 -4.76167 -2.30021 -51.0582
99.0988 24.5657 5.97786 -4.82862 -2.33277 -51.0843
99.0745 24.5539 5.72237 -4.89567 -2.36539 -51.1104
99.0498 24.542 5.46675 -4.96281 -2.39806 -51.1364
99.0248 24.53 5.21101 -5.03005 -2.43079 -51.1624
98.9995 24.5177 4.95513 -5.09739 -2.46356 -51.1883
98.9739 24.5053 4.69912 -5.16482 -2.49639 -51.2142
98.9479 24.4928 4.44299 -5.23235 -2.52927 -51.2401
98.9215 24.48 4.18672 -5.29998 -2.56221 -51.2659
98.8949 24.4671 3.93033 -5.3677 -2.5952 -51.2917
98.8679 24.4541 3.6738 -5.43552 -2.62824 -51.3174
98.8405 24.4409 3.41715 -5.50344 -2.66134 -51.3431
98.8128 24.4275 3.16037 -5.57146 -2.69448 -51.3688
98.7848 24.4139 2.90347 -5.63958 -2.72769 -51.3944
98.7564 24.4002 2.64643 -5.7078 -2.76094 -51.42
98.7277 24.3863 2.38927 -5.77612 -2.79425 -51.4455
98.6987 24.3723 2.13197 -5.84453 -2.82762 -51.471
98.6693 24.358 1.87456 -5.91305 -2.86103 -51.4965
98.6395 24.3436 1.61701 -5.98166 -2.89451 -51.5219
98.6095 24.3291 1.35934 -6.05038 -2.92803 -51.5472
98.579 24.3144 1.10154 -6.11919 -2.96161 -51.5726
98.5483 24.2995 0.843611 -6.18811 -2.99525 -51.5978
98.5172 24.2844 0.585559 -6.25712 -3.02894 -51.6231
98.4857 24.2692 0.32738 -6.32624 -3.06268 -51.6483
98.4539 24.2538 0.069076 -6.39546 -3.09648 -51.6734
98.4217 24.2382 -0.189354 -6.46478 -3.13033 -51.6985
98.3892 24.2225 -0.447909 -6.5342 -3.16424 -51.7236
98.3564 24.2066 -0.70659 -6.60372 -3.19821 -51.7486
98.3232 24.1905 -0.965395 -6.67334 -3.23222 -51.7736
98.2897 24.1743 -1.22433 -6.74307 -3.2663 -51.7985
98.2558 24.1578 -1.48338 -6.8129 -3.30043 -51.8234
98.2215 24.1413 -1.74256 -6.88283 -3.33461 -51.8482
98.1869 24.1245 -2.00186 -6.95286 -3.36885 -51.873
98.152 24.1076 -2.26129 -7.023 -3.40315 -51.8978
98.1167 24.0905 -2.52084 -7.09324 -3.4375 -51.9225
98.0811 24.0732 -2.78051 -7.16358 -3.47191 -51.9471
98.0451 24.0557 -3.04031 -7.23403 -3.50637 -51.9717
98.0087 24.0381 -3.30023 -7.30458 -3.5409 -51.9963
97.972 24.0203 -3.56027 -7.37524 -3.57547 -52.0208
97.935 24.0024 -3.82044 -7.446 -3.6101 -52.0453
97.8976 23.9842 -4.08073 -7.51687 -3.64479 -52.0697
97.8598 23.9659 -4.34114 -7.58784 -3.67954 -52.0941
97.8217 23.9474 -4.60167 -7.65891 -3.71434 -52.1184
97.7832 23.9288 -4.86232 -7.73009 -3.7492 -52.1427
97.7444 23.9099 -5.1231 -7.80138 -3.78412 -52.167
97.7052 23.8909 -5.38399 -7.87277 -3.81909 -52.1912
97.6657 23.8718 -5.64501 -7.94427 -3.85412 -52.2153
97.6258 23.8524 -5.90614 -8.01588 -3.88921 -52.2394
97.5855 23.8329 -6.1674 -8.08759 -3.92436 -52.2634
97.5449 23.8132 -6.42878 -8.15941 -3.95956 -52.2874
97.5039 23.7933 -6.69028 -8.23133 -3.99482 -52.3114
97.4626 23.7732 -6.95189 -8.30337 -4.03014 -52.3353
97.4209 23.753 -7.21363 -8.37551 -4.06552 -52.3591
97.3788 23.7325 -7.47548 -8.44775 -4.10095 -52.3829
97.3364 23.712 -7.73746 -8.52011 -4.13644 -52.4067
97.2936 23.6912 -7.99955 -8.59257 -4.17199 -52.4304
97.2505 23.6702 -8.26176 -8.66515 -4.2076 -52.454
97.207 23.6491 -8.52409 -8.73783 -4.24327 -52.4776
97.1631 23.6278 -8.78654 -8.81062 -4.27899 -52.5012
97.1189 23.6063 -9.0491 -8.88352 -4.31478 -52.5247
97.0743 23.5847 -9.31179 -8.95653 -4.35062 -52.5481
97.0293 23.5628 -9.57458 -9.02965 -4.38652 -52.5715
96.984 23.5408 -9.8375 -9.10288 -4.42248 -52.5949
96.9383 23.5186 -10.1005 -9.17622 -4.4585 -52.6182
96.8922 23.4962 -10.3637 -9.24967 -4.49458 -52.6414
96.8458 23.4736 -10.6269 -9.32323 -4.53072 -52.6646
96.799 23.4509 -10.8903 -9.3969 -4.56691 -52.6877
96.7518 23.428 -11.1538 -9.47069 -4.60317 -52.7108
96.7043 23.4049 -11.4174 -9.54458 -4.63949 -52.7338
96.6564 23.3816 -11.6812 -9.61859 -4.67586 -52.7568
96.6081 23.3581 -11.945 -9.69271 -4.7123 -52.7797
96.5594 23.3345 -12.209 -9.76694 -4.7488 -52.8026
96.5104 23.3106 -12.473 -9.84128 -4.78535 -52.8254
96.461 23.2866 -12.7372 -9.91574 -4.82197 -52.8482
96.4113 23.2624 -13.0015 -9.9903 -4.85864 -52.8709
96.3611 23.238 -13.2659 -10.065 -4.89538 -52.8935
96.3106 23.2134 -13.5304 -10.1398 -4.93218 -52.9161
96.2597 23.1887 -13.7951 -10.2147 -4.96904 -52.9387
96.2085 23.1638 -14.0598 -10.2897 -5.00596 -52.9611
96.1568 23.1386 -14.3247 -10.3649 -5.04294 -52.9836
96.1048 23.1133 -14.5897 -10.4401 -5.07998 -53.0059
96.0524 23.0878 -14.8548 -10.5155 -5.11708 -53.0282
95.9997 23.0622 -15.12 -10.591 -5.15424 -53.0505
95.9465 23.0363 -15.3853 -10.6666 -5.19146 -53.0727
95.893 23.0102 -15.6507 -10.7423 -5.22875 -53.0949
95.8391 22.984 -15.9162 -10.8181 -5.2661 -53.1169
95.7848 22.9576 -16.1818 -10.894 -5.30351 -53.139
95.7301 22.931 -16.4476 -10.9701 -5.34098 -53.1609
95.6751 22.9042 -16.7135 -11.0463 -5.37851 -53.1829
95.6197 22.8772 -16.9794 -11.1226 -5.4161 -53.2047
95.5639 22.85 -17.2455 -11.199 -5.45376 -53.2265
95.5077 22.8226 -17.5117 -11.2755 -5.49148 -53.2482
95.4511 22.7951 -17.778 -11.3522 -5.52926 -53.2699
95.3942 22.7674 -18.0444 -11.4289 -5.5671 -53.2915
95.3368 22.7394 -18.3109 -11.5058 -5.60501 -53.3131
95.2791 22.7113 -18.5775 -11.5828 -5.64298 -53.3346
95.221 22.683 -18.8442 -11.6599 -5.68101 -53.356
95.1625 22.6545 -19.1111 -11.7372 -5.7191 -53.3774
95.1036 22.6258 -19.378 -11.8145 -5.75726 -53.3987
95.0444 22.5969 -19.6451 -11.892 -5.79548 -53.42
94.9847 22.5678 -19.9122 -11.9696 -5.83376 -53.4411
94.9247 22.5386 -20.1795 -12.0473 -5.87211 -53.4623
94.8642 22.5091 -20.4468 -12.1252 -5.91052 -53.4833
94.8034 22.4795 -20.7143 -12.2031 -5.94899 -53.5043
94.7422 22.4496 -20.9819 -12.2812 -5.98753 -53.5253
94.6806 22.4196 -21.2496 -12.3594 -6.02613 -53.5462
94.6186 22.3894 -21.5173 -12.4377 -6.06479 -53.567
94.5562 22.359 -21.7852 -12.5162 -6.10352 -53.5877
94.4935 22.3283 -22.0532 -12.5947 -6.14231 -53.6084
94.4303 22.2975 -22.3213 -12.6734 -6.18117 -53.629
94.3667 22.2665 -22.5895 -12.7522 -6.22009 -53.6496
94.3028 22.2353 -22.8578 -12.8312 -6.25908 -53.6701
94.2384 22.2039 -23.1262 -12.9102 -6.29813 -53.6905
94.1737 22.1724 -23.3947 -12.9894 -6.33724 -53.7109
94.1085 22.1406 -23.6633 -13.0687 -6.37642 -53.7312
94.043 22.1086 -23.932 -13.1481 -6.41566 -53.7514
93.977 22.0764 -24.2008 -13.2277 -6.45497 -53.7716
93.9107 22.044 -24.4697 -13.3074 -6.49435 -53.7916
93.844 22.0115 -24.7388 -13.3872 -6.53379 -53.8117
93.7768 21.9787 -25.0079 -13.4671 -6.57329 -53.8316
93.7093 21.9457 -25.2771 -13.5471 -6.61286 -53.8515
93.6414 21.9126 -25.5464 -13.6273 -6.65249 -53.8713
93.573 21.8792 -25.8158 -13.7076 -6.69219 -53.8911
93.5043 21.8456 -26.0853 -13.788 -6.73196 -53.9108
93.4351 21.8119 -26.3549 -13.8686 -6.77179 -53.9304
93.3656 21.7779 -26.6246 -13.9493 -6.81169 -53.9499
93.2956 21.7438 -26.8944 -14.0301 -6.85165 -53.9694
93.2253 21.7094 -27.1643 -14.111 -6.89168 -53.9888
93.1545 21.6749 -27.4343 -14.1921 -6.93177 -54.0082
93.0834 21.6401 -27.7044 -14.2733 -6.97193 -54.0274
93.0118 21.6051 -27.9746 -14.3546 -7.01216 -54.0466
92.9398 21.57 -28.2448 -14.436 -7.05246 -54.0657
92.8674 21.5346 -28.5152 -14.5176 -7.09282 -54.0848
92.7946 21.499 -28.7857 -14.5993 -7.13324 -54.1038
92.7214 21.4633 -29.0563 -14.6811 -7.17374 -54.1227
92.6478 21.4273 -29.3269 -14.7631 -7.2143 -54.1415
92.5738 21.3911 -29.5977 -14.8452 -7.25492 -54.1602
92.4994 21.3548 -29.8685 -14.9274 -7.29562 -54.1789
92.4245 21.3182 -30.1395 -15.0098 -7.33638 -54.1975
92.3493 21.2814 -30.4105 -15.0923 -7.37721 -54.2161
92.2736 21.2444 -30.6816 -15.1749 -7.4181 -54.2345
92.1975 21.2072 -30.9528 -15.2576 -7.45907 -54.2529
92.121 21.1698 -31.2241 -15.3405 -7.5001 -54.2712
92.0441 21.1322 -31.4955 -15.4235 -7.54119 -54.2894
91.9668 21.0944 -31.767 -15.5066 -7.58236 -54.3076
91.8891 21.0564 -32.0386 -15.5899 -7.62359 -54.3257
91.8109 21.0182 -32.3103 -15.6733 -7.66489 -54.3437
91.7323 20.9797 -32.5821 -15.7569 -7.70626 -54.3616
91.6533 20.9411 -32.8539 -15.8405 -7.7477 -54.3794
91.5739 20.9023 -33.1259 -15.9243 -7.7892 -54.3972
91.4941 20.8632 -33.3979 -16.0083 -7.83077 -54.4149
91.4138 20.824 -33.67 -16.0924 -7.87241 -54.4325
91.3332 20.7845 -33.9422 -16.1766 -7.91412 -54.45
91.2521 20.7448 -34.2145 -16.2609 -7.9559 -54.4675
91.1706 20.7049 -34.4869 -16.3454 -7.99774 -54.4848
91.0886 20.6648 -34.7594 -16.43 -8.03966 -54.5021
91.0063 20.6245 -35.0319 -16.5147 -8.08164 -54.5193
90.9235 20.584 -35.3045 -16.5996 -8.12369 -54.5364
90.8403 20.5433 -35.5773 -16.6847 -8.16581 -54.5535
90.7566 20.5024 -35.8501 -16.7698 -8.208 -54.5704
90.6726 20.4612 -36.123 -16.8551 -8.25025 -54.5873
90.5881 20.4199 -36.396 -16.9405 -8.29258 -54.6041
90.5032 20.3783 -36.669 -17.0261 -8.33497 -54.6208
90.4178 20.3365 -36.9422 -17.1118 -8.37744 -54.6374
90.332 20.2945 -37.2154 -17.1977 -8.41997 -54.6539
90.2458 20.2523 -37.4887 -17.2836 -8.46257 -54.6704
90.1592 20.2099 -37.7621 -17.3698 -8.50524 -54.6867
90.0721 20.1673 -38.0356 -17.456 -8.54798 -54.703
89.9846 20.1244 -38.3091 -17.5424 -8.59079 -54.7192
89.8967 20.0814 -38.5828 -17.629 -8.63367 -54.7353
89.8084 20.0381 -38.8565 -17.7156 -8.67662 -54.7513
89.7196 19.9946 -39.1303 -17.8025 -8.71964 -54.7673
89.6303 19.9509 -39.4041 -17.8894 -8.76272 -54.7831
89.5407 19.907 -39.6781 -17.9765 -8.80588 -54.7988
89.4506 19.8628 -39.9521 -18.0638 -8.84911 -54.8145
89.36 19.8185 -40.2262 -18.1511 -8.8924 -54.8301
89.2691 19.7739 -40.5004 -18.2387 -8.93577 -54.8455
89.1776 19.7291 -40.7747 -18.3263 -8.9792 -54.8609
89.0858 19.6841 -41.049 -18.4141 -9.02271 -54.8762
88.9935 19.6389 -41.3235 -18.5021 -9.06628 -54.8914
88.9008 19.5934 -41.598 -18.5902 -9.10993 -54.9065
88.8076 19.5478 -41.8725 -18.6784 -9.15364 -54.9216
88.714 19.5019 -42.1472 -18.7668 -9.19743 -54.9365
88.6199 19.4558 -42.4219 -18.8553 -9.24128 -54.9513
88.5254 19.4095 -42.6967 -18.944 -9.28521 -54.966
88.4305 19.363 -42.9716 -19.0328 -9.32921 -54.9807
88.3351 19.3162 -43.2465 -19.1218 -9.37327 -54.9952
88.2393 19.2692 -43.5215 -19.2109 -9.41741 -55.0097
88.143 19.222 -43.7966 -19.3001 -9.46161 -55.024
88.0463 19.1746 -44.0717 -19.3895 -9.50589 -55.0383
87.9491 19.127 -44.347 -19.479 -9.55023 -55.0524
87.8515 19.0791 -44.6223 -19.5687 -9.59465 -55.0665
87.7534 19.031 -44.8976 -19.6586 -9.63914 -55.0804
87.6549 18.9827 -45.1731 -19.7485 -9.68369 -55.0943
87.5559 18.9342 -45.4486 -19.8387 -9.72832 -55.1081
87.4565 18.8854 -45.7242 -19.9289 -9.77302 -55.1217
87.3566 18.8365 -45.9998 -20.0194 -9.81779 -55.1353
87.2563 18.7873 -46.2755 -20.1099 -9.86262 -55.1487
87.1555 18.7378 -46.5513 -20.2006 -9.90753 -55.1621
87.0543 18.6882 -46.8271 -20.2915 -9.95251 -55.1753
86.9526 18.6383 -47.103 -20.3825 -9.99756 -55.1885
86.8505 18.5882 -47.379 -20.4737 -10.0427 -55.2015
86.7479 18.5379 -47.6551 -20.565 -10.0879 -55.2144
86.6448 18.4873 -47.9312 -20.6565 -10.1331 -55.2273
86.5413 18.4365 -48.2073 -20.7481 -10.1785 -55.24
86.4374 18.3855 -48.4836 -20.8398 -10.2239 -55.2526
86.3329 18.3343 -48.7599 -20.9318 -10.2693 -55.2651
86.228 18.2828 -49.0362 -21.0238 -10.3149 -55.2775
86.1227 18.2312 -49.3126 -21.1161 -10.3605 -55.2898
86.0169 18.1792 -49.5891 -21.2084 -10.4062 -55.302
85.9106 18.1271 -49.8656 -21.3009 -10.4519 -55.3141
85.8039 18.0747 -50.1422 -21.3936 -10.4977 -55.326
85.6967 18.0221 -50.4189 -21.4865 -10.5436 -55.3379
85.589 17.9693 -50.6956 -21.5794 -10.5896 -55.3496
85.4809 17.9162 -50.9724 -21.6726 -10.6356 -55.3612
85.3723 17.8629 -51.2492 -21.7659 -10.6817 -55.3727
85.2632 17.8094 -51.5261 -21.8593 -10.7279 -55.3841
85.1537 17.7557 -51.8031 -21.9529 -10.7742 -55.3954
85.0437 17.7017 -52.0801 -22.0467 -10.8205 -55.4066
84.9332 17.6474 -52.3571 -22.1406 -10.8668 -55.4176
84.8223 17.593 -52.6343 -22.2347 -10.9133 -55.4286
84.7109 17.5383 -52.9114 -22.3289 -10.9598 -55.4394
84.599 17.4834 -53.1887 -22.4233 -11.0064 -55.4501
84.4866 17.4283 -53.4659 -22.5178 -11.0531 -55.4607
84.3738 17.3729 -53.7433 -22.6125 -11.0998 -55.4711
84.2605 17.3173 -54.0206 -22.7074 -11.1466 -55.4815
84.1467 17.2614 -54.2981 -22.8024 -11.1935 -55.4917
84.0325 17.2053 -54.5756 -22.8975 -11.2404 -55.5018
83.9178 17.149 -54.8531 -22.9929 -11.2874 -55.5118
83.8026 17.0924 -55.1307 -23.0884 -11.3345 -55.5216
83.6869 17.0357 -55.4083 -23.184 -11.3817 -55.5313
83.5707 16.9786 -55.686 -23.2798 -11.4289 -55.5409
83.4541 16.9214 -55.9637 -23.3758 -11.4762 -55.5504
83.337 16.8639 -56.2415 -23.4719 -11.5235 -55.5598
83.2194 16.8061 -56.5193 -23.5682 -11.5709 -55.569
83.1013 16.7482 -56.7972 -23.6646 -11.6184 -55.5781
82.9827 16.6899 -57.0751 -23.7612 -11.666 -55.5871
82.8637 16.6315 -57.3531 -23.858 -11.7136 -55.5959
82.7441 16.5728 -57.6311 -23.9549 -11.7613 -55.6046
82.6241 16.5139 -57.9091 -24.052 -11.8091 -55.6132
82.5036 16.4547 -58.1872 -24.1493 -11.857 -55.6216
82.3826 16.3953 -58.4653 -24.2467 -11.9049 -55.63
82.2611 16.3357 -58.7435 -24.3443 -11.9528 -55.6381
82.1392 16.2758 -59.0217 -24.442 -12.0009 -55.6462
82.0167 16.2157 -59.3 -24.5399 -12.049 -55.6541
81.8938 16.1553 -59.5782 -24.638 -12.0972 -55.6619
81.7703 16.0947 -59.8566 -24.7362 -12.1454 -55.6695
81.6464 16.0338 -60.1349 -24.8346 -12.1938 -55.677
81.522 15.9728 -60.4133 -24.9332 -12.2422 -55.6844
81.3971 15.9114 -60.6918 -25.0319 -12.2906 -55.6916
81.2717 15.8498 -60.9703 -25.1308 -12.3392 -55.6987
81.1458 15.788 -61.2488 -25.2299 -12.3877 -55.7056
81.0194 15.726 -61.5273 -25.3291 -12.4364 -55.7124
80.8925 15.6637 -61.8059 -25.4285 -12.4852 -55.7191
80.7651 15.6011 -62.0845 -25.528 -12.534 -55.7256
80.6372 15.5383 -62.3631 -25.6277 -12.5828 -55.7319
80.5088 15.4753 -62.6418 -25.7276 -12.6318 -55.7381
80.3799 15.412 -62.9205 -25.8277 -12.6808 -55.7442
80.2505 15.3485 -63.1993 -25.9279 -12.7299 -55.7501
80.1206 15.2847 -63.478 -26.0283 -12.779 -55.7559
79.9903 15.2207 -63.7568 -26.1288 -12.8282 -55.7615
79.8594 15.1564 -64.0356 -26.2295 -12.8775 -55.767
79.728 15.0919 -64.3145 -26.3304 -12.9269 -55.7723
79.5961 15.0272 -64.5934 -26.4315 -12.9763 -55.7775
79.4636 14.9622 -64.8723 -26.5327 -13.0258 -55.7825
79.3307 14.8969 -65.1512 -26.6341 -13.0754 -55.7873
79.1973 14.8314 -65.4301 -26.7357 -13.125 -55.792
79.0634 14.7656 -65.7091 -26.8374 -13.1747 -55.7965
78.9289 14.6997 -65.9881 -26.9393 -13.2245 -55.8009
78.794 14.6334 -66.2671 -27.0414 -13.2743 -55.8051
78.6585 14.5669 -66.5462 -27.1436 -13.3242 -55.8091
78.5225 14.5002 -66.8252 -27.246 -13.3742 -55.813
78.3861 14.4332 -67.1043 -27.3486 -13.4243 -55.8167
78.2491 14.3659 -67.3834 -27.4514 -13.4744 -55.8203
78.1115 14.2984 -67.6625 -27.5543 -13.5246 -55.8237
77.9735 14.2307 -67.9416 -27.6574 -13.5748 -55.8269
77.835 14.1627 -68.2208 -27.7607 -13.6252 -55.8299
77.6959 14.0944 -68.4999 -27.8641 -13.6756 -55.8328
77.5563 14.0259 -68.7791 -27.9677 -13.726 -55.8355
77.4162 13.9572 -69.0583 -28.0715 -13.7766 -55.8381
77.2756 13.8882 -69.3375 -28.1755 -13.8272 -55.8404
77.1345 13.8189 -69.6167 -28.2796 -13.8779 -55.8426
76.9928 13.7494 -69.8959 -28.3839 -13.9286 -55.8446
76.8506 13.6796 -70.1751 -28.4884 -13.9795 -55.8464
76.7079 13.6096 -70.4544 -28.5931 -14.0304 -55.8481
76.5647 13.5393 -70.7336 -28.6979 -14.0813 -55.8495
76.4209 13.4688 -71.0129 -28.8029 -14.1324 -55.8508
76.2767 13.398 -71.2921 -28.9081 -14.1835 -55.8519
76.1319 13.3269 -71.5714 -29.0135 -14.2347 -55.8528
75.9865 13.2556 -71.8506 -29.119 -14.2859 -55.8535
75.8407 13.1841 -72.1299 -29.2247 -14.3373 -55.854
75.6943 13.1123 -72.4092 -29.3306 -14.3887 -55.8544
75.5474 13.0402 -72.6885 -29.4367 -14.4401 -55.8545
75.3999 12.9679 -72.9677 -29.5429 -14.4917 -55.8545
75.2519 12.8953 -73.247 -29.6494 -14.5433 -55.8543
75.1034 12.8224 -73.5263 -29.756 -14.595 -55.8538
74.9544 12.7493 -73.8055 -29.8628 -14.6468 -55.8532
74.8048 12.676 -74.0848 -29.9697 -14.6987 -55.8524
74.6547 12.6023 -74.3641 -30.0769 -14.7506 -55.8513
74.504 12.5285 -74.6433 -30.1842 -14.8026 -55.8501
74.3528 12.4543 -74.9226 -30.2917 -14.8547 -55.8487
74.2011 12.3799 -75.2018 -30.3994 -14.9068 -55.847
74.0488 12.3052 -75.481 -30.5072 -14.9591 -55.8452
73.896 12.2303 -75.7603 -30.6153 -15.0114 -55.8432
73.7427 12.1551 -76.0395 -30.7235 -15.0638 -55.8409
73.5888 12.0797 -76.3187 -30.8319 -15.1163 -55.8384
73.4344 12.004 -76.5978 -30.9405 -15.1688 -55.8357
73.2794 11.928 -76.877 -31.0493 -15.2214 -55.8329
73.1239 11.8517 -77.1562 -31.1582 -15.2741 -55.8297
72.9678 11.7752 -77.4353 -31.2673 -15.3269 -55.8264
72.8112 11.6985 -77.7144 -31.3767 -15.3798 -55.8229
72.6541 11.6214 -77.9935 -31.4862 -15.4328 -55.8191
72.4963 11.5442 -78.2726 -31.5959 -15.4858 -55.8151
72.3381 11.4666 -78.5517 -31.7057 -15.5389 -55.8109
72.1793 11.3888 -78.8307 -31.8158 -15.5921 -55.8065
72.0199 11.3107 -79.1098 -31.926 -15.6454 -55.8018
71.86 11.2323 -79.3888 -32.0365 -15.6988 -55.7969
71.6996 11.1537 -79.6677 -32.1471 -15.7523 -55.7918
71.5386 11.0748 -79.9467 -32.2579 -15.8058 -55.7865
71.377 10.9956 -80.2256 -32.3689 -15.8594 -55.7809
71.2149 10.9162 -80.5045 -32.4801 -15.9132 -55.7751
71.0522 10.8365 -80.7833 -32.5914 -15.967 -55.7691
70.889 10.7565 -81.0622 -32.703 -16.0209 -55.7628
70.7252 10.6763 -81.341 -32.8147 -16.0749 -55.7563
70.5608 10.5958 -81.6197 -32.9267 -16.1289 -55.7495
70.3959 10.515 -81.8985 -33.0388 -16.1831 -55.7425
70.2304 10.4339 -82.1772 -33.1511 -16.2374 -55.7353
70.0644 10.3526 -82.4558 -33.2636 -16.2917 -55.7278
69.8978 10.271 -82.7344 -33.3763 -16.3462 -55.7201
69.7306 10.1892 -83.013 -33.4892 -16.4008 -55.7121
69.5629 10.107 -83.2916 -33.6023 -16.4554 -55.7038
69.3946 10.0246 -83.5701 -33.7156 -16.5101 -55.6954
69.2257 9.94192 -83.8485 -33.829 -16.565 -55.6866
69.0563 9.85895 -84.1269 -33.9427 -16.6199 -55.6777
68.8863 9.77572 -84.4053 -34.0565 -16.6749 -55.6684
68.7157 9.69221 -84.6836 -34.1706 -16.7301 -55.6589
68.5446 9.60842 -84.9619 -34.2848 -16.7853 -55.6492
68.3729 9.52435 -85.2401 -34.3993 -16.8407 -55.6392
68.2006 9.44001 -85.5183 -34.5139 -16.8961 -55.6289
68.0278 9.35539 -85.7964 -34.6287 -16.9516 -55.6184
67.8543 9.27049 -86.0745 -34.7438 -17.0073 -55.6076
67.6803 9.18532 -86.3525 -34.859 -17.0631 -55.5966
67.5057 9.09986 -86.6304 -34.9744 -17.1189 -55.5852
67.3306 9.01413 -86.9083 -35.0901 -17.1749 -55.5736
67.1548 8.92811 -87.1862 -35.2059 -17.231 -55.5618
66.9785 8.84182 -87.4639 -35.3219 -17.2872 -55.5497
66.8016 8.75524 -87.7417 -35.4381 -17.3434 -55.5373
66.6241 8.66839 -88.0193 -35.5545 -17.3999 -55.5246
66.4461 8.58125 -88.2969 -35.6712 -17.4564 -55.5117
66.2674 8.49382 -88.5744 -35.788 -17.513 -55.4984
66.0882 8.40612 -88.8519 -35.905 -17.5698 -55.485
65.9084 8.31812 -89.1293 -36.0222 -17.6266 -55.4712
65.728 8.22985 -89.4066 -36.1397 -17.6836 -55.4571
65.547 8.14129 -89.6838 -36.2573 -17.7407 -55.4428
65.3654 8.05244 -89.961 -36.3752 -17.7979 -55.4282
65.1832 7.96331 -90.2381 -36.4932 -17.8552 -55.4133
65.0005 7.87389 -90.5152 -36.6115 -17.9127 -55.3981
64.8171 7.78418 -90.7921 -36.7299 -17.9702 -55.3827
64.6332 7.69419 -91.069 -36.8486 -18.0279 -55.3669
64.4486 7.6039 -91.3458 -36.9674 -18.0857 -55.3509
64.2635 7.51333 -91.6225 -37.0865 -18.1437 -55.3346
64.0778 7.42247 -91.8991 -37.2058 -18.2017 -55.3179
63.8914 7.33131 -92.1757 -37.3253 -18.2599 -55.301
63.7045 7.23987 -92.4521 -37.445 -18.3182 -55.2838
63.517 7.14813 -92.7285 -37.5649 -18.3767 -55.2663
63.3288 7.0561 -93.0048 -37.685 -18.4352 -55.2486
63.1401 6.96378 -93.281 -37.8054 -18.4939 -55.2305
62.9508 6.87116 -93.5571 -37.9259 -18.5527 -55.2121
62.7609 6.77825 -93.8331 -38.0467 -18.6117 -55.1934
62.5703 6.68505 -94.109 -38.1676 -18.6708 -55.1744
62.3792 6.59154 -94.3849 -38.2888 -18.73 -55.1552
62.1874 6.49775 -94.6606 -38.4102 -18.7893 -55.1356
61.9951 6.40365 -94.9362 -38.5318 -18.8488 -55.1157
61.8021 6.30926 -95.2117 -38.6537 -18.9084 -55.0955
61.6085 6.21457 -95.4872 -38.7757 -18.9681 -55.075
61.4144 6.11958 -95.7625 -38.8979 -19.028 -55.0542
61.2196 6.02429 -96.0377 -39.0204 -19.088 -55.0331
61.0242 5.9287 -96.3128 -39.1431 -19.1481 -55.0117
60.8281 5.83281 -96.5878 -39.266 -19.2084 -54.99
60.6315 5.73661 -96.8627 -39.3891 -19.2688 -54.968
60.4342 5.64012 -97.1375 -39.5125 -19.3294 -54.9456
60.2364 5.54332 -97.4122 -39.636 -19.3901 -54.923
60.0379 5.44622 -97.6867 -39.7598 -19.4509 -54.9
59.8388 5.34881 -97.9612 -39.8838 -19.5119 -54.8767
59.639 5.2511 -98.2355 -40.008 -19.573 -54.8531
59.4387 5.15308 -98.5097 -40.1324 -19.6342 -54.8292
59.2377 5.05476 -98.7838 -40.2571 -19.6956 -54.805
59.0361 4.95612 -99.0578 -40.382 -19.7571 -54.7804
58.8339 4.85718 -99.3316 -40.5071 -19.8188 -54.7555
58.6311 4.75794 -99.6053 -40.6324 -19.8806 -54.7303
58.4276 4.65838 -99.8789 -40.758 -19.9426 -54.7048
58.2235 4.55851 -100.152 -40.8837 -20.0047 -54.679
58.0187 4.45833 -100.426 -41.0097 -20.0669 -54.6528
57.8134 4.35784 -100.699 -41.1359 -20.1293 -54.6263
57.6074 4.25704 -100.972 -41.2624 -20.1918 -54.5994
57.4008 4.15592 -101.245 -41.3891 -20.2545 -54.5723
57.1935 4.05449 -101.518 -41.516 -20.3173 -54.5448
56.9856 3.95275 -101.79 -41.6431 -20.3802 -54.517
56.7771 3.85069 -102.063 -41.7704 -20.4433 -54.4888
56.5679 3.74832 -102.335 -41.898 -20.5066 -54.4603
56.3581 3.64563 -102.607 -42.0258 -20.57 -54.4315
56.1476 3.54262 -102.88 -42.1539 -20.6335 -54.4024
55.9365 3.43929 -103.151 -42.2821 -20.6972 -54.3729
55.7248 3.33565 -103.423 -42.4106 -20.761 -54.343
55.5124 3.23168 -103.695 -42.5393 -20.825 -54.3129
55.2994 3.1274 -103.966 -42.6683 -20.8891 -54.2823
55.0857 3.02279 -104.238 -42.7975 -20.9534 -54.2515
54.8714 2.91786 -104.509 -42.9269 -21.0178 -54.2203
54.6565 2.81261 -104.78 -43.0565 -21.0823 -54.1887
54.4409 2.70704 -105.051 -43.1864 -21.147 -54.1568
54.2246 2.60114 -105.322 -43.3165 -21.2119 -54.1246
54.0077 2.49492 -105.592 -43.4469 -21.2768 -54.092
53.7901 2.38837 -105.862 -43.5775 -21.342 -54.059
53.5719 2.2815 -106.133 -43.7083 -21.4073 -54.0257
53.3531 2.1743 -106.403 -43.8393 -21.4727 -53.992
53.1335 2.06678 -106.673 -43.9706 -21.5382 -53.958
52.9134 1.95892 -106.942 -44.1021 -21.604 -53.9236
52.6925 1.85074 -107.212 -44.2339 -21.6698 -53.8889
52.471 1.74222 -107.481 -44.3659 -21.7358 -53.8538
52.2489 1.63338 -107.75 -44.4981 -21.802 -53.8184
52.026 1.5242 -108.019 -44.6305 -21.8683 -53.7825
51.8026 1.4147 -108.288 -44.7632 -21.9347 -53.7463
51.5784 1.30486 -108.557 -44.8962 -22.0013 -53.7098
51.3536 1.19468 -108.825 -45.0294 -22.068 -53.6729
51.1281 1.08418 -109.094 -45.1628 -22.1349 -53.6356
50.902 0.973333 -109.362 -45.2964 -22.2019 -53.5979
50.6751 0.862156 -109.63 -45.4303 -22.2691 -53.5599
50.4477 0.750643 -109.897 -45.5644 -22.3364 -53.5214
50.2195 0.638793 -110.165 -45.6988 -22.4038 -53.4826
49.9907 0.526605 -110.432 -45.8334 -22.4714 -53.4435
49.7612 0.414079 -110.699 -45.9683 -22.5391 -53.4039
49.531 0.301214 -110.966 -46.1034 -22.607 -53.364
49.3001 0.188009 -111.233 -46.2387 -22.675 -53.3237
49.0686 0.0744642 -111.499 -46.3743 -22.7431 -53.2829
48.8364 -0.0394221 -111.766 -46.5101 -22.8114 -53.2418
48.6035 -0.15365 -112.032 -46.6461 -22.8799 -53.2004
48.3699 -0.268221 -112.298 -46.7824 -22.9485 -53.1585
48.1357 -0.383135 -112.563 -46.919 -23.0172 -53.1162
47.9007 -0.498392 -112.829 -47.0558 -23.086 -53.0735
47.6651 -0.613995 -113.094 -47.1928 -23.155 -53.0305
47.4288 -0.729942 -113.359 -47.3301 -23.2241 -52.987
47.1918 -0.846236 -113.624 -47.4676 -23.2934 -52.9431
46.9541 -0.962876 -113.889 -47.6054 -23.3628 -52.8988
46.7158 -1.07986 -114.153 -47.7434 -23.4324 -52.8541
46.4767 -1.1972 -114.417 -47.8816 -23.502 -52.8091
46.2369 -1.31488 -114.681 -48.0201 -23.5719 -52.7635
45.9965 -1.43292 -114.945 -48.1589 -23.6418 -52.7176
45.7554 -1.5513 -115.208 -48.2979 -23.7119 -52.6713
45.5135 -1.67004 -115.471 -48.4371 -23.7821 -52.6245
45.271 -1.78912 -115.734 -48.5766 -23.8525 -52.5774
45.0277 -1.90856 -115.997 -48.7163 -23.923 -52.5298
44.7838 -2.02835 -116.26 -48.8563 -23.9936 -52.4818
44.5392 -2.1485 -116.522 -48.9966 -24.0643 -52.4333
44.2939 -2.269 -116.784 -49.1371 -24.1352 -52.3845
44.0478 -2.38985 -117.046 -49.2778 -24.2062 -52.3352
43.8011 -2.51106 -117.307 -49.4188 -24.2774 -52.2854
43.5536 -2.63262 -117.569 -49.56 -24.3487 -52.2353
43.3055 -2.75454 -117.83 -49.7015 -24.4201 -52.1847
43.0566 -2.87682 -118.091 -49.8432 -24.4916 -52.1336
42.807 -2.99946 -118.351 -49.9852 -24.5633 -52.0821
42.5568 -3.12246 -118.611 -50.1274 -24.635 -52.0302
42.3058 -3.24581 -118.871 -50.2699 -24.707 -51.9778
42.0541 -3.36953 -119.131 -50.4127 -24.779 -51.925
41.8016 -3.4936 -119.391 -50.5557 -24.8512 -51.8717
41.5485 -3.61804 -119.65 -50.6989 -24.9234 -51.8179
41.2946 -3.74284 -119.909 -50.8424 -24.9959 -51.7637
41.0401 -3.868 -120.168 -50.9862 -25.0684 -51.7091
40.7848 -3.99352 -120.426 -51.1302 -25.1411 -51.654
40.5288 -4.11941 -120.684 -51.2744 -25.2138 -51.5984
40.272 -4.24566 -120.942 -51.419 -25.2867 -51.5423
40.0146 -4.37227 -121.199 -51.5637 -25.3597 -51.4858
39.7564 -4.49925 -121.457 -51.7088 -25.4329 -51.4288
39.4975 -4.6266 -121.714 -51.854 -25.5061 -51.3713
39.2379 -4.75432 -121.97 -51.9996 -25.5795 -51.3134
38.9775 -4.8824 -122.227 -52.1454 -25.653 -51.2549
38.7164 -5.01085 -122.483 -52.2914 -25.7266 -51.196
38.4546 -5.13966 -122.739 -52.4377 -25.8003 -51.1366
38.192 -5.26885 -122.994 -52.5843 -25.8741 -51.0767
37.9287 -5.3984 -123.25 -52.7311 -25.9481 -51.0163
37.6647 -5.52833 -123.505 -52.8782 -26.0221 -50.9554
37.4 -5.65863 -123.759 -53.0256 -26.0963 -50.894
37.1345 -5.78929 -124.013 -53.1732 -26.1706 -50.8321
36.8682 -5.92033 -124.267 -53.321 -26.2449 -50.7697
36.6013 -6.05174 -124.521 -53.4692 -26.3194 -50.7068
36.3335 -6.18353 -124.775 -53.6176 -26.394 -50.6434
36.0651 -6.31568 -125.028 -53.7662 -26.4687 -50.5795
35.7959 -6.44821 -125.28 -53.9151 -26.5435 -50.515
35.5259 -6.58112 -125.533 -54.0643 -26.6184 -50.45
35.2552 -6.7144 -125.785 -54.2137 -26.6934 -50.3846
34.9838 -6.84805 -126.037 -54.3634 -26.7685 -50.3185
34.7116 -6.98208 -126.288 -54.5134 -26.8437 -50.252
34.4387 -7.11649 -126.539 -54.6636 -26.919 -50.1849
34.165 -7.25127 -126.79 -54.8141 -26.9944 -50.1173
33.8905 -7.38643 -127.04 -54.9648 -27.0699 -50.0491
33.6153 -7.52197 -127.29 -55.1158 -27.1455 -49.9804
33.3394 -7.65789 -127.54 -55.2671 -27.2212 -49.9112
33.0626 -7.79418 -127.789 -55.4187 -27.297 -49.8414
32.7852 -7.93086 -128.039 -55.5705 -27.3728 -49.771
32.5069 -8.06791 -128.287 -55.7226 -27.4488 -49.7001
32.2279 -8.20534 -128.536 -55.8749 -27.5248 -49.6286
31.9482 -8.34316 -128.783 -56.0275 -27.6009 -49.5566
31.6677 -8.48135 -129.031 -56.1804 -27.6772 -49.484
31.3864 -8.61993 -129.278 -56.3336 -27.7535 -49.4108
31.1043 -8.75889 -129.525 -56.487 -27.8298 -49.3371
30.8215 -8.89823 -129.772 -56.6407 -27.9063 -49.2628
30.5379 -9.03795 -130.018 -56.7947 -27.9828 -49.1879
30.2536 -9.17806 -130.264 -56.9489 -28.0594 -49.1124
29.9684 -9.31855 -130.509 -57.1034 -28.1361 -49.0363
29.6825 -9.45942 -130.754 -57.2582 -28.2129 -48.9596
29.3958 -9.60067 -130.999 -57.4133 -28.2897 -48.8824
29.1084 -9.74231 -131.243 -57.5686 -28.3666 -48.8045
28.8202 -9.88434 -131.487 -57.7242 -28.4436 -48.726
28.5311 -10.0268 -131.73 -57.8801 -28.5207 -48.647
28.2414 -10.1695 -131.973 -58.0363 -28.5978 -48.5673
27.9508 -10.3127 -132.216 -58.1927 -28.675 -48.487
27.6594 -10.4563 -132.458 -58.3494 -28.7522 -48.4061
27.3673 -10.6003 -132.7 -58.5064 -28.8295 -48.3245
27.0744 -10.7446 -132.941 -58.6637 -28.9069 -48.2424
26.7807 -10.8893 -133.182 -58.8212 -28.9843 -48.1596
26.4862 -11.0344 -133.423 -58.9791 -29.0618 -48.0761
26.1909 -11.1799 -133.663 -59.1372 -29.1393 -47.9921
25.8948 -11.3258 -133.903 -59.2956 -29.2169 -47.9073
25.5979 -11.4721 -134.142 -59.4542 -29.2945 -47.822
25.3002 -11.6188 -134.381 -59.6132 -29.3722 -47.736
25.0018 -11.7658 -134.619 -59.7725 -29.4499 -47.6493
24.7025 -11.9133 -134.857 -59.932 -29.5277 -47.562
24.4025 -12.0611 -135.095 -60.0918 -29.6055 -47.474
24.1016 -12.2093 -135.332 -60.2519 -29.6834 -47.3853
23.7999 -12.3579 -135.569 -60.4123 -29.7613 -47.296
23.4975 -12.5069 -135.805 -60.573 -29.8392 -47.206
23.1942 -12.6563 -136.041 -60.734 -29.9171 -47.1153
22.8901 -12.8061 -136.276 -60.8952 -29.9951 -47.024
22.5852 -12.9563 -136.511 -61.0568 -30.0731 -46.9319
22.2796 -13.1068 -136.746 -61.2186 -30.1512 -46.8392
21.9731 -13.2578 -136.98 -61.3808 -30.2292 -46.7457
21.6657 -13.4091 -137.213 -61.5432 -30.3073 -46.6516
21.3576 -13.5609 -137.446 -61.7059 -30.3854 -46.5567
21.0487 -13.713 -137.679 -61.869 -30.4635 -46.4611
20.7389 -13.8655 -137.911 -62.0323 -30.5416 -46.3648
20.4284 -14.0184 -138.142 -62.1959 -30.6198 -46.2678
20.117 -14.1717 -138.373 -62.3599 -30.6979 -46.1701
19.8048 -14.3254 -138.604 -62.5241 -30.7761 -46.0716
19.4917 -14.4795 -138.834 -62.6886 -30.8542 -45.9724
19.1779 -14.6339 -139.064 -62.8535 -30.9324 -45.8725
18.8632 -14.7888 -139.293 -63.0186 -31.0105 -45.7718
18.5477 -14.944 -139.521 -63.1841 -31.0886 -45.6703
18.2314 -15.0997 -139.75 -63.3498 -31.1667 -45.5681
17.9142 -15.2557 -139.977 -63.5159 -31.2448 -45.4652
17.5962 -15.4121 -140.204 -63.6823 -31.3229 -45.3614
17.2774 -15.5689 -140.431 -63.849 -31.401 -45.257
16.9577 -15.7261 -140.657 -64.016 -31.479 -45.1517
16.6372 -15.8837 -140.882 -64.1833 -31.557 -45.0456
16.3159 -16.0417 -141.107 -64.351 -31.635 -44.9388
15.9937 -16.2001 -141.332 -64.5189 -31.713 -44.8311
15.6707 -16.3588 -141.555 -64.6872 -31.7909 -44.7227
15.3468 -16.518 -141.779 -64.8558 -31.8687 -44.6135
15.0221 -16.6775 -142.002 -65.0248 -31.9465 -44.5034
14.6966 -16.8374 -142.224 -65.194 -32.0243 -44.3926
14.3702 -16.9978 -142.446 -65.3636 -32.102 -44.2809
14.0429 -17.1585 -142.667 -65.5335 -32.1796 -44.1684
13.7148 -17.3196 -142.887 -65.7038 -32.2572 -44.055
13.3859 -17.481 -143.107 -65.8744 -32.3347 -43.9408
13.0561 -17.6429 -143.327 -66.0453 -32.4122 -43.8258
12.7254 -17.8052 -143.545 -66.2166 -32.4895 -43.71
12.3939 -17.9678 -143.764 -66.3882 -32.5668 -43.5932
12.0616 -18.1308 -143.981 -66.5601 -32.644 -43.4756
11.7283 -18.2942 -144.199 -66.7324 -32.7211 -43.3572
11.3942 -18.458 -144.415 -66.9051 -32.7981 -43.2378
11.0593 -18.6222 -144.631 -67.078 -32.875 -43.1176
10.7234 -18.7868 -144.846 -67.2514 -32.9518 -42.9965
10.3868 -18.9517 -145.061 -67.4251 -33.0284 -42.8745
10.0492 -19.1171 -145.275 -67.5992 -33.105 -42.7516
9.71076 -19.2828 -145.488 -67.7736 -33.1814 -42.6278
9.37146 -19.4489 -145.701 -67.9484 -33.2577 -42.5031
9.03128 -19.6154 -145.913 -68.1235 -33.3339 -42.3775
8.69022 -19.7822 -146.125 -68.2991 -33.4099 -42.2509
8.34829 -19.9495 -146.336 -68.475 -33.4858 -42.1234
8.00547 -20.1171 -146.546 -68.6512 -33.5615 -41.9949
7.66177 -20.2851 -146.756 -68.8279 -33.637 -41.8655
7.31719 -20.4534 -146.965 -69.005 -33.7124 -41.7352
6.97172 -20.6222 -147.173 -69.1824 -33.7876 -41.6039
6.62536 -20.7913 -147.381 -69.3602 -33.8626 -41.4716
6.27812 -20.9608 -147.588 -69.5384 -33.9374 -41.3383
5.92998 -21.1307 -147.794 -69.7171 -34.0121 -41.2041
5.58094 -21.3009 -148 -69.8961 -34.0865 -41.0688
5.23101 -21.4716 -148.205 -70.0755 -34.1607 -40.9325
4.88019 -21.6426 -148.409 -70.2554 -34.2347 -40.7953
4.52846 -21.8139 -148.613 -70.4357 -34.3084 -40.657
4.17583 -21.9856 -148.816 -70.6164 -34.3819 -40.5177
3.82229 -22.1577 -149.018 -70.7975 -34.4552 -40.3773
3.46785 -22.3302 -149.22 -70.979 -34.5282 -40.2359
3.1125 -22.503 -149.42 -71.161 -34.6009 -40.0935
2.75624 -22.6762 -149.621 -71.3435 -34.6733 -39.9499
2.39906 -22.8497 -149.82 -71.5264 -34.7455 -39.8054
2.04097 -23.0237 -150.019 -71.7097 -34.8173 -39.6597
1.68196 -23.1979 -150.217 -71.8935 -34.8889 -39.5129
1.32203 -23.3725 -150.414 -72.0778 -34.9601 -39.3651
0.961181 -23.5475 -150.61 -72.2625 -35.031 -39.2161
0.599404 -23.7229 -150.806 -72.4478 -35.1015 -39.066
0.236701 -23.8985 -151.001 -72.6335 -35.1717 -38.9147
-0.126933 -24.0746 -151.195 -72.8197 -35.2415 -38.7624
-0.4915 -24.2509 -151.388 -73.0064 -35.3109 -38.6089
-0.857001 -24.4277 -151.581 -73.1936 -35.3799 -38.4542
-1.22344 -24.6047 -151.773 -73.3814 -35.4486 -38.2983
-1.59082 -24.7822 -151.964 -73.5697 -35.5167 -38.1412
-1.95914 -24.9599 -152.154 -73.7585 -35.5845 -37.983
-2.32841 -25.138 -152.344 -73.9479 -35.6518 -37.8235
-2.69862 -25.3164 -152.533 -74.1378 -35.7186 -37.6629
-3.06979 -25.4952 -152.721 -74.3283 -35.785 -37.501
-3.44191 -25.6743 -152.908 -74.5193 -35.8508 -37.3378
-3.81498 -25.8537 -153.094 -74.711 -35.9161 -37.1734
-4.18902 -26.0334 -153.279 -74.9032 -35.9809 -37.0077
-4.56402 -26.2135 -153.464 -75.0961 -36.0451 -36.8407
-4.93999 -26.3939 -153.648 -75.2896 -36.1087 -36.6724
-5.31692 -26.5746 -153.831 -75.4837 -36.1717 -36.5028
-5.69483 -26.7556 -154.013 -75.6785 -36.2341 -36.3319
-6.07371 -26.9369 -154.194 -75.8739 -36.2959 -36.1596
-6.45357 -27.1186 -154.374 -76.07 -36.357 -35.986
-6.83441 -27.3005 -154.554 -76.2668 -36.4174 -35.811
-7.21624 -27.4827 -154.733 -76.4643 -36.4771 -35.6346
-7.59906 -27.6653 -154.91 -76.6625 -36.5361 -35.4568
-7.98287 -27.8481 -155.087 -76.8615 -36.5943 -35.2775
-8.36768 -28.0312 -155.263 -77.0612 -36.6517 -35.0968
-8.75349 -28.2146 -155.438 -77.2617 -36.7083 -34.9147
-9.1403 -28.3983 -155.612 -77.463 -36.764 -34.731
-9.52813 -28.5823 -155.785 -77.6651 -36.8189 -34.5459
-9.91696 -28.7665 -155.958 -77.868 -36.8728 -34.3592
-10.3068 -28.951 -156.129 -78.0718 -36.9258 -34.171
-10.6977 -29.1358 -156.299 -78.2765 -36.9778 -33.9813
-11.0896 -29.3208 -156.469 -78.4821 -37.0288 -33.7899
-11.4825 -29.506 -156.637 -78.6886 -37.0788 -33.5969
-11.8765 -29.6916 -156.805 -78.8961 -37.1276 -33.4023
-12.2715 -29.8773 -156.971 -79.1046 -37.1753 -33.2061
-12.6675 -30.0633 -157.137 -79.314 -37.2219 -33.0081
-13.0646 -30.2495 -157.301 -79.5246 -37.2672 -32.8084
-13.4628 -30.436 -157.465 -79.7362 -37.3112 -32.607
-13.862 -30.6227 -157.627 -79.9489 -37.3539 -32.4039
-14.2623 -30.8095 -157.789 -80.1627 -37.3952 -32.1989
-14.6636 -30.9966 -157.949 -80.3778 -37.4351 -31.9921
-15.0661 -31.1839 -158.109 -80.594 -37.4735 -31.7834
-15.4696 -31.3713 -158.267 -80.8116 -37.5103 -31.5728
-15.8742 -31.559 -158.425 -81.0304 -37.5455 -31.3603
-16.2799 -31.7468 -158.581 -81.2506 -37.579 -31.1458
-16.6867 -31.9348 -158.736 -81.4722 -37.6108 -30.9293
-17.0946 -32.1229 -158.89 -81.6953 -37.6408 -30.7108
-17.5037 -32.3112 -159.043 -81.9198 -37.6688 -30.4901
-17.9138 -32.4996 -159.195 -82.146 -37.6948 -30.2673
-18.3251 -32.6881 -159.346 -82.3737 -37.7188 -30.0424
-18.7376 -32.8768 -159.496 -82.6032 -37.7405 -29.8151
-19.1512 -33.0655 -159.644 -82.8344 -37.76 -29.5856
-19.5659 -33.2544 -159.791 -83.0675 -37.7771 -29.3538
-19.9819 -33.4433 -159.938 -83.3024 -37.7918 -29.1195
-20.399 -33.6323 -160.083 -83.5394 -37.8037 -28.8828
-20.8173 -33.8214 -160.226 -83.7784 -37.813 -28.6436
-21.2368 -34.0104 -160.369 -84.0196 -37.8194 -28.4017
-21.6575 -34.1996 -160.51 -84.2631 -37.8227 -28.1572
-22.0794 -34.3887 -160.651 -84.5089 -37.8229 -27.9099
-22.5026 -34.5778 -160.79 -84.7572 -37.8197 -27.6598
-22.927 -34.7669 -160.927 -85.0082 -37.8131 -27.4068
-23.3527 -34.9559 -161.064 -85.2619 -37.8027 -27.1507
-23.7797 -35.1449 -161.199 -85.5184 -37.7884 -26.8915
-24.2079 -35.3338 -161.333 -85.778 -37.77 -26.6292
-24.6375 -35.5226 -161.465 -86.0407 -37.7472 -26.3634
-25.0683 -35.7113 -161.596 -86.3069 -37.7198 -26.0942
-25.5005 -35.8998 -161.726 -86.5765 -37.6876 -25.8215
-25.9341 -36.0882 -161.854 -86.8499 -37.6501 -25.5449
-26.3691 -36.2763 -161.981 -87.1272 -37.6071 -25.2645
-26.8054 -36.4642 -162.107 -87.4088 -37.5583 -24.98
-27.2432 -36.6519 -162.231 -87.6948 -37.5033 -24.6913
-27.6824 -36.8393 -162.354 -87.9855 -37.4416 -24.3982
-28.1231 -37.0263 -162.475 -88.2812 -37.3729 -24.1004
-28.5652 -37.213 -162.595 -88.5823 -37.2965 -23.7977
-29.0089 -37.3993 -162.713 -88.889 -37.212 -23.4899
-29.4542 -37.5851 -162.83 -89.2019 -37.1188 -23.1766
-29.901 -37.7705 -162.945 -89.5214 -37.0161 -22.8576
-30.3494 -37.9553 -163.058 -89.8478 -36.9033 -22.5326
-30.7995 -38.1395 -163.17 -90.1818 -36.7796 -22.2011
-31.2513 -38.3231 -163.28 -90.5239 -36.644 -21.8628
-31.7048 -38.506 -163.389 -90.8748 -36.4956 -21.5171
-32.1601 -38.6881 -163.496 -91.2353 -36.3331 -21.1636
-32.6172 -38.8693 -163.601 -91.606 -36.1553 -20.8016
-33.0762 -39.0496 -163.704 -91.988 -35.9607 -20.4305
-33.5372 -39.2289 -163.805 -92.3823 -35.7476 -20.0496
-34.0001 -39.4071 -163.904 -92.79 -35.5143 -19.658
-34.4652 -39.5841 -164.001 -93.2126 -35.2583 -19.2547
-34.9324 -39.7597 -164.097 -93.6514 -34.9773 -18.8386
-35.4018 -39.9339 -164.19 -94.1084 -34.6683 -18.4085
-35.8736 -40.1064 -164.281 -94.5854 -34.3277 -17.9627
-36.3478 -40.2771 -164.37 -95.085 -33.9516 -17.4995
-36.8246 -40.4459 -164.456 -95.6099 -33.535 -17.0168
-37.3041 -40.6125 -164.54 -96.1634 -33.0721 -16.512
-37.7864 -40.7767 -164.621 -96.7496 -32.5558 -15.9822
-38.2718 -40.9381 -164.7 -97.373 -31.9772 -15.4235
-38.7604 -41.0964 -164.775 -98.0397 -31.3254 -14.8314
-39.2525 -41.2513 -164.848 -98.7569 -30.5866 -14.2001
-39.7483 -41.4023 -164.917 -99.5335 -29.743 -13.5222
-40.2482 -41.5488 -164.983 -100.381 -28.7712 -12.788
-40.7526 -41.69 -165.045 -101.315 -27.6398 -11.9849
-41.262 -41.8251 -165.103 -102.354 -26.3052 -11.0953
-41.777 -41.953 -165.156 -103.526 -24.7054 -10.0948
-42.2983 -42.0721 -165.204 -104.868 -22.7476 -8.94724
-42.827 -42.1803 -165.245 -106.435 -20.2866 -7.59721
-43.3646 -42.2747 -165.28 -108.309 -17.0778 -5.95365
-43.913 -42.3505 -165.305 -110.618 -12.6698 -3.85356
-44.4755 -42.4 -165.318 -113.565 -6.11035 -0.966974
-45.0577 -42.4082 -165.314 -117.39 5.07886 3.51214
-45.6715 -42.3369 -165.279 -120.71 30.1122 12.2229
-46.3689 -42.0003 -165.17 -87.4386 82.4386 23.2155
-46.4478 -42.224 -165.478 122.922 -31.6191 61.0556
-46.0431 -42.8274 -165.138 60.4826 -110.422 56.5757
-45.7949 -43.3834 -164.882 44.7745 -109.19 48.3505
-45.5894 -43.9278 -164.65 38.8831 -108.055 45.154
-45.4043 -44.4668 -164.429 35.69 -107.367 43.5071
-45.2317 -45.0028 -164.214 33.6383 -106.936 42.5476
-45.0675 -45.5369 -164.003 32.1816 -106.659 41.9567
-44.9096 -46.0698 -163.794 31.0761 -106.479 41.5881
-44.7566 -46.602 -163.587 30.1959 -106.366 41.3643
-44.6076 -47.1337 -163.38 29.469 -106.299 41.2409
-44.4618 -47.6651 -163.174 28.8514 -106.265 41.1899
-44.319 -48.1964 -162.969 28.3142 -106.257 41.1932
-44.1786 -48.7278 -162.762 27.838 -106.269 41.2383
-44.0406 -49.2592 -162.556 27.4091 -106.296 41.3166
-43.9045 -49.7908 -162.349 27.0175 -106.335 41.4214
-43.7704 -50.3226 -162.142 26.6559 -106.384 41.5482
-43.638 -50.8547 -161.934 26.3186 -106.44 41.6932
-43.5072 -51.387 -161.725 26.0013 -106.504 41.8537
-43.3779 -51.9197 -161.515 25.7006 -106.572 42.0273
-43.2502 -52.4528 -161.305 25.4137 -106.646 42.2124
-43.1238 -52.9862 -161.093 25.1386 -106.723 42.4075
-42.9988 -53.52 -160.881 24.8733 -106.803 42.6114
-42.875 -54.0542 -160.667 24.6164 -106.886 42.8232
-42.7526 -54.5889 -160.452 24.3667 -106.971 43.0421
-42.6314 -55.124 -160.237 24.1231 -107.058 43.2674
-42.5114 -55.6595 -160.02 23.8848 -107.147 43.4985
-42.3925 -56.1954 -159.802 23.651 -107.237 43.7349
-42.2748 -56.7318 -159.582 23.4211 -107.327 43.9763
-42.1583 -57.2687 -159.362 23.1945 -107.419 44.2222
-42.0429 -57.806 -159.14 22.9708 -107.512 44.4724
-41.9286 -58.3438 -158.917 22.7494 -107.604 44.7266
-41.8154 -58.8821 -158.693 22.5302 -107.698 44.9846
-41.7033 -59.4208 -158.467 22.3126 -107.791 45.246
-41.5923 -59.96 -158.24 22.0965 -107.885 45.5109
-41.4823 -60.4997 -158.012 21.8816 -107.978 45.779
-41.3735 -61.0398 -157.783 21.6676 -108.072 46.0501
-41.2657 -61.5804 -157.552 21.4544 -108.165 46.3241
-41.1589 -62.1215 -157.319 21.2418 -108.259 46.601
-41.0532 -62.663 -157.086 21.0295 -108.351 46.8806
-40.9486 -63.205 -156.85 20.8175 -108.444 47.1628
-40.8451 -63.7474 -156.614 20.6057 -108.536 47.4475
-40.7426 -64.2903 -156.376 20.3938 -108.627 47.7347
-40.6411 -64.8337 -156.137 20.1817 -108.718 48.0243
-40.5407 -65.3775 -155.896 19.9695 -108.809 48.3163
-40.4414 -65.9218 -155.653 19.7569 -108.898 48.6105
-40.3432 -66.4665 -155.41 19.5439 -108.987 48.9069
-40.246 -67.0117 -155.164 19.3304 -109.075 49.2056
-40.1499 -67.5573 -154.918 19.1163 -109.162 49.5063
-40.0548 -68.1033 -154.669 18.9016 -109.249 49.8092
-39.9608 -68.6497 -154.42 18.6862 -109.334 50.1141
-39.868 -69.1966 -154.168 18.47 -109.419 50.421
-39.7761 -69.7439 -153.915 18.2529 -109.502 50.7299
-39.6854 -70.2917 -153.661 18.035 -109.585 51.0408
-39.5958 -70.8398 -153.405 17.8161 -109.667 51.3537
-39.5073 -71.3883 -153.147 17.5963 -109.747 51.6684
-39.4198 -71.9373 -152.888 17.3754 -109.826 51.985
-39.3335 -72.4866 -152.627 17.1534 -109.904 52.3035
-39.2483 -73.0363 -152.365 16.9304 -109.981 52.6238
-39.1642 -73.5864 -152.101 16.7062 -110.057 52.9459
-39.0812 -74.1369 -151.836 16.4808 -110.131 53.2699
-38.9994 -74.6877 -151.569 16.2541 -110.204 53.5956
-38.9187 -75.2389 -151.3 16.0263 -110.276 53.9231
-38.8391 -75.7905 -151.029 15.7971 -110.347 54.2523
-38.7607 -76.3424 -150.757 15.5667 -110.416 54.5832
-38.6835 -76.8946 -150.483 15.3349 -110.483 54.9159
-38.6074 -77.4472 -150.208 15.1017 -110.549 55.2502
-38.5324 -78.0001 -149.931 14.8671 -110.614 55.5863
-38.4587 -78.5533 -149.652 14.6311 -110.677 55.924
-38.3861 -79.1069 -149.372 14.3937 -110.738 56.2634
-38.3148 -79.6607 -149.09 14.1548 -110.798 56.6044
-38.2446 -80.2149 -148.806 13.9145 -110.857 56.947
-38.1756 -80.7693 -148.52 13.6726 -110.913 57.2912
-38.1079 -81.324 -148.233 13.4292 -110.968 57.6371
-38.0413 -81.879 -147.944 13.1842 -111.021 57.9845
-37.976 -82.4342 -147.653 12.9377 -111.073 58.3335
-37.9119 -82.9897 -147.36 12.6896 -111.122 58.6841
-37.8491 -83.5454 -147.066 12.4399 -111.17 59.0362
-37.7875 -84.1014 -146.77 12.1886 -111.216 59.3898
-37.7272 -84.6576 -146.472 11.9357 -111.26 59.7449
-37.6682 -85.214 -146.173 11.6811 -111.302 60.1016
-37.6104 -85.7706 -145.871 11.4248 -111.342 60.4597
-37.5539 -86.3274 -145.568 11.1669 -111.381 60.8194
-37.4987 -86.8844 -145.263 10.9073 -111.417 61.1805
-37.4449 -87.4416 -144.956 10.646 -111.451 61.543
-37.3923 -87.9989 -144.648 10.3829 -111.483 61.907
-37.341 -88.5564 -144.337 10.1182 -111.513 62.2724
-37.2911 -89.1141 -144.025 9.8517 -111.541 62.6392
-37.2425 -89.6718 -143.711 9.58346 -111.566 63.0074
-37.1953 -90.2297 -143.395 9.31347 -111.59 63.377
-37.1494 -90.7877 -143.077 9.0417 -111.611 63.7479
-37.1049 -91.3458 -142.757 8.76816 -111.63 64.1202
-37.0617 -91.904 -142.436 8.49284 -111.646 64.4938
-37.0199 -92.4623 -142.112 8.21571 -111.66 64.8687
-36.9795 -93.0206 -141.787 7.93679 -111.672 65.2449
-36.9406 -93.579 -141.46 7.65605 -111.681 65.6224
-36.903 -94.1374 -141.131 7.3735 -111.688 66.0012
-36.8668 -94.6959 -140.8 7.08912 -111.693 66.3811
-36.8321 -95.2544 -140.467 6.80291 -111.694 66.7624
-36.7988 -95.8128 -140.132 6.51487 -111.694 67.1448
-36.7669 -96.3713 -139.796 6.22498 -111.691 67.5284
-36.7365 -96.9297 -139.457 5.93325 -111.685 67.9132
-36.7076 -97.4882 -139.116 5.63967 -111.676 68.2991
-36.6801 -98.0465 -138.774 5.34423 -111.665 68.6862
-36.6542 -98.6048 -138.43 5.04694 -111.651 69.0743
-36.6297 -99.163 -138.083 4.74778 -111.634 69.4636
-36.6067 -99.7211 -137.735 4.44676 -111.614 69.8539
-36.5852 -100.279 -137.385 4.14388 -111.592 70.2453
-36.5652 -100.837 -137.033 3.83913 -111.567 70.6376
-36.5468 -101.395 -136.678 3.53251 -111.538 71.031
-36.5299 -101.952 -136.322 3.22403 -111.507 71.4253
-36.5146 -102.51 -135.964 2.91367 -111.473 71.8206
-36.5008 -103.067 -135.604 2.60145 -111.436 72.2168
-36.4886 -103.624 -135.242 2.28736 -111.396 72.6139
-36.4779 -104.181 -134.878 1.97141 -111.352 73.0119
-36.4688 -104.738 -134.512 1.65359 -111.306 73.4107
-36.4614 -105.294 -134.144 1.33391 -111.256 73.8103
-36.4555 -105.85 -133.774 1.01238 -111.204 74.2107
-36.4512 -106.406 -133.402 0.688988 -111.148 74.6119
-36.4486 -106.962 -133.028 0.363748 -111.088 75.0138
-36.4476 -107.517 -132.652 0.0366623 -111.026 75.4164
-36.4482 -108.072 -132.273 -0.292263 -110.96 75.8197
-36.4505 -108.627 -131.893 -0.623024 -110.891 76.2237
-36.4545 -109.181 -131.511 -0.955612 -110.818 76.6282
-36.4601 -109.735 -131.127 -1.29002 -110.742 77.0333
-36.4674 -110.288 -130.741 -1.62625 -110.662 77.439
-36.4763 -110.842 -130.353 -1.96427 -110.579 77.8452
-36.487 -111.394 -129.962 -2.3041 -110.493 78.2518
-36.4994 -111.946 -129.57 -2.64572 -110.402 78.6589
-36.5135 -112.498 -129.176 -2.98911 -110.309 79.0665
-36.5293 -113.05 -128.779 -3.33427 -110.211 79.4744
-36.5468 -113.6 -128.381 -3.68119 -110.11 79.8826
-36.5661 -114.151 -127.981 -4.02985 -110.005 80.2911
-36.5871 -114.7 -127.578 -4.38025 -109.897 80.7
-36.6099 -115.25 -127.174 -4.73236 -109.784 81.109
-36.6344 -115.798 -126.767 -5.08619 -109.668 81.5182
-36.6607 -116.346 -126.358 -5.4417 -109.548 81.9276
-36.6888 -116.894 -125.948 -5.7989 -109.425 82.3371
-36.7187 -117.441 -125.535 -6.15775 -109.297 82.7467
-36.7504 -117.987 -125.12 -6.51826 -109.165 83.1563
-36.7839 -118.532 -124.704 -6.88039 -109.03 83.5659
-36.8192 -119.077 -124.285 -7.24414 -108.89 83.9755
-36.8564 -119.621 -123.864 -7.60948 -108.747 84.385
-36.8953 -120.164 -123.441 -7.9764 -108.599 84.7943
-36.9361 -120.707 -123.016 -8.34487 -108.448 85.2035
-36.9788 -121.249 -122.589 -8.71488 -108.292 85.6124
-37.0233 -121.79 -122.16 -9.08641 -108.132 86.0211
-37.0696 -122.33 -121.729 -9.45943 -107.968 86.4294
-37.1179 -122.87 -121.295 -9.83393 -107.8 86.8374
-37.168 -123.408 -120.86 -10.2099 -107.628 87.245
-37.22 -123.946 -120.423 -10.5872 -107.451 87.6522
-37.2738 -124.483 -119.984 -10.966 -107.271 88.0589
-37.3296 -125.019 -119.542 -11.3462 -107.086 88.465
-37.3873 -125.554 -119.099 -11.7277 -106.896 88.8705
-37.4469 -126.088 -118.654 -12.1105 -106.703 89.2754
-37.5084 -126.621 -118.206 -12.4947 -106.505 89.6796
-37.5718 -127.153 -117.757 -12.8801 -106.303 90.0831
-37.6372 -127.684 -117.305 -13.2667 -106.096 90.4858
-37.7045 -128.214 -116.852 -13.6546 -105.885 90.8876
-37.7737 -128.743 -116.397 -14.0436 -105.67 91.2885
-37.8449 -129.27 -115.939 -14.4339 -105.45 91.6886
-37.9181 -129.797 -115.48 -14.8252 -105.226 92.0876
-37.9932 -130.323 -115.018 -15.2176 -104.997 92.4856
-38.0703 -130.847 -114.555 -15.6111 -104.764 92.8825
-38.1493 -131.37 -114.089 -16.0057 -104.527 93.2782
-38.2303 -131.892 -113.622 -16.4012 -104.285 93.6728
-38.3133 -132.413 -113.153 -16.7977 -104.039 94.0661
-38.3983 -132.933 -112.681 -17.1951 -103.788 94.4581
-38.4853 -133.451 -112.208 -17.5934 -103.532 94.8487
-38.5742 -133.968 -111.733 -17.9926 -103.272 95.238
-38.6652 -134.484 -111.256 -18.3926 -103.008 95.6257
-38.7581 -134.998 -110.777 -18.7934 -102.739 96.012
-38.8531 -135.511 -110.296 -19.1949 -102.465 96.3967
-38.9501 -136.023 -109.813 -19.5972 -102.187 96.7797
-39.0491 -136.533 -109.328 -20.0001 -101.905 97.1611
-39.1501 -137.042 -108.841 -20.4036 -101.618 97.5408
-39.2531 -137.549 -108.352 -20.8078 -101.326 97.9186
-39.3582 -138.055 -107.862 -21.2125 -101.03 98.2946
-39.4652 -138.559 -107.369 -21.6177 -100.729 98.6688
-39.5744 -139.062 -106.875 -22.0233 -100.424 99.0409
-39.6855 -139.564 -106.379 -22.4294 -100.114 99.4111
-39.7986 -140.063 -105.881 -22.8359 -99.8002 99.7792
-39.9138 -140.562 -105.381 -23.2428 -99.4815 100.145
-40.0311 -141.058 -104.88 -23.6499 -99.1584 100.509
-40.1503 -141.553 -104.376 -24.0573 -98.8308 100.871
-40.2716 -142.047 -103.871 -24.4649 -98.4987 101.23
-40.395 -142.538 -103.364 -24.8726 -98.1621 101.587
-40.5204 -143.028 -102.855 -25.2805 -97.8212 101.942
-40.6478 -143.516 -102.344 -25.6885 -97.4758 102.294
-40.7773 -144.003 -101.832 -26.0965 -97.1259 102.643
-40.9088 -144.488 -101.318 -26.5045 -96.7718 102.991
-41.0423 -144.971 -100.802 -26.9124 -96.4132 103.335
-41.1779 -145.452 -100.285 -27.3203 -96.0503 103.677
-41.3155 -145.931 -99.7654 -27.728 -95.6831 104.016
-41.4552 -146.409 -99.2445 -28.1354 -95.3115 104.353
-41.5969 -146.884 -98.7219 -28.5427 -94.9357 104.687
-41.7406 -147.358 -98.1976 -28.9496 -94.5557 105.017
-41.8863 -147.83 -97.6717 -29.3562 -94.1714 105.345
-42.0341 -148.3 -97.1442 -29.7624 -93.7829 105.67
-42.184 -148.768 -96.615 -30.1682 -93.3903 105.992
-42.3358 -149.234 -96.0843 -30.5735 -92.9935 106.311
-42.4897 -149.698 -95.5519 -30.9783 -92.5927 106.627
-42.6456 -150.16 -95.018 -31.3825 -92.1877 106.94
-42.8035 -150.62 -94.4825 -31.786 -91.7788 107.25
-42.9635 -151.077 -93.9455 -32.1889 -91.3658 107.556
-43.1254 -151.533 -93.4069 -32.5911 -90.9489 107.859
-43.2894 -151.987 -92.8669 -32.9925 -90.528 108.159
-43.4553 -152.438 -92.3254 -33.3931 -90.1033 108.455
-43.6233 -152.888 -91.7823 -33.7928 -89.6748 108.748
-43.7933 -153.335 -91.2379 -34.1916 -89.2424 109.038
-43.9652 -153.78 -90.692 -34.5894 -88.8063 109.324
-44.1392 -154.223 -90.1446 -34.9862 -88.3665 109.607
-44.3151 -154.664 -89.5959 -35.382 -87.923 109.886
-44.493 -155.102 -89.0458 -35.7766 -87.4759 110.161
-44.6728 -155.539 -88.4943 -36.1701 -87.0252 110.433
-44.8547 -155.973 -87.9414 -36.5624 -86.571 110.701
-45.0385 -156.404 -87.3873 -36.9535 -86.1133 110.966
-45.2242 -156.834 -86.8318 -37.3433 -85.6522 111.226
-45.4119 -157.261 -86.275 -37.7317 -85.1878 111.483
