75 75 -100 0 0 49
74.9999 74.9999 -99.755 -0.0584093 -0.0578162 49.0007
74.9994 74.9994 -99.51 -0.116824 -0.115634 49.0013
74.9987 74.9987 -99.265 -0.175245 -0.173455 49.0019
74.9977 74.9977 -99.02 -0.233672 -0.231277 49.0024
74.9963 74.9964 -98.775 -0.292105 -0.289101 49.0029
74.9947 74.9948 -98.5299 -0.350544 -0.346928 49.0033
74.9928 74.9929 -98.2849 -0.408989 -0.404757 49.0037
74.9907 74.9907 -98.0399 -0.467441 -0.462589 49.004
74.9882 74.9883 -97.7949 -0.525899 -0.520423 49.0042
74.9854 74.9855 -97.5499 -0.584365 -0.57826 49.0044
74.9823 74.9825 -97.3048 -0.642836 -0.6361 49.0046
74.979 74.9792 -97.0598 -0.701315 -0.693943 49.0047
74.9753 74.9756 -96.8148 -0.759801 -0.751789 49.0047
74.9714 74.9717 -96.5698 -0.818294 -0.809639 49.0047
74.9671 74.9675 -96.3247 -0.876795 -0.867491 49.0047
74.9626 74.963 -96.0797 -0.935303 -0.925347 49.0046
74.9578 74.9582 -95.8347 -0.993818 -0.983206 49.0044
74.9527 74.9532 -95.5897 -1.05234 -1.04107 49.0042
74.9473 74.9478 -95.3447 -1.11087 -1.09894 49.0039
74.9416 74.9422 -95.0996 -1.16941 -1.15681 49.0036
74.9356 74.9362 -94.8546 -1.22796 -1.21468 49.0032
74.9293 74.93 -94.6096 -1.28651 -1.27256 49.0028
74.9227 74.9235 -94.3646 -1.34508 -1.33044 49.0023
74.9158 74.9167 -94.1196 -1.40365 -1.38833 49.0018
74.9087 74.9096 -93.8746 -1.46223 -1.44622 49.0012
74.9012 74.9023 -93.6296 -1.52082 -1.50412 49.0006
74.8934 74.8946 -93.3846 -1.57942 -1.56202 48.9999
74.8854 74.8866 -93.1396 -1.63803 -1.61992 48.9991
74.8771 74.8784 -92.8946 -1.69664 -1.67783 48.9984
74.8684 74.8699 -92.6496 -1.75527 -1.73575 48.9975
74.8595 74.861 -92.4046 -1.81391 -1.79366 48.9966
74.8503 74.8519 -92.1596 -1.87255 -1.85159 48.9957
74.8408 74.8425 -91.9147 -1.93121 -1.90952 48.9947
74.831 74.8328 -91.6697 -1.98987 -1.96746 48.9936
74.8209 74.8228 -91.4247 -2.04855 -2.0254 48.9925
74.8105 74.8126 -91.1798 -2.10723 -2.08334 48.9914
74.7998 74.802 -90.9348 -2.16593 -2.1413 48.9902
74.7888 74.7912 -90.6899 -2.22463 -2.19925 48.989
74.7776 74.78 -90.4449 -2.28335 -2.25722 48.9877
74.766 74.7686 -90.2 -2.34207 -2.31519 48.9863
74.7542 74.7569 -89.955 -2.40081 -2.37317 48.9849
74.742 74.7449 -89.7101 -2.45956 -2.43115 48.9835
74.7296 74.7326 -89.4652 -2.51832 -2.48914 48.982
74.7168 74.72 -89.2203 -2.57709 -2.54713 48.9804
74.7038 74.7071 -88.9754 -2.63587 -2.60514 48.9788
74.6905 74.6939 -88.7305 -2.69467 -2.66315 48.9772
74.6768 74.6805 -88.4856 -2.75347 -2.72116 48.9755
74.6629 74.6667 -88.2408 -2.81229 -2.77919 48.9737
74.6487 74.6527 -87.9959 -2.87112 -2.83722 48.9719
74.6342 74.6383 -87.751 -2.92996 -2.89525 48.9701
74.6194 74.6237 -87.5062 -2.98881 -2.9533 48.9682
74.6043 74.6088 -87.2614 -3.04768 -3.01135 48.9662
74.5889 74.5936 -87.0165 -3.10656 -3.06941 48.9642
74.5733 74.5781 -86.7717 -3.16545 -3.12748 48.9622
74.5573 74.5623 -86.5269 -3.22435 -3.18556 48.9601
74.541 74.5462 -86.2821 -3.28327 -3.24364 48.958
74.5245 74.5299 -86.0373 -3.3422 -3.30173 48.9558
74.5076 74.5132 -85.7926 -3.40115 -3.35984 48.9535
74.4904 74.4963 -85.5478 -3.4601 -3.41794 48.9512
74.473 74.479 -85.303 -3.51907 -3.47606 48.9489
74.4553 74.4615 -85.0583 -3.57806 -3.53419 48.9465
74.4372 74.4437 -84.8136 -3.63706 -3.59232 48.9441
74.4189 74.4256 -84.5689 -3.69607 -3.65047 48.9416
74.4003 74.4072 -84.3242 -3.7551 -3.70862 48.9391
74.3813 74.3885 -84.0795 -3.81414 -3.76678 48.9365
74.3621 74.3695 -83.8348 -3.87319 -3.82496 48.9339
74.3426 74.3503 -83.5901 -3.93227 -3.88314 48.9312
74.3228 74.3307 -83.3455 -3.99135 -3.94133 48.9285
74.3027 74.3109 -83.1009 -4.05045 -3.99953 48.9257
74.2823 74.2907 -82.8562 -4.10957 -4.05774 48.9229
74.2616 74.2703 -82.6116 -4.1687 -4.11596 48.9201
74.2406 74.2495 -82.367 -4.22785 -4.17419 48.9172
74.2193 74.2285 -82.1225 -4.28701 -4.23244 48.9142
74.1977 74.2072 -81.8779 -4.34619 -4.29069 48.9112
74.1758 74.1856 -81.6333 -4.40538 -4.34895 48.9082
74.1537 74.1637 -81.3888 -4.46459 -4.40722 48.9051
74.1312 74.1416 -81.1443 -4.52382 -4.46551 48.902
74.1084 74.1191 -80.8998 -4.58306 -4.5238 48.8988
74.0854 74.0963 -80.6553 -4.64232 -4.58211 48.8955
74.062 74.0733 -80.4108 -4.7016 -4.64043 48.8923
74.0384 74.0499 -80.1664 -4.7609 -4.69876 48.889
74.0144 74.0263 -79.9219 -4.82021 -4.7571 48.8856
73.9902 74.0023 -79.6775 -4.87954 -4.81545 48.8822
73.9656 73.9781 -79.4331 -4.93889 -4.87382 48.8787
73.9408 73.9536 -79.1887 -4.99825 -4.93219 48.8752
73.9156 73.9288 -78.9444 -5.05763 -4.99058 48.8717
73.8902 73.9037 -78.7 -5.11703 -5.04899 48.8681
73.8645 73.8783 -78.4557 -5.17645 -5.1074 48.8645
73.8384 73.8526 -78.2114 -5.23589 -5.16583 48.8608
73.8121 73.8266 -77.9671 -5.29535 -5.22427 48.8571
73.7855 73.8004 -77.7228 -5.35482 -5.28272 48.8534
73.7585 73.7738 -77.4785 -5.41432 -5.34119 48.8496
73.7313 73.747 -77.2343 -5.47383 -5.39967 48.8457
73.7038 73.7198 -76.9901 -5.53337 -5.45816 48.8418
73.676 73.6924 -76.7459 -5.59292 -5.51667 48.8379
73.6479 73.6647 -76.5017 -5.65249 -5.57519 48.8339
73.6195 73.6366 -76.2576 -5.71209 -5.63373 48.8299
73.5908 73.6083 -76.0134 -5.7717 -5.69228 48.8259
73.5618 73.5797 -75.7693 -5.83134 -5.75085 48.8218
73.5324 73.5508 -75.5252 -5.89099 -5.80943 48.8176
73.5028 73.5216 -75.2811 -5.95067 -5.86802 48.8134
73.4729 73.4921 -75.0371 -6.01036 -5.92663 48.8092
73.4427 73.4623 -74.793 -6.07008 -5.98525 48.805
73.4122 73.4323 -74.549 -6.12982 -6.04389 48.8007
73.3814 73.4019 -74.305 -6.18959 -6.10255 48.7963
73.3503 73.3713 -74.061 -6.24937 -6.16122 48.7919
73.3189 73.3403 -73.8171 -6.30918 -6.21991 48.7875
73.2872 73.3091 -73.5732 -6.36901 -6.27862 48.7831
73.2553 73.2775 -73.3293 -6.42886 -6.33734 48.7786
73.223 73.2457 -73.0854 -6.48873 -6.39607 48.774
73.1904 73.2136 -72.8415 -6.54863 -6.45483 48.7694
73.1575 73.1811 -72.5977 -6.60855 -6.5136 48.7648
73.1243 73.1484 -72.3539 -6.6685 -6.57239 48.7602
73.0908 73.1154 -72.1101 -6.72847 -6.6312 48.7555
73.057 73.0821 -71.8663 -6.78846 -6.69002 48.7508
73.0229 73.0485 -71.6226 -6.84848 -6.74886 48.746
72.9885 73.0146 -71.3789 -6.90852 -6.80772 48.7412
72.9538 72.9804 -71.1352 -6.96859 -6.8666 48.7363
72.9188 72.9459 -70.8915 -7.02868 -6.9255 48.7315
72.8835 72.9112 -70.6479 -7.0888 -6.98442 48.7266
72.8479 72.8761 -70.4042 -7.14894 -7.04335 48.7216
72.812 72.8407 -70.1606 -7.20911 -7.10231 48.7166
72.7758 72.8051 -69.9171 -7.26931 -7.16128 48.7116
72.7394 72.7691 -69.6735 -7.32953 -7.22028 48.7066
72.7026 72.7329 -69.43 -7.38978 -7.27929 48.7015
72.6655 72.6963 -69.1865 -7.45006 -7.33833 48.6964
72.6281 72.6595 -68.943 -7.51036 -7.39738 48.6912
72.5903 72.6224 -68.6996 -7.5707 -7.45646 48.6861
72.5523 72.5849 -68.4562 -7.63106 -7.51556 48.6808
72.514 72.5472 -68.2128 -7.69144 -7.57468 48.6756
72.4754 72.5092 -67.9694 -7.75186 -7.63382 48.6703
72.4365 72.4709 -67.7261 -7.81231 -7.69299 48.665
72.3973 72.4323 -67.4828 -7.87278 -7.75217 48.6597
72.3578 72.3933 -67.2395 -7.93329 -7.81138 48.6543
72.318 72.3541 -66.9962 -7.99382 -7.87062 48.6489
72.2779 72.3146 -66.753 -8.05439 -7.92987 48.6435
72.2374 72.2748 -66.5098 -8.11498 -7.98915 48.638
72.1967 72.2347 -66.2666 -8.17561 -8.04846 48.6325
72.1557 72.1944 -66.0235 -8.23627 -8.10779 48.627
72.1143 72.1537 -65.7803 -8.29696 -8.16714 48.6215
72.0727 72.1127 -65.5373 -8.35768 -8.22652 48.6159
72.0308 72.0714 -65.2942 -8.41844 -8.28592 48.6103
71.9885 72.0298 -65.0511 -8.47923 -8.34535 48.6047
71.946 71.988 -64.8081 -8.54005 -8.40481 48.5991
71.9031 71.9458 -64.5652 -8.6009 -8.46429 48.5934
71.86 71.9033 -64.3222 -8.66179 -8.5238 48.5877
71.8165 71.8605 -64.0793 -8.72271 -8.58334 48.582
71.7727 71.8175 -63.8364 -8.78367 -8.64291 48.5763
71.7287 71.7741 -63.5935 -8.84467 -8.7025 48.5705
71.6843 71.7304 -63.3507 -8.9057 -8.76212 48.5647
71.6396 71.6865 -63.1079 -8.96676 -8.82177 48.5589
71.5946 71.6422 -62.8651 -9.02787 -8.88145 48.5531
71.5493 71.5977 -62.6223 -9.08901 -8.94117 48.5473
71.5037 71.5528 -62.3796 -9.15019 -9.00091 48.5414
71.4578 71.5077 -62.1369 -9.2114 -9.06068 48.5355
71.4116 71.4622 -61.8943 -9.27266 -9.12049 48.5296
71.3651 71.4165 -61.6516 -9.33396 -9.18032 48.5237
71.3183 71.3704 -61.409 -9.39529 -9.24019 48.5178
71.2711 71.3241 -61.1665 -9.45667 -9.30009 48.5119
71.2237 71.2774 -60.9239 -9.51808 -9.36003 48.5059
71.176 71.2305 -60.6814 -9.57954 -9.42 48.5
71.1279 71.1832 -60.4389 -9.64104 -9.48001 48.494
71.0796 71.1357 -60.1965 -9.70259 -9.54005 48.488
71.0309 71.0878 -59.954 -9.76417 -9.60013 48.482
70.9819 71.0397 -59.7116 -9.82581 -9.66024 48.476
70.9326 70.9912 -59.4693 -9.88748 -9.72039 48.47
70.883 70.9425 -59.2269 -9.9492 -9.78058 48.464
70.8331 70.8934 -58.9846 -10.011 -9.84081 48.4579
70.7829 70.844 -58.7424 -10.0728 -9.90108 48.4519
70.7324 70.7944 -58.5001 -10.1347 -9.96139 48.4458
70.6816 70.7444 -58.2579 -10.1966 -10.0217 48.4398
70.6304 70.6942 -58.0157 -10.2585 -10.0821 48.4338
70.579 70.6436 -57.7736 -10.3205 -10.1426 48.4277
70.5272 70.5927 -57.5314 -10.3826 -10.203 48.4217
70.4752 70.5416 -57.2893 -10.4447 -10.2636 48.4156
70.4228 70.4901 -57.0473 -10.5069 -10.3241 48.4096
70.3701 70.4383 -56.8052 -10.5691 -10.3847 48.4035
70.3171 70.3863 -56.5632 -10.6314 -10.4454 48.3975
70.2638 70.3339 -56.3213 -10.6937 -10.5061 48.3914
70.2102 70.2812 -56.0793 -10.7561 -10.5669 48.3854
70.1562 70.2282 -55.8374 -10.8185 -10.6277 48.3794
70.102 70.1749 -55.5955 -10.881 -10.6885 48.3734
70.0474 70.1213 -55.3537 -10.9436 -10.7494 48.3674
69.9925 70.0674 -55.1119 -11.0062 -10.8104 48.3614
69.9374 70.0132 -54.8701 -11.0689 -10.8714 48.3555
69.8819 69.9587 -54.6283 -11.1317 -10.9325 48.3495
69.826 69.9039 -54.3866 -11.1945 -10.9936 48.3436
69.7699 69.8488 -54.1449 -11.2574 -11.0548 48.3376
69.7135 69.7934 -53.9032 -11.3203 -11.1161 48.3318
69.6567 69.7376 -53.6616 -11.3833 -11.1774 48.3259
69.5996 69.6816 -53.4199 -11.4464 -11.2387 48.32
69.5422 69.6252 -53.1783 -11.5096 -11.3002 48.3142
69.4845 69.5686 -52.9368 -11.5728 -11.3617 48.3084
69.4265 69.5116 -52.6953 -11.6361 -11.4232 48.3026
69.3682 69.4543 -52.4538 -11.6995 -11.4849 48.2969
69.3095 69.3968 -52.2123 -11.763 -11.5466 48.2912
69.2505 69.3389 -51.9709 -11.8265 -11.6084 48.2855
69.1913 69.2807 -51.7294 -11.8902 -11.6702 48.2799
69.1316 69.2222 -51.4881 -11.9539 -11.7322 48.2743
69.0717 69.1634 -51.2467 -12.0177 -11.7942 48.2687
69.0115 69.1042 -51.0054 -12.0816 -11.8563 48.2632
68.9509 69.0448 -50.7641 -12.1455 -11.9184 48.2577
68.89 68.9851 -50.5228 -12.2096 -11.9807 48.2523
68.8288 68.925 -50.2815 -12.2738 -12.043 48.2469
68.7673 68.8646 -50.0403 -12.338 -12.1055 48.2416
68.7054 68.8039 -49.7991 -12.4024 -12.168 48.2363
68.6432 68.7429 -49.558 -12.4669 -12.2306 48.2311
68.5808 68.6816 -49.3168 -12.5314 -12.2933 48.2259
68.5179 68.62 -49.0757 -12.5961 -12.3562 48.2208
68.4548 68.5581 -48.8346 -12.6609 -12.4191 48.2158
68.3913 68.4958 -48.5935 -12.7258 -12.4821 48.2108
68.3275 68.4332 -48.3525 -12.7909 -12.5452 48.2059
68.2634 68.3704 -48.1115 -12.856 -12.6085 48.2011
68.199 68.3072 -47.8705 -12.9213 -12.6718 48.1963
68.1342 68.2436 -47.6295 -12.9867 -12.7353 48.1917
68.0691 68.1798 -47.3886 -13.0522 -12.7989 48.187
68.0037 68.1157 -47.1476 -13.1179 -12.8627 48.1825
67.9379 68.0512 -46.9067 -13.1837 -12.9265 48.1781
67.8718 67.9864 -46.6659 -13.2496 -12.9905 48.1737
67.8054 67.9213 -46.425 -13.3157 -13.0547 48.1694
67.7387 67.8558 -46.1842 -13.382 -13.119 48.1653
67.6716 67.7901 -45.9434 -13.4484 -13.1834 48.1612
67.6042 67.724 -45.7026 -13.515 -13.248 48.1572
67.5365 67.6576 -45.4618 -13.5817 -13.3127 48.1533
67.4684 67.5909 -45.221 -13.6486 -13.3777 48.1495
67.4 67.5238 -44.9803 -13.7157 -13.4427 48.1458
67.3312 67.4565 -44.7396 -13.783 -13.508 48.1423
67.2621 67.3887 -44.4989 -13.8505 -13.5734 48.1388
67.1927 67.3207 -44.2582 -13.9182 -13.6391 48.1354
67.123 67.2524 -44.0175 -13.986 -13.7049 48.1322
67.0529 67.1837 -43.7769 -14.0541 -13.7709 48.1291
66.9824 67.1146 -43.5362 -14.1224 -13.8372 48.1261
66.9116 67.0453 -43.2956 -14.191 -13.9036 48.1232
66.8405 66.9756 -43.055 -14.2598 -13.9703 48.1204
66.769 66.9056 -42.8144 -14.3288 -14.0372 48.1178
66.6972 66.8352 -42.5738 -14.398 -14.1043 48.1153
66.6251 66.7646 -42.3332 -14.4676 -14.1717 48.1129
66.5525 66.6935 -42.0927 -14.5374 -14.2394 48.1106
66.4797 66.6222 -41.8521 -14.6074 -14.3073 48.1085
66.4065 66.5504 -41.6116 -14.6778 -14.3755 48.1065
66.3329 66.4784 -41.3711 -14.7485 -14.444 48.1046
66.259 66.406 -41.1305 -14.8194 -14.5128 48.1029
66.1847 66.3333 -40.89 -14.8907 -14.5819 48.1013
66.1101 66.2602 -40.6495 -14.9624 -14.6513 48.0998
66.0351 66.1868 -40.409 -15.0343 -14.721 48.0985
65.9597 66.113 -40.1686 -15.1067 -14.7911 48.0973
65.884 66.0388 -39.9281 -15.1793 -14.8615 48.0961
65.8079 65.9644 -39.6876 -15.2524 -14.9324 48.0952
65.7315 65.8895 -39.4471 -15.3259 -15.0035 48.0943
65.6547 65.8143 -39.2066 -15.3998 -15.0751 48.0935
65.5775 65.7388 -38.9662 -15.4741 -15.1471 48.0929
65.4999 65.6629 -38.7257 -15.5488 -15.2195 48.0923
65.422 65.5866 -38.4853 -15.624 -15.2924 48.0918
65.3437 65.5099 -38.2448 -15.6997 -15.3657 48.0914
65.265 65.4329 -38.0043 -15.7758 -15.4394 48.0911
65.1859 65.3555 -37.7639 -15.8525 -15.5137 48.0908
65.1065 65.2778 -37.5234 -15.9296 -15.5884 48.0906
65.0266 65.1997 -37.283 -16.0073 -15.6637 48.0904
64.9464 65.1211 -37.0425 -16.0856 -15.7395 48.0903
64.8658 65.0423 -36.8021 -16.1644 -15.8158 48.0901
64.7848 64.963 -36.5616 -16.2437 -15.8927 48.0899
64.7033 64.8833 -36.3212 -16.3237 -15.9701 48.0896
64.6215 64.8033 -36.0807 -16.4043 -16.0482 48.0893
64.5393 64.7228 -35.8403 -16.4855 -16.1268 48.0889
64.4567 64.642 -35.5998 -16.5673 -16.206 48.0884
64.3736 64.5608 -35.3594 -16.6498 -16.2859 48.0878
64.2902 64.4792 -35.119 -16.7329 -16.3664 48.087
64.2063 64.3971 -34.8785 -16.8167 -16.4476 48.0859
64.122 64.3147 -34.6381 -16.9012 -16.5294 48.0846
64.0373 64.2318 -34.3977 -16.9864 -16.6119 48.0831
63.9521 64.1486 -34.1573 -17.0723 -16.6951 48.0812
63.8666 64.0649 -33.9169 -17.1589 -16.7789 48.0789
63.7806 63.9808 -33.6765 -17.2462 -16.8634 48.0762
63.6941 63.8962 -33.4361 -17.3342 -16.9487 48.0731
63.6072 63.8113 -33.1958 -17.4229 -17.0345 48.0695
63.5199 63.7259 -32.9554 -17.5123 -17.1211 48.0653
63.4321 63.6401 -32.7151 -17.6025 -17.2083 48.0605
63.3438 63.5538 -32.4748 -17.6932 -17.2962 48.0551
63.2552 63.4671 -32.2346 -17.7847 -17.3847 48.0489
63.166 63.38 -31.9943 -17.8768 -17.4739 48.042
63.0764 63.2924 -31.7541 -17.9695 -17.5636 48.0343
62.9863 63.2043 -31.514 -18.0629 -17.654 48.0257
62.8958 63.1158 -31.2739 -18.1568 -17.7448 48.0162
62.8047 63.0269 -31.0338 -18.2513 -17.8362 48.0057
62.7132 62.9375 -30.7938 -18.3462 -17.9281 47.9943
62.6213 62.8476 -30.5539 -18.4417 -18.0205 47.9817
62.5288 62.7573 -30.314 -18.5376 -18.1132 47.9681
62.4359 62.6665 -30.0742 -18.6338 -18.2063 47.9533
62.3425 62.5752 -29.8345 -18.7304 -18.2997 47.9373
62.2486 62.4835 -29.5948 -18.8272 -18.3933 47.9202
62.1542 62.3913 -29.3553 -18.9242 -18.4872 47.9018
62.0594 62.2986 -29.1158 -19.0215 -18.5812 47.8821
61.964 62.2055 -28.8765 -19.1188 -18.6753 47.8612
61.8682 62.1118 -28.6372 -19.2161 -18.7694 47.839
61.7718 62.0178 -28.3981 -19.3134 -18.8635 47.8156
61.675 61.9232 -28.1591 -19.4107 -18.9575 47.7908
61.5777 61.8282 -27.9202 -19.5078 -19.0513 47.7649
61.48 61.7327 -27.6814 -19.6047 -19.1449 47.7376
61.3817 61.6367 -27.4428 -19.7013 -19.2383 47.7092
61.2829 61.5403 -27.2043 -19.7976 -19.3314 47.6795
61.1837 61.4434 -26.966 -19.8936 -19.424 47.6487
61.084 61.3461 -26.7278 -19.9891 -19.5163 47.6168
60.9838 61.2483 -26.4898 -20.0841 -19.6081 47.5837
60.8832 61.15 -26.252 -20.1786 -19.6993 47.5497
60.782 61.0513 -26.0143 -20.2725 -19.7901 47.5146
60.6804 60.9521 -25.7769 -20.3659 -19.8802 47.4786
60.5784 60.8525 -25.5395 -20.4586 -19.9697 47.4417
60.4759 60.7524 -25.3024 -20.5506 -20.0585 47.404
60.3729 60.6519 -25.0655 -20.6419 -20.1467 47.3655
60.2694 60.5509 -24.8288 -20.7325 -20.2342 47.3262
60.1656 60.4496 -24.5922 -20.8224 -20.3209 47.2863
60.0612 60.3477 -24.3559 -20.9115 -20.4069 47.2458
59.9564 60.2455 -24.1198 -20.9999 -20.4922 47.2048
59.8512 60.1428 -23.8839 -21.0875 -20.5767 47.1632
59.7456 60.0397 -23.6482 -21.1743 -20.6605 47.1212
59.6395 59.9362 -23.4127 -21.2604 -20.7435 47.0788
59.533 59.8323 -23.1774 -21.3457 -20.8258 47.0361
59.426 59.728 -22.9423 -21.4302 -20.9074 46.993
59.3187 59.6232 -22.7074 -21.5139 -20.9881 46.9497
59.2109 59.5181 -22.4728 -21.5969 -21.0682 46.9061
59.1027 59.4125 -22.2384 -21.6792 -21.1475 46.8624
58.9941 59.3066 -22.0042 -21.7607 -21.2262 46.8185
58.8851 59.2003 -21.7702 -21.8415 -21.3041 46.7746
58.7757 59.0936 -21.5364 -21.9216 -21.3814 46.7305
58.6659 58.9865 -21.3029 -22.001 -21.458 46.6864
58.5557 58.879 -21.0696 -22.0797 -21.5339 46.6422
58.4451 58.7711 -20.8365 -22.1578 -21.6092 46.5981
58.3341 58.6629 -20.6036 -22.2352 -21.6839 46.554
58.2227 58.5543 -20.3709 -22.312 -21.758 46.5099
58.111 58.4453 -20.1385 -22.3882 -21.8315 46.4658
57.9989 58.336 -19.9063 -22.4638 -21.9045 46.4218
57.8863 58.2263 -19.6743 -22.5389 -21.9769 46.3779
57.7735 58.1162 -19.4425 -22.6134 -22.0487 46.3341
57.6602 58.0058 -19.2109 -22.6874 -22.1201 46.2904
57.5466 57.895 -18.9796 -22.7609 -22.191 46.2468
57.4326 57.7839 -18.7485 -22.8338 -22.2614 46.2033
57.3183 57.6724 -18.5175 -22.9063 -22.3314 46.1599
57.2035 57.5606 -18.2869 -22.9784 -22.4009 46.1167
57.0885 57.4484 -18.0564 -23.05 -22.4699 46.0735
56.973 57.3359 -17.8261 -23.1211 -22.5386 46.0305
56.8573 57.223 -17.5961 -23.1919 -22.6069 45.9876
56.7411 57.1098 -17.3662 -23.2622 -22.6748 45.9448
56.6246 56.9962 -17.1366 -23.3322 -22.7424 45.9022
56.5078 56.8824 -16.9072 -23.4018 -22.8095 45.8597
56.3906 56.7682 -16.678 -23.4711 -22.8764 45.8173
56.2731 56.6536 -16.449 -23.54 -22.9429 45.775
56.1552 56.5387 -16.2203 -23.6086 -23.0092 45.7328
56.037 56.4235 -15.9917 -23.6769 -23.0751 45.6907
55.9185 56.308 -15.7634 -23.7449 -23.1408 45.6487
55.7996 56.1921 -15.5352 -23.8126 -23.2061 45.6069
55.6803 56.0759 -15.3073 -23.88 -23.2713 45.5651
55.5608 55.9594 -15.0796 -23.9471 -23.3361 45.5234
55.4409 55.8426 -14.8521 -24.014 -23.4008 45.4818
55.3206 55.7254 -14.6248 -24.0807 -23.4652 45.4402
55.2001 55.6079 -14.3977 -24.1471 -23.5294 45.3987
55.0791 55.4901 -14.1708 -24.2133 -23.5934 45.3573
54.9579 55.372 -13.9441 -24.2793 -23.6572 45.316
54.8364 55.2535 -13.7176 -24.3451 -23.7208 45.2747
54.7145 55.1348 -13.4913 -24.4107 -23.7842 45.2334
54.5922 55.0157 -13.2653 -24.4762 -23.8474 45.1922
54.4697 54.8963 -13.0394 -24.5414 -23.9105 45.151
54.3468 54.7766 -12.8138 -24.6065 -23.9735 45.1099
54.2236 54.6566 -12.5883 -24.6714 -24.0362 45.0687
54.1001 54.5362 -12.3631 -24.7362 -24.0989 45.0276
53.9763 54.4156 -12.138 -24.8008 -24.1614 44.9865
53.8521 54.2946 -11.9132 -24.8653 -24.2238 44.9454
53.7276 54.1733 -11.6886 -24.9296 -24.2861 44.9043
53.6028 54.0517 -11.4642 -24.9939 -24.3483 44.8631
53.4777 53.9298 -11.24 -25.058 -24.4104 44.822
53.3522 53.8076 -11.0159 -25.122 -24.4724 44.7808
53.2265 53.6851 -10.7921 -25.1859 -24.5343 44.7396
53.1004 53.5623 -10.5686 -25.2498 -24.5961 44.6984
52.974 53.4392 -10.3452 -25.3135 -24.6578 44.6571
52.8472 53.3157 -10.122 -25.3772 -24.7195 44.6158
52.7202 53.192 -9.899 -25.4407 -24.7811 44.5745
52.5928 53.0679 -9.67623 -25.5042 -24.8426 44.5331
52.4652 52.9435 -9.45367 -25.5677 -24.9041 44.4916
52.3372 52.8189 -9.23132 -25.6311 -24.9656 44.4501
52.2088 52.6939 -9.00917 -25.6944 -25.027 44.4085
52.0802 52.5686 -8.78723 -25.7577 -25.0884 44.3669
51.9513 52.443 -8.5655 -25.821 -25.1497 44.3251
51.822 52.3171 -8.34398 -25.8842 -25.211 44.2833
51.6924 52.1909 -8.12267 -25.9473 -25.2723 44.2414
51.5625 52.0644 -7.90157 -26.0105 -25.3336 44.1995
51.4323 51.9376 -7.68067 -26.0736 -25.3949 44.1574
51.3018 51.8104 -7.45999 -26.1367 -25.4561 44.1153
51.171 51.683 -7.23952 -26.1998 -25.5174 44.0731
51.0398 51.5552 -7.01926 -26.2629 -25.5787 44.0307
50.9083 51.4272 -6.79921 -26.326 -25.6399 43.9883
50.7765 51.2988 -6.57938 -26.3891 -25.7012 43.9458
50.6444 51.1702 -6.35976 -26.4521 -25.7625 43.9032
50.512 51.0412 -6.14035 -26.5152 -25.8238 43.8604
50.3793 50.912 -5.92115 -26.5783 -25.8852 43.8176
50.2462 50.7824 -5.70217 -26.6414 -25.9465 43.7746
50.1129 50.6525 -5.4834 -26.7046 -26.0079 43.7316
49.9792 50.5223 -5.26485 -26.7677 -26.0693 43.6884
49.8452 50.3918 -5.04652 -26.8309 -26.1308 43.6451
49.7109 50.261 -4.8284 -26.8941 -26.1923 43.6017
49.5763 50.1299 -4.6105 -26.9574 -26.2538 43.5582
49.4413 49.9984 -4.39282 -27.0206 -26.3154 43.5146
49.306 49.8667 -4.17536 -27.084 -26.377 43.4708
49.1705 49.7347 -3.95811 -27.1473 -26.4387 43.4269
49.0346 49.6023 -3.74109 -27.2107 -26.5004 43.3829
48.8984 49.4697 -3.52428 -27.2741 -26.5622 43.3388
48.7618 49.3367 -3.3077 -27.3376 -26.6241 43.2946
48.625 49.2034 -3.09134 -27.4012 -26.686 43.2502
48.4878 49.0698 -2.8752 -27.4648 -26.748 43.2057
48.3503 48.936 -2.65928 -27.5284 -26.81 43.1611
48.2125 48.8017 -2.44359 -27.5921 -26.8721 43.1164
48.0744 48.6672 -2.22812 -27.6559 -26.9343 43.0715
47.936 48.5324 -2.01287 -27.7197 -26.9965 43.0266
47.7972 48.3973 -1.79785 -27.7836 -27.0589 42.9815
47.6581 48.2618 -1.58306 -27.8476 -27.1213 42.9362
47.5187 48.1261 -1.36849 -27.9116 -27.1838 42.8909
47.379 47.99 -1.15415 -27.9757 -27.2463 42.8454
47.239 47.8536 -0.940035 -28.0399 -27.309 42.7998
47.0986 47.7169 -0.726151 -28.1041 -27.3717 42.754
46.9579 47.5799 -0.512495 -28.1684 -27.4345 42.7082
46.8169 47.4425 -0.299069 -28.2328 -27.4974 42.6622
46.6756 47.3049 -0.0858729 -28.2973 -27.5604 42.6161
46.534 47.1669 0.127092 -28.3618 -27.6234 42.5699
46.392 47.0287 0.339826 -28.4265 -27.6866 42.5235
46.2497 46.8901 0.552327 -28.4912 -27.7498 42.477
46.1071 46.7512 0.764596 -28.5559 -27.8132 42.4304
45.9641 46.6119 0.976631 -28.6208 -27.8766 42.3837
45.8209 46.4724 1.18843 -28.6858 -27.9401 42.3368
45.6773 46.3325 1.4 -28.7508 -28.0037 42.2898
45.5334 46.1924 1.61133 -28.8159 -28.0674 42.2427
45.3891 46.0519 1.82243 -28.8811 -28.1312 42.1955
45.2446 45.9111 2.03329 -28.9464 -28.1951 42.1481
45.0997 45.7699 2.24391 -29.0118 -28.2591 42.1006
44.9544 45.6285 2.45429 -29.0772 -28.3232 42.053
44.8089 45.4867 2.66444 -29.1428 -28.3874 42.0053
44.663 45.3446 2.87434 -29.2084 -28.4517 41.9574
44.5168 45.2022 3.08401 -29.2741 -28.5161 41.9095
44.3703 45.0594 3.29344 -29.3399 -28.5806 41.8614
44.2234 44.9164 3.50263 -29.4058 -28.6452 41.8131
44.0762 44.773 3.71157 -29.4718 -28.7099 41.7648
43.9287 44.6293 3.92027 -29.5379 -28.7746 41.7163
43.7808 44.4852 4.12873 -29.6041 -28.8395 41.6677
43.6326 44.3409 4.33695 -29.6703 -28.9045 41.619
43.4841 44.1962 4.54492 -29.7367 -28.9696 41.5702
43.3353 44.0512 4.75265 -29.8031 -29.0348 41.5212
43.1861 43.9058 4.96014 -29.8697 -29.1 41.4721
43.0366 43.7602 5.16737 -29.9363 -29.1654 41.4229
42.8867 43.6142 5.37437 -30.003 -29.2309 41.3736
42.7366 43.4679 5.58111 -30.0698 -29.2965 41.3241
42.586 43.3212 5.78761 -30.1367 -29.3622 41.2745
42.4352 43.1742 5.99386 -30.2037 -29.428 41.2248
42.284 43.0269 6.19986 -30.2707 -29.4939 41.175
42.1325 42.8793 6.40561 -30.3379 -29.5599 41.1251
41.9806 42.7313 6.61111 -30.4052 -29.6259 41.075
41.8284 42.583 6.81636 -30.4725 -29.6921 41.0248
41.6759 42.4344 7.02135 -30.54 -29.7584 40.9745
41.523 42.2855 7.2261 -30.6075 -29.8248 40.924
41.3698 42.1362 7.43059 -30.6751 -29.8913 40.8734
41.2163 41.9865 7.63483 -30.7428 -29.9579 40.8227
41.0624 41.8366 7.83882 -30.8106 -30.0246 40.7719
40.9082 41.6863 8.04255 -30.8785 -30.0914 40.721
40.7536 41.5357 8.24603 -30.9465 -30.1583 40.6699
40.5987 41.3847 8.44925 -31.0145 -30.2252 40.6187
40.4435 41.2334 8.65222 -31.0827 -30.2923 40.5673
40.2879 41.0818 8.85493 -31.1509 -30.3595 40.5159
40.132 40.9298 9.05738 -31.2193 -30.4268 40.4643
39.9757 40.7775 9.25957 -31.2877 -30.4942 40.4126
39.8191 40.6249 9.4615 -31.3562 -30.5617 40.3607
39.6621 40.4719 9.66318 -31.4248 -30.6292 40.3088
39.5048 40.3186 9.86459 -31.4935 -30.6969 40.2567
39.3472 40.1649 10.0657 -31.5622 -30.7647 40.2044
39.1892 40.0109 10.2666 -31.6311 -30.8326 40.1521
39.0309 39.8566 10.4673 -31.7001 -30.9006 40.0996
38.8722 39.7019 10.6676 -31.7691 -30.9686 40.0469
38.7132 39.5469 10.8677 -31.8382 -31.0368 39.9942
38.5538 39.3916 11.0676 -31.9074 -31.1051 39.9413
38.3941 39.2359 11.2671 -31.9767 -31.1734 39.8882
38.2341 39.0798 11.4665 -32.0461 -31.2419 39.8351
38.0737 38.9235 11.6655 -32.1156 -31.3104 39.7818
37.9129 38.7667 11.8643 -32.1851 -31.3791 39.7284
37.7518 38.6097 12.0628 -32.2548 -31.4478 39.6748
37.5904 38.4523 12.261 -32.3245 -31.5167 39.6211
37.4286 38.2945 12.459 -32.3943 -31.5856 39.5672
37.2664 38.1364 12.6567 -32.4642 -31.6546 39.5133
37.1039 37.978 12.8541 -32.5342 -31.7238 39.4591
36.9411 37.8192 13.0513 -32.6043 -31.793 39.4049
36.7779 37.66 13.2482 -32.6744 -31.8623 39.3505
36.6143 37.5005 13.4448 -32.7447 -31.9317 39.2959
36.4504 37.3407 13.6411 -32.815 -32.0012 39.2412
36.2862 37.1805 13.8372 -32.8854 -32.0708 39.1864
36.1216 37.02 14.033 -32.9559 -32.1405 39.1314
35.9566 36.8591 14.2285 -33.0265 -32.2103 39.0763
35.7913 36.6979 14.4238 -33.0971 -32.2802 39.0211
35.6256 36.5363 14.6187 -33.1679 -32.3502 38.9657
35.4596 36.3744 14.8134 -33.2387 -32.4202 38.9101
35.2933 36.2121 15.0078 -33.3096 -32.4904 38.8544
35.1265 36.0495 15.202 -33.3806 -32.5607 38.7986
34.9594 35.8865 15.3958 -33.4517 -32.631 38.7426
34.792 35.7232 15.5894 -33.5229 -32.7015 38.6864
34.6242 35.5595 15.7827 -33.5941 -32.772 38.6301
34.4561 35.3955 15.9757 -33.6654 -32.8426 38.5737
34.2876 35.2311 16.1684 -33.7368 -32.9134 38.5171
34.1187 35.0663 16.3609 -33.8083 -32.9842 38.4603
33.9495 34.9012 16.553 -33.8799 -33.0551 38.4034
33.7799 34.7358 16.7449 -33.9515 -33.1261 38.3463
33.61 34.57 16.9365 -34.0233 -33.1972 38.2891
33.4397 34.4038 17.1278 -34.0951 -33.2684 38.2317
33.269 34.2373 17.3188 -34.167 -33.3396 38.1742
33.098 34.0704 17.5095 -34.239 -33.411 38.1165
32.9266 33.9032 17.7 -34.311 -33.4825 38.0586
32.7549 33.7356 17.8901 -34.3832 -33.554 38.0006
32.5828 33.5676 18.08 -34.4554 -33.6257 37.9424
32.4103 33.3993 18.2695 -34.5277 -33.6974 37.8841
32.2375 33.2307 18.4588 -34.6001 -33.7692 37.8256
32.0643 33.0616 18.6478 -34.6726 -33.8411 37.7669
31.8908 32.8922 18.8365 -34.7451 -33.9131 37.7081
31.7169 32.7225 19.0249 -34.8178 -33.9852 37.6491
31.5426 32.5524 19.213 -34.8905 -34.0574 37.5899
31.368 32.3819 19.4008 -34.9633 -34.1297 37.5305
31.193 32.2111 19.5883 -35.0362 -34.2021 37.471
31.0176 32.0399 19.7755 -35.1091 -34.2746 37.4114
30.8419 31.8684 19.9624 -35.1822 -34.3471 37.3515
30.6658 31.6964 20.149 -35.2553 -34.4198 37.2915
30.4893 31.5242 20.3353 -35.3285 -34.4925 37.2313
30.3125 31.3515 20.5213 -35.4018 -34.5654 37.1709
30.1353 31.1785 20.707 -35.4752 -34.6383 37.1103
29.9578 31.0051 20.8924 -35.5486 -34.7113 37.0496
29.7798 30.8314 21.0775 -35.6221 -34.7844 36.9887
29.6015 30.6573 21.2623 -35.6957 -34.8576 36.9276
29.4229 30.4828 21.4468 -35.7694 -34.9309 36.8664
29.2438 30.308 21.631 -35.8432 -35.0043 36.8049
29.0644 30.1328 21.8148 -35.9171 -35.0777 36.7433
28.8847 29.9572 21.9984 -35.991 -35.1513 36.6815
28.7045 29.7813 22.1816 -36.065 -35.225 36.6195
28.524 29.6049 22.3646 -36.1391 -35.2987 36.5573
28.3431 29.4283 22.5472 -36.2133 -35.3725 36.4949
28.1619 29.2512 22.7295 -36.2876 -35.4465 36.4324
27.9803 29.0738 22.9115 -36.3619 -35.5205 36.3696
27.7983 28.896 23.0932 -36.4363 -35.5946 36.3067
27.6159 28.7179 23.2746 -36.5108 -35.6688 36.2436
27.4332 28.5393 23.4557 -36.5854 -35.7431 36.1802
27.25 28.3604 23.6364 -36.6601 -35.8175 36.1167
27.0666 28.1812 23.8168 -36.7348 -35.892 36.053
26.8827 28.0015 23.9969 -36.8097 -35.9665 35.9891
26.6985 27.8215 24.1767 -36.8846 -36.0412 35.925
26.5139 27.6411 24.3562 -36.9596 -36.1159 35.8607
26.3289 27.4603 24.5353 -37.0347 -36.1908 35.7962
26.1435 27.2792 24.7142 -37.1098 -36.2657 35.7315
25.9578 27.0977 24.8927 -37.1851 -36.3407 35.6666
25.7717 26.9158 25.0708 -37.2604 -36.4159 35.6015
25.5852 26.7335 25.2487 -37.3358 -36.4911 35.5362
25.3983 26.5509 25.4262 -37.4113 -36.5664 35.4707
25.2111 26.3678 25.6034 -37.4869 -36.6418 35.405
25.0234 26.1844 25.7802 -37.5625 -36.7173 35.3391
24.8354 26.0007 25.9568 -37.6383 -36.7929 35.273
24.647 25.8165 26.133 -37.7141 -36.8685 35.2066
24.4583 25.632 26.3088 -37.79 -36.9443 35.1401
24.2691 25.4471 26.4844 -37.866 -37.0202 35.0733
24.0796 25.2618 26.6596 -37.9421 -37.0961 35.0063
23.8897 25.0761 26.8344 -38.0182 -37.1722 34.9392
23.6994 24.8901 27.009 -38.0944 -37.2483 34.8718
23.5088 24.7036 27.1831 -38.1708 -37.3245 34.8041
23.3177 24.5168 27.357 -38.2472 -37.4009 34.7363
23.1263 24.3296 27.5305 -38.3237 -37.4773 34.6683
22.9345 24.142 27.7037 -38.4003 -37.5538 34.6
22.7423 23.9541 27.8765 -38.4769 -37.6304 34.5315
22.5497 23.7657 28.049 -38.5537 -37.7071 34.4628
22.3568 23.577 28.2211 -38.6305 -37.7839 34.3938
22.1634 23.3879 28.3929 -38.7074 -37.8608 34.3247
21.9697 23.1984 28.5644 -38.7844 -37.9378 34.2553
21.7756 23.0085 28.7355 -38.8615 -38.0148 34.1857
21.5811 22.8183 28.9062 -38.9387 -38.092 34.1158
21.3862 22.6276 29.0766 -39.0159 -38.1693 34.0457
21.1909 22.4366 29.2467 -39.0933 -38.2466 33.9754
20.9953 22.2451 29.4164 -39.1707 -38.3241 33.9049
20.7992 22.0533 29.5857 -39.2482 -38.4017 33.8341
20.6028 21.8611 29.7547 -39.3258 -38.4793 33.7631
20.406 21.6685 29.9234 -39.4035 -38.557 33.6919
20.2087 21.4756 30.0917 -39.4813 -38.6349 33.6204
20.0111 21.2822 30.2596 -39.5591 -38.7128 33.5487
19.8132 21.0884 30.4271 -39.6371 -38.7909 33.4767
19.6148 20.8943 30.5943 -39.7151 -38.869 33.4045
19.416 20.6997 30.7612 -39.7932 -38.9472 33.3321
19.2168 20.5048 30.9277 -39.8715 -39.0255 33.2594
19.0173 20.3095 31.0938 -39.9498 -39.1039 33.1864
18.8173 20.1138 31.2595 -40.0282 -39.1825 33.1133
18.617 19.9177 31.4249 -40.1066 -39.2611 33.0398
18.4163 19.7212 31.5899 -40.1852 -39.3398 32.9662
18.2152 19.5243 31.7546 -40.2639 -39.4186 32.8922
18.0136 19.327 31.9189 -40.3426 -39.4975 32.818
17.8117 19.1293 32.0828 -40.4214 -39.5765 32.7436
17.6094 18.9312 32.2463 -40.5004 -39.6556 32.6689
17.4067 18.7327 32.4094 -40.5794 -39.7348 32.594
17.2036 18.5339 32.5722 -40.6585 -39.8141 32.5188
17.0001 18.3346 32.7346 -40.7377 -39.8935 32.4433
16.7963 18.1349 32.8967 -40.817 -39.973 32.3676
16.592 17.9349 33.0583 -40.8963 -40.0526 32.2916
16.3873 17.7344 33.2196 -40.9758 -40.1323 32.2153
16.1822 17.5335 33.3805 -41.0553 -40.2121 32.1388
15.9767 17.3323 33.541 -41.135 -40.292 32.062
15.7709 17.1306 33.7011 -41.2147 -40.3719 31.985
15.5646 16.9286 33.8608 -41.2946 -40.452 31.9077
15.3579 16.7261 34.0202 -41.3745 -40.5322 31.8301
15.1508 16.5232 34.1791 -41.4545 -40.6125 31.7522
14.9434 16.32 34.3377 -41.5346 -40.6929 31.674
14.7355 16.1163 34.4959 -41.6148 -40.7734 31.5956
14.5272 15.9122 34.6536 -41.6951 -40.854 31.5169
14.3185 15.7078 34.811 -41.7755 -40.9347 31.438
14.1095 15.5029 34.968 -41.856 -41.0155 31.3587
13.9 15.2976 35.1246 -41.9366 -41.0964 31.2792
13.6901 15.0919 35.2808 -42.0172 -41.1774 31.1994
13.4798 14.8858 35.4366 -42.098 -41.2585 31.1192
13.2691 14.6793 35.592 -42.1788 -41.3397 31.0389
13.058 14.4724 35.747 -42.2598 -41.421 30.9582
12.8465 14.2651 35.9016 -42.3408 -41.5024 30.8772
12.6346 14.0574 36.0558 -42.422 -41.5839 30.7959
12.4223 13.8493 36.2095 -42.5032 -41.6655 30.7144
12.2096 13.6408 36.3629 -42.5846 -41.7472 30.6325
11.9965 13.4318 36.5159 -42.666 -41.829 30.5504
11.7829 13.2225 36.6684 -42.7475 -41.911 30.4679
11.569 13.0127 36.8205 -42.8291 -41.993 30.3852
11.3546 12.8025 36.9723 -42.9108 -42.0751 30.3022
11.1399 12.592 37.1236 -42.9927 -42.1573 30.2188
10.9247 12.381 37.2745 -43.0746 -42.2397 30.1351
10.7091 12.1696 37.4249 -43.1566 -42.3221 30.0512
10.4931 11.9577 37.575 -43.2387 -42.4047 29.9669
10.2767 11.7455 37.7246 -43.3209 -42.4873 29.8823
10.0599 11.5329 37.8738 -43.4032 -42.5701 29.7974
9.84271 11.3198 38.0226 -43.4856 -42.6529 29.7122
9.62508 11.1063 38.1709 -43.5681 -42.7359 29.6267
9.40703 10.8925 38.3188 -43.6507 -42.8189 29.5409
9.18857 10.6781 38.4663 -43.7334 -42.9021 29.4547
8.96969 10.4634 38.6134 -43.8162 -42.9854 29.3682
8.75041 10.2483 38.76 -43.8991 -43.0688 29.2814
8.5307 10.0327 38.9062 -43.9821 -43.1523 29.1943
8.31059 9.81677 39.0519 -44.0652 -43.2359 29.1069
8.09005 9.60038 39.1973 -44.1484 -43.3196 29.0191
7.8691 9.38358 39.3421 -44.2317 -43.4034 28.931
7.64773 9.16635 39.4866 -44.3151 -43.4873 28.8425
7.42595 8.9487 39.6306 -44.3985 -43.5713 28.7537
7.20375 8.73064 39.7741 -44.4821 -43.6555 28.6646
6.98113 8.51215 39.9172 -44.5658 -43.7397 28.5752
6.75809 8.29324 40.0599 -44.6496 -43.824 28.4854
6.53463 8.07391 40.2021 -44.7335 -43.9085 28.3953
6.31076 7.85415 40.3438 -44.8176 -43.9931 28.3048
6.08646 7.63398 40.4851 -44.9017 -44.0777 28.214
5.86174 7.41338 40.626 -44.9859 -44.1625 28.1228
5.6366 7.19235 40.7663 -45.0702 -44.2474 28.0313
5.41104 6.9709 40.9063 -45.1546 -44.3324 27.9394
5.18505 6.74903 41.0457 -45.2391 -44.4175 27.8472
4.95865 6.52673 41.1847 -45.3237 -44.5027 27.7546
4.73181 6.304 41.3233 -45.4085 -44.588 27.6617
4.50456 6.08085 41.4614 -45.4933 -44.6735 27.5684
4.27688 5.85727 41.599 -45.5782 -44.759 27.4748
4.04878 5.63326 41.7361 -45.6633 -44.8447 27.3807
3.82025 5.40882 41.8728 -45.7484 -44.9304 27.2864
3.59129 5.18395 42.009 -45.8337 -45.0163 27.1916
3.36191 4.95866 42.1447 -45.919 -45.1023 27.0965
3.1321 4.73293 42.2799 -46.0045 -45.1884 27.001
2.90187 4.50677 42.4147 -46.09 -45.2746 26.9051
2.6712 4.28018 42.549 -46.1757 -45.3609 26.8089
2.44011 4.05316 42.6828 -46.2615 -45.4473 26.7123
2.20859 3.82571 42.8161 -46.3474 -45.5338 26.6153
1.97664 3.59783 42.9489 -46.4334 -45.6205 26.5179
1.74425 3.36951 43.0813 -46.5195 -45.7072 26.4201
1.51144 3.14075 43.2131 -46.6057 -45.7941 26.322
1.2782 2.91157 43.3445 -46.692 -45.8811 26.2234
1.04452 2.68194 43.4754 -46.7784 -45.9681 26.1245
0.810413 2.45188 43.6057 -46.8649 -46.0553 26.0252
0.575872 2.22139 43.7356 -46.9516 -46.1427 25.9254
0.340897 1.99046 43.865 -47.0383 -46.2301 25.8253
0.105489 1.75909 43.9939 -47.1252 -46.3176 25.7248
-0.130355 1.52728 44.1223 -47.2121 -46.4053 25.6238
-0.366633 1.29504 44.2501 -47.2992 -46.493 25.5225
-0.603347 1.06235 44.3775 -47.3864 -46.5809 25.4208
-0.840497 0.829227 44.5043 -47.4737 -46.6689 25.3186
-1.07808 0.595662 44.6307 -47.5611 -46.757 25.2161
-1.31611 0.361657 44.7565 -47.6486 -46.8452 25.1131
-1.55457 0.12721 44.8818 -47.7362 -46.9335 25.0097
-1.79347 -0.107678 45.0066 -47.8239 -47.022 24.9059
-2.03281 -0.343009 45.1309 -47.9118 -47.1105 24.8016
-2.27259 -0.578784 45.2546 -47.9997 -47.1992 24.6969
-2.51281 -0.815001 45.3778 -48.0878 -47.2879 24.5919
-2.75346 -1.05166 45.5005 -48.1759 -47.3768 24.4863
-2.99457 -1.28877 45.6227 -48.2642 -47.4658 24.3804
-3.23611 -1.52632 45.7443 -48.3526 -47.555 24.274
-3.47809 -1.76432 45.8654 -48.4411 -47.6442 24.1672
-3.72052 -2.00276 45.986 -48.5297 -47.7335 24.0599
-3.96339 -2.24165 46.106 -48.6185 -47.823 23.9522
-4.2067 -2.48099 46.2255 -48.7073 -47.9126 23.844
-4.45046 -2.72078 46.3445 -48.7963 -48.0023 23.7354
-4.69467 -2.96102 46.4629 -48.8853 -48.0921 23.6264
-4.93932 -3.2017 46.5807 -48.9745 -48.182 23.5169
-5.18441 -3.44284 46.698 -49.0638 -48.272 23.4069
-5.42995 -3.68442 46.8148 -49.1532 -48.3621 23.2965
-5.67594 -3.92646 46.931 -49.2427 -48.4524 23.1856
-5.92238 -4.16895 47.0467 -49.3324 -48.5428 23.0742
-6.16927 -4.41189 47.1617 -49.4221 -48.6333 22.9624
-6.4166 -4.65528 47.2763 -49.512 -48.7239 22.8501
-6.66439 -4.89912 47.3902 -49.602 -48.8146 22.7374
-6.91262 -5.14342 47.5036 -49.6921 -48.9054 22.6241
-7.16131 -5.38818 47.6165 -49.7823 -48.9963 22.5104
-7.41045 -5.63339 47.7288 -49.8726 -49.0874 22.3962
-7.66003 -5.87905 47.8404 -49.963 -49.1786 22.2816
-7.91008 -6.12517 47.9516 -50.0536 -49.2699 22.1664
-8.16057 -6.37175 48.0621 -50.1442 -49.3613 22.0507
-8.41152 -6.61879 48.1721 -50.235 -49.4528 21.9346
-8.66292 -6.86628 48.2815 -50.3259 -49.5444 21.8179
-8.91478 -7.11423 48.3903 -50.4169 -49.6362 21.7008
-9.16709 -7.36264 48.4985 -50.5081 -49.728 21.5831
-9.41986 -7.61151 48.6061 -50.5993 -49.82 21.465
-9.67308 -7.86084 48.7131 -50.6907 -49.9121 21.3463
-9.92676 -8.11063 48.8196 -50.7821 -50.0043 21.2272
-10.1809 -8.36088 48.9254 -50.8737 -50.0966 21.1075
-10.4355 -8.6116 49.0306 -50.9654 -50.189 20.9873
-10.6906 -8.86277 49.1353 -51.0573 -50.2816 20.8665
-10.9461 -9.11441 49.2393 -51.1492 -50.3742 20.7453
-11.2021 -9.36652 49.3427 -51.2413 -50.467 20.6235
-11.4585 -9.61908 49.4455 -51.3334 -50.5599 20.5012
-11.7154 -9.87212 49.5477 -51.4257 -50.6529 20.3784
-11.9727 -10.1256 49.6493 -51.5182 -50.746 20.255
-12.2306 -10.3796 49.7503 -51.6107 -50.8393 20.1311
-12.4889 -10.634 49.8506 -51.7033 -50.9326 20.0066
-12.7476 -10.8889 49.9503 -51.7961 -51.026 19.8816
-13.0068 -11.1443 50.0494 -51.889 -51.1196 19.756
-13.2665 -11.4001 50.1479 -51.982 -51.2133 19.6299
-13.5266 -11.6564 50.2457 -52.0751 -51.3071 19.5032
-13.7872 -11.9132 50.3429 -52.1683 -51.401 19.376
-14.0483 -12.1704 50.4395 -52.2617 -51.495 19.2482
-14.3099 -12.4281 50.5354 -52.3552 -51.5891 19.1198
-14.5719 -12.6863 50.6307 -52.4487 -51.6834 18.9909
-14.8343 -12.945 50.7253 -52.5425 -51.7777 18.8614
-15.0973 -13.2041 50.8193 -52.6363 -51.8722 18.7313
-15.3607 -13.4637 50.9126 -52.7302 -51.9668 18.6006
-15.6246 -13.7237 51.0053 -52.8243 -52.0615 18.4693
-15.889 -13.9843 51.0973 -52.9185 -52.1563 18.3375
-16.1538 -14.2453 51.1887 -53.0128 -52.2512 18.205
-16.4191 -14.5068 51.2794 -53.1072 -52.3462 18.072
-16.6849 -14.7688 51.3694 -53.2017 -52.4413 17.9384
-16.9511 -15.0312 51.4588 -53.2964 -52.5366 17.8041
-17.2178 -15.2941 51.5474 -53.3911 -52.6319 17.6692
-17.485 -15.5575 51.6355 -53.486 -52.7274 17.5338
-17.7527 -15.8214 51.7228 -53.581 -52.8229 17.3977
-18.0208 -16.0858 51.8094 -53.6761 -52.9186 17.261
-18.2894 -16.3506 51.8954 -53.7714 -53.0144 17.1236
-18.5585 -16.6159 51.9807 -53.8667 -53.1102 16.9857
-18.8281 -16.8817 52.0653 -53.9622 -53.2062 16.8471
-19.0982 -17.148 52.1491 -54.0578 -53.3023 16.7078
-19.3687 -17.4147 52.2323 -54.1535 -53.3985 16.5679
-19.6397 -17.682 52.3148 -54.2494 -53.4949 16.4274
-19.9112 -17.9497 52.3966 -54.3453 -53.5913 16.2862
-20.1831 -18.2179 52.4777 -54.4414 -53.6878 16.1444
-20.4556 -18.4865 52.558 -54.5375 -53.7844 16.0019
-20.7285 -18.7557 52.6377 -54.6338 -53.8811 15.8588
-21.0019 -19.0254 52.7166 -54.7302 -53.978 15.715
-21.2758 -19.2955 52.7948 -54.8268 -54.0749 15.5705
-21.5502 -19.5661 52.8723 -54.9234 -54.1719 15.4253
-21.8251 -19.8372 52.9491 -55.0202 -54.2691 15.2795
-22.1004 -20.1088 53.0251 -55.117 -54.3663 15.1329
-22.3762 -20.3809 53.1004 -55.214 -54.4636 14.9857
-22.6525 -20.6534 53.175 -55.3111 -54.561 14.8378
-22.9293 -20.9265 53.2488 -55.4083 -54.6586 14.6892
-23.2066 -21.2 53.3219 -55.5057 -54.7562 14.5399
-23.4844 -21.474 53.3942 -55.6031 -54.8539 14.3899
-23.7627 -21.7486 53.4658 -55.7007 -54.9517 14.2391
-24.0414 -22.0236 53.5366 -55.7984 -55.0497 14.0877
-24.3206 -22.2991 53.6067 -55.8961 -55.1477 13.9355
-24.6004 -22.575 53.676 -55.994 -55.2458 13.7826
-24.8806 -22.8515 53.7445 -56.092 -55.344 13.629
-25.1613 -23.1285 53.8122 -56.1902 -55.4422 13.4746
-25.4425 -23.4059 53.8792 -56.2884 -55.5406 13.3195
-25.7242 -23.6839 53.9454 -56.3867 -55.6391 13.1637
-26.0063 -23.9623 54.0109 -56.4852 -55.7376 13.007
-26.289 -24.2413 54.0755 -56.5837 -55.8363 12.8497
-26.5722 -24.5207 54.1394 -56.6824 -55.935 12.6916
-26.8558 -24.8006 54.2024 -56.7812 -56.0338 12.5327
-27.14 -25.081 54.2647 -56.8801 -56.1327 12.373
-27.4246 -25.3619 54.3262 -56.9791 -56.2317 12.2125
-27.7098 -25.6433 54.3868 -57.0781 -56.3308 12.0513
-27.9954 -25.9253 54.4467 -57.1773 -56.4299 11.8893
-28.2816 -26.2076 54.5057 -57.2766 -56.5292 11.7265
-28.5682 -26.4905 54.5639 -57.3761 -56.6285 11.5629
-28.8553 -26.7739 54.6213 -57.4756 -56.7279 11.3985
-29.1429 -27.0578 54.6779 -57.5752 -56.8273 11.2332
-29.4311 -27.3422 54.7337 -57.6749 -56.9269 11.0672
-29.7197 -27.6271 54.7886 -57.7747 -57.0265 10.9003
-30.0088 -27.9125 54.8427 -57.8746 -57.1262 10.7326
-30.2984 -28.1984 54.8959 -57.9746 -57.2259 10.5641
-30.5886 -28.4847 54.9483 -58.0747 -57.3257 10.3947
-30.8792 -28.7716 54.9999 -58.1749 -57.4256 10.2245
-31.1703 -29.059 55.0506 -58.2752 -57.5256 10.0534
-31.4619 -29.3469 55.1004 -58.3756 -57.6256 9.88153
-31.7541 -29.6352 55.1494 -58.4761 -57.7257 9.70874
-32.0467 -29.9241 55.1975 -58.5767 -57.8259 9.53508
-32.3398 -30.2135 55.2447 -58.6774 -57.9261 9.36054
-32.6335 -30.5034 55.2911 -58.7781 -58.0264 9.18513
-32.9276 -30.7938 55.3366 -58.879 -58.1267 9.00882
-33.2223 -31.0847 55.3812 -58.9799 -58.2271 8.83162
-33.5174 -31.376 55.4249 -59.0809 -58.3275 8.65351
-33.8131 -31.6679 55.4677 -59.182 -58.428 8.4745
-34.1092 -31.9603 55.5096 -59.2832 -58.5286 8.29457
-34.4059 -32.2532 55.5507 -59.3845 -58.6292 8.11372
-34.7031 -32.5466 55.5908 -59.4858 -58.7298 7.93194
-35.0008 -32.8405 55.63 -59.5872 -58.8305 7.74923
-35.299 -33.1349 55.6683 -59.6887 -58.9312 7.56557
-35.5977 -33.4298 55.7056 -59.7903 -59.032 7.38096
-35.8969 -33.7252 55.7421 -59.8919 -59.1328 7.1954
-36.1966 -34.0212 55.7776 -59.9936 -59.2337 7.00888
-36.4968 -34.3176 55.8122 -60.0954 -59.3346 6.82138
-36.7975 -34.6145 55.8458 -60.1973 -59.4355 6.6329
-37.0988 -34.9119 55.8785 -60.2992 -59.5364 6.44344
-37.4005 -35.2099 55.9102 -60.4011 -59.6374 6.25299
-37.7028 -35.5083 55.941 -60.5032 -59.7384 6.06153
-38.0056 -35.8072 55.9708 -60.6053 -59.8395 5.86907
-38.3088 -36.1067 55.9997 -60.7074 -59.9405 5.67559
-38.6126 -36.4067 56.0276 -60.8096 -60.0416 5.48109
-38.9169 -36.7071 56.0545 -60.9118 -60.1427 5.28556
-39.2217 -37.0081 56.0805 -61.0141 -60.2438 5.08899
-39.5271 -37.3096 56.1054 -61.1165 -60.3449 4.89137
-39.8329 -37.6115 56.1294 -61.2188 -60.446 4.69269
-40.1393 -37.914 56.1523 -61.3213 -60.5472 4.49295
-40.4461 -38.217 56.1743 -61.4237 -60.6483 4.29214
-40.7535 -38.5205 56.1953 -61.5262 -60.7495 4.09025
-41.0614 -38.8245 56.2152 -61.6287 -60.8506 3.88728
-41.3698 -39.129 56.2341 -61.7313 -60.9518 3.6832
-41.6787 -39.434 56.252 -61.8339 -61.0529 3.47802
-41.9881 -39.7395 56.2689 -61.9365 -61.1541 3.27172
-42.2981 -40.0456 56.2848 -62.0391 -61.2552 3.0643
-42.6085 -40.3521 56.2996 -62.1417 -61.3563 2.85575
-42.9195 -40.6591 56.3133 -62.2444 -61.4574 2.64606
-43.231 -40.9667 56.326 -62.3471 -61.5585 2.43522
-43.543 -41.2747 56.3377 -62.4497 -61.6596 2.22322
-43.8555 -41.5833 56.3482 -62.5524 -61.7606 2.01005
-44.1685 -41.8923 56.3578 -62.6551 -61.8616 1.7957
-44.482 -42.2019 56.3662 -62.7577 -61.9626 1.58016
-44.7961 -42.5119 56.3736 -62.8604 -62.0636 1.36342
-45.1106 -42.8225 56.3798 -62.963 -62.1645 1.14548
-45.4257 -43.1336 56.385 -63.0657 -62.2654 0.926325
-45.7413 -43.4452 56.3891 -63.1683 -62.3662 0.70594
-46.0574 -43.7572 56.3921 -63.2709 -62.467 0.484319
-46.374 -44.0698 56.3939 -63.3734 -62.5678 0.26145
-46.6911 -44.3829 56.3947 -63.476 -62.6685 0.0373245
-47.0087 -44.6965 56.3943 -63.5785 -62.7692 -0.188069
-47.3269 -45.0106 56.3928 -63.6809 -62.8698 -0.41474
-47.6455 -45.3252 56.3902 -63.7833 -62.9703 -0.6427
-47.9647 -45.6403 56.3864 -63.8857 -63.0708 -0.871958
-48.2844 -45.9559 56.3814 -63.988 -63.1712 -1.10253
-48.6046 -46.272 56.3754 -64.0902 -63.2716 -1.33442
-48.9253 -46.5886 56.3681 -64.1924 -63.3719 -1.56764
-49.2465 -46.9057 56.3597 -64.2945 -63.4721 -1.8022
-49.5683 -47.2234 56.3501 -64.3966 -63.5722 -2.03812
-49.8905 -47.5415 56.3393 -64.4985 -63.6723 -2.2754
-50.2132 -47.8601 56.3273 -64.6004 -63.7722 -2.51406
-50.5365 -48.1792 56.3142 -64.7022 -63.8721 -2.75411
-50.8603 -48.4988 56.2998 -64.8039 -63.9719 -2.99556
-51.1845 -48.8189 56.2842 -64.9055 -64.0716 -3.23842
-51.5093 -49.1395 56.2674 -65.007 -64.1712 -3.48271
-51.8346 -49.4606 56.2494 -65.1084 -64.2707 -3.72843
-52.1604 -49.7822 56.2301 -65.2097 -64.3701 -3.97559
-52.4867 -50.1043 56.2096 -65.3108 -64.4694 -4.22422
-52.8135 -50.4269 56.1879 -65.4119 -64.5685 -4.47432
-53.1408 -50.75 56.1649 -65.5128 -64.6676 -4.7259
-53.4686 -51.0736 56.1406 -65.6135 -64.7666 -4.97899
-53.797 -51.3977 56.1151 -65.7142 -64.8654 -5.23358
-54.1258 -51.7223 56.0883 -65.8146 -64.9641 -5.48969
-54.4551 -52.0473 56.0602 -65.915 -65.0626 -5.74734
-54.7849 -52.3729 56.0308 -66.0151 -65.1611 -6.00654
-55.1153 -52.6989 56.0001 -66.1151 -65.2594 -6.2673
-55.4461 -53.0255 55.9681 -66.2149 -65.3575 -6.52963
-55.7774 -53.3525 55.9348 -66.3146 -65.4555 -6.79355
-56.1092 -53.68 55.9002 -66.4141 -65.5534 -7.05908
-56.4415 -54.008 55.8642 -66.5133 -65.6511 -7.32621
-56.7744 -54.3365 55.8269 -66.6124 -65.7486 -7.59498
-57.1077 -54.6655 55.7883 -66.7113 -65.846 -7.86539
-57.4415 -54.995 55.7483 -66.81 -65.9432 -8.13746
-57.7758 -55.325 55.7069 -66.9084 -66.0402 -8.41119
-58.1106 -55.6554 55.6642 -67.0066 -66.1371 -8.68661
-58.4458 -55.9863 55.62 -67.1046 -66.2338 -8.96373
-58.7816 -56.3177 55.5745 -67.2024 -66.3303 -9.24256
-59.1179 -56.6496 55.5276 -67.2999 -66.4266 -9.52312
-59.4546 -56.982 55.4793 -67.3972 -66.5227 -9.80542
-59.7918 -57.3149 55.4296 -67.4942 -66.6186 -10.0895
-60.1295 -57.6482 55.3784 -67.5909 -66.7143 -10.3753
-60.4677 -57.982 55.3258 -67.6874 -66.8098 -10.6629
-60.8064 -58.3163 55.2718 -67.7836 -66.9051 -10.9523
-61.1456 -58.6511 55.2163 -67.8795 -67.0001 -11.2436
-61.4852 -58.9863 55.1593 -67.9752 -67.095 -11.5366
-61.8253 -59.322 55.1009 -68.0705 -67.1896 -11.8315
-62.1659 -59.6582 55.041 -68.1655 -67.2839 -12.1283
-62.507 -59.9948 54.9796 -68.2602 -67.378 -12.427
-62.8485 -60.332 54.9168 -68.3545 -67.4719 -12.7275
-63.1905 -60.6696 54.8524 -68.4486 -67.5655 -13.0299
-63.533 -61.0076 54.7865 -68.5423 -67.6588 -13.3343
-63.876 -61.3461 54.719 -68.6356 -67.7519 -13.6406
-64.2194 -61.6851 54.65 -68.7286 -67.8447 -13.9489
-64.5632 -62.0246 54.5795 -68.8212 -67.9372 -14.2592
-64.9076 -62.3645 54.5075 -68.9135 -68.0294 -14.5714
-65.2524 -62.7049 54.4338 -69.0054 -68.1213 -14.8856
-65.5976 -63.0457 54.3586 -69.0968 -68.2129 -15.2019
-65.9433 -63.387 54.2818 -69.1879 -68.3042 -15.5202
-66.2895 -63.7288 54.2034 -69.2786 -68.3952 -15.8406
-66.6361 -64.071 54.1234 -69.3689 -68.4858 -16.163
-66.9832 -64.4136 54.0418 -69.4587 -68.5761 -16.4875
-67.3307 -64.7567 53.9585 -69.5481 -68.6661 -16.8141
-67.6787 -65.1003 53.8736 -69.637 -68.7557 -17.1429
-68.0271 -65.4443 53.7871 -69.7255 -68.8449 -17.4738
-68.3759 -65.7887 53.6989 -69.8135 -68.9338 -17.8068
-68.7252 -66.1336 53.609 -69.9011 -69.0223 -18.1421
-69.0749 -66.479 53.5175 -69.9881 -69.1104 -18.4795
-69.4251 -66.8247 53.4242 -70.0747 -69.1981 -18.8191
-69.7757 -67.1709 53.3293 -70.1607 -69.2854 -19.161
-70.1267 -67.5176 53.2326 -70.2463 -69.3722 -19.5051
-70.4782 -67.8647 53.1342 -70.3313 -69.4587 -19.8515
-70.83 -68.2122 53.0341 -70.4157 -69.5447 -20.2001
-71.1823 -68.5601 52.9322 -70.4996 -69.6302 -20.5511
-71.535 -68.9085 52.8286 -70.583 -69.7153 -20.9044
-71.8881 -69.2573 52.7232 -70.6658 -69.7999 -21.26
-72.2417 -69.6065 52.616 -70.7479 -69.884 -21.618
-72.5956 -69.9561 52.507 -70.8295 -69.9677 -21.9784
-72.95 -70.3061 52.3962 -70.9105 -70.0508 -22.3411
-73.3047 -70.6566 52.2836 -70.9909 -70.1334 -22.7063
-73.6599 -71.0075 52.1691 -71.0706 -70.2155 -23.0739
-74.0154 -71.3588 52.0528 -71.1496 -70.297 -23.444
-74.3714 -71.7105 51.9347 -71.228 -70.378 -23.8165
-74.7277 -72.0625 51.8147 -71.3058 -70.4584 -24.1916
-75.0844 -72.415 51.6928 -71.3828 -70.5382 -24.5691
-75.4415 -72.7679 51.569 -71.4591 -70.6174 -24.9492
-75.799 -73.1212 51.4433 -71.5347 -70.696 -25.3318
-76.1569 -73.4749 51.3157 -71.6096 -70.774 -25.7171
-76.5151 -73.829 51.1861 -71.6837 -70.8513 -26.1049
-76.8737 -74.1834 51.0546 -71.7571 -70.928 -26.4953
-77.2327 -74.5382 50.9212 -71.8296 -71.004 -26.8883
-77.592 -74.8934 50.7857 -71.9014 -71.0793 -27.284
-77.9517 -75.249 50.6483 -71.9724 -71.1539 -27.6824
-78.3117 -75.605 50.5089 -72.0425 -71.2278 -28.0835
-78.6721 -75.9613 50.3675 -72.1118 -71.301 -28.4873
-79.0329 -76.318 50.224 -72.1802 -71.3734 -28.8938
-79.3939 -76.675 50.0785 -72.2478 -71.445 -29.3031
-79.7553 -77.0324 49.931 -72.3144 -71.5158 -29.7152
-80.1171 -77.3902 49.7814 -72.3802 -71.5858 -30.1301
-80.4791 -77.7483 49.6297 -72.445 -71.655 -30.5478
-80.8415 -78.1067 49.4759 -72.5088 -71.7234 -30.9683
-81.2042 -78.4655 49.32 -72.5717 -71.7909 -31.3917
-81.5672 -78.8247 49.162 -72.6335 -71.8575 -31.818
-81.9306 -79.1841 49.0018 -72.6944 -71.9232 -32.2472
-82.2942 -79.5439 48.8395 -72.7542 -71.988 -32.6794
-82.6581 -79.904 48.675 -72.813 -72.0518 -33.1144
-83.0223 -80.2644 48.5084 -72.8707 -72.1147 -33.5525
-83.3868 -80.6251 48.3395 -72.9273 -72.1766 -33.9936
-83.7516 -80.9862 48.1684 -72.9828 -72.2374 -34.4376
-84.1166 -81.3475 47.9951 -73.0371 -72.2973 -34.8847
-84.482 -81.7091 47.8196 -73.0903 -72.3561 -35.3349
-84.8475 -82.0711 47.6418 -73.1422 -72.4138 -35.7882
-85.2134 -82.4333 47.4617 -73.193 -72.4704 -36.2445
-85.5795 -82.7958 47.2793 -73.2425 -72.5258 -36.704
-85.9458 -83.1585 47.0947 -73.2908 -72.5802 -37.1667
-86.3124 -83.5216 46.9077 -73.3378 -72.6333 -37.6325
-86.6792 -83.8849 46.7183 -73.3834 -72.6853 -38.1015
-87.0462 -84.2484 46.5267 -73.4278 -72.736 -38.5737
-87.4135 -84.6122 46.3326 -73.4707 -72.7854 -39.0491
-87.7809 -84.9763 46.1362 -73.5123 -72.8336 -39.5279
-88.1486 -85.3406 45.9373 -73.5524 -72.8805 -40.0098
-88.5165 -85.7051 45.7361 -73.5911 -72.926 -40.4951
-88.8845 -86.0698 45.5324 -73.6283 -72.9702 -40.9838
-89.2527 -86.4348 45.3262 -73.664 -73.013 -41.4757
-89.6211 -86.8 45.1176 -73.6981 -73.0543 -41.9711
-89.9897 -87.1653 44.9065 -73.7307 -73.0942 -42.4698
-90.3584 -87.5309 44.6929 -73.7617 -73.1326 -42.972
-90.7273 -87.8967 44.4768 -73.791 -73.1695 -43.4775
-91.0964 -88.2626 44.2581 -73.8187 -73.2048 -43.9866
-91.4655 -88.6287 44.0369 -73.8446 -73.2385 -44.4991
-91.8348 -88.995 43.8131 -73.8689 -73.2707 -45.0151
-92.2042 -89.3614 43.5868 -73.8913 -73.3011 -45.5346
-92.5737 -89.728 43.3578 -73.912 -73.3299 -46.0577
-92.9433 -90.0947 43.1262 -73.9308 -73.357 -46.5843
-93.313 -90.4616 42.892 -73.9477 -73.3823 -47.1145
-93.6828 -90.8285 42.655 -73.9627 -73.4058 -47.6483
-94.0527 -91.1956 42.4155 -73.9758 -73.4275 -48.1858
-94.4226 -91.5628 42.1732 -73.9869 -73.4473 -48.7268
-94.7925 -91.9301 41.9282 -73.9959 -73.4652 -49.2716
-95.1625 -92.2975 41.6805 -74.0029 -73.4811 -49.82
-95.5325 -92.6649 41.43 -74.0077 -73.4951 -50.3721
-95.9026 -93.0324 41.1768 -74.0104 -73.507 -50.9279
-96.2727 -93.4 40.9207 -74.0109 -73.5169 -51.4874
-96.6427 -93.7676 40.6619 -74.0092 -73.5247 -52.0508
-97.0127 -94.1352 40.4002 -74.0052 -73.5302 -52.6178
-97.3828 -94.5029 40.1357 -73.9988 -73.5336 -53.1887
-97.7527 -94.8706 39.8683 -73.9901 -73.5348 -53.7634
-98.1227 -95.2382 39.5981 -73.9789 -73.5336 -54.3419
-98.4925 -95.6059 39.3249 -73.9653 -73.5301 -54.9242
-98.8623 -95.9735 39.0488 -73.9492 -73.5243 -55.5104
-99.232 -96.3411 38.7698 -73.9305 -73.5159 -56.1004
-99.6016 -96.7087 38.4878 -73.9092 -73.5052 -56.6943
-99.9711 -97.0762 38.2029 -73.8852 -73.4918 -57.2922
-100.34 -97.4436 37.9149 -73.8585 -73.4759 -57.8939
-100.71 -97.8109 37.6239 -73.829 -73.4574 -58.4995
-101.079 -98.1782 37.3299 -73.7967 -73.4362 -59.1091
-101.448 -98.5453 37.0328 -73.7615 -73.4122 -59.7226
-101.816 -98.9123 36.7327 -73.7234 -73.3854 -60.3401
-102.185 -99.2792 36.4294 -73.6823 -73.3558 -60.9615
-102.553 -99.6459 36.123 -73.6381 -73.3233 -61.5869
-102.921 -100.012 35.8135 -73.5909 -73.2878 -62.2163
