100 75 -100 0 0 49
99.9999 74.9999 -99.755 -0.0546305 -0.0465779 49.0002
99.9995 74.9995 -99.51 -0.109267 -0.093157 49.0003
99.9988 74.999 -99.265 -0.163911 -0.139738 49.0004
99.9978 74.9981 -99.02 -0.21856 -0.186319 49.0005
99.9966 74.9971 -98.775 -0.273217 -0.232903 49.0005
99.9951 74.9958 -98.53 -0.32788 -0.279488 49.0005
99.9933 74.9943 -98.285 -0.38255 -0.326074 49.0004
99.9913 74.9925 -98.04 -0.437227 -0.372662 49.0003
99.9889 74.9906 -97.795 -0.491911 -0.419252 49.0002
99.9863 74.9884 -97.55 -0.546602 -0.465844 49
99.9835 74.9859 -97.305 -0.601301 -0.512437 48.9997
99.9803 74.9832 -97.06 -0.656006 -0.559033 48.9994
99.9769 74.9803 -96.815 -0.71072 -0.60563 48.9991
99.9732 74.9772 -96.57 -0.765441 -0.65223 48.9987
99.9693 74.9738 -96.325 -0.820169 -0.698831 48.9983
99.965 74.9702 -96.08 -0.874906 -0.745435 48.9979
99.9605 74.9663 -95.835 -0.92965 -0.792041 48.9974
99.9557 74.9623 -95.59 -0.984403 -0.838649 48.9969
99.9507 74.958 -95.3451 -1.03916 -0.88526 48.9963
99.9453 74.9534 -95.1001 -1.09393 -0.931873 48.9957
99.9397 74.9486 -94.8551 -1.14871 -0.978488 48.995
99.9338 74.9436 -94.6101 -1.2035 -1.02511 48.9943
99.9277 74.9384 -94.3652 -1.25829 -1.07173 48.9935
99.9213 74.9329 -94.1202 -1.31309 -1.11835 48.9927
99.9146 74.9272 -93.8752 -1.36791 -1.16498 48.9919
99.9076 74.9213 -93.6303 -1.42273 -1.21161 48.991
99.9003 74.9151 -93.3853 -1.47756 -1.25824 48.9901
99.8928 74.9087 -93.1404 -1.5324 -1.30487 48.9892
99.885 74.902 -92.8954 -1.58725 -1.35151 48.9882
99.8769 74.8952 -92.6505 -1.6421 -1.39815 48.9871
99.8686 74.8881 -92.4056 -1.69697 -1.4448 48.986
99.86 74.8807 -92.1606 -1.75185 -1.49145 48.9849
99.8511 74.8731 -91.9157 -1.80674 -1.5381 48.9837
99.8419 74.8653 -91.6708 -1.86163 -1.58475 48.9825
99.8324 74.8573 -91.4259 -1.91654 -1.63141 48.9813
99.8227 74.849 -91.181 -1.97146 -1.67807 48.98
99.8127 74.8405 -90.9361 -2.02639 -1.72474 48.9787
99.8025 74.8318 -90.6912 -2.08133 -1.7714 48.9773
99.7919 74.8228 -90.4463 -2.13628 -1.81808 48.9759
99.7811 74.8136 -90.2014 -2.19123 -1.86475 48.9744
99.77 74.8042 -89.9566 -2.24621 -1.91143 48.9729
99.7586 74.7945 -89.7117 -2.30119 -1.95812 48.9714
99.747 74.7846 -89.4668 -2.35618 -2.00481 48.9698
99.7351 74.7744 -89.222 -2.41118 -2.0515 48.9682
99.7229 74.7641 -88.9772 -2.4662 -2.09819 48.9665
99.7104 74.7534 -88.7323 -2.52123 -2.14489 48.9649
99.6977 74.7426 -88.4875 -2.57627 -2.1916 48.9631
99.6847 74.7315 -88.2427 -2.63132 -2.23831 48.9613
99.6714 74.7202 -87.9979 -2.68638 -2.28502 48.9595
99.6578 74.7087 -87.7531 -2.74145 -2.33174 48.9577
99.6439 74.6969 -87.5083 -2.79654 -2.37847 48.9558
99.6298 74.6849 -87.2636 -2.85164 -2.42519 48.9538
99.6154 74.6727 -87.0188 -2.90675 -2.47193 48.9518
99.6008 74.6602 -86.774 -2.96188 -2.51866 48.9498
99.5858 74.6475 -86.5293 -3.01701 -2.56541 48.9478
99.5706 74.6345 -86.2846 -3.07216 -2.61215 48.9457
99.5551 74.6213 -86.0398 -3.12733 -2.65891 48.9435
99.5393 74.6079 -85.7951 -3.1825 -2.70566 48.9413
99.5233 74.5943 -85.5504 -3.23769 -2.75243 48.9391
99.5069 74.5804 -85.3057 -3.29289 -2.79919 48.9369
99.4903 74.5663 -85.0611 -3.34811 -2.84597 48.9346
99.4735 74.552 -84.8164 -3.40334 -2.89275 48.9322
99.4563 74.5374 -84.5717 -3.45859 -2.93953 48.9299
99.4389 74.5226 -84.3271 -3.51385 -2.98632 48.9274
99.4212 74.5075 -84.0825 -3.56912 -3.03312 48.925
99.4032 74.4922 -83.8378 -3.62441 -3.07992 48.9225
99.3849 74.4767 -83.5932 -3.67971 -3.12673 48.92
99.3664 74.461 -83.3486 -3.73502 -3.17354 48.9174
99.3476 74.445 -83.1041 -3.79036 -3.22036 48.9148
99.3285 74.4288 -82.8595 -3.8457 -3.26719 48.9121
99.3091 74.4123 -82.6149 -3.90107 -3.31402 48.9094
99.2895 74.3956 -82.3704 -3.95644 -3.36086 48.9067
99.2695 74.3787 -82.1259 -4.01184 -3.4077 48.904
99.2493 74.3615 -81.8814 -4.06725 -3.45455 48.9012
99.2289 74.3441 -81.6369 -4.12267 -3.50141 48.8983
99.2081 74.3265 -81.3924 -4.17811 -3.54828 48.8954
99.1871 74.3087 -81.1479 -4.23357 -3.59515 48.8925
99.1658 74.2906 -80.9034 -4.28904 -3.64203 48.8896
99.1442 74.2722 -80.659 -4.34453 -3.68891 48.8866
99.1223 74.2537 -80.4146 -4.40004 -3.7358 48.8836
99.1002 74.2349 -80.1702 -4.45556 -3.7827 48.8805
99.0778 74.2159 -79.9258 -4.51111 -3.82961 48.8774
99.0551 74.1966 -79.6814 -4.56666 -3.87652 48.8743
99.0321 74.1771 -79.437 -4.62224 -3.92344 48.8711
99.0089 74.1574 -79.1927 -4.67783 -3.97037 48.8679
98.9853 74.1374 -78.9484 -4.73345 -4.0173 48.8646
98.9615 74.1172 -78.704 -4.78908 -4.06425 48.8613
98.9374 74.0967 -78.4597 -4.84472 -4.1112 48.858
98.9131 74.0761 -78.2155 -4.90039 -4.15816 48.8546
98.8884 74.0552 -77.9712 -4.95608 -4.20512 48.8512
98.8635 74.034 -77.7269 -5.01178 -4.2521 48.8478
98.8383 74.0126 -77.4827 -5.0675 -4.29908 48.8443
98.8128 73.991 -77.2385 -5.12325 -4.34607 48.8408
98.7871 73.9692 -76.9943 -5.17901 -4.39307 48.8373
98.7611 73.9471 -76.7501 -5.23479 -4.44008 48.8337
98.7347 73.9248 -76.506 -5.29059 -4.4871 48.8301
98.7082 73.9022 -76.2618 -5.34642 -4.53412 48.8264
98.6813 73.8794 -76.0177 -5.40226 -4.58115 48.8227
98.6541 73.8564 -75.7736 -5.45812 -4.6282 48.819
98.6267 73.8332 -75.5295 -5.514 -4.67525 48.8153
98.599 73.8097 -75.2855 -5.56991 -4.72231 48.8115
98.571 73.7859 -75.0414 -5.62584 -4.76937 48.8076
98.5427 73.762 -74.7974 -5.68178 -4.81645 48.8038
98.5142 73.7378 -74.5534 -5.73775 -4.86354 48.7999
98.4854 73.7133 -74.3094 -5.79374 -4.91064 48.7959
98.4562 73.6887 -74.0654 -5.84976 -4.95774 48.792
98.4269 73.6638 -73.8215 -5.90579 -5.00486 48.788
98.3972 73.6386 -73.5775 -5.96185 -5.05199 48.7839
98.3672 73.6132 -73.3336 -6.01793 -5.09912 48.7799
98.337 73.5876 -73.0897 -6.07404 -5.14627 48.7758
98.3065 73.5618 -72.8459 -6.13017 -5.19342 48.7716
98.2757 73.5357 -72.602 -6.18632 -5.24059 48.7675
98.2446 73.5094 -72.3582 -6.24249 -5.28776 48.7633
98.2133 73.4828 -72.1144 -6.29869 -5.33495 48.759
98.1816 73.456 -71.8706 -6.35492 -5.38215 48.7547
98.1497 73.429 -71.6268 -6.41117 -5.42936 48.7504
98.1175 73.4017 -71.3831 -6.46744 -5.47657 48.7461
98.0851 73.3742 -71.1394 -6.52374 -5.5238 48.7417
98.0523 73.3465 -70.8957 -6.58007 -5.57104 48.7373
98.0193 73.3185 -70.652 -6.63642 -5.61829 48.7329
97.9859 73.2903 -70.4083 -6.69279 -5.66556 48.7284
97.9523 73.2619 -70.1647 -6.7492 -5.71283 48.7239
97.9184 73.2332 -69.9211 -6.80563 -5.76012 48.7194
97.8843 73.2043 -69.6775 -6.86209 -5.80741 48.7148
97.8498 73.1751 -69.434 -6.91857 -5.85472 48.7102
97.8151 73.1457 -69.1904 -6.97508 -5.90204 48.7056
97.7801 73.1161 -68.9469 -7.03162 -5.94938 48.7009
97.7448 73.0862 -68.7034 -7.08819 -5.99672 48.6962
97.7092 73.0561 -68.4599 -7.14479 -6.04408 48.6915
97.6733 73.0258 -68.2165 -7.20142 -6.09145 48.6868
97.6372 72.9952 -67.9731 -7.25807 -6.13883 48.682
97.6007 72.9644 -67.7297 -7.31476 -6.18623 48.6772
97.564 72.9333 -67.4863 -7.37147 -6.23364 48.6723
97.527 72.902 -67.2429 -7.42822 -6.28106 48.6674
97.4897 72.8705 -66.9996 -7.48499 -6.32849 48.6625
97.4522 72.8388 -66.7563 -7.5418 -6.37594 48.6576
97.4143 72.8068 -66.513 -7.59864 -6.4234 48.6526
97.3762 72.7745 -66.2698 -7.65551 -6.47087 48.6476
97.3378 72.7421 -66.0266 -7.71241 -6.51836 48.6426
97.2991 72.7093 -65.7834 -7.76935 -6.56586 48.6376
97.2601 72.6764 -65.5402 -7.82632 -6.61338 48.6325
97.2208 72.6432 -65.297 -7.88332 -6.66091 48.6274
97.1812 72.6098 -65.0539 -7.94035 -6.70846 48.6222
97.1414 72.5761 -64.8108 -7.99742 -6.75602 48.6171
97.1013 72.5422 -64.5678 -8.05453 -6.80359 48.6119
97.0609 72.5081 -64.3247 -8.11167 -6.85118 48.6066
97.0202 72.4737 -64.0817 -8.16884 -6.89878 48.6014
96.9792 72.4391 -63.8387 -8.22605 -6.9464 48.5961
96.9379 72.4043 -63.5957 -8.2833 -6.99404 48.5908
96.8963 72.3692 -63.3528 -8.34058 -7.04169 48.5855
96.8545 72.3338 -63.1099 -8.3979 -7.08935 48.5801
96.8124 72.2983 -62.867 -8.45526 -7.13704 48.5747
96.7699 72.2625 -62.6241 -8.51266 -7.18473 48.5693
96.7272 72.2264 -62.3813 -8.57009 -7.23245 48.5639
96.6842 72.1901 -62.1385 -8.62757 -7.28018 48.5584
96.641 72.1536 -61.8957 -8.68508 -7.32793 48.5529
96.5974 72.1169 -61.653 -8.74264 -7.37569 48.5474
96.5535 72.0799 -61.4102 -8.80023 -7.42347 48.5418
96.5094 72.0426 -61.1675 -8.85787 -7.47127 48.5363
96.4649 72.0052 -60.9249 -8.91554 -7.51909 48.5307
96.4202 71.9674 -60.6822 -8.97326 -7.56692 48.5251
96.3752 71.9295 -60.4396 -9.03103 -7.61477 48.5194
96.3299 71.8913 -60.197 -9.08883 -7.66264 48.5137
96.2843 71.8529 -59.9545 -9.14668 -7.71053 48.508
96.2384 71.8142 -59.712 -9.20458 -7.75844 48.5023
96.1923 71.7753 -59.4695 -9.26252 -7.80636 48.4966
96.1458 71.7361 -59.227 -9.3205 -7.85431 48.4908
96.0991 71.6967 -58.9845 -9.37853 -7.90227 48.485
96.052 71.6571 -58.7421 -9.43661 -7.95026 48.4792
96.0047 71.6172 -58.4998 -9.49474 -7.99826 48.4734
95.9571 71.5771 -58.2574 -9.55291 -8.04628 48.4675
95.9092 71.5368 -58.0151 -9.61114 -8.09433 48.4616
95.861 71.4962 -57.7728 -9.66941 -8.14239 48.4557
95.8125 71.4553 -57.5305 -9.72773 -8.19047 48.4498
95.7637 71.4143 -57.2883 -9.78611 -8.23858 48.4439
95.7146 71.373 -57.0461 -9.84453 -8.2867 48.4379
95.6653 71.3314 -56.8039 -9.90301 -8.33485 48.4319
95.6156 71.2896 -56.5618 -9.96154 -8.38302 48.4259
95.5656 71.2476 -56.3197 -10.0201 -8.43121 48.4198
95.5154 71.2053 -56.0776 -10.0788 -8.47942 48.4138
95.4649 71.1628 -55.8355 -10.1375 -8.52766 48.4077
95.414 71.12 -55.5935 -10.1962 -8.57592 48.4016
95.3629 71.077 -55.3515 -10.255 -8.6242 48.3955
95.3115 71.0338 -55.1095 -10.3139 -8.6725 48.3893
95.2598 70.9903 -54.8676 -10.3728 -8.72083 48.3832
95.2077 70.9466 -54.6257 -10.4318 -8.76918 48.377
95.1554 70.9026 -54.3838 -10.4908 -8.81756 48.3708
95.1028 70.8584 -54.142 -10.5499 -8.86596 48.3646
95.0499 70.8139 -53.9002 -10.6091 -8.91438 48.3583
94.9967 70.7692 -53.6584 -10.6683 -8.96283 48.3521
94.9433 70.7243 -53.4167 -10.7276 -9.01131 48.3458
94.8895 70.6791 -53.175 -10.787 -9.05981 48.3395
94.8354 70.6337 -52.9333 -10.8464 -9.10834 48.3332
94.781 70.588 -52.6916 -10.9059 -9.15689 48.3268
94.7263 70.5421 -52.45 -10.9655 -9.20547 48.3204
94.6713 70.496 -52.2084 -11.0251 -9.25408 48.3141
94.6161 70.4496 -51.9669 -11.0848 -9.30271 48.3077
94.5605 70.403 -51.7253 -11.1445 -9.35137 48.3012
94.5046 70.3561 -51.4839 -11.2044 -9.40006 48.2948
94.4485 70.309 -51.2424 -11.2643 -9.44878 48.2883
94.392 70.2616 -51.001 -11.3243 -9.49752 48.2818
94.3352 70.214 -50.7596 -11.3843 -9.5463 48.2753
94.2781 70.1661 -50.5182 -11.4444 -9.5951 48.2688
94.2208 70.118 -50.2769 -11.5047 -9.64393 48.2623
94.1631 70.0697 -50.0356 -11.5649 -9.6928 48.2557
94.1051 70.0211 -49.7943 -11.6253 -9.74169 48.2491
94.0468 69.9723 -49.5531 -11.6858 -9.79061 48.2425
93.9883 69.9232 -49.3119 -11.7463 -9.83957 48.2359
93.9294 69.8739 -49.0707 -11.8069 -9.88855 48.2292
93.8702 69.8243 -48.8296 -11.8676 -9.93757 48.2226
93.8107 69.7745 -48.5885 -11.9283 -9.98662 48.2159
93.7509 69.7245 -48.3475 -11.9892 -10.0357 48.2092
93.6908 69.6742 -48.1064 -12.0502 -10.0848 48.2024
93.6304 69.6236 -47.8654 -12.1112 -10.134 48.1957
93.5697 69.5728 -47.6245 -12.1723 -10.1831 48.1889
93.5087 69.5218 -47.3835 -12.2335 -10.2324 48.1821
93.4474 69.4705 -47.1426 -12.2948 -10.2816 48.1753
93.3857 69.419 -46.9018 -12.3562 -10.3309 48.1684
93.3238 69.3672 -46.661 -12.4177 -10.3802 48.1615
93.2616 69.3152 -46.4202 -12.4793 -10.4296 48.1546
93.199 69.2629 -46.1794 -12.541 -10.4789 48.1477
93.1361 69.2104 -45.9387 -12.6028 -10.5284 48.1407
93.073 69.1576 -45.698 -12.6646 -10.5778 48.1337
93.0095 69.1046 -45.4574 -12.7266 -10.6273 48.1267
92.9457 69.0513 -45.2167 -12.7887 -10.6768 48.1197
92.8816 68.9978 -44.9762 -12.8509 -10.7264 48.1126
92.8172 68.9441 -44.7356 -12.9132 -10.776 48.1055
92.7525 68.8901 -44.4951 -12.9756 -10.8256 48.0984
92.6874 68.8358 -44.2546 -13.038 -10.8753 48.0912
92.6221 68.7813 -44.0142 -13.1006 -10.925 48.084
92.5564 68.7266 -43.7738 -13.1634 -10.9748 48.0768
92.4905 68.6716 -43.5334 -13.2262 -11.0246 48.0695
92.4242 68.6163 -43.2931 -13.2891 -11.0744 48.0622
92.3576 68.5608 -43.0528 -13.3521 -11.1243 48.0549
92.2907 68.5051 -42.8125 -13.4153 -11.1742 48.0475
92.2234 68.4491 -42.5723 -13.4786 -11.2241 48.0401
92.1559 68.3928 -42.3321 -13.5419 -11.2741 48.0326
92.088 68.3363 -42.092 -13.6054 -11.3241 48.0251
92.0198 68.2796 -41.8519 -13.669 -11.3742 48.0175
91.9513 68.2226 -41.6118 -13.7328 -11.4243 48.0099
91.8825 68.1653 -41.3718 -13.7966 -11.4744 48.0023
91.8133 68.1078 -41.1318 -13.8606 -11.5246 47.9946
91.7439 68.0501 -40.8919 -13.9246 -11.5748 47.9868
91.6741 67.9921 -40.6519 -13.9888 -11.625 47.979
91.604 67.9338 -40.4121 -14.0532 -11.6753 47.9712
91.5336 67.8753 -40.1722 -14.1176 -11.7257 47.9633
91.4628 67.8166 -39.9324 -14.1822 -11.776 47.9553
91.3917 67.7576 -39.6927 -14.2468 -11.8264 47.9473
91.3204 67.6983 -39.453 -14.3116 -11.8768 47.9392
91.2486 67.6388 -39.2133 -14.3766 -11.9273 47.931
91.1766 67.5791 -38.9736 -14.4416 -11.9778 47.9228
91.1042 67.519 -38.7341 -14.5068 -12.0284 47.9145
91.0315 67.4588 -38.4945 -14.5721 -12.079 47.9061
90.9585 67.3982 -38.255 -14.6375 -12.1296 47.8977
90.8851 67.3375 -38.0155 -14.703 -12.1802 47.8891
90.8115 67.2764 -37.7761 -14.7687 -12.2309 47.8805
90.7375 67.2152 -37.5367 -14.8344 -12.2816 47.8719
90.6631 67.1536 -37.2974 -14.9003 -12.3323 47.8631
90.5885 67.0918 -37.0581 -14.9664 -12.3831 47.8543
90.5135 67.0298 -36.8188 -15.0325 -12.4339 47.8453
90.4381 66.9675 -36.5796 -15.0987 -12.4847 47.8363
90.3625 66.905 -36.3405 -15.1651 -12.5356 47.8272
90.2865 66.8421 -36.1014 -15.2316 -12.5865 47.818
90.2102 66.7791 -35.8623 -15.2982 -12.6374 47.8087
90.1335 66.7158 -35.6233 -15.3649 -12.6883 47.7993
90.0565 66.6522 -35.3843 -15.4317 -12.7393 47.7898
89.9792 66.5884 -35.1454 -15.4986 -12.7902 47.7801
89.9015 66.5243 -34.9065 -15.5657 -12.8412 47.7704
89.8235 66.46 -34.6677 -15.6328 -12.8922 47.7606
89.7452 66.3954 -34.4289 -15.7 -12.9432 47.7506
89.6665 66.3305 -34.1902 -15.7674 -12.9943 47.7406
89.5875 66.2654 -33.9515 -15.8348 -13.0453 47.7304
89.5082 66.2001 -33.7129 -15.9024 -13.0963 47.7201
89.4285 66.1345 -33.4743 -15.97 -13.1474 47.7097
89.3485 66.0686 -33.2358 -16.0377 -13.1984 47.6991
89.2681 66.0025 -32.9973 -16.1055 -13.2495 47.6885
89.1874 65.9361 -32.7589 -16.1734 -13.3006 47.6777
89.1064 65.8695 -32.5205 -16.2413 -13.3516 47.6667
89.025 65.8026 -32.2822 -16.3094 -13.4026 47.6557
88.9433 65.7355 -32.044 -16.3775 -13.4537 47.6445
88.8612 65.6681 -31.8058 -16.4457 -13.5047 47.6332
88.7788 65.6004 -31.5676 -16.5139 -13.5557 47.6217
88.6961 65.5325 -31.3296 -16.5822 -13.6067 47.6101
88.613 65.4643 -31.0915 -16.6506 -13.6577 47.5984
88.5296 65.3959 -30.8536 -16.719 -13.7086 47.5865
88.4458 65.3273 -30.6157 -16.7875 -13.7595 47.5745
88.3617 65.2583 -30.3778 -16.856 -13.8104 47.5623
88.2773 65.1892 -30.14 -16.9245 -13.8612 47.5501
88.1925 65.1197 -29.9023 -16.9931 -13.912 47.5376
88.1073 65.05 -29.6647 -17.0617 -13.9628 47.525
88.0218 64.9801 -29.4271 -17.1303 -14.0135 47.5123
87.936 64.9099 -29.1895 -17.1989 -14.0642 47.4995
87.8499 64.8395 -28.9521 -17.2676 -14.1148 47.4865
87.7633 64.7688 -28.7147 -17.3363 -14.1654 47.4733
87.6765 64.6978 -28.4773 -17.4049 -14.2159 47.46
87.5893 64.6266 -28.2401 -17.4736 -14.2663 47.4466
87.5018 64.5551 -28.0029 -17.5423 -14.3166 47.4331
87.4139 64.4834 -27.7658 -17.6109 -14.3669 47.4194
87.3257 64.4115 -27.5287 -17.6796 -14.4171 47.4055
87.2371 64.3393 -27.2917 -17.7482 -14.4672 47.3916
87.1482 64.2668 -27.0548 -17.8167 -14.5173 47.3774
87.0589 64.1941 -26.8179 -17.8853 -14.5672 47.3632
86.9693 64.1211 -26.5811 -17.9538 -14.617 47.3488
86.8794 64.0479 -26.3444 -18.0223 -14.6668 47.3343
86.7891 63.9745 -26.1078 -18.0907 -14.7164 47.3197
86.6985 63.9008 -25.8712 -18.1591 -14.7659 47.305
86.6075 63.8268 -25.6347 -18.2274 -14.8153 47.2901
86.5162 63.7526 -25.3983 -18.2956 -14.8646 47.2751
86.4245 63.6782 -25.162 -18.3638 -14.9137 47.26
86.3326 63.6035 -24.9257 -18.4319 -14.9628 47.2448
86.2402 63.5285 -24.6895 -18.5 -15.0116 47.2295
86.1476 63.4533 -24.4534 -18.5679 -15.0604 47.214
86.0545 63.3779 -24.2174 -18.6358 -15.109 47.1985
85.9612 63.3023 -23.9815 -18.7036 -15.1574 47.1828
85.8675 63.2263 -23.7456 -18.7713 -15.2057 47.1671
85.7735 63.1502 -23.5098 -18.8388 -15.2539 47.1512
85.6791 63.0738 -23.2741 -18.9063 -15.3018 47.1353
85.5844 62.9972 -23.0384 -18.9737 -15.3496 47.1192
85.4894 62.9203 -22.8029 -19.041 -15.3972 47.1031
85.394 62.8432 -22.5674 -19.1081 -15.4447 47.0869
85.2983 62.7659 -22.332 -19.1751 -15.4919 47.0706
85.2023 62.6883 -22.0967 -19.242 -15.539 47.0542
85.1059 62.6105 -21.8615 -19.3088 -15.5858 47.0378
85.0092 62.5324 -21.6263 -19.3755 -15.6325 47.0212
84.9121 62.4542 -21.3913 -19.442 -15.6789 47.0046
84.8148 62.3756 -21.1563 -19.5084 -15.7252 46.988
84.717 62.2969 -20.9214 -19.5746 -15.7712 46.9712
84.619 62.2179 -20.6866 -19.6407 -15.817 46.9544
84.5206 62.1387 -20.4518 -19.7067 -15.8625 46.9375
84.4219 62.0593 -20.2172 -19.7725 -15.9078 46.9205
84.3229 61.9797 -19.9826 -19.8382 -15.9529 46.9035
84.2236 61.8998 -19.7481 -19.9037 -15.9978 46.8865
84.1239 61.8197 -19.5138 -19.9691 -16.0423 46.8693
84.0239 61.7394 -19.2795 -20.0343 -16.0867 46.8521
83.9235 61.6588 -19.0452 -20.0993 -16.1307 46.8348
83.8229 61.578 -18.8111 -20.1642 -16.1745 46.8175
83.7219 61.4971 -18.5771 -20.2289 -16.218 46.8001
83.6206 61.4159 -18.3431 -20.2935 -16.2613 46.7827
83.519 61.3345 -18.1092 -20.3579 -16.3042 46.7652
83.417 61.2528 -17.8755 -20.4221 -16.3469 46.7476
83.3147 61.171 -17.6418 -20.4861 -16.3892 46.7299
83.2122 61.0889 -17.4082 -20.55 -16.4313 46.7122
83.1092 61.0067 -17.1746 -20.6137 -16.4731 46.6944
83.006 60.9242 -16.9412 -20.6773 -16.5145 46.6765
82.9025 60.8415 -16.7079 -20.7406 -16.5556 46.6586
82.7986 60.7586 -16.4746 -20.8038 -16.5965 46.6405
82.6944 60.6756 -16.2415 -20.8668 -16.637 46.6224
82.5899 60.5923 -16.0084 -20.9296 -16.6771 46.6042
82.4851 60.5088 -15.7754 -20.9923 -16.717 46.5858
82.38 60.4251 -15.5425 -21.0547 -16.7565 46.5674
82.2746 60.3412 -15.3097 -21.117 -16.7956 46.5489
82.1688 60.2572 -15.0771 -21.1791 -16.8344 46.5302
82.0628 60.1729 -14.8444 -21.241 -16.8729 46.5114
81.9564 60.0884 -14.6119 -21.3027 -16.9111 46.4925
81.8498 60.0038 -14.3795 -21.3643 -16.9488 46.4734
81.7428 59.9189 -14.1472 -21.4256 -16.9863 46.4542
81.6355 59.8339 -13.915 -21.4868 -17.0234 46.4349
81.5279 59.7487 -13.6829 -21.5478 -17.0601 46.4153
81.42 59.6633 -13.4508 -21.6086 -17.0965 46.3956
81.3118 59.5777 -13.2189 -21.6692 -17.1326 46.3757
81.2033 59.492 -12.9871 -21.7297 -17.1683 46.3556
81.0945 59.4061 -12.7553 -21.7899 -17.2036 46.3353
80.9854 59.32 -12.5237 -21.85 -17.2386 46.3148
80.876 59.2337 -12.2922 -21.9099 -17.2733 46.294
80.7663 59.1472 -12.0608 -21.9696 -17.3077 46.273
80.6563 59.0606 -11.8295 -22.0292 -17.3417 46.2517
80.5461 58.9738 -11.5983 -22.0885 -17.3754 46.2302
80.4355 58.8868 -11.3672 -22.1477 -17.4088 46.2084
80.3246 58.7997 -11.1362 -22.2068 -17.4418 46.1863
80.2134 58.7124 -10.9053 -22.2656 -17.4746 46.1639
80.1019 58.625 -10.6745 -22.3243 -17.5071 46.1411
79.9902 58.5374 -10.4439 -22.3829 -17.5393 46.1181
79.8781 58.4496 -10.2134 -22.4412 -17.5712 46.0947
79.7657 58.3616 -9.98294 -22.4995 -17.6028 46.071
79.6531 58.2736 -9.75264 -22.5575 -17.6343 46.0469
79.5402 58.1853 -9.52247 -22.6155 -17.6654 46.0224
79.4269 58.0969 -9.29242 -22.6732 -17.6964 45.9975
79.3134 58.0083 -9.0625 -22.7309 -17.7272 45.9723
79.1996 57.9196 -8.8327 -22.7884 -17.7577 45.9466
79.0856 57.8308 -8.60303 -22.8458 -17.7881 45.9205
78.9712 57.7417 -8.37349 -22.9031 -17.8183 45.894
78.8565 57.6526 -8.14409 -22.9602 -17.8484 45.8671
78.7416 57.5633 -7.91482 -23.0173 -17.8784 45.8398
78.6263 57.4738 -7.68569 -23.0742 -17.9083 45.812
78.5108 57.3842 -7.4567 -23.1311 -17.938 45.7837
78.395 57.2944 -7.22786 -23.1878 -17.9677 45.755
78.279 57.2045 -6.99915 -23.2445 -17.9974 45.7259
78.1626 57.1144 -6.7706 -23.3011 -18.027 45.6963
78.0459 57.0242 -6.54219 -23.3576 -18.0566 45.6663
77.929 56.9339 -6.31394 -23.4141 -18.0862 45.6357
77.8118 56.8434 -6.08583 -23.4705 -18.1159 45.6048
77.6943 56.7527 -5.85789 -23.5268 -18.1456 45.5734
77.5765 56.6619 -5.6301 -23.5831 -18.1753 45.5415
77.4585 56.571 -5.40247 -23.6394 -18.2051 45.5092
77.3401 56.4799 -5.17501 -23.6956 -18.2351 45.4764
77.2215 56.3886 -4.94771 -23.7519 -18.2651 45.4432
77.1026 56.2972 -4.72058 -23.8081 -18.2953 45.4096
76.9834 56.2057 -4.49362 -23.8642 -18.3256 45.3755
76.864 56.114 -4.26682 -23.9204 -18.3561 45.341
76.7442 56.0221 -4.04021 -23.9766 -18.3868 45.3061
76.6242 55.9301 -3.81376 -24.0328 -18.4177 45.2708
76.5039 55.8379 -3.5875 -24.089 -18.4488 45.2351
76.3833 55.7456 -3.36141 -24.1452 -18.4801 45.199
76.2625 55.6531 -3.13551 -24.2015 -18.5117 45.1625
76.1413 55.5605 -2.90979 -24.2577 -18.5435 45.1256
76.0199 55.4677 -2.68425 -24.314 -18.5756 45.0884
75.8982 55.3747 -2.45891 -24.3704 -18.6079 45.0509
75.7762 55.2816 -2.23375 -24.4268 -18.6406 45.013
75.6539 55.1883 -2.00878 -24.4832 -18.6735 44.9748
75.5313 55.0949 -1.784 -24.5397 -18.7067 44.9363
75.4085 55.0013 -1.55941 -24.5962 -18.7402 44.8975
75.2854 54.9075 -1.33502 -24.6528 -18.774 44.8584
75.162 54.8135 -1.11083 -24.7095 -18.8082 44.819
75.0383 54.7194 -0.886834 -24.7662 -18.8427 44.7794
74.9143 54.6251 -0.663036 -24.823 -18.8774 44.7395
74.7901 54.5306 -0.439439 -24.8799 -18.9126 44.6994
74.6655 54.436 -0.216043 -24.9368 -18.948 44.659
74.5407 54.3411 0.00715078 -24.9938 -18.9838 44.6184
74.4156 54.2461 0.230141 -25.0509 -19.0199 44.5777
74.2902 54.1509 0.452927 -25.1081 -19.0564 44.5367
74.1645 54.0556 0.675508 -25.1653 -19.0931 44.4955
74.0385 53.96 0.897882 -25.2226 -19.1303 44.4542
73.9123 53.8643 1.12005 -25.28 -19.1677 44.4127
73.7857 53.7683 1.34201 -25.3375 -19.2055 44.371
73.6589 53.6722 1.56376 -25.3951 -19.2436 44.3292
73.5318 53.5759 1.7853 -25.4527 -19.2821 44.2872
73.4044 53.4794 2.00663 -25.5105 -19.3208 44.2451
73.2767 53.3827 2.22775 -25.5683 -19.3599 44.2029
73.1487 53.2858 2.44866 -25.6262 -19.3994 44.1606
73.0204 53.1887 2.66936 -25.6842 -19.4391 44.1182
72.8918 53.0914 2.88984 -25.7422 -19.4791 44.0757
72.763 52.9939 3.11011 -25.8004 -19.5195 44.0331
72.6338 52.8962 3.33017 -25.8586 -19.5602 43.9904
72.5044 52.7983 3.55002 -25.917 -19.6011 43.9476
72.3747 52.7002 3.76965 -25.9754 -19.6424 43.9047
72.2446 52.6019 3.98906 -26.0339 -19.6839 43.8618
72.1143 52.5033 4.20827 -26.0924 -19.7258 43.8188
71.9837 52.4046 4.42725 -26.1511 -19.7679 43.7757
71.8528 52.3057 4.64602 -26.2098 -19.8103 43.7326
71.7216 52.2065 4.86458 -26.2686 -19.853 43.6895
71.5901 52.1071 5.08292 -26.3275 -19.8959 43.6463
71.4583 52.0076 5.30104 -26.3865 -19.9392 43.603
71.3263 51.9077 5.51895 -26.4455 -19.9826 43.5597
71.1939 51.8077 5.73664 -26.5047 -20.0264 43.5164
71.0612 51.7075 5.95411 -26.5639 -20.0703 43.473
70.9283 51.607 6.17137 -26.6232 -20.1146 43.4296
70.795 51.5063 6.38841 -26.6825 -20.159 43.3862
70.6614 51.4054 6.60523 -26.7419 -20.2037 43.3427
70.5276 51.3043 6.82183 -26.8014 -20.2487 43.2993
70.3934 51.2029 7.03822 -26.861 -20.2938 43.2557
70.259 51.1014 7.25439 -26.9206 -20.3392 43.2122
70.1242 50.9996 7.47034 -26.9804 -20.3848 43.1687
69.9892 50.8975 7.68608 -27.0401 -20.4306 43.1251
69.8538 50.7952 7.9016 -27.1 -20.4766 43.0815
69.7182 50.6927 8.11689 -27.1599 -20.5229 43.0379
69.5822 50.59 8.33197 -27.2199 -20.5693 42.9943
69.446 50.4871 8.54684 -27.2799 -20.6159 42.9506
69.3094 50.3839 8.76148 -27.3401 -20.6627 42.907
69.1726 50.2804 8.97591 -27.4002 -20.7097 42.8633
69.0354 50.1768 9.19011 -27.4605 -20.7569 42.8196
68.898 50.0729 9.4041 -27.5208 -20.8043 42.7759
68.7602 49.9687 9.61787 -27.5812 -20.8519 42.7322
68.6221 49.8643 9.83142 -27.6416 -20.8996 42.6884
68.4838 49.7597 10.0448 -27.7021 -20.9475 42.6447
68.3451 49.6549 10.2579 -27.7626 -20.9955 42.6009
68.2062 49.5498 10.4708 -27.8232 -21.0437 42.5571
68.0669 49.4444 10.6834 -27.8839 -21.0921 42.5133
67.9273 49.3388 10.8959 -27.9446 -21.1406 42.4695
67.7874 49.233 11.1081 -28.0054 -21.1893 42.4257
67.6473 49.1269 11.3202 -28.0662 -21.2382 42.3818
67.5068 49.0206 11.532 -28.1271 -21.2871 42.3379
67.366 48.9141 11.7435 -28.188 -21.3363 42.2941
67.2249 48.8073 11.9549 -28.249 -21.3855 42.2501
67.0835 48.7002 12.166 -28.3101 -21.4349 42.2062
66.9418 48.5929 12.377 -28.3712 -21.4845 42.1622
66.7998 48.4854 12.5877 -28.4323 -21.5342 42.1183
66.6575 48.3776 12.7981 -28.4935 -21.584 42.0743
66.5149 48.2695 13.0084 -28.5548 -21.6339 42.0302
66.3719 48.1612 13.2184 -28.6161 -21.684 41.9862
66.2287 48.0527 13.4283 -28.6774 -21.7341 41.9421
66.0852 47.9439 13.6379 -28.7388 -21.7844 41.898
65.9413 47.8349 13.8472 -28.8003 -21.8349 41.8538
65.7972 47.7256 14.0564 -28.8618 -21.8854 41.8097
65.6527 47.616 14.2653 -28.9233 -21.9361 41.7655
65.5079 47.5062 14.4741 -28.9849 -21.9868 41.7213
65.3628 47.3961 14.6826 -29.0465 -22.0377 41.677
65.2175 47.2858 14.8908 -29.1082 -22.0887 41.6327
65.0718 47.1752 15.0989 -29.1699 -22.1398 41.5884
64.9258 47.0644 15.3067 -29.2317 -22.191 41.544
64.7794 46.9533 15.5143 -29.2935 -22.2423 41.4996
64.6328 46.842 15.7217 -29.3554 -22.2937 41.4552
64.4859 46.7304 15.9289 -29.4173 -22.3452 41.4107
64.3386 46.6185 16.1358 -29.4793 -22.3968 41.3662
64.1911 46.5064 16.3425 -29.5413 -22.4485 41.3216
64.0432 46.3941 16.549 -29.6033 -22.5003 41.277
63.8951 46.2814 16.7553 -29.6654 -22.5522 41.2324
63.7466 46.1685 16.9614 -29.7275 -22.6042 41.1877
63.5978 46.0554 17.1672 -29.7897 -22.6563 41.143
63.4487 45.942 17.3728 -29.8519 -22.7084 41.0982
63.2993 45.8283 17.5782 -29.9142 -22.7607 41.0534
63.1495 45.7144 17.7833 -29.9765 -22.813 41.0085
62.9995 45.6002 17.9882 -30.0388 -22.8655 40.9635
62.8492 45.4857 18.193 -30.1012 -22.918 40.9186
62.6985 45.371 18.3974 -30.1636 -22.9706 40.8735
62.5475 45.256 18.6017 -30.2261 -23.0233 40.8285
62.3962 45.1408 18.8057 -30.2886 -23.076 40.7833
62.2446 45.0252 19.0095 -30.3511 -23.1289 40.7381
62.0927 44.9095 19.2131 -30.4137 -23.1818 40.6929
61.9405 44.7934 19.4165 -30.4763 -23.2348 40.6476
61.788 44.6771 19.6196 -30.539 -23.2879 40.6022
61.6351 44.5605 19.8225 -30.6017 -23.3411 40.5568
61.4819 44.4437 20.0251 -30.6644 -23.3943 40.5113
61.3285 44.3266 20.2276 -30.7272 -23.4476 40.4657
61.1747 44.2092 20.4298 -30.79 -23.501 40.4201
61.0206 44.0916 20.6318 -30.8529 -23.5545 40.3744
60.8661 43.9737 20.8335 -30.9158 -23.608 40.3287
60.7114 43.8555 21.0351 -30.9788 -23.6617 40.2829
60.5563 43.7371 21.2364 -31.0417 -23.7154 40.237
60.401 43.6184 21.4374 -31.1048 -23.7691 40.1911
60.2453 43.4994 21.6383 -31.1678 -23.8229 40.1451
60.0893 43.3801 21.8389 -31.2309 -23.8768 40.099
59.933 43.2606 22.0393 -31.2941 -23.9308 40.0528
59.7764 43.1408 22.2394 -31.3572 -23.9848 40.0066
59.6194 43.0208 22.4393 -31.4204 -24.0389 39.9603
59.4622 42.9004 22.639 -31.4837 -24.0931 39.9139
59.3046 42.7798 22.8385 -31.547 -24.1474 39.8675
59.1467 42.659 23.0377 -31.6103 -24.2017 39.8209
58.9885 42.5378 23.2367 -31.6737 -24.256 39.7743
58.83 42.4164 23.4354 -31.7371 -24.3105 39.7276
58.6711 42.2947 23.634 -31.8005 -24.365 39.6809
58.5119 42.1727 23.8323 -31.864 -24.4196 39.634
58.3525 42.0505 24.0303 -31.9275 -24.4742 39.5871
58.1927 41.928 24.2281 -31.9911 -24.5289 39.5401
58.0326 41.8052 24.4257 -32.0547 -24.5837 39.493
57.8721 41.6822 24.6231 -32.1183 -24.6385 39.4458
57.7114 41.5588 24.8202 -32.182 -24.6934 39.3986
57.5503 41.4352 25.017 -32.2457 -24.7483 39.3512
57.3889 41.3114 25.2137 -32.3095 -24.8033 39.3038
57.2272 41.1872 25.4101 -32.3733 -24.8584 39.2563
57.0652 41.0628 25.6062 -32.4371 -24.9135 39.2087
56.9028 40.9381 25.8022 -32.501 -24.9687 39.161
56.7402 40.8131 25.9979 -32.5649 -25.024 39.1132
56.5772 40.6878 26.1933 -32.6288 -25.0793 39.0653
56.4139 40.5623 26.3885 -32.6928 -25.1347 39.0173
56.2503 40.4365 26.5835 -32.7568 -25.1901 38.9692
56.0863 40.3104 26.7782 -32.8208 -25.2456 38.9211
55.9221 40.184 26.9727 -32.8849 -25.3012 38.8728
55.7575 40.0574 27.1669 -32.9491 -25.3568 38.8245
55.5926 39.9305 27.3609 -33.0132 -25.4124 38.776
55.4273 39.8033 27.5547 -33.0774 -25.4682 38.7275
55.2618 39.6758 27.7482 -33.1417 -25.524 38.6788
55.0959 39.548 27.9415 -33.206 -25.5798 38.6301
54.9297 39.42 28.1345 -33.2703 -25.6357 38.5812
54.7632 39.2917 28.3273 -33.3347 -25.6917 38.5323
54.5964 39.1631 28.5198 -33.399 -25.7477 38.4832
54.4292 39.0342 28.7121 -33.4635 -25.8037 38.4341
54.2617 38.905 28.9042 -33.528 -25.8599 38.3848
54.0939 38.7756 29.096 -33.5925 -25.916 38.3354
53.9258 38.6459 29.2875 -33.657 -25.9723 38.286
53.7574 38.5159 29.4788 -33.7216 -26.0286 38.2364
53.5886 38.3856 29.6699 -33.7862 -26.0849 38.1867
53.4195 38.255 29.8607 -33.8509 -26.1413 38.1369
53.2501 38.1242 30.0513 -33.9156 -26.1978 38.087
53.0804 37.993 30.2416 -33.9803 -26.2543 38.037
52.9103 37.8616 30.4316 -34.0451 -26.3109 37.9869
52.7399 37.7299 30.6214 -34.1099 -26.3675 37.9367
52.5692 37.5979 30.811 -34.1748 -26.4242 37.8863
52.3982 37.4657 31.0003 -34.2397 -26.4809 37.8359
52.2268 37.3331 31.1893 -34.3046 -26.5377 37.7853
52.0551 37.2003 31.3781 -34.3696 -26.5946 37.7347
51.8831 37.0672 31.5667 -34.4346 -26.6515 37.6839
51.7108 36.9338 31.755 -34.4996 -26.7084 37.633
51.5381 36.8001 31.943 -34.5647 -26.7655 37.5819
51.3651 36.6661 32.1308 -34.6298 -26.8225 37.5308
51.1918 36.5319 32.3183 -34.695 -26.8796 37.4795
51.0182 36.3973 32.5056 -34.7602 -26.9368 37.4282
50.8442 36.2625 32.6926 -34.8254 -26.994 37.3767
50.6699 36.1274 32.8794 -34.8907 -27.0513 37.3251
50.4953 35.992 33.0659 -34.956 -27.1087 37.2733
50.3204 35.8563 33.2521 -35.0214 -27.1661 37.2215
50.1451 35.7203 33.4381 -35.0868 -27.2235 37.1695
49.9695 35.5841 33.6238 -35.1522 -27.281 37.1174
49.7936 35.4475 33.8093 -35.2177 -27.3385 37.0652
49.6173 35.3107 33.9944 -35.2832 -27.3962 37.0128
49.4407 35.1736 34.1794 -35.3488 -27.4538 36.9604
49.2638 35.0361 34.3641 -35.4144 -27.5115 36.9078
49.0866 34.8984 34.5485 -35.48 -27.5693 36.8551
48.909 34.7605 34.7326 -35.5457 -27.6271 36.8022
48.7311 34.6222 34.9165 -35.6114 -27.685 36.7492
48.5529 34.4836 35.1001 -35.6772 -27.7429 36.6961
48.3744 34.3447 35.2834 -35.743 -27.8009 36.6429
48.1955 34.2056 35.4665 -35.8088 -27.8589 36.5895
48.0163 34.0662 35.6493 -35.8747 -27.917 36.5361
47.8367 33.9264 35.8319 -35.9406 -27.9752 36.4824
47.6569 33.7864 36.0142 -36.0065 -28.0334 36.4287
47.4767 33.6461 36.1962 -36.0725 -28.0916 36.3748
47.2961 33.5055 36.3779 -36.1386 -28.1499 36.3208
47.1153 33.3646 36.5594 -36.2047 -28.2083 36.2666
46.9341 33.2234 36.7406 -36.2708 -28.2667 36.2123
46.7526 33.0819 36.9215 -36.3369 -28.3252 36.1579
46.5707 32.9402 37.1022 -36.4031 -28.3837 36.1033
46.3885 32.7981 37.2825 -36.4694 -28.4423 36.0486
46.206 32.6557 37.4626 -36.5357 -28.5009 35.9938
46.0232 32.5131 37.6425 -36.602 -28.5596 35.9388
45.84 32.3701 37.822 -36.6684 -28.6183 35.8837
45.6565 32.2269 38.0013 -36.7348 -28.6771 35.8284
45.4727 32.0834 38.1803 -36.8012 -28.7359 35.773
45.2885 31.9395 38.359 -36.8677 -28.7948 35.7175
45.104 31.7954 38.5375 -36.9342 -28.8538 35.6618
44.9191 31.651 38.7157 -37.0008 -28.9128 35.606
44.734 31.5063 38.8935 -37.0674 -28.9719 35.55
44.5485 31.3613 39.0712 -37.1341 -29.031 35.4939
44.3626 31.216 39.2485 -37.2008 -29.0901 35.4377
44.1765 31.0704 39.4255 -37.2675 -29.1494 35.3813
43.99 30.9245 39.6023 -37.3343 -29.2086 35.3247
43.8031 30.7783 39.7788 -37.4011 -29.268 35.268
43.6159 30.6318 39.955 -37.468 -29.3273 35.2112
43.4284 30.485 40.1309 -37.5349 -29.3868 35.1542
43.2406 30.3379 40.3065 -37.6019 -29.4463 35.097
43.0524 30.1906 40.4819 -37.6689 -29.5058 35.0397
42.8639 30.0429 40.6569 -37.7359 -29.5654 34.9823
42.6751 29.8949 40.8317 -37.803 -29.6251 34.9247
42.4859 29.7466 41.0062 -37.8701 -29.6848 34.8669
42.2964 29.5981 41.1804 -37.9373 -29.7446 34.809
42.1065 29.4492 41.3543 -38.0045 -29.8044 34.751
41.9163 29.3 41.5279 -38.0718 -29.8643 34.6927
41.7258 29.1505 41.7012 -38.1391 -29.9242 34.6344
41.5349 29.0008 41.8742 -38.2064 -29.9842 34.5758
41.3437 28.8507 42.0469 -38.2738 -30.0442 34.5172
41.1522 28.7003 42.2194 -38.3412 -30.1043 34.4583
40.9603 28.5497 42.3915 -38.4087 -30.1645 34.3993
40.7681 28.3987 42.5634 -38.4762 -30.2247 34.3402
40.5755 28.2474 42.7349 -38.5438 -30.285 34.2808
40.3827 28.0958 42.9062 -38.6114 -30.3453 34.2213
40.1894 27.944 43.0771 -38.6791 -30.4056 34.1617
39.9959 27.7918 43.2478 -38.7468 -30.4661 34.1019
39.802 27.6393 43.4182 -38.8145 -30.5266 34.0419
39.6077 27.4865 43.5882 -38.8823 -30.5871 33.9818
39.4131 27.3334 43.758 -38.9501 -30.6477 33.9215
39.2182 27.18 43.9274 -39.018 -30.7083 33.861
39.023 27.0263 44.0966 -39.0859 -30.7691 33.8004
38.8274 26.8723 44.2654 -39.1539 -30.8298 33.7396
38.6314 26.718 44.434 -39.2219 -30.8906 33.6786
38.4351 26.5634 44.6022 -39.29 -30.9515 33.6175
38.2385 26.4085 44.7702 -39.3581 -31.0124 33.5562
38.0416 26.2533 44.9378 -39.4262 -31.0734 33.4947
37.8443 26.0978 45.1051 -39.4944 -31.1345 33.433
37.6466 25.942 45.2721 -39.5626 -31.1956 33.3712
37.4486 25.7858 45.4388 -39.6309 -31.2567 33.3092
37.2503 25.6294 45.6052 -39.6993 -31.318 33.247
37.0516 25.4727 45.7713 -39.7676 -31.3792 33.1847
36.8526 25.3156 45.9371 -39.8361 -31.4405 33.1222
36.6533 25.1583 46.1025 -39.9045 -31.5019 33.0595
36.4536 25.0006 46.2676 -39.973 -31.5634 32.9966
36.2535 24.8426 46.4325 -40.0416 -31.6249 32.9336
36.0532 24.6843 46.597 -40.1102 -31.6864 32.8703
35.8524 24.5258 46.7612 -40.1789 -31.748 32.8069
35.6514 24.3669 46.9251 -40.2476 -31.8097 32.7433
35.45 24.2077 47.0886 -40.3163 -31.8714 32.6795
35.2482 24.0481 47.2518 -40.3851 -31.9332 32.6156
35.0461 23.8883 47.4148 -40.454 -31.9951 32.5515
34.8437 23.7282 47.5774 -40.5229 -32.057 32.4871
34.6409 23.5678 47.7396 -40.5918 -32.1189 32.4226
34.4378 23.407 47.9016 -40.6608 -32.1809 32.3579
34.2343 23.2459 48.0632 -40.7298 -32.243 32.2931
34.0305 23.0846 48.2245 -40.7989 -32.3051 32.228
33.8263 22.9229 48.3855 -40.868 -32.3673 32.1627
33.6218 22.7609 48.5461 -40.9372 -32.4296 32.0973
33.4169 22.5986 48.7065 -41.0064 -32.4919 32.0317
33.2117 22.436 48.8665 -41.0757 -32.5542 31.9658
33.0062 22.2731 49.0261 -41.145 -32.6167 31.8998
32.8003 22.1098 49.1855 -41.2144 -32.6791 31.8336
32.594 21.9463 49.3445 -41.2838 -32.7417 31.7672
32.3874 21.7824 49.5031 -41.3532 -32.8043 31.7006
32.1805 21.6182 49.6615 -41.4228 -32.8669 31.6338
31.9732 21.4537 49.8195 -41.4923 -32.9296 31.5668
31.7656 21.2889 49.9771 -41.5619 -32.9924 31.4997
31.5576 21.1238 50.1345 -41.6316 -33.0553 31.4323
31.3493 20.9584 50.2915 -41.7013 -33.1181 31.3647
31.1406 20.7926 50.4481 -41.771 -33.1811 31.2969
30.9315 20.6266 50.6044 -41.8408 -33.2441 31.2289
30.7222 20.4602 50.7604 -41.9107 -33.3072 31.1608
30.5124 20.2935 50.916 -41.9806 -33.3703 31.0924
30.3024 20.1265 51.0713 -42.0506 -33.4335 31.0238
30.0919 19.9592 51.2263 -42.1206 -33.4967 30.955
29.8811 19.7915 51.3809 -42.1906 -33.5601 30.886
29.67 19.6236 51.5351 -42.2607 -33.6234 30.8168
29.4585 19.4553 51.689 -42.3309 -33.6869 30.7474
29.2467 19.2867 51.8426 -42.4011 -33.7503 30.6778
29.0345 19.1178 51.9958 -42.4713 -33.8139 30.608
28.822 18.9485 52.1487 -42.5416 -33.8775 30.5379
28.6091 18.779 52.3012 -42.612 -33.9412 30.4677
28.3959 18.6091 52.4534 -42.6824 -34.0049 30.3972
28.1823 18.439 52.6052 -42.7528 -34.0687 30.3265
27.9684 18.2684 52.7566 -42.8233 -34.1325 30.2557
27.7541 18.0976 52.9077 -42.8938 -34.1965 30.1846
27.5394 17.9265 53.0585 -42.9645 -34.2604 30.1133
27.3244 17.755 53.2089 -43.0351 -34.3245 30.0417
27.1091 17.5832 53.3589 -43.1058 -34.3886 29.97
26.8934 17.4111 53.5086 -43.1766 -34.4527 29.898
26.6773 17.2387 53.6579 -43.2474 -34.5169 29.8258
26.4609 17.066 53.8068 -43.3182 -34.5812 29.7534
26.2441 16.8929 53.9554 -43.3891 -34.6456 29.6808
26.027 16.7195 54.1036 -43.4601 -34.71 29.6079
25.8095 16.5458 54.2515 -43.5311 -34.7744 29.5349
25.5917 16.3718 54.399 -43.6021 -34.8389 29.4616
25.3735 16.1974 54.5461 -43.6733 -34.9035 29.3881
25.1549 16.0227 54.6929 -43.7444 -34.9682 29.3143
24.936 15.8477 54.8392 -43.8156 -35.0329 29.2403
24.7168 15.6724 54.9853 -43.8869 -35.0977 29.1661
24.4972 15.4968 55.1309 -43.9582 -35.1625 29.0917
24.2772 15.3208 55.2762 -44.0296 -35.2274 29.017
24.0569 15.1445 55.4211 -44.101 -35.2924 28.9421
23.8362 14.9679 55.5656 -44.1725 -35.3574 28.867
23.6152 14.7909 55.7097 -44.244 -35.4225 28.7916
23.3938 14.6136 55.8535 -44.3156 -35.4876 28.716
23.172 14.436 55.9969 -44.3872 -35.5528 28.6402
22.9499 14.2581 56.1399 -44.4589 -35.6181 28.5641
22.7274 14.0798 56.2825 -44.5306 -35.6835 28.4878
22.5046 13.9013 56.4248 -44.6024 -35.7489 28.4113
22.2814 13.7224 56.5667 -44.6743 -35.8143 28.3345
22.0578 13.5431 56.7081 -44.7461 -35.8799 28.2575
21.8339 13.3636 56.8492 -44.8181 -35.9454 28.1802
21.6097 13.1837 56.9899 -44.8901 -36.0111 28.1027
21.385 13.0034 57.1303 -44.9621 -36.0768 28.0249
21.16 12.8229 57.2702 -45.0343 -36.1426 27.9469
20.9347 12.642 57.4097 -45.1064 -36.2085 27.8687
20.709 12.4608 57.5489 -45.1786 -36.2744 27.7902
20.4829 12.2793 57.6876 -45.2509 -36.3403 27.7114
20.2565 12.0974 57.826 -45.3232 -36.4064 27.6324
20.0297 11.9152 57.964 -45.3956 -36.4725 27.5532
19.8025 11.7327 58.1015 -45.468 -36.5387 27.4736
19.575 11.5498 58.2387 -45.5405 -36.6049 27.3939
19.3471 11.3666 58.3755 -45.613 -36.6712 27.3139
19.1189 11.1831 58.5118 -45.6856 -36.7375 27.2336
18.8902 10.9993 58.6478 -45.7582 -36.804 27.1531
18.6613 10.8151 58.7834 -45.8309 -36.8705 27.0723
18.4319 10.6306 58.9185 -45.9037 -36.937 26.9913
18.2022 10.4457 59.0533 -45.9765 -37.0036 26.9099
17.9722 10.2605 59.1876 -46.0493 -37.0703 26.8284
17.7417 10.075 59.3216 -46.1223 -37.1371 26.7465
17.5109 9.88915 59.4551 -46.1952 -37.2039 26.6645
17.2798 9.70296 59.5882 -46.2682 -37.2708 26.5821
17.0483 9.51644 59.7209 -46.3413 -37.3377 26.4995
16.8164 9.32959 59.8532 -46.4144 -37.4047 26.4166
16.5841 9.14239 59.9851 -46.4876 -37.4718 26.3334
16.3515 8.95487 60.1165 -46.5609 -37.539 26.25
16.1185 8.767 60.2476 -46.6342 -37.6062 26.1663
15.8852 8.57881 60.3782 -46.7075 -37.6735 26.0823
15.6514 8.39027 60.5084 -46.7809 -37.7408 25.998
15.4173 8.2014 60.6382 -46.8544 -37.8082 25.9135
15.1829 8.01219 60.7675 -46.9279 -37.8757 25.8287
14.9481 7.82264 60.8965 -47.0014 -37.9432 25.7436
14.7129 7.63276 61.025 -47.0751 -38.0108 25.6582
14.4773 7.44253 61.153 -47.1487 -38.0785 25.5726
14.2414 7.25197 61.2807 -47.2225 -38.1462 25.4867
14.0051 7.06107 61.4079 -47.2963 -38.214 25.4004
13.7684 6.86983 61.5347 -47.3701 -38.2819 25.3139
13.5314 6.67825 61.661 -47.444 -38.3499 25.2272
13.294 6.48633 61.787 -47.518 -38.4179 25.1401
13.0562 6.29407 61.9124 -47.592 -38.4859 25.0527
12.8181 6.10147 62.0375 -47.666 -38.5541 24.9651
12.5796 5.90853 62.1621 -47.7402 -38.6223 24.8771
12.3407 5.71525 62.2863 -47.8143 -38.6906 24.7889
12.1014 5.52163 62.41 -47.8886 -38.7589 24.7004
11.8618 5.32766 62.5333 -47.9629 -38.8273 24.6115
11.6218 5.13335 62.6561 -48.0372 -38.8958 24.5224
11.3814 4.9387 62.7785 -48.1116 -38.9643 24.433
11.1407 4.74371 62.9004 -48.1861 -39.0329 24.3433
10.8995 4.54837 63.0219 -48.2606 -39.1016 24.2533
10.6581 4.35269 63.143 -48.3352 -39.1704 24.1629
10.4162 4.15667 63.2636 -48.4098 -39.2392 24.0723
10.174 3.9603 63.3837 -48.4845 -39.3081 23.9814
9.93135 3.76359 63.5034 -48.5592 -39.377 23.8901
9.68837 3.56653 63.6226 -48.634 -39.446 23.7986
9.44501 3.36913 63.7414 -48.7089 -39.5151 23.7067
9.20128 3.17138 63.8597 -48.7838 -39.5842 23.6145
8.95717 2.97329 63.9775 -48.8587 -39.6535 23.522
8.71269 2.77485 64.0949 -48.9337 -39.7228 23.4292
8.46784 2.57606 64.2118 -49.0088 -39.7921 23.3361
8.2226 2.37692 64.3282 -49.084 -39.8615 23.2427
7.977 2.17744 64.4442 -49.1591 -39.931 23.1489
7.73101 1.97761 64.5597 -49.2344 -40.0006 23.0549
7.48465 1.77744 64.6748 -49.3097 -40.0702 22.9605
7.23792 1.57691 64.7893 -49.3851 -40.1399 22.8657
6.9908 1.37604 64.9034 -49.4605 -40.2097 22.7707
6.74331 1.17482 65.017 -49.5359 -40.2795 22.6753
6.49544 0.973243 65.1302 -49.6115 -40.3494 22.5796
6.2472 0.771321 65.2428 -49.6871 -40.4194 22.4836
5.99857 0.569049 65.355 -49.7627 -40.4894 22.3872
5.74957 0.366427 65.4667 -49.8384 -40.5595 22.2905
5.50019 0.163454 65.5779 -49.9142 -40.6297 22.1935
5.25043 -0.0398697 65.6886 -49.99 -40.6999 22.0961
5.00029 -0.243545 65.7989 -50.0658 -40.7702 21.9984
4.74977 -0.447572 65.9086 -50.1418 -40.8406 21.9004
4.49887 -0.651951 66.0179 -50.2177 -40.9111 21.802
4.24759 -0.856683 66.1266 -50.2938 -40.9816 21.7033
3.99593 -1.06177 66.2349 -50.3699 -41.0521 21.6042
3.74389 -1.2672 66.3427 -50.446 -41.1228 21.5048
3.49147 -1.47299 66.45 -50.5222 -41.1935 21.405
3.23867 -1.67914 66.5567 -50.5985 -41.2643 21.3049
2.98549 -1.88564 66.663 -50.6748 -41.3352 21.2044
2.73192 -2.09249 66.7688 -50.7512 -41.4061 21.1036
2.47797 -2.2997 66.874 -50.8276 -41.4771 21.0024
2.22365 -2.50726 66.9788 -50.9041 -41.5481 20.9008
1.96893 -2.71518 67.0831 -50.9807 -41.6193 20.7989
1.71384 -2.92345 67.1868 -51.0573 -41.6905 20.6967
1.45836 -3.13208 67.29 -51.134 -41.7617 20.5941
1.2025 -3.34107 67.3927 -51.2107 -41.8331 20.4911
0.946254 -3.55042 67.4949 -51.2874 -41.9045 20.3877
0.689624 -3.76012 67.5966 -51.3643 -41.9759 20.284
0.432611 -3.97017 67.6978 -51.4412 -42.0475 20.1799
0.175213 -4.18059 67.7984 -51.5181 -42.1191 20.0755
-0.0825703 -4.39137 67.8985 -51.5951 -42.1908 19.9706
-0.340738 -4.6025 67.9981 -51.6722 -42.2625 19.8654
-0.599292 -4.81399 68.0972 -51.7493 -42.3343 19.7599
-0.858231 -5.02584 68.1957 -51.8264 -42.4062 19.6539
-1.11756 -5.23805 68.2937 -51.9037 -42.4781 19.5475
-1.37727 -5.45062 68.3912 -51.981 -42.5501 19.4408
-1.63737 -5.66355 68.4881 -52.0583 -42.6222 19.3337
-1.89785 -5.87685 68.5845 -52.1357 -42.6944 19.2262
-2.15872 -6.0905 68.6804 -52.2131 -42.7666 19.1183
-2.41998 -6.30451 68.7757 -52.2906 -42.8389 19.0101
-2.68163 -6.51889 68.8705 -52.3682 -42.9112 18.9014
-2.94366 -6.73362 68.9647 -52.4458 -42.9836 18.7923
-3.20609 -6.94872 69.0584 -52.5235 -43.0561 18.6829
-3.4689 -7.16419 69.1516 -52.6012 -43.1287 18.573
-3.7321 -7.38001 69.2441 -52.679 -43.2013 18.4628
-3.99569 -7.5962 69.3362 -52.7568 -43.274 18.3521
-4.25967 -7.81275 69.4277 -52.8347 -43.3467 18.241
-4.52404 -8.02967 69.5186 -52.9127 -43.4196 18.1296
-4.78879 -8.24695 69.609 -52.9907 -43.4925 18.0177
-5.05394 -8.46459 69.6988 -53.0687 -43.5654 17.9054
-5.31948 -8.6826 69.788 -53.1468 -43.6384 17.7927
-5.58541 -8.90097 69.8767 -53.225 -43.7115 17.6796
-5.85173 -9.11972 69.9648 -53.3032 -43.7847 17.5661
-6.11844 -9.33882 70.0524 -53.3815 -43.8579 17.4521
-6.38555 -9.55829 70.1393 -53.4598 -43.9312 17.3378
-6.65304 -9.77813 70.2257 -53.5382 -44.0045 17.223
-6.92093 -9.99834 70.3116 -53.6166 -44.0779 17.1077
-7.18921 -10.2189 70.3968 -53.6951 -44.1514 16.9921
-7.45788 -10.4399 70.4815 -53.7737 -44.225 16.876
-7.72695 -10.6612 70.5656 -53.8523 -44.2986 16.7595
-7.9964 -10.8828 70.6491 -53.9309 -44.3722 16.6426
-8.26625 -11.1049 70.732 -54.0096 -44.446 16.5252
-8.5365 -11.3273 70.8143 -54.0884 -44.5198 16.4074
-8.80714 -11.5501 70.8961 -54.1672 -44.5936 16.2891
-9.07817 -11.7732 70.9772 -54.246 -44.6676 16.1704
-9.3496 -11.9968 71.0578 -54.3249 -44.7416 16.0513
-9.62142 -12.2207 71.1377 -54.4039 -44.8156 15.9317
-9.89364 -12.4449 71.2171 -54.4829 -44.8897 15.8116
-10.1663 -12.6695 71.2958 -54.562 -44.9639 15.6911
-10.4393 -12.8946 71.374 -54.6411 -45.0382 15.5702
-10.7127 -13.1199 71.4515 -54.7203 -45.1125 15.4487
-10.9865 -13.3457 71.5285 -54.7995 -45.1869 15.3269
-11.2607 -13.5718 71.6048 -54.8788 -45.2613 15.2045
-11.5352 -13.7983 71.6805 -54.9581 -45.3358 15.0817
-11.8102 -14.0252 71.7556 -55.0375 -45.4103 14.9585
-12.0856 -14.2524 71.8301 -55.1169 -45.485 14.8347
-12.3614 -14.48 71.904 -55.1963 -45.5596 14.7105
-12.6376 -14.708 71.9772 -55.2759 -45.6344 14.5859
-12.9142 -14.9363 72.0498 -55.3554 -45.7092 14.4607
-13.1911 -15.1651 72.1218 -55.435 -45.784 14.3351
-13.4685 -15.3942 72.1932 -55.5147 -45.8589 14.2089
-13.7463 -15.6237 72.2639 -55.5944 -45.9339 14.0823
-14.0245 -15.8535 72.334 -55.6742 -46.009 13.9552
-14.303 -16.0838 72.4035 -55.754 -46.084 13.8277
-14.582 -16.3144 72.4723 -55.8338 -46.1592 13.6996
-14.8614 -16.5454 72.5405 -55.9137 -46.2344 13.571
-15.1411 -16.7767 72.608 -55.9937 -46.3097 13.4419
-15.4213 -17.0084 72.6749 -56.0736 -46.385 13.3124
-15.7019 -17.2406 72.7411 -56.1537 -46.4604 13.1823
-15.9828 -17.4731 72.8067 -56.2337 -46.5358 13.0517
-16.2642 -17.7059 72.8716 -56.3139 -46.6113 12.9206
-16.546 -17.9392 72.9359 -56.394 -46.6869 12.789
-16.8282 -18.1728 72.9995 -56.4742 -46.7625 12.6569
-17.1107 -18.4068 73.0625 -56.5545 -46.8381 12.5243
-17.3937 -18.6412 73.1248 -56.6348 -46.9138 12.3912
-17.6771 -18.8759 73.1864 -56.7151 -46.9896 12.2575
-17.9608 -19.1111 73.2473 -56.7955 -47.0654 12.1233
-18.245 -19.3466 73.3076 -56.8759 -47.1413 11.9886
-18.5296 -19.5825 73.3672 -56.9563 -47.2172 11.8533
-18.8146 -19.8188 73.4262 -57.0368 -47.2932 11.7175
-19.1 -20.0554 73.4844 -57.1174 -47.3692 11.5812
-19.3858 -20.2924 73.542 -57.1979 -47.4453 11.4444
-19.672 -20.5299 73.5988 -57.2785 -47.5214 11.3069
-19.9585 -20.7677 73.655 -57.3592 -47.5976 11.169
-20.2455 -21.0058 73.7105 -57.4399 -47.6739 11.0305
-20.5329 -21.2444 73.7653 -57.5206 -47.7501 10.8914
-20.8208 -21.4833 73.8195 -57.6013 -47.8265 10.7518
-21.109 -21.7227 73.8729 -57.6821 -47.9028 10.6117
-21.3976 -21.9624 73.9256 -57.7629 -47.9793 10.4709
-21.6866 -22.2025 73.9776 -57.8438 -48.0557 10.3297
-21.976 -22.4429 74.0289 -57.9246 -48.1322 10.1878
-22.2658 -22.6838 74.0794 -58.0055 -48.2088 10.0454
-22.5561 -22.925 74.1293 -58.0865 -48.2854 9.90237
-22.8467 -23.1666 74.1785 -58.1675 -48.362 9.75879
-23.1377 -23.4086 74.2269 -58.2484 -48.4387 9.61463
-23.4292 -23.651 74.2746 -58.3295 -48.5155 9.4699
-23.721 -23.8938 74.3216 -58.4105 -48.5923 9.32457
-24.0133 -24.1369 74.3679 -58.4916 -48.6691 9.17865
-24.306 -24.3805 74.4134 -58.5727 -48.7459 9.03215
-24.599 -24.6244 74.4582 -58.6538 -48.8228 8.88504
-24.8925 -24.8687 74.5022 -58.735 -48.8998 8.73734
-25.1864 -25.1134 74.5456 -58.8161 -48.9768 8.58903
-25.4806 -25.3585 74.5881 -58.8973 -49.0538 8.44012
-25.7753 -25.6039 74.63 -58.9785 -49.1308 8.2906
-26.0704 -25.8498 74.671 -59.0597 -49.2079 8.14046
-26.3659 -26.096 74.7114 -59.141 -49.285 7.98971
-26.6618 -26.3426 74.7509 -59.2222 -49.3622 7.83834
-26.9582 -26.5896 74.7897 -59.3035 -49.4394 7.68635
-27.2549 -26.837 74.8278 -59.3848 -49.5166 7.53373
-27.552 -27.0848 74.8651 -59.4661 -49.5939 7.38047
-27.8495 -27.333 74.9016 -59.5474 -49.6712 7.22659
-28.1475 -27.5815 74.9373 -59.6287 -49.7486 7.07206
-28.4458 -27.8305 74.9723 -59.71 -49.8259 6.9169
-28.7446 -28.0798 75.0065 -59.7913 -49.9033 6.76109
-29.0437 -28.3295 75.0399 -59.8727 -49.9807 6.60463
-29.3433 -28.5796 75.0726 -59.954 -50.0582 6.44752
-29.6433 -28.8301 75.1044 -60.0353 -50.1357 6.28975
-29.9437 -29.0809 75.1355 -60.1167 -50.2132 6.13133
-30.2444 -29.3322 75.1657 -60.198 -50.2907 5.97224
-30.5456 -29.5839 75.1952 -60.2793 -50.3683 5.81248
-30.8472 -29.8359 75.2238 -60.3607 -50.4459 5.65205
-31.1492 -30.0883 75.2517 -60.442 -50.5235 5.49095
-31.4517 -30.3411 75.2788 -60.5233 -50.6011 5.32917
-31.7545 -30.5943 75.305 -60.6046 -50.6788 5.1667
-32.0577 -30.8479 75.3304 -60.6859 -50.7565 5.00355
-32.3613 -31.1019 75.355 -60.7672 -50.8342 4.83971
-32.6654 -31.3563 75.3788 -60.8484 -50.9119 4.67517
-32.9698 -31.611 75.4018 -60.9297 -50.9897 4.50994
-33.2747 -31.8661 75.4239 -61.0109 -51.0675 4.344
-33.5799 -32.1217 75.4452 -61.0921 -51.1452 4.17736
-33.8856 -32.3776 75.4657 -61.1733 -51.2231 4.01001
-34.1917 -32.6339 75.4853 -61.2545 -51.3009 3.84194
-34.4981 -32.8906 75.5041 -61.3356 -51.3787 3.67316
-34.805 -33.1477 75.522 -61.4167 -51.4566 3.50365
-35.1123 -33.4052 75.5391 -61.4978 -51.5345 3.33341
-35.42 -33.663 75.5554 -61.5788 -51.6123 3.16245
-35.7281 -33.9213 75.5708 -61.6598 -51.6903 2.99074
-36.0366 -34.1799 75.5853 -61.7408 -51.7682 2.8183
-36.3455 -34.439 75.5989 -61.8217 -51.8461 2.64512
-36.6548 -34.6984 75.6117 -61.9025 -51.924 2.47119
-36.9645 -34.9582 75.6237 -61.9834 -52.002 2.29651
-37.2746 -35.2184 75.6347 -62.0641 -52.08 2.12107
-37.5852 -35.479 75.6449 -62.1449 -52.1579 1.94487
-37.8961 -35.74 75.6542 -62.2255 -52.2359 1.7679
-38.2074 -36.0014 75.6626 -62.3062 -52.3139 1.59017
-38.5192 -36.2631 75.6701 -62.3867 -52.3919 1.41166
-38.8313 -36.5253 75.6767 -62.4672 -52.4699 1.23238
-39.1438 -36.7878 75.6824 -62.5476 -52.548 1.05231
-39.4568 -37.0508 75.6872 -62.628 -52.626 0.871457
-39.7701 -37.3141 75.6911 -62.7083 -52.704 0.689812
-40.0839 -37.5778 75.6941 -62.7885 -52.7821 0.507372
-40.398 -37.8419 75.6962 -62.8686 -52.8601 0.324132
-40.7125 -38.1064 75.6973 -62.9487 -52.9382 0.140088
-41.0275 -38.3713 75.6976 -63.0287 -53.0162 -0.0447657
-41.3428 -38.6366 75.6969 -63.1086 -53.0943 -0.230432
-41.6586 -38.9022 75.6953 -63.1884 -53.1724 -0.416917
-41.9747 -39.1683 75.6927 -63.2681 -53.2504 -0.604224
-42.2913 -39.4348 75.6892 -63.3477 -53.3285 -0.792357
-42.6082 -39.7016 75.6848 -63.4272 -53.4066 -0.981323
-42.9255 -39.9688 75.6794 -63.5066 -53.4847 -1.17112
-43.2433 -40.2364 75.6731 -63.586 -53.5627 -1.36177
-43.5614 -40.5044 75.6658 -63.6652 -53.6408 -1.55325
-43.8799 -40.7728 75.6575 -63.7443 -53.7189 -1.74559
-44.1988 -41.0416 75.6483 -63.8232 -53.797 -1.93878
-44.5181 -41.3108 75.6382 -63.9021 -53.8751 -2.13283
-44.8378 -41.5804 75.627 -63.9808 -53.9532 -2.32774
-45.1579 -41.8503 75.6149 -64.0594 -54.0313 -2.52352
-45.4784 -42.1207 75.6018 -64.1379 -54.1094 -2.72018
-45.7993 -42.3914 75.5877 -64.2162 -54.1875 -2.91771
-46.1206 -42.6626 75.5726 -64.2944 -54.2656 -3.11612
-46.4423 -42.9341 75.5565 -64.3725 -54.3437 -3.31542
-46.7643 -43.206 75.5394 -64.4504 -54.4218 -3.51561
-47.0868 -43.4783 75.5214 -64.5282 -54.4999 -3.71669
-47.4096 -43.751 75.5023 -64.6058 -54.578 -3.91868
-47.7328 -44.0241 75.4822 -64.6833 -54.6561 -4.12157
-48.0564 -44.2976 75.4611 -64.7605 -54.7342 -4.32537
-48.3804 -44.5714 75.4389 -64.8377 -54.8123 -4.53008
-48.7048 -44.8457 75.4157 -64.9146 -54.8904 -4.73571
-49.0296 -45.1203 75.3916 -64.9914 -54.9685 -4.94227
-49.3547 -45.3954 75.3663 -65.068 -55.0467 -5.14975
-49.6803 -45.6708 75.3401 -65.1445 -55.1248 -5.35817
-50.0062 -45.9466 75.3127 -65.2207 -55.2029 -5.56752
-50.3325 -46.2228 75.2844 -65.2968 -55.281 -5.77781
-50.6591 -46.4994 75.255 -65.3726 -55.3592 -5.98904
-50.9862 -46.7764 75.2245 -65.4483 -55.4373 -6.20123
-51.3136 -47.0538 75.193 -65.5237 -55.5154 -6.41437
-51.6414 -47.3316 75.1603 -65.599 -55.5936 -6.62847
-51.9696 -47.6097 75.1267 -65.674 -55.6717 -6.84353
-52.2982 -47.8883 75.0919 -65.7488 -55.7499 -7.05956
-52.6271 -48.1672 75.0561 -65.8234 -55.828 -7.27656
-52.9564 -48.4466 75.0191 -65.8978 -55.9062 -7.49454
-53.2861 -48.7263 74.9811 -65.9719 -55.9844 -7.71349
-53.6161 -49.0064 74.942 -66.0458 -56.0625 -7.93343
-53.9465 -49.2869 74.9018 -66.1195 -56.1407 -8.15436
-54.2773 -49.5678 74.8605 -66.1929 -56.2189 -8.37628
-54.6085 -49.8491 74.818 -66.266 -56.2971 -8.59919
-54.94 -50.1308 74.7745 -66.3389 -56.3753 -8.8231
