25 0 -125 0 0 49
24.9996 -0.000291069 -124.755 -0.147103 -0.116469 49.0314
24.9985 -0.00116464 -124.51 -0.294293 -0.233001 49.0627
24.9967 -0.00262102 -124.264 -0.441571 -0.349596 49.0937
24.9941 -0.00466054 -124.019 -0.588938 -0.466255 49.1246
24.9908 -0.00728352 -123.773 -0.736396 -0.582979 49.1552
24.9867 -0.0104903 -123.527 -0.883947 -0.699769 49.1856
24.982 -0.0142812 -123.281 -1.03159 -0.816626 49.2158
24.9764 -0.0186565 -123.035 -1.17933 -0.933551 49.2458
24.9702 -0.0236166 -122.789 -1.32716 -1.05054 49.2757
24.9632 -0.0291619 -122.542 -1.47509 -1.16761 49.3053
24.9554 -0.0352926 -122.296 -1.62312 -1.28474 49.3347
24.9469 -0.0420093 -122.049 -1.77125 -1.40195 49.3639
24.9377 -0.0493121 -121.802 -1.91948 -1.51923 49.3928
24.9277 -0.0572015 -121.555 -2.06781 -1.63658 49.4216
24.917 -0.0656778 -121.308 -2.21624 -1.754 49.4502
24.9056 -0.0747414 -121.061 -2.36478 -1.87151 49.4786
24.8934 -0.0843928 -120.813 -2.51342 -1.98908 49.5068
24.8804 -0.0946322 -120.565 -2.66217 -2.10674 49.5347
24.8668 -0.10546 -120.318 -2.81103 -2.22447 49.5625
24.8523 -0.116877 -120.07 -2.96 -2.34228 49.59
24.8372 -0.128883 -119.822 -3.10908 -2.46018 49.6174
24.8212 -0.141479 -119.574 -3.25827 -2.57815 49.6445
24.8046 -0.154664 -119.325 -3.40757 -2.69621 49.6715
24.7872 -0.168441 -119.077 -3.55699 -2.81435 49.6982
24.769 -0.182808 -118.828 -3.70652 -2.93257 49.7247
24.7501 -0.197766 -118.58 -3.85618 -3.05088 49.751
24.7304 -0.213317 -118.331 -4.00595 -3.16927 49.7771
24.71 -0.229459 -118.082 -4.15584 -3.28775 49.803
24.6889 -0.246194 -117.833 -4.30585 -3.40632 49.8287
24.667 -0.263522 -117.584 -4.45598 -3.52498 49.8542
24.6443 -0.281444 -117.334 -4.60624 -3.64373 49.8795
24.6209 -0.299959 -117.085 -4.75663 -3.76256 49.9046
24.5968 -0.319069 -116.835 -4.90714 -3.8815 49.9294
24.5718 -0.338774 -116.586 -5.05777 -4.00052 49.9541
24.5462 -0.359074 -116.336 -5.20854 -4.11964 49.9786
24.5198 -0.379971 -116.086 -5.35944 -4.23885 50.0028
24.4926 -0.401463 -115.836 -5.51047 -4.35816 50.0268
24.4647 -0.423552 -115.585 -5.66163 -4.47756 50.0507
24.436 -0.446238 -115.335 -5.81293 -4.59707 50.0743
24.4065 -0.469523 -115.085 -5.96436 -4.71667 50.0977
24.3763 -0.493405 -114.834 -6.11594 -4.83637 50.1209
24.3454 -0.517886 -114.584 -6.26765 -4.95617 50.1439
24.3136 -0.542967 -114.333 -6.4195 -5.07608 50.1666
24.2812 -0.568647 -114.082 -6.57149 -5.19609 50.1892
24.2479 -0.594928 -113.831 -6.72363 -5.3162 50.2116
24.2139 -0.621809 -113.58 -6.87591 -5.43642 50.2337
24.1792 -0.649292 -113.329 -7.02833 -5.55675 50.2556
24.1437 -0.677376 -113.077 -7.18091 -5.67718 50.2773
24.1074 -0.706064 -112.826 -7.33363 -5.79772 50.2988
24.0703 -0.735354 -112.574 -7.4865 -5.91837 50.3201
24.0325 -0.765247 -112.323 -7.63953 -6.03913 50.3412
23.9939 -0.795745 -112.071 -7.7927 -6.16 50.3621
23.9546 -0.826847 -111.819 -7.94604 -6.28099 50.3827
23.9145 -0.858555 -111.567 -8.09952 -6.40209 50.4032
23.8736 -0.890868 -111.315 -8.25317 -6.5233 50.4234
23.8319 -0.923788 -111.063 -8.40698 -6.64463 50.4434
23.7895 -0.957314 -110.81 -8.56094 -6.76608 50.4632
23.7463 -0.991448 -110.558 -8.71507 -6.88764 50.4828
23.7024 -1.02619 -110.306 -8.86936 -7.00933 50.5021
23.6576 -1.06154 -110.053 -9.02382 -7.13113 50.5213
23.6121 -1.0975 -109.8 -9.17844 -7.25306 50.5402
23.5658 -1.13407 -109.548 -9.33324 -7.37511 50.5589
23.5188 -1.17125 -109.295 -9.4882 -7.49728 50.5774
23.471 -1.20904 -109.042 -9.64333 -7.61958 50.5956
23.4224 -1.24745 -108.789 -9.79864 -7.742 50.6137
23.373 -1.28646 -108.536 -9.95412 -7.86455 50.6315
23.3228 -1.32609 -108.283 -10.1098 -7.98723 50.6491
23.2719 -1.36634 -108.029 -10.2656 -8.11004 50.6665
23.2202 -1.40719 -107.776 -10.4216 -8.23298 50.6837
23.1677 -1.44867 -107.522 -10.5778 -8.35605 50.7006
23.1144 -1.49075 -107.269 -10.7342 -8.47925 50.7173
23.0603 -1.53346 -107.015 -10.8907 -8.60259 50.7338
23.0055 -1.57678 -106.762 -11.0475 -8.72606 50.7501
22.9498 -1.62072 -106.508 -11.2044 -8.84967 50.7661
22.8934 -1.66528 -106.254 -11.3615 -8.97342 50.7819
22.8362 -1.71045 -106 -11.5189 -9.09731 50.7975
22.7782 -1.75625 -105.746 -11.6764 -9.22133 50.8129
22.7195 -1.80267 -105.492 -11.8341 -9.3455 50.828
22.6599 -1.84971 -105.238 -11.9919 -9.46981 50.8429
22.5995 -1.89737 -104.983 -12.15 -9.59427 50.8576
22.5384 -1.94565 -104.729 -12.3083 -9.71887 50.8721
22.4765 -1.99455 -104.475 -12.4668 -9.84361 50.8863
22.4137 -2.04408 -104.22 -12.6255 -9.9685 50.9003
22.3502 -2.09424 -103.966 -12.7844 -10.0935 50.914
22.2859 -2.14502 -103.711 -12.9435 -10.2187 50.9276
22.2208 -2.19643 -103.456 -13.1028 -10.3441 50.9408
22.1549 -2.24846 -103.202 -13.2623 -10.4696 50.9539
22.0881 -2.30112 -102.947 -13.4221 -10.5952 50.9667
22.0206 -2.35441 -102.692 -13.582 -10.721 50.9793
21.9523 -2.40833 -102.437 -13.7422 -10.847 50.9916
21.8832 -2.46288 -102.182 -13.9025 -10.9731 51.0038
21.8133 -2.51806 -101.927 -14.0631 -11.0994 51.0156
21.7426 -2.57388 -101.672 -14.2239 -11.2258 51.0272
21.6711 -2.63032 -101.417 -14.385 -11.3524 51.0386
21.5987 -2.6874 -101.162 -14.5462 -11.4792 51.0498
21.5256 -2.74511 -100.906 -14.7077 -11.6061 51.0607
21.4517 -2.80346 -100.651 -14.8694 -11.7332 51.0714
21.3769 -2.86245 -100.396 -15.0313 -11.8604 51.0818
21.3013 -2.92207 -100.14 -15.1935 -11.9879 51.0919
21.225 -2.98232 -99.8846 -15.3559 -12.1155 51.1019
21.1478 -3.04322 -99.6291 -15.5185 -12.2432 51.1115
21.0698 -3.10476 -99.3735 -15.6814 -12.3712 51.121
20.991 -3.16693 -99.1179 -15.8445 -12.4993 51.1302
20.9113 -3.22975 -98.8622 -16.0079 -12.6276 51.1391
20.8309 -3.29321 -98.6065 -16.1714 -12.756 51.1478
20.7496 -3.35731 -98.3507 -16.3353 -12.8847 51.1562
20.6675 -3.42205 -98.0949 -16.4994 -13.0135 51.1644
20.5846 -3.48744 -97.8391 -16.6637 -13.1425 51.1723
20.5009 -3.55348 -97.5832 -16.8283 -13.2717 51.18
20.4164 -3.62016 -97.3273 -16.9931 -13.401 51.1874
20.331 -3.68749 -97.0713 -17.1582 -13.5306 51.1945
20.2448 -3.75547 -96.8153 -17.3235 -13.6603 51.2014
20.1577 -3.82409 -96.5593 -17.4891 -13.7903 51.208
20.0699 -3.89337 -96.3032 -17.655 -13.9204 51.2144
19.9812 -3.9633 -96.0471 -17.8211 -14.0507 51.2205
19.8917 -4.03388 -95.791 -17.9875 -14.1812 51.2263
19.8013 -4.10511 -95.5349 -18.1541 -14.3119 51.2319
19.7101 -4.17699 -95.2787 -18.3211 -14.4428 51.2372
19.6181 -4.24954 -95.0225 -18.4883 -14.5738 51.2422
19.5252 -4.32273 -94.7663 -18.6557 -14.7051 51.247
19.4315 -4.39659 -94.51 -18.8235 -14.8366 51.2515
19.337 -4.4711 -94.2538 -18.9915 -14.9683 51.2557
19.2416 -4.54627 -93.9975 -19.1598 -15.1002 51.2597
19.1454 -4.6221 -93.7412 -19.3284 -15.2323 51.2633
19.0483 -4.69859 -93.4848 -19.4972 -15.3646 51.2667
18.9504 -4.77575 -93.2285 -19.6664 -15.4971 51.2699
18.8517 -4.85356 -92.9721 -19.8358 -15.6298 51.2727
18.7521 -4.93204 -92.7158 -20.0055 -15.7627 51.2753
18.6516 -5.01119 -92.4594 -20.1755 -15.8959 51.2775
18.5503 -5.091 -92.203 -20.3459 -16.0292 51.2795
18.4482 -5.17148 -91.9466 -20.5165 -16.1628 51.2812
18.3452 -5.25263 -91.6902 -20.6874 -16.2966 51.2826
18.2413 -5.33445 -91.4338 -20.8586 -16.4306 51.2838
18.1366 -5.41694 -91.1774 -21.0301 -16.5648 51.2846
18.031 -5.5001 -90.9209 -21.2019 -16.6993 51.2851
17.9246 -5.58393 -90.6645 -21.374 -16.8339 51.2854
17.8173 -5.66844 -90.4081 -21.5465 -16.9688 51.2853
17.7091 -5.75362 -90.1516 -21.7192 -17.104 51.285
17.6001 -5.83948 -89.8952 -21.8923 -17.2393 51.2843
17.4902 -5.92601 -89.6388 -22.0657 -17.3749 51.2834
17.3794 -6.01322 -89.3824 -22.2394 -17.5107 51.2821
17.2678 -6.10112 -89.126 -22.4134 -17.6468 51.2806
17.1553 -6.18969 -88.8696 -22.5878 -17.7831 51.2787
17.0419 -6.27895 -88.6132 -22.7625 -17.9196 51.2765
16.9276 -6.36889 -88.3568 -22.9375 -18.0564 51.2741
16.8125 -6.45951 -88.1005 -23.1128 -18.1934 51.2713
16.6965 -6.55082 -87.8441 -23.2885 -18.3307 51.2681
16.5796 -6.64282 -87.5878 -23.4645 -18.4682 51.2647
16.4619 -6.7355 -87.3315 -23.6409 -18.6059 51.261
16.3432 -6.82888 -87.0752 -23.8176 -18.7439 51.2569
16.2237 -6.92294 -86.8189 -23.9947 -18.8822 51.2525
16.1033 -7.0177 -86.5626 -24.1721 -19.0207 51.2478
15.982 -7.11315 -86.3064 -24.3498 -19.1595 51.2427
15.8598 -7.2093 -86.0502 -24.5279 -19.2985 51.2373
15.7367 -7.30614 -85.794 -24.7064 -19.4378 51.2316
15.6127 -7.40367 -85.5379 -24.8852 -19.5773 51.2256
15.4878 -7.50191 -85.2818 -25.0644 -19.7171 51.2192
15.3621 -7.60084 -85.0257 -25.2439 -19.8572 51.2125
15.2354 -7.70048 -84.7697 -25.4239 -19.9975 51.2054
15.1078 -7.80082 -84.5136 -25.6041 -20.1381 51.198
14.9794 -7.90186 -84.2577 -25.7848 -20.279 51.1902
14.85 -8.00361 -84.0017 -25.9658 -20.4202 51.1821
14.7197 -8.10606 -83.7459 -26.1473 -20.5616 51.1737
14.5885 -8.20923 -83.49 -26.329 -20.7033 51.1649
14.4564 -8.3131 -83.2342 -26.5112 -20.8453 51.1557
14.3234 -8.41768 -82.9785 -26.6938 -20.9875 51.1462
14.1895 -8.52297 -82.7227 -26.8767 -21.1301 51.1363
14.0546 -8.62898 -82.4671 -27.0601 -21.2729 51.126
13.9189 -8.7357 -82.2115 -27.2438 -21.4161 51.1154
13.7822 -8.84314 -81.9559 -27.428 -21.5595 51.1044
13.6446 -8.9513 -81.7004 -27.6125 -21.7032 51.093
13.5061 -9.06017 -81.445 -27.7975 -21.8472 51.0813
13.3666 -9.16977 -81.1896 -27.9828 -21.9915 51.0692
13.2262 -9.28009 -80.9343 -28.1686 -22.1361 51.0567
13.0849 -9.39113 -80.6791 -28.3548 -22.281 51.0438
12.9427 -9.5029 -80.4239 -28.5414 -22.4262 51.0305
12.7995 -9.61539 -80.1688 -28.7284 -22.5718 51.0168
12.6554 -9.72861 -79.9137 -28.9159 -22.7176 51.0028
12.5104 -9.84257 -79.6587 -29.1037 -22.8637 50.9883
12.3644 -9.95725 -79.4038 -29.292 -23.0102 50.9734
12.2174 -10.0727 -79.149 -29.4808 -23.157 50.9582
12.0696 -10.1888 -78.8942 -29.6699 -23.3041 50.9425
11.9207 -10.3057 -78.6396 -29.8596 -23.4515 50.9264
11.771 -10.4233 -78.385 -30.0496 -23.5992 50.9099
11.6202 -10.5417 -78.1305 -30.2401 -23.7473 50.893
11.4686 -10.6608 -77.876 -30.4311 -23.8957 50.8756
11.3159 -10.7807 -77.6217 -30.6225 -24.0444 50.8579
11.1623 -10.9013 -77.3675 -30.8143 -24.1935 50.8397
11.0078 -11.0226 -77.1133 -31.0066 -24.3429 50.8211
10.8523 -11.1447 -76.8593 -31.1994 -24.4926 50.802
10.6958 -11.2675 -76.6053 -31.3927 -24.6427 50.7825
10.5384 -11.3911 -76.3514 -31.5864 -24.7931 50.7626
10.3799 -11.5155 -76.0977 -31.7806 -24.9439 50.7422
10.2205 -11.6405 -75.844 -31.9752 -25.095 50.7213
10.0602 -11.7664 -75.5905 -32.1704 -25.2465 50.7
9.89884 -11.893 -75.337 -32.366 -25.3984 50.6783
9.73652 -12.0204 -75.0837 -32.5621 -25.5506 50.6561
9.57322 -12.1485 -74.8304 -32.7588 -25.7031 50.6334
9.40893 -12.2774 -74.5773 -32.9559 -25.856 50.6102
9.24366 -12.4071 -74.3243 -33.1535 -26.0093 50.5866
9.0774 -12.5375 -74.0715 -33.3516 -26.163 50.5625
8.91014 -12.6687 -73.8187 -33.5502 -26.3171 50.5379
8.7419 -12.8007 -73.5661 -33.7493 -26.4715 50.5128
8.57265 -12.9334 -73.3136 -33.949 -26.6263 50.4872
8.40241 -13.0669 -73.0612 -34.1491 -26.7815 50.4612
8.23116 -13.2012 -72.809 -34.3498 -26.937 50.4346
8.05891 -13.3363 -72.5569 -34.551 -27.093 50.4075
7.88565 -13.4722 -72.3049 -34.7527 -27.2493 50.3799
7.71138 -13.6088 -72.0531 -34.955 -27.4061 50.3518
7.5361 -13.7462 -71.8014 -35.1578 -27.5632 50.3232
7.3598 -13.8844 -71.5498 -35.3612 -27.7208 50.294
7.18249 -14.0234 -71.2984 -35.5651 -27.8788 50.2643
7.00415 -14.1632 -71.0472 -35.7695 -28.0371 50.2341
6.82479 -14.3038 -70.7961 -35.9745 -28.1959 50.2034
6.64441 -14.4452 -70.5452 -36.1801 -28.3551 50.1721
6.46299 -14.5874 -70.2944 -36.3862 -28.5147 50.1402
6.28054 -14.7303 -70.0438 -36.5929 -28.6748 50.1078
6.09706 -14.8741 -69.7933 -36.8002 -28.8352 50.0748
5.91254 -15.0187 -69.543 -37.008 -28.9961 50.0413
5.72698 -15.1641 -69.2929 -37.2164 -29.1575 50.0072
5.54038 -15.3103 -69.0429 -37.4254 -29.3192 49.9725
5.35273 -15.4573 -68.7932 -37.635 -29.4815 49.9372
5.16403 -15.6051 -68.5436 -37.8452 -29.6441 49.9013
4.97428 -15.7537 -68.2942 -38.056 -29.8072 49.8649
4.78347 -15.9031 -68.0449 -38.2674 -29.9708 49.8278
4.5916 -16.0534 -67.7959 -38.4794 -30.1348 49.7901
4.39867 -16.2045 -67.547 -38.692 -30.2993 49.7519
4.20468 -16.3564 -67.2984 -38.9052 -30.4642 49.713
4.00962 -16.5091 -67.0499 -39.1191 -30.6297 49.6735
3.81349 -16.6627 -66.8016 -39.3336 -30.7955 49.6333
3.61629 -16.8171 -66.5536 -39.5487 -30.9619 49.5925
3.418 -16.9723 -66.3057 -39.7644 -31.1288 49.5511
3.21864 -17.1284 -66.058 -39.9808 -31.2961 49.509
3.01819 -17.2853 -65.8106 -40.1979 -31.4639 49.4662
2.81666 -17.443 -65.5634 -40.4156 -31.6322 49.4228
2.61404 -17.6016 -65.3164 -40.6339 -31.801 49.3788
2.41032 -17.761 -65.0696 -40.8529 -31.9704 49.334
2.20551 -17.9213 -64.823 -41.0726 -32.1402 49.2886
1.9996 -18.0824 -64.5767 -41.293 -32.3105 49.2425
1.79258 -18.2444 -64.3306 -41.514 -32.4814 49.1956
1.58446 -18.4072 -64.0848 -41.7357 -32.6527 49.1481
1.37522 -18.5709 -63.8391 -41.9582 -32.8246 49.0999
1.16487 -18.7355 -63.5938 -42.1813 -32.9971 49.0509
0.953409 -18.9009 -63.3486 -42.4051 -33.17 49.0012
0.740823 -19.0672 -63.1037 -42.6296 -33.3435 48.9508
0.527113 -19.2343 -62.8591 -42.8548 -33.5176 48.8996
0.312274 -19.4024 -62.6147 -43.0808 -33.6922 48.8477
0.0963044 -19.5713 -62.3706 -43.3075 -33.8673 48.795
-0.120801 -19.741 -62.1268 -43.5349 -34.0431 48.7416
-0.339045 -19.9117 -61.8832 -43.7631 -34.2193 48.6874
-0.558431 -20.0832 -61.6399 -43.992 -34.3962 48.6324
-0.778965 -20.2557 -61.3969 -44.2216 -34.5736 48.5766
-1.00065 -20.429 -61.1542 -44.452 -34.7516 48.52
-1.22348 -20.6032 -60.9117 -44.6832 -34.9302 48.4626
-1.44748 -20.7783 -60.6695 -44.9151 -35.1094 48.4044
-1.67264 -20.9543 -60.4277 -45.1478 -35.2892 48.3454
-1.89896 -21.1312 -60.1861 -45.3813 -35.4695 48.2855
-2.12645 -21.309 -59.9448 -45.6156 -35.6505 48.2248
-2.35511 -21.4877 -59.7038 -45.8507 -35.8321 48.1632
-2.58496 -21.6673 -59.4632 -46.0866 -36.0143 48.1008
-2.81598 -21.8478 -59.2228 -46.3233 -36.1972 48.0374
-3.04819 -22.0293 -58.9828 -46.5609 -36.3807 47.9733
-3.28159 -22.2116 -58.7431 -46.7992 -36.5648 47.9082
-3.51618 -22.3949 -58.5037 -47.0384 -36.7496 47.8422
-3.75197 -22.5791 -58.2647 -47.2784 -36.935 47.7753
-3.98897 -22.7643 -58.026 -47.5193 -37.121 47.7075
-4.22717 -22.9503 -57.7876 -47.761 -37.3078 47.6387
-4.46658 -23.1373 -57.5496 -48.0036 -37.4952 47.569
-4.7072 -23.3253 -57.3119 -48.2471 -37.6832 47.4984
-4.94905 -23.5142 -57.0746 -48.4914 -37.872 47.4268
-5.19212 -23.704 -56.8376 -48.7367 -38.0614 47.3542
-5.43642 -23.8948 -56.601 -48.9828 -38.2516 47.2806
-5.68195 -24.0865 -56.3648 -49.2299 -38.4424 47.206
-5.92871 -24.2792 -56.129 -49.4778 -38.6339 47.1305
-6.17672 -24.4729 -55.8935 -49.7267 -38.8262 47.0538
-6.42598 -24.6675 -55.6584 -49.9765 -39.0192 46.9762
-6.67649 -24.863 -55.4238 -50.2272 -39.2129 46.8975
-6.92825 -25.0596 -55.1895 -50.4789 -39.4074 46.8178
-7.18128 -25.2571 -54.9556 -50.7316 -39.6026 46.7369
-7.43557 -25.4556 -54.7221 -50.9852 -39.7985 46.655
-7.69113 -25.6551 -54.489 -51.2398 -39.9952 46.572
-7.94797 -25.8556 -54.2564 -51.4954 -40.1927 46.4879
-8.20609 -26.057 -54.0241 -51.7519 -40.391 46.4026
-8.46549 -26.2595 -53.7923 -52.0095 -40.59 46.3163
-8.72618 -26.4629 -53.561 -52.2681 -40.7899 46.2287
-8.98817 -26.6674 -53.3301 -52.5277 -40.9905 46.14
-9.25146 -26.8728 -53.0996 -52.7884 -41.1919 46.0501
-9.51605 -27.0793 -52.8696 -53.0501 -41.3942 45.959
-9.78196 -27.2868 -52.64 -53.3128 -41.5972 45.8667
-10.0492 -27.4953 -52.4109 -53.5766 -41.8012 45.7732
-10.3177 -27.7048 -52.1823 -53.8415 -42.0059 45.6784
-10.5876 -27.9153 -51.9541 -54.1075 -42.2115 45.5823
-10.8588 -28.1269 -51.7264 -54.3746 -42.418 45.485
-11.1313 -28.3395 -51.4993 -54.6428 -42.6253 45.3864
-11.4052 -28.5532 -51.2726 -54.9121 -42.8335 45.2864
-11.6805 -28.7678 -51.0464 -55.1825 -43.0426 45.1852
-11.9571 -28.9836 -50.8207 -55.454 -43.2526 45.0826
-12.235 -29.2004 -50.5956 -55.7268 -43.4635 44.9786
-12.5143 -29.4182 -50.3709 -56.0006 -43.6753 44.8732
-12.795 -29.6371 -50.1468 -56.2757 -43.888 44.7664
-13.0771 -29.8571 -49.9233 -56.5519 -44.1016 44.6583
-13.3605 -30.0781 -49.7003 -56.8293 -44.3162 44.5486
-13.6454 -30.3003 -49.4778 -57.108 -44.5318 44.4375
-13.9316 -30.5235 -49.2559 -57.3878 -44.7483 44.325
-14.2193 -30.7477 -49.0345 -57.6689 -44.9658 44.2109
-14.5083 -30.9731 -48.8138 -57.9512 -45.1842 44.0953
-14.7988 -31.1996 -48.5936 -58.2348 -45.4037 43.9781
-15.0906 -31.4272 -48.374 -58.5196 -45.6241 43.8594
-15.384 -31.6558 -48.155 -58.8057 -45.8456 43.7391
-15.6787 -31.8856 -47.9366 -59.0931 -46.0681 43.6172
-15.9749 -32.1165 -47.7188 -59.3817 -46.2916 43.4937
-16.2725 -32.3485 -47.5017 -59.6717 -46.5162 43.3685
-16.5716 -32.5817 -47.2851 -59.963 -46.7418 43.2416
-16.8722 -32.8159 -47.0692 -60.2557 -46.9685 43.1131
-17.1742 -33.0514 -46.854 -60.5497 -47.1963 42.9828
-17.4777 -33.2879 -46.6394 -60.845 -47.4252 42.8508
-17.7826 -33.5256 -46.4255 -61.1417 -47.6552 42.717
-18.0891 -33.7645 -46.2122 -61.4398 -47.8863 42.5814
-18.397 -34.0045 -45.9997 -61.7393 -48.1185 42.444
-18.7065 -34.2456 -45.7878 -62.0402 -48.3519 42.3047
-19.0174 -34.488 -45.5766 -62.3425 -48.5864 42.1636
-19.3299 -34.7315 -45.3662 -62.6462 -48.8221 42.0205
-19.6439 -34.9762 -45.1564 -62.9514 -49.059 41.8756
-19.9594 -35.2221 -44.9474 -63.2581 -49.2971 41.7287
-20.2765 -35.4692 -44.7391 -63.5663 -49.5364 41.5798
-20.5951 -35.7175 -44.5316 -63.8759 -49.7769 41.4289
-20.9152 -35.967 -44.3248 -64.187 -50.0187 41.2759
-21.2369 -36.2177 -44.1189 -64.4997 -50.2617 41.1209
-21.5602 -36.4696 -43.9136 -64.8139 -50.5059 40.9638
-21.8851 -36.7227 -43.7092 -65.1297 -50.7515 40.8046
-22.2115 -36.9771 -43.5056 -65.447 -50.9983 40.6432
-22.5395 -37.2327 -43.3028 -65.7659 -51.2465 40.4796
-22.8692 -37.4896 -43.1008 -66.0864 -51.4959 40.3137
-23.2004 -37.7477 -42.8996 -66.4086 -51.7467 40.1456
-23.5333 -38.007 -42.6993 -66.7323 -51.9989 39.9753
-23.8677 -38.2676 -42.4999 -67.0578 -52.2525 39.8026
-24.2038 -38.5295 -42.3013 -67.3848 -52.5074 39.6275
-24.5416 -38.7927 -42.1036 -67.7136 -52.7637 39.45
-24.881 -39.0572 -41.9068 -68.0441 -53.0215 39.2701
-25.222 -39.3229 -41.7109 -68.3763 -53.2807 39.0877
-25.5647 -39.59 -41.5159 -68.7103 -53.5413 38.9028
-25.9091 -39.8583 -41.3219 -69.046 -53.8034 38.7153
-26.2552 -40.128 -41.1288 -69.3835 -54.067 38.5252
-26.603 -40.399 -40.9366 -69.7227 -54.3321 38.3325
-26.9524 -40.6713 -40.7455 -70.0638 -54.5987 38.1371
-27.3036 -40.945 -40.5553 -70.4068 -54.8669 37.939
-27.6565 -41.22 -40.3661 -70.7516 -55.1366 37.7381
-28.0111 -41.4964 -40.1779 -71.0983 -55.4079 37.5344
-28.3675 -41.7741 -39.9907 -71.4468 -55.6808 37.3278
-28.7256 -42.0532 -39.8046 -71.7973 -55.9554 37.1184
-29.0855 -42.3336 -39.6195 -72.1498 -56.2315 36.9059
-29.4471 -42.6155 -39.4355 -72.5042 -56.5093 36.6905
-29.8105 -42.8987 -39.2526 -72.8606 -56.7888 36.472
-30.1757 -43.1834 -39.0708 -73.2189 -57.07 36.2504
-30.5427 -43.4694 -38.8901 -73.5794 -57.3528 36.0256
-30.9115 -43.7569 -38.7106 -73.9418 -57.6374 35.7976
-31.2821 -44.0458 -38.5322 -74.3064 -57.9238 35.5663
-31.6546 -44.3362 -38.3549 -74.6731 -58.212 35.3317
-32.0288 -44.6279 -38.1788 -75.0418 -58.5019 35.0937
-32.405 -44.9212 -38.004 -75.4128 -58.7937 34.8522
-32.783 -45.2159 -37.8303 -75.7859 -59.0872 34.6073
-33.1628 -45.512 -37.6579 -76.1612 -59.3827 34.3587
-33.5446 -45.8097 -37.4867 -76.5387 -59.68 34.1065
-33.9282 -46.1088 -37.3168 -76.9184 -59.9793 33.8506
-34.3138 -46.4095 -37.1482 -77.3005 -60.2805 33.591
-34.7012 -46.7117 -36.9809 -77.6848 -60.5836 33.3274
-35.0906 -47.0153 -36.815 -78.0715 -60.8887 33.06
-35.4819 -47.3205 -36.6503 -78.4606 -61.1958 32.7885
-35.8752 -47.6273 -36.4871 -78.852 -61.505 32.513
-36.2705 -47.9356 -36.3252 -79.2458 -61.8161 32.2334
-36.6677 -48.2455 -36.1647 -79.6421 -62.1294 31.9495
-37.0669 -48.5569 -36.0057 -80.0408 -62.4447 31.6613
-37.4681 -48.8699 -35.8481 -80.4421 -62.7622 31.3687
-37.8713 -49.1845 -35.692 -80.8458 -63.0819 31.0716
-38.2765 -49.5007 -35.5374 -81.2522 -63.4037 30.77
-38.6838 -49.8185 -35.3843 -81.6611 -63.7277 30.4637
-39.0932 -50.138 -35.2328 -82.0726 -64.0539 30.1527
-39.5046 -50.4591 -35.0828 -82.4868 -64.3824 29.8368
-39.918 -50.7818 -34.9344 -82.9037 -64.7132 29.516
-40.3336 -51.1062 -34.7876 -83.3232 -65.0463 29.1901
-40.7513 -51.4323 -34.6425 -83.7456 -65.3817 28.859
-41.171 -51.76 -34.499 -84.1707 -65.7195 28.5227
-41.593 -52.0895 -34.3573 -84.5986 -66.0598 28.1811
-42.017 -52.4206 -34.2172 -85.0293 -66.4024 27.8339
-42.4433 -52.7535 -34.0789 -85.463 -66.7475 27.4812
-42.8717 -53.0881 -33.9424 -85.8996 -67.0951 27.1227
-43.3023 -53.4245 -33.8077 -86.3391 -67.4452 26.7584
-43.7351 -53.7626 -33.6748 -86.7815 -67.7978 26.3881
-44.1701 -54.1024 -33.5438 -87.2271 -68.1531 26.0118
-44.6073 -54.4441 -33.4147 -87.6756 -68.5109 25.6292
-45.0468 -54.7875 -33.2875 -88.1273 -68.8714 25.2402
-45.4886 -55.1328 -33.1623 -88.582 -69.2346 24.8447
-45.9327 -55.4799 -33.0391 -89.04 -69.6004 24.4425
-46.379 -55.8288 -32.9179 -89.5011 -69.9691 24.0335
-46.8277 -56.1796 -32.7987 -89.9655 -70.3404 23.6176
-47.2787 -56.5322 -32.6817 -90.4332 -70.7146 23.1945
-47.732 -56.8867 -32.5668 -90.9041 -71.0917 22.7641
-48.1877 -57.2431 -32.4541 -91.3784 -71.4716 22.3263
-48.6458 -57.6014 -32.3435 -91.8561 -71.8544 21.8808
-49.1063 -57.9617 -32.2353 -92.3373 -72.2402 21.4275
-49.5692 -58.3239 -32.1293 -92.8219 -72.629 20.9662
-50.0345 -58.688 -32.0256 -93.31 -73.0207 20.4966
-50.5023 -59.0541 -31.9243 -93.8016 -73.4156 20.0187
-50.9725 -59.4221 -31.8254 -94.2968 -73.8135 19.5321
-51.4452 -59.7922 -31.729 -94.7957 -74.2145 19.0368
-51.9205 -60.1643 -31.635 -95.2982 -74.6187 18.5323
-52.3982 -60.5384 -31.5437 -95.8044 -75.0261 18.0186
-52.8785 -60.9145 -31.4549 -96.3143 -75.4367 17.4954
-53.3614 -61.2928 -31.3687 -96.828 -75.8506 16.9624
-53.8468 -61.673 -31.2852 -97.3456 -76.2677 16.4194
-54.3348 -62.0554 -31.2045 -97.8669 -76.6882 15.8662
-54.8255 -62.4399 -31.1266 -98.3922 -77.1121 15.3024
-55.3187 -62.8266 -31.0515 -98.9214 -77.5394 14.7278
-55.8147 -63.2153 -30.9793 -99.4545 -77.9702 14.1422
-56.3133 -63.6063 -30.9101 -99.9917 -78.4044 13.5451
-56.8146 -63.9994 -30.8438 -100.533 -78.8421 12.9363
-57.3186 -64.3947 -30.7807 -101.078 -79.2834 12.3155
-57.8254 -64.7922 -30.7207 -101.627 -79.7282 11.6823
-58.3349 -65.192 -30.6639 -102.181 -80.1767 11.0365
-58.8472 -65.594 -30.6103 -102.738 -80.6288 10.3776
-59.3623 -65.9983 -30.5601 -103.3 -81.0846 9.70522
-59.8802 -66.4048 -30.5133 -103.866 -81.5441 9.01909
-60.4009 -66.8137 -30.4699 -104.436 -82.0073 8.31876
-60.9246 -67.2249 -30.4301 -105.011 -82.4743 7.60382
-61.4511 -67.6384 -30.3939 -105.59 -82.9451 6.87385
-61.9805 -68.0544 -30.3613 -106.173 -83.4197 6.1284
-62.5128 -68.4726 -30.3326 -106.76 -83.8981 5.36701
-63.0481 -68.8933 -30.3077 -107.352 -84.3804 4.58921
-63.5863 -69.3164 -30.2867 -107.948 -84.8666 3.79451
-64.1275 -69.742 -30.2697 -108.548 -85.3566 2.98238
-64.6718 -70.17 -30.2569 -109.153 -85.8506 2.15229
-65.2191 -70.6005 -30.2482 -109.762 -86.3484 1.30369
-65.7694 -71.0335 -30.2438 -110.375 -86.8502 0.436001
-66.3228 -71.469 -30.2439 -110.993 -87.3559 -0.451387
-66.8793 -71.9071 -30.2484 -111.615 -87.8654 -1.3591
-67.439 -72.3477 -30.2574 -112.241 -88.3789 -2.28778
-68.0017 -72.7909 -30.2712 -112.871 -88.8963 -3.23811
-68.5677 -73.2366 -30.2898 -113.506 -89.4176 -4.21081
-69.1368 -73.685 -30.3133 -114.144 -89.9427 -5.2066
-69.7091 -74.1361 -30.3419 -114.787 -90.4717 -6.22625
-70.2847 -74.5898 -30.3756 -115.434 -91.0044 -7.27056
-70.8635 -75.0461 -30.4146 -116.084 -91.5408 -8.34037
-71.4455 -75.5052 -30.459 -116.739 -92.0809 -9.43654
-72.0309 -75.9669 -30.509 -117.397 -92.6247 -10.56
-72.6195 -76.4314 -30.5646 -118.059 -93.1719 -11.7116
-73.2115 -76.8986 -30.6261 -118.724 -93.7226 -12.8925
-73.8067 -77.3686 -30.6936 -119.392 -94.2766 -14.1036
-74.4054 -77.8414 -30.7671 -120.063 -94.8339 -15.346
-75.0074 -78.317 -30.847 -120.738 -95.3942 -16.6208
-75.6128 -78.7954 -30.9333 -121.414 -95.9575 -17.9292
-76.2215 -79.2766 -31.0263 -122.094 -96.5235 -19.2725
-76.8337 -79.7606 -31.1261 -122.775 -97.0921 -20.6519
-77.4493 -80.2475 -31.2328 -123.458 -97.6631 -22.0686
-78.0683 -80.7372 -31.3468 -124.143 -98.2362 -23.5243
-78.6907 -81.2298 -31.4681 -124.829 -98.8111 -25.0202
-79.3166 -81.7253 -31.597 -125.515 -99.3876 -26.5579
-79.9459 -82.2237 -31.7337 -126.201 -99.9653 -28.1391
-80.5786 -82.725 -31.8784 -126.888 -100.544 -29.7653
-81.2148 -83.2292 -32.0313 -127.573 -101.123 -31.4383
-81.8543 -83.7362 -32.1928 -128.257 -101.702 -33.16
-82.4973 -84.2462 -32.3629 -128.938 -102.281 -34.9322
-83.1437 -84.759 -32.5421 -129.617 -102.858 -36.7568
-83.7935 -85.2748 -32.7305 -130.292 -103.434 -38.6361
-84.4466 -85.7934 -32.9285 -130.962 -104.008 -40.5721
-85.1031 -86.3149 -33.1362 -131.626 -104.578 -42.5671
-85.7629 -86.8392 -33.3541 -132.284 -105.145 -44.6234
-86.426 -87.3663 -33.5825 -132.933 -105.707 -46.7435
-87.0922 -87.8962 -33.8216 -133.573 -106.263 -48.93
-87.7617 -88.4289 -34.0718 -134.202 -106.812 -51.1854
-88.4343 -88.9644 -34.3335 -134.819 -107.354 -53.5127
-89.1099 -89.5025 -34.6069 -135.422 -107.886 -55.9145
-89.7885 -90.0432 -34.8926 -136.008 -108.407 -58.394
-90.47 -90.5866 -35.1909 -136.576 -108.916 -60.9542
-91.1542 -91.1324 -35.5022 -137.123 -109.41 -63.5983
-91.8412 -91.6807 -35.8269 -137.647 -109.889 -66.3296
-92.5307 -92.2313 -36.1655 -138.145 -110.349 -69.1514
-93.2227 -92.7842 -36.5184 -138.614 -110.788 -72.0673
-93.9169 -93.3392 -36.8862 -139.051 -111.205 -75.0808
-94.6132 -93.8962 -37.2692 -139.451 -111.595 -78.1956
-95.3114 -94.4551 -37.6681 -139.811 -111.957 -81.4153
-96.0113 -95.0158 -38.0834 -140.126 -112.286 -84.7435
-96.7126 -95.578 -38.5156 -140.392 -112.578 -88.1842
-97.4152 -96.1416 -38.9653 -140.603 -112.831 -91.7408
-98.1187 -96.7063 -39.433 -140.753 -113.038 -95.417
-98.8227 -97.2719 -39.9195 -140.836 -113.196 -99.2164
-99.527 -97.8382 -40.4252 -140.845 -113.299 -103.142
-100.231 -98.4049 -40.9509 -140.773 -113.341 -107.198
-100.935 -98.9717 -41.4972 -140.611 -113.316 -111.385
-101.637 -99.5381 -42.0648 -140.351 -113.217 -115.708
-102.338 -100.104 -42.6543 -139.983 -113.037 -120.167
-103.037 -100.668 -43.2665 -139.498 -112.767 -124.763
-103.733 -101.231 -43.902 -138.883 -112.399 -129.498
-104.426 -101.792 -44.5615 -138.127 -111.924 -134.371
-105.114 -102.351 -45.2458 -137.218 -111.332 -139.38
-105.798 -102.906 -45.9554 -136.142 -110.612 -144.522
-106.476 -103.457 -46.691 -134.886 -109.753 -149.792
-107.147 -104.003 -47.4533 -133.435 -108.743 -155.185
-107.81 -104.544 -48.2429 -131.773 -107.571 -160.691
-108.465 -105.079 -49.0603 -129.886 -106.225 -166.301
-109.109 -105.606 -49.9059 -127.758 -104.691 -172.001
-109.742 -106.126 -50.7803 -125.373 -102.957 -177.775
-110.363 -106.636 -51.6837 -122.717 -101.01 -183.603
-110.969 -107.136 -52.6164 -119.774 -98.8394 -189.463
-111.56 -107.624 -53.5784 -116.533 -96.4336 -195.329
-112.135 -108.1 -54.5697 -112.98 -93.7828 -201.172
-112.69 -108.562 -55.5901 -109.108 -90.8789 -206.958
-113.226 -109.009 -56.6393 -104.909 -87.716 -212.652
-113.739 -109.439 -57.7167 -100.38 -84.2905 -218.213
-114.229 -109.852 -58.8214 -95.5228 -80.6021 -223.6
-114.694 -110.245 -59.9527 -90.3417 -76.6537 -228.77
-115.133 -110.618 -61.1091 -84.847 -72.4521 -233.678
-115.543 -110.97 -62.2894 -79.054 -68.0082 -238.28
-115.923 -111.298 -63.4919 -72.9831 -63.3371 -242.531
-116.273 -111.603 -64.7147 -66.6602 -58.4582 -246.391
-116.59 -111.883 -65.9558 -60.1162 -53.3946 -249.824
-116.874 -112.137 -67.2129 -53.3862 -48.1733 -252.795
-117.124 -112.365 -68.4837 -46.5094 -42.8244 -255.28
-117.339 -112.565 -69.7657 -39.5274 -37.3802 -257.258
-117.519 -112.738 -71.0563 -32.484 -31.8749 -258.717
-117.664 -112.884 -72.3528 -25.4235 -26.343 -259.652
-117.773 -113.002 -73.6527 -18.3896 -20.819 -260.068
-117.848 -113.092 -74.9534 -11.4245 -15.3365 -259.974
-117.887 -113.155 -76.2524 -4.56771 -9.92702 -259.388
-117.893 -113.191 -77.5473 2.14457 -4.61947 -258.334
-117.866 -113.201 -78.8357 8.68025 0.560142 -256.84
-117.807 -113.186 -80.1156 15.0117 5.58931 -254.939
-117.716 -113.146 -81.3851 21.1161 10.4492 -252.665
-117.595 -113.081 -82.6423 26.9753 15.1245 -250.057
-117.446 -112.994 -83.8856 32.5756 19.6037 -247.151
-117.27 -112.885 -85.1138 37.9078 23.8785 -243.984
-117.067 -112.756 -86.3255 42.9667 27.944 -240.594
-116.84 -112.606 -87.5197 47.7505 31.7979 -237.015
-116.59 -112.438 -88.6956 52.2606 35.4403 -233.28
-116.318 -112.252 -89.8525 56.5008 38.8737 -229.419
-116.025 -112.049 -90.9898 60.4772 42.1021 -225.462
-115.713 -111.831 -92.1071 64.1976 45.131 -221.433
-115.383 -111.598 -93.2042 67.671 47.9669 -217.356
-115.036 -111.351 -94.2807 70.9075 50.6172 -213.25
-114.674 -111.092 -95.3367 73.9178 53.0899 -209.135
-114.297 -110.82 -96.3721 76.7129 55.3933 -205.025
-113.907 -110.538 -97.3869 79.304 57.5359 -200.934
-113.504 -110.245 -98.3814 81.7026 59.5262 -196.874
-113.09 -109.942 -99.3557 83.9195 61.3729 -192.854
-112.665 -109.631 -100.31 85.9658 63.0841 -188.883
-112.23 -109.312 -101.245 87.8518 64.6681 -184.967
-111.786 -108.984 -102.16 89.5878 66.1326 -181.113
-111.334 -108.65 -103.056 91.1833 67.4852 -177.324
-110.874 -108.31 -103.933 92.6477 68.7329 -173.604
-110.408 -107.963 -104.792 93.9896 69.8827 -169.955
-109.935 -107.611 -105.633 95.2173 70.9409 -166.38
-109.456 -107.254 -106.456 96.3385 71.9136 -162.88
-108.971 -106.892 -107.261 97.3605 72.8065 -159.455
-108.482 -106.525 -108.05 98.2901 73.6251 -156.105
-107.988 -106.155 -108.822 99.1338 74.3743 -152.831
-107.491 -105.782 -109.578 99.8974 75.0589 -149.632
-106.989 -105.405 -110.319 100.587 75.6833 -146.508
-106.485 -105.025 -111.044 101.207 76.2516 -143.456
-105.977 -104.642 -111.753 101.762 76.7676 -140.477
-105.467 -104.257 -112.448 102.258 77.2349 -137.569
-104.955 -103.87 -113.129 102.698 77.657 -134.73
-104.44 -103.481 -113.796 103.086 78.0368 -131.96
-103.924 -103.09 -114.449 103.426 78.3773 -129.256
-103.406 -102.697 -115.088 103.721 78.6813 -126.617
-102.887 -102.303 -115.715 103.975 78.9512 -124.042
-102.366 -101.907 -116.329 104.189 79.1893 -121.528
-101.845 -101.511 -116.93 104.368 79.398 -119.075
-101.322 -101.113 -117.519 104.513 79.5793 -116.68
-100.8 -100.715 -118.097 104.627 79.7351 -114.342
-100.276 -100.316 -118.663 104.711 79.8671 -112.06
-99.7525 -99.9164 -119.218 104.769 79.9772 -109.831
-99.2285 -99.5163 -119.761 104.802 80.0668 -107.654
-98.7045 -99.1157 -120.294 104.811 80.1376 -105.529
-98.1804 -98.7149 -120.817 104.799 80.1908 -103.452
-97.6565 -98.3138 -121.329 104.766 80.2279 -101.424
-97.1327 -97.9126 -121.831 104.715 80.2501 -99.4422
-96.6093 -97.5113 -122.323 104.646 80.2588 -97.5056
-96.0863 -97.11 -122.806 104.561 80.2549 -95.613
-95.5637 -96.7088 -123.279 104.462 80.2398 -93.7631
-95.0417 -96.3076 -123.743 104.348 80.2146 -91.9548
-94.5202 -95.9066 -124.199 104.222 80.1805 -90.187
-93.9994 -95.5058 -124.645 104.084 80.1384 -88.4586
-93.4794 -95.1052 -125.083 103.934 80.0898 -86.7686
-92.9601 -94.7049 -125.513 103.775 80.0359 -85.1161
-92.4416 -94.3049 -125.935 103.606 79.9779 -83.5004
-91.924 -93.9051 -126.348 103.429 79.9174 -81.9207
-91.4073 -93.5057 -126.754 103.243 79.8562 -80.3765
-90.8916 -93.1066 -127.152 103.05 79.7961 -78.8672
-90.3768 -92.7077 -127.542 102.85 79.7396 -77.3926
-89.8631 -92.3091 -127.926 102.641 79.6895 -75.9528
-89.3504 -91.9108 -128.302 102.425 79.6492 -74.5479
-88.8388 -91.5126 -128.671 102.2 79.6232 -73.1788
-88.3284 -91.1145 -129.034 101.962 79.6168 -71.8466
-87.8192 -90.7164 -129.39 101.707 79.6368 -70.5531
-87.3114 -90.3181 -129.739 101.428 79.6903 -69.3009
-86.805 -89.9194 -130.083 101.11 79.7845 -68.0927
-86.3003 -89.5202 -130.42 100.733 79.9222 -66.9307
-85.7978 -89.1201 -130.752 100.272 80.0955 -65.8137
-85.2978 -88.7192 -131.079 99.7031 80.2769 -64.7337
-84.8009 -88.3174 -131.4 99.0248 80.4186 -63.6738
-84.3076 -87.9151 -131.715 98.2737 80.4716 -62.6132
-83.8182 -87.5128 -132.026 97.5121 80.4151 -61.5381
-83.3325 -87.1111 -132.331 96.7934 80.2639 -60.4482
-82.8502 -86.7103 -132.63 96.143 80.0492 -59.3512
-82.371 -86.3107 -132.924 95.562 79.7997 -58.2563
-81.8945 -85.9123 -133.213 95.0407 79.5346 -57.1704
-81.4205 -85.5153 -133.496 94.5668 79.2647 -56.098
-80.9488 -85.1197 -133.774 94.1293 78.9955 -55.0412
-80.4792 -84.7254 -134.046 93.7195 78.7293 -54.0013
-80.0116 -84.3324 -134.314 93.3309 78.4672 -52.9786
-79.5458 -83.9407 -134.576 92.9585 78.2091 -51.9731
-79.082 -83.5503 -134.834 92.5987 77.9549 -50.9847
-78.6198 -83.1611 -135.086 92.2489 77.7042 -50.0129
-78.1595 -82.7732 -135.334 91.9071 77.4566 -49.0573
-77.7008 -82.3866 -135.577 91.5717 77.2117 -48.1177
-77.2437 -82.0011 -135.815 91.2416 76.9691 -47.1934
-76.7883 -81.6169 -136.049 90.9159 76.7286 -46.2842
-76.3346 -81.2338 -136.278 90.5939 76.49 -45.3896
-75.8824 -80.852 -136.502 90.2751 76.2529 -44.5093
-75.4318 -80.4713 -136.723 89.9591 76.0173 -43.6427
-74.9828 -80.0918 -136.939 89.6454 75.7829 -42.7897
-74.5353 -79.7135 -137.151 89.334 75.5497 -41.9498
-74.0895 -79.3363 -137.358 89.0244 75.3176 -41.1227
-73.6451 -78.9603 -137.562 88.7167 75.0865 -40.308
-73.2023 -78.5854 -137.761 88.4105 74.8563 -39.5056
-72.761 -78.2117 -137.957 88.1059 74.6269 -38.715
-72.3212 -77.8391 -138.149 87.8027 74.3983 -37.9359
-71.883 -77.4677 -138.336 87.5009 74.1705 -37.1682
-71.4462 -77.0974 -138.52 87.2004 73.9435 -36.4115
-71.011 -76.7283 -138.7 86.901 73.7172 -35.6656
-70.5772 -76.3603 -138.877 86.6029 73.4916 -34.9302
-70.1449 -75.9934 -139.05 86.306 73.2667 -34.205
-69.7141 -75.6276 -139.219 86.0101 73.0424 -33.49
-69.2848 -75.2629 -139.385 85.7154 72.8188 -32.7847
-68.857 -74.8994 -139.547 85.4218 72.5959 -32.089
-68.4306 -74.537 -139.706 85.1293 72.3737 -31.4027
-68.0057 -74.1757 -139.861 84.8378 72.1521 -30.7256
-67.5822 -73.8155 -140.013 84.5474 71.9312 -30.0575
-67.1602 -73.4564 -140.161 84.258 71.7109 -29.3982
-66.7396 -73.0983 -140.307 83.9696 71.4913 -28.7474
-66.3205 -72.7414 -140.449 83.6823 71.2724 -28.1051
-65.9028 -72.3856 -140.588 83.396 71.0541 -27.471
-65.4865 -72.0309 -140.724 83.1107 70.8365 -26.845
-65.0717 -71.6773 -140.856 82.8264 70.6196 -26.2269
-64.6583 -71.3247 -140.986 82.5431 70.4033 -25.6166
-64.2463 -70.9732 -141.112 82.2608 70.1877 -25.0138
-63.8357 -70.6228 -141.236 81.9796 69.9728 -24.4185
-63.4265 -70.2735 -141.357 81.6993 69.7586 -23.8304
-63.0187 -69.9252 -141.474 81.42 69.5451 -23.2495
-62.6123 -69.578 -141.589 81.1417 69.3322 -22.6756
-62.2073 -69.2319 -141.701 80.8644 69.1201 -22.1085
-61.8036 -68.8868 -141.81 80.5881 68.9087 -21.5482
-61.4014 -68.5428 -141.917 80.3128 68.6979 -20.9944
-61.0005 -68.1999 -142.02 80.0385 68.4879 -20.4472
-60.601 -67.8579 -142.121 79.7651 68.2786 -19.9063
-60.2028 -67.5171 -142.219 79.4927 68.07 -19.3716
-59.8061 -67.1772 -142.315 79.2213 67.8621 -18.843
-59.4106 -66.8384 -142.408 78.9508 67.6549 -18.3204
-59.0166 -66.5007 -142.498 78.6813 67.4485 -17.8037
-58.6238 -66.164 -142.586 78.4128 67.2427 -17.2928
-58.2324 -65.8283 -142.671 78.1452 67.0377 -16.7876
-57.8424 -65.4936 -142.754 77.8786 66.8335 -16.288
-57.4536 -65.1599 -142.834 77.6129 66.6299 -15.7938
-57.0662 -64.8273 -142.911 77.3482 66.4271 -15.305
-56.6802 -64.4957 -142.987 77.0844 66.2251 -14.8215
-56.2954 -64.165 -143.06 76.8216 66.0237 -14.3432
-55.9119 -63.8354 -143.13 76.5597 65.8231 -13.8699
-55.5298 -63.5068 -143.198 76.2987 65.6233 -13.4017
-55.149 -63.1792 -143.264 76.0387 65.4242 -12.9384
-54.7694 -62.8526 -143.328 75.7796 65.2258 -12.48
-54.3912 -62.5269 -143.389 75.5214 65.0282 -12.0263
-54.0142 -62.2023 -143.448 75.2641 64.8313 -11.5774
-53.6385 -61.8786 -143.505 75.0077 64.6352 -11.133
-53.2641 -61.5559 -143.559 74.7523 64.4398 -10.6931
-52.891 -61.2342 -143.612 74.4977 64.2451 -10.2577
-52.5191 -60.9135 -143.662 74.2441 64.0513 -9.82671
-52.1485 -60.5937 -143.71 73.9913 63.8582 -9.40002
-51.7792 -60.2749 -143.756 73.7395 63.6658 -8.97758
-51.4112 -59.957 -143.8 73.4885 63.4742 -8.55932
-51.0443 -59.6401 -143.842 73.2385 63.2833 -8.14518
-50.6788 -59.3242 -143.881 72.9893 63.0932 -7.73509
-50.3144 -59.0092 -143.919 72.741 62.9039 -7.329
-49.9514 -58.6952 -143.955 72.4936 62.7154 -6.92684
-49.5895 -58.3821 -143.988 72.247 62.5276 -6.52855
-49.2289 -58.0699 -144.02 72.0014 62.3405 -6.13409
-48.8695 -57.7587 -144.05 71.7566 62.1543 -5.74339
-48.5113 -57.4483 -144.077 71.5127 61.9688 -5.35641
-48.1544 -57.139 -144.103 71.2696 61.7841 -4.97308
-47.7986 -56.8305 -144.127 71.0274 61.6002 -4.59337
-47.4441 -56.523 -144.149 70.7861 61.4171 -4.21722
-47.0908 -56.2163 -144.169 70.5457 61.2348 -3.84459
-46.7386 -55.9106 -144.187 70.3061 61.0533 -3.47542
-46.3877 -55.6058 -144.204 70.0674 60.8726 -3.10969
-46.038 -55.3019 -144.219 69.8296 60.6927 -2.74734
-45.6894 -54.9989 -144.231 69.5927 60.5136 -2.38833
-45.342 -54.6967 -144.242 69.3566 60.3354 -2.03263
-44.9958 -54.3955 -144.252 69.1214 60.1579 -1.6802
-44.6508 -54.0952 -144.259 68.887 59.9814 -1.331
-44.307 -53.7957 -144.265 68.6536 59.8057 -0.985002
-43.9643 -53.4971 -144.269 68.421 59.6308 -0.642171
-43.6228 -53.1994 -144.271 68.1893 59.4569 -0.30248
-43.2824 -52.9025 -144.272 67.9585 59.2838 0.0341019
-42.9432 -52.6066 -144.271 67.7286 59.1117 0.367599
-42.6051 -52.3114 -144.268 67.4996 58.9405 0.698034
-42.2682 -52.0171 -144.264 67.2715 58.7702 1.02543
-41.9324 -51.7237 -144.258 67.0442 58.6009 1.34981
-41.5977 -51.4311 -144.251 66.8179 58.4326 1.67118
-41.2642 -51.1394 -144.241 66.5925 58.2653 1.98956
-40.9318 -50.8485 -144.231 66.368 58.099 2.30496
-40.6005 -50.5584 -144.218 66.1444 57.9338 2.61739
-40.2704 -50.2691 -144.205 65.9217 57.7697 2.92686
-39.9413 -49.9807 -144.189 65.7 57.6068 3.23336
-39.6134 -49.6931 -144.172 65.4791 57.4449 3.53689
-39.2865 -49.4063 -144.154 65.2592 57.2843 3.83744
-38.9608 -49.1202 -144.134 65.0402 57.1249 4.13501
-38.6361 -48.835 -144.112 64.8221 56.9667 4.42958
-38.3125 -48.5506 -144.09 64.6049 56.8099 4.72113
-37.9901 -48.2669 -144.065 64.3885 56.6543 5.00964
-37.6687 -47.984 -144.039 64.1731 56.5002 5.29506
-37.3483 -47.7019 -144.012 63.9585 56.3474 5.57737
-37.0291 -47.4205 -143.984 63.7447 56.1962 5.85653
-36.7109 -47.1399 -143.954 63.5318 56.0464 6.13248
-36.3938 -46.8601 -143.922 63.3196 55.8981 6.40517
-36.0777 -46.581 -143.89 63.1081 55.7514 6.67454
-35.7627 -46.3026 -143.856 62.8973 55.6063 6.94052
-35.4487 -46.0249 -143.82 62.6872 55.4629 7.20304
-35.1358 -45.7479 -143.784 62.4776 55.321 7.46202
-34.8239 -45.4717 -143.746 62.2685 55.1808 7.71738
-34.5131 -45.1961 -143.706 62.0598 55.0422 7.96903
-34.2033 -44.9213 -143.666 61.8514 54.9053 8.2169
-33.8946 -44.6471 -143.624 61.6432 54.7699 8.46088
-33.5869 -44.3736 -143.581 61.435 54.636 8.70091
-33.2803 -44.1007 -143.537 61.2268 54.5036 8.9369
-32.9746 -43.8285 -143.492 61.0184 54.3725 9.1688
-32.6701 -43.557 -143.446 60.8096 54.2426 9.39656
-32.3665 -43.2861 -143.398 60.6003 54.1138 9.62014
-32.0641 -43.0158 -143.349 60.3904 53.9859 9.83955
-31.7626 -42.7462 -143.3 60.1796 53.8586 10.0548
-31.4623 -42.4773 -143.249 59.9679 53.7318 10.266
-31.163 -42.2089 -143.197 59.7551 53.6052 10.4732
-30.8647 -41.9412 -143.144 59.5411 53.4784 10.6765
-30.5676 -41.6741 -143.09 59.3259 53.3514 10.8761
-30.2715 -41.4077 -143.035 59.1092 53.2236 11.0723
-29.9765 -41.1419 -142.98 58.8913 53.095 11.2653
-29.6826 -40.8767 -142.923 58.6719 52.9652 11.4553
-29.3897 -40.6122 -142.865 58.4513 52.834 11.6427
-29.098 -40.3484 -142.806 58.2294 52.7012 11.8278
-28.8075 -40.0852 -142.747 58.0063 52.5667 12.0109
-28.518 -39.8227 -142.686 57.7823 52.4302 12.1924
-28.2296 -39.5609 -142.625 57.5575 52.2918 12.3726
-27.9424 -39.2998 -142.562 57.332 52.1513 12.5517
-27.6563 -39.0394 -142.499 57.1061 52.0089 12.7301
-27.3713 -38.7797 -142.435 56.88 51.8644 12.908
-27.0875 -38.5208 -142.37 56.6537 51.718 13.0856
-26.8048 -38.2626 -142.304 56.4276 51.5699 13.2631
-26.5232 -38.0051 -142.238 56.2018 51.4199 13.4406
-26.2428 -37.7484 -142.17 55.9765 51.2685 13.6183
-25.9635 -37.4924 -142.101 55.7518 51.1155 13.7962
-25.6853 -37.2372 -142.032 55.5278 50.9613 13.9743
-25.4082 -36.9828 -141.962 55.3047 50.806 14.1528
-25.1322 -36.7292 -141.89 55.0826 50.6496 14.3317
-24.8574 -36.4763 -141.818 54.8614 50.4924 14.5108
-24.5836 -36.2242 -141.745 54.6414 50.3344 14.6902
-24.311 -35.973 -141.671 54.4226 50.1758 14.8699
-24.0394 -35.7225 -141.597 54.2049 50.0168 15.0499
-23.7689 -35.4728 -141.521 53.9884 49.8573 15.23
-23.4995 -35.2239 -141.444 53.7732 49.6976 15.4102
-23.2312 -34.9758 -141.367 53.5592 49.5377 15.5905
-22.9639 -34.7285 -141.288 53.3464 49.3777 15.7707
-22.6977 -34.482 -141.209 53.1349 49.2176 15.951
-22.4326 -34.2364 -141.129 52.9246 49.0575 16.1311
-22.1685 -33.9915 -141.048 52.7155 48.8976 16.3112
-21.9054 -33.7474 -140.966 52.5076 48.7378 16.491
-21.6434 -33.5041 -140.883 52.301 48.5781 16.6705
-21.3824 -33.2616 -140.799 52.0954 48.4187 16.8498
-21.1224 -33.0199 -140.714 51.891 48.2595 17.0287
-20.8635 -32.779 -140.629 51.6878 48.1006 17.2072
-20.6055 -32.5389 -140.542 51.4856 47.942 17.3854
-20.3486 -32.2996 -140.455 51.2845 47.7837 17.5631
-20.0927 -32.0611 -140.367 51.0845 47.6258 17.7403
-19.8378 -31.8233 -140.277 50.8855 47.4683 17.9169
-19.5838 -31.5864 -140.187 50.6875 47.3111 18.0931
-19.3309 -31.3502 -140.097 50.4905 47.1543 18.2687
-19.0789 -31.1148 -140.005 50.2944 46.998 18.4437
-18.828 -30.8802 -139.912 50.0993 46.8421 18.618
-18.5779 -30.6464 -139.819 49.9051 46.6865 18.7918
-18.3289 -30.4134 -139.724 49.7118 46.5315 18.9649
-18.0808 -30.1811 -139.629 49.5194 46.3768 19.1374
-17.8337 -29.9496 -139.533 49.3279 46.2226 19.3091
-17.5875 -29.7189 -139.436 49.1372 46.0689 19.4802
-17.3423 -29.4889 -139.338 48.9473 45.9156 19.6506
-17.0981 -29.2597 -139.239 48.7583 45.7628 19.8203
-16.8547 -29.0313 -139.14 48.57 45.6104 19.9892
-16.6124 -28.8036 -139.039 48.3826 45.4584 20.1574
-16.3709 -28.5767 -138.938 48.1959 45.307 20.3249
-16.1304 -28.3505 -138.836 48.0099 45.156 20.4917
-15.8908 -28.1251 -138.733 47.8247 45.0054 20.6577
-15.6522 -27.9005 -138.63 47.6403 44.8553 20.8229
-15.4144 -27.6766 -138.525 47.4565 44.7057 20.9874
-15.1776 -27.4534 -138.42 47.2735 44.5566 21.1511
-14.9417 -27.231 -138.314 47.0911 44.4079 21.3141
-14.7067 -27.0093 -138.207 46.9095 44.2597 21.4763
-14.4726 -26.7884 -138.099 46.7285 44.1119 21.6377
-14.2394 -26.5682 -137.99 46.5481 43.9646 21.7984
-14.0071 -26.3488 -137.881 46.3685 43.8178 21.9582
-13.7757 -26.13 -137.771 46.1895 43.6715 22.1173
-13.5452 -25.9121 -137.66 46.0111 43.5256 22.2757
-13.3156 -25.6948 -137.548 45.8333 43.3802 22.4332
-13.0869 -25.4783 -137.435 45.6562 43.2353 22.59
-12.859 -25.2624 -137.322 45.4797 43.0909 22.746
-12.6321 -25.0473 -137.208 45.3038 42.9469 22.9012
-12.406 -24.833 -137.093 45.1285 42.8034 23.0556
-12.1808 -24.6193 -136.977 44.9538 42.6604 23.2093
-11.9565 -24.4064 -136.861 44.7797 42.5179 23.3621
-11.733 -24.1941 -136.744 44.6062 42.3758 23.5142
-11.5104 -23.9826 -136.626 44.4333 42.2343 23.6655
-11.2887 -23.7718 -136.507 44.261 42.0932 23.816
-11.0678 -23.5617 -136.388 44.0892 41.9526 23.9658
-10.8478 -23.3523 -136.267 43.918 41.8126 24.1147
-10.6286 -23.1435 -136.146 43.7473 41.673 24.2628
-10.4103 -22.9355 -136.025 43.5772 41.5339 24.4102
-10.1928 -22.7282 -135.902 43.4077 41.3954 24.5567
-9.97622 -22.5216 -135.779 43.2387 41.2573 24.7025
-9.76044 -22.3156 -135.655 43.0703 41.1198 24.8475
-9.54551 -22.1104 -135.531 42.9024 40.9828 24.9916
-9.33142 -21.9058 -135.405 42.7351 40.8463 25.135
-9.11816 -21.7019 -135.279 42.5683 40.7104 25.2775
-8.90574 -21.4987 -135.153 42.402 40.575 25.4192
-8.69414 -21.2962 -135.025 42.2363 40.4401 25.5601
-8.48337 -21.0943 -134.897 42.0711 40.3058 25.7002
-8.27343 -20.8931 -134.768 41.9064 40.172 25.8394
-8.06431 -20.6926 -134.639 41.7423 40.0388 25.9778
-7.85601 -20.4927 -134.508 41.5786 39.9062 26.1153
-7.64852 -20.2935 -134.377 41.4155 39.7741 26.252
-7.44185 -20.095 -134.246 41.2529 39.6426 26.3878
-7.23599 -19.8971 -134.114 41.0908 39.5117 26.5227
-7.03094 -19.6999 -133.981 40.9292 39.3814 26.6567
-6.8267 -19.5033 -133.847 40.7681 39.2516 26.7899
-6.62326 -19.3073 -133.713 40.6075 39.1225 26.9221
-6.42063 -19.112 -133.578 40.4473 38.994 27.0534
-6.21879 -18.9174 -133.442 40.2877 38.8661 27.1837
-6.01775 -18.7234 -133.306 40.1285 38.7388 27.3131
-5.8175 -18.53 -133.169 39.9698 38.6121 27.4415
-5.61805 -18.3373 -133.032 39.8116 38.486 27.5689
-5.41939 -18.1451 -132.893 39.6538 38.3606 27.6953
-5.22151 -17.9537 -132.755 39.4964 38.2358 27.8207
-5.02442 -17.7628 -132.615 39.3395 38.1116 27.945
-4.82812 -17.5725 -132.475 39.183 37.988 28.0682
-4.63259 -17.3829 -132.334 39.0269 37.865 28.1904
-4.43785 -17.1939 -132.193 38.8711 37.7427 28.3114
-4.24388 -17.0055 -132.051 38.7158 37.621 28.4313
-4.05069 -16.8177 -131.909 38.5608 37.4998 28.55
-3.85827 -16.6305 -131.766 38.4061 37.3793 28.6675
-3.66663 -16.4439 -131.622 38.2518 37.2593 28.7839
-3.47575 -16.2579 -131.478 38.0977 37.1399 28.899
-3.28565 -16.0725 -131.333 37.9439 37.0211 29.0128
-3.09631 -15.8877 -131.188 37.7904 36.9027 29.1254
-2.90775 -15.7035 -131.042 37.6371 36.7849 29.2367
-2.71994 -15.5198 -130.896 37.4839 36.6675 29.3467
-2.53291 -15.3368 -130.749 37.3309 36.5505 29.4553
-2.34663 -15.1543 -130.601 37.1781 36.434 29.5627
-2.16113 -14.9724 -130.453 37.0254 36.3178 29.6686
-1.97638 -14.7911 -130.304 36.8727 36.202 29.7733
-1.7924 -14.6104 -130.155 36.7201 36.0864 29.8766
-1.60918 -14.4303 -130.006 36.5674 35.9711 29.9786
-1.42672 -14.2507 -129.855 36.4148 35.8559 30.0792
-1.24503 -14.0717 -129.705 36.2621 35.7409 30.1785
-1.0641 -13.8933 -129.554 36.1093 35.626 30.2765
-0.883941 -13.7155 -129.402 35.9564 35.5111 30.3732
-0.704542 -13.5382 -129.25 35.8033 35.3962 30.4686
-0.525908 -13.3615 -129.097 35.65 35.2812 30.5629
-0.348042 -13.1854 -128.944 35.4966 35.1661 30.6559
-0.170943 -13.0098 -128.791 35.343 35.0508 30.7478
0.00538742 -12.8349 -128.637 35.1891 34.9353 30.8386
0.180947 -12.6605 -128.482 35.0349 34.8195 30.9284
0.355736 -12.4867 -128.327 34.8805 34.7034 31.0172
0.529752 -12.3135 -128.172 34.7259 34.5869 31.1051
0.702994 -12.1408 -128.016 34.5709 34.47 31.1921
0.875461 -11.9688 -127.86 34.4157 34.3526 31.2783
1.04715 -11.7973 -127.704 34.2602 34.2348 31.3637
1.21806 -11.6264 -127.547 34.1044 34.1165 31.4485
1.38819 -11.4561 -127.389 33.9484 33.9977 31.5327
1.55754 -11.2864 -127.231 33.7921 33.8783 31.6163
1.72611 -11.1173 -127.073 33.6355 33.7584 31.6995
1.8939 -10.9488 -126.914 33.4788 33.638 31.7822
2.0609 -10.781 -126.755 33.3218 33.517 31.8646
2.22712 -10.6137 -126.596 33.1647 33.3954 31.9467
2.39255 -10.447 -126.436 33.0074 33.2733 32.0285
2.55719 -10.2809 -126.275 32.8499 33.1507 32.1101
2.72105 -10.1155 -126.115 32.6923 33.0275 32.1915
2.88411 -9.95067 -125.953 32.5346 32.9039 32.2728
3.04639 -9.78646 -125.792 32.3769 32.7797 32.3541
3.20788 -9.62288 -125.63 32.2191 32.6551 32.4352
3.36858 -9.45991 -125.468 32.0613 32.53 32.5163
3.52849 -9.29758 -125.305 31.9034 32.4044 32.5975
3.68762 -9.13587 -125.142 31.7456 32.2785 32.6786
3.84595 -8.97479 -124.978 31.5878 32.1522 32.7597
4.00349 -8.81435 -124.814 31.4301 32.0255 32.841
4.16025 -8.65454 -124.65 31.2724 31.8985 32.9222
4.31622 -8.49536 -124.485 31.1148 31.7712 33.0035
4.4714 -8.33683 -124.32 30.9573 31.6436 33.0849
4.62579 -8.17893 -124.154 30.8 31.5157 33.1664
4.7794 -8.02167 -123.988 30.6428 31.3876 33.248
4.93222 -7.86505 -123.821 30.4857 31.2593 33.3296
5.08425 -7.70908 -123.655 30.3287 31.1307 33.4113
5.23551 -7.55375 -123.487 30.172 31.002 33.493
5.38597 -7.39906 -123.32 30.0154 30.8731 33.5749
5.53566 -7.24502 -123.152 29.859 30.7441 33.6568
5.68457 -7.09162 -122.983 29.7028 30.615 33.7387
5.83269 -6.93887 -122.814 29.5468 30.4857 33.8207
5.98003 -6.78676 -122.645 29.391 30.3564 33.9028
6.1266 -6.6353 -122.475 29.2354 30.2269 33.9848
6.27239 -6.48449 -122.305 29.08 30.0974 34.0669
6.4174 -6.33433 -122.134 28.9249 29.9679 34.149
6.56164 -6.18481 -121.964 28.7699 29.8383 34.2311
6.7051 -6.03594 -121.792 28.6152 29.7087 34.3132
6.84779 -5.88773 -121.62 28.4607 29.5791 34.3953
6.98971 -5.74015 -121.448 28.3065 29.4494 34.4774
7.13085 -5.59323 -121.276 28.1524 29.3198 34.5594
7.27123 -5.44696 -121.103 27.9986 29.1901 34.6414
7.41084 -5.30133 -120.929 27.845 29.0605 34.7233
7.54968 -5.15635 -120.755 27.6917 28.9309 34.8052
7.68776 -5.01202 -120.581 27.5386 28.8013 34.8871
7.82507 -4.86834 -120.406 27.3856 28.6718 34.9688
7.96161 -4.7253 -120.231 27.233 28.5423 35.0505
8.0974 -4.58292 -120.056 27.0805 28.4129 35.132
8.23242 -4.44117 -119.88 26.9283 28.2835 35.2135
8.36668 -4.30008 -119.704 26.7763 28.1541 35.2949
8.50018 -4.15963 -119.527 26.6245 28.0248 35.3761
8.63293 -4.01983 -119.35 26.4729 27.8956 35.4573
8.76491 -3.88068 -119.173 26.3215 27.7664 35.5383
8.89614 -3.74217 -118.995 26.1704 27.6373 35.6192
9.02662 -3.6043 -118.816 26.0194 27.5083 35.6999
9.15634 -3.46709 -118.638 25.8687 27.3793 35.7805
9.2853 -3.33051 -118.459 25.7182 27.2504 35.861
9.41352 -3.19458 -118.279 25.5679 27.1216 35.9413
9.54098 -3.0593 -118.099 25.4177 26.9928 36.0214
9.66769 -2.92465 -117.919 25.2678 26.8642 36.1014
9.79366 -2.79065 -117.738 25.1181 26.7356 36.1812
9.91888 -2.6573 -117.557 24.9686 26.6071 36.2608
10.0433 -2.52458 -117.376 24.8192 26.4786 36.3403
10.1671 -2.39251 -117.194 24.6701 26.3503 36.4196
10.29 -2.26108 -117.011 24.5211 26.222 36.4987
10.4123 -2.13029 -116.829 24.3723 26.0938 36.5776
10.5338 -2.00014 -116.646 24.2237 25.9657 36.6563
10.6545 -1.87063 -116.462 24.0753 25.8376 36.7348
10.7745 -1.74177 -116.278 23.927 25.7097 36.8131
10.8938 -1.61354 -116.094 23.779 25.5818 36.8913
11.0123 -1.48595 -115.909 23.6311 25.454 36.9692
11.1301 -1.359 -115.724 23.4833 25.3262 37.0469
11.2471 -1.23269 -115.539 23.3358 25.1986 37.1244
11.3635 -1.10701 -115.353 23.1884 25.071 37.2017
11.479 -0.981975 -115.167 23.0411 24.9435 37.2788
11.5939 -0.857576 -114.98 22.894 24.8161 37.3556
11.708 -0.733814 -114.793 22.7471 24.6888 37.4323
11.8213 -0.610688 -114.606 22.6003 24.5615 37.5087
11.934 -0.488199 -114.418 22.4537 24.4343 37.5849
12.0459 -0.366345 -114.23 22.3072 24.3072 37.6609
12.157 -0.245127 -114.042 22.1609 24.1801 37.7367
12.2675 -0.124544 -113.853 22.0147 24.0531 37.8122
12.3772 -0.00459569 -113.663 21.8687 23.9262 37.8876
12.4862 0.114718 -113.474 21.7228 23.7994 37.9626
12.5944 0.233398 -113.284 21.577 23.6726 38.0375
12.7019 0.351445 -113.093 21.4314 23.5459 38.1121
12.8087 0.468858 -112.903 21.2859 23.4193 38.1865
12.9148 0.585638 -112.712 21.1405 23.2927 38.2607
13.0201 0.701786 -112.52 20.9953 23.1662 38.3347
13.1248 0.817301 -112.328 20.8502 23.0398 38.4084
13.2286 0.932184 -112.136 20.7052 22.9134 38.4818
13.3318 1.04644 -111.943 20.5603 22.7871 38.5551
13.4342 1.16006 -111.75 20.4156 22.6609 38.6281
13.536 1.27304 -111.557 20.271 22.5347 38.7009
13.637 1.3854 -111.363 20.1265 22.4086 38.7734
13.7372 1.49713 -111.169 19.9821 22.2825 38.8457
13.8368 1.60823 -110.975 19.8378 22.1565 38.9178
13.9356 1.71869 -110.78 19.6937 22.0305 38.9896
14.0337 1.82853 -110.585 19.5496 21.9046 39.0612
14.1311 1.93774 -110.39 19.4057 21.7787 39.1326
14.2278 2.04632 -110.194 19.2618 21.6529 39.2037
14.3237 2.15427 -109.998 19.1181 21.5272 39.2746
14.419 2.26159 -109.801 18.9744 21.4015 39.3452
14.5135 2.36828 -109.604 18.8309 21.2758 39.4156
14.6073 2.47435 -109.407 18.6875 21.1502 39.4858
14.7003 2.57979 -109.209 18.5441 21.0247 39.5558
14.7927 2.6846 -109.011 18.4009 20.8991 39.6255
14.8843 2.78878 -108.813 18.2577 20.7737 39.6949
14.9753 2.89233 -108.614 18.1147 20.6482 39.7641
15.0655 2.99526 -108.415 17.9717 20.5229 39.8331
15.155 3.09756 -108.216 17.8288 20.3975 39.9019
15.2438 3.19924 -108.016 17.686 20.2722 39.9704
15.3319 3.30028 -107.816 17.5433 20.1469 40.0387
15.4192 3.40071 -107.616 17.4006 20.0217 40.1067
15.5059 3.5005 -107.415 17.2581 19.8965 40.1745
15.5918 3.59967 -107.214 17.1156 19.7713 40.2421
15.677 3.69821 -107.013 16.9732 19.6462 40.3094
15.7615 3.79613 -106.811 16.8309 19.5211 40.3765
15.8453 3.89343 -106.609 16.6886 19.3961 40.4434
15.9284 3.99009 -106.407 16.5464 19.271 40.51
16.0108 4.08614 -106.204 16.4043 19.146 40.5764
16.0925 4.18155 -106.001 16.2623 19.0211 40.6425
16.1734 4.27635 -105.798 16.1203 18.8961 40.7085
