100 50 -125 0 0 49
99.9998 49.9999 -124.755 -0.0641719 -0.0457909 49.0075
99.9994 49.9995 -124.51 -0.128363 -0.0915921 49.0149
99.9986 49.999 -124.265 -0.192574 -0.137404 49.0223
99.9974 49.9982 -124.02 -0.256805 -0.183226 49.0296
99.996 49.9971 -123.775 -0.321055 -0.229059 49.0368
99.9942 49.9959 -123.529 -0.385326 -0.274902 49.0441
99.9921 49.9944 -123.284 -0.449616 -0.320756 49.0512
99.9897 49.9927 -123.039 -0.513927 -0.366621 49.0583
99.987 49.9907 -122.794 -0.578258 -0.412497 49.0654
99.9839 49.9885 -122.548 -0.642609 -0.458383 49.0724
99.9806 49.9861 -122.303 -0.706981 -0.504281 49.0793
99.9769 49.9835 -122.057 -0.771374 -0.550189 49.0862
99.9729 49.9806 -121.812 -0.835787 -0.596109 49.093
99.9685 49.9775 -121.566 -0.900222 -0.64204 49.0998
99.9639 49.9742 -121.321 -0.964677 -0.687982 49.1066
99.9589 49.9707 -121.075 -1.02915 -0.733935 49.1132
99.9536 49.9669 -120.83 -1.09365 -0.7799 49.1199
99.9479 49.9629 -120.584 -1.15817 -0.825876 49.1264
99.942 49.9586 -120.339 -1.22271 -0.871863 49.133
99.9357 49.9541 -120.093 -1.28728 -0.917862 49.1394
99.9291 49.9494 -119.847 -1.35186 -0.963873 49.1458
99.9222 49.9445 -119.601 -1.41647 -1.0099 49.1522
99.9149 49.9393 -119.356 -1.4811 -1.05593 49.1585
99.9074 49.9339 -119.11 -1.54575 -1.10197 49.1648
99.8995 49.9283 -118.864 -1.61042 -1.14803 49.171
99.8913 49.9225 -118.618 -1.67512 -1.1941 49.1771
99.8827 49.9164 -118.372 -1.73983 -1.24018 49.1832
99.8739 49.9101 -118.126 -1.80458 -1.28628 49.1893
99.8647 49.9035 -117.88 -1.86934 -1.33238 49.1953
99.8552 49.8967 -117.634 -1.93413 -1.3785 49.2012
99.8453 49.8897 -117.388 -1.99894 -1.42463 49.2071
99.8352 49.8825 -117.142 -2.06377 -1.47077 49.213
99.8247 49.875 -116.896 -2.12863 -1.51693 49.2187
99.8139 49.8673 -116.65 -2.19351 -1.5631 49.2245
99.8028 49.8594 -116.404 -2.25841 -1.60927 49.2302
99.7913 49.8512 -116.158 -2.32334 -1.65547 49.2358
99.7795 49.8428 -115.912 -2.38829 -1.70167 49.2414
99.7674 49.8342 -115.665 -2.45327 -1.74789 49.2469
99.755 49.8254 -115.419 -2.51827 -1.79412 49.2524
99.7423 49.8163 -115.173 -2.5833 -1.84036 49.2578
99.7292 49.807 -114.927 -2.64835 -1.88662 49.2632
99.7158 49.7974 -114.68 -2.71342 -1.93289 49.2685
99.702 49.7876 -114.434 -2.77852 -1.97917 49.2737
99.688 49.7776 -114.187 -2.84364 -2.02547 49.2789
99.6736 49.7674 -113.941 -2.90879 -2.07177 49.2841
99.6589 49.7569 -113.695 -2.97397 -2.11809 49.2892
99.6439 49.7462 -113.448 -3.03917 -2.16443 49.2943
99.6285 49.7353 -113.202 -3.10439 -2.21078 49.2993
99.6128 49.7241 -112.955 -3.16965 -2.25714 49.3042
99.5968 49.7127 -112.709 -3.23492 -2.30351 49.3091
99.5805 49.701 -112.462 -3.30023 -2.3499 49.314
99.5638 49.6892 -112.215 -3.36555 -2.3963 49.3188
99.5468 49.6771 -111.969 -3.43091 -2.44272 49.3235
99.5295 49.6648 -111.722 -3.49629 -2.48915 49.3282
99.5119 49.6522 -111.476 -3.5617 -2.53559 49.3328
99.4939 49.6394 -111.229 -3.62714 -2.58205 49.3374
99.4756 49.6264 -110.982 -3.6926 -2.62852 49.342
99.457 49.6131 -110.735 -3.75809 -2.675 49.3464
99.438 49.5996 -110.489 -3.8236 -2.7215 49.3509
99.4187 49.5859 -110.242 -3.88915 -2.76802 49.3553
99.3991 49.5719 -109.995 -3.95472 -2.81454 49.3596
99.3792 49.5578 -109.748 -4.02032 -2.86109 49.3639
99.3589 49.5433 -109.502 -4.08594 -2.90764 49.3681
99.3383 49.5287 -109.255 -4.1516 -2.95421 49.3723
99.3174 49.5138 -109.008 -4.21728 -3.0008 49.3764
99.2961 49.4987 -108.761 -4.28299 -3.04739 49.3805
99.2746 49.4833 -108.514 -4.34873 -3.09401 49.3845
99.2527 49.4677 -108.267 -4.4145 -3.14064 49.3884
99.2304 49.4519 -108.02 -4.4803 -3.18728 49.3924
99.2078 49.4359 -107.773 -4.54612 -3.23394 49.3962
99.185 49.4196 -107.526 -4.61198 -3.28061 49.4
99.1617 49.4031 -107.279 -4.67786 -3.3273 49.4038
99.1382 49.3863 -107.032 -4.74378 -3.374 49.4075
99.1143 49.3693 -106.785 -4.80972 -3.42071 49.4112
99.0901 49.3521 -106.538 -4.87569 -3.46745 49.4148
99.0655 49.3346 -106.291 -4.9417 -3.51419 49.4183
99.0407 49.3169 -106.044 -5.00773 -3.56096 49.4218
99.0155 49.299 -105.797 -5.07379 -3.60773 49.4253
98.9899 49.2809 -105.55 -5.13989 -3.65453 49.4287
98.9641 49.2625 -105.302 -5.20601 -3.70134 49.432
98.9379 49.2439 -105.055 -5.27217 -3.74816 49.4353
98.9113 49.225 -104.808 -5.33836 -3.795 49.4386
98.8845 49.2059 -104.561 -5.40457 -3.84185 49.4418
98.8573 49.1866 -104.314 -5.47082 -3.88872 49.4449
98.8298 49.167 -104.066 -5.5371 -3.93561 49.448
98.8019 49.1472 -103.819 -5.60341 -3.98251 49.4511
98.7737 49.1272 -103.572 -5.66976 -4.02943 49.4541
98.7452 49.1069 -103.325 -5.73613 -4.07636 49.457
98.7164 49.0864 -103.077 -5.80254 -4.12331 49.4599
98.6872 49.0657 -102.83 -5.86898 -4.17028 49.4627
98.6577 49.0447 -102.583 -5.93546 -4.21726 49.4655
98.6278 49.0235 -102.335 -6.00196 -4.26426 49.4683
98.5977 49.0021 -102.088 -6.0685 -4.31127 49.4709
98.5672 48.9804 -101.841 -6.13507 -4.3583 49.4736
98.5363 48.9585 -101.593 -6.20168 -4.40534 49.4762
98.5051 48.9364 -101.346 -6.26832 -4.45241 49.4787
98.4736 48.914 -101.099 -6.33499 -4.49949 49.4812
98.4418 48.8914 -100.851 -6.40169 -4.54658 49.4836
98.4096 48.8685 -100.604 -6.46844 -4.59369 49.486
98.3771 48.8454 -100.356 -6.53521 -4.64082 49.4883
98.3443 48.8221 -100.109 -6.60202 -4.68797 49.4906
98.3111 48.7985 -99.8614 -6.66886 -4.73513 49.4928
98.2776 48.7748 -99.6139 -6.73574 -4.78231 49.495
98.2437 48.7507 -99.3664 -6.80266 -4.8295 49.4972
98.2095 48.7265 -99.1189 -6.86961 -4.87671 49.4992
98.175 48.702 -98.8714 -6.93659 -4.92394 49.5013
98.1402 48.6772 -98.6239 -7.00361 -4.97119 49.5032
98.105 48.6522 -98.3764 -7.07067 -5.01845 49.5052
98.0695 48.627 -98.1288 -7.13776 -5.06573 49.5071
98.0336 48.6016 -97.8813 -7.20489 -5.11303 49.5089
97.9974 48.5759 -97.6338 -7.27205 -5.16034 49.5107
97.9609 48.55 -97.3862 -7.33926 -5.20767 49.5124
97.924 48.5238 -97.1386 -7.40649 -5.25502 49.5141
97.8868 48.4974 -96.8911 -7.47377 -5.30239 49.5157
97.8493 48.4708 -96.6435 -7.54108 -5.34977 49.5173
97.8114 48.4439 -96.3959 -7.60844 -5.39717 49.5188
97.7732 48.4168 -96.1483 -7.67583 -5.44459 49.5203
97.7347 48.3895 -95.9007 -7.74325 -5.49203 49.5217
97.6958 48.3619 -95.6531 -7.81072 -5.53948 49.5231
97.6566 48.3341 -95.4055 -7.87822 -5.58696 49.5244
97.617 48.306 -95.1578 -7.94577 -5.63444 49.5257
97.5771 48.2778 -94.9102 -8.01335 -5.68195 49.5269
97.5369 48.2492 -94.6626 -8.08097 -5.72948 49.5281
97.4963 48.2205 -94.4149 -8.14863 -5.77702 49.5292
97.4554 48.1915 -94.1673 -8.21633 -5.82458 49.5303
97.4141 48.1622 -93.9196 -8.28407 -5.87216 49.5313
97.3725 48.1327 -93.672 -8.35185 -5.91976 49.5323
97.3306 48.103 -93.4243 -8.41967 -5.96737 49.5333
97.2883 48.0731 -93.1766 -8.48753 -6.015 49.5341
97.2457 48.0429 -92.9289 -8.55544 -6.06266 49.535
97.2028 48.0124 -92.6813 -8.62338 -6.11033 49.5358
97.1595 47.9818 -92.4336 -8.69137 -6.15801 49.5365
97.1159 47.9509 -92.1859 -8.75939 -6.20572 49.5372
97.0719 47.9197 -91.9382 -8.82746 -6.25344 49.5378
97.0276 47.8883 -91.6905 -8.89557 -6.30119 49.5384
96.9829 47.8567 -91.4428 -8.96373 -6.34895 49.5389
96.938 47.8248 -91.1951 -9.03192 -6.39673 49.5394
96.8926 47.7927 -90.9474 -9.10016 -6.44453 49.5399
96.847 47.7604 -90.6997 -9.16845 -6.49234 49.5403
96.8009 47.7278 -90.452 -9.23677 -6.54018 49.5406
96.7546 47.695 -90.2043 -9.30514 -6.58803 49.5409
96.7079 47.6619 -89.9566 -9.37356 -6.63591 49.5412
96.6609 47.6286 -89.7089 -9.44202 -6.6838 49.5414
96.6135 47.5951 -89.4612 -9.51052 -6.73171 49.5415
96.5657 47.5613 -89.2135 -9.57907 -6.77964 49.5416
96.5177 47.5273 -88.9658 -9.64766 -6.82759 49.5417
96.4693 47.493 -88.7181 -9.7163 -6.87555 49.5417
96.4205 47.4585 -88.4704 -9.78499 -6.92354 49.5417
96.3714 47.4238 -88.2227 -9.85372 -6.97154 49.5416
96.322 47.3888 -87.975 -9.9225 -7.01957 49.5414
96.2722 47.3536 -87.7273 -9.99133 -7.06761 49.5413
96.2221 47.3181 -87.4796 -10.0602 -7.11567 49.541
96.1716 47.2824 -87.2318 -10.1291 -7.16376 49.5408
96.1208 47.2465 -86.9841 -10.1981 -7.21186 49.5404
96.0696 47.2103 -86.7364 -10.2671 -7.25998 49.5401
96.0181 47.1739 -86.4887 -10.3362 -7.30811 49.5396
95.9663 47.1372 -86.241 -10.4053 -7.35627 49.5392
95.9141 47.1003 -85.9934 -10.4744 -7.40445 49.5387
95.8615 47.0632 -85.7457 -10.5437 -7.45265 49.5381
95.8086 47.0258 -85.498 -10.6129 -7.50086 49.5375
95.7554 46.9882 -85.2503 -10.6822 -7.5491 49.5369
95.7018 46.9503 -85.0026 -10.7516 -7.59735 49.5362
95.6479 46.9122 -84.7549 -10.821 -7.64562 49.5354
95.5936 46.8739 -84.5072 -10.8905 -7.69392 49.5346
95.539 46.8353 -84.2596 -10.96 -7.74223 49.5338
95.484 46.7964 -84.0119 -11.0296 -7.79056 49.5329
95.4287 46.7574 -83.7642 -11.0992 -7.83891 49.532
95.373 46.7181 -83.5166 -11.1689 -7.88728 49.531
95.317 46.6785 -83.2689 -11.2386 -7.93567 49.53
95.2606 46.6387 -83.0213 -11.3084 -7.98408 49.5289
95.2039 46.5987 -82.7737 -11.3782 -8.03251 49.5278
95.1468 46.5584 -82.526 -11.4481 -8.08096 49.5267
95.0894 46.5178 -82.2784 -11.518 -8.12943 49.5255
95.0316 46.4771 -82.0308 -11.588 -8.17791 49.5242
94.9735 46.4361 -81.7831 -11.6581 -8.22642 49.5229
94.9151 46.3948 -81.5355 -11.7282 -8.27495 49.5216
94.8562 46.3533 -81.2879 -11.7984 -8.32349 49.5202
94.7971 46.3116 -81.0403 -11.8686 -8.37206 49.5188
94.7376 46.2696 -80.7927 -11.9389 -8.42064 49.5173
94.6777 46.2274 -80.5452 -12.0092 -8.46925 49.5158
94.6175 46.1849 -80.2976 -12.0796 -8.51787 49.5143
94.5569 46.1422 -80.05 -12.1501 -8.56651 49.5127
94.496 46.0992 -79.8025 -12.2206 -8.61517 49.511
94.4347 46.056 -79.5549 -12.2912 -8.66386 49.5093
94.3731 46.0126 -79.3074 -12.3618 -8.71256 49.5076
94.3111 45.9689 -79.0598 -12.4325 -8.76128 49.5058
94.2487 45.925 -78.8123 -12.5033 -8.81002 49.504
94.186 45.8808 -78.5648 -12.5741 -8.85877 49.5022
94.123 45.8364 -78.3173 -12.645 -8.90755 49.5003
94.0596 45.7917 -78.0698 -12.716 -8.95635 49.4983
93.9958 45.7468 -77.8223 -12.787 -9.00517 49.4963
93.9317 45.7017 -77.5748 -12.8581 -9.054 49.4943
93.8672 45.6563 -77.3274 -12.9292 -9.10286 49.4923
93.8024 45.6107 -77.0799 -13.0004 -9.15173 49.4901
93.7372 45.5648 -76.8325 -13.0717 -9.20062 49.488
93.6717 45.5187 -76.585 -13.143 -9.24953 49.4858
93.6058 45.4723 -76.3376 -13.2144 -9.29846 49.4836
93.5396 45.4257 -76.0902 -13.2859 -9.34741 49.4813
93.473 45.3788 -75.8428 -13.3575 -9.39638 49.479
93.406 45.3317 -75.5954 -13.4291 -9.44537 49.4766
93.3387 45.2844 -75.348 -13.5008 -9.49437 49.4742
93.271 45.2368 -75.1006 -13.5725 -9.5434 49.4718
93.2029 45.1889 -74.8533 -13.6444 -9.59244 49.4693
93.1345 45.1408 -74.606 -13.7163 -9.6415 49.4668
93.0658 45.0925 -74.3586 -13.7882 -9.69058 49.4643
92.9967 45.0439 -74.1113 -13.8603 -9.73968 49.4617
92.9272 44.9951 -73.864 -13.9324 -9.78879 49.4591
92.8573 44.946 -73.6167 -14.0046 -9.83793 49.4564
92.7871 44.8967 -73.3694 -14.0769 -9.88708 49.4537
92.7166 44.8472 -73.1222 -14.1493 -9.93625 49.4509
92.6456 44.7974 -72.8749 -14.2217 -9.98544 49.4481
92.5743 44.7473 -72.6277 -14.2942 -10.0346 49.4453
92.5027 44.697 -72.3805 -14.3668 -10.0839 49.4425
92.4307 44.6465 -72.1333 -14.4395 -10.1331 49.4396
92.3583 44.5957 -71.8861 -14.5122 -10.1824 49.4366
92.2856 44.5447 -71.6389 -14.585 -10.2316 49.4337
92.2124 44.4934 -71.3918 -14.658 -10.2809 49.4307
92.139 44.4419 -71.1446 -14.731 -10.3302 49.4276
92.0651 44.3901 -70.8975 -14.804 -10.3796 49.4245
91.9909 44.3381 -70.6504 -14.8772 -10.4289 49.4214
91.9164 44.2858 -70.4033 -14.9505 -10.4783 49.4183
91.8414 44.2333 -70.1562 -15.0238 -10.5276 49.4151
91.7661 44.1805 -69.9091 -15.0973 -10.577 49.4119
91.6905 44.1275 -69.6621 -15.1708 -10.6264 49.4086
91.6144 44.0742 -69.415 -15.2444 -10.6759 49.4053
91.538 44.0207 -69.168 -15.3181 -10.7253 49.402
91.4612 43.967 -68.921 -15.3919 -10.7748 49.3986
91.3841 43.913 -68.674 -15.4658 -10.8242 49.3952
91.3066 43.8588 -68.4271 -15.5398 -10.8737 49.3918
91.2287 43.8043 -68.1801 -15.6139 -10.9232 49.3883
91.1504 43.7495 -67.9332 -15.6881 -10.9727 49.3848
91.0718 43.6945 -67.6863 -15.7624 -11.0222 49.3813
90.9928 43.6393 -67.4394 -15.8368 -11.0718 49.3777
90.9134 43.5838 -67.1925 -15.9113 -11.1213 49.3741
90.8337 43.5281 -66.9456 -15.9859 -11.1709 49.3705
90.7536 43.4721 -66.6988 -16.0606 -11.2205 49.3668
90.6731 43.4159 -66.4519 -16.1354 -11.2701 49.3631
90.5922 43.3594 -66.2051 -16.2103 -11.3197 49.3594
90.511 43.3027 -65.9584 -16.2854 -11.3693 49.3557
90.4294 43.2457 -65.7116 -16.3605 -11.419 49.3519
90.3474 43.1885 -65.4648 -16.4358 -11.4686 49.348
90.265 43.131 -65.2181 -16.5111 -11.5183 49.3442
90.1823 43.0733 -64.9714 -16.5866 -11.5679 49.3403
90.0992 43.0153 -64.7247 -16.6622 -11.6176 49.3363
90.0157 42.9571 -64.478 -16.7379 -11.6673 49.3324
89.9318 42.8987 -64.2314 -16.8138 -11.717 49.3284
89.8475 42.84 -63.9847 -16.8898 -11.7667 49.3244
89.7629 42.781 -63.7381 -16.9658 -11.8164 49.3203
89.6779 42.7218 -63.4915 -17.0421 -11.8661 49.3162
89.5925 42.6623 -63.245 -17.1184 -11.9159 49.3121
89.5067 42.6026 -62.9984 -17.1949 -11.9656 49.3079
89.4205 42.5427 -62.7519 -17.2715 -12.0154 49.3037
89.334 42.4825 -62.5054 -17.3483 -12.0651 49.2995
89.247 42.422 -62.2589 -17.4251 -12.1149 49.2952
89.1597 42.3613 -62.0124 -17.5022 -12.1647 49.291
89.072 42.3004 -61.766 -17.5793 -12.2145 49.2866
88.9839 42.2392 -61.5196 -17.6566 -12.2642 49.2823
88.8954 42.1777 -61.2732 -17.7341 -12.314 49.2779
88.8066 42.1161 -61.0268 -17.8117 -12.3638 49.2734
88.7173 42.0541 -60.7804 -17.8894 -12.4136 49.269
88.6277 41.9919 -60.5341 -17.9673 -12.4634 49.2645
88.5376 41.9295 -60.2878 -18.0454 -12.5132 49.2599
88.4472 41.8668 -60.0415 -18.1236 -12.563 49.2553
88.3564 41.8038 -59.7952 -18.202 -12.6128 49.2507
88.2652 41.7407 -59.549 -18.2805 -12.6626 49.246
88.1736 41.6772 -59.3028 -18.3592 -12.7125 49.2413
88.0816 41.6135 -59.0566 -18.4381 -12.7623 49.2366
87.9892 41.5496 -58.8104 -18.5171 -12.8121 49.2318
87.8964 41.4854 -58.5643 -18.5963 -12.8619 49.227
87.8033 41.421 -58.3181 -18.6757 -12.9117 49.2221
87.7097 41.3563 -58.072 -18.7553 -12.9615 49.2172
87.6157 41.2914 -57.826 -18.835 -13.0113 49.2122
87.5213 41.2262 -57.5799 -18.9149 -13.0611 49.2072
87.4266 41.1608 -57.3339 -18.995 -13.1109 49.2021
87.3314 41.0951 -57.0879 -19.0753 -13.1607 49.197
87.2358 41.0291 -56.8419 -19.1558 -13.2105 49.1918
87.1398 40.963 -56.596 -19.2365 -13.2602 49.1866
87.0434 40.8965 -56.3501 -19.3173 -13.31 49.1813
86.9467 40.8299 -56.1042 -19.3984 -13.3598 49.1759
86.8495 40.7629 -55.8583 -19.4797 -13.4095 49.1705
86.7519 40.6958 -55.6125 -19.5612 -13.4593 49.165
86.6538 40.6284 -55.3666 -19.6428 -13.509 49.1595
86.5554 40.5607 -55.1209 -19.7247 -13.5587 49.1539
86.4566 40.4928 -54.8751 -19.8068 -13.6084 49.1482
86.3574 40.4246 -54.6294 -19.8892 -13.6581 49.1424
86.2577 40.3562 -54.3837 -19.9717 -13.7078 49.1366
86.1576 40.2875 -54.138 -20.0544 -13.7575 49.1307
86.0572 40.2186 -53.8924 -20.1374 -13.8071 49.1247
85.9563 40.1494 -53.6468 -20.2206 -13.8568 49.1186
85.855 40.08 -53.4012 -20.3041 -13.9064 49.1124
85.7532 40.0104 -53.1556 -20.3877 -13.956 49.1061
85.6511 39.9405 -52.9101 -20.4716 -14.0056 49.0997
85.5485 39.8703 -52.6646 -20.5557 -14.0552 49.0932
85.4455 39.7999 -52.4192 -20.6401 -14.1047 49.0866
85.3421 39.7293 -52.1738 -20.7247 -14.1543 49.0799
85.2383 39.6584 -51.9284 -20.8095 -14.2038 49.0731
85.134 39.5872 -51.683 -20.8946 -14.2533 49.0662
85.0293 39.5159 -51.4377 -20.9799 -14.3027 49.0591
84.9242 39.4442 -51.1925 -21.0655 -14.3522 49.0519
84.8187 39.3723 -50.9472 -21.1513 -14.4016 49.0445
84.7127 39.3002 -50.702 -21.2374 -14.451 49.037
84.6063 39.2278 -50.4568 -21.3237 -14.5004 49.0294
84.4995 39.1552 -50.2117 -21.4102 -14.5498 49.0216
84.3922 39.0823 -49.9666 -21.497 -14.5991 49.0137
84.2845 39.0092 -49.7216 -21.584 -14.6484 49.0055
84.1764 38.9358 -49.4766 -21.6713 -14.6977 48.9973
84.0678 38.8622 -49.2316 -21.7588 -14.7469 48.9888
83.9588 38.7884 -48.9867 -21.8466 -14.7961 48.9801
83.8493 38.7143 -48.7418 -21.9346 -14.8453 48.9713
83.7394 38.6399 -48.497 -22.0229 -14.8945 48.9622
83.6291 38.5653 -48.2522 -22.1114 -14.9437 48.953
83.5183 38.4905 -48.0074 -22.2001 -14.9928 48.9435
83.4071 38.4154 -47.7628 -22.2891 -15.0419 48.9339
83.2954 38.3401 -47.5181 -22.3783 -15.0909 48.9239
83.1833 38.2645 -47.2735 -22.4677 -15.14 48.9138
83.0707 38.1887 -47.029 -22.5574 -15.189 48.9034
82.9577 38.1126 -46.7845 -22.6472 -15.238 48.8928
82.8443 38.0363 -46.54 -22.7373 -15.2869 48.8819
82.7304 37.9597 -46.2957 -22.8276 -15.3359 48.8708
82.616 37.8829 -46.0513 -22.9181 -15.3848 48.8594
82.5012 37.8059 -45.8071 -23.0089 -15.4336 48.8477
82.3859 37.7286 -45.5629 -23.0998 -15.4825 48.8358
82.2702 37.6511 -45.3187 -23.1909 -15.5313 48.8236
82.154 37.5733 -45.0746 -23.2821 -15.5802 48.811
82.0374 37.4953 -44.8306 -23.3736 -15.629 48.7982
81.9203 37.417 -44.5866 -23.4652 -15.6777 48.7851
81.8027 37.3385 -44.3427 -23.557 -15.7265 48.7717
81.6847 37.2597 -44.0989 -23.6489 -15.7752 48.7579
81.5662 37.1807 -43.8552 -23.741 -15.8239 48.7439
81.4473 37.1015 -43.6115 -23.8332 -15.8726 48.7295
81.3279 37.022 -43.3679 -23.9255 -15.9213 48.7148
81.208 36.9423 -43.1243 -24.018 -15.97 48.6998
81.0877 36.8623 -42.8809 -24.1105 -16.0187 48.6844
80.9669 36.7821 -42.6375 -24.2032 -16.0673 48.6687
80.8457 36.7016 -42.3942 -24.2959 -16.116 48.6527
80.724 36.6209 -42.151 -24.3888 -16.1646 48.6363
80.6018 36.54 -41.9078 -24.4817 -16.2132 48.6196
80.4791 36.4588 -41.6648 -24.5746 -16.2619 48.6025
80.356 36.3774 -41.4218 -24.6676 -16.3105 48.5851
80.2325 36.2957 -41.1789 -24.7607 -16.3591 48.5674
80.1084 36.2138 -40.9361 -24.8538 -16.4077 48.5493
79.9839 36.1316 -40.6934 -24.9469 -16.4564 48.5308
79.859 36.0492 -40.4508 -25.04 -16.505 48.5121
79.7335 35.9666 -40.2083 -25.1331 -16.5536 48.4929
79.6076 35.8837 -39.9659 -25.2261 -16.6023 48.4735
79.4813 35.8005 -39.7236 -25.3192 -16.6509 48.4536
79.3544 35.7172 -39.4814 -25.4123 -16.6996 48.4335
79.2271 35.6335 -39.2392 -25.5052 -16.7483 48.413
79.0994 35.5497 -38.9972 -25.5982 -16.797 48.3922
78.9712 35.4656 -38.7553 -25.6911 -16.8457 48.371
78.8425 35.3812 -38.5135 -25.7839 -16.8944 48.3495
78.7133 35.2966 -38.2718 -25.8767 -16.9432 48.3277
78.5837 35.2118 -38.0302 -25.9693 -16.9919 48.3056
78.4536 35.1267 -37.7888 -26.0619 -17.0407 48.2832
78.3231 35.0414 -37.5474 -26.1544 -17.0895 48.2604
78.1921 34.9558 -37.3062 -26.2468 -17.1384 48.2374
78.0606 34.87 -37.065 -26.3391 -17.1872 48.214
77.9287 34.7839 -36.824 -26.4312 -17.2361 48.1904
77.7963 34.6976 -36.5831 -26.5232 -17.285 48.1664
77.6635 34.6111 -36.3424 -26.6151 -17.334 48.1422
77.5302 34.5243 -36.1017 -26.7069 -17.383 48.1177
77.3964 34.4373 -35.8612 -26.7986 -17.432 48.093
77.2622 34.35 -35.6208 -26.89 -17.481 48.0679
77.1275 34.2624 -35.3805 -26.9814 -17.5301 48.0426
76.9924 34.1747 -35.1403 -27.0726 -17.5792 48.0171
76.8568 34.0867 -34.9003 -27.1636 -17.6283 47.9913
76.7207 33.9984 -34.6604 -27.2545 -17.6775 47.9652
76.5842 33.9099 -34.4207 -27.3453 -17.7267 47.9389
76.4473 33.8211 -34.181 -27.4358 -17.776 47.9124
76.3099 33.7321 -33.9416 -27.5262 -17.8253 47.8856
76.172 33.6429 -33.7022 -27.6165 -17.8746 47.8587
76.0337 33.5534 -33.463 -27.7066 -17.924 47.8315
75.8949 33.4636 -33.2239 -27.7965 -17.9734 47.8041
75.7557 33.3736 -32.9849 -27.8863 -18.0228 47.7764
75.6161 33.2834 -32.7461 -27.9759 -18.0723 47.7486
75.476 33.1929 -32.5074 -28.0653 -18.1218 47.7206
75.3354 33.1022 -32.2689 -28.1546 -18.1714 47.6924
75.1944 33.0112 -32.0305 -28.2437 -18.221 47.664
75.053 32.92 -31.7923 -28.3327 -18.2707 47.6354
74.9111 32.8285 -31.5542 -28.4215 -18.3204 47.6066
74.7688 32.7368 -31.3162 -28.5101 -18.3701 47.5777
74.626 32.6448 -31.0784 -28.5986 -18.4199 47.5485
74.4828 32.5526 -30.8407 -28.6869 -18.4697 47.5192
74.3391 32.4601 -30.6032 -28.7751 -18.5196 47.4898
74.195 32.3674 -30.3658 -28.8631 -18.5695 47.4601
74.0505 32.2744 -30.1286 -28.9509 -18.6194 47.4303
73.9055 32.1812 -29.8915 -29.0387 -18.6694 47.4004
73.7601 32.0877 -29.6546 -29.1262 -18.7195 47.3703
73.6143 31.994 -29.4178 -29.2137 -18.7695 47.34
73.468 31.9 -29.1812 -29.301 -18.8197 47.3096
73.3213 31.8058 -28.9447 -29.3882 -18.8698 47.279
73.1741 31.7113 -28.7084 -29.4752 -18.9201 47.2482
73.0265 31.6166 -28.4722 -29.5621 -18.9703 47.2174
72.8785 31.5216 -28.2362 -29.6489 -19.0207 47.1863
72.73 31.4264 -28.0004 -29.7355 -19.071 47.1551
72.5811 31.3309 -27.7647 -29.8221 -19.1214 47.1238
72.4318 31.2352 -27.5291 -29.9085 -19.1719 47.0924
72.282 31.1392 -27.2937 -29.9948 -19.2224 47.0607
72.1319 31.0429 -27.0585 -30.081 -19.273 47.029
71.9812 30.9465 -26.8235 -30.1671 -19.3236 46.9971
71.8302 30.8497 -26.5886 -30.253 -19.3743 46.965
71.6787 30.7527 -26.3538 -30.3389 -19.425 46.9329
71.5268 30.6555 -26.1192 -30.4247 -19.4757 46.9005
71.3745 30.558 -25.8848 -30.5104 -19.5266 46.8681
71.2217 30.4602 -25.6505 -30.596 -19.5775 46.8354
71.0685 30.3622 -25.4164 -30.6815 -19.6284 46.8027
70.9149 30.2639 -25.1825 -30.767 -19.6794 46.7698
70.7608 30.1654 -24.9487 -30.8523 -19.7304 46.7368
70.6064 30.0666 -24.7151 -30.9376 -19.7815 46.7036
70.4515 29.9676 -24.4817 -31.0228 -19.8327 46.6702
70.2961 29.8683 -24.2484 -31.1079 -19.884 46.6368
70.1404 29.7687 -24.0153 -31.193 -19.9352 46.6032
69.9842 29.6689 -23.7824 -31.2779 -19.9866 46.5694
69.8276 29.5689 -23.5496 -31.3629 -20.038 46.5355
69.6706 29.4685 -23.3171 -31.4478 -20.0895 46.5014
69.5131 29.368 -23.0846 -31.5326 -20.1411 46.4672
69.3552 29.2671 -22.8524 -31.6173 -20.1927 46.4329
69.1969 29.166 -22.6203 -31.7021 -20.2444 46.3984
69.0382 29.0647 -22.3884 -31.7867 -20.2962 46.3638
68.8791 28.9631 -22.1567 -31.8714 -20.348 46.329
68.7195 28.8612 -21.9251 -31.9559 -20.3999 46.294
68.5595 28.7591 -21.6937 -32.0405 -20.4519 46.2589
68.3991 28.6567 -21.4625 -32.125 -20.504 46.2237
68.2383 28.554 -21.2315 -32.2095 -20.5561 46.1883
68.077 28.4511 -21.0006 -32.294 -20.6084 46.1527
67.9153 28.348 -20.77 -32.3784 -20.6607 46.117
67.7532 28.2445 -20.5395 -32.4628 -20.7131 46.0812
67.5907 28.1408 -20.3092 -32.5472 -20.7655 46.0452
67.4278 28.0369 -20.079 -32.6316 -20.8181 46.009
67.2644 27.9326 -19.8491 -32.7159 -20.8708 45.9727
67.1006 27.8282 -19.6193 -32.8003 -20.9235 45.9362
66.9364 27.7234 -19.3897 -32.8846 -20.9763 45.8995
66.7717 27.6184 -19.1603 -32.9689 -21.0293 45.8627
66.6067 27.5131 -18.9311 -33.0532 -21.0823 45.8258
66.4412 27.4076 -18.702 -33.1375 -21.1354 45.7887
66.2753 27.3018 -18.4732 -33.2219 -21.1886 45.7514
66.109 27.1957 -18.2445 -33.3062 -21.2419 45.7139
65.9423 27.0893 -18.016 -33.3905 -21.2953 45.6763
65.7751 26.9827 -17.7878 -33.4748 -21.3488 45.6386
65.6075 26.8759 -17.5597 -33.5592 -21.4025 45.6007
65.4395 26.7687 -17.3318 -33.6435 -21.4562 45.5626
65.2711 26.6613 -17.104 -33.7279 -21.51 45.5243
65.1022 26.5536 -16.8765 -33.8123 -21.5639 45.4859
64.9329 26.4457 -16.6492 -33.8967 -21.618 45.4473
64.7633 26.3374 -16.422 -33.9811 -21.6721 45.4086
64.5931 26.2289 -16.1951 -34.0655 -21.7264 45.3697
64.4226 26.1202 -15.9683 -34.15 -21.7808 45.3306
64.2516 26.0111 -15.7418 -34.2344 -21.8353 45.2914
64.0803 25.9018 -15.5154 -34.319 -21.8899 45.252
63.9084 25.7922 -15.2893 -34.4035 -21.9446 45.2124
63.7362 25.6824 -15.0633 -34.4881 -21.9994 45.1727
63.5636 25.5722 -14.8375 -34.5727 -22.0544 45.1328
63.3905 25.4618 -14.612 -34.6573 -22.1095 45.0928
63.217 25.3511 -14.3866 -34.742 -22.1647 45.0525
63.0431 25.2402 -14.1614 -34.8267 -22.22 45.0121
62.8687 25.1289 -13.9365 -34.9115 -22.2754 44.9716
62.694 25.0174 -13.7117 -34.9963 -22.331 44.9309
62.5188 24.9056 -13.4872 -35.0811 -22.3867 44.89
62.3431 24.7936 -13.2628 -35.166 -22.4425 44.8489
62.1671 24.6812 -13.0387 -35.2509 -22.4985 44.8077
61.9906 24.5686 -12.8148 -35.3359 -22.5545 44.7663
61.8137 24.4557 -12.591 -35.4209 -22.6107 44.7248
61.6364 24.3425 -12.3675 -35.506 -22.6671 44.6831
61.4587 24.229 -12.1442 -35.5911 -22.7235 44.6412
61.2805 24.1152 -11.9211 -35.6763 -22.7801 44.5992
61.1019 24.0012 -11.6982 -35.7615 -22.8369 44.5569
60.9229 23.8869 -11.4755 -35.8468 -22.8937 44.5146
60.7435 23.7722 -11.2531 -35.9322 -22.9507 44.472
60.5636 23.6574 -11.0308 -36.0176 -23.0078 44.4293
60.3833 23.5422 -10.8088 -36.103 -23.0651 44.3865
60.2025 23.4267 -10.5869 -36.1886 -23.1225 44.3434
60.0214 23.3109 -10.3653 -36.2741 -23.18 44.3002
59.8398 23.1949 -10.1439 -36.3598 -23.2377 44.2568
59.6578 23.0786 -9.92276 -36.4455 -23.2955 44.2133
59.4754 22.9619 -9.7018 -36.5313 -23.3534 44.1696
59.2925 22.845 -9.48107 -36.6171 -23.4115 44.1257
59.1092 22.7278 -9.26055 -36.7031 -23.4697 44.0817
58.9255 22.6103 -9.04025 -36.789 -23.5281 44.0375
58.7413 22.4925 -8.82017 -36.8751 -23.5865 43.9931
58.5567 22.3745 -8.60032 -36.9612 -23.6452 43.9486
58.3717 22.2561 -8.38069 -37.0474 -23.7039 43.9039
58.1862 22.1374 -8.16128 -37.1337 -23.7628 43.8591
58.0003 22.0185 -7.94209 -37.22 -23.8219 43.814
57.814 21.8992 -7.72314 -37.3064 -23.881 43.7688
57.6273 21.7797 -7.50441 -37.3929 -23.9404 43.7235
57.4401 21.6598 -7.2859 -37.4795 -23.9998 43.678
57.2525 21.5397 -7.06763 -37.5661 -24.0594 43.6323
57.0644 21.4192 -6.84958 -37.6528 -24.1191 43.5864
56.876 21.2985 -6.63176 -37.7396 -24.179 43.5404
56.687 21.1774 -6.41418 -37.8265 -24.239 43.4942
56.4977 21.0561 -6.19682 -37.9135 -24.2992 43.4478
56.3079 20.9344 -5.9797 -38.0005 -24.3594 43.4013
56.1177 20.8125 -5.76281 -38.0876 -24.4199 43.3546
55.927 20.6902 -5.54615 -38.1748 -24.4804 43.3078
55.7359 20.5677 -5.32973 -38.2621 -24.5411 43.2607
55.5444 20.4448 -5.11354 -38.3495 -24.602 43.2135
55.3524 20.3217 -4.89759 -38.4369 -24.663 43.1662
55.16 20.1982 -4.68188 -38.5245 -24.7241 43.1186
54.9672 20.0744 -4.46641 -38.6121 -24.7853 43.0709
54.7739 19.9503 -4.25117 -38.6998 -24.8467 43.023
54.5802 19.826 -4.03618 -38.7876 -24.9083 42.975
54.386 19.7013 -3.82142 -38.8755 -24.9699 42.9268
54.1914 19.5763 -3.60691 -38.9634 -25.0317 42.8784
53.9964 19.4509 -3.39264 -39.0515 -25.0937 42.8298
53.8009 19.3253 -3.17861 -39.1396 -25.1558 42.7811
53.605 19.1994 -2.96483 -39.2278 -25.218 42.7322
53.4087 19.0731 -2.75129 -39.3162 -25.2804 42.6831
53.2118 18.9466 -2.538 -39.4046 -25.3429 42.6339
53.0146 18.8197 -2.32495 -39.4931 -25.4055 42.5844
52.8169 18.6925 -2.11215 -39.5817 -25.4683 42.5348
52.6188 18.565 -1.8996 -39.6704 -25.5312 42.4851
52.4202 18.4372 -1.6873 -39.7591 -25.5942 42.4351
52.2212 18.3091 -1.47525 -39.848 -25.6574 42.385
52.0217 18.1806 -1.26345 -39.937 -25.7207 42.3347
51.8218 18.0519 -1.05191 -40.026 -25.7842 42.2842
51.6215 17.9228 -0.840611 -40.1152 -25.8478 42.2335
51.4207 17.7934 -0.62957 -40.2044 -25.9115 42.1827
51.2194 17.6637 -0.418784 -40.2938 -25.9754 42.1317
51.0177 17.5336 -0.208253 -40.3832 -26.0394 42.0805
50.8156 17.4033 0.00202061 -40.4728 -26.1035 42.0291
50.613 17.2726 0.212037 -40.5624 -26.1678 41.9775
50.41 17.1416 0.421796 -40.6521 -26.2322 41.9258
50.2065 17.0103 0.631295 -40.742 -26.2967 41.8738
50.0026 16.8786 0.840534 -40.8319 -26.3614 41.8217
49.7982 16.7467 1.04951 -40.9219 -26.4262 41.7694
49.5933 16.6144 1.25823 -41.012 -26.4911 41.7169
49.388 16.4818 1.46668 -41.1022 -26.5562 41.6643
49.1823 16.3488 1.67487 -41.1926 -26.6214 41.6114
48.9761 16.2155 1.8828 -41.283 -26.6867 41.5584
48.7695 16.082 2.09045 -41.3735 -26.7522 41.5051
48.5624 15.948 2.29785 -41.4641 -26.8178 41.4517
48.3548 15.8138 2.50497 -41.5548 -26.8835 41.3981
48.1468 15.6792 2.71183 -41.6457 -26.9494 41.3443
47.9384 15.5443 2.91841 -41.7366 -27.0154 41.2902
47.7295 15.409 3.12473 -41.8276 -27.0816 41.2361
47.5201 15.2735 3.33077 -41.9187 -27.1478 41.1817
47.3103 15.1376 3.53655 -42.01 -27.2142 41.1271
47.1 15.0013 3.74205 -42.1013 -27.2808 41.0723
46.8893 14.8648 3.94727 -42.1927 -27.3474 41.0173
46.6781 14.7278 4.15222 -42.2843 -27.4142 40.9621
46.4664 14.5906 4.35689 -42.3759 -27.4812 40.9067
46.2543 14.453 4.56129 -42.4677 -27.5482 40.8511
46.0418 14.3151 4.7654 -42.5595 -27.6154 40.7954
45.8287 14.1769 4.96924 -42.6515 -27.6827 40.7394
45.6152 14.0383 5.1728 -42.7436 -27.7502 40.6832
45.4013 13.8994 5.37607 -42.8357 -27.8178 40.6268
45.1869 13.7601 5.57906 -42.928 -27.8855 40.5702
44.972 13.6205 5.78177 -43.0204 -27.9533 40.5134
44.7567 13.4806 5.9842 -43.1129 -28.0213 40.4563
44.5409 13.3403 6.18634 -43.2055 -28.0894 40.3991
44.3246 13.1997 6.38819 -43.2982 -28.1577 40.3417
44.1079 13.0587 6.58975 -43.391 -28.2261 40.284
43.8907 12.9174 6.79103 -43.4839 -28.2946 40.2261
43.6731 12.7758 6.99201 -43.577 -28.3632 40.1681
43.4549 12.6338 7.19271 -43.6701 -28.432 40.1098
43.2364 12.4915 7.39311 -43.7634 -28.5009 40.0513
43.0173 12.3488 7.59322 -43.8567 -28.5699 39.9925
42.7978 12.2058 7.79304 -43.9502 -28.6391 39.9336
42.5778 12.0624 7.99256 -44.0438 -28.7084 39.8744
42.3574 11.9187 8.19178 -44.1375 -28.7778 39.815
42.1364 11.7746 8.39071 -44.2313 -28.8473 39.7554
41.915 11.6302 8.58934 -44.3252 -28.917 39.6956
41.6932 11.4855 8.78766 -44.4192 -28.9868 39.6355
41.4708 11.3403 8.98569 -44.5134 -29.0568 39.5753
41.248 11.1949 9.18342 -44.6076 -29.1269 39.5147
41.0248 11.0491 9.38084 -44.702 -29.1971 39.454
40.801 10.9029 9.57796 -44.7964 -29.2674 39.393
40.5768 10.7564 9.77477 -44.891 -29.3379 39.3318
40.3521 10.6095 9.97127 -44.9857 -29.4085 39.2704
40.1269 10.4623 10.1675 -45.0806 -29.4793 39.2087
39.9013 10.3147 10.3634 -45.1755 -29.5502 39.1469
39.6752 10.1668 10.5589 -45.2705 -29.6212 39.0847
39.4486 10.0185 10.7542 -45.3657 -29.6923 39.0223
39.2215 9.86989 10.9492 -45.461 -29.7636 38.9597
38.994 9.72089 11.1438 -45.5564 -29.835 38.8969
38.766 9.57154 11.3381 -45.6519 -29.9065 38.8338
38.5375 9.42183 11.5321 -45.7475 -29.9782 38.7705
38.3085 9.27176 11.7258 -45.8433 -30.05 38.7069
38.079 9.12133 11.9192 -45.9391 -30.1219 38.6431
37.8491 8.97054 12.1123 -46.0351 -30.194 38.579
37.6187 8.81939 12.305 -46.1312 -30.2662 38.5147
37.3878 8.66788 12.4974 -46.2275 -30.3386 38.4501
37.1564 8.516 12.6895 -46.3238 -30.4111 38.3853
36.9246 8.36377 12.8813 -46.4203 -30.4837 38.3202
36.6922 8.21117 13.0727 -46.5168 -30.5564 38.2549
36.4594 8.0582 13.2638 -46.6135 -30.6293 38.1893
36.2261 7.90487 13.4546 -46.7104 -30.7023 38.1234
35.9923 7.75118 13.6451 -46.8073 -30.7755 38.0573
35.758 7.59712 13.8352 -46.9044 -30.8488 37.991
35.5232 7.44269 14.025 -47.0015 -30.9222 37.9243
35.288 7.2879 14.2144 -47.0989 -30.9958 37.8574
35.0523 7.13273 14.4035 -47.1963 -31.0695 37.7903
34.816 6.9772 14.5923 -47.2938 -31.1433 37.7229
34.5793 6.8213 14.7808 -47.3915 -31.2173 37.6552
34.3421 6.66503 14.9689 -47.4893 -31.2914 37.5872
34.1044 6.50839 15.1566 -47.5872 -31.3656 37.519
33.8662 6.35137 15.3441 -47.6853 -31.44 37.4505
33.6276 6.19399 15.5311 -47.7835 -31.5145 37.3817
33.3884 6.03623 15.7179 -47.8818 -31.5892 37.3126
33.1487 5.8781 15.9043 -47.9802 -31.664 37.2433
32.9086 5.71959 16.0903 -48.0787 -31.7389 37.1737
32.668 5.56071 16.276 -48.1774 -31.814 37.1038
32.4268 5.40145 16.4613 -48.2762 -31.8892 37.0336
32.1852 5.24181 16.6463 -48.3752 -31.9645 36.9632
31.9431 5.0818 16.831 -48.4742 -32.04 36.8924
31.7005 4.92141 17.0153 -48.5734 -32.1157 36.8214
31.4573 4.76065 17.1992 -48.6727 -32.1914 36.75
31.2137 4.5995 17.3828 -48.7722 -32.2674 36.6784
30.9696 4.43797 17.566 -48.8717 -32.3434 36.6065
30.725 4.27607 17.7488 -48.9714 -32.4196 36.5343
30.4799 4.11378 17.9313 -49.0713 -32.4959 36.4618
30.2343 3.95111 18.1134 -49.1712 -32.5724 36.389
29.9882 3.78805 18.2952 -49.2713 -32.649 36.3159
29.7416 3.62462 18.4766 -49.3716 -32.7258 36.2425
29.4945 3.46079 18.6576 -49.4719 -32.8027 36.1688
29.2469 3.29659 18.8383 -49.5724 -32.8797 36.0947
28.9988 3.132 19.0186 -49.673 -32.9569 36.0204
28.7501 2.96702 19.1985 -49.7738 -33.0343 35.9458
28.501 2.80165 19.378 -49.8747 -33.1117 35.8708
28.2514 2.6359 19.5572 -49.9757 -33.1894 35.7955
28.0013 2.46976 19.736 -50.0768 -33.2671 35.72
27.7506 2.30323 19.9144 -50.1781 -33.345 35.6441
27.4995 2.13631 20.0924 -50.2795 -33.4231 35.5679
27.2478 1.969 20.2701 -50.3811 -33.5013 35.4913
26.9957 1.8013 20.4473 -50.4828 -33.5796 35.4144
26.743 1.6332 20.6242 -50.5846 -33.6581 35.3373
26.4898 1.46472 20.8007 -50.6866 -33.7367 35.2597
26.2361 1.29584 20.9768 -50.7887 -33.8155 35.1819
25.9819 1.12656 21.1525 -50.8909 -33.8945 35.1037
25.7272 0.956891 21.3279 -50.9933 -33.9735 35.0252
25.472 0.786826 21.5028 -51.0958 -34.0528 34.9464
25.2163 0.616364 21.6773 -51.1984 -34.1321 34.8672
24.96 0.445504 21.8515 -51.3012 -34.2117 34.7876
24.7033 0.274247 22.0252 -51.4042 -34.2913 34.7078
24.446 0.102591 22.1985 -51.5072 -34.3711 34.6276
24.1882 -0.0694646 22.3715 -51.6104 -34.4511 34.547
23.9299 -0.24192 22.544 -51.7138 -34.5312 34.4661
23.671 -0.414777 22.7161 -51.8173 -34.6115 34.3848
23.4117 -0.588035 22.8879 -51.9209 -34.6919 34.3032
23.1518 -0.761696 23.0592 -52.0246 -34.7725 34.2213
22.8915 -0.93576 23.2301 -52.1286 -34.8532 34.1389
22.6305 -1.11023 23.4006 -52.2326 -34.9341 34.0563
22.3691 -1.2851 23.5706 -52.3368 -35.0151 33.9732
22.1072 -1.46038 23.7403 -52.4411 -35.0963 33.8898
21.8447 -1.63606 23.9095 -52.5456 -35.1776 33.806
21.5817 -1.81216 24.0784 -52.6502 -35.2591 33.7219
21.3182 -1.98866 24.2468 -52.755 -35.3407 33.6374
21.0542 -2.16556 24.4147 -52.8599 -35.4225 33.5525
20.7896 -2.34288 24.5823 -52.965 -35.5045 33.4672
20.5245 -2.52061 24.7494 -53.0701 -35.5866 33.3816
20.2589 -2.69875 24.9161 -53.1755 -35.6688 33.2956
19.9928 -2.8773 25.0824 -53.281 -35.7512 33.2092
19.7261 -3.05626 25.2482 -53.3866 -35.8338 33.1224
19.4589 -3.23563 25.4136 -53.4924 -35.9165 33.0352
19.1912 -3.41542 25.5785 -53.5983 -35.9994 32.9477
18.9229 -3.59563 25.7431 -53.7044 -36.0824 32.8597
18.6541 -3.77625 25.9071 -53.8106 -36.1656 32.7713
18.3848 -3.95728 26.0708 -53.917 -36.249 32.6826
18.115 -4.13874 26.234 -54.0235 -36.3325 32.5934
17.8446 -4.32061 26.3967 -54.1302 -36.4162 32.5039
17.5737 -4.5029 26.559 -54.237 -36.5 32.4139
17.3022 -4.68561 26.7208 -54.3439 -36.584 32.3236
17.0302 -4.86874 26.8822 -54.4511 -36.6681 32.2328
16.7577 -5.05229 27.0432 -54.5583 -36.7524 32.1416
16.4846 -5.23626 27.2037 -54.6657 -36.8369 32.05
16.211 -5.42066 27.3637 -54.7733 -36.9215 31.958
15.9369 -5.60548 27.5232 -54.881 -37.0063 31.8655
15.6622 -5.79072 27.6823 -54.9889 -37.0912 31.7727
15.387 -5.97639 27.841 -55.0969 -37.1764 31.6794
15.1113 -6.16249 27.9991 -55.2051 -37.2616 31.5857
14.835 -6.34901 28.1568 -55.3134 -37.3471 31.4915
14.5581 -6.53596 28.314 -55.4219 -37.4327 31.3969
14.2807 -6.72333 28.4708 -55.5305 -37.5184 31.3019
14.0028 -6.91114 28.6271 -55.6393 -37.6044 31.2065
13.7244 -7.09938 28.7828 -55.7482 -37.6905 31.1105
13.4453 -7.28805 28.9382 -55.8573 -37.7767 31.0142
13.1658 -7.47715 29.093 -55.9665 -37.8632 30.9174
12.8857 -7.66668 29.2473 -56.0759 -37.9498 30.8201
12.605 -7.85664 29.4012 -56.1855 -38.0365 30.7224
12.3238 -8.04704 29.5546 -56.2952 -38.1234 30.6243
12.0421 -8.23788 29.7074 -56.4051 -38.2105 30.5257
11.7598 -8.42915 29.8598 -56.5151 -38.2978 30.4266
11.4769 -8.62086 30.0117 -56.6253 -38.3852 30.327
11.1935 -8.813 30.1631 -56.7356 -38.4728 30.227
10.9096 -9.00558 30.314 -56.8461 -38.5606 30.1265
10.6251 -9.19861 30.4644 -56.9567 -38.6485 30.0255
10.34 -9.39207 30.6142 -57.0675 -38.7366 29.9241
10.0544 -9.58597 30.7636 -57.1785 -38.8249 29.8221
9.76821 -9.78032 30.9124 -57.2896 -38.9133 29.7197
9.48148 -9.97511 31.0608 -57.4009 -39.002 29.6168
9.1942 -10.1703 31.2086 -57.5123 -39.0908 29.5134
8.90636 -10.366 31.3559 -57.6239 -39.1797 29.4095
8.61796 -10.5621 31.5027 -57.7357 -39.2688 29.3051
8.329 -10.7587 31.649 -57.8476 -39.3582 29.2003
8.03949 -10.9557 31.7947 -57.9597 -39.4476 29.0949
7.74941 -11.1532 31.9399 -58.0719 -39.5373 28.989
7.45877 -11.3511 32.0846 -58.1843 -39.6271 28.8825
7.16756 -11.5495 32.2287 -58.2969 -39.7171 28.7756
6.8758 -11.7483 32.3724 -58.4096 -39.8073 28.6682
6.58347 -11.9475 32.5154 -58.5225 -39.8976 28.5602
6.29057 -12.1472 32.658 -58.6355 -39.9882 28.4517
5.99711 -12.3474 32.7999 -58.7487 -40.0789 28.3427
5.70309 -12.548 32.9414 -58.8621 -40.1698 28.2331
5.40849 -12.7491 33.0823 -58.9756 -40.2608 28.123
5.11333 -12.9506 33.2226 -59.0893 -40.3521 28.0124
4.8176 -13.1526 33.3624 -59.2031 -40.4435 27.9012
4.5213 -13.3551 33.5016 -59.3172 -40.5351 27.7895
4.22443 -13.558 33.6403 -59.4313 -40.6268 27.6772
3.92698 -13.7613 33.7784 -59.5457 -40.7188 27.5644
3.62897 -13.9652 33.9159 -59.6602 -40.8109 27.451
3.33038 -14.1694 34.0529 -59.7748 -40.9032 27.3371
3.03122 -14.3742 34.1893 -59.8897 -40.9957 27.2226
2.73149 -14.5794 34.3251 -60.0047 -41.0884 27.1075
2.43117 -14.7851 34.4604 -60.1198 -41.1812 26.9918
2.13029 -14.9912 34.5951 -60.2352 -41.2742 26.8756
1.82882 -15.1978 34.7291 -60.3507 -41.3674 26.7588
1.52678 -15.4049 34.8626 -60.4663 -41.4608 26.6414
1.22416 -15.6124 34.9956 -60.5821 -41.5544 26.5234
0.920959 -15.8204 35.1279 -60.6981 -41.6482 26.4048
0.617178 -16.0289 35.2596 -60.8143 -41.7421 26.2856
0.312816 -16.2379 35.3907 -60.9306 -41.8362 26.1659
0.0078719 -16.4473 35.5213 -61.0471 -41.9306 26.0455
-0.297655 -16.6572 35.6512 -61.1637 -42.025 25.9245
-0.603765 -16.8675 35.7805 -61.2805 -42.1197 25.8029
-0.91046 -17.0784 35.9092 -61.3975 -42.2146 25.6806
-1.21774 -17.2897 36.0373 -61.5147 -42.3096 25.5578
-1.52561 -17.5015 36.1648 -61.632 -42.4049 25.4343
-1.83406 -17.7137 36.2917 -61.7494 -42.5003 25.3102
-2.1431 -17.9265 36.4179 -61.8671 -42.5959 25.1855
-2.45273 -18.1397 36.5435 -61.9849 -42.6917 25.0601
-2.76295 -18.3534 36.6685 -62.1029 -42.7877 24.934
-3.07376 -18.5676 36.7929 -62.221 -42.8838 24.8074
-3.38516 -18.7822 36.9166 -62.3393 -42.9802 24.68
-3.69715 -18.9974 37.0397 -62.4578 -43.0767 24.552
-4.00974 -19.213 37.1621 -62.5765 -43.1735 24.4234
-4.32292 -19.4291 37.2839 -62.6953 -43.2704 24.294
-4.63669 -19.6457 37.405 -62.8142 -43.3675 24.164
-4.95106 -19.8628 37.5255 -62.9334 -43.4648 24.0334
-5.26603 -20.0803 37.6454 -63.0527 -43.5623 23.902
-5.58159 -20.2984 37.7645 -63.1722 -43.66 23.77
-5.89775 -20.5169 37.8831 -63.2918 -43.7578 23.6372
-6.21451 -20.736 38.0009 -63.4116 -43.8559 23.5038
-6.53186 -20.9555 38.1181 -63.5316 -43.9541 23.3696
-6.84982 -21.1755 38.2346 -63.6517 -44.0526 23.2348
-7.16838 -21.396 38.3505 -63.772 -44.1512 23.0992
-7.48754 -21.617 38.4656 -63.8925 -44.25 22.963
-7.80731 -21.8385 38.5801 -64.0131 -44.349 22.826
-8.12767 -22.0605 38.6939 -64.1339 -44.4482 22.6882
-8.44865 -22.283 38.807 -64.2549 -44.5476 22.5498
-8.77022 -22.506 38.9194 -64.376 -44.6472 22.4106
-9.09241 -22.7295 39.0311 -64.4973 -44.747 22.2706
-9.4152 -22.9535 39.1421 -64.6188 -44.847 22.1299
-9.7386 -23.1779 39.2524 -64.7404 -44.9471 21.9885
-10.0626 -23.4029 39.362 -64.8622 -45.0475 21.8463
-10.3872 -23.6284 39.4708 -64.9842 -45.148 21.7033
-10.7124 -23.8544 39.579 -65.1063 -45.2488 21.5595
-11.0383 -24.0809 39.6864 -65.2286 -45.3497 21.415
-11.3647 -24.3079 39.7931 -65.351 -45.4508 21.2697
-11.6918 -24.5354 39.8991 -65.4736 -45.5522 21.1236
-12.0195 -24.7634 40.0044 -65.5964 -45.6537 20.9767
-12.3478 -24.992 40.1089 -65.7193 -45.7554 20.829
-12.6767 -25.221 40.2127 -65.8424 -45.8573 20.6805
-13.0062 -25.4505 40.3157 -65.9657 -45.9594 20.5312
-13.3363 -25.6806 40.418 -66.0891 -46.0617 20.381
-13.6671 -25.9111 40.5195 -66.2127 -46.1642 20.2301
-13.9984 -26.1422 40.6203 -66.3364 -46.2668 20.0783
-14.3304 -26.3738 40.7203 -66.4603 -46.3697 19.9257
-14.663 -26.6059 40.8195 -66.5843 -46.4728 19.7722
-14.9963 -26.8385 40.918 -66.7085 -46.576 19.6178
-15.3301 -27.0717 41.0157 -66.8329 -46.6795 19.4627
-15.6646 -27.3053 41.1126 -66.9574 -46.7831 19.3066
-15.9997 -27.5395 41.2088 -67.0821 -46.8869 19.1497
-16.3354 -27.7742 41.3041 -67.2069 -46.991 18.9919
-16.6718 -28.0094 41.3987 -67.3319 -47.0952 18.8332
-17.0087 -28.2452 41.4925 -67.4571 -47.1996 18.6737
-17.3463 -28.4814 41.5854 -67.5824 -47.3042 18.5132
-17.6846 -28.7182 41.6776 -67.7078 -47.409 18.3518
-18.0234 -28.9555 41.769 -67.8334 -47.514 18.1896
-18.3629 -29.1933 41.8595 -67.9592 -47.6192 18.0264
-18.703 -29.4317 41.9492 -68.0851 -47.7246 17.8622
-19.0438 -29.6706 42.0381 -68.2111 -47.8302 17.6972
-19.3851 -29.91 42.1262 -68.3373 -47.9359 17.5312
-19.7271 -30.1499 42.2134 -68.4636 -48.0419 17.3643
-20.0698 -30.3904 42.2998 -68.5901 -48.148 17.1964
-20.413 -30.6314 42.3854 -68.7168 -48.2543 17.0275
-20.7569 -30.873 42.4701 -68.8435 -48.3609 16.8577
-21.1015 -31.115 42.554 -68.9704 -48.4676 16.6869
-21.4466 -31.3576 42.637 -69.0975 -48.5745 16.5151
-21.7924 -31.6008 42.7191 -69.2247 -48.6816 16.3423
-22.1389 -31.8445 42.8004 -69.352 -48.7889 16.1685
-22.486 -32.0887 42.8808 -69.4795 -48.8963 15.9938
-22.8337 -32.3334 42.9603 -69.6071 -49.004 15.818
-23.182 -32.5787 43.039 -69.7349 -49.1118 15.6411
-23.531 -32.8245 43.1167 -69.8628 -49.2199 15.4633
-23.8807 -33.0709 43.1936 -69.9908 -49.3281 15.2844
-24.2309 -33.3178 43.2696 -70.1189 -49.4365 15.1044
-24.5819 -33.5653 43.3447 -70.2472 -49.5451 14.9234
-24.9334 -33.8133 43.4188 -70.3756 -49.6539 14.7414
-25.2856 -34.0618 43.4921 -70.5041 -49.7628 14.5582
-25.6384 -34.3109 43.5644 -70.6327 -49.872 14.374
-25.9919 -34.5605 43.6358 -70.7615 -49.9813 14.1887
-26.3461 -34.8107 43.7063 -70.8904 -50.0908 14.0023
-26.7008 -35.0614 43.7758 -71.0194 -50.2005 13.8148
-27.0563 -35.3127 43.8444 -71.1485 -50.3104 13.6261
-27.4123 -35.5645 43.9121 -71.2778 -50.4204 13.4364
-27.769 -35.8169 43.9788 -71.4071 -50.5307 13.2455
-28.1264 -36.0698 44.0445 -71.5366 -50.6411 13.0534
-28.4844 -36.3233 44.1093 -71.6661 -50.7516 12.8602
-28.8431 -36.5774 44.1732 -71.7958 -50.8624 12.6658
-29.2024 -36.832 44.236 -71.9256 -50.9733 12.4703
-29.5623 -37.0871 44.2979 -72.0555 -51.0844 12.2736
-29.9229 -37.3428 44.3587 -72.1854 -51.1957 12.0756
-30.2842 -37.5991 44.4186 -72.3155 -51.3072 11.8765
-30.6461 -37.8559 44.4775 -72.4457 -51.4188 11.6762
-31.0086 -38.1132 44.5354 -72.5759 -51.5306 11.4746
-31.3718 -38.3712 44.5922 -72.7063 -51.6426 11.2718
-31.7357 -38.6297 44.6481 -72.8367 -51.7547 11.0678
-32.1002 -38.8887 44.7029 -72.9672 -51.867 10.8625
-32.4654 -39.1483 44.7567 -73.0978 -51.9795 10.6559
-32.8312 -39.4085 44.8095 -73.2285 -52.0921 10.4481
-33.1976 -39.6693 44.8612 -73.3592 -52.2049 10.239
-33.5648 -39.9306 44.9119 -73.4901 -52.3178 10.0286
-33.9325 -40.1924 44.9615 -73.621 -52.4309 9.81685
-34.301 -40.4549 45.01 -73.7519 -52.5442 9.60381
-34.6701 -40.7179 45.0575 -73.8829 -52.6576 9.38943
-35.0398 -40.9815 45.1039 -74.014 -52.7712 9.17372
-35.4102 -41.2456 45.1493 -74.1451 -52.8849 8.95665
-35.7813 -41.5103 45.1935 -74.2763 -52.9988 8.73821
-36.153 -41.7756 45.2366 -74.4075 -53.1129 8.5184
-36.5253 -42.0414 45.2787 -74.5387 -53.227 8.2972
-36.8984 -42.3079 45.3196 -74.67 -53.3414 8.0746
-37.272 -42.5748 45.3594 -74.8014 -53.4559 7.85059
-37.6464 -42.8424 45.3981 -74.9328 -53.5705 7.62515
-38.0214 -43.1106 45.4357 -75.0641 -53.6852 7.39828
-38.397 -43.3793 45.4721 -75.1956 -53.8001 7.16995
-38.7733 -43.6486 45.5074 -75.327 -53.9152 6.94017
-39.1503 -43.9184 45.5415 -75.4584 -54.0304 6.7089
-39.5279 -44.1889 45.5745 -75.5899 -54.1457 6.47616
-39.9062 -44.4599 45.6063 -75.7213 -54.2611 6.2419
-40.2851 -44.7315 45.6369 -75.8528 -54.3767 6.00614
-40.6647 -45.0036 45.6663 -75.9843 -54.4924 5.76885
-41.045 -45.2764 45.6946 -76.1157 -54.6082 5.53001
-41.4259 -45.5497 45.7216 -76.2471 -54.7242 5.28963
-41.8074 -45.8236 45.7475 -76.3785 -54.8402 5.04767
-42.1897 -46.0981 45.7721 -76.5099 -54.9564 4.80413
-42.5725 -46.3732 45.7955 -76.6413 -55.0727 4.559
-42.9561 -46.6489 45.8177 -76.7726 -55.1891 4.31225
-43.3403 -46.9251 45.8386 -76.9038 -55.3057 4.06388
-43.7251 -47.2019 45.8583 -77.035 -55.4223 3.81387
-44.1106 -47.4793 45.8768 -77.1662 -55.539 3.56221
-44.4968 -47.7573 45.8939 -77.2973 -55.6559 3.30887
-44.8836 -48.0359 45.9099 -77.4283 -55.7728 3.05385
-45.2711 -48.315 45.9245 -77.5593 -55.8899 2.79714
-45.6592 -48.5948 45.9378 -77.6902 -56.007 2.53871
-46.048 -48.8751 45.9499 -77.821 -56.1242 2.27854
-46.4374 -49.156 45.9606 -77.9517 -56.2416 2.01664
-46.8275 -49.4375 45.97 -78.0823 -56.359 1.75297
-47.2182 -49.7196 45.9781 -78.2128 -56.4765 1.48752
-47.6096 -50.0023 45.9849 -78.3431 -56.594 1.22028
-48.0016 -50.2855 45.9903 -78.4734 -56.7117 0.951235
-48.3943 -50.5694 45.9944 -78.6035 -56.8294 0.680359
-48.7877 -50.8538 45.9971 -78.7335 -56.9472 0.40764
-49.1817 -51.1389 45.9985 -78.8633 -57.065 0.133061
-49.5763 -51.4245 45.9985 -78.993 -57.1829 -0.143395
-49.9716 -51.7107 45.9971 -79.1225 -57.3009 -0.421745
-50.3675 -51.9975 45.9943 -79.2519 -57.419 -0.702007
-50.7641 -52.2849 45.99 -79.3811 -57.537 -0.984197
-51.1613 -52.5729 45.9844 -79.5101 -57.6552 -1.26833
-51.5592 -52.8614 45.9774 -79.6389 -57.7734 -1.55444
-51.9577 -53.1506 45.9689 -79.7674 -57.8916 -1.84252
-52.3569 -53.4404 45.9589 -79.8958 -58.0098 -2.13261
-52.7567 -53.7307 45.9475 -80.024 -58.1281 -2.42471
-53.1571 -54.0216 45.9347 -80.1519 -58.2464 -2.71886
-53.5582 -54.3132 45.9204 -80.2796 -58.3648 -3.01506
-53.9599 -54.6053 45.9045 -80.407 -58.4831 -3.31333
-54.3623 -54.898 45.8872 -80.5342 -58.6015 -3.61371
-54.7653 -55.1913 45.8684 -80.6611 -58.7199 -3.91619
-55.1689 -55.4852 45.8481 -80.7877 -58.8383 -4.22081
-55.5731 -55.7797 45.8262 -80.914 -58.9567 -4.52759
-55.978 -56.0748 45.8028 -81.0401 -59.0751 -4.83653
-56.3835 -56.3704 45.7778 -81.1658 -59.1935 -5.14767
-56.7897 -56.6667 45.7513 -81.2911 -59.3118 -5.46103
-57.1965 -56.9636 45.7232 -81.4162 -59.4302 -5.77662
-57.6039 -57.261 45.6935 -81.5409 -59.5485 -6.09447
-58.0119 -57.559 45.6623 -81.6652 -59.6668 -6.41459
-58.4205 -57.8577 45.6294 -81.7892 -59.7851 -6.73701
-58.8298 -58.1569 45.5949 -81.9128 -59.9033 -7.06174
-59.2396 -58.4567 45.5588 -82.036 -60.0215 -7.38882
-59.6501 -58.7571 45.521 -82.1588 -60.1396 -7.71826
-60.0612 -59.0581 45.4816 -82.2811 -60.2577 -8.05008
-60.4729 -59.3597 45.4405 -82.4031 -60.3757 -8.38431
-60.8853 -59.6619 45.3977 -82.5245 -60.4936 -8.72097
-61.2982 -59.9646 45.3533 -82.6455 -60.6114 -9.06008
-61.7117 -60.268 45.3071 -82.7661 -60.7292 -9.40165
-62.1258 -60.5719 45.2593 -82.8861 -60.8469 -9.74573
-62.5406 -60.8764 45.2097 -83.0057 -60.9645 -10.0923
-62.9559 -61.1816 45.1584 -83.1247 -61.0819 -10.4415
-63.3718 -61.4873 45.1053 -83.2432 -61.1993 -10.7932
-63.7883 -61.7935 45.0504 -83.3612 -61.3165 -11.1474
-64.2054 -62.1004 44.9938 -83.4786 -61.4336 -11.5043
-64.6231 -62.4079 44.9354 -83.5954 -61.5506 -11.8639
-65.0414 -62.7159 44.8752 -83.7116 -61.6674 -12.2261
-65.4602 -63.0246 44.8131 -83.8272 -61.7841 -12.591
-65.8797 -63.3338 44.7493 -83.9422 -61.9006 -12.9586
-66.2997 -63.6436 44.6835 -84.0565 -62.0169 -13.3289
-66.7202 -63.9539 44.616 -84.1701 -62.1331 -13.702
-67.1414 -64.2649 44.5465 -84.2831 -62.2491 -14.0778
-67.5631 -64.5764 44.4752 -84.3954 -62.3648 -14.4565
-67.9853 -64.8885 44.4019 -84.507 -62.4804 -14.838
-68.4081 -65.2012 44.3268 -84.6178 -62.5957 -15.2224
-68.8315 -65.5145 44.2497 -84.7279 -62.7108 -15.6097
-69.2554 -65.8283 44.1707 -84.8372 -62.8257 -15.9998
-69.6799 -66.1428 44.0897 -84.9458 -62.9403 -16.3929
-70.1049 -66.4577 44.0068 -85.0535 -63.0547 -16.789
-70.5304 -66.7733 43.9218 -85.1603 -63.1688 -17.1881
-70.9565 -67.0894 43.8349 -85.2664 -63.2826 -17.5902
-71.3831 -67.4061 43.7459 -85.3715 -63.3961 -17.9953
-71.8102 -67.7234 43.6549 -85.4757 -63.5093 -18.4035
-72.2378 -68.0412 43.5619 -85.5791 -63.6221 -18.8148
-72.666 -68.3596 43.4668 -85.6815 -63.7347 -19.2292
-73.0946 -68.6786 43.3696 -85.7829 -63.8469 -19.6468
-73.5238 -68.9981 43.2703 -85.8833 -63.9587 -20.0676
-73.9535 -69.3182 43.1689 -85.9828 -64.0702 -20.4916
-74.3836 -69.6388 43.0654 -86.0811 -64.1812 -20.9188
-74.8143 -69.96 42.9597 -86.1785 -64.2919 -21.3492
-75.2454 -70.2817 42.8519 -86.2747 -64.4021 -21.783
-75.677 -70.604 42.7419 -86.3698 -64.5119 -22.2201
-76.1091 -70.9268 42.6297 -86.4638 -64.6213 -22.6606
-76.5417 -71.2502 42.5153 -86.5566 -64.7302 -23.1044
-76.9747 -71.5741 42.3987 -86.6483 -64.8386 -23.5516
-77.4081 -71.8986 42.2798 -86.7387 -64.9465 -24.0023
-77.8421 -72.2236 42.1586 -86.8278 -65.0539 -24.4564
-78.2764 -72.5491 42.0352 -86.9157 -65.1608 -24.9141
-78.7112 -72.8752 41.9095 -87.0023 -65.2671 -25.3753
-79.1464 -73.2018 41.7815 -87.0875 -65.3728 -25.84
-79.5821 -73.5289 41.6511 -87.1714 -65.4779 -26.3083
-80.0182 -73.8566 41.5184 -87.2538 -65.5825 -26.7802
-80.4546 -74.1848 41.3833 -87.3349 -65.6864 -27.2558
-80.8915 -74.5134 41.2458 -87.4144 -65.7896 -27.735
-81.3288 -74.8427 41.1059 -87.4925 -65.8922 -28.218
-81.7664 -75.1724 40.9636 -87.569 -65.9941 -28.7047
-82.2045 -75.5026 40.8189 -87.6439 -66.0952 -29.1951
-82.6429 -75.8333 40.6717 -87.7173 -66.1957 -29.6893
-83.0816 -76.1645 40.522 -87.789 -66.2953 -30.1874
-83.5208 -76.4963 40.3698 -87.859 -66.3942 -30.6893
-83.9602 -76.8285 40.2151 -87.9273 -66.4923 -31.1952
-84.4 -77.1612 40.0579 -87.9938 -66.5895 -31.7049
-84.8402 -77.4944 39.8981 -88.0586 -66.6859 -32.2186
-85.2806 -77.8281 39.7357 -88.1215 -66.7814 -32.7362
-85.7214 -78.1622 39.5707 -88.1825 -66.876 -33.2579
-86.1624 -78.4968 39.4031 -88.2417 -66.9696 -33.7836
-86.6038 -78.8319 39.2329 -88.2988 -67.0623 -34.3133
-87.0454 -79.1674 39.06 -88.354 -67.154 -34.8472
-87.4873 -79.5034 38.8844 -88.407 -67.2446 -35.3852
-87.9295 -79.8399 38.7061 -88.458 -67.3342 -35.9273
-88.3719 -80.1768 38.5251 -88.5069 -67.4227 -36.4737
-88.8146 -80.5141 38.3414 -88.5536 -67.5102 -37.0242
-89.2575 -80.8519 38.1549 -88.598 -67.5964 -37.579
-89.7006 -81.1901 37.9656 -88.6401 -67.6815 -38.1381
-90.1439 -81.5287 37.7735 -88.6799 -67.7654 -38.7015
-90.5874 -81.8677 37.5786 -88.7173 -67.848 -39.2692
-91.031 -82.2072 37.3808 -88.7523 -67.9293 -39.8413
-91.4749 -82.547 37.1801 -88.7848 -68.0093 -40.4178
-91.9189 -82.8873 36.9766 -88.8147 -68.088 -40.9986
-92.363 -83.2279 36.7702 -88.842 -68.1653 -41.584
-92.8073 -83.5689 36.5608 -88.8667 -68.2411 -42.1738
-93.2517 -83.9103 36.3484 -88.8886 -68.3155 -42.7681
-93.6962 -84.2521 36.1331 -88.9078 -68.3884 -43.367
-94.1408 -84.5942 35.9147 -88.9241 -68.4597 -43.9704
-94.5854 -84.9367 35.6934 -88.9376 -68.5295 -44.5784
-95.0301 -85.2795 35.469 -88.948 -68.5976 -45.191
-95.4749 -85.6227 35.2415 -88.9555 -68.664 -45.8082
-95.9197 -85.9661 35.0109 -88.9599 -68.7287 -46.4301
-96.3645 -86.3099 34.7772 -88.9611 -68.7917 -47.0567
-96.8093 -86.6541 34.5403 -88.9591 -68.8529 -47.688
-97.2541 -86.9985 34.3003 -88.9538 -68.9122 -48.324
-97.6988 -87.3432 34.0571 -88.9451 -68.9696 -48.9647
-98.1435 -87.6882 33.8106 -88.933 -69.025 -49.6103
-98.5882 -88.0334 33.561 -88.9174 -69.0785 -50.2606
-99.0327 -88.3789 33.308 -88.8983 -69.1299 -50.9158
-99.4772 -88.7247 33.0518 -88.8754 -69.1792 -51.5758
-99.9215 -89.0707 32.7923 -88.8489 -69.2263 -52.2406
-100.366 -89.417 32.5294 -88.8186 -69.2712 -52.9103
-100.81 -89.7635 32.2632 -88.7844 -69.3139 -53.5849
-101.253 -90.1101 31.9935 -88.7462 -69.3542 -54.2644
-101.697 -90.457 31.7205 -88.704 -69.3922 -54.9488
-102.141 -90.804 31.4441 -88.6576 -69.4278 -55.6382
-102.584 -91.1513 31.1641 -88.6071 -69.4608 -56.3325
-103.027 -91.4987 30.8807 -88.5522 -69.4913 -57.0317
-103.469 -91.8462 30.5938 -88.493 -69.5192 -57.7359
-103.912 -92.1938 30.3034 -88.4293 -69.5444 -58.4451
-104.354 -92.5416 30.0094 -88.3611 -69.5668 -59.1593
-104.795 -92.8895 29.7118 -88.2882 -69.5864 -59.8784
-105.236 -93.2375 29.4106 -88.2105 -69.6032 -60.6026
-105.677 -93.5855 29.1057 -88.128 -69.617 -61.3317
-106.118 -93.9337 28.7973 -88.0406 -69.6278 -62.0659
-106.558 -94.2818 28.4851 -87.9481 -69.6356 -62.805
-106.997 -94.63 28.1692 -87.8505 -69.6402 -63.5491
-107.436 -94.9782 27.8496 -87.7477 -69.6415 -64.2982
-107.875 -95.3264 27.5262 -87.6396 -69.6396 -65.0523
