75 75 -125 0 0 49
74.9999 74.9999 -124.755 -0.0567167 -0.0562582 49.0072
74.9994 74.9994 -124.51 -0.113451 -0.112531 49.0143
74.9987 74.9987 -124.265 -0.170203 -0.168819 49.0214
74.9977 74.9977 -124.02 -0.226974 -0.225122 49.0284
74.9965 74.9965 -123.775 -0.283762 -0.281439 49.0353
74.9949 74.9949 -123.529 -0.340568 -0.337772 49.0422
74.993 74.9931 -123.284 -0.397393 -0.39412 49.0491
74.9909 74.991 -123.039 -0.454236 -0.450484 49.0559
74.9885 74.9886 -122.794 -0.511098 -0.506862 49.0626
74.9858 74.9859 -122.548 -0.567978 -0.563257 49.0693
74.9828 74.983 -122.303 -0.624877 -0.619666 49.0759
74.9796 74.9797 -122.057 -0.681795 -0.676092 49.0825
74.976 74.9762 -121.812 -0.738731 -0.732533 49.089
74.9722 74.9724 -121.567 -0.795687 -0.788991 49.0955
74.9681 74.9683 -121.321 -0.852662 -0.845464 49.1019
74.9636 74.9639 -121.076 -0.909657 -0.901953 49.1083
74.959 74.9593 -120.83 -0.96667 -0.958459 49.1146
74.954 74.9544 -120.584 -1.0237 -1.01498 49.1209
74.9487 74.9491 -120.339 -1.08076 -1.07152 49.1271
74.9432 74.9436 -120.093 -1.13783 -1.12807 49.1333
74.9373 74.9379 -119.847 -1.19492 -1.18464 49.1394
74.9312 74.9318 -119.602 -1.25203 -1.24123 49.1454
74.9248 74.9255 -119.356 -1.30917 -1.29784 49.1514
74.9181 74.9188 -119.11 -1.36632 -1.35446 49.1574
74.9112 74.9119 -118.864 -1.42349 -1.4111 49.1633
74.9039 74.9047 -118.619 -1.48069 -1.46775 49.1691
74.8963 74.8972 -118.373 -1.5379 -1.52443 49.1749
74.8885 74.8895 -118.127 -1.59514 -1.58112 49.1806
74.8804 74.8814 -117.881 -1.65239 -1.63782 49.1863
74.872 74.8731 -117.635 -1.70967 -1.69455 49.192
74.8633 74.8645 -117.389 -1.76697 -1.75129 49.1975
74.8543 74.8556 -117.143 -1.82429 -1.80805 49.2031
74.8451 74.8464 -116.897 -1.88163 -1.86483 49.2085
74.8355 74.8369 -116.651 -1.93899 -1.92162 49.214
74.8257 74.8272 -116.405 -1.99637 -1.97844 49.2193
74.8155 74.8171 -116.159 -2.05378 -2.03527 49.2247
74.8051 74.8068 -115.913 -2.1112 -2.09212 49.2299
74.7944 74.7962 -115.666 -2.16865 -2.14899 49.2351
74.7834 74.7853 -115.42 -2.22612 -2.20587 49.2403
74.7722 74.7742 -115.174 -2.28362 -2.26278 49.2454
74.7606 74.7627 -114.928 -2.34113 -2.3197 49.2505
74.7488 74.751 -114.682 -2.39867 -2.37665 49.2555
74.7366 74.7389 -114.435 -2.45623 -2.43361 49.2604
74.7242 74.7266 -114.189 -2.51381 -2.49059 49.2653
74.7115 74.714 -113.943 -2.57142 -2.54759 49.2702
74.6985 74.7012 -113.696 -2.62905 -2.60461 49.275
74.6852 74.688 -113.45 -2.6867 -2.66165 49.2797
74.6716 74.6745 -113.203 -2.74437 -2.7187 49.2844
74.6577 74.6608 -112.957 -2.80207 -2.77578 49.289
74.6436 74.6468 -112.711 -2.8598 -2.83288 49.2936
74.6292 74.6325 -112.464 -2.91754 -2.88999 49.2982
74.6144 74.6179 -112.218 -2.97531 -2.94713 49.3027
74.5994 74.603 -111.971 -3.0331 -3.00428 49.3071
74.5841 74.5878 -111.724 -3.09092 -3.06146 49.3115
74.5685 74.5724 -111.478 -3.14876 -3.11866 49.3158
74.5526 74.5567 -111.231 -3.20663 -3.17587 49.3201
74.5364 74.5406 -110.985 -3.26452 -3.23311 49.3243
74.52 74.5243 -110.738 -3.32243 -3.29037 49.3285
74.5032 74.5077 -110.491 -3.38037 -3.34764 49.3326
74.4862 74.4908 -110.245 -3.43833 -3.40494 49.3367
74.4688 74.4737 -109.998 -3.49632 -3.46226 49.3407
74.4512 74.4562 -109.751 -3.55433 -3.5196 49.3447
74.4333 74.4385 -109.505 -3.61237 -3.57696 49.3486
74.4151 74.4205 -109.258 -3.67044 -3.63435 49.3525
74.3966 74.4021 -109.011 -3.72853 -3.69175 49.3563
74.3778 74.3835 -108.764 -3.78664 -3.74917 49.3601
74.3587 74.3646 -108.518 -3.84478 -3.80662 49.3638
74.3393 74.3455 -108.271 -3.90295 -3.86409 49.3675
74.3197 74.326 -108.024 -3.96114 -3.92158 49.3711
74.2997 74.3063 -107.777 -4.01936 -3.97909 49.3746
74.2795 74.2862 -107.53 -4.07761 -4.03663 49.3782
74.2589 74.2659 -107.283 -4.13588 -4.09418 49.3816
74.2381 74.2453 -107.036 -4.19418 -4.15176 49.385
74.217 74.2244 -106.789 -4.2525 -4.20936 49.3884
74.1956 74.2032 -106.542 -4.31085 -4.26698 49.3917
74.1739 74.1817 -106.295 -4.36923 -4.32463 49.395
74.1519 74.1599 -106.048 -4.42764 -4.3823 49.3982
74.1296 74.1379 -105.801 -4.48607 -4.43999 49.4014
74.107 74.1155 -105.554 -4.54453 -4.4977 49.4045
74.0842 74.0929 -105.307 -4.60302 -4.55544 49.4075
74.061 74.07 -105.06 -4.66153 -4.6132 49.4105
74.0376 74.0468 -104.813 -4.72008 -4.67098 49.4135
74.0138 74.0233 -104.566 -4.77865 -4.72879 49.4164
73.9898 73.9995 -104.319 -4.83725 -4.78662 49.4193
73.9654 73.9754 -104.072 -4.89588 -4.84448 49.4221
73.9408 73.951 -103.825 -4.95454 -4.90236 49.4248
73.9159 73.9264 -103.578 -5.01322 -4.96026 49.4276
73.8907 73.9014 -103.331 -5.07194 -5.01818 49.4302
73.8652 73.8762 -103.083 -5.13068 -5.07614 49.4328
73.8394 73.8507 -102.836 -5.18945 -5.13411 49.4354
73.8133 73.8249 -102.589 -5.24825 -5.19211 49.4379
73.7869 73.7988 -102.342 -5.30708 -5.25013 49.4404
73.7602 73.7724 -102.095 -5.36594 -5.30818 49.4428
73.7332 73.7457 -101.847 -5.42483 -5.36626 49.4452
73.706 73.7187 -101.6 -5.48375 -5.42436 49.4475
73.6784 73.6914 -101.353 -5.5427 -5.48248 49.4497
73.6505 73.6639 -101.106 -5.60168 -5.54063 49.452
73.6224 73.636 -100.858 -5.66069 -5.5988 49.4541
73.5939 73.6079 -100.611 -5.71974 -5.657 49.4562
73.5652 73.5794 -100.364 -5.77881 -5.71523 49.4583
73.5361 73.5507 -100.117 -5.83791 -5.77348 49.4603
73.5068 73.5217 -99.8693 -5.89704 -5.83176 49.4623
73.4772 73.4924 -99.622 -5.95621 -5.89006 49.4642
73.4472 73.4628 -99.3747 -6.0154 -5.94839 49.4661
73.417 73.4329 -99.1273 -6.07463 -6.00675 49.4679
73.3865 73.4027 -98.88 -6.13389 -6.06513 49.4697
73.3557 73.3723 -98.6327 -6.19318 -6.12354 49.4715
73.3246 73.3415 -98.3853 -6.2525 -6.18198 49.4731
73.2931 73.3105 -98.1379 -6.31186 -6.24044 49.4748
73.2614 73.2791 -97.8905 -6.37125 -6.29893 49.4764
73.2294 73.2475 -97.6432 -6.43067 -6.35745 49.4779
73.1971 73.2155 -97.3958 -6.49012 -6.416 49.4794
73.1645 73.1833 -97.1484 -6.54961 -6.47457 49.4808
73.1316 73.1508 -96.901 -6.60912 -6.53317 49.4822
73.0984 73.118 -96.6535 -6.66868 -6.5918 49.4836
73.065 73.0849 -96.4061 -6.72826 -6.65045 49.4849
73.0312 73.0515 -96.1587 -6.78788 -6.70914 49.4862
72.9971 73.0178 -95.9113 -6.84753 -6.76785 49.4874
72.9627 72.9838 -95.6638 -6.90722 -6.82659 49.4885
72.928 72.9495 -95.4164 -6.96694 -6.88536 49.4896
72.893 72.9149 -95.1689 -7.02669 -6.94416 49.4907
72.8577 72.8801 -94.9215 -7.08648 -7.00299 49.4917
72.8222 72.8449 -94.674 -7.14631 -7.06185 49.4927
72.7863 72.8095 -94.4265 -7.20617 -7.12074 49.4936
72.7501 72.7737 -94.1791 -7.26606 -7.17965 49.4945
72.7136 72.7377 -93.9316 -7.32599 -7.2386 49.4954
72.6768 72.7013 -93.6841 -7.38595 -7.29757 49.4961
72.6398 72.6647 -93.4366 -7.44595 -7.35658 49.4969
72.6024 72.6277 -93.1891 -7.50599 -7.41561 49.4976
72.5647 72.5905 -92.9417 -7.56606 -7.47468 49.4982
72.5267 72.553 -92.6942 -7.62617 -7.53378 49.4989
72.4884 72.5152 -92.4467 -7.68631 -7.5929 49.4994
72.4498 72.4771 -92.1992 -7.74649 -7.65206 49.4999
72.411 72.4387 -91.9517 -7.80671 -7.71125 49.5004
72.3718 72.4 -91.7042 -7.86697 -7.77047 49.5008
72.3323 72.361 -91.4567 -7.92726 -7.82972 49.5012
72.2925 72.3217 -91.2092 -7.98759 -7.889 49.5016
72.2524 72.2821 -90.9616 -8.04795 -7.94832 49.5019
72.212 72.2422 -90.7141 -8.10836 -8.00766 49.5021
72.1713 72.202 -90.4666 -8.1688 -8.06704 49.5023
72.1303 72.1615 -90.2191 -8.22928 -8.12645 49.5025
72.089 72.1207 -89.9716 -8.2898 -8.1859 49.5026
72.0474 72.0797 -89.7241 -8.35036 -8.24537 49.5027
72.0055 72.0383 -89.4766 -8.41096 -8.30488 49.5027
71.9633 71.9966 -89.2291 -8.4716 -8.36443 49.5027
71.9208 71.9546 -88.9815 -8.53227 -8.424 49.5026
71.878 71.9124 -88.734 -8.59299 -8.48361 49.5026
71.8349 71.8698 -88.4865 -8.65374 -8.54325 49.5024
71.7915 71.8269 -88.239 -8.71454 -8.60293 49.5022
71.7477 71.7838 -87.9915 -8.77537 -8.66264 49.502
71.7037 71.7403 -87.744 -8.83625 -8.72239 49.5017
71.6594 71.6965 -87.4965 -8.89717 -8.78216 49.5014
71.6147 71.6525 -87.249 -8.95812 -8.84198 49.5011
71.5698 71.6081 -87.0015 -9.01912 -8.90183 49.5007
71.5246 71.5635 -86.754 -9.08016 -8.96171 49.5003
71.479 71.5185 -86.5065 -9.14125 -9.02163 49.4998
71.4331 71.4732 -86.259 -9.20237 -9.08159 49.4993
71.387 71.4277 -86.0115 -9.26354 -9.14158 49.4988
71.3405 71.3818 -85.764 -9.32475 -9.20161 49.4982
71.2937 71.3357 -85.5165 -9.386 -9.26167 49.4976
71.2466 71.2892 -85.269 -9.4473 -9.32177 49.4969
71.1993 71.2425 -85.0215 -9.50863 -9.38191 49.4962
71.1516 71.1954 -84.774 -9.57002 -9.44209 49.4954
71.1036 71.148 -84.5266 -9.63144 -9.5023 49.4947
71.0552 71.1004 -84.2791 -9.69291 -9.56255 49.4938
71.0066 71.0524 -84.0316 -9.75443 -9.62284 49.493
70.9577 71.0041 -83.7842 -9.81599 -9.68316 49.4921
70.9085 70.9556 -83.5367 -9.87759 -9.74353 49.4912
70.8589 70.9067 -83.2893 -9.93924 -9.80393 49.4902
70.8091 70.8575 -83.0418 -10.0009 -9.86437 49.4892
70.7589 70.8081 -82.7944 -10.0627 -9.92485 49.4882
70.7084 70.7583 -82.5469 -10.1245 -9.98537 49.4871
70.6577 70.7082 -82.2995 -10.1863 -10.0459 49.486
70.6066 70.6578 -82.0521 -10.2482 -10.1065 49.4848
70.5552 70.6071 -81.8046 -10.3101 -10.1672 49.4836
70.5035 70.5562 -81.5572 -10.3721 -10.2279 49.4824
70.4515 70.5049 -81.3098 -10.4341 -10.2886 49.4812
70.3991 70.4533 -81.0624 -10.4962 -10.3493 49.4799
70.3465 70.4014 -80.815 -10.5583 -10.4102 49.4786
70.2936 70.3492 -80.5676 -10.6205 -10.471 49.4773
70.2403 70.2967 -80.3202 -10.6827 -10.5319 49.4759
70.1867 70.2439 -80.0729 -10.745 -10.5928 49.4745
70.1329 70.1907 -79.8255 -10.8073 -10.6538 49.473
70.0787 70.1373 -79.5781 -10.8697 -10.7148 49.4716
70.0242 70.0836 -79.3308 -10.9321 -10.7759 49.4701
69.9693 70.0296 -79.0834 -10.9945 -10.837 49.4686
69.9142 69.9752 -78.8361 -11.0571 -10.8981 49.467
69.8588 69.9206 -78.5888 -11.1196 -10.9593 49.4654
69.803 69.8656 -78.3414 -11.1823 -11.0206 49.4638
69.7469 69.8104 -78.0941 -11.245 -11.0819 49.4622
69.6906 69.7548 -77.8468 -11.3077 -11.1432 49.4605
69.6339 69.6989 -77.5995 -11.3705 -11.2046 49.4588
69.5769 69.6428 -77.3522 -11.4333 -11.266 49.4571
69.5195 69.5863 -77.105 -11.4962 -11.3275 49.4554
69.4619 69.5295 -76.8577 -11.5592 -11.389 49.4536
69.4039 69.4724 -76.6104 -11.6222 -11.4506 49.4518
69.3457 69.415 -76.3632 -11.6852 -11.5122 49.45
69.2871 69.3573 -76.1159 -11.7484 -11.5739 49.4482
69.2282 69.2992 -75.8687 -11.8115 -11.6356 49.4463
69.169 69.2409 -75.6215 -11.8748 -11.6974 49.4445
69.1094 69.1823 -75.3742 -11.9381 -11.7592 49.4426
69.0496 69.1233 -75.127 -12.0014 -11.8211 49.4407
68.9894 69.0641 -74.8798 -12.0648 -11.883 49.4387
68.9289 69.0045 -74.6326 -12.1283 -11.945 49.4368
68.8681 68.9446 -74.3855 -12.1918 -12.007 49.4348
68.807 68.8844 -74.1383 -12.2554 -12.0691 49.4329
68.7456 68.8239 -73.8911 -12.3191 -12.1312 49.4309
68.6838 68.7631 -73.644 -12.3828 -12.1934 49.4289
68.6218 68.702 -73.3968 -12.4466 -12.2557 49.4269
68.5594 68.6405 -73.1497 -12.5104 -12.318 49.4248
68.4967 68.5788 -72.9026 -12.5743 -12.3804 49.4228
68.4336 68.5167 -72.6555 -12.6383 -12.4428 49.4207
68.3703 68.4544 -72.4084 -12.7024 -12.5053 49.4187
68.3066 68.3917 -72.1613 -12.7665 -12.5678 49.4166
68.2426 68.3287 -71.9142 -12.8306 -12.6304 49.4146
68.1783 68.2654 -71.6672 -12.8949 -12.6931 49.4125
68.1137 68.2018 -71.4201 -12.9592 -12.7558 49.4104
68.0487 68.1378 -71.1731 -13.0236 -12.8186 49.4083
67.9834 68.0736 -70.926 -13.088 -12.8814 49.4062
67.9178 68.009 -70.679 -13.1526 -12.9443 49.4042
67.8519 67.9441 -70.432 -13.2172 -13.0073 49.4021
67.7857 67.8789 -70.185 -13.2818 -13.0703 49.4
67.7191 67.8134 -69.938 -13.3466 -13.1334 49.3979
67.6522 67.7476 -69.691 -13.4114 -13.1966 49.3959
67.585 67.6815 -69.444 -13.4763 -13.2599 49.3938
67.5174 67.615 -69.197 -13.5413 -13.3232 49.3917
67.4496 67.5482 -68.9501 -13.6064 -13.3866 49.3897
67.3814 67.4811 -68.7032 -13.6715 -13.45 49.3876
67.3128 67.4137 -68.4562 -13.7367 -13.5136 49.3856
67.244 67.346 -68.2093 -13.802 -13.5772 49.3836
67.1748 67.278 -67.9624 -13.8674 -13.6409 49.3816
67.1053 67.2096 -67.7155 -13.9329 -13.7046 49.3796
67.0355 67.1409 -67.4686 -13.9985 -13.7685 49.3777
66.9653 67.0719 -67.2217 -14.0641 -13.8324 49.3757
66.8949 67.0026 -66.9748 -14.1298 -13.8964 49.3738
66.824 66.9329 -66.728 -14.1957 -13.9605 49.3719
66.7529 66.863 -66.4811 -14.2616 -14.0246 49.3701
66.6814 66.7927 -66.2343 -14.3276 -14.0889 49.3682
66.6096 66.7221 -65.9874 -14.3937 -14.1533 49.3664
66.5375 66.6512 -65.7406 -14.46 -14.2177 49.3647
66.465 66.5799 -65.4938 -14.5263 -14.2822 49.3629
66.3922 66.5083 -65.247 -14.5927 -14.3468 49.3613
66.3191 66.4365 -65.0002 -14.6592 -14.4116 49.3596
66.2456 66.3642 -64.7534 -14.7259 -14.4764 49.358
66.1718 66.2917 -64.5066 -14.7926 -14.5413 49.3564
66.0977 66.2188 -64.2598 -14.8595 -14.6063 49.3549
66.0232 66.1456 -64.013 -14.9264 -14.6714 49.3534
65.9484 66.0721 -63.7663 -14.9935 -14.7367 49.352
65.8733 65.9983 -63.5195 -15.0607 -14.802 49.3506
65.7978 65.9241 -63.2728 -15.128 -14.8675 49.3493
65.722 65.8496 -63.026 -15.1955 -14.933 49.3481
65.6459 65.7748 -62.7793 -15.263 -14.9987 49.3469
65.5694 65.6996 -62.5326 -15.3307 -15.0645 49.3458
65.4926 65.6241 -62.2858 -15.3986 -15.1305 49.3447
65.4154 65.5483 -62.0391 -15.4666 -15.1965 49.3437
65.3379 65.4721 -61.7924 -15.5347 -15.2627 49.3428
65.2601 65.3957 -61.5457 -15.6029 -15.329 49.342
65.1819 65.3189 -61.299 -15.6713 -15.3955 49.3413
65.1033 65.2417 -61.0523 -15.7399 -15.4621 49.3406
65.0245 65.1642 -60.8056 -15.8086 -15.5288 49.34
64.9453 65.0864 -60.5589 -15.8775 -15.5957 49.3396
64.8657 65.0083 -60.3122 -15.9465 -15.6628 49.3392
64.7858 64.9298 -60.0655 -16.0157 -15.73 49.3389
64.7055 64.851 -59.8188 -16.0851 -15.7974 49.3387
64.6249 64.7718 -59.5721 -16.1547 -15.8649 49.3386
64.544 64.6923 -59.3254 -16.2244 -15.9326 49.3387
64.4627 64.6125 -59.0787 -16.2944 -16.0005 49.3388
64.3811 64.5323 -58.832 -16.3645 -16.0686 49.3391
64.2991 64.4518 -58.5853 -16.4348 -16.1369 49.3395
64.2167 64.371 -58.3386 -16.5054 -16.2053 49.34
64.134 64.2898 -58.0919 -16.5761 -16.274 49.3406
64.0509 64.2082 -57.8452 -16.6471 -16.3429 49.3414
63.9675 64.1263 -57.5985 -16.7183 -16.412 49.3423
63.8838 64.0441 -57.3518 -16.7898 -16.4813 49.3433
63.7996 63.9615 -57.1051 -16.8615 -16.5508 49.3445
63.7151 63.8786 -56.8583 -16.9334 -16.6206 49.3458
63.6303 63.7953 -56.6116 -17.0056 -16.6907 49.3473
63.5451 63.7117 -56.3649 -17.0781 -16.761 49.349
63.4595 63.6277 -56.1181 -17.1509 -16.8316 49.3508
63.3736 63.5434 -55.8714 -17.224 -16.9024 49.3527
63.2873 63.4587 -55.6246 -17.2973 -16.9735 49.3548
63.2006 63.3736 -55.3778 -17.371 -17.045 49.3571
63.1136 63.2882 -55.131 -17.445 -17.1167 49.3596
63.0262 63.2025 -54.8842 -17.5193 -17.1888 49.3622
62.9384 63.1163 -54.6374 -17.594 -17.2612 49.365
62.8502 63.0298 -54.3906 -17.6691 -17.3339 49.368
62.7617 62.943 -54.1437 -17.7445 -17.407 49.3712
62.6728 62.8558 -53.8968 -17.8203 -17.4805 49.3745
62.5835 62.7682 -53.65 -17.8966 -17.5543 49.378
62.4938 62.6802 -53.4031 -17.9732 -17.6286 49.3817
62.4037 62.5919 -53.1562 -18.0503 -17.7032 49.3855
62.3133 62.5032 -52.9092 -18.1279 -17.7784 49.3896
62.2225 62.4141 -52.6623 -18.2059 -17.8539 49.3938
62.1312 62.3247 -52.4153 -18.2844 -17.9299 49.3982
62.0396 62.2348 -52.1683 -18.3634 -18.0064 49.4027
61.9476 62.1446 -51.9212 -18.4429 -18.0834 49.4074
61.8552 62.054 -51.6742 -18.523 -18.161 49.4123
61.7624 61.963 -51.4271 -18.6037 -18.239 49.4173
61.6692 61.8716 -51.18 -18.6849 -18.3177 49.4224
61.5755 61.7798 -50.9329 -18.7668 -18.3969 49.4277
61.4815 61.6876 -50.6857 -18.8493 -18.4767 49.4331
61.387 61.595 -50.4386 -18.9324 -18.5571 49.4386
61.2922 61.502 -50.1914 -19.0162 -18.6382 49.4441
61.1969 61.4087 -49.9441 -19.1007 -18.72 49.4497
61.1012 61.3148 -49.6969 -19.186 -18.8024 49.4554
61.005 61.2206 -49.4496 -19.272 -18.8855 49.461
60.9084 61.126 -49.2023 -19.3587 -18.9694 49.4667
60.8114 61.0309 -48.9549 -19.4463 -19.0541 49.4723
60.714 60.9355 -48.7075 -19.5346 -19.1395 49.4778
60.6161 60.8395 -48.4601 -19.6238 -19.2257 49.4832
60.5177 60.7432 -48.2127 -19.7139 -19.3127 49.4885
60.4189 60.6464 -47.9652 -19.8048 -19.4005 49.4936
60.3197 60.5492 -47.7178 -19.8966 -19.4892 49.4985
60.22 60.4515 -47.4703 -19.9894 -19.5788 49.503
60.1198 60.3534 -47.2227 -20.083 -19.6692 49.5073
60.0191 60.2548 -46.9752 -20.1776 -19.7605 49.5111
59.918 60.1558 -46.7276 -20.2731 -19.8527 49.5145
59.8164 60.0563 -46.48 -20.3696 -19.9459 49.5174
59.7143 59.9563 -46.2325 -20.467 -20.0399 49.5196
59.6117 59.8559 -45.9849 -20.5653 -20.1348 49.5213
59.5087 59.755 -45.7372 -20.6646 -20.2306 49.5222
59.4051 59.6536 -45.4896 -20.7648 -20.3272 49.5223
59.301 59.5517 -45.242 -20.866 -20.4248 49.5216
59.1964 59.4493 -44.9944 -20.968 -20.5231 49.5199
59.0913 59.3465 -44.7468 -21.0709 -20.6223 49.5172
58.9857 59.2431 -44.4992 -21.1745 -20.7223 49.5134
58.8796 59.1393 -44.2517 -21.279 -20.823 49.5084
58.7729 59.0349 -44.0042 -21.3842 -20.9244 49.5022
58.6657 58.93 -43.7567 -21.4902 -21.0264 49.4947
58.558 58.8246 -43.5092 -21.5967 -21.1291 49.4858
58.4498 58.7187 -43.2618 -21.7038 -21.2322 49.4755
58.341 58.6123 -43.0145 -21.8114 -21.3358 49.4637
58.2317 58.5054 -42.7672 -21.9194 -21.4399 49.4504
58.1218 58.3979 -42.52 -22.0278 -21.5442 49.4355
58.0114 58.2899 -42.2728 -22.1364 -21.6488 49.419
57.9004 58.1814 -42.0258 -22.2452 -21.7535 49.4009
57.7889 58.0724 -41.7788 -22.3541 -21.8583 49.3811
57.6769 57.9628 -41.532 -22.463 -21.9631 49.3598
57.5643 57.8528 -41.2852 -22.5719 -22.0679 49.3368
57.4512 57.7422 -41.0386 -22.6805 -22.1724 49.3121
57.3375 57.631 -40.7921 -22.7889 -22.2767 49.2859
57.2233 57.5194 -40.5457 -22.897 -22.3807 49.2581
57.1085 57.4072 -40.2995 -23.0046 -22.4842 49.2288
56.9932 57.2946 -40.0535 -23.1118 -22.5873 49.1981
56.8774 57.1814 -39.8075 -23.2184 -22.6898 49.1659
56.7611 57.0677 -39.5618 -23.3243 -22.7917 49.1324
56.6442 56.9535 -39.3162 -23.4296 -22.8929 49.0976
56.5268 56.8387 -39.0708 -23.5341 -22.9935 49.0617
56.4088 56.7235 -38.8256 -23.6378 -23.0932 49.0245
56.2904 56.6078 -38.5806 -23.7407 -23.1922 48.9864
56.1714 56.4916 -38.3357 -23.8427 -23.2903 48.9473
56.052 56.3749 -38.0911 -23.9439 -23.3876 48.9072
55.932 56.2577 -37.8467 -24.0441 -23.4839 48.8664
55.8115 56.1401 -37.6024 -24.1433 -23.5794 48.8248
55.6906 56.0219 -37.3584 -24.2416 -23.674 48.7826
55.5691 55.9033 -37.1146 -24.339 -23.7676 48.7399
55.4472 55.7843 -36.871 -24.4353 -23.8603 48.6966
55.3248 55.6647 -36.6277 -24.5308 -23.9522 48.6528
55.2019 55.5447 -36.3845 -24.6252 -24.0431 48.6087
55.0785 55.4243 -36.1416 -24.7188 -24.1331 48.5643
54.9547 55.3034 -35.8989 -24.8114 -24.2222 48.5197
54.8304 55.1821 -35.6564 -24.9031 -24.3105 48.4748
54.7057 55.0603 -35.4141 -24.9939 -24.3979 48.4298
54.5805 54.9381 -35.1721 -25.0838 -24.4845 48.3847
54.4548 54.8155 -34.9303 -25.1729 -24.5702 48.3395
54.3287 54.6924 -34.6887 -25.2612 -24.6552 48.2943
54.2022 54.5689 -34.4473 -25.3486 -24.7395 48.2491
54.0753 54.445 -34.2062 -25.4353 -24.823 48.2039
53.9479 54.3207 -33.9653 -25.5212 -24.9058 48.1588
53.82 54.196 -33.7246 -25.6064 -24.9879 48.1138
53.6918 54.0708 -33.4841 -25.6909 -25.0693 48.069
53.5631 53.9453 -33.2439 -25.7747 -25.1501 48.0242
53.4341 53.8193 -33.0039 -25.8579 -25.2303 47.9796
53.3046 53.693 -32.7641 -25.9405 -25.3099 47.9351
53.1746 53.5662 -32.5245 -26.0224 -25.3889 47.8908
53.0443 53.4391 -32.2852 -26.1038 -25.4675 47.8467
52.9136 53.3115 -32.0461 -26.1846 -25.5454 47.8028
52.7825 53.1836 -31.8072 -26.265 -25.623 47.759
52.651 53.0553 -31.5685 -26.3448 -25.7 47.7154
52.519 52.9266 -31.33 -26.4241 -25.7766 47.6721
52.3867 52.7975 -31.0918 -26.503 -25.8527 47.6289
52.254 52.6681 -30.8537 -26.5814 -25.9285 47.5859
52.1209 52.5383 -30.6159 -26.6595 -26.0038 47.5431
51.9874 52.4081 -30.3783 -26.7371 -26.0788 47.5004
51.8535 52.2775 -30.1409 -26.8143 -26.1535 47.458
51.7193 52.1465 -29.9037 -26.8912 -26.2278 47.4157
51.5846 52.0152 -29.6667 -26.9678 -26.3018 47.3736
51.4496 51.8835 -29.43 -27.044 -26.3755 47.3316
51.3142 51.7514 -29.1934 -27.1199 -26.4489 47.2898
51.1784 51.619 -28.9571 -27.1956 -26.522 47.2482
51.0422 51.4862 -28.7209 -27.2709 -26.5949 47.2067
50.9057 51.3531 -28.485 -27.346 -26.6676 47.1653
50.7688 51.2195 -28.2493 -27.4208 -26.74 47.1241
50.6315 51.0857 -28.0138 -27.4954 -26.8122 47.083
50.4938 50.9514 -27.7784 -27.5698 -26.8842 47.042
50.3558 50.8168 -27.5433 -27.644 -26.956 47.0011
50.2174 50.6819 -27.3084 -27.7179 -27.0276 46.9603
50.0786 50.5465 -27.0737 -27.7917 -27.0991 46.9196
49.9395 50.4109 -26.8392 -27.8653 -27.1704 46.879
49.8 50.2748 -26.6049 -27.9387 -27.2415 46.8384
49.6601 50.1385 -26.3709 -28.012 -27.3125 46.798
49.5198 50.0017 -26.137 -28.0851 -27.3834 46.7575
49.3792 49.8646 -25.9033 -28.1581 -27.4542 46.7172
49.2383 49.7272 -25.6698 -28.231 -27.5249 46.6768
49.0969 49.5894 -25.4365 -28.3037 -27.5954 46.6366
48.9552 49.4512 -25.2034 -28.3764 -27.6659 46.5963
48.8132 49.3127 -24.9705 -28.4489 -27.7362 46.556
48.6707 49.1739 -24.7379 -28.5213 -27.8065 46.5158
48.5279 49.0347 -24.5054 -28.5937 -27.8767 46.4756
48.3848 48.8951 -24.2731 -28.666 -27.9469 46.4354
48.2413 48.7552 -24.041 -28.7382 -28.017 46.3951
48.0974 48.6149 -23.8092 -28.8103 -28.0871 46.3549
47.9532 48.4743 -23.5775 -28.8824 -28.1571 46.3146
47.8086 48.3334 -23.346 -28.9544 -28.227 46.2744
47.6636 48.192 -23.1147 -29.0264 -28.297 46.234
47.5183 48.0504 -22.8837 -29.0983 -28.3669 46.1937
47.3727 47.9084 -22.6528 -29.1702 -28.4368 46.1533
47.2266 47.766 -22.4221 -29.2421 -28.5067 46.1128
47.0802 47.6233 -22.1917 -29.3139 -28.5765 46.0723
46.9335 47.4802 -21.9614 -29.3858 -28.6464 46.0317
46.7864 47.3368 -21.7314 -29.4576 -28.7163 45.9911
46.6389 47.1931 -21.5015 -29.5294 -28.7861 45.9504
46.4911 47.049 -21.2719 -29.6012 -28.856 45.9096
46.3429 46.9045 -21.0424 -29.6731 -28.9259 45.8688
46.1943 46.7597 -20.8132 -29.7449 -28.9959 45.8279
46.0454 46.6146 -20.5841 -29.8167 -29.0658 45.7868
45.8962 46.4691 -20.3553 -29.8886 -29.1358 45.7457
45.7466 46.3232 -20.1267 -29.9605 -29.2058 45.7045
45.5966 46.177 -19.8983 -30.0324 -29.2759 45.6632
45.4462 46.0305 -19.67 -30.1043 -29.346 45.6218
45.2955 45.8835 -19.442 -30.1763 -29.4161 45.5803
45.1445 45.7363 -19.2142 -30.2483 -29.4864 45.5387
44.9931 45.5887 -18.9866 -30.3204 -29.5566 45.4969
44.8413 45.4407 -18.7593 -30.3925 -29.6269 45.4551
44.6891 45.2924 -18.5321 -30.4647 -29.6973 45.4131
44.5366 45.1438 -18.3051 -30.5369 -29.7677 45.371
44.3838 44.9947 -18.0784 -30.6091 -29.8383 45.3288
44.2305 44.8454 -17.8518 -30.6815 -29.9088 45.2865
44.0769 44.6956 -17.6255 -30.7539 -29.9795 45.2441
43.923 44.5456 -17.3994 -30.8263 -30.0502 45.2015
43.7687 44.3951 -17.1735 -30.8989 -30.121 45.1588
43.614 44.2444 -16.9478 -30.9715 -30.1919 45.1159
43.459 44.0932 -16.7223 -31.0441 -30.2629 45.0729
43.3036 43.9417 -16.4971 -31.1169 -30.334 45.0298
43.1478 43.7899 -16.272 -31.1897 -30.4052 44.9866
42.9917 43.6377 -16.0472 -31.2626 -30.4764 44.9432
42.8352 43.4851 -15.8226 -31.3356 -30.5478 44.8996
42.6783 43.3322 -15.5982 -31.4087 -30.6192 44.856
42.5211 43.1789 -15.3741 -31.4819 -30.6908 44.8121
42.3635 43.0253 -15.1501 -31.5552 -30.7625 44.7682
42.2055 42.8713 -14.9264 -31.6285 -30.8342 44.7241
42.0472 42.717 -14.7029 -31.702 -30.9061 44.6798
41.8885 42.5622 -14.4796 -31.7756 -30.9781 44.6354
41.7294 42.4072 -14.2565 -31.8492 -31.0502 44.5909
41.57 42.2517 -14.0337 -31.923 -31.1224 44.5462
41.4102 42.096 -13.811 -31.9968 -31.1947 44.5013
41.25 41.9398 -13.5887 -32.0708 -31.2671 44.4563
41.0895 41.7833 -13.3665 -32.1449 -31.3397 44.4112
40.9286 41.6264 -13.1445 -32.2191 -31.4123 44.3658
40.7673 41.4692 -12.9228 -32.2934 -31.4851 44.3204
40.6057 41.3115 -12.7013 -32.3678 -31.5581 44.2748
40.4436 41.1536 -12.4801 -32.4423 -31.6311 44.229
40.2812 40.9952 -12.259 -32.5169 -31.7042 44.1831
40.1185 40.8365 -12.0382 -32.5917 -31.7775 44.137
39.9553 40.6775 -11.8177 -32.6665 -31.8509 44.0908
39.7918 40.518 -11.5973 -32.7415 -31.9245 44.0444
39.6279 40.3582 -11.3772 -32.8166 -31.9982 43.9978
39.4636 40.198 -11.1574 -32.8918 -32.0719 43.9511
39.299 40.0375 -10.9377 -32.9672 -32.1459 43.9042
39.134 39.8766 -10.7183 -33.0426 -32.2199 43.8572
38.9686 39.7153 -10.4992 -33.1182 -32.2941 43.81
38.8028 39.5536 -10.2802 -33.1939 -32.3685 43.7627
38.6366 39.3916 -10.0615 -33.2697 -32.4429 43.7151
38.4701 39.2292 -9.84307 -33.3457 -32.5175 43.6675
38.3032 39.0664 -9.62485 -33.4218 -32.5922 43.6196
38.1359 38.9033 -9.40687 -33.498 -32.6671 43.5716
37.9682 38.7398 -9.18913 -33.5743 -32.7421 43.5235
37.8001 38.5759 -8.97164 -33.6507 -32.8172 43.4751
37.6317 38.4116 -8.75438 -33.7273 -32.8925 43.4266
37.4629 38.2469 -8.53737 -33.804 -32.9679 43.378
37.2936 38.0819 -8.3206 -33.8809 -33.0435 43.3292
37.124 37.9165 -8.10408 -33.9578 -33.1192 43.2802
36.9541 37.7507 -7.8878 -34.0349 -33.195 43.231
36.7837 37.5846 -7.67177 -34.1121 -33.271 43.1817
36.6129 37.418 -7.45598 -34.1895 -33.3471 43.1322
36.4418 37.2511 -7.24045 -34.267 -33.4233 43.0826
36.2703 37.0838 -7.02516 -34.3446 -33.4997 43.0327
36.0984 36.9161 -6.81012 -34.4223 -33.5762 42.9827
35.9261 36.748 -6.59533 -34.5002 -33.6529 42.9326
35.7534 36.5796 -6.38079 -34.5782 -33.7297 42.8822
35.5803 36.4107 -6.16651 -34.6563 -33.8067 42.8317
35.4068 36.2415 -5.95248 -34.7346 -33.8838 42.781
35.2329 36.0719 -5.7387 -34.813 -33.961 42.7302
35.0587 35.9019 -5.52517 -34.8915 -34.0384 42.6791
34.884 35.7315 -5.31191 -34.9702 -34.1159 42.6279
34.709 35.5607 -5.0989 -35.0489 -34.1936 42.5766
34.5335 35.3896 -4.88614 -35.1279 -34.2714 42.525
34.3577 35.218 -4.67365 -35.2069 -34.3493 42.4733
34.1814 35.0461 -4.46141 -35.2861 -34.4274 42.4213
34.0048 34.8737 -4.24943 -35.3654 -34.5056 42.3693
33.8278 34.701 -4.03772 -35.4449 -34.584 42.317
33.6504 34.5279 -3.82626 -35.5245 -34.6625 42.2645
33.4726 34.3544 -3.61507 -35.6042 -34.7412 42.2119
33.2943 34.1805 -3.40414 -35.684 -34.82 42.1591
33.1157 34.0062 -3.19348 -35.764 -34.899 42.1061
32.9367 33.8315 -2.98308 -35.8441 -34.9781 42.0529
32.7573 33.6564 -2.77295 -35.9244 -35.0573 41.9995
32.5774 33.4809 -2.56309 -36.0048 -35.1367 41.946
32.3972 33.305 -2.35349 -36.0853 -35.2162 41.8922
32.2166 33.1288 -2.14417 -36.1659 -35.2959 41.8383
32.0356 32.9521 -1.93511 -36.2467 -35.3757 41.7841
31.8541 32.775 -1.72632 -36.3276 -35.4557 41.7298
31.6723 32.5975 -1.51781 -36.4087 -35.5358 41.6753
31.49 32.4196 -1.30957 -36.4899 -35.616 41.6206
31.3074 32.2414 -1.1016 -36.5712 -35.6964 41.5657
31.1243 32.0627 -0.893913 -36.6526 -35.777 41.5107
30.9409 31.8836 -0.686498 -36.7342 -35.8576 41.4554
30.757 31.7041 -0.47936 -36.8159 -35.9385 41.3999
30.5727 31.5242 -0.272499 -36.8978 -36.0194 41.3442
30.388 31.3439 -0.0659175 -36.9798 -36.1006 41.2883
30.2029 31.1632 0.140384 -37.0619 -36.1818 41.2323
30.0174 30.9821 0.346405 -37.1441 -36.2632 41.176
29.8315 30.8006 0.552144 -37.2265 -36.3448 41.1195
29.6451 30.6186 0.7576 -37.3091 -36.4265 41.0628
29.4584 30.4363 0.962772 -37.3917 -36.5083 41.0059
29.2712 30.2536 1.16766 -37.4745 -36.5903 40.9488
29.0836 30.0704 1.37226 -37.5574 -36.6725 40.8915
28.8956 29.8868 1.57657 -37.6405 -36.7547 40.834
28.7072 29.7029 1.7806 -37.7237 -36.8372 40.7763
28.5184 29.5185 1.98434 -37.807 -36.9197 40.7183
28.3292 29.3337 2.18778 -37.8905 -37.0025 40.6602
28.1395 29.1484 2.39094 -37.9741 -37.0853 40.6018
27.9494 28.9628 2.5938 -38.0578 -37.1683 40.5432
27.7589 28.7768 2.79637 -38.1417 -37.2515 40.4844
27.568 28.5903 2.99864 -38.2257 -37.3348 40.4254
27.3767 28.4034 3.20062 -38.3098 -37.4182 40.3661
27.1849 28.2161 3.40231 -38.3941 -37.5018 40.3067
26.9927 28.0284 3.60369 -38.4785 -37.5856 40.247
26.8001 27.8403 3.80478 -38.5631 -37.6695 40.1871
26.6071 27.6517 4.00556 -38.6478 -37.7535 40.127
26.4136 27.4627 4.20605 -38.7326 -37.8377 40.0666
26.2198 27.2733 4.40623 -38.8175 -37.922 40.006
26.0255 27.0835 4.60611 -38.9026 -38.0065 39.9452
25.8307 26.8933 4.80568 -38.9879 -38.0911 39.8841
25.6356 26.7026 5.00495 -39.0732 -38.1759 39.8228
25.44 26.5115 5.20391 -39.1587 -38.2608 39.7613
25.244 26.32 5.40256 -39.2444 -38.3459 39.6996
25.0476 26.128 5.6009 -39.3302 -38.4311 39.6376
24.8507 25.9357 5.79894 -39.4161 -38.5165 39.5754
24.6534 25.7429 5.99666 -39.5021 -38.602 39.5129
24.4557 25.5496 6.19407 -39.5883 -38.6877 39.4502
24.2575 25.356 6.39116 -39.6746 -38.7735 39.3872
24.0589 25.1619 6.58794 -39.7611 -38.8594 39.324
23.8599 24.9674 6.7844 -39.8477 -38.9455 39.2606
23.6604 24.7725 6.98054 -39.9345 -39.0318 39.1969
23.4606 24.5771 7.17637 -40.0213 -39.1182 39.1329
23.2602 24.3813 7.37187 -40.1084 -39.2048 39.0687
23.0595 24.185 7.56706 -40.1955 -39.2915 39.0043
22.8583 23.9884 7.76192 -40.2828 -39.3784 38.9396
22.6566 23.7913 7.95645 -40.3703 -39.4654 38.8746
22.4546 23.5937 8.15066 -40.4579 -39.5525 38.8094
22.2521 23.3957 8.34454 -40.5456 -39.6399 38.7439
22.0491 23.1973 8.5381 -40.6335 -39.7273 38.6782
21.8457 22.9985 8.73133 -40.7215 -39.815 38.6122
21.6419 22.7992 8.92422 -40.8096 -39.9027 38.5459
21.4376 22.5994 9.11679 -40.8979 -39.9907 38.4794
21.2329 22.3993 9.30902 -40.9863 -40.0787 38.4126
21.0278 22.1986 9.50091 -41.0749 -40.167 38.3455
20.8222 21.9976 9.69247 -41.1636 -40.2554 38.2782
20.6161 21.7961 9.88369 -41.2525 -40.3439 38.2106
20.4096 21.5941 10.0746 -41.3415 -40.4326 38.1427
20.2027 21.3918 10.2651 -41.4306 -40.5215 38.0746
19.9953 21.1889 10.4553 -41.5199 -40.6105 38.0061
19.7875 20.9857 10.6452 -41.6094 -40.6996 37.9374
19.5792 20.7819 10.8347 -41.699 -40.789 37.8684
19.3705 20.5778 11.0239 -41.7887 -40.8784 37.7991
19.1614 20.3731 11.2127 -41.8786 -40.9681 37.7295
18.9517 20.1681 11.4012 -41.9686 -41.0579 37.6597
18.7417 19.9626 11.5893 -42.0588 -41.1478 37.5895
18.5312 19.7566 11.7771 -42.1491 -41.2379 37.5191
18.3202 19.5502 11.9645 -42.2396 -41.3282 37.4484
18.1088 19.3433 12.1515 -42.3302 -41.4186 37.3774
17.8969 19.136 12.3383 -42.4209 -41.5092 37.306
17.6846 18.9282 12.5246 -42.5118 -41.5999 37.2344
17.4718 18.72 12.7106 -42.6029 -41.6908 37.1625
17.2585 18.5113 12.8962 -42.6941 -41.7819 37.0903
17.0448 18.3022 13.0815 -42.7855 -41.8731 37.0177
16.8307 18.0926 13.2664 -42.877 -41.9645 36.9449
16.6161 17.8825 13.4509 -42.9686 -42.056 36.8718
16.401 17.672 13.6351 -43.0604 -42.1477 36.7983
16.1854 17.4611 13.8189 -43.1524 -42.2396 36.7245
15.9695 17.2496 14.0024 -43.2445 -42.3316 36.6505
15.753 17.0377 14.1854 -43.3368 -42.4238 36.5761
15.5361 16.8254 14.3681 -43.4292 -42.5162 36.5013
15.3187 16.6126 14.5504 -43.5218 -42.6087 36.4263
15.1009 16.3993 14.7324 -43.6145 -42.7014 36.3509
14.8826 16.1856 14.914 -43.7074 -42.7942 36.2752
14.6638 15.9714 15.0951 -43.8004 -42.8872 36.1992
14.4446 15.7567 15.2759 -43.8936 -42.9804 36.1229
14.2249 15.5416 15.4564 -43.9869 -43.0738 36.0462
14.0047 15.326 15.6364 -44.0804 -43.1673 35.9692
13.7841 15.1099 15.8161 -44.1741 -43.2609 35.8918
13.563 14.8933 15.9953 -44.2679 -43.3548 35.8141
13.3414 14.6763 16.1742 -44.3619 -43.4488 35.7361
13.1193 14.4589 16.3527 -44.456 -43.543 35.6577
12.8968 14.2409 16.5308 -44.5503 -43.6373 35.579
12.6738 14.0225 16.7085 -44.6447 -43.7318 35.5
12.4504 13.8036 16.8858 -44.7393 -43.8265 35.4205
12.2264 13.5842 17.0627 -44.8341 -43.9213 35.3408
12.002 13.3644 17.2392 -44.929 -44.0163 35.2606
11.7771 13.1441 17.4153 -45.0241 -44.1115 35.1802
11.5518 12.9233 17.591 -45.1193 -44.2069 35.0993
11.326 12.702 17.7663 -45.2147 -44.3024 35.0181
11.0996 12.4802 17.9412 -45.3103 -44.3981 34.9365
10.8729 12.258 18.1157 -45.406 -44.494 34.8546
10.6456 12.0353 18.2897 -45.5019 -44.59 34.7723
10.4178 11.8121 18.4634 -45.598 -44.6863 34.6896
10.1896 11.5884 18.6366 -45.6942 -44.7826 34.6066
9.96089 11.3643 18.8094 -45.7906 -44.8792 34.5231
9.7317 11.1396 18.9818 -45.8871 -44.9759 34.4393
9.50202 10.9145 19.1538 -45.9838 -45.0729 34.3551
9.27186 10.6889 19.3254 -46.0807 -45.1699 34.2705
9.04121 10.4628 19.4965 -46.1777 -45.2672 34.1856
8.81008 10.2362 19.6673 -46.2749 -45.3646 34.1002
8.57846 10.0092 19.8375 -46.3723 -45.4623 34.0145
8.34636 9.78162 20.0074 -46.4699 -45.5601 33.9283
8.11376 9.55358 20.1768 -46.5676 -45.658 33.8418
7.88068 9.32504 20.3458 -46.6654 -45.7562 33.7548
7.64711 9.09601 20.5144 -46.7635 -45.8545 33.6675
7.41305 8.8665 20.6825 -46.8617 -45.953 33.5797
7.17849 8.63648 20.8502 -46.9601 -46.0517 33.4916
6.94345 8.40598 21.0174 -47.0587 -46.1505 33.403
6.70791 8.17498 21.1842 -47.1574 -46.2496 33.314
6.47187 7.94348 21.3505 -47.2563 -46.3488 33.2246
6.23534 7.71149 21.5164 -47.3554 -46.4482 33.1348
5.99832 7.479 21.6819 -47.4546 -46.5478 33.0445
5.7608 7.24601 21.8469 -47.554 -46.6475 32.9538
5.52278 7.01253 22.0114 -47.6536 -46.7475 32.8627
5.28426 6.77854 22.1755 -47.7534 -46.8476 32.7712
5.04524 6.54405 22.3391 -47.8533 -46.9479 32.6792
4.80573 6.30906 22.5023 -47.9534 -47.0484 32.5868
4.56571 6.07357 22.665 -48.0537 -47.1491 32.4939
4.32519 5.83757 22.8272 -48.1542 -47.25 32.4006
4.08417 5.60107 22.989 -48.2548 -47.351 32.3069
3.84264 5.36406 23.1503 -48.3557 -47.4522 32.2127
3.60061 5.12654 23.3111 -48.4567 -47.5536 32.118
3.35807 4.88852 23.4715 -48.5578 -47.6552 32.0229
3.11503 4.64999 23.6314 -48.6592 -47.757 31.9274
2.87148 4.41095 23.7908 -48.7607 -47.859 31.8313
2.62742 4.1714 23.9497 -48.8624 -47.9612 31.7348
2.38286 3.93134 24.1081 -48.9643 -48.0635 31.6379
2.13778 3.69077 24.2661 -49.0664 -48.1661 31.5404
1.89219 3.44968 24.4235 -49.1687 -48.2688 31.4425
1.64609 3.20808 24.5805 -49.2711 -48.3717 31.3441
1.39948 2.96596 24.737 -49.3737 -48.4748 31.2452
1.15236 2.72333 24.8929 -49.4765 -48.5781 31.1459
0.904717 2.48018 25.0484 -49.5795 -48.6816 31.046
0.656562 2.23651 25.2034 -49.6827 -48.7853 30.9457
0.40789 1.99233 25.3579 -49.786 -48.8892 30.8448
0.158701 1.74762 25.5119 -49.8896 -48.9932 30.7435
-0.0910057 1.50239 25.6653 -49.9933 -49.0975 30.6417
-0.341232 1.25665 25.8183 -50.0972 -49.2019 30.5393
-0.591978 1.01037 25.9707 -50.2013 -49.3066 30.4364
-0.843245 0.76358 26.1226 -50.3056 -49.4114 30.3331
-1.09503 0.516261 26.274 -50.41 -49.5164 30.2292
-1.34735 0.268416 26.4249 -50.5147 -49.6216 30.1248
-1.60018 0.0200444 26.5753 -50.6195 -49.7271 30.0198
-1.85354 -0.228855 26.7251 -50.7246 -49.8327 29.9143
-2.10743 -0.478282 26.8744 -50.8298 -49.9385 29.8083
-2.36184 -0.72824 27.0232 -50.9352 -50.0445 29.7018
-2.61678 -0.978727 27.1714 -51.0408 -50.1507 29.5947
-2.87225 -1.22975 27.3192 -51.1466 -50.2571 29.4871
-3.12824 -1.4813 27.4663 -51.2526 -50.3637 29.3789
-3.38477 -1.73338 27.6129 -51.3587 -50.4705 29.2702
-3.64183 -1.986 27.759 -51.4651 -50.5774 29.1609
-3.89942 -2.23916 27.9046 -51.5717 -50.6846 29.0511
-4.15755 -2.49285 28.0495 -51.6784 -50.792 28.9407
-4.41621 -2.74708 28.194 -51.7854 -50.8996 28.8297
-4.6754 -3.00185 28.3378 -51.8925 -51.0074 28.7182
-4.93513 -3.25715 28.4811 -51.9998 -51.1154 28.6061
-5.1954 -3.513 28.6239 -52.1074 -51.2236 28.4934
-5.45621 -3.76939 28.7661 -52.2151 -51.3319 28.3801
-5.71755 -4.02632 28.9077 -52.323 -51.4405 28.2662
-5.97944 -4.28379 29.0487 -52.4311 -51.5493 28.1517
-6.24186 -4.54181 29.1892 -52.5394 -51.6583 28.0367
-6.50483 -4.80038 29.3291 -52.6479 -51.7675 27.921
-6.76834 -5.05949 29.4684 -52.7566 -51.8769 27.8047
-7.0324 -5.31914 29.6072 -52.8655 -51.9865 27.6879
-7.297 -5.57935 29.7453 -52.9746 -52.0963 27.5704
-7.56215 -5.84011 29.8829 -53.0839 -52.2063 27.4523
-7.82784 -6.10141 30.0198 -53.1934 -52.3165 27.3335
-8.09408 -6.36327 30.1562 -53.3031 -52.4269 27.2142
-8.36087 -6.62568 30.292 -53.413 -52.5375 27.0942
-8.62821 -6.88865 30.4271 -53.5231 -52.6483 26.9735
-8.8961 -7.15217 30.5617 -53.6334 -52.7594 26.8522
-9.16454 -7.41624 30.6957 -53.7439 -52.8706 26.7303
-9.43354 -7.68087 30.829 -53.8546 -52.982 26.6077
-9.70309 -7.94606 30.9617 -53.9656 -53.0937 26.4845
-9.9732 -8.21181 31.0938 -54.0767 -53.2055 26.3606
-10.2439 -8.47812 31.2253 -54.188 -53.3176 26.236
-10.5151 -8.74499 31.3562 -54.2995 -53.4298 26.1108
-10.7869 -9.01242 31.4864 -54.4112 -53.5423 25.9849
-11.0592 -9.28041 31.6161 -54.5231 -53.655 25.8583
-11.3321 -9.54897 31.745 -54.6353 -53.7678 25.731
-11.6055 -9.81809 31.8734 -54.7476 -53.8809 25.6031
-11.8796 -10.0878 32.0011 -54.8601 -53.9942 25.4744
-12.1541 -10.358 32.1281 -54.9729 -54.1077 25.345
-12.4293 -10.6289 32.2545 -55.0858 -54.2214 25.2149
-12.705 -10.9002 32.3803 -55.199 -54.3354 25.0841
-12.9813 -11.1722 32.5053 -55.3123 -54.4495 24.9526
-13.2581 -11.4447 32.6298 -55.4259 -54.5638 24.8204
-13.5355 -11.7178 32.7536 -55.5397 -54.6784 24.6874
-13.8135 -11.9915 32.8767 -55.6536 -54.7931 24.5537
-14.0921 -12.2658 32.9991 -55.7678 -54.9081 24.4193
-14.3712 -12.5406 33.1208 -55.8822 -55.0232 24.2841
-14.6509 -12.816 33.2419 -55.9968 -55.1386 24.1482
-14.9312 -13.092 33.3623 -56.1116 -55.2542 24.0115
-15.212 -13.3685 33.482 -56.2267 -55.37 23.874
-15.4934 -13.6457 33.6011 -56.3419 -55.486 23.7358
-15.7754 -13.9234 33.7194 -56.4573 -55.6022 23.5968
-16.058 -14.2017 33.837 -56.573 -55.7187 23.457
-16.3412 -14.4806 33.954 -56.6888 -55.8353 23.3165
-16.6249 -14.7601 34.0702 -56.8049 -55.9522 23.1751
-16.9092 -15.0401 34.1857 -56.9212 -56.0692 23.0329
-17.1941 -15.3208 34.3005 -57.0377 -56.1865 22.89
-17.4796 -15.602 34.4146 -57.1544 -56.304 22.7462
-17.7657 -15.8838 34.528 -57.2713 -56.4216 22.6016
-18.0523 -16.1662 34.6406 -57.3884 -56.5395 22.4562
-18.3395 -16.4492 34.7526 -57.5057 -56.6576 22.3099
-18.6274 -16.7328 34.8637 -57.6232 -56.7759 22.1628
-18.9158 -17.017 34.9742 -57.741 -56.8945 22.0149
-19.2048 -17.3017 35.0839 -57.8589 -57.0132 21.8661
-19.4944 -17.5871 35.1928 -57.9771 -57.1321 21.7165
-19.7845 -17.873 35.3011 -58.0955 -57.2513 21.566
-20.0753 -18.1596 35.4085 -58.2141 -57.3706 21.4146
-20.3667 -18.4467 35.5152 -58.3329 -57.4902 21.2623
-20.6586 -18.7345 35.6211 -58.4519 -57.61 21.1092
-20.9512 -19.0228 35.7263 -58.5711 -57.7299 20.9551
-21.2444 -19.3118 35.8307 -58.6905 -57.8501 20.8002
-21.5381 -19.6014 35.9343 -58.8102 -57.9705 20.6444
-21.8325 -19.8915 36.0371 -58.93 -58.0911 20.4876
-22.1274 -20.1823 36.1392 -59.0501 -58.2119 20.33
-22.423 -20.4736 36.2404 -59.1703 -58.3329 20.1713
-22.7191 -20.7656 36.3409 -59.2908 -58.4541 20.0118
-23.0159 -21.0582 36.4405 -59.4115 -58.5756 19.8513
-23.3132 -21.3513 36.5394 -59.5324 -58.6972 19.6899
-23.6112 -21.6451 36.6374 -59.6535 -58.819 19.5275
-23.9098 -21.9395 36.7347 -59.7748 -58.941 19.3642
-24.2089 -22.2345 36.8311 -59.8963 -59.0633 19.1998
-24.5087 -22.5302 36.9267 -60.0181 -59.1857 19.0345
-24.8091 -22.8264 37.0214 -60.14 -59.3083 18.8682
-25.1101 -23.1233 37.1153 -60.2622 -59.4312 18.7009
-25.4117 -23.4207 37.2084 -60.3845 -59.5542 18.5326
-25.714 -23.7188 37.3007 -60.5071 -59.6775 18.3633
-26.0168 -24.0175 37.3921 -60.6298 -59.8009 18.1929
-26.3203 -24.3168 37.4826 -60.7528 -59.9245 18.0215
-26.6243 -24.6167 37.5723 -60.876 -60.0484 17.8491
-26.929 -24.9173 37.6611 -60.9993 -60.1724 17.6757
-27.2343 -25.2185 37.749 -61.1229 -60.2966 17.5011
-27.5403 -25.5203 37.8361 -61.2467 -60.421 17.3255
-27.8468 -25.8227 37.9223 -61.3707 -60.5457 17.1489
-28.154 -26.1257 38.0076 -61.4949 -60.6705 16.9711
-28.4617 -26.4294 38.092 -61.6193 -60.7955 16.7923
-28.7702 -26.7337 38.1755 -61.7438 -60.9207 16.6123
-29.0792 -27.0386 38.2581 -61.8686 -61.046 16.4313
-29.3888 -27.3441 38.3398 -61.9936 -61.1716 16.2491
-29.6991 -27.6503 38.4206 -62.1188 -61.2974 16.0658
-30.01 -27.9571 38.5005 -62.2442 -61.4233 15.8813
-30.3216 -28.2645 38.5794 -62.3697 -61.5494 15.6957
-30.6337 -28.5726 38.6574 -62.4955 -61.6757 15.5089
-30.9465 -28.8813 38.7345 -62.6214 -61.8022 15.321
-31.2599 -29.1906 38.8107 -62.7476 -61.9289 15.1319
-31.574 -29.5006 38.8858 -62.8739 -62.0558 14.9416
-31.8887 -29.8112 38.9601 -63.0005 -62.1828 14.7501
-32.204 -30.1224 39.0333 -63.1272 -62.31 14.5574
-32.52 -30.4343 39.1056 -63.2541 -62.4374 14.3634
-32.8365 -30.7468 39.177 -63.3812 -62.565 14.1682
-33.1538 -31.0599 39.2473 -63.5084 -62.6927 13.9718
-33.4716 -31.3737 39.3167 -63.6359 -62.8206 13.7742
-33.7901 -31.6881 39.3851 -63.7635 -62.9487 13.5752
-34.1093 -32.0032 39.4524 -63.8913 -63.0769 13.375
-34.429 -32.3189 39.5188 -64.0193 -63.2053 13.1735
-34.7495 -32.6353 39.5842 -64.1475 -63.3339 12.9707
-35.0705 -32.9522 39.6485 -64.2758 -63.4626 12.7666
-35.3922 -33.2699 39.7118 -64.4043 -63.5915 12.5612
-35.7146 -33.5882 39.7741 -64.533 -63.7206 12.3545
-36.0375 -33.9071 39.8354 -64.6618 -63.8498 12.1464
-36.3612 -34.2267 39.8956 -64.7909 -63.9792 11.9369
-36.6855 -34.5469 39.9548 -64.92 -64.1087 11.7261
-37.0104 -34.8677 40.0129 -65.0494 -64.2383 11.5139
-37.3359 -35.1893 40.0699 -65.1789 -64.3681 11.3003
-37.6622 -35.5114 40.1259 -65.3085 -64.4981 11.0852
-37.989 -35.8342 40.1808 -65.4383 -64.6282 10.8688
-38.3165 -36.1577 40.2346 -65.5683 -64.7584 10.651
-38.6447 -36.4818 40.2873 -65.6984 -64.8888 10.4317
-38.9735 -36.8066 40.3389 -65.8286 -65.0193 10.2109
-39.303 -37.132 40.3894 -65.959 -65.1499 9.98865
-39.6331 -37.4581 40.4388 -66.0895 -65.2807 9.76494
-39.9639 -37.7848 40.487 -66.2202 -65.4116 9.53972
-40.2953 -38.1122 40.5342 -66.351 -65.5426 9.31299
-40.6274 -38.4403 40.5801 -66.4819 -65.6737 9.08474
-40.9601 -38.7689 40.625 -66.613 -65.805 8.85495
-41.2935 -39.0983 40.6687 -66.7442 -65.9364 8.6236
-41.6276 -39.4283 40.7112 -66.8755 -66.0679 8.39068
-41.9623 -39.759 40.7526 -67.0069 -66.1994 8.15618
-42.2977 -40.0903 40.7928 -67.1385 -66.3311 7.92009
-42.6337 -40.4223 40.8318 -67.2701 -66.4629 7.68238
-42.9704 -40.7549 40.8696 -67.4019 -66.5948 7.44304
-43.3077 -41.0882 40.9062 -67.5337 -66.7268 7.20206
-43.6457 -41.4222 40.9416 -67.6657 -66.8589 6.95942
-43.9844 -41.7568 40.9758 -67.7977 -66.9911 6.7151
-44.3237 -42.0921 41.0088 -67.9299 -67.1233 6.4691
-44.6637 -42.4281 41.0405 -68.0621 -67.2556 6.22139
-45.0043 -42.7647 41.071 -68.1944 -67.3881 5.97196
-45.3456 -43.1019 41.1002 -68.3268 -67.5205 5.72079
-45.6876 -43.4399 41.1282 -68.4593 -67.6531 5.46787
-46.0302 -43.7785 41.1549 -68.5918 -67.7857 5.21317
-46.3735 -44.1177 41.1803 -68.7244 -67.9184 4.95669
-46.7174 -44.4577 41.2045 -68.857 -68.0511 4.6984
-47.0621 -44.7982 41.2273 -68.9897 -68.1839 4.43829
-47.4073 -45.1395 41.2489 -69.1225 -68.3167 4.17633
-47.7533 -45.4814 41.2691 -69.2552 -68.4496 3.91252
-48.0999 -45.824 41.288 -69.3881 -68.5825 3.64683
-48.4472 -46.1672 41.3056 -69.5209 -68.7155 3.37925
-48.7951 -46.5111 41.3218 -69.6538 -68.8484 3.10976
-49.1437 -46.8557 41.3367 -69.7867 -68.9814 2.83833
-49.493 -47.201 41.3502 -69.9196 -69.1144 2.56496
-49.8429 -47.5469 41.3623 -70.0525 -69.2475 2.28962
-50.1935 -47.8934 41.3731 -70.1854 -69.3805 2.01229
-50.5447 -48.2407 41.3824 -70.3183 -69.5135 1.73295
-50.8967 -48.5886 41.3904 -70.4512 -69.6466 1.45158
-51.2493 -48.9371 41.3969 -70.5841 -69.7796 1.16817
-51.6025 -49.2864 41.4021 -70.7169 -69.9126 0.882696
-51.9564 -49.6363 41.4058 -70.8498 -70.0456 0.595133
-52.311 -49.9868 41.408 -70.9825 -70.1786 0.305463
-52.6663 -50.3381 41.4088 -71.1153 -70.3115 0.0136647
-53.0222 -50.6899 41.4082 -71.2479 -70.4444 -0.280282
-53.3787 -51.0425 41.406 -71.3805 -70.5773 -0.576398
-53.736 -51.3957 41.4024 -71.5131 -70.7101 -0.874705
-54.0939 -51.7496 41.3973 -71.6455 -70.8429 -1.17522
-54.4524 -52.1041 41.3906 -71.7779 -70.9756 -1.47798
-54.8116 -52.4594 41.3825 -71.9102 -71.1082 -1.78299
-55.1715 -52.8152 41.3728 -72.0423 -71.2407 -2.09027
-55.5321 -53.1718 41.3616 -72.1744 -71.3732 -2.39986
-55.8933 -53.529 41.3488 -72.3063 -71.5056 -2.71178
-56.2551 -53.8868 41.3345 -72.4381 -71.6378 -3.02603
-56.6176 -54.2453 41.3186 -72.5698 -71.77 -3.34266
-56.9808 -54.6045 41.301 -72.7013 -71.9021 -3.66168
-57.3447 -54.9644 41.2819 -72.8327 -72.034 -3.98312
-57.7092 -55.3249 41.2612 -72.9639 -72.1658 -4.307
-58.0743 -55.686 41.2389 -73.0949 -72.2975 -4.63334
-58.4401 -56.0478 41.2149 -73.2257 -72.429 -4.96217
-58.8066 -56.4103 41.1892 -73.3563 -72.5603 -5.29351
-59.1737 -56.7734 41.1619 -73.4868 -72.6915 -5.62739
-59.5414 -57.1372 41.133 -73.6169 -72.8226 -5.96384
-59.9098 -57.5017 41.1023 -73.7469 -72.9534 -6.30287
-60.2789 -57.8668 41.0699 -73.8766 -73.084 -6.64452
-60.6486 -58.2325 41.0359 -74.0061 -73.2145 -6.9888
-61.019 -58.5989 41 -74.1353 -73.3447 -7.33575
-61.39 -58.966 40.9625 -74.2642 -73.4747 -7.68539
-61.7616 -59.3336 40.9232 -74.3929 -73.6045 -8.03775
-62.1339 -59.702 40.8821 -74.5212 -73.7341 -8.39286
-62.5068 -60.071 40.8393 -74.6492 -73.8633 -8.75073
-62.8804 -60.4406 40.7946 -74.7769 -73.9924 -9.11141
-63.2546 -60.8109 40.7481 -74.9043 -74.1211 -9.47491
-63.6294 -61.1818 40.6999 -75.0313 -74.2496 -9.84126
-64.0049 -61.5534 40.6497 -75.1579 -74.3777 -10.2105
-64.381 -61.9256 40.5978 -75.2842 -74.5056 -10.5826
-64.7577 -62.2985 40.5439 -75.41 -74.6331 -10.9577
-65.1351 -62.672 40.4882 -75.5355 -74.7603 -11.3358
-65.5131 -63.0461 40.4306 -75.6605 -74.8871 -11.7168
-65.8917 -63.4208 40.371 -75.7851 -75.0135 -12.1009
-66.2709 -63.7962 40.3095 -75.9092 -75.1396 -12.488
-66.6508 -64.1722 40.2461 -76.0329 -75.2653 -12.8782
-67.0313 -64.5489 40.1808 -76.156 -75.3906 -13.2715
-67.4124 -64.9261 40.1134 -76.2787 -75.5155 -13.668
-67.7941 -65.304 40.0441 -76.4008 -75.6399 -14.0676
-68.1764 -65.6825 39.9727 -76.5224 -75.7638 -14.4705
-68.5593 -66.0617 39.8994 -76.6435 -75.8873 -14.8766
-68.9428 -66.4414 39.824 -76.7639 -76.0103 -15.2859
-69.3269 -66.8218 39.7465 -76.8838 -76.1328 -15.6985
-69.7116 -67.2027 39.667 -77.0031 -76.2548 -16.1145
-70.097 -67.5843 39.5854 -77.1217 -76.3763 -16.5338
-70.4829 -67.9665 39.5016 -77.2397 -76.4972 -16.9566
-70.8694 -68.3493 39.4158 -77.357 -76.6175 -17.3827
-71.2564 -68.7327 39.3278 -77.4736 -76.7372 -17.8123
-71.6441 -69.1166 39.2377 -77.5895 -76.8563 -18.2454
-72.0323 -69.5012 39.1454 -77.7047 -76.9747 -18.682
-72.4211 -69.8864 39.0509 -77.8191 -77.0925 -19.1222
-72.8105 -70.2722 38.9541 -77.9328 -77.2097 -19.5659
-73.2005 -70.6585 38.8552 -78.0456 -77.3261 -20.0133
-73.591 -71.0454 38.754 -78.1576 -77.4418 -20.4644
-73.982 -71.4329 38.6505 -78.2688 -77.5568 -20.9191
-74.3737 -71.821 38.5448 -78.3791 -77.671 -21.3775
-74.7658 -72.2096 38.4368 -78.4885 -77.7844 -21.8397
-75.1585 -72.5988 38.3264 -78.597 -77.897 -22.3057
-75.5518 -72.9886 38.2137 -78.7045 -78.0087 -22.7756
-75.9456 -73.3789 38.0987 -78.8111 -78.1196 -23.2493
-76.3399 -73.7698 37.9812 -78.9166 -78.2296 -23.7268
-76.7348 -74.1612 37.8614 -79.0211 -78.3387 -24.2084
-77.1301 -74.5532 37.7391 -79.1246 -78.4468 -24.6939
-77.526 -74.9457 37.6144 -79.2269 -78.554 -25.1833
-77.9224 -75.3387 37.4873 -79.3282 -78.6601 -25.6769
-78.3193 -75.7323 37.3577 -79.4283 -78.7652 -26.1745
-78.7167 -76.1264 37.2256 -79.5272 -78.8693 -26.6762
-79.1146 -76.521 37.0909 -79.6249 -78.9722 -27.1821
-79.5129 -76.9161 36.9537 -79.7213 -79.0741 -27.6921
-79.9118 -77.3117 36.814 -79.8165 -79.1747 -28.2064
-80.3111 -77.7078 36.6717 -79.9104 -79.2742 -28.7249
-80.7109 -78.1045 36.5267 -80.0029 -79.3725 -29.2477
-81.1111 -78.5016 36.3792 -80.094 -79.4695 -29.7749
-81.5118 -78.8992 36.229 -80.1837 -79.5652 -30.3064
-81.913 -79.2972 36.0761 -80.272 -79.6595 -30.8423
-82.3145 -79.6957 35.9206 -80.3587 -79.7525 -31.3827
-82.7165 -80.0947 35.7623 -80.4439 -79.8441 -31.9276
-83.119 -80.4942 35.6013 -80.5275 -79.9342 -32.4769
-83.5218 -80.8941 35.4375 -80.6096 -80.0229 -33.0308
-83.9251 -81.2944 35.271 -80.6899 -80.11 -33.5893
-84.3287 -81.6952 35.1016 -80.7686 -80.1956 -34.1525
-84.7328 -82.0964 34.9295 -80.8455 -80.2795 -34.7202
-85.1372 -82.498 34.7544 -80.9206 -80.3618 -35.2927
-85.542 -82.9 34.5765 -80.9939 -80.4424 -35.8699
-85.9471 -83.3024 34.3957 -81.0653 -80.5212 -36.4519
-86.3526 -83.7052 34.212 -81.1347 -80.5983 -37.0387
-86.7585 -84.1084 34.0253 -81.2022 -80.6735 -37.6304
-87.1646 -84.5119 33.8357 -81.2677 -80.7468 -38.2269
-87.5711 -84.9159 33.6431 -81.3311 -80.8182 -38.8284
-87.978 -85.3201 33.4474 -81.3923 -80.8876 -39.4348
-88.3851 -85.7247 33.2487 -81.4514 -80.9549 -40.0462
-88.7925 -86.1297 33.047 -81.5082 -81.0202 -40.6626
-89.2001 -86.5349 32.8421 -81.5627 -81.0833 -41.284
-89.6081 -86.9405 32.6341 -81.6149 -81.1442 -41.9106
-90.0163 -87.3464 32.423 -81.6647 -81.2028 -42.5423
-90.4247 -87.7525 32.2087 -81.712 -81.2591 -43.1791
-90.8334 -88.159 31.9912 -81.7567 -81.3131 -43.8212
-91.2423 -88.5657 31.7705 -81.7989 -81.3646 -44.4684
-91.6514 -88.9726 31.5465 -81.8384 -81.4136 -45.121
-92.0607 -89.3798 31.3193 -81.8752 -81.46 -45.7788
-92.4702 -89.7872 31.0887 -81.9092 -81.5038 -46.4419
-92.8798 -90.1948 30.8548 -81.9404 -81.5449 -47.1104
-93.2896 -90.6027 30.6176 -81.9686 -81.5833 -47.7843
-93.6995 -91.0107 30.377 -81.9939 -81.6188 -48.4635
-94.1095 -91.4188 30.133 -82.0161 -81.6514 -49.1482
-94.5196 -91.8272 29.8855 -82.0351 -81.681 -49.8384
-94.9298 -92.2357 29.6346 -82.051 -81.7076 -50.5341
-95.3401 -92.6443 29.3802 -82.0636 -81.7311 -51.2353
-95.7505 -93.053 29.1222 -82.0728 -81.7514 -51.942
-96.1609 -93.4618 28.8607 -82.0785 -81.7684 -52.6543
-96.5713 -93.8707 28.5957 -82.0808 -81.7821 -53.3721
-96.9817 -94.2796 28.327 -82.0794 -81.7923 -54.0956
-97.3921 -94.6886 28.0547 -82.0744 -81.7991 -54.8247
-97.8024 -95.0976 27.7788 -82.0656 -81.8022 -55.5594
-98.2127 -95.5066 27.4991 -82.0529 -81.8016 -56.2998
-98.6229 -95.9156 27.2158 -82.0363 -81.7973 -57.0459
-99.0331 -96.3246 26.9287 -82.0157 -81.7892 -57.7977
-99.4431 -96.7335 26.6378 -81.9909 -81.777 -58.5551
-99.853 -97.1423 26.3431 -81.962 -81.7609 -59.3183
-100.263 -97.5511 26.0446 -81.9287 -81.7406 -60.0872
-100.672 -97.9597 25.7422 -81.891 -81.7161 -60.8618
-101.082 -98.3683 25.436 -81.8488 -81.6873 -61.6422
-101.491 -98.7766 25.1258 -81.802 -81.654 -62.4283
-101.9 -99.1848 24.8117 -81.7505 -81.6162 -63.2201
-102.308 -99.5928 24.4936 -81.6941 -81.5738 -64.0177
-102.717 -100.001 24.1715 -81.6329 -81.5267 -64.821
-103.125 -100.408 23.8454 -81.5666 -81.4748 -65.63
-103.532 -100.815 23.5152 -81.4952 -81.4179 -66.4447
-103.94 -101.222 23.181 -81.4186 -81.356 -67.2652
-104.346 -101.629 22.8426 -81.3366 -81.2889 -68.0913
-104.753 -102.035 22.5 -81.2492 -81.2165 -68.9231
-105.159 -102.441 22.1533 -81.1562 -81.1388 -69.7605
-105.564 -102.847 21.8024 -81.0575 -81.0555 -70.6036
-105.97 -103.252 21.4473 -80.9529 -80.9667 -71.4522
-106.374 -103.656 21.0879 -80.8425 -80.8721 -72.3065
-106.778 -104.06 20.7242 -80.726 -80.7717 -73.1662
-107.181 -104.464 20.3562 -80.6033 -80.6653 -74.0315
-107.584 -104.867 19.9839 -80.4743 -80.5528 -74.9022
-107.986 -105.269 19.6072 -80.3389 -80.434 -75.7784
-108.387 -105.671 19.2261 -80.1969 -80.309 -76.6599
-108.788 -106.073 18.8406 -80.0482 -80.1774 -77.5467
-109.188 -106.473 18.4507 -79.8928 -80.0393 -78.4387
-109.587 -106.873 18.0562 -79.7304 -79.8944 -79.336
-109.985 -107.272 17.6573 -79.5609 -79.7426 -80.2384
-110.383 -107.67 17.2538 -79.3842 -79.5838 -81.1458
-110.779 -108.068 16.8458 -79.2002 -79.4179 -82.0582
-111.175 -108.464 16.4333 -79.0087 -79.2448 -82.9755
-111.569 -108.86 16.0161 -78.8095 -79.0642 -83.8976
-111.963 -109.255 15.5943 -78.6026 -78.8761 -84.8244
-112.355 -109.649 15.1678 -78.3879 -78.6803 -85.7559
-112.746 -110.042 14.7367 -78.1651 -78.4766 -86.6918
-113.137 -110.434 14.3009 -77.9341 -78.265 -87.6322
-113.526 -110.825 13.8604 -77.6948 -78.0453 -88.5768
-113.914 -111.214 13.4151 -77.447 -77.8174 -89.5257
-114.3 -111.603 12.9651 -77.1907 -77.5811 -90.4785
-114.686 -111.99 12.5104 -76.9256 -77.3362 -91.4353
-115.07 -112.376 12.0508 -76.6517 -77.0827 -92.3959
-115.452 -112.761 11.5864 -76.3687 -76.8204 -93.36
-115.833 -113.144 11.1172 -76.0766 -76.5491 -94.3277
-116.213 -113.526 10.6431 -75.7752 -76.2687 -95.2986
-116.591 -113.907 10.1642 -75.4643 -75.9791 -96.2727
-116.968 -114.286 9.68039 -75.1438 -75.6801 -97.2497
