50 100 -125 0 0 49
49.9999 99.9998 -124.755 -0.0463175 -0.0638657 49.0077
49.9995 99.9994 -124.51 -0.0926492 -0.127749 49.0153
49.999 99.9986 -124.265 -0.138995 -0.191651 49.0229
49.9981 99.9974 -124.02 -0.185355 -0.255571 49.0305
49.9971 99.996 -123.775 -0.23173 -0.319509 49.038
49.9958 99.9942 -123.529 -0.278119 -0.383466 49.0454
49.9943 99.9922 -123.284 -0.324523 -0.447441 49.0528
49.9926 99.9898 -123.039 -0.370941 -0.511435 49.0601
49.9906 99.9871 -122.793 -0.417374 -0.575447 49.0674
49.9884 99.984 -122.548 -0.463822 -0.639479 49.0747
49.986 99.9807 -122.303 -0.510285 -0.703529 49.0818
49.9833 99.977 -122.057 -0.556763 -0.767599 49.089
49.9804 99.973 -121.812 -0.603256 -0.831688 49.0961
49.9773 99.9687 -121.566 -0.649764 -0.895796 49.1031
49.9739 99.964 -121.321 -0.696288 -0.959924 49.1101
49.9703 99.9591 -121.075 -0.742827 -1.02407 49.117
49.9665 99.9538 -120.83 -0.789381 -1.08824 49.1239
49.9624 99.9482 -120.584 -0.835951 -1.15243 49.1307
49.9581 99.9423 -120.338 -0.882537 -1.21663 49.1374
49.9536 99.936 -120.093 -0.929138 -1.28086 49.1442
49.9488 99.9295 -119.847 -0.975756 -1.34511 49.1508
49.9438 99.9226 -119.601 -1.02239 -1.40938 49.1575
49.9386 99.9154 -119.355 -1.06904 -1.47366 49.164
49.9331 99.9078 -119.109 -1.1157 -1.53797 49.1705
49.9275 99.9 -118.864 -1.16238 -1.6023 49.177
49.9215 99.8918 -118.618 -1.20908 -1.66665 49.1834
49.9154 99.8833 -118.372 -1.2558 -1.73103 49.1898
49.909 99.8745 -118.126 -1.30253 -1.79542 49.1961
49.9023 99.8654 -117.88 -1.34927 -1.85983 49.2024
49.8955 99.8559 -117.634 -1.39604 -1.92427 49.2086
49.8884 99.8461 -117.388 -1.44282 -1.98873 49.2147
49.881 99.836 -117.142 -1.48962 -2.0532 49.2208
49.8735 99.8256 -116.896 -1.53643 -2.11771 49.2269
49.8657 99.8148 -116.649 -1.58326 -2.18223 49.2329
49.8576 99.8038 -116.403 -1.63011 -2.24677 49.2389
49.8494 99.7924 -116.157 -1.67697 -2.31134 49.2448
49.8409 99.7807 -115.911 -1.72386 -2.37593 49.2506
49.8321 99.7686 -115.664 -1.77076 -2.44054 49.2564
49.8232 99.7562 -115.418 -1.81768 -2.50518 49.2622
49.814 99.7436 -115.172 -1.86461 -2.56983 49.2679
49.8045 99.7305 -114.925 -1.91156 -2.63451 49.2735
49.7948 99.7172 -114.679 -1.95853 -2.69922 49.2791
49.7849 99.7036 -114.433 -2.00552 -2.76394 49.2847
49.7748 99.6896 -114.186 -2.05253 -2.82869 49.2902
49.7644 99.6753 -113.94 -2.09955 -2.89346 49.2956
49.7538 99.6606 -113.693 -2.1466 -2.95826 49.301
49.7429 99.6457 -113.447 -2.19366 -3.02308 49.3064
49.7319 99.6304 -113.2 -2.24074 -3.08793 49.3117
49.7205 99.6148 -112.954 -2.28783 -3.15279 49.3169
49.709 99.5989 -112.707 -2.33495 -3.21769 49.3221
49.6972 99.5826 -112.46 -2.38208 -3.2826 49.3273
49.6852 99.5661 -112.214 -2.42924 -3.34754 49.3324
49.6729 99.5492 -111.967 -2.47641 -3.41251 49.3374
49.6604 99.5319 -111.72 -2.5236 -3.4775 49.3424
49.6477 99.5144 -111.474 -2.57081 -3.54252 49.3474
49.6347 99.4965 -111.227 -2.61804 -3.60756 49.3523
49.6215 99.4783 -110.98 -2.66529 -3.67262 49.3571
49.608 99.4598 -110.733 -2.71256 -3.73771 49.3619
49.5944 99.4409 -110.487 -2.75984 -3.80283 49.3666
49.5804 99.4217 -110.24 -2.80715 -3.86797 49.3713
49.5663 99.4022 -109.993 -2.85448 -3.93314 49.376
49.5519 99.3824 -109.746 -2.90182 -3.99833 49.3806
49.5373 99.3623 -109.499 -2.94919 -4.06355 49.3851
49.5224 99.3418 -109.252 -2.99657 -4.1288 49.3896
49.5073 99.321 -109.005 -3.04398 -4.19407 49.3941
49.492 99.2998 -108.758 -3.0914 -4.25937 49.3985
49.4764 99.2784 -108.511 -3.13885 -4.3247 49.4028
49.4606 99.2566 -108.264 -3.18631 -4.39005 49.4071
49.4445 99.2345 -108.017 -3.2338 -4.45543 49.4114
49.4282 99.212 -107.77 -3.28131 -4.52084 49.4156
49.4117 99.1893 -107.523 -3.32883 -4.58627 49.4197
49.3949 99.1662 -107.276 -3.37638 -4.65174 49.4238
49.3779 99.1428 -107.029 -3.42395 -4.71722 49.4279
49.3607 99.119 -106.782 -3.47154 -4.78274 49.4319
49.3432 99.0949 -106.534 -3.51915 -4.84829 49.4358
49.3255 99.0705 -106.287 -3.56678 -4.91386 49.4397
49.3076 99.0458 -106.04 -3.61443 -4.97946 49.4436
49.2894 99.0207 -105.793 -3.6621 -5.0451 49.4474
49.2709 98.9953 -105.546 -3.7098 -5.11075 49.4511
49.2523 98.9696 -105.298 -3.75751 -5.17644 49.4548
49.2334 98.9436 -105.051 -3.80525 -5.24216 49.4585
49.2142 98.9172 -104.804 -3.85301 -5.30791 49.4621
49.1948 98.8905 -104.556 -3.90079 -5.37368 49.4656
49.1752 98.8635 -104.309 -3.94859 -5.43949 49.4691
49.1553 98.8361 -104.062 -3.99642 -5.50532 49.4726
49.1352 98.8084 -103.814 -4.04426 -5.57119 49.476
49.1149 98.7804 -103.567 -4.09213 -5.63709 49.4794
49.0943 98.752 -103.319 -4.14002 -5.70301 49.4827
49.0735 98.7234 -103.072 -4.18793 -5.76897 49.4859
49.0524 98.6943 -102.825 -4.23587 -5.83495 49.4891
49.0311 98.665 -102.577 -4.28383 -5.90097 49.4923
49.0096 98.6353 -102.33 -4.33181 -5.96702 49.4954
48.9878 98.6053 -102.082 -4.37981 -6.0331 49.4985
48.9658 98.575 -101.835 -4.42783 -6.09921 49.5015
48.9436 98.5443 -101.587 -4.47588 -6.16535 49.5045
48.9211 98.5134 -101.34 -4.52395 -6.23153 49.5074
48.8983 98.482 -101.092 -4.57205 -6.29774 49.5102
48.8753 98.4504 -100.845 -4.62017 -6.36397 49.5131
48.8521 98.4184 -100.597 -4.66831 -6.43025 49.5158
48.8286 98.3861 -100.349 -4.71647 -6.49655 49.5186
48.8049 98.3534 -100.102 -4.76466 -6.56289 49.5212
48.781 98.3204 -99.8542 -4.81287 -6.62925 49.5238
48.7568 98.2871 -99.6066 -4.8611 -6.69566 49.5264
48.7324 98.2535 -99.3589 -4.90936 -6.76209 49.529
48.7077 98.2195 -99.1113 -4.95765 -6.82856 49.5314
48.6828 98.1852 -98.8636 -5.00595 -6.89507 49.5339
48.6577 98.1506 -98.6159 -5.05428 -6.9616 49.5362
48.6323 98.1156 -98.3683 -5.10264 -7.02817 49.5386
48.6066 98.0803 -98.1206 -5.15101 -7.09478 49.5409
48.5808 98.0446 -97.8728 -5.19942 -7.16142 49.5431
48.5546 98.0087 -97.6251 -5.24784 -7.22809 49.5453
48.5283 97.9724 -97.3774 -5.2963 -7.2948 49.5474
48.5017 97.9357 -97.1297 -5.34477 -7.36155 49.5495
48.4748 97.8987 -96.8819 -5.39327 -7.42833 49.5516
48.4477 97.8614 -96.6341 -5.4418 -7.49515 49.5536
48.4204 97.8238 -96.3864 -5.49035 -7.562 49.5555
48.3928 97.7858 -96.1386 -5.53892 -7.62889 49.5574
48.365 97.7475 -95.8908 -5.58752 -7.69581 49.5593
48.337 97.7089 -95.643 -5.63615 -7.76278 49.5611
48.3087 97.6699 -95.3952 -5.6848 -7.82977 49.5628
48.2801 97.6306 -95.1474 -5.73348 -7.89681 49.5645
48.2513 97.5909 -94.8995 -5.78218 -7.96388 49.5662
48.2223 97.5509 -94.6517 -5.83091 -8.03099 49.5678
48.193 97.5106 -94.4039 -5.87966 -8.09814 49.5694
48.1635 97.4699 -94.156 -5.92844 -8.16533 49.5709
48.1337 97.4289 -93.9081 -5.97724 -8.23255 49.5724
48.1037 97.3876 -93.6603 -6.02607 -8.29981 49.5738
48.0735 97.3459 -93.4124 -6.07493 -8.36712 49.5752
48.043 97.3039 -93.1645 -6.12381 -8.43446 49.5765
48.0122 97.2616 -92.9166 -6.17272 -8.50184 49.5778
47.9813 97.2189 -92.6687 -6.22165 -8.56926 49.579
47.95 97.1759 -92.4208 -6.27061 -8.63672 49.5802
47.9185 97.1326 -92.1729 -6.3196 -8.70422 49.5814
47.8868 97.0889 -91.925 -6.36862 -8.77176 49.5825
47.8549 97.0448 -91.6771 -6.41766 -8.83934 49.5835
47.8227 97.0005 -91.4292 -6.46672 -8.90696 49.5845
47.7902 96.9558 -91.1813 -6.51582 -8.97462 49.5855
47.7575 96.9107 -90.9333 -6.56494 -9.04232 49.5864
47.7245 96.8653 -90.6854 -6.61409 -9.11007 49.5873
47.6914 96.8196 -90.4375 -6.66326 -9.17786 49.5881
47.6579 96.7736 -90.1895 -6.71246 -9.24569 49.5888
47.6242 96.7272 -89.9416 -6.76169 -9.31356 49.5896
47.5903 96.6804 -89.6936 -6.81095 -9.38148 49.5902
47.5561 96.6334 -89.4457 -6.86023 -9.44943 49.5909
47.5217 96.5859 -89.1977 -6.90954 -9.51744 49.5915
47.487 96.5382 -88.9498 -6.95888 -9.58548 49.592
47.4521 96.4901 -88.7018 -7.00825 -9.65357 49.5925
47.4169 96.4416 -88.4538 -7.05764 -9.72171 49.5929
47.3815 96.3929 -88.2059 -7.10707 -9.78988 49.5933
47.3459 96.3437 -87.9579 -7.15651 -9.85811 49.5937
47.31 96.2943 -87.7099 -7.20599 -9.92638 49.594
47.2738 96.2445 -87.462 -7.2555 -9.99469 49.5943
47.2374 96.1943 -87.214 -7.30503 -10.0631 49.5945
47.2008 96.1439 -86.966 -7.35459 -10.1315 49.5947
47.1639 96.093 -86.718 -7.40418 -10.1999 49.5948
47.1267 96.0419 -86.4701 -7.4538 -10.2684 49.5949
47.0893 95.9903 -86.2221 -7.50345 -10.337 49.5949
47.0517 95.9385 -85.9741 -7.55312 -10.4056 49.5949
47.0138 95.8863 -85.7262 -7.60283 -10.4742 49.5949
46.9757 95.8337 -85.4782 -7.65256 -10.5429 49.5948
46.9373 95.7809 -85.2302 -7.70232 -10.6116 49.5946
46.8986 95.7276 -84.9822 -7.75211 -10.6804 49.5945
46.8597 95.674 -84.7343 -7.80193 -10.7493 49.5942
46.8206 95.6201 -84.4863 -7.85178 -10.8182 49.594
46.7812 95.5659 -84.2383 -7.90165 -10.8871 49.5936
46.7416 95.5113 -83.9904 -7.95156 -10.9561 49.5933
46.7017 95.4563 -83.7424 -8.00149 -11.0251 49.5929
46.6616 95.401 -83.4944 -8.05145 -11.0942 49.5924
46.6212 95.3454 -83.2465 -8.10145 -11.1634 49.5919
46.5806 95.2894 -82.9985 -8.15147 -11.2326 49.5914
46.5397 95.233 -82.7505 -8.20152 -11.3018 49.5908
46.4986 95.1764 -82.5026 -8.2516 -11.3711 49.5902
46.4572 95.1193 -82.2546 -8.30171 -11.4405 49.5896
46.4155 95.062 -82.0067 -8.35185 -11.5099 49.5888
46.3736 95.0042 -81.7588 -8.40201 -11.5794 49.5881
46.3315 94.9462 -81.5108 -8.45221 -11.6489 49.5873
46.2891 94.8877 -81.2629 -8.50244 -11.7185 49.5865
46.2465 94.829 -81.015 -8.5527 -11.7881 49.5856
46.2036 94.7699 -80.767 -8.60298 -11.8578 49.5847
46.1605 94.7104 -80.5191 -8.6533 -11.9276 49.5837
46.1171 94.6506 -80.2712 -8.70364 -11.9974 49.5827
46.0734 94.5904 -80.0233 -8.75402 -12.0672 49.5817
46.0295 94.5299 -79.7754 -8.80442 -12.1371 49.5806
45.9854 94.469 -79.5275 -8.85486 -12.2071 49.5794
45.941 94.4078 -79.2796 -8.90532 -12.2772 49.5783
45.8963 94.3463 -79.0317 -8.95582 -12.3473 49.5771
45.8514 94.2844 -78.7838 -9.00634 -12.4174 49.5758
45.8063 94.2221 -78.5359 -9.05689 -12.4877 49.5745
45.7609 94.1595 -78.2881 -9.10748 -12.5579 49.5732
45.7152 94.0965 -78.0402 -9.15809 -12.6283 49.5718
45.6693 94.0332 -77.7923 -9.20874 -12.6987 49.5704
45.6231 93.9695 -77.5445 -9.25941 -12.7692 49.5689
45.5767 93.9055 -77.2967 -9.31011 -12.8397 49.5674
45.53 93.8411 -77.0488 -9.36085 -12.9103 49.5659
45.4831 93.7764 -76.801 -9.41161 -12.981 49.5643
45.4359 93.7113 -76.5532 -9.4624 -13.0517 49.5627
45.3884 93.6459 -76.3054 -9.51322 -13.1225 49.5611
45.3408 93.5801 -76.0576 -9.56408 -13.1934 49.5594
45.2928 93.514 -75.8098 -9.61496 -13.2643 49.5576
45.2446 93.4475 -75.562 -9.66587 -13.3353 49.5559
45.1961 93.3806 -75.3142 -9.71681 -13.4064 49.5541
45.1474 93.3134 -75.0665 -9.76779 -13.4776 49.5522
45.0985 93.2458 -74.8187 -9.81879 -13.5488 49.5503
45.0492 93.1779 -74.5709 -9.86982 -13.6201 49.5484
44.9998 93.1096 -74.3232 -9.92088 -13.6914 49.5464
44.95 93.041 -74.0755 -9.97197 -13.7629 49.5444
44.9 92.972 -73.8278 -10.0231 -13.8344 49.5424
44.8498 92.9027 -73.5801 -10.0742 -13.9059 49.5403
44.7993 92.8329 -73.3324 -10.1254 -13.9776 49.5382
44.7486 92.7629 -73.0847 -10.1766 -14.0493 49.5361
44.6975 92.6924 -72.837 -10.2279 -14.1212 49.5339
44.6463 92.6217 -72.5893 -10.2791 -14.193 49.5316
44.5947 92.5505 -72.3417 -10.3304 -14.265 49.5294
44.543 92.479 -72.094 -10.3818 -14.3371 49.5271
44.4909 92.4071 -71.8464 -10.4331 -14.4092 49.5248
44.4386 92.3349 -71.5988 -10.4845 -14.4814 49.5224
44.3861 92.2623 -71.3512 -10.5359 -14.5537 49.52
44.3333 92.1894 -71.1036 -10.5874 -14.6261 49.5175
44.2802 92.1161 -70.856 -10.6388 -14.6986 49.5151
44.2269 92.0424 -70.6084 -10.6903 -14.7711 49.5126
44.1733 91.9684 -70.3609 -10.7418 -14.8438 49.51
44.1195 91.894 -70.1133 -10.7934 -14.9165 49.5074
44.0654 91.8192 -69.8658 -10.845 -14.9893 49.5048
44.011 91.7441 -69.6183 -10.8966 -15.0622 49.5022
43.9564 91.6686 -69.3708 -10.9482 -15.1352 49.4995
43.9015 91.5927 -69.1233 -10.9999 -15.2083 49.4968
43.8464 91.5165 -68.8758 -11.0516 -15.2815 49.494
43.791 91.4399 -68.6284 -11.1033 -15.3548 49.4912
43.7354 91.3629 -68.3809 -11.1551 -15.4282 49.4884
43.6795 91.2856 -68.1335 -11.2068 -15.5017 49.4856
43.6233 91.2079 -67.8861 -11.2586 -15.5752 49.4827
43.5669 91.1299 -67.6387 -11.3105 -15.6489 49.4798
43.5102 91.0514 -67.3913 -11.3623 -15.7227 49.4768
43.4533 90.9726 -67.1439 -11.4142 -15.7966 49.4738
43.3961 90.8935 -66.8965 -11.4661 -15.8706 49.4708
43.3386 90.8139 -66.6492 -11.518 -15.9447 49.4678
43.2809 90.734 -66.4018 -11.57 -16.0189 49.4647
43.2229 90.6537 -66.1545 -11.622 -16.0932 49.4616
43.1647 90.5731 -65.9072 -11.674 -16.1676 49.4584
43.1062 90.4921 -65.6599 -11.726 -16.2421 49.4553
43.0474 90.4107 -65.4127 -11.7781 -16.3168 49.452
42.9884 90.3289 -65.1654 -11.8302 -16.3916 49.4488
42.9291 90.2468 -64.9182 -11.8823 -16.4665 49.4455
42.8696 90.1642 -64.671 -11.9344 -16.5415 49.4422
42.8098 90.0813 -64.4238 -11.9865 -16.6166 49.4389
42.7497 89.9981 -64.1766 -12.0387 -16.6918 49.4355
42.6894 89.9144 -63.9294 -12.0909 -16.7672 49.4321
42.6288 89.8304 -63.6823 -12.1431 -16.8427 49.4287
42.5679 89.746 -63.4351 -12.1954 -16.9183 49.4252
42.5068 89.6612 -63.188 -12.2476 -16.9941 49.4217
42.4455 89.5761 -62.9409 -12.2999 -17.07 49.4181
42.3838 89.4905 -62.6938 -12.3522 -17.146 49.4146
42.3219 89.4046 -62.4468 -12.4045 -17.2222 49.4109
42.2598 89.3183 -62.1997 -12.4568 -17.2985 49.4073
42.1974 89.2316 -61.9527 -12.5092 -17.3749 49.4036
42.1347 89.1445 -61.7057 -12.5616 -17.4515 49.3999
42.0718 89.0571 -61.4587 -12.614 -17.5283 49.3962
42.0086 88.9693 -61.2117 -12.6664 -17.6052 49.3924
41.9451 88.881 -60.9648 -12.7188 -17.6822 49.3886
41.8814 88.7924 -60.7178 -12.7712 -17.7594 49.3847
41.8174 88.7034 -60.4709 -12.8237 -17.8367 49.3808
41.7531 88.6141 -60.224 -12.8762 -17.9142 49.3769
41.6886 88.5243 -59.9771 -12.9287 -17.9919 49.3729
41.6238 88.4341 -59.7303 -12.9812 -18.0697 49.3689
41.5588 88.3436 -59.4835 -13.0337 -18.1477 49.3648
41.4935 88.2527 -59.2366 -13.0862 -18.2259 49.3608
41.4279 88.1613 -58.9899 -13.1387 -18.3042 49.3566
41.3621 88.0696 -58.7431 -13.1913 -18.3827 49.3524
41.296 87.9775 -58.4963 -13.2439 -18.4614 49.3482
41.2297 87.885 -58.2496 -13.2964 -18.5402 49.3439
41.1631 87.7921 -58.0029 -13.349 -18.6193 49.3396
41.0962 87.6988 -57.7562 -13.4016 -18.6985 49.3352
41.0291 87.6051 -57.5095 -13.4542 -18.7779 49.3308
40.9617 87.511 -57.2629 -13.5068 -18.8575 49.3264
40.894 87.4166 -57.0163 -13.5594 -18.9373 49.3218
40.8261 87.3217 -56.7697 -13.612 -19.0173 49.3172
40.7579 87.2264 -56.5231 -13.6646 -19.0975 49.3126
40.6894 87.1307 -56.2765 -13.7173 -19.1779 49.3079
40.6207 87.0346 -56.03 -13.7699 -19.2585 49.3032
40.5517 86.9381 -55.7835 -13.8225 -19.3393 49.2983
40.4825 86.8412 -55.537 -13.8751 -19.4203 49.2934
40.413 86.7439 -55.2906 -13.9278 -19.5016 49.2885
40.3432 86.6462 -55.0442 -13.9804 -19.583 49.2834
40.2732 86.5481 -54.7977 -14.033 -19.6647 49.2783
40.2029 86.4495 -54.5514 -14.0857 -19.7466 49.2731
40.1323 86.3506 -54.305 -14.1383 -19.8287 49.2679
40.0615 86.2513 -54.0587 -14.1909 -19.9111 49.2625
39.9904 86.1515 -53.8124 -14.2435 -19.9937 49.2571
39.919 86.0513 -53.5661 -14.2962 -20.0765 49.2515
39.8474 85.9507 -53.3199 -14.3488 -20.1596 49.2459
39.7756 85.8497 -53.0737 -14.4014 -20.2428 49.2402
39.7034 85.7483 -52.8275 -14.454 -20.3264 49.2344
39.631 85.6465 -52.5813 -14.5066 -20.4102 49.2284
39.5583 85.5442 -52.3352 -14.5591 -20.4942 49.2224
39.4854 85.4415 -52.0891 -14.6117 -20.5785 49.2162
39.4122 85.3384 -51.843 -14.6643 -20.663 49.2099
39.3388 85.2349 -51.597 -14.7168 -20.7478 49.2035
39.2651 85.1309 -51.351 -14.7693 -20.8328 49.1969
39.1911 85.0266 -51.105 -14.8218 -20.9181 49.1902
39.1168 84.9218 -50.8591 -14.8743 -21.0037 49.1834
39.0423 84.8165 -50.6132 -14.9268 -21.0895 49.1764
38.9676 84.7109 -50.3673 -14.9793 -21.1756 49.1692
38.8926 84.6048 -50.1215 -15.0318 -21.2619 49.1619
38.8173 84.4982 -49.8757 -15.0842 -21.3485 49.1544
38.7417 84.3913 -49.63 -15.1366 -21.4353 49.1468
38.6659 84.2839 -49.3842 -15.189 -21.5225 49.1389
38.5898 84.1761 -49.1386 -15.2414 -21.6098 49.1309
38.5135 84.0678 -48.8929 -15.2938 -21.6975 49.1227
38.4369 83.9591 -48.6473 -15.3462 -21.7854 49.1143
38.36 83.8499 -48.4018 -15.3985 -21.8735 49.1056
38.2829 83.7403 -48.1563 -15.4508 -21.9619 49.0968
38.2055 83.6303 -47.9108 -15.5031 -22.0506 49.0877
38.1279 83.5198 -47.6654 -15.5553 -22.1395 49.0784
38.05 83.4089 -47.42 -15.6076 -22.2286 49.0688
37.9718 83.2976 -47.1747 -15.6598 -22.318 49.059
37.8934 83.1857 -46.9294 -15.712 -22.4076 49.049
37.8147 83.0735 -46.6842 -15.7642 -22.4975 49.0386
37.7357 82.9608 -46.4391 -15.8164 -22.5876 49.028
37.6565 82.8476 -46.1939 -15.8685 -22.6779 49.0172
37.577 82.734 -45.9489 -15.9206 -22.7685 49.006
37.4973 82.6199 -45.7039 -15.9727 -22.8593 48.9946
37.4173 82.5054 -45.4589 -16.0248 -22.9502 48.9828
37.3371 82.3904 -45.2141 -16.0768 -23.0414 48.9708
37.2565 82.275 -44.9692 -16.1289 -23.1328 48.9584
37.1758 82.1591 -44.7245 -16.1809 -23.2243 48.9458
37.0947 82.0427 -44.4798 -16.2329 -23.3161 48.9328
37.0134 81.9259 -44.2352 -16.2849 -23.408 48.9194
36.9319 81.8087 -43.9906 -16.3368 -23.5001 48.9057
36.8501 81.6909 -43.7461 -16.3888 -23.5923 48.8917
36.768 81.5727 -43.5017 -16.4407 -23.6847 48.8774
36.6857 81.4541 -43.2573 -16.4926 -23.7772 48.8627
36.6031 81.335 -43.013 -16.5446 -23.8698 48.8476
36.5202 81.2154 -42.7688 -16.5964 -23.9626 48.8322
36.4371 81.0953 -42.5247 -16.6483 -24.0554 48.8164
36.3537 80.9748 -42.2807 -16.7002 -24.1484 48.8002
36.2701 80.8539 -42.0367 -16.7521 -24.2414 48.7837
36.1862 80.7324 -41.7928 -16.804 -24.3345 48.7668
36.1021 80.6105 -41.5491 -16.8558 -24.4277 48.7495
36.0176 80.4881 -41.3053 -16.9077 -24.5209 48.7319
35.933 80.3653 -41.0617 -16.9595 -24.6141 48.7139
35.8481 80.242 -40.8182 -17.0114 -24.7074 48.6955
35.7629 80.1182 -40.5748 -17.0633 -24.8007 48.6767
35.6774 79.994 -40.3314 -17.1151 -24.894 48.6576
35.5917 79.8693 -40.0882 -17.167 -24.9873 48.6381
35.5058 79.7441 -39.8451 -17.2189 -25.0805 48.6182
35.4195 79.6185 -39.602 -17.2707 -25.1738 48.598
35.333 79.4924 -39.3591 -17.3226 -25.267 48.5773
35.2463 79.3658 -39.1162 -17.3745 -25.3601 48.5564
35.1593 79.2388 -38.8735 -17.4264 -25.4532 48.535
35.072 79.1113 -38.6309 -17.4784 -25.5463 48.5133
34.9845 78.9833 -38.3884 -17.5303 -25.6392 48.4913
34.8967 78.8549 -38.146 -17.5823 -25.7321 48.4689
34.8087 78.726 -37.9037 -17.6342 -25.8249 48.4462
34.7204 78.5966 -37.6615 -17.6862 -25.9175 48.4231
34.6318 78.4668 -37.4195 -17.7383 -26.0101 48.3997
34.543 78.3365 -37.1775 -17.7903 -26.1025 48.376
34.4539 78.2058 -36.9357 -17.8424 -26.1948 48.3519
34.3646 78.0746 -36.694 -17.8944 -26.287 48.3276
34.275 77.9429 -36.4524 -17.9466 -26.379 48.3029
34.1851 77.8108 -36.211 -17.9987 -26.4709 48.2779
34.095 77.6782 -35.9697 -18.0509 -26.5626 48.2527
34.0046 77.5452 -35.7285 -18.103 -26.6542 48.2271
33.914 77.4117 -35.4874 -18.1553 -26.7456 48.2013
33.8231 77.2777 -35.2464 -18.2075 -26.8369 48.1751
33.7319 77.1433 -35.0056 -18.2598 -26.928 48.1488
33.6405 77.0084 -34.765 -18.3121 -27.0189 48.1221
33.5488 76.8731 -34.5244 -18.3644 -27.1096 48.0952
33.4568 76.7373 -34.284 -18.4168 -27.2002 48.0681
33.3646 76.6011 -34.0437 -18.4692 -27.2905 48.0407
33.2721 76.4644 -33.8036 -18.5217 -27.3807 48.013
33.1794 76.3273 -33.5636 -18.5741 -27.4708 47.9851
33.0864 76.1897 -33.3237 -18.6266 -27.5606 47.957
32.9931 76.0517 -33.084 -18.6792 -27.6503 47.9287
32.8996 75.9132 -32.8445 -18.7317 -27.7397 47.9002
32.8058 75.7743 -32.605 -18.7843 -27.829 47.8715
32.7117 75.6349 -32.3657 -18.837 -27.9181 47.8425
32.6174 75.4951 -32.1266 -18.8897 -28.0071 47.8134
32.5229 75.3549 -31.8876 -18.9424 -28.0958 47.784
32.428 75.2142 -31.6488 -18.9951 -28.1844 47.7545
32.3329 75.073 -31.4101 -19.0479 -28.2728 47.7248
32.2375 74.9314 -31.1715 -19.1007 -28.361 47.6949
32.1419 74.7894 -30.9331 -19.1536 -28.4491 47.6648
32.046 74.647 -30.6949 -19.2064 -28.5369 47.6345
31.9498 74.504 -30.4568 -19.2594 -28.6246 47.6041
31.8534 74.3607 -30.2188 -19.3123 -28.7122 47.5735
31.7567 74.2169 -29.981 -19.3653 -28.7996 47.5428
31.6597 74.0727 -29.7434 -19.4184 -28.8868 47.5119
31.5625 73.9281 -29.5059 -19.4714 -28.9739 47.4808
31.465 73.783 -29.2686 -19.5245 -29.0608 47.4496
31.3673 73.6375 -29.0314 -19.5777 -29.1475 47.4182
31.2693 73.4915 -28.7944 -19.6309 -29.2341 47.3866
31.171 73.3451 -28.5576 -19.6841 -29.3206 47.355
31.0724 73.1983 -28.3209 -19.7374 -29.4069 47.3231
30.9736 73.051 -28.0843 -19.7907 -29.4931 47.2911
30.8745 72.9034 -27.8479 -19.844 -29.5792 47.259
30.7752 72.7552 -27.6117 -19.8974 -29.6651 47.2267
30.6755 72.6067 -27.3757 -19.9508 -29.7509 47.1943
30.5756 72.4577 -27.1398 -20.0043 -29.8366 47.1618
30.4755 72.3083 -26.9041 -20.0578 -29.9222 47.1291
30.3751 72.1585 -26.6685 -20.1113 -30.0076 47.0962
30.2744 72.0083 -26.4331 -20.1649 -30.093 47.0633
30.1734 71.8576 -26.1979 -20.2186 -30.1782 47.0301
30.0722 71.7065 -25.9628 -20.2722 -30.2633 46.9969
29.9707 71.555 -25.7279 -20.326 -30.3483 46.9635
29.8689 71.403 -25.4932 -20.3797 -30.4333 46.9299
29.7669 71.2506 -25.2586 -20.4336 -30.5181 46.8963
29.6646 71.0978 -25.0242 -20.4874 -30.6029 46.8624
29.562 70.9446 -24.79 -20.5414 -30.6875 46.8285
29.4592 70.7909 -24.5559 -20.5953 -30.7721 46.7944
29.3561 70.6369 -24.322 -20.6493 -30.8566 46.7602
29.2527 70.4824 -24.0883 -20.7034 -30.941 46.7258
29.149 70.3275 -23.8548 -20.7575 -31.0254 46.6912
29.0451 70.1721 -23.6214 -20.8117 -31.1097 46.6566
28.9409 70.0164 -23.3882 -20.866 -31.1939 46.6218
28.8365 69.8602 -23.1552 -20.9202 -31.278 46.5868
28.7317 69.7036 -22.9223 -20.9746 -31.3621 46.5517
28.6267 69.5466 -22.6897 -21.029 -31.4462 46.5165
28.5214 69.3891 -22.4572 -21.0835 -31.5302 46.4811
28.4159 69.2313 -22.2249 -21.138 -31.6142 46.4455
28.31 69.073 -21.9927 -21.1926 -31.6981 46.4099
28.2039 68.9143 -21.7608 -21.2473 -31.7819 46.374
28.0976 68.7552 -21.529 -21.302 -31.8658 46.3381
27.9909 68.5956 -21.2974 -21.3568 -31.9495 46.3019
27.884 68.4357 -21.066 -21.4116 -32.0333 46.2656
27.7768 68.2753 -20.8347 -21.4666 -32.117 46.2292
27.6693 68.1145 -20.6037 -21.5216 -32.2008 46.1926
27.5616 67.9533 -20.3728 -21.5767 -32.2844 46.1559
27.4536 67.7917 -20.1421 -21.6318 -32.3681 46.119
27.3453 67.6296 -19.9116 -21.6871 -32.4518 46.082
27.2367 67.4671 -19.6813 -21.7424 -32.5354 46.0448
27.1279 67.3043 -19.4512 -21.7978 -32.619 46.0074
27.0187 67.1409 -19.2212 -21.8532 -32.7026 45.9699
26.9093 66.9772 -18.9915 -21.9088 -32.7862 45.9322
26.7996 66.8131 -18.7619 -21.9644 -32.8698 45.8944
26.6897 66.6485 -18.5325 -22.0201 -32.9534 45.8564
26.5794 66.4836 -18.3033 -22.0759 -33.037 45.8183
26.4689 66.3182 -18.0743 -22.1318 -33.1207 45.78
26.3581 66.1523 -17.8455 -22.1878 -33.2043 45.7415
26.247 65.9861 -17.6169 -22.2439 -33.2879 45.7029
26.1357 65.8195 -17.3885 -22.3001 -33.3715 45.6641
26.024 65.6524 -17.1603 -22.3563 -33.4552 45.6252
25.9121 65.4849 -16.9322 -22.4127 -33.5388 45.5861
25.7999 65.317 -16.7044 -22.4692 -33.6225 45.5468
25.6874 65.1487 -16.4768 -22.5257 -33.7062 45.5074
25.5747 64.9799 -16.2493 -22.5824 -33.79 45.4678
25.4616 64.8108 -16.0221 -22.6391 -33.8737 45.428
25.3483 64.6412 -15.7951 -22.696 -33.9575 45.3881
25.2346 64.4712 -15.5682 -22.7529 -34.0413 45.348
25.1207 64.3008 -15.3416 -22.81 -34.1251 45.3078
25.0065 64.13 -15.1151 -22.8672 -34.209 45.2674
24.8921 63.9587 -14.8889 -22.9245 -34.2929 45.2268
24.7773 63.787 -14.6629 -22.9818 -34.3769 45.186
24.6622 63.6149 -14.437 -23.0393 -34.4608 45.1451
24.5469 63.4424 -14.2114 -23.0969 -34.5449 45.1041
24.4313 63.2695 -13.986 -23.1546 -34.6289 45.0628
24.3154 63.0961 -13.7608 -23.2125 -34.713 45.0214
24.1991 62.9224 -13.5358 -23.2704 -34.7972 44.9799
24.0827 62.7482 -13.311 -23.3285 -34.8814 44.9381
23.9659 62.5735 -13.0864 -23.3866 -34.9656 44.8962
23.8488 62.3985 -12.862 -23.4449 -35.0499 44.8542
23.7314 62.223 -12.6379 -23.5033 -35.1343 44.8119
23.6138 62.0472 -12.4139 -23.5618 -35.2187 44.7695
23.4958 61.8709 -12.1902 -23.6205 -35.3032 44.727
23.3775 61.6941 -11.9666 -23.6792 -35.3877 44.6843
23.259 61.517 -11.7433 -23.7381 -35.4723 44.6414
23.1402 61.3394 -11.5202 -23.7971 -35.5569 44.5983
23.021 61.1614 -11.2973 -23.8562 -35.6416 44.5551
22.9016 60.983 -11.0747 -23.9154 -35.7264 44.5117
22.7819 60.8042 -10.8522 -23.9748 -35.8112 44.4681
22.6619 60.6249 -10.63 -24.0342 -35.8961 44.4244
22.5415 60.4452 -10.408 -24.0938 -35.981 44.3805
22.4209 60.2651 -10.1862 -24.1536 -36.066 44.3365
22.3 60.0845 -9.96462 -24.2134 -36.1511 44.2922
22.1788 59.9036 -9.74327 -24.2734 -36.2363 44.2479
22.0573 59.7222 -9.52214 -24.3335 -36.3215 44.2033
21.9355 59.5403 -9.30124 -24.3937 -36.4068 44.1586
21.8133 59.3581 -9.08055 -24.454 -36.4922 44.1137
21.6909 59.1754 -8.8601 -24.5145 -36.5777 44.0686
21.5682 58.9923 -8.63987 -24.5751 -36.6632 44.0234
21.4452 58.8088 -8.41986 -24.6358 -36.7488 43.978
21.3218 58.6248 -8.20009 -24.6966 -36.8345 43.9325
21.1982 58.4404 -7.98054 -24.7576 -36.9202 43.8868
21.0743 58.2556 -7.76122 -24.8187 -37.0061 43.8409
20.95 58.0704 -7.54213 -24.8799 -37.092 43.7948
20.8255 57.8847 -7.32327 -24.9413 -37.178 43.7486
20.7006 57.6986 -7.10465 -25.0027 -37.2641 43.7022
20.5754 57.5121 -6.88625 -25.0643 -37.3502 43.6556
20.45 57.3251 -6.66809 -25.126 -37.4365 43.6089
20.3242 57.1377 -6.45016 -25.1879 -37.5228 43.562
20.1981 56.9499 -6.23247 -25.2499 -37.6092 43.515
20.0717 56.7616 -6.01501 -25.312 -37.6957 43.4677
19.945 56.5729 -5.79779 -25.3742 -37.7823 43.4203
19.8179 56.3838 -5.58081 -25.4366 -37.869 43.3727
19.6906 56.1942 -5.36406 -25.499 -37.9558 43.325
19.5629 56.0042 -5.14756 -25.5616 -38.0426 43.2771
19.435 55.8138 -4.93129 -25.6244 -38.1296 43.229
19.3067 55.6229 -4.71527 -25.6872 -38.2166 43.1808
19.1781 55.4316 -4.49949 -25.7502 -38.3037 43.1323
19.0492 55.2399 -4.28395 -25.8133 -38.3909 43.0838
18.92 55.0477 -4.06865 -25.8766 -38.4782 43.035
18.7904 54.8551 -3.8536 -25.9399 -38.5657 42.9861
18.6606 54.6621 -3.63879 -26.0034 -38.6532 42.9369
18.5304 54.4686 -3.42423 -26.067 -38.7407 42.8877
18.3999 54.2747 -3.20991 -26.1308 -38.8284 42.8382
18.2691 54.0803 -2.99584 -26.1946 -38.9162 42.7886
18.1379 53.8855 -2.78202 -26.2586 -39.0041 42.7388
18.0065 53.6903 -2.56846 -26.3227 -39.0921 42.6888
17.8747 53.4946 -2.35514 -26.387 -39.1802 42.6387
17.7426 53.2985 -2.14207 -26.4513 -39.2683 42.5883
17.6102 53.1019 -1.92925 -26.5158 -39.3566 42.5378
17.4775 52.9049 -1.71669 -26.5804 -39.445 42.4871
17.3444 52.7074 -1.50438 -26.6451 -39.5334 42.4363
17.211 52.5096 -1.29233 -26.71 -39.622 42.3852
17.0773 52.3112 -1.08053 -26.775 -39.7107 42.334
16.9433 52.1125 -0.868988 -26.8401 -39.7995 42.2826
16.8089 51.9132 -0.657704 -26.9053 -39.8883 42.231
16.6742 51.7136 -0.446678 -26.9707 -39.9773 42.1793
16.5392 51.5135 -0.235911 -27.0361 -40.0664 42.1273
16.4039 51.3129 -0.0254043 -27.1017 -40.1556 42.0752
16.2682 51.1119 0.184841 -27.1675 -40.2449 42.0229
16.1322 50.9105 0.394825 -27.2333 -40.3343 41.9704
15.9958 50.7086 0.604545 -27.2993 -40.4238 41.9177
15.8592 50.5062 0.814002 -27.3654 -40.5134 41.8649
15.7222 50.3034 1.02319 -27.4316 -40.6031 41.8118
15.5849 50.1002 1.23212 -27.4979 -40.6929 41.7586
15.4472 49.8965 1.44078 -27.5643 -40.7828 41.7052
15.3092 49.6924 1.64917 -27.6309 -40.8728 41.6516
15.1709 49.4878 1.8573 -27.6976 -40.963 41.5978
15.0322 49.2827 2.06515 -27.7644 -41.0532 41.5438
14.8933 49.0772 2.27273 -27.8314 -41.1435 41.4896
14.7539 48.8713 2.48005 -27.8984 -41.234 41.4352
14.6143 48.6649 2.68709 -27.9656 -41.3246 41.3807
14.4743 48.458 2.89385 -28.0329 -41.4152 41.3259
14.3339 48.2507 3.10034 -28.1003 -41.506 41.2709
14.1933 48.043 3.30656 -28.1679 -41.5969 41.2158
14.0523 47.8348 3.5125 -28.2355 -41.6879 41.1604
13.9109 47.6261 3.71817 -28.3033 -41.779 41.1049
13.7692 47.417 3.92355 -28.3712 -41.8703 41.0491
13.6272 47.2074 4.12866 -28.4392 -41.9616 40.9932
13.4848 46.9974 4.33348 -28.5074 -42.0531 40.937
13.3421 46.7869 4.53803 -28.5757 -42.1446 40.8807
13.1991 46.5759 4.74229 -28.644 -42.2363 40.8241
13.0557 46.3645 4.94627 -28.7125 -42.3281 40.7674
12.912 46.1526 5.14996 -28.7812 -42.42 40.7104
12.7679 45.9403 5.35337 -28.8499 -42.512 40.6532
12.6235 45.7275 5.5565 -28.9188 -42.6042 40.5959
12.4787 45.5143 5.75933 -28.9878 -42.6964 40.5383
12.3336 45.3006 5.96188 -29.0569 -42.7888 40.4805
12.1881 45.0864 6.16414 -29.1261 -42.8812 40.4225
12.0423 44.8717 6.3661 -29.1954 -42.9738 40.3643
11.8962 44.6566 6.56778 -29.2649 -43.0665 40.3058
11.7497 44.4411 6.76916 -29.3345 -43.1594 40.2472
11.6028 44.225 6.97025 -29.4042 -43.2523 40.1883
11.4556 44.0086 7.17105 -29.474 -43.3454 40.1293
11.3081 43.7916 7.37154 -29.544 -43.4386 40.07
11.1602 43.5742 7.57175 -29.614 -43.5318 40.0105
11.0119 43.3563 7.77165 -29.6842 -43.6253 39.9507
10.8633 43.1379 7.97125 -29.7545 -43.7188 39.8908
10.7144 42.9191 8.17056 -29.825 -43.8124 39.8306
10.5651 42.6998 8.36956 -29.8955 -43.9062 39.7702
10.4154 42.48 8.56826 -29.9662 -44.0001 39.7096
10.2654 42.2598 8.76666 -30.037 -44.0941 39.6488
10.1151 42.0391 8.96475 -30.1079 -44.1883 39.5877
9.96436 41.8179 9.16253 -30.1789 -44.2825 39.5264
9.81329 41.5963 9.36001 -30.2501 -44.3769 39.4649
9.66186 41.3741 9.55718 -30.3213 -44.4714 39.4031
9.51007 41.1515 9.75404 -30.3927 -44.566 39.3411
9.35793 40.9285 9.95059 -30.4643 -44.6607 39.2789
9.20543 40.7049 10.1468 -30.5359 -44.7556 39.2164
9.05257 40.4809 10.3428 -30.6077 -44.8506 39.1537
8.89935 40.2564 10.5384 -30.6796 -44.9457 39.0908
8.74578 40.0315 10.7337 -30.7516 -45.0409 39.0276
8.59184 39.806 10.9286 -30.8237 -45.1363 38.9642
8.43754 39.5801 11.1233 -30.896 -45.2318 38.9006
8.28288 39.3537 11.3176 -30.9684 -45.3274 38.8367
8.12786 39.1268 11.5117 -31.0409 -45.4231 38.7725
7.97247 38.8995 11.7054 -31.1135 -45.519 38.7081
7.81672 38.6716 11.8988 -31.1862 -45.615 38.6435
7.66061 38.4433 12.0918 -31.2591 -45.7111 38.5786
7.50413 38.2145 12.2845 -31.3321 -45.8073 38.5135
7.34729 37.9853 12.4769 -31.4053 -45.9037 38.4481
7.19008 37.7555 12.669 -31.4785 -46.0002 38.3825
7.0325 37.5252 12.8608 -31.5519 -46.0968 38.3166
6.87456 37.2945 13.0522 -31.6254 -46.1936 38.2504
6.71625 37.0633 13.2433 -31.699 -46.2904 38.184
6.55757 36.8316 13.434 -31.7728 -46.3874 38.1174
6.39852 36.5994 13.6244 -31.8467 -46.4846 38.0504
6.2391 36.3668 13.8145 -31.9207 -46.5819 37.9833
6.07931 36.1336 14.0043 -31.9948 -46.6793 37.9158
5.91915 35.9 14.1937 -32.0691 -46.7768 37.8481
5.75862 35.6659 14.3828 -32.1435 -46.8745 37.7801
5.59772 35.4312 14.5715 -32.218 -46.9723 37.7119
5.43644 35.1961 14.7599 -32.2926 -47.0702 37.6433
5.27479 34.9605 14.9479 -32.3674 -47.1682 37.5745
5.11277 34.7244 15.1356 -32.4423 -47.2664 37.5055
4.95037 34.4879 15.323 -32.5174 -47.3648 37.4361
4.78759 34.2508 15.51 -32.5925 -47.4632 37.3665
4.62444 34.0132 15.6966 -32.6678 -47.5618 37.2966
4.46091 33.7752 15.883 -32.7433 -47.6605 37.2265
4.29701 33.5366 16.0689 -32.8188 -47.7594 37.156
4.13273 33.2976 16.2545 -32.8945 -47.8584 37.0853
3.96806 33.058 16.4398 -32.9703 -47.9575 37.0142
3.80302 32.818 16.6247 -33.0463 -48.0568 36.9429
3.6376 32.5775 16.8092 -33.1224 -48.1562 36.8713
3.4718 32.3365 16.9934 -33.1986 -48.2557 36.7994
3.30562 32.0949 17.1772 -33.2749 -48.3554 36.7272
3.13905 31.8529 17.3606 -33.3514 -48.4552 36.6548
2.9721 31.6104 17.5437 -33.428 -48.5552 36.582
2.80477 31.3673 17.7265 -33.5048 -48.6553 36.5089
2.63705 31.1238 17.9088 -33.5817 -48.7555 36.4355
2.46895 30.8798 18.0908 -33.6587 -48.8559 36.3619
2.30047 30.6353 18.2724 -33.7358 -48.9564 36.2879
2.1316 30.3902 18.4537 -33.8131 -49.057 36.2136
1.96234 30.1447 18.6346 -33.8905 -49.1578 36.139
1.79269 29.8986 18.8151 -33.9681 -49.2587 36.0641
1.62266 29.6521 18.9952 -34.0458 -49.3598 35.9889
1.45223 29.405 19.175 -34.1236 -49.461 35.9134
1.28142 29.1575 19.3544 -34.2016 -49.5624 35.8376
1.11022 28.9094 19.5334 -34.2797 -49.6639 35.7614
0.938622 28.6609 19.712 -34.358 -49.7655 35.6849
0.766636 28.4118 19.8902 -34.4363 -49.8673 35.6082
0.594258 28.1622 20.068 -34.5149 -49.9692 35.531
0.421487 27.9121 20.2455 -34.5935 -50.0713 35.4536
0.248323 27.6615 20.4226 -34.6723 -50.1735 35.3758
0.0747641 27.4103 20.5993 -34.7513 -50.2758 35.2977
-0.0991898 27.1587 20.7756 -34.8304 -50.3783 35.2193
-0.273539 26.9066 20.9515 -34.9096 -50.481 35.1406
-0.448286 26.6539 21.127 -34.9889 -50.5837 35.0615
-0.623429 26.4007 21.3021 -35.0685 -50.6867 34.982
-0.79897 26.147 21.4768 -35.1481 -50.7898 34.9023
-0.97491 25.8928 21.6511 -35.2279 -50.893 34.8222
-1.15125 25.6381 21.825 -35.3078 -50.9964 34.7417
-1.32799 25.3829 21.9985 -35.3879 -51.0999 34.6609
-1.50513 25.1271 22.1716 -35.4681 -51.2035 34.5798
-1.68267 24.8708 22.3443 -35.5485 -51.3074 34.4983
-1.86061 24.614 22.5166 -35.629 -51.4113 34.4164
-2.03896 24.3567 22.6885 -35.7097 -51.5154 34.3342
-2.21771 24.0989 22.8599 -35.7905 -51.6197 34.2517
-2.39687 23.8405 23.031 -35.8714 -51.7241 34.1688
-2.57642 23.5816 23.2016 -35.9525 -51.8287 34.0855
-2.75639 23.3222 23.3719 -36.0338 -51.9334 34.0018
-2.93676 23.0623 23.5417 -36.1152 -52.0382 33.9178
-3.11754 22.8018 23.711 -36.1967 -52.1433 33.8335
-3.29873 22.5409 23.88 -36.2784 -52.2484 33.7487
-3.48033 22.2794 24.0485 -36.3603 -52.3537 33.6636
-3.66233 22.0173 24.2166 -36.4422 -52.4592 33.5781
-3.84475 21.7548 24.3843 -36.5244 -52.5648 33.4922
-4.02758 21.4917 24.5515 -36.6067 -52.6706 33.406
-4.21082 21.2281 24.7184 -36.6891 -52.7765 33.3194
-4.39447 20.9639 24.8847 -36.7717 -52.8826 33.2323
-4.57853 20.6992 25.0507 -36.8545 -52.9888 33.1449
-4.76301 20.434 25.2162 -36.9373 -53.0952 33.0571
-4.94791 20.1683 25.3813 -37.0204 -53.2017 32.969
-5.13322 19.902 25.5459 -37.1036 -53.3084 32.8804
-5.31894 19.6352 25.7101 -37.187 -53.4153 32.7914
-5.50509 19.3679 25.8738 -37.2705 -53.5223 32.702
-5.69165 19.1 26.0371 -37.3541 -53.6294 32.6122
-5.87863 18.8316 26.1999 -37.438 -53.7368 32.5221
-6.06603 18.5626 26.3623 -37.5219 -53.8442 32.4315
-6.25385 18.2931 26.5242 -37.6061 -53.9519 32.3405
-6.44209 18.0231 26.6857 -37.6904 -54.0597 32.249
-6.63075 17.7525 26.8467 -37.7748 -54.1676 32.1572
-6.81984 17.4814 27.0073 -37.8594 -54.2757 32.065
-7.00935 17.2098 27.1674 -37.9442 -54.384 31.9723
-7.19928 16.9376 27.327 -38.0291 -54.4924 31.8792
-7.38964 16.6648 27.4862 -38.1142 -54.6009 31.7857
-7.58042 16.3916 27.6449 -38.1995 -54.7097 31.6917
-7.77163 16.1177 27.8031 -38.2849 -54.8186 31.5974
-7.96327 15.8434 27.9608 -38.3704 -54.9276 31.5025
-8.15534 15.5685 28.1181 -38.4562 -55.0368 31.4073
-8.34783 15.293 28.2749 -38.5421 -55.1462 31.3116
-8.54076 15.017 28.4312 -38.6281 -55.2558 31.2155
-8.73411 14.7405 28.5871 -38.7143 -55.3654 31.1189
-8.9279 14.4634 28.7424 -38.8007 -55.4753 31.0219
-9.12212 14.1857 28.8973 -38.8873 -55.5853 30.9244
-9.31677 13.9075 29.0516 -38.974 -55.6955 30.8264
-9.51186 13.6287 29.2055 -39.0608 -55.8058 30.728
-9.70738 13.3494 29.3589 -39.1479 -55.9163 30.6292
-9.90334 13.0696 29.5118 -39.2351 -56.027 30.5299
-10.0997 12.7892 29.6642 -39.3225 -56.1378 30.4301
-10.2966 12.5082 29.8161 -39.41 -56.2488 30.3298
-10.4938 12.2267 29.9675 -39.4977 -56.36 30.2291
-10.6915 11.9446 30.1184 -39.5856 -56.4713 30.1279
-10.8897 11.662 30.2688 -39.6737 -56.5828 30.0262
-11.0883 11.3788 30.4187 -39.7619 -56.6944 29.924
-11.2873 11.095 30.568 -39.8503 -56.8062 29.8214
-11.4868 10.8107 30.7169 -39.9388 -56.9182 29.7183
-11.6867 10.5258 30.8652 -40.0276 -57.0304 29.6146
-11.8871 10.2404 31.013 -40.1165 -57.1427 29.5105
-12.0879 9.95442 31.1603 -40.2055 -57.2551 29.4059
-12.2891 9.66786 31.3071 -40.2948 -57.3678 29.3007
-12.4908 9.38074 31.4533 -40.3842 -57.4806 29.1951
-12.693 9.09305 31.5991 -40.4738 -57.5935 29.0889
-12.8955 8.8048 31.7442 -40.5636 -57.7067 28.9823
-13.0986 8.51599 31.8889 -40.6535 -57.82 28.8751
-13.3021 8.2266 32.033 -40.7437 -57.9334 28.7674
-13.506 7.93665 32.1765 -40.834 -58.0471 28.6592
-13.7104 7.64613 32.3196 -40.9244 -58.1609 28.5505
-13.9153 7.35504 32.4621 -41.0151 -58.2748 28.4412
-14.1206 7.06338 32.604 -41.1059 -58.389 28.3314
-14.3263 6.77115 32.7454 -41.1969 -58.5033 28.2211
-14.5325 6.47835 32.8862 -41.2881 -58.6177 28.1102
-14.7392 6.18498 33.0265 -41.3795 -58.7324 27.9987
-14.9463 5.89103 33.1662 -41.471 -58.8472 27.8868
-15.1539 5.5965 33.3053 -41.5628 -58.9621 27.7742
-15.362 5.30141 33.4439 -41.6547 -59.0773 27.6612
-15.5705 5.00573 33.5819 -41.7468 -59.1926 27.5475
-15.7794 4.70948 33.7194 -41.839 -59.3081 27.4333
-15.9889 4.41265 33.8563 -41.9315 -59.4237 27.3186
-16.1987 4.11524 33.9926 -42.0241 -59.5395 27.2032
-16.4091 3.81725 34.1283 -42.117 -59.6555 27.0873
-16.6199 3.51869 34.2635 -42.21 -59.7717 26.9708
-16.8312 3.21954 34.398 -42.3032 -59.888 26.8537
-17.0429 2.91981 34.532 -42.3966 -60.0045 26.7361
-17.2552 2.61949 34.6654 -42.4901 -60.1211 26.6178
-17.4679 2.3186 34.7982 -42.5839 -60.238 26.499
-17.681 2.01711 34.9304 -42.6778 -60.3549 26.3795
-17.8946 1.71505 35.062 -42.772 -60.4721 26.2595
-18.1087 1.41239 35.193 -42.8663 -60.5894 26.1388
-18.3233 1.10915 35.3234 -42.9608 -60.7069 26.0175
-18.5383 0.805323 35.4531 -43.0555 -60.8246 25.8956
-18.7538 0.500905 35.5823 -43.1504 -60.9425 25.7731
-18.9698 0.195898 35.7109 -43.2454 -61.0605 25.65
-19.1863 -0.1097 35.8388 -43.3407 -61.1786 25.5262
-19.4032 -0.415889 35.9661 -43.4362 -61.297 25.4019
-19.6207 -0.72267 36.0928 -43.5318 -61.4155 25.2768
-19.8386 -1.03004 36.2189 -43.6277 -61.5342 25.1511
-20.0569 -1.33801 36.3443 -43.7237 -61.653 25.0248
-20.2758 -1.64657 36.4692 -43.8199 -61.7721 24.8979
-20.4951 -1.95573 36.5933 -43.9164 -61.8913 24.7702
-20.715 -2.26549 36.7169 -44.013 -62.0106 24.6419
-20.9353 -2.57584 36.8397 -44.1098 -62.1301 24.513
-21.1561 -2.88679 36.962 -44.2068 -62.2498 24.3834
-21.3773 -3.19834 37.0836 -44.304 -62.3697 24.2531
-21.5991 -3.51049 37.2045 -44.4014 -62.4897 24.1221
-21.8214 -3.82323 37.3248 -44.499 -62.6099 23.9904
-22.0441 -4.13659 37.4444 -44.5968 -62.7303 23.8581
-22.2673 -4.45054 37.5634 -44.6948 -62.8508 23.725
-22.491 -4.76509 37.6817 -44.793 -62.9715 23.5913
-22.7153 -5.08025 37.7993 -44.8914 -63.0924 23.4568
-22.94 -5.39602 37.9162 -44.99 -63.2134 23.3217
-23.1652 -5.71239 38.0325 -45.0888 -63.3346 23.1858
-23.3908 -6.02936 38.1481 -45.1878 -63.4559 23.0492
-23.617 -6.34695 38.263 -45.287 -63.5775 22.9119
-23.8437 -6.66514 38.3772 -45.3864 -63.6992 22.7739
-24.0709 -6.98394 38.4907 -45.486 -63.821 22.6351
-24.2986 -7.30335 38.6036 -45.5858 -63.943 22.4955
-24.5268 -7.62337 38.7157 -45.6858 -64.0652 22.3553
-24.7554 -7.944 38.8271 -45.7861 -64.1876 22.2143
-24.9846 -8.26524 38.9378 -45.8865 -64.3101 22.0725
-25.2143 -8.5871 39.0478 -45.9871 -64.4327 21.9299
-25.4445 -8.90957 39.1571 -46.0879 -64.5556 21.7866
-25.6752 -9.23266 39.2657 -46.1889 -64.6785 21.6425
-25.9064 -9.55636 39.3736 -46.2902 -64.8017 21.4977
-26.1381 -9.88067 39.4807 -46.3916 -64.925 21.352
-26.3703 -10.2056 39.5871 -46.4932 -65.0485 21.2056
-26.603 -10.5312 39.6927 -46.5951 -65.1721 21.0583
-26.8362 -10.8573 39.7977 -46.6971 -65.2959 20.9103
-27.07 -11.1841 39.9018 -46.7994 -65.4198 20.7614
-27.3042 -11.5115 40.0053 -46.9019 -65.5439 20.6118
-27.539 -11.8396 40.108 -47.0045 -65.6682 20.4613
-27.7743 -12.1682 40.2099 -47.1074 -65.7926 20.31
-28.0101 -12.4975 40.3111 -47.2105 -65.9171 20.1578
-28.2464 -12.8274 40.4115 -47.3138 -66.0419 20.0048
-28.4832 -13.1579 40.5111 -47.4173 -66.1667 19.851
-28.7206 -13.489 40.61 -47.521 -66.2917 19.6963
-28.9584 -13.8208 40.7081 -47.625 -66.4169 19.5407
-29.1968 -14.1532 40.8054 -47.7291 -66.5422 19.3843
-29.4357 -14.4862 40.9019 -47.8334 -66.6677 19.227
-29.6751 -14.8199 40.9977 -47.938 -66.7933 19.0689
-29.9151 -15.1542 41.0926 -48.0427 -66.9191 18.9098
-30.1556 -15.4891 41.1868 -48.1477 -67.045 18.7498
-30.3966 -15.8246 41.2801 -48.2529 -67.171 18.589
-30.6381 -16.1608 41.3726 -48.3583 -67.2972 18.4272
-30.8802 -16.4976 41.4644 -48.4639 -67.4235 18.2646
-31.1227 -16.835 41.5553 -48.5697 -67.55 18.101
-31.3659 -17.1731 41.6454 -48.6757 -67.6766 17.9365
-31.6095 -17.5118 41.7347 -48.7819 -67.8034 17.771
-31.8537 -17.8511 41.8231 -48.8884 -67.9303 17.6046
-32.0984 -18.1911 41.9107 -48.995 -68.0573 17.4373
-32.3436 -18.5317 41.9975 -49.1018 -68.1845 17.269
-32.5894 -18.8729 42.0834 -49.2089 -68.3118 17.0997
-32.8357 -19.2148 42.1685 -49.3162 -68.4392 16.9295
-33.0826 -19.5573 42.2527 -49.4237 -68.5667 16.7582
-33.3299 -19.9005 42.336 -49.5313 -68.6944 16.586
-33.5779 -20.2443 42.4185 -49.6392 -68.8222 16.4128
-33.8263 -20.5887 42.5002 -49.7473 -68.9501 16.2386
-34.0753 -20.9338 42.5809 -49.8557 -69.0782 16.0634
-34.3249 -21.2795 42.6608 -49.9642 -69.2064 15.8871
-34.575 -21.6258 42.7398 -50.0729 -69.3347 15.7099
-34.8256 -21.9728 42.8179 -50.1818 -69.4631 15.5316
-35.0768 -22.3205 42.8951 -50.291 -69.5916 15.3522
-35.3285 -22.6688 42.9714 -50.4003 -69.7202 15.1718
-35.5808 -23.0177 43.0468 -50.5099 -69.849 14.9904
-35.8336 -23.3672 43.1213 -50.6196 -69.9779 14.8078
-36.087 -23.7175 43.1949 -50.7296 -70.1068 14.6242
-36.3409 -24.0683 43.2676 -50.8397 -70.2359 14.4395
-36.5954 -24.4198 43.3393 -50.9501 -70.3651 14.2537
-36.8504 -24.772 43.4101 -51.0607 -70.4944 14.0668
-37.106 -25.1248 43.48 -51.1714 -70.6237 13.8788
-37.3621 -25.4782 43.5489 -51.2824 -70.7532 13.6896
-37.6188 -25.8323 43.6169 -51.3936 -70.8828 13.4994
-37.8761 -26.187 43.6839 -51.5049 -71.0125 13.308
-38.1339 -26.5424 43.75 -51.6165 -71.1422 13.1154
-38.3922 -26.8985 43.815 -51.7283 -71.272 12.9217
-38.6512 -27.2551 43.8792 -51.8402 -71.402 12.7267
-38.9107 -27.6125 43.9423 -51.9524 -71.532 12.5307
-39.1707 -27.9705 44.0045 -52.0647 -71.662 12.3334
-39.4313 -28.3291 44.0656 -52.1772 -71.7922 12.1349
-39.6925 -28.6884 44.1258 -52.29 -71.9224 11.9352
-39.9542 -29.0483 44.185 -52.4029 -72.0527 11.7343
-40.2165 -29.4089 44.2432 -52.516 -72.1831 11.5322
-40.4794 -29.7702 44.3003 -52.6293 -72.3135 11.3288
-40.7428 -30.132 44.3565 -52.7428 -72.444 11.1241
-41.0068 -30.4946 44.4116 -52.8565 -72.5746 10.9182
-41.2714 -30.8578 44.4656 -52.9703 -72.7052 10.7111
-41.5365 -31.2216 44.5187 -53.0843 -72.8359 10.5026
-41.8022 -31.5862 44.5707 -53.1985 -72.9666 10.2928
-42.0685 -31.9513 44.6216 -53.3129 -73.0973 10.0818
-42.3353 -32.3171 44.6715 -53.4275 -73.2281 9.86937
-42.6027 -32.6836 44.7203 -53.5422 -73.359 9.65565
-42.8707 -33.0507 44.768 -53.6572 -73.4898 9.44059
-43.1393 -33.4185 44.8147 -53.7722 -73.6207 9.22417
-43.4085 -33.7869 44.8603 -53.8875 -73.7517 9.00639
-43.6782 -34.156 44.9048 -54.0029 -73.8826 8.78723
-43.9485 -34.5257 44.9481 -54.1185 -74.0136 8.56667
-44.2194 -34.8961 44.9904 -54.2342 -74.1446 8.34472
-44.4908 -35.2672 45.0316 -54.3501 -74.2756 8.12135
-44.7629 -35.6389 45.0716 -54.4662 -74.4066 7.89655
-45.0355 -36.0113 45.1106 -54.5824 -74.5377 7.67031
-45.3087 -36.3843 45.1483 -54.6988 -74.6687 7.44262
-45.5825 -36.7579 45.185 -54.8153 -74.7997 7.21346
-45.8569 -37.1323 45.2205 -54.932 -74.9307 6.98282
-46.1318 -37.5073 45.2548 -55.0488 -75.0617 6.75069
-46.4073 -37.8829 45.288 -55.1657 -75.1927 6.51705
-46.6835 -38.2592 45.32 -55.2828 -75.3237 6.2819
-46.9602 -38.6361 45.3508 -55.4 -75.4546 6.04521
-47.2375 -39.0137 45.3804 -55.5174 -75.5855 5.80697
-47.5154 -39.392 45.4089 -55.6349 -75.7164 5.56717
-47.7938 -39.7709 45.4361 -55.7525 -75.8472 5.3258
-48.0729 -40.1505 45.4621 -55.8702 -75.978 5.08283
-48.3525 -40.5307 45.4869 -55.9881 -76.1088 4.83826
-48.6328 -40.9115 45.5105 -56.1061 -76.2395 4.59208
-48.9136 -41.2931 45.5329 -56.2242 -76.3701 4.34426
-49.195 -41.6752 45.554 -56.3424 -76.5007 4.09479
-49.477 -42.0581 45.5738 -56.4607 -76.6312 3.84365
-49.7596 -42.4416 45.5924 -56.5791 -76.7616 3.59084
-50.0428 -42.8257 45.6097 -56.6976 -76.892 3.33633
-50.3266 -43.2105 45.6258 -56.8162 -77.0222 3.08011
-50.611 -43.5959 45.6405 -56.9348 -77.1524 2.82217
-50.8959 -43.982 45.654 -57.0536 -77.2825 2.56249
-51.1815 -44.3687 45.6661 -57.1725 -77.4125 2.30104
-51.4677 -44.7561 45.677 -57.2914 -77.5423 2.03782
-51.7544 -45.1442 45.6865 -57.4104 -77.6721 1.77282
-52.0418 -45.5328 45.6947 -57.5295 -77.8018 1.506
-52.3297 -45.9222 45.7016 -57.6486 -77.9313 1.23736
-52.6182 -46.3122 45.7071 -57.7678 -78.0607 0.966885
-52.9074 -46.7028 45.7112 -57.8871 -78.1899 0.694549
-53.1971 -47.0941 45.714 -58.0064 -78.319 0.420337
-53.4874 -47.486 45.7154 -58.1258 -78.448 0.144233
-53.7784 -47.8785 45.7155 -58.2452 -78.5768 -0.13378
-54.0699 -48.2717 45.7141 -58.3646 -78.7054 -0.413721
-54.362 -48.6656 45.7113 -58.4841 -78.8339 -0.695608
-54.6547 -49.0601 45.7071 -58.6036 -78.9622 -0.979457
-54.9481 -49.4552 45.7015 -58.7231 -79.0903 -1.26529
-55.242 -49.851 45.6945 -58.8426 -79.2182 -1.55312
-55.5365 -50.2474 45.686 -58.9622 -79.3459 -1.84297
-55.8316 -50.6444 45.6761 -59.0817 -79.4734 -2.13486
-56.1273 -51.0421 45.6647 -59.2013 -79.6007 -2.4288
-56.4236 -51.4405 45.6518 -59.3208 -79.7278 -2.72482
-56.7205 -51.8394 45.6374 -59.4403 -79.8546 -3.02293
-57.018 -52.239 45.6215 -59.5599 -79.9812 -3.32316
-57.3161 -52.6392 45.6042 -59.6793 -80.1075 -3.62552
-57.6148 -53.0401 45.5853 -59.7988 -80.2336 -3.93003
-57.9141 -53.4416 45.5649 -59.9182 -80.3595 -4.23672
-58.214 -53.8437 45.5429 -60.0376 -80.485 -4.5456
-58.5145 -54.2464 45.5194 -60.1569 -80.6103 -4.85669
-58.8156 -54.6498 45.4944 -60.2762 -80.7353 -5.17002
-59.1172 -55.0538 45.4677 -60.3954 -80.86 -5.4856
-59.4195 -55.4584 45.4395 -60.5146 -80.9844 -5.80345
-59.7224 -55.8636 45.4097 -60.6337 -81.1084 -6.1236
-60.0258 -56.2695 45.3783 -60.7527 -81.2321 -6.44607
-60.3299 -56.6759 45.3452 -60.8716 -81.3555 -6.77088
-60.6346 -57.083 45.3106 -60.9904 -81.4785 -7.09805
-60.9398 -57.4907 45.2742 -61.1091 -81.6012 -7.4276
-61.2457 -57.899 45.2363 -61.2277 -81.7235 -7.75955
-61.5521 -58.308 45.1966 -61.3461 -81.8454 -8.09393
-61.8591 -58.7175 45.1553 -61.4645 -81.9669 -8.43075
-62.1667 -59.1276 45.1123 -61.5827 -82.088 -8.77005
-62.4749 -59.5384 45.0676 -61.7008 -82.2087 -9.11183
-62.7837 -59.9497 45.0212 -61.8187 -82.329 -9.45613
-63.0931 -60.3617 44.9731 -61.9365 -82.4488 -9.80298
-63.4031 -60.7742 44.9232 -62.054 -82.5681 -10.1524
-63.7137 -61.1873 44.8716 -62.1715 -82.687 -10.5044
-64.0248 -61.6011 44.8181 -62.2887 -82.8054 -10.859
-64.3366 -62.0154 44.763 -62.4057 -82.9233 -11.2162
-64.6489 -62.4303 44.706 -62.5226 -83.0407 -11.5761
-64.9618 -62.8458 44.6472 -62.6392 -83.1575 -11.9386
-65.2753 -63.2619 44.5866 -62.7556 -83.2738 -12.3039
-65.5893 -63.6785 44.5242 -62.8717 -83.3896 -12.6719
-65.904 -64.0958 44.4599 -62.9877 -83.5047 -13.0426
-66.2192 -64.5136 44.3937 -63.1033 -83.6193 -13.4161
-66.535 -64.932 44.3257 -63.2187 -83.7333 -13.7925
-66.8514 -65.3509 44.2558 -63.3338 -83.8467 -14.1716
-67.1684 -65.7704 44.184 -63.4487 -83.9594 -14.5536
-67.4859 -66.1905 44.1103 -63.5632 -84.0714 -14.9385
-67.804 -66.6111 44.0346 -63.6775 -84.1828 -15.3263
-68.1227 -67.0323 43.957 -63.7914 -84.2935 -15.717
-68.4419 -67.4541 43.8774 -63.905 -84.4035 -16.1107
-68.7617 -67.8764 43.7959 -64.0182 -84.5128 -16.5073
-69.0821 -68.2992 43.7124 -64.1311 -84.6213 -16.907
-69.403 -68.7226 43.6268 -64.2436 -84.729 -17.3096
-69.7245 -69.1465 43.5393 -64.3558 -84.8359 -17.7154
-70.0466 -69.5709 43.4497 -64.4675 -84.9421 -18.1242
-70.3692 -69.9959 43.358 -64.5789 -85.0474 -18.5362
-70.6924 -70.4214 43.2643 -64.6898 -85.1518 -18.9513
-71.0161 -70.8474 43.1685 -64.8002 -85.2554 -19.3696
-71.3404 -71.274 43.0706 -64.9103 -85.358 -19.791
-71.6652 -71.701 42.9706 -65.0198 -85.4598 -20.2157
-71.9906 -72.1286 42.8685 -65.1289 -85.5606 -20.6437
-72.3165 -72.5566 42.7642 -65.2375 -85.6604 -21.0749
-72.643 -72.9852 42.6577 -65.3455 -85.7593 -21.5094
-72.9699 -73.4142 42.5491 -65.4531 -85.8571 -21.9473
-73.2975 -73.8437 42.4382 -65.5601 -85.9539 -22.3885
-73.6256 -74.2738 42.3252 -65.6665 -86.0496 -22.8332
-73.9541 -74.7042 42.2099 -65.7723 -86.1442 -23.2812
-74.2833 -75.1352 42.0924 -65.8776 -86.2376 -23.7327
-74.6129 -75.5666 41.9726 -65.9822 -86.3299 -24.1877
-74.9431 -75.9985 41.8505 -66.0862 -86.4211 -24.6462
-75.2738 -76.4308 41.7261 -66.1896 -86.511 -25.1083
-75.605 -76.8636 41.5994 -66.2922 -86.5997 -25.5739
-75.9367 -77.2968 41.4704 -66.3942 -86.6871 -26.0431
-76.2689 -77.7305 41.339 -66.4955 -86.7732 -26.5159
-76.6017 -78.1646 41.2052 -66.596 -86.8579 -26.9924
-76.9349 -78.5991 41.0691 -66.6958 -86.9413 -27.4726
-77.2686 -79.034 40.9305 -66.7948 -87.0233 -27.9565
-77.6028 -79.4693 40.7895 -66.893 -87.1038 -28.4442
-77.9376 -79.905 40.646 -66.9903 -87.1829 -28.9357
-78.2727 -80.3411 40.5001 -67.0869 -87.2605 -29.4309
-78.6084 -80.7776 40.3517 -67.1825 -87.3365 -29.93
-78.9446 -81.2145 40.2008 -67.2773 -87.4109 -30.433
-79.2812 -81.6517 40.0474 -67.3711 -87.4838 -30.9398
-79.6183 -82.0893 39.8914 -67.464 -87.5549 -31.4506
-79.9558 -82.5273 39.7329 -67.5559 -87.6244 -31.9654
-80.2938 -82.9656 39.5718 -67.6468 -87.6921 -32.4842
-80.6323 -83.4042 39.408 -67.7367 -87.7581 -33.0069
-80.9712 -83.8431 39.2417 -67.8256 -87.8222 -33.5338
-81.3106 -84.2824 39.0727 -67.9133 -87.8845 -34.0647
-81.6503 -84.722 38.9011 -68 -87.9449 -34.5997
-81.9906 -85.1619 38.7267 -68.0855 -88.0033 -35.1389
-82.3312 -85.602 38.5497 -68.1698 -88.0597 -35.6823
-82.6723 -86.0425 38.3699 -68.2529 -88.1141 -36.2298
-83.0137 -86.4832 38.1874 -68.3348 -88.1664 -36.7816
-83.3556 -86.9241 38.0021 -68.4154 -88.2166 -37.3377
-83.6979 -87.3653 37.814 -68.4948 -88.2646 -37.898
-84.0406 -87.8068 37.6231 -68.5727 -88.3103 -38.4627
-84.3836 -88.2484 37.4294 -68.6494 -88.3538 -39.0317
-84.727 -88.6903 37.2328 -68.7246 -88.3949 -39.6051
-85.0709 -89.1324 37.0333 -68.7983 -88.4336 -40.183
-85.415 -89.5746 36.8309 -68.8706 -88.4699 -40.7652
-85.7596 -90.0171 36.6257 -68.9414 -88.5037 -41.3519
-86.1044 -90.4597 36.4174 -69.0106 -88.5349 -41.9432
-86.4497 -90.9024 36.2062 -69.0782 -88.5635 -42.5389
-86.7952 -91.3453 35.992 -69.1442 -88.5895 -43.1392
-87.1411 -91.7883 35.7748 -69.2085 -88.6127 -43.7441
-87.4873 -92.2314 35.5546 -69.271 -88.6331 -44.3536
-87.8338 -92.6747 35.3313 -69.3319 -88.6507 -44.9677
-88.1806 -93.118 35.1049 -69.3909 -88.6654 -45.5864
-88.5277 -93.5613 34.8754 -69.448 -88.6771 -46.2099
-88.8751 -94.0047 34.6428 -69.5032 -88.6857 -46.838
-89.2228 -94.4482 34.407 -69.5566 -88.6912 -47.4709
-89.5707 -94.8916 34.1681 -69.6079 -88.6936 -48.1085
-89.9188 -95.3351 33.926 -69.6571 -88.6927 -48.7509
-90.2672 -95.7786 33.6806 -69.7043 -88.6885 -49.3981
-90.6159 -96.222 33.432 -69.7493 -88.6809 -50.0501
-90.9647 -96.6654 33.1801 -69.7922 -88.6698 -50.707
-91.3138 -97.1087 32.9249 -69.8327 -88.6552 -51.3687
-91.6631 -97.5519 32.6664 -69.871 -88.637 -52.0353
-92.0125 -97.9951 32.4045 -69.9069 -88.6151 -52.7068
-92.3621 -98.4381 32.1393 -69.9404 -88.5894 -53.3832
-92.7119 -98.881 31.8707 -69.9715 -88.5599 -54.0645
-93.0618 -99.3237 31.5987 -70 -88.5265 -54.7507
-93.4119 -99.7662 31.3232 -70.0259 -88.489 -55.442
-93.7621 -100.209 31.0443 -70.0492 -88.4475 -56.1381
-94.1124 -100.651 30.7618 -70.0697 -88.4018 -56.8393
-94.4628 -101.093 30.4759 -70.0875 -88.3518 -57.5454
-94.8133 -101.534 30.1864 -70.1024 -88.2975 -58.2566
-95.1638 -101.976 29.8933 -70.1144 -88.2387 -58.9727
-95.5144 -102.417 29.5966 -70.1235 -88.1754 -59.6939
-95.8651 -102.857 29.2964 -70.1295 -88.1075 -60.4201
-96.2157 -103.298 28.9924 -70.1324 -88.0348 -61.1513
-96.5664 -103.738 28.6848 -70.1322 -87.9573 -61.8875
-96.917 -104.177 28.3736 -70.1286 -87.875 -62.6287
-97.2677 -104.616 28.0586 -70.1218 -87.7876 -63.3749
-97.6183 -105.055 27.7398 -70.1116 -87.6951 -64.1262
-97.9688 -105.493 27.4173 -70.0979 -87.5974 -64.8824
-98.3192 -105.931 27.091 -70.0806 -87.4944 -65.6437
-98.6696 -106.368 26.7609 -70.0597 -87.386 -66.4099
-99.0198 -106.805 26.4269 -70.0351 -87.272 -67.1811
-99.3699 -107.241 26.089 -70.0068 -87.1525 -67.9573
