25 0 -150 0 0 49
24.9997 -0.000261875 -149.755 -0.132349 -0.10482 49.0548
24.9987 -0.00104812 -149.509 -0.264841 -0.209749 49.1094
24.997 -0.00235928 -149.264 -0.397475 -0.314787 49.1639
24.9947 -0.00419591 -149.018 -0.530254 -0.419934 49.2182
24.9917 -0.00655855 -148.772 -0.663177 -0.525193 49.2724
24.9881 -0.00944776 -148.525 -0.796248 -0.630564 49.3265
24.9838 -0.0128641 -148.278 -0.929466 -0.736048 49.3804
24.9788 -0.0168082 -148.031 -1.06283 -0.841645 49.4341
24.9731 -0.0212805 -147.784 -1.19635 -0.947358 49.4877
24.9668 -0.0262817 -147.536 -1.33002 -1.05319 49.5412
24.9598 -0.0318123 -147.289 -1.46384 -1.15913 49.5945
24.9522 -0.0378729 -147.04 -1.59781 -1.26519 49.6477
24.9438 -0.0444641 -146.792 -1.73194 -1.37137 49.7008
24.9349 -0.0515865 -146.543 -1.86623 -1.47767 49.7536
24.9252 -0.0592407 -146.295 -2.00067 -1.58409 49.8064
24.9148 -0.0674273 -146.045 -2.13527 -1.69063 49.859
24.9038 -0.0761469 -145.796 -2.27003 -1.79729 49.9115
24.8921 -0.0854001 -145.546 -2.40495 -1.90408 49.9638
24.8798 -0.0951876 -145.296 -2.54003 -2.01099 50.0159
24.8667 -0.10551 -145.046 -2.67528 -2.11802 50.068
24.853 -0.116368 -144.796 -2.81069 -2.22518 50.1198
24.8386 -0.127762 -144.545 -2.94627 -2.33247 50.1716
24.8236 -0.139692 -144.294 -3.08202 -2.43988 50.2232
24.8078 -0.15216 -144.043 -3.21793 -2.54743 50.2746
24.7914 -0.165166 -143.791 -3.35401 -2.6551 50.3259
24.7743 -0.178711 -143.539 -3.49027 -2.7629 50.3771
24.7565 -0.192795 -143.287 -3.62669 -2.87084 50.4281
24.738 -0.20742 -143.035 -3.76329 -2.97891 50.4789
24.7189 -0.222584 -142.783 -3.90007 -3.08711 50.5297
24.699 -0.238291 -142.53 -4.03702 -3.19545 50.5802
24.6785 -0.254539 -142.277 -4.17415 -3.30392 50.6307
24.6573 -0.27133 -142.024 -4.31146 -3.41253 50.6809
24.6354 -0.288664 -141.77 -4.44894 -3.52128 50.7311
24.6128 -0.306542 -141.516 -4.58661 -3.63016 50.7811
24.5895 -0.324966 -141.262 -4.72447 -3.73919 50.8309
24.5655 -0.343934 -141.008 -4.8625 -3.84835 50.8806
24.5409 -0.363449 -140.753 -5.00073 -3.95766 50.9302
24.5155 -0.383511 -140.499 -5.13914 -4.06712 50.9796
24.4895 -0.40412 -140.244 -5.27774 -4.17671 51.0288
24.4628 -0.425278 -139.988 -5.41653 -4.28645 51.0779
24.4353 -0.446985 -139.733 -5.55551 -4.39634 51.1269
24.4072 -0.469241 -139.477 -5.69468 -4.50637 51.1757
24.3784 -0.492048 -139.221 -5.83404 -4.61656 51.2244
24.3489 -0.515407 -138.965 -5.97361 -4.72689 51.2729
24.3186 -0.539317 -138.708 -6.11337 -4.83737 51.3213
24.2877 -0.56378 -138.452 -6.25332 -4.94801 51.3695
24.2561 -0.588797 -138.195 -6.39348 -5.05879 51.4176
24.2238 -0.614368 -137.937 -6.53384 -5.16973 51.4656
24.1908 -0.640494 -137.68 -6.6744 -5.28083 51.5133
24.157 -0.667176 -137.422 -6.81517 -5.39208 51.561
24.1226 -0.694415 -137.164 -6.95614 -5.50349 51.6085
24.0875 -0.722211 -136.906 -7.09732 -5.61506 51.6558
24.0516 -0.750566 -136.648 -7.23871 -5.72678 51.703
24.0151 -0.779479 -136.389 -7.38031 -5.83867 51.75
23.9778 -0.808952 -136.13 -7.52212 -5.95072 51.7969
23.9399 -0.838986 -135.871 -7.66415 -6.06293 51.8436
23.9012 -0.869581 -135.612 -7.80638 -6.17531 51.8902
23.8618 -0.900739 -135.352 -7.94884 -6.28785 51.9367
23.8217 -0.93246 -135.093 -8.09151 -6.40056 51.983
23.7809 -0.964745 -134.832 -8.23441 -6.51344 52.0291
23.7394 -0.997594 -134.572 -8.37752 -6.62648 52.0751
23.6971 -1.03101 -134.312 -8.52086 -6.73969 52.1209
23.6542 -1.06499 -134.051 -8.66442 -6.85308 52.1666
23.6105 -1.09954 -133.79 -8.80821 -6.96664 52.2121
23.5661 -1.13466 -133.529 -8.95223 -7.08037 52.2575
23.521 -1.17034 -133.267 -9.09647 -7.19428 52.3027
23.4751 -1.2066 -133.006 -9.24095 -7.30836 52.3478
23.4285 -1.24343 -132.744 -9.38566 -7.42262 52.3927
23.3813 -1.28083 -132.482 -9.5306 -7.53706 52.4374
23.3332 -1.3188 -132.22 -9.67578 -7.65168 52.482
23.2845 -1.35734 -131.957 -9.8212 -7.76648 52.5265
23.235 -1.39646 -131.694 -9.96685 -7.88146 52.5708
23.1848 -1.43616 -131.431 -10.1127 -7.99663 52.6149
23.1339 -1.47643 -131.168 -10.2589 -8.11198 52.6589
23.0822 -1.51728 -130.905 -10.4053 -8.22752 52.7027
23.0298 -1.5587 -130.641 -10.5519 -8.34325 52.7464
22.9767 -1.60071 -130.377 -10.6988 -8.45916 52.7899
22.9229 -1.6433 -130.113 -10.8459 -8.57527 52.8332
22.8683 -1.68646 -129.849 -10.9933 -8.69157 52.8764
22.8129 -1.73021 -129.585 -11.1409 -8.80806 52.9195
22.7569 -1.77454 -129.32 -11.2888 -8.92474 52.9623
22.7 -1.81946 -129.055 -11.437 -9.04162 53.0051
22.6425 -1.86496 -128.79 -11.5854 -9.1587 53.0476
22.5842 -1.91105 -128.524 -11.734 -9.27598 53.09
22.5251 -1.95772 -128.259 -11.883 -9.39345 53.1322
22.4654 -2.00498 -127.993 -12.0322 -9.51113 53.1743
22.4048 -2.05283 -127.727 -12.1816 -9.62901 53.2162
22.3435 -2.10127 -127.461 -12.3314 -9.7471 53.2579
22.2815 -2.1503 -127.195 -12.4813 -9.86539 53.2995
22.2187 -2.19992 -126.928 -12.6316 -9.98389 53.3409
22.1552 -2.25014 -126.661 -12.7822 -10.1026 53.3822
22.0909 -2.30095 -126.394 -12.933 -10.2215 53.4233
22.0259 -2.35235 -126.127 -13.0841 -10.3406 53.4642
21.9601 -2.40436 -125.859 -13.2355 -10.46 53.5049
21.8935 -2.45695 -125.592 -13.3871 -10.5795 53.5455
21.8262 -2.51015 -125.324 -13.5391 -10.6993 53.5859
21.7581 -2.56395 -125.056 -13.6913 -10.8193 53.6262
21.6893 -2.61834 -124.788 -13.8438 -10.9395 53.6662
21.6197 -2.67334 -124.519 -13.9966 -11.0599 53.7061
21.5493 -2.72894 -124.251 -14.1497 -11.1806 53.7459
21.4782 -2.78515 -123.982 -14.3031 -11.3015 53.7854
21.4063 -2.84196 -123.713 -14.4568 -11.4226 53.8248
21.3336 -2.89937 -123.444 -14.6108 -11.5439 53.864
21.2602 -2.9574 -123.174 -14.7651 -11.6654 53.9031
21.186 -3.01603 -122.905 -14.9197 -11.7872 53.942
21.111 -3.07527 -122.635 -15.0746 -11.9092 53.9806
21.0352 -3.13512 -122.365 -15.2298 -12.0315 54.0192
20.9587 -3.19558 -122.095 -15.3853 -12.154 54.0575
20.8814 -3.25666 -121.824 -15.5411 -12.2767 54.0957
20.8033 -3.31835 -121.554 -15.6973 -12.3996 54.1337
20.7244 -3.38066 -121.283 -15.8537 -12.5228 54.1715
20.6447 -3.44358 -121.012 -16.0105 -12.6463 54.2091
20.5643 -3.50712 -120.741 -16.1676 -12.77 54.2465
20.4831 -3.57128 -120.469 -16.325 -12.8939 54.2838
20.401 -3.63606 -120.198 -16.4828 -13.0181 54.3209
20.3182 -3.70146 -119.926 -16.6408 -13.1425 54.3578
20.2346 -3.76748 -119.654 -16.7992 -13.2672 54.3945
20.1502 -3.83413 -119.382 -16.958 -13.3921 54.431
20.065 -3.9014 -119.11 -17.117 -13.5173 54.4673
19.9791 -3.9693 -118.838 -17.2765 -13.6427 54.5035
19.8923 -4.03783 -118.565 -17.4362 -13.7684 54.5395
19.8047 -4.10699 -118.292 -17.5963 -13.8943 54.5752
19.7163 -4.17677 -118.019 -17.7567 -14.0206 54.6108
19.6271 -4.24719 -117.746 -17.9175 -14.147 54.6462
19.5371 -4.31824 -117.473 -18.0786 -14.2738 54.6814
19.4463 -4.38993 -117.199 -18.2401 -14.4008 54.7164
19.3547 -4.46225 -116.926 -18.4019 -14.5281 54.7512
19.2623 -4.53521 -116.652 -18.5641 -14.6556 54.7858
19.1691 -4.60881 -116.378 -18.7267 -14.7834 54.8203
19.0751 -4.68304 -116.104 -18.8896 -14.9115 54.8545
18.9802 -4.75792 -115.829 -19.0529 -15.0399 54.8885
18.8845 -4.83344 -115.555 -19.2165 -15.1685 54.9223
18.788 -4.90961 -115.28 -19.3805 -15.2974 54.9559
18.6907 -4.98642 -115.005 -19.5449 -15.4267 54.9894
18.5926 -5.06387 -114.73 -19.7097 -15.5561 55.0226
18.4936 -5.14198 -114.455 -19.8748 -15.6859 55.0556
18.3938 -5.22073 -114.18 -20.0404 -15.816 55.0884
18.2932 -5.30014 -113.904 -20.2063 -15.9464 55.121
18.1918 -5.3802 -113.628 -20.3726 -16.077 55.1533
18.0895 -5.46091 -113.353 -20.5392 -16.2079 55.1855
17.9864 -5.54228 -113.077 -20.7063 -16.3392 55.2175
17.8824 -5.6243 -112.8 -20.8738 -16.4707 55.2492
17.7777 -5.70698 -112.524 -21.0417 -16.6026 55.2808
17.672 -5.79033 -112.248 -21.2099 -16.7347 55.3121
17.5656 -5.87433 -111.971 -21.3786 -16.8672 55.3432
17.4582 -5.959 -111.694 -21.5477 -16.9999 55.374
17.3501 -6.04433 -111.417 -21.7172 -17.133 55.4047
17.2411 -6.13033 -111.14 -21.8871 -17.2664 55.4351
17.1312 -6.21699 -110.863 -22.0574 -17.4001 55.4653
17.0205 -6.30433 -110.585 -22.2282 -17.5341 55.4953
16.9089 -6.39233 -110.308 -22.3993 -17.6684 55.5251
16.7965 -6.48101 -110.03 -22.5709 -17.803 55.5546
16.6832 -6.57036 -109.752 -22.7429 -17.938 55.5839
16.5691 -6.66039 -109.474 -22.9154 -18.0733 55.613
16.4541 -6.7511 -109.196 -23.0883 -18.2089 55.6418
16.3382 -6.84248 -108.918 -23.2616 -18.3449 55.6704
16.2214 -6.93455 -108.639 -23.4353 -18.4812 55.6988
16.1038 -7.02729 -108.361 -23.6096 -18.6178 55.7269
15.9853 -7.12072 -108.082 -23.7842 -18.7548 55.7548
15.866 -7.21484 -107.803 -23.9593 -18.8921 55.7824
15.7458 -7.30965 -107.524 -24.1349 -19.0297 55.8098
15.6246 -7.40514 -107.245 -24.3109 -19.1677 55.837
15.5026 -7.50132 -106.966 -24.4874 -19.3061 55.8639
15.3798 -7.5982 -106.687 -24.6643 -19.4448 55.8905
15.256 -7.69577 -106.407 -24.8418 -19.5838 55.9169
15.1314 -7.79404 -106.127 -25.0196 -19.7232 55.943
15.0058 -7.893 -105.848 -25.198 -19.863 55.9689
14.8794 -7.99267 -105.568 -25.3768 -20.0031 55.9946
14.752 -8.09303 -105.288 -25.5562 -20.1436 56.0199
14.6238 -8.1941 -105.008 -25.736 -20.2844 56.045
14.4947 -8.29588 -104.727 -25.9163 -20.4257 56.0699
14.3646 -8.39836 -104.447 -26.0971 -20.5673 56.0944
14.2337 -8.50155 -104.166 -26.2784 -20.7092 56.1187
14.1019 -8.60545 -103.886 -26.4602 -20.8516 56.1428
13.9691 -8.71007 -103.605 -26.6425 -20.9943 56.1665
13.8354 -8.81539 -103.324 -26.8253 -21.1374 56.19
13.7009 -8.92144 -103.043 -27.0086 -21.2809 56.2132
13.5654 -9.0282 -102.762 -27.1924 -21.4248 56.2361
13.4289 -9.13569 -102.481 -27.3768 -21.5691 56.2588
13.2916 -9.24389 -102.199 -27.5617 -21.7138 56.2811
13.1533 -9.35283 -101.918 -27.7471 -21.8589 56.3032
13.0141 -9.46248 -101.636 -27.933 -22.0044 56.3249
12.874 -9.57287 -101.355 -28.1195 -22.1502 56.3464
12.7329 -9.68399 -101.073 -28.3065 -22.2965 56.3676
12.5909 -9.79583 -100.791 -28.4941 -22.4432 56.3884
12.448 -9.90842 -100.509 -28.6822 -22.5904 56.409
12.3041 -10.0217 -100.227 -28.8709 -22.7379 56.4293
12.1593 -10.1358 -99.9446 -29.0601 -22.8859 56.4492
12.0135 -10.2506 -99.6623 -29.2499 -23.0342 56.4689
11.8668 -10.3661 -99.3799 -29.4403 -23.1831 56.4882
11.7191 -10.4824 -99.0974 -29.6312 -23.3323 56.5072
11.5705 -10.5995 -98.8149 -29.8227 -23.482 56.5259
11.4209 -10.7172 -98.5322 -30.0148 -23.6321 56.5443
11.2703 -10.8358 -98.2494 -30.2074 -23.7827 56.5623
11.1188 -10.9551 -97.9666 -30.4007 -23.9337 56.5801
10.9663 -11.0751 -97.6836 -30.5946 -24.0851 56.5974
10.8128 -11.1959 -97.4006 -30.789 -24.237 56.6145
10.6584 -11.3175 -97.1175 -30.984 -24.3894 56.6312
10.503 -11.4398 -96.8343 -31.1797 -24.5422 56.6476
10.3466 -11.5629 -96.551 -31.376 -24.6955 56.6636
10.1892 -11.6868 -96.2676 -31.5729 -24.8492 56.6792
10.0309 -11.8114 -95.9842 -31.7704 -25.0034 56.6945
9.87154 -11.9368 -95.7007 -31.9685 -25.1581 56.7095
9.7112 -12.063 -95.4171 -32.1673 -25.3133 56.7241
9.54987 -12.1899 -95.1334 -32.3667 -25.469 56.7383
9.38753 -12.3177 -94.8497 -32.5667 -25.6251 56.7522
9.2242 -12.4462 -94.5659 -32.7674 -25.7817 56.7657
9.05986 -12.5755 -94.2821 -32.9687 -25.9388 56.7788
8.89451 -12.7056 -93.9981 -33.1707 -26.0965 56.7915
8.72815 -12.8365 -93.7141 -33.3734 -26.2546 56.8038
8.56078 -12.9681 -93.4301 -33.5767 -26.4132 56.8158
8.39239 -13.1006 -93.146 -33.7807 -26.5724 56.8273
8.22297 -13.2338 -92.8618 -33.9854 -26.732 56.8385
8.05253 -13.3679 -92.5776 -34.1907 -26.8922 56.8493
7.88106 -13.5028 -92.2933 -34.3968 -27.0529 56.8596
7.70856 -13.6384 -92.009 -34.6035 -27.2141 56.8696
7.53503 -13.7749 -91.7246 -34.811 -27.3759 56.8791
7.36046 -13.9122 -91.4402 -35.0191 -27.5382 56.8882
7.18484 -14.0503 -91.1557 -35.228 -27.701 56.8969
7.00818 -14.1892 -90.8712 -35.4375 -27.8644 56.9052
6.83046 -14.3289 -90.5867 -35.6478 -28.0283 56.913
6.6517 -14.4695 -90.3021 -35.8588 -28.1928 56.9204
6.47187 -14.6109 -90.0175 -36.0706 -28.3578 56.9273
6.29099 -14.7531 -89.7328 -36.2831 -28.5234 56.9338
6.10904 -14.8961 -89.4482 -36.4963 -28.6896 56.9399
5.92603 -15.04 -89.1634 -36.7103 -28.8564 56.9454
5.74194 -15.1847 -88.8787 -36.9251 -29.0237 56.9506
5.55678 -15.3302 -88.5939 -37.1406 -29.1916 56.9552
5.37053 -15.4766 -88.3091 -37.3569 -29.3601 56.9594
5.18321 -15.6238 -88.0243 -37.574 -29.5292 56.9631
4.99479 -15.7719 -87.7395 -37.7918 -29.6989 56.9663
4.80529 -15.9208 -87.4547 -38.0104 -29.8692 56.969
4.61469 -16.0706 -87.1698 -38.2299 -30.0401 56.9712
4.42299 -16.2212 -86.885 -38.4501 -30.2116 56.9729
4.23019 -16.3727 -86.6001 -38.6712 -30.3838 56.9742
4.03628 -16.525 -86.3152 -38.893 -30.5566 56.9749
3.84126 -16.6782 -86.0303 -39.1157 -30.73 56.975
3.64512 -16.8323 -85.7455 -39.3392 -30.904 56.9747
3.44787 -16.9873 -85.4606 -39.5636 -31.0787 56.9738
3.24949 -17.1431 -85.1757 -39.7888 -31.254 56.9724
3.04998 -17.2998 -84.8909 -40.0148 -31.43 56.9704
2.84934 -17.4574 -84.606 -40.2417 -31.6066 56.9679
2.64756 -17.6159 -84.3212 -40.4695 -31.784 56.9648
2.44464 -17.7753 -84.0364 -40.6982 -31.9619 56.9611
2.24058 -17.9355 -83.7516 -40.9277 -32.1406 56.9569
2.03537 -18.0967 -83.4668 -41.1581 -32.3199 56.9521
1.829 -18.2587 -83.1821 -41.3894 -32.5 56.9467
1.62147 -18.4217 -82.8973 -41.6216 -32.6807 56.9407
1.41278 -18.5855 -82.6127 -41.8548 -32.8621 56.9342
1.20292 -18.7503 -82.328 -42.0888 -33.0443 56.927
0.991894 -18.916 -82.0434 -42.3238 -33.2271 56.9192
0.779686 -19.0826 -81.7588 -42.5597 -33.4107 56.9107
0.566297 -19.2501 -81.4743 -42.7965 -33.595 56.9017
0.351721 -19.4185 -81.1898 -43.0343 -33.7801 56.892
0.135953 -19.5879 -80.9054 -43.2731 -33.9659 56.8816
-0.0810103 -19.7582 -80.621 -43.5129 -34.1524 56.8706
-0.299175 -19.9294 -80.3367 -43.7536 -34.3397 56.8589
-0.518546 -20.1016 -80.0524 -43.9953 -34.5277 56.8466
-0.739128 -20.2747 -79.7682 -44.238 -34.7166 56.8336
-0.960926 -20.4487 -79.4841 -44.4817 -34.9062 56.8199
-1.18394 -20.6237 -79.2 -44.7264 -35.0965 56.8055
-1.40819 -20.7997 -78.916 -44.9722 -35.2877 56.7903
-1.63367 -20.9766 -78.6321 -45.2189 -35.4797 56.7745
-1.86038 -21.1545 -78.3483 -45.4668 -35.6725 56.7579
-2.08833 -21.3333 -78.0645 -45.7156 -35.8661 56.7407
-2.31754 -21.5131 -77.7808 -45.9656 -36.0605 56.7226
-2.54799 -21.6939 -77.4973 -46.2166 -36.2558 56.7038
-2.7797 -21.8757 -77.2138 -46.4687 -36.4519 56.6843
-3.01268 -22.0585 -76.9304 -46.7219 -36.6488 56.6639
-3.24692 -22.2422 -76.6472 -46.9762 -36.8466 56.6428
-3.48244 -22.4269 -76.364 -47.2316 -37.0453 56.6209
-3.71924 -22.6126 -76.081 -47.4882 -37.2448 56.5982
-3.95732 -22.7994 -75.798 -47.7459 -37.4452 56.5747
-4.1967 -22.9871 -75.5152 -48.0047 -37.6465 56.5503
-4.43737 -23.1758 -75.2325 -48.2647 -37.8487 56.5251
-4.67934 -23.3656 -74.95 -48.5258 -38.0518 56.499
-4.92263 -23.5564 -74.6675 -48.7882 -38.2558 56.4721
-5.16723 -23.7481 -74.3852 -49.0517 -38.4608 56.4444
-5.41314 -23.941 -74.1031 -49.3165 -38.6667 56.4157
-5.66039 -24.1348 -73.8211 -49.5825 -38.8735 56.3861
-5.90897 -24.3297 -73.5392 -49.8497 -39.0813 56.3556
-6.15889 -24.5256 -73.2575 -50.1182 -39.29 56.3242
-6.41015 -24.7226 -72.976 -50.3879 -39.4998 56.2919
-6.66277 -24.9206 -72.6946 -50.6589 -39.7105 56.2586
-6.91674 -25.1197 -72.4134 -50.9312 -39.9222 56.2243
-7.17208 -25.3198 -72.1324 -51.2048 -40.1349 56.1891
-7.42879 -25.5211 -71.8515 -51.4797 -40.3486 56.1528
-7.68688 -25.7233 -71.5708 -51.7559 -40.5633 56.1156
-7.94635 -25.9267 -71.2903 -52.0335 -40.7791 56.0773
-8.20721 -26.1311 -71.0101 -52.3124 -40.9959 56.038
-8.46947 -26.3366 -70.73 -52.5927 -41.2138 55.9977
-8.73314 -26.5433 -70.4501 -52.8744 -41.4328 55.9562
-8.99822 -26.751 -70.1704 -53.1575 -41.6528 55.9137
-9.26471 -26.9598 -69.8909 -53.442 -41.8739 55.8701
-9.53264 -27.1697 -69.6117 -53.728 -42.0962 55.8253
-9.80199 -27.3807 -69.3327 -54.0154 -42.3195 55.7795
-10.0728 -27.5929 -69.0539 -54.3043 -42.544 55.7324
-10.345 -27.8062 -68.7754 -54.5946 -42.7696 55.6842
-10.6187 -28.0206 -68.4971 -54.8865 -42.9964 55.6348
-10.8939 -28.2362 -68.219 -55.1798 -43.2243 55.5842
-11.1705 -28.4528 -67.9412 -55.4747 -43.4535 55.5323
-11.4486 -28.6707 -67.6637 -55.7712 -43.6838 55.4792
-11.7282 -28.8897 -67.3864 -56.0692 -43.9153 55.4248
-12.0093 -29.1098 -67.1094 -56.3688 -44.148 55.3691
-12.2919 -29.3312 -66.8327 -56.6699 -44.382 55.3121
-12.576 -29.5537 -66.5563 -56.9727 -44.6172 55.2537
-12.8617 -29.7773 -66.2802 -57.2772 -44.8537 55.194
-13.1488 -30.0022 -66.0044 -57.5833 -45.0915 55.1329
-13.4375 -30.2283 -65.7289 -57.891 -45.3305 55.0704
-13.7277 -30.4555 -65.4537 -58.2005 -45.5709 55.0065
-14.0195 -30.684 -65.1788 -58.5116 -45.8126 54.9411
-14.3128 -30.9136 -64.9043 -58.8245 -46.0556 54.8743
-14.6077 -31.1445 -64.6301 -59.1391 -46.2999 54.8059
-14.9042 -31.3766 -64.3562 -59.4554 -46.5457 54.736
-15.2023 -31.61 -64.0827 -59.7735 -46.7928 54.6646
-15.502 -31.8446 -63.8096 -60.0935 -47.0413 54.5915
-15.8032 -32.0804 -63.5368 -60.4152 -47.2912 54.5169
-16.1061 -32.3175 -63.2644 -60.7388 -47.5426 54.4406
-16.4106 -32.5558 -62.9924 -61.0642 -47.7954 54.3627
-16.7168 -32.7954 -62.7208 -61.3915 -48.0497 54.2831
-17.0245 -33.0363 -62.4496 -61.7207 -48.3055 54.2018
-17.334 -33.2785 -62.1787 -62.0518 -48.5628 54.1187
-17.6451 -33.5219 -61.9084 -62.3849 -48.8216 54.0338
-17.9578 -33.7667 -61.6384 -62.7199 -49.082 53.9472
-18.2723 -34.0128 -61.3689 -63.0569 -49.3439 53.8587
-18.5884 -34.2601 -61.0998 -63.3959 -49.6074 53.7683
-18.9062 -34.5088 -60.8312 -63.7369 -49.8725 53.676
-19.2258 -34.7589 -60.5631 -64.08 -50.1392 53.5818
-19.547 -35.0102 -60.2954 -64.4251 -50.4076 53.4857
-19.87 -35.2629 -60.0282 -64.7724 -50.6776 53.3875
-20.1947 -35.517 -59.7615 -65.1217 -50.9494 53.2873
-20.5212 -35.7724 -59.4953 -65.4732 -51.2228 53.185
-20.8495 -36.0292 -59.2297 -65.8269 -51.498 53.0806
-21.1795 -36.2874 -58.9645 -66.1827 -51.7749 52.974
-21.5113 -36.547 -58.6999 -66.5408 -52.0536 52.8653
-21.8449 -36.8079 -58.4359 -66.9012 -52.3341 52.7543
-22.1803 -37.0703 -58.1724 -67.2638 -52.6164 52.6411
-22.5175 -37.3341 -57.9095 -67.6287 -52.9006 52.5256
-22.8566 -37.5993 -57.6471 -67.9959 -53.1866 52.4077
-23.1975 -37.866 -57.3854 -68.3655 -53.4746 52.2874
-23.5403 -38.1341 -57.1242 -68.7374 -53.7644 52.1647
-23.8849 -38.4036 -56.8637 -69.1118 -54.0562 52.0395
-24.2314 -38.6746 -56.6039 -69.4887 -54.35 51.9118
-24.5798 -38.9471 -56.3446 -69.868 -54.6458 51.7815
-24.9301 -39.2211 -56.086 -70.2498 -54.9436 51.6486
-25.2823 -39.4966 -55.8281 -70.6341 -55.2435 51.513
-25.6364 -39.7735 -55.5709 -71.021 -55.5454 51.3747
-25.9925 -40.052 -55.3144 -71.4105 -55.8495 51.2336
-26.3505 -40.332 -55.0586 -71.8027 -56.1557 51.0897
-26.7105 -40.6136 -54.8035 -72.1975 -56.4641 50.9429
-27.0725 -40.8967 -54.5491 -72.595 -56.7747 50.7931
-27.4364 -41.1813 -54.2956 -72.9952 -57.0875 50.6404
-27.8024 -41.4675 -54.0427 -73.3982 -57.4026 50.4846
-28.1704 -41.7553 -53.7907 -73.8041 -57.7199 50.3257
-28.5405 -42.0447 -53.5395 -74.2127 -58.0396 50.1636
-28.9126 -42.3357 -53.2891 -74.6243 -58.3617 49.9982
-29.2867 -42.6284 -53.0395 -75.0387 -58.6861 49.8296
-29.6629 -42.9226 -52.7908 -75.4561 -59.013 49.6576
-30.0413 -43.2185 -52.5429 -75.8765 -59.3423 49.4821
-30.4217 -43.516 -52.296 -76.3 -59.6742 49.3031
-30.8043 -43.8152 -52.0499 -76.7265 -60.0085 49.1205
-31.189 -44.1161 -51.8047 -77.1561 -60.3455 48.9343
-31.5758 -44.4187 -51.5605 -77.5889 -60.685 48.7443
-31.9649 -44.723 -51.3173 -78.0249 -61.0271 48.5505
-32.3561 -45.029 -51.075 -78.4641 -61.372 48.3528
-32.7495 -45.3367 -50.8338 -78.9067 -61.7196 48.1511
-33.1452 -45.6461 -50.5935 -79.3525 -62.0699 47.9453
-33.543 -45.9574 -50.3543 -79.8018 -62.423 47.7354
-33.9432 -46.2704 -50.1162 -80.2545 -62.779 47.5212
-34.3456 -46.5852 -49.8791 -80.7106 -63.1378 47.3027
-34.7503 -46.9018 -49.6431 -81.1703 -63.4995 47.0798
-35.1573 -47.2202 -49.4083 -81.6335 -63.8642 46.8523
-35.5666 -47.5404 -49.1746 -82.1004 -64.232 46.6201
-35.9783 -47.8625 -48.9421 -82.571 -64.6027 46.3833
-36.3923 -48.1864 -48.7108 -83.0452 -64.9766 46.1415
-36.8087 -48.5123 -48.4807 -83.5233 -65.3536 45.8948
-37.2276 -48.84 -48.2518 -84.0052 -65.7338 45.643
-37.6488 -49.1696 -48.0243 -84.491 -66.1172 45.386
-38.0725 -49.5011 -47.798 -84.9807 -66.5039 45.1237
-38.4986 -49.8346 -47.573 -85.4744 -66.894 44.856
-38.9272 -50.1701 -47.3494 -85.9722 -67.2874 44.5826
-39.3583 -50.5075 -47.1272 -86.4742 -67.6843 44.3036
-39.792 -50.8469 -46.9064 -86.9803 -68.0846 44.0187
-40.2281 -51.1884 -46.687 -87.4906 -68.4885 43.7278
-40.6669 -51.5318 -46.4691 -88.0052 -68.8959 43.4308
-41.1082 -51.8773 -46.2527 -88.5243 -69.307 43.1274
-41.5521 -52.2249 -46.0378 -89.0477 -69.7218 42.8177
-41.9987 -52.5745 -45.8245 -89.5757 -70.1404 42.5013
-42.4479 -52.9263 -45.6128 -90.1082 -70.5627 42.1781
-42.8997 -53.2802 -45.4027 -90.6453 -70.989 41.848
-43.3543 -53.6362 -45.1943 -91.1871 -71.4191 41.5107
-43.8116 -53.9944 -44.9876 -91.7338 -71.8533 41.1661
-44.2717 -54.3547 -44.7827 -92.2852 -72.2915 40.814
-44.7345 -54.7173 -44.5795 -92.8416 -72.7338 40.4542
-45.2001 -55.082 -44.3781 -93.4029 -73.1802 40.0865
-45.6685 -55.4491 -44.1786 -93.9693 -73.6309 39.7106
-46.1398 -55.8184 -43.981 -94.5409 -74.0859 39.3264
-46.6139 -56.1899 -43.7854 -95.1177 -74.5453 38.9336
-47.0909 -56.5638 -43.5917 -95.6997 -75.0091 38.532
-47.5709 -56.94 -43.4 -96.2871 -75.4774 38.1214
-48.0538 -57.3186 -43.2105 -96.88 -75.9503 37.7014
-48.5397 -57.6995 -43.023 -97.4784 -76.4278 37.2718
-49.0286 -58.0829 -42.8378 -98.0824 -76.91 36.8324
-49.5205 -58.4686 -42.6547 -98.6921 -77.397 36.3829
-50.0155 -58.8568 -42.4739 -99.3076 -77.8888 35.923
-50.5136 -59.2475 -42.2955 -99.929 -78.3856 35.4523
-51.0148 -59.6407 -42.1194 -100.556 -78.8874 34.9706
-51.5192 -60.0364 -41.9458 -101.19 -79.3942 34.4775
-52.0267 -60.4346 -41.7746 -101.829 -79.9062 33.9727
-52.5375 -60.8355 -41.606 -102.475 -80.4235 33.4559
-53.0515 -61.2389 -41.4401 -103.127 -80.946 32.9266
-53.5687 -61.6449 -41.2768 -103.785 -81.4739 32.3845
-54.0893 -62.0536 -41.1162 -104.45 -82.0073 31.8292
-54.6132 -62.465 -40.9585 -105.121 -82.5462 31.2602
-55.1405 -62.8791 -40.8036 -105.799 -83.0907 30.6773
-55.6712 -63.2959 -40.6517 -106.484 -83.6409 30.0798
-56.2054 -63.7155 -40.5028 -107.176 -84.1969 29.4673
-56.743 -64.1379 -40.357 -107.874 -84.7588 28.8394
-57.2841 -64.5631 -40.2144 -108.58 -85.3266 28.1956
-57.8288 -64.9911 -40.0751 -109.292 -85.9004 27.5353
-58.377 -65.4221 -39.9391 -110.012 -86.4803 26.8579
-58.9289 -65.8559 -39.8065 -110.739 -87.0664 26.163
-59.4844 -66.2927 -39.6775 -111.474 -87.6588 25.4498
-60.0437 -66.7325 -39.552 -112.215 -88.2575 24.7179
-60.6066 -67.1753 -39.4303 -112.965 -88.8625 23.9665
-61.1733 -67.6212 -39.3123 -113.722 -89.4741 23.1949
-61.7438 -68.0701 -39.1983 -114.486 -90.0922 22.4025
-62.3182 -68.5221 -39.0883 -115.258 -90.7169 21.5885
-62.8964 -68.9772 -38.9824 -116.039 -91.3483 20.7522
-63.4786 -69.4356 -38.8808 -116.826 -91.9865 19.8927
-64.0647 -69.8971 -38.7835 -117.622 -92.6315 19.0093
-64.6548 -70.3619 -38.6907 -118.426 -93.2833 18.1009
-65.2489 -70.8299 -38.6025 -119.238 -93.942 17.1667
-65.8472 -71.3013 -38.519 -120.057 -94.6077 16.2058
-66.4495 -71.776 -38.4405 -120.885 -95.2803 15.2171
-67.056 -72.2541 -38.3669 -121.721 -95.96 14.1996
-67.6667 -72.7356 -38.2985 -122.565 -96.6467 13.1521
-68.2817 -73.2206 -38.2354 -123.417 -97.3404 12.0735
-68.9009 -73.709 -38.1777 -124.276 -98.0412 10.9627
-69.5244 -74.201 -38.1257 -125.144 -98.749 9.81821
-70.1523 -74.6965 -38.0795 -126.02 -99.4638 8.63883
-70.7846 -75.1956 -38.0393 -126.903 -100.186 7.42312
-71.4214 -75.6984 -38.0053 -127.794 -100.914 6.16963
-72.0626 -76.2048 -37.9777 -128.692 -101.65 4.8768
-72.7083 -76.7149 -37.9566 -129.598 -102.392 3.54303
-73.3586 -77.2287 -37.9422 -130.511 -103.141 2.16661
-74.0134 -77.7463 -37.9349 -131.431 -103.896 0.745753
-74.6729 -78.2677 -37.9348 -132.358 -104.657 -0.721404
-75.337 -78.7929 -37.9421 -133.29 -105.425 -2.23683
-76.0058 -79.3219 -37.9571 -134.229 -106.198 -3.80259
-76.6793 -79.8549 -37.9801 -135.173 -106.977 -5.42085
-77.3575 -80.3917 -38.0114 -136.122 -107.76 -7.09388
-78.0405 -80.9325 -38.0511 -137.076 -108.549 -8.82409
-78.7283 -81.4772 -38.0996 -138.033 -109.342 -10.614
-79.4209 -82.0259 -38.1572 -138.993 -110.138 -12.4662
-80.1182 -82.5786 -38.2243 -139.956 -110.938 -14.3835
-80.8204 -83.1353 -38.3011 -140.92 -111.74 -16.3687
-81.5274 -83.696 -38.388 -141.884 -112.544 -18.425
-82.2393 -84.2607 -38.4853 -142.847 -113.349 -20.5555
-82.9559 -84.8295 -38.5935 -143.808 -114.154 -22.7636
-83.6773 -85.4023 -38.713 -144.765 -114.957 -25.0527
-84.4036 -85.9791 -38.8441 -145.717 -115.759 -27.4266
-85.1345 -86.5599 -38.9873 -146.662 -116.556 -29.889
-85.8702 -87.1446 -39.143 -147.597 -117.348 -32.4439
-86.6105 -87.7333 -39.3117 -148.521 -118.133 -35.0955
-87.3554 -88.326 -39.4939 -149.431 -118.909 -37.8482
-88.1048 -88.9224 -39.6902 -150.324 -119.674 -40.7063
-88.8586 -89.5227 -39.901 -151.197 -120.425 -43.6745
-89.6168 -90.1267 -40.127 -152.046 -121.16 -46.7577
-90.3791 -90.7343 -40.3686 -152.867 -121.876 -49.9607
-91.1455 -91.3455 -40.6266 -153.657 -122.57 -53.2885
-91.9157 -91.96 -40.9015 -154.41 -123.237 -56.7464
-92.6896 -92.5778 -41.1941 -155.122 -123.874 -60.3395
-93.4669 -93.1988 -41.5049 -155.785 -124.476 -64.0729
-94.2474 -93.8226 -41.8348 -156.394 -125.038 -67.952
-95.0309 -94.4492 -42.1845 -156.941 -125.555 -71.9818
-95.8169 -95.0782 -42.5547 -157.419 -126.02 -76.1672
-96.6051 -95.7094 -42.9462 -157.819 -126.427 -80.513
-97.395 -96.3424 -43.3598 -158.132 -126.768 -85.0235
-98.1864 -96.977 -43.7965 -158.346 -127.035 -89.7027
-98.9785 -97.6128 -44.2569 -158.452 -127.22 -94.5537
-99.7709 -98.2492 -44.742 -158.436 -127.313 -99.579
-100.563 -98.8859 -45.2527 -158.286 -127.303 -104.78
-101.354 -99.5223 -45.7899 -157.987 -127.179 -110.157
-102.143 -100.158 -46.3544 -157.524 -126.93 -115.71
-102.929 -100.792 -46.947 -156.881 -126.542 -121.434
-103.712 -101.423 -47.5687 -156.042 -126.002 -127.325
-104.489 -102.052 -48.2203 -154.989 -125.296 -133.376
-105.261 -102.676 -48.9025 -153.702 -124.409 -139.576
-106.026 -103.296 -49.6161 -152.165 -123.327 -145.913
-106.783 -103.909 -50.3617 -150.358 -122.035 -152.37
-107.53 -104.516 -51.1399 -148.264 -120.516 -158.927
-108.266 -105.114 -51.951 -145.864 -118.759 -165.559
-108.989 -105.704 -52.7955 -143.143 -116.748 -172.239
-109.697 -106.282 -53.6735 -140.086 -114.472 -178.933
-110.389 -106.848 -54.5849 -136.682 -111.922 -185.606
-111.064 -107.401 -55.5296 -132.922 -109.089 -192.217
-111.719 -107.939 -56.5071 -128.803 -105.968 -198.722
-112.352 -108.461 -57.5168 -124.322 -102.56 -205.074
-112.962 -108.965 -58.5579 -119.487 -98.8671 -211.224
-113.547 -109.449 -59.6291 -114.307 -94.896 -217.124
-114.105 -109.914 -60.7291 -108.799 -90.6592 -222.723
-114.635 -110.356 -61.8563 -102.985 -86.1731 -227.973
-115.135 -110.775 -63.0088 -96.8932 -81.459 -232.831
-115.603 -111.17 -64.1846 -90.5566 -76.5422 -237.257
-116.04 -111.541 -65.3814 -84.0129 -71.4518 -241.216
-116.444 -111.885 -66.5967 -77.3036 -66.2199 -244.68
-116.813 -112.203 -67.8281 -70.4724 -60.8807 -247.63
-117.148 -112.494 -69.073 -63.5646 -55.4698 -250.054
-117.449 -112.758 -70.3286 -56.6254 -50.0227 -251.948
-117.714 -112.994 -71.5924 -49.6991 -44.5746 -253.316
-117.946 -113.203 -72.8617 -42.8277 -39.159 -254.171
-118.143 -113.386 -74.1341 -36.0501 -33.8069 -254.53
-118.306 -113.541 -75.407 -29.4015 -28.5468 -254.418
-118.437 -113.671 -76.6782 -22.9128 -23.4035 -253.863
-118.535 -113.775 -77.9456 -16.6101 -18.3986 -252.898
-118.603 -113.855 -79.2072 -10.5151 -13.5498 -251.556
-118.641 -113.911 -80.4611 -4.64458 -8.87119 -249.873
-118.649 -113.944 -81.7059 0.988756 -4.37354 -247.885
-118.631 -113.955 -82.9399 6.37641 -0.06434 -245.628
-118.586 -113.944 -84.1621 11.5135 4.05183 -243.135
-118.516 -113.914 -85.3713 16.3983 7.97293 -240.44
-118.422 -113.865 -86.5665 21.032 11.6991 -237.574
-118.305 -113.797 -87.747 25.4178 15.2325 -234.564
-118.168 -113.712 -88.9122 29.561 18.5767 -231.438
-118.01 -113.611 -90.0614 33.4684 21.7364 -228.219
-117.833 -113.495 -91.1943 37.1478 24.7175 -224.929
-117.638 -113.364 -92.3107 40.6079 27.5264 -221.586
-117.427 -113.22 -93.4102 43.8581 30.17 -218.208
-117.2 -113.063 -94.4928 46.9079 32.6558 -214.811
-116.958 -112.893 -95.5583 49.7671 34.9911 -211.406
-116.702 -112.713 -96.6069 52.4455 37.1834 -208.006
-116.433 -112.521 -97.6384 54.9529 39.2403 -204.62
-116.153 -112.32 -98.6531 57.2986 41.1689 -201.256
-115.86 -112.11 -99.651 59.492 42.9765 -197.922
-115.558 -111.891 -100.632 61.5418 44.67 -194.623
-115.245 -111.663 -101.597 63.4566 46.2559 -191.365
-114.923 -111.428 -102.546 65.2446 47.7407 -188.152
-114.593 -111.186 -103.479 66.9135 49.1303 -184.985
-114.254 -110.937 -104.396 68.4706 50.4306 -181.87
-113.908 -110.681 -105.297 69.9229 51.647 -178.806
-113.555 -110.42 -106.184 71.2768 52.7846 -175.797
-113.195 -110.154 -107.055 72.5387 53.8482 -172.842
-112.829 -109.882 -107.912 73.7141 54.8425 -169.942
-112.458 -109.605 -108.755 74.8087 55.7717 -167.099
-112.081 -109.324 -109.583 75.8274 56.6398 -164.311
-111.7 -109.039 -110.398 76.775 57.4507 -161.579
-111.314 -108.75 -111.199 77.656 58.2078 -158.902
-110.923 -108.457 -111.987 78.4746 58.9145 -156.28
-110.529 -108.16 -112.762 79.2346 59.5738 -153.712
-110.131 -107.861 -113.524 79.9398 60.1888 -151.198
-109.729 -107.559 -114.274 80.5934 60.762 -148.736
-109.325 -107.253 -115.012 81.1988 61.2961 -146.326
-108.917 -106.946 -115.737 81.7588 61.7934 -143.966
-108.507 -106.635 -116.451 82.2763 62.2562 -141.656
-108.095 -106.323 -117.154 82.7539 62.6865 -139.395
-107.68 -106.009 -117.845 83.194 63.0863 -137.181
-107.263 -105.692 -118.526 83.5988 63.4575 -135.013
-106.844 -105.374 -119.195 83.9706 63.8017 -132.891
-106.423 -105.054 -119.855 84.3112 64.1205 -130.812
-106.001 -104.733 -120.503 84.6225 64.4155 -128.777
-105.577 -104.41 -121.142 84.9064 64.6881 -126.784
-105.152 -104.086 -121.771 85.1643 64.9397 -124.831
-104.725 -103.761 -122.391 85.3979 65.1714 -122.919
-104.298 -103.434 -123.001 85.6087 65.3844 -121.045
-103.869 -103.107 -123.601 85.7978 65.5799 -119.209
-103.44 -102.778 -124.193 85.9667 65.7589 -117.41
-103.009 -102.449 -124.775 86.1164 65.9224 -115.646
-102.578 -102.119 -125.349 86.2482 66.0713 -113.918
-102.147 -101.788 -125.914 86.363 66.2066 -112.223
-101.715 -101.457 -126.471 86.4619 66.3291 -110.561
-101.282 -101.125 -127.02 86.5458 66.4395 -108.931
-100.849 -100.793 -127.561 86.6155 66.5388 -107.333
-100.416 -100.46 -128.093 86.672 66.6275 -105.764
-99.9827 -100.126 -128.618 86.716 66.7065 -104.225
-99.549 -99.7927 -129.136 86.7483 66.7764 -102.715
-99.1152 -99.4587 -129.645 86.7695 66.8379 -101.233
-98.6813 -99.1243 -130.148 86.7804 66.8917 -99.7779
-98.2474 -98.7898 -130.643 86.7816 66.9384 -98.3491
-97.8135 -98.455 -131.131 86.7738 66.9788 -96.9459
-97.3796 -98.12 -131.613 86.7575 67.0135 -95.5676
-96.9459 -97.7848 -132.087 86.7333 67.0432 -94.2134
-96.5123 -97.4495 -132.555 86.7018 67.0686 -92.8826
-96.0789 -97.1141 -133.016 86.6635 67.0905 -91.5745
-95.6457 -96.7786 -133.471 86.6189 67.1097 -90.2882
-95.2127 -96.443 -133.919 86.5686 67.1272 -89.0229
-94.78 -96.1073 -134.361 86.5129 67.1439 -87.7778
-94.3475 -95.7716 -134.797 86.4525 67.161 -86.552
-93.9154 -95.4357 -135.226 86.3877 67.1797 -85.3443
-93.4837 -95.0998 -135.65 86.3189 67.2015 -84.1536
-93.0522 -94.7637 -136.068 86.2464 67.228 -82.9782
-92.6212 -94.4275 -136.48 86.1703 67.2613 -81.8164
-92.1905 -94.091 -136.886 86.0907 67.3035 -80.6658
-91.7603 -93.7544 -137.287 86.0069 67.357 -79.5233
-91.3305 -93.4174 -137.681 85.9182 67.4242 -78.3849
-90.9011 -93.0801 -138.07 85.8225 67.5073 -77.2458
-90.4722 -92.7423 -138.454 85.7169 67.6073 -76.0995
-90.0439 -92.404 -138.831 85.5969 67.7231 -74.9392
-89.6163 -92.065 -139.203 85.4563 67.8498 -73.7581
-89.1894 -91.7255 -139.569 85.2887 67.9771 -72.5522
-88.7634 -91.3853 -139.928 85.089 68.0901 -71.3234
-88.3386 -91.0446 -140.282 84.8563 68.1718 -70.0815
-87.9149 -90.7036 -140.629 84.5958 68.2089 -68.8433
-87.4926 -90.3625 -140.97 84.3173 68.1968 -67.6272
-87.0718 -90.0217 -141.306 84.0321 68.1394 -66.4477
-86.6523 -89.6812 -141.635 83.7493 68.0462 -65.3124
-86.2343 -89.3412 -141.959 83.4747 67.9276 -64.2224
-85.8176 -89.0019 -142.277 83.2107 67.7928 -63.1752
-85.4021 -88.6633 -142.59 82.9578 67.6484 -62.1664
-84.988 -88.3255 -142.899 82.7152 67.4989 -61.1911
-84.575 -87.9884 -143.202 82.4816 67.3472 -60.2452
-84.1631 -87.652 -143.501 82.2557 67.1948 -59.3249
-83.7524 -87.3164 -143.796 82.0362 67.0428 -58.4272
-83.3428 -86.9816 -144.086 81.822 66.8916 -57.5496
-82.9342 -86.6475 -144.371 81.612 66.7415 -56.6903
-82.5266 -86.3142 -144.652 81.4056 66.5924 -55.8474
-82.1201 -85.9816 -144.93 81.202 66.4444 -55.0199
-81.7146 -85.6497 -145.203 81.0007 66.2974 -54.2065
-81.3101 -85.3186 -145.472 80.8012 66.1511 -53.4064
-80.9066 -84.9882 -145.737 80.6033 66.0057 -52.6188
-80.5041 -84.6585 -145.998 80.4067 65.8608 -51.8431
-80.1025 -84.3296 -146.255 80.211 65.7166 -51.0787
-79.702 -84.0014 -146.509 80.0162 65.5727 -50.3252
-79.3024 -83.6739 -146.758 79.822 65.4293 -49.5821
-78.9037 -83.3471 -147.005 79.6283 65.2861 -48.849
-78.5061 -83.021 -147.247 79.4351 65.1432 -48.1256
-78.1094 -82.6956 -147.486 79.2422 65.0005 -47.4116
-77.7137 -82.371 -147.721 79.0496 64.858 -46.7068
-77.3189 -82.047 -147.953 78.8572 64.7156 -46.0107
-76.9251 -81.7238 -148.181 78.665 64.5733 -45.3233
-76.5322 -81.4013 -148.406 78.473 64.4311 -44.6442
-76.1403 -81.0795 -148.628 78.2811 64.2889 -43.9733
-75.7494 -80.7584 -148.846 78.0893 64.1468 -43.3104
-75.3595 -80.438 -149.061 77.8975 64.0048 -42.6552
-74.9704 -80.1184 -149.272 77.7059 63.8627 -42.0076
-74.5824 -79.7994 -149.481 77.5143 63.7207 -41.3675
-74.1953 -79.4812 -149.686 77.3228 63.5787 -40.7346
-73.8092 -79.1636 -149.888 77.1314 63.4367 -40.1088
-73.424 -78.8468 -150.087 76.94 63.2948 -39.49
-73.0398 -78.5307 -150.283 76.7487 63.1528 -38.878
-72.6565 -78.2153 -150.476 76.5575 63.0109 -38.2726
-72.2742 -77.9006 -150.666 76.3663 62.869 -37.6738
-71.8928 -77.5866 -150.853 76.1752 62.7272 -37.0814
-71.5124 -77.2733 -151.037 75.9842 62.5854 -36.4953
-71.133 -76.9607 -151.218 75.7933 62.4436 -35.9154
-70.7545 -76.6489 -151.396 75.6025 62.3019 -35.3415
-70.377 -76.3377 -151.571 75.4118 62.1602 -34.7735
-70.0004 -76.0273 -151.743 75.2212 62.0186 -34.2114
-69.6248 -75.7175 -151.913 75.0307 61.877 -33.655
-69.2501 -75.4085 -152.08 74.8403 61.7356 -33.1042
-68.8763 -75.1002 -152.244 74.65 61.5942 -32.559
-68.5036 -74.7925 -152.406 74.4599 61.4529 -32.0191
-68.1317 -74.4856 -152.564 74.27 61.3117 -31.4846
-67.7609 -74.1794 -152.72 74.0801 61.1706 -30.9553
-67.3909 -73.8739 -152.874 73.8905 61.0296 -30.4311
-67.022 -73.5691 -153.025 73.701 60.8887 -29.912
-66.6539 -73.265 -153.173 73.5117 60.748 -29.3979
-66.2868 -72.9616 -153.319 73.3225 60.6074 -28.8886
-65.9207 -72.659 -153.462 73.1335 60.4669 -28.3842
-65.5555 -72.357 -153.603 72.9447 60.3266 -27.8844
-65.1913 -72.0557 -153.741 72.7561 60.1864 -27.3893
-64.8279 -71.7551 -153.877 72.5678 60.0464 -26.8988
-64.4656 -71.4552 -154.01 72.3796 59.9066 -26.4128
-64.1042 -71.156 -154.141 72.1916 59.7669 -25.9312
-63.7437 -70.8576 -154.269 72.0038 59.6275 -25.4539
-63.3841 -70.5598 -154.395 71.8163 59.4882 -24.9809
-63.0255 -70.2627 -154.519 71.629 59.3491 -24.5121
-62.6678 -69.9663 -154.64 71.4419 59.2102 -24.0475
-62.3111 -69.6706 -154.759 71.255 59.0715 -23.5869
-61.9553 -69.3756 -154.876 71.0684 58.933 -23.1304
-61.6004 -69.0812 -154.991 70.882 58.7947 -22.6778
-61.2465 -68.7876 -155.103 70.6959 58.6567 -22.2291
-60.8934 -68.4947 -155.213 70.51 58.5189 -21.7843
-60.5414 -68.2024 -155.321 70.3243 58.3813 -21.3432
-60.1902 -67.9109 -155.426 70.1389 58.2439 -20.9058
-59.84 -67.62 -155.53 69.9538 58.1068 -20.4721
-59.4907 -67.3298 -155.631 69.769 57.97 -20.042
-59.1423 -67.0403 -155.73 69.5844 57.8334 -19.6154
-58.7948 -66.7515 -155.827 69.4 57.697 -19.1924
-58.4483 -66.4633 -155.922 69.216 57.561 -18.7728
-58.1027 -66.1758 -156.015 69.0322 57.4252 -18.3566
-57.7579 -65.8891 -156.106 68.8486 57.2896 -17.9437
-57.4142 -65.6029 -156.194 68.6654 57.1544 -17.5341
-57.0713 -65.3175 -156.281 68.4824 57.0194 -17.1278
-56.7293 -65.0328 -156.366 68.2998 56.8847 -16.7247
-56.3883 -64.7487 -156.448 68.1174 56.7503 -16.3248
-56.0482 -64.4653 -156.529 67.9353 56.6162 -15.9279
-55.7089 -64.1825 -156.608 67.7535 56.4825 -15.5342
-55.3706 -63.9004 -156.684 67.5719 56.349 -15.1434
-55.0332 -63.619 -156.759 67.3907 56.2158 -14.7557
-54.6967 -63.3383 -156.832 67.2098 56.083 -14.3709
-54.3611 -63.0582 -156.903 67.0292 55.9504 -13.989
-54.0264 -62.7788 -156.972 66.8488 55.8182 -13.61
-53.6926 -62.5 -157.039 66.6688 55.6864 -13.2338
-53.3597 -62.2219 -157.104 66.4891 55.5548 -12.8603
-53.0277 -61.9445 -157.167 66.3097 55.4237 -12.4897
-52.6966 -61.6677 -157.229 66.1307 55.2928 -12.1217
-52.3664 -61.3915 -157.289 65.9519 55.1623 -11.7565
-52.0371 -61.116 -157.347 65.7735 55.0322 -11.3938
-51.7087 -60.8412 -157.403 65.5954 54.9025 -11.0338
-51.3812 -60.567 -157.457 65.4176 54.7731 -10.6763
-51.0545 -60.2935 -157.509 65.2402 54.6442 -10.3214
-50.7288 -60.0206 -157.56 65.0631 54.5156 -9.96904
-50.4039 -59.7483 -157.609 64.8864 54.3874 -9.61912
-50.0799 -59.4767 -157.656 64.71 54.2597 -9.27165
-49.7568 -59.2057 -157.702 64.534 54.1323 -8.92659
-49.4346 -58.9354 -157.746 64.3583 54.0055 -8.58393
-49.1132 -58.6657 -157.788 64.183 53.879 -8.24362
-48.7927 -58.3966 -157.828 64.0081 53.753 -7.90564
-48.4731 -58.1281 -157.867 63.8336 53.6275 -7.56996
-48.1544 -57.8603 -157.904 63.6595 53.5025 -7.23656
-47.8365 -57.5931 -157.939 63.4858 53.3781 -6.9054
-47.5195 -57.3265 -157.973 63.3125 53.2541 -6.57647
-47.2034 -57.0606 -158.005 63.1397 53.1307 -6.24974
-46.8881 -56.7952 -158.035 62.9673 53.0079 -5.92518
-46.5737 -56.5305 -158.064 62.7953 52.8856 -5.60277
-46.2602 -56.2664 -158.091 62.6238 52.764 -5.28249
-45.9475 -56.0028 -158.117 62.4527 52.6431 -4.9643
-45.6357 -55.7399 -158.141 62.2822 52.5228 -4.6482
-45.3247 -55.4776 -158.163 62.1121 52.4033 -4.33416
-45.0145 -55.2159 -158.184 61.9425 52.2845 -4.02216
-44.7052 -54.9548 -158.204 61.7735 52.1666 -3.71217
-44.3968 -54.6942 -158.221 61.605 52.0495 -3.40419
-44.0892 -54.4343 -158.238 61.437 51.9332 -3.09819
-43.7824 -54.1749 -158.252 61.2696 51.818 -2.79416
-43.4765 -53.9161 -158.266 61.1028 51.7038 -2.49207
-43.1714 -53.6578 -158.277 60.9365 51.5906 -2.19192
-42.8671 -53.4002 -158.288 60.7709 51.4787 -1.89369
-42.5637 -53.1431 -158.296 60.6059 51.3679 -1.59737
-42.2611 -52.8865 -158.303 60.4415 51.2585 -1.30296
-41.9593 -52.6305 -158.309 60.2777 51.1506 -1.01043
-41.6583 -52.375 -158.314 60.1146 51.0442 -0.7198
-41.3581 -52.12 -158.316 59.9521 50.9394 -0.43105
-41.0588 -51.8656 -158.318 59.7903 50.8364 -0.144188
-40.7602 -51.6117 -158.318 59.6291 50.7354 0.140781
-40.4625 -51.3582 -158.316 59.4685 50.6365 0.423849
-40.1655 -51.1053 -158.314 59.3086 50.5398 0.704999
-39.8694 -50.8528 -158.309 59.1493 50.4456 0.984209
-39.574 -50.6008 -158.304 58.9905 50.3541 1.26145
-39.2795 -50.3493 -158.297 58.8322 50.2655 1.53668
-38.9857 -50.0982 -158.288 58.6744 50.18 1.80986
-38.6927 -49.8475 -158.279 58.517 50.098 2.08091
-38.4006 -49.5972 -158.268 58.3598 50.0197 2.34977
-38.1091 -49.3473 -158.255 58.2027 49.9455 2.61633
-37.8185 -49.0977 -158.241 58.0455 49.8757 2.88048
-37.5287 -48.8485 -158.226 57.888 49.8106 3.14209
-37.2397 -48.5996 -158.21 57.7299 49.7507 3.40097
-36.9514 -48.351 -158.192 57.5709 49.6963 3.65694
-36.6639 -48.1026 -158.174 57.4105 49.6478 3.90975
-36.3773 -47.8545 -158.153 57.2483 49.6055 4.15915
-36.0915 -47.6066 -158.132 57.0836 49.5699 4.4048
-35.8065 -47.3588 -158.109 56.9156 49.541 4.64638
-35.5223 -47.1112 -158.085 56.7437 49.5191 4.88349
-35.239 -46.8636 -158.06 56.5669 49.5041 5.11572
-34.9567 -46.6161 -158.034 56.3841 49.4957 5.34266
-34.6752 -46.3686 -158.007 56.1943 49.4935 5.56389
-34.3947 -46.1212 -157.979 55.9965 49.4966 5.77906
-34.1152 -45.8737 -157.949 55.7898 49.5039 5.98788
-33.8368 -45.6261 -157.919 55.5732 49.5138 6.19021
-33.5595 -45.3785 -157.887 55.3464 49.5245 6.38606
-33.2834 -45.1309 -157.855 55.1091 49.5338 6.57566
-33.0085 -44.8832 -157.822 54.8616 49.5397 6.75945
-32.7348 -44.6355 -157.787 54.6047 49.5397 6.93811
-32.4624 -44.3878 -157.752 54.3397 49.532 7.11249
-32.1914 -44.1402 -157.716 54.0681 49.5147 7.28357
-31.9217 -43.8927 -157.679 53.7917 49.4869 7.45239
-31.6535 -43.6453 -157.642 53.5126 49.4476 7.61998
-31.3866 -43.3982 -157.603 53.2327 49.3967 7.78727
-31.1211 -43.1514 -157.564 52.9537 49.3346 7.95506
-30.8571 -42.9049 -157.524 52.6771 49.2617 8.124
-30.5944 -42.6588 -157.483 52.4041 49.179 8.29454
-30.333 -42.4131 -157.441 52.1357 49.0874 8.467
-30.073 -42.1679 -157.398 51.8726 48.988 8.64155
-29.8143 -41.9233 -157.354 51.615 48.8819 8.81823
-29.5568 -41.6791 -157.31 51.3633 48.7701 8.99703
-29.3006 -41.4356 -157.264 51.1174 48.6535 9.17784
-29.0457 -41.1926 -157.218 50.8772 48.533 9.36052
-28.7919 -40.9502 -157.171 50.6425 48.4091 9.5449
-28.5392 -40.7085 -157.123 50.4132 48.2827 9.73081
-28.2877 -40.4674 -157.073 50.1889 48.1541 9.91805
-28.0373 -40.227 -157.023 49.9693 48.0239 10.1064
-27.788 -39.9872 -156.972 49.7543 47.8925 10.2958
-27.5398 -39.748 -156.92 49.5433 47.76 10.486
-27.2926 -39.5096 -156.867 49.3363 47.6269 10.6769
-27.0464 -39.2718 -156.814 49.1329 47.4933 10.8683
-26.8013 -39.0346 -156.759 48.9328 47.3593 11.06
-26.5571 -38.7982 -156.703 48.7359 47.2252 11.2521
-26.3139 -38.5624 -156.646 48.5419 47.0911 11.4443
-26.0717 -38.3273 -156.589 48.3506 46.9569 11.6366
-25.8304 -38.0928 -156.53 48.1618 46.8229 11.8289
-25.59 -37.859 -156.47 47.9754 46.6891 12.0211
-25.3506 -37.6259 -156.41 47.7912 46.5555 12.2132
-25.1121 -37.3935 -156.348 47.609 46.4222 12.405
-24.8745 -37.1617 -156.286 47.4287 46.2892 12.5966
-24.6378 -36.9306 -156.222 47.2503 46.1565 12.7879
-24.402 -36.7001 -156.158 47.0735 46.0242 12.9787
-24.1671 -36.4703 -156.092 46.8984 45.8922 13.1692
-23.933 -36.2412 -156.026 46.7247 45.7606 13.3593
-23.6999 -36.0127 -155.959 46.5525 45.6294 13.5489
-23.4675 -35.7849 -155.891 46.3816 45.4985 13.738
-23.236 -35.5578 -155.821 46.2119 45.368 13.9266
-23.0054 -35.3312 -155.751 46.0435 45.238 14.1147
-22.7756 -35.1054 -155.68 45.8762 45.1083 14.3022
-22.5466 -34.8802 -155.608 45.71 44.979 14.4892
-22.3185 -34.6556 -155.535 45.5448 44.8501 14.6755
-22.0912 -34.4317 -155.462 45.3806 44.7216 14.8613
-21.8647 -34.2084 -155.387 45.2173 44.5934 15.0464
-21.639 -33.9857 -155.311 45.055 44.4657 15.231
-21.4141 -33.7637 -155.234 44.8935 44.3383 15.4149
-21.1901 -33.5423 -155.157 44.7329 44.2113 15.5982
-20.9668 -33.3216 -155.078 44.573 44.0847 15.7809
-20.7443 -33.1015 -154.999 44.4139 43.9584 15.9629
-20.5227 -32.882 -154.919 44.2556 43.8325 16.1442
-20.3018 -32.6632 -154.838 44.098 43.707 16.325
-20.0817 -32.4449 -154.756 43.9411 43.5819 16.505
-19.8624 -32.2273 -154.673 43.7848 43.457 16.6844
-19.6438 -32.0104 -154.589 43.6292 43.3326 16.8632
-19.4261 -31.794 -154.504 43.4743 43.2085 17.0413
-19.2091 -31.5783 -154.418 43.3199 43.0848 17.2188
-18.9929 -31.3632 -154.332 43.1662 42.9614 17.3956
-18.7774 -31.1487 -154.244 43.013 42.8383 17.5717
-18.5627 -30.9348 -154.156 42.8604 42.7156 17.7472
-18.3488 -30.7215 -154.067 42.7084 42.5933 17.922
-18.1357 -30.5089 -153.977 42.5569 42.4713 18.0962
-17.9233 -30.2968 -153.886 42.4059 42.3497 18.2697
-17.7116 -30.0854 -153.794 42.2555 42.2284 18.4426
-17.5007 -29.8745 -153.702 42.1056 42.1074 18.6148
-17.2905 -29.6643 -153.608 41.9562 41.9868 18.7864
-17.0811 -29.4546 -153.514 41.8072 41.8666 18.9573
-16.8725 -29.2456 -153.418 41.6588 41.7467 19.1276
-16.6645 -29.0372 -153.322 41.5108 41.6272 19.2973
-16.4574 -28.8293 -153.225 41.3634 41.508 19.4663
-16.2509 -28.6221 -153.128 41.2163 41.3892 19.6346
-16.0452 -28.4154 -153.029 41.0698 41.2708 19.8024
-15.8402 -28.2094 -152.93 40.9237 41.1527 19.9695
-15.636 -28.0039 -152.829 40.7781 41.035 20.136
-15.4324 -27.799 -152.728 40.6329 40.9177 20.3018
-15.2296 -27.5947 -152.626 40.4881 40.8008 20.4671
-15.0276 -27.391 -152.524 40.3438 40.6843 20.6317
-14.8262 -27.1879 -152.42 40.2 40.5681 20.7957
-14.6256 -26.9853 -152.316 40.0565 40.4524 20.959
-14.4256 -26.7834 -152.21 39.9135 40.3371 21.1218
-14.2264 -26.582 -152.104 39.771 40.2222 21.2839
-14.0279 -26.3811 -151.998 39.6289 40.1078 21.4454
-13.8301 -26.1809 -151.89 39.4872 39.9938 21.6064
-13.633 -25.9812 -151.782 39.346 39.8802 21.7667
-13.4367 -25.7821 -151.672 39.2052 39.7671 21.9263
-13.241 -25.5835 -151.562 39.0648 39.6545 22.0854
-13.046 -25.3855 -151.451 38.9249 39.5424 22.2439
-12.8517 -25.1881 -151.34 38.7854 39.4308 22.4017
-12.6582 -24.9912 -151.227 38.6463 39.3197 22.5589
-12.4653 -24.7949 -151.114 38.5077 39.2092 22.7155
-12.2731 -24.5991 -151 38.3696 39.0992 22.8715
-12.0816 -24.4039 -150.886 38.2319 38.9898 23.0269
-11.8908 -24.2092 -150.77 38.0947 38.8809 23.1816
-11.7006 -24.0151 -150.654 37.9579 38.7728 23.3357
-11.5112 -23.8215 -150.537 37.8216 38.6652 23.4892
-11.3224 -23.6285 -150.419 37.6857 38.5583 23.642
-11.1343 -23.4359 -150.3 37.5503 38.4521 23.7942
-10.9469 -23.2439 -150.181 37.4154 38.3467 23.9457
-10.7602 -23.0525 -150.061 37.281 38.242 24.0965
-10.5741 -22.8615 -149.94 37.1471 38.1381 24.2466
-10.3887 -22.6711 -149.818 37.0137 38.035 24.396
-10.204 -22.4812 -149.696 36.8807 37.9328 24.5447
-10.0199 -22.2918 -149.573 36.7483 37.8314 24.6927
-9.83648 -22.1028 -149.449 36.6164 37.731 24.8399
-9.65373 -21.9144 -149.325 36.4849 37.6316 24.9862
-9.47163 -21.7265 -149.199 36.354 37.5332 25.1318
-9.29019 -21.5391 -149.073 36.2237 37.4359 25.2765
-9.1094 -21.3522 -148.946 36.0938 37.3397 25.4203
-8.92925 -21.1657 -148.819 35.9645 37.2447 25.5632
-8.74975 -20.9797 -148.691 35.8356 37.1509 25.7051
-8.57089 -20.7942 -148.562 35.7073 37.0584 25.846
-8.39268 -20.6091 -148.432 35.5795 36.9672 25.9858
-8.2151 -20.4245 -148.302 35.4522 36.8774 26.1244
-8.03815 -20.2404 -148.171 35.3254 36.7891 26.2618
-7.86184 -20.0566 -148.039 35.1991 36.7023 26.3979
-7.68616 -19.8733 -147.907 35.0732 36.6171 26.5326
-7.51111 -19.6905 -147.774 34.9477 36.5335 26.6659
-7.33668 -19.508 -147.64 34.8227 36.4516 26.7975
-7.16288 -19.3259 -147.506 34.698 36.3714 26.9275
-6.9897 -19.1443 -147.371 34.5736 36.293 27.0556
-6.81715 -18.963 -147.236 34.4494 36.2164 27.1818
-6.64521 -18.7821 -147.099 34.3254 36.1417 27.3059
-6.47389 -18.6016 -146.963 34.2016 36.0688 27.4278
-6.30319 -18.4214 -146.825 34.0777 35.9977 27.5474
-6.13312 -18.2416 -146.687 33.9538 35.9284 27.6643
-5.96366 -18.0621 -146.548 33.8297 35.8609 27.7787
-5.79482 -17.883 -146.409 33.7052 35.7951 27.8902
-5.62661 -17.7042 -146.27 33.5803 35.7308 27.9987
-5.45902 -17.5257 -146.129 33.4548 35.6681 28.1041
-5.29206 -17.3475 -145.989 33.3285 35.6066 28.2062
-5.12573 -17.1696 -145.847 33.2013 35.5462 28.3051
-4.96005 -16.992 -145.705 33.073 35.4866 28.4005
-4.79501 -16.8148 -145.563 32.9435 35.4276 28.4925
-4.63062 -16.6378 -145.421 32.8125 35.3689 28.5811
-4.46688 -16.4611 -145.277 32.68 35.3102 28.6662
-4.30382 -16.2847 -145.134 32.5459 35.251 28.7481
-4.14143 -16.1086 -144.99 32.4099 35.1912 28.8269
-3.97972 -15.9327 -144.846 32.2721 35.1302 28.9026
-3.81871 -15.7573 -144.701 32.1324 35.0677 28.9757
-3.6584 -15.5821 -144.556 31.9907 35.0035 29.0463
-3.49881 -15.4072 -144.41 31.8472 34.9371 29.1148
-3.33993 -15.2327 -144.265 31.7017 34.8684 29.1815
-3.18179 -15.0585 -144.119 31.5545 34.7971 29.2468
-3.02439 -14.8847 -143.972 31.4056 34.7231 29.3111
-2.86774 -14.7113 -143.826 31.2552 34.6461 29.3746
-2.71184 -14.5383 -143.679 31.1034 34.5662 29.4379
-2.55671 -14.3657 -143.531 30.9504 34.4833 29.5011
-2.40234 -14.1935 -143.384 30.7963 34.3974 29.5647
-2.24874 -14.0217 -143.236 30.6415 34.3086 29.6288
-2.09592 -13.8504 -143.087 30.4859 34.2169 29.6937
-1.94389 -13.6795 -142.939 30.3298 34.1225 29.7597
-1.79263 -13.5092 -142.79 30.1734 34.0256 29.8268
-1.64215 -13.3393 -142.64 30.0168 33.9262 29.8952
-1.49246 -13.1699 -142.491 29.8601 33.8246 29.965
-1.34355 -13.001 -142.341 29.7035 33.7209 30.0363
-1.19543 -12.8327 -142.19 29.547 33.6153 30.1091
-1.04808 -12.6649 -142.04 29.3909 33.5079 30.1835
-0.901516 -12.4976 -141.888 29.235 33.399 30.2593
-0.75573 -12.3309 -141.737 29.0796 33.2886 30.3366
-0.61072 -12.1647 -141.585 28.9247 33.1769 30.4154
-0.466483 -11.9991 -141.433 28.7702 33.0641 30.4956
-0.323017 -11.8341 -141.28 28.6163 32.9503 30.5772
-0.180319 -11.6696 -141.127 28.463 32.8355 30.6601
-0.038386 -11.5057 -140.974 28.3102 32.72 30.7442
0.102784 -11.3424 -140.82 28.1581 32.6037 30.8295
0.243196 -11.1797 -140.665 28.0066 32.4868 30.916
0.382851 -11.0176 -140.51 27.8556 32.3694 31.0034
0.521753 -10.856 -140.355 27.7053 32.2516 31.0919
0.659905 -10.695 -140.2 27.5556 32.1333 31.1813
0.79731 -10.5347 -140.043 27.4065 32.0147 31.2715
0.93397 -10.3749 -139.887 27.2579 31.8958 31.3625
1.06989 -10.2157 -139.73 27.11 31.7766 31.4543
1.20507 -10.0571 -139.572 26.9626 31.6573 31.5467
1.33952 -9.89914 -139.414 26.8157 31.5377 31.6398
1.47323 -9.74175 -139.256 26.6694 31.4181 31.7334
1.60621 -9.58496 -139.097 26.5236 31.2983 31.8276
1.73847 -9.42877 -138.938 26.3783 31.1784 31.9222
1.86999 -9.27318 -138.778 26.2335 31.0585 32.0173
2.0008 -9.11819 -138.617 26.0892 30.9385 32.1128
2.13089 -8.96379 -138.457 25.9453 30.8185 32.2086
2.26025 -8.81 -138.295 25.8019 30.6985 32.3048
2.38891 -8.65681 -138.134 25.6589 30.5784 32.4012
2.51684 -8.50422 -137.971 25.5163 30.4584 32.4979
2.64407 -8.35222 -137.809 25.3741 30.3384 32.5949
2.77059 -8.20083 -137.645 25.2324 30.2184 32.692
2.89639 -8.05004 -137.482 25.091 30.0985 32.7893
3.0215 -7.89985 -137.317 24.95 29.9786 32.8868
3.14589 -7.75025 -137.153 24.8093 29.8587 32.9843
3.26959 -7.60126 -136.988 24.669 29.7389 33.082
3.39258 -7.45286 -136.822 24.529 29.6192 33.1798
3.51488 -7.30507 -136.656 24.3893 29.4995 33.2776
3.63648 -7.15787 -136.489 24.2499 29.3798 33.3754
3.75738 -7.01127 -136.322 24.1108 29.2602 33.4733
3.87759 -6.86527 -136.154 23.9721 29.1407 33.5712
3.9971 -6.71986 -135.986 23.8336 29.0212 33.6691
4.11592 -6.57505 -135.818 23.6953 28.9018 33.767
4.23405 -6.43084 -135.649 23.5574 28.7825 33.8649
4.3515 -6.28723 -135.479 23.4196 28.6632 33.9627
4.46825 -6.14421 -135.309 23.2822 28.544 34.0605
4.58432 -6.00179 -135.139 23.145 28.4248 34.1582
4.6997 -5.85996 -134.967 23.008 28.3057 34.2558
4.8144 -5.71873 -134.796 22.8712 28.1867 34.3533
4.92841 -5.5781 -134.624 22.7346 28.0677 34.4508
5.04174 -5.43805 -134.451 22.5983 27.9488 34.5482
5.1544 -5.29861 -134.278 22.4622 27.8299 34.6454
5.26637 -5.15976 -134.105 22.3262 27.7111 34.7425
5.37766 -5.0215 -133.931 22.1905 27.5923 34.8396
5.48827 -4.88383 -133.757 22.0549 27.4736 34.9364
5.59821 -4.74676 -133.582 21.9195 27.355 35.0332
5.70747 -4.61028 -133.406 21.7843 27.2364 35.1298
5.81605 -4.4744 -133.23 21.6493 27.1178 35.2263
5.92396 -4.3391 -133.054 21.5144 26.9993 35.3226
6.03119 -4.2044 -132.877 21.3797 26.8809 35.4188
6.13776 -4.07029 -132.7 21.2451 26.7625 35.5148
6.24365 -3.93678 -132.522 21.1107 26.6441 35.6107
6.34886 -3.80385 -132.344 20.9764 26.5258 35.7063
6.45341 -3.67152 -132.165 20.8423 26.4075 35.8019
6.55729 -3.53978 -131.986 20.7083 26.2892 35.8972
6.66049 -3.40863 -131.806 20.5745 26.171 35.9924
6.76303 -3.27807 -131.626 20.4407 26.0528 36.0874
6.8649 -3.1481 -131.445 20.3072 25.9347 36.1822
6.9661 -3.01872 -131.264 20.1737 25.8165 36.2768
7.06664 -2.88993 -131.082 20.0403 25.6985 36.3712
7.16651 -2.76174 -130.9 19.9071 25.5804 36.4655
7.26571 -2.63413 -130.718 19.774 25.4624 36.5595
7.36425 -2.50711 -130.535 19.6409 25.3444 36.6534
7.46212 -2.38069 -130.351 19.508 25.2264 36.7471
7.55933 -2.25485 -130.167 19.3752 25.1084 36.8406
7.65587 -2.1296 -129.983 19.2425 24.9905 36.9338
7.75175 -2.00494 -129.798 19.1099 24.8725 37.0269
7.84697 -1.88088 -129.612 18.9774 24.7546 37.1198
7.94153 -1.7574 -129.427 18.845 24.6367 37.2125
8.03542 -1.63451 -129.24 18.7126 24.5189 37.305
8.12865 -1.51221 -129.054 18.5804 24.401 37.3972
8.22122 -1.3905 -128.866 18.4482 24.2832 37.4893
8.31314 -1.26938 -128.679 18.3161 24.1653 37.5812
8.40439 -1.14884 -128.491 18.1841 24.0475 37.6728
8.49498 -1.0289 -128.302 18.0521 23.9297 37.7643
