0 25 -150 0 0 49
-0.000263333 24.9997 -149.755 -0.105404 -0.13184 49.055
-0.00105397 24.9987 -149.509 -0.210922 -0.263819 49.1098
-0.00237248 24.997 -149.264 -0.316555 -0.395936 49.1645
-0.00421945 24.9947 -149.018 -0.422303 -0.528192 49.219
-0.00659544 24.9918 -148.772 -0.528168 -0.66059 49.2734
-0.00950105 24.9881 -148.525 -0.63415 -0.79313 49.3276
-0.0129369 24.9838 -148.278 -0.740251 -0.925814 49.3817
-0.0169035 24.9789 -148.031 -0.846471 -1.05864 49.4357
-0.0214015 24.9732 -147.784 -0.952812 -1.19161 49.4895
-0.0264315 24.9669 -147.536 -1.05927 -1.32473 49.5432
-0.0319942 24.96 -147.289 -1.16586 -1.458 49.5967
-0.03809 24.9524 -147.04 -1.27257 -1.59142 49.6501
-0.0447198 24.9441 -146.792 -1.3794 -1.72499 49.7033
-0.0518839 24.9351 -146.543 -1.48635 -1.85871 49.7565
-0.0595832 24.9255 -146.294 -1.59344 -1.99258 49.8094
-0.0678182 24.9152 -146.045 -1.70065 -2.1266 49.8622
-0.0765896 24.9042 -145.796 -1.80799 -2.26078 49.9149
-0.085898 24.8926 -145.546 -1.91545 -2.39512 49.9674
-0.0957441 24.8803 -145.296 -2.02305 -2.52961 50.0198
-0.106128 24.8673 -145.046 -2.13078 -2.66426 50.0721
-0.117052 24.8536 -144.795 -2.23864 -2.79908 50.1242
-0.128515 24.8393 -144.545 -2.34664 -2.93405 50.1762
-0.140518 24.8243 -144.294 -2.45477 -3.06918 50.228
-0.153062 24.8086 -144.042 -2.56303 -3.20448 50.2797
-0.166148 24.7922 -143.791 -2.67143 -3.33995 50.3312
-0.179777 24.7752 -143.539 -2.77997 -3.47558 50.3826
-0.193948 24.7575 -143.287 -2.88865 -3.61137 50.4338
-0.208663 24.7391 -143.035 -2.99747 -3.74734 50.485
-0.223923 24.72 -142.782 -3.10642 -3.88347 50.5359
-0.239727 24.7003 -142.529 -3.21552 -4.01978 50.5867
-0.256078 24.6798 -142.276 -3.32477 -4.15626 50.6374
-0.272975 24.6587 -142.023 -3.43415 -4.29291 50.688
-0.290419 24.6369 -141.769 -3.54368 -4.42974 50.7383
-0.308412 24.6144 -141.516 -3.65336 -4.56674 50.7886
-0.326953 24.5912 -141.262 -3.76319 -4.70392 50.8387
-0.346044 24.5674 -141.007 -3.87316 -4.84128 50.8887
-0.365684 24.5428 -140.753 -3.98328 -4.97882 50.9385
-0.385876 24.5176 -140.498 -4.09355 -5.11654 50.9881
-0.40662 24.4916 -140.243 -4.20398 -5.25444 51.0377
-0.427916 24.465 -139.987 -4.31456 -5.39253 51.0871
-0.449765 24.4377 -139.732 -4.42529 -5.53081 51.1363
-0.472169 24.4097 -139.476 -4.53617 -5.66927 51.1854
-0.495127 24.381 -139.22 -4.64722 -5.80792 51.2344
-0.518641 24.3516 -138.964 -4.75842 -5.94675 51.2832
-0.542711 24.3216 -138.707 -4.86978 -6.08578 51.3318
-0.567339 24.2908 -138.45 -4.9813 -6.22501 51.3803
-0.592524 24.2593 -138.193 -5.09298 -6.36442 51.4287
-0.618268 24.2271 -137.936 -5.20482 -6.50403 51.4769
-0.644572 24.1943 -137.679 -5.31682 -6.64384 51.525
-0.671436 24.1607 -137.421 -5.42899 -6.78385 51.573
-0.698862 24.1264 -137.163 -5.54133 -6.92405 51.6207
-0.72685 24.0915 -136.905 -5.65383 -7.06446 51.6684
-0.7554 24.0558 -136.646 -5.76651 -7.20507 51.7159
-0.784515 24.0194 -136.388 -5.87935 -7.34588 51.7632
-0.814194 23.9823 -136.129 -5.99236 -7.4869 51.8104
-0.844438 23.9445 -135.869 -6.10554 -7.62812 51.8575
-0.875249 23.906 -135.61 -6.2189 -7.76956 51.9044
-0.906627 23.8668 -135.35 -6.33243 -7.9112 51.9512
-0.938573 23.8269 -135.091 -6.44614 -8.05306 51.9978
-0.971089 23.7863 -134.83 -6.56003 -8.19512 52.0442
-1.00417 23.745 -134.57 -6.67409 -8.33741 52.0905
-1.03783 23.7029 -134.31 -6.78833 -8.4799 52.1367
-1.07206 23.6602 -134.049 -6.90276 -8.62262 52.1827
-1.10686 23.6167 -133.788 -7.01736 -8.76555 52.2286
-1.14223 23.5725 -133.526 -7.13215 -8.90871 52.2743
-1.17818 23.5276 -133.265 -7.24713 -9.05209 52.3199
-1.2147 23.482 -133.003 -7.36229 -9.19569 52.3653
-1.2518 23.4357 -132.741 -7.47764 -9.33951 52.4106
-1.28948 23.3886 -132.479 -7.59318 -9.48357 52.4557
-1.32773 23.3408 -132.217 -7.70891 -9.62785 52.5006
-1.36657 23.2923 -131.954 -7.82483 -9.77236 52.5455
-1.40598 23.2431 -131.691 -7.94095 -9.91711 52.5901
-1.44598 23.1932 -131.428 -8.05726 -10.0621 52.6346
-1.48655 23.1425 -131.165 -8.17376 -10.2073 52.679
-1.52771 23.0911 -130.901 -8.29047 -10.3527 52.7232
-1.56946 23.039 -130.638 -8.40737 -10.4984 52.7672
-1.61179 22.9861 -130.374 -8.52447 -10.6444 52.8111
-1.6547 22.9325 -130.11 -8.64178 -10.7905 52.8549
-1.69821 22.8782 -129.845 -8.75928 -10.9369 52.8984
-1.7423 22.8231 -129.581 -8.877 -11.0836 52.9419
-1.78698 22.7674 -129.316 -8.99492 -11.2305 52.9851
-1.83224 22.7108 -129.051 -9.11304 -11.3777 53.0283
-1.87811 22.6536 -128.786 -9.23138 -11.5251 53.0712
-1.92456 22.5956 -128.52 -9.34993 -11.6727 53.114
-1.9716 22.5369 -128.254 -9.46869 -11.8206 53.1567
-2.01925 22.4774 -127.988 -9.58766 -11.9688 53.1991
-2.06748 22.4172 -127.722 -9.70685 -12.1172 53.2415
-2.11631 22.3562 -127.456 -9.82626 -12.2659 53.2836
-2.16574 22.2945 -127.19 -9.94588 -12.4149 53.3256
-2.21577 22.2321 -126.923 -10.0657 -12.5641 53.3675
-2.2664 22.1689 -126.656 -10.1858 -12.7135 53.4092
-2.31763 22.1049 -126.389 -10.3061 -12.8633 53.4507
-2.36946 22.0402 -126.121 -10.4266 -13.0133 53.4921
-2.4219 21.9748 -125.854 -10.5473 -13.1636 53.5333
-2.47494 21.9086 -125.586 -10.6683 -13.3141 53.5743
-2.52858 21.8417 -125.318 -10.7895 -13.465 53.6152
-2.58283 21.774 -125.05 -10.9109 -13.6161 53.6559
-2.63769 21.7055 -124.781 -11.0326 -13.7675 53.6964
-2.69316 21.6363 -124.513 -11.1545 -13.9191 53.7368
-2.74923 21.5663 -124.244 -11.2767 -14.0711 53.777
-2.80592 21.4956 -123.975 -11.399 -14.2233 53.8171
-2.86322 21.4241 -123.706 -11.5216 -14.3758 53.8569
-2.92114 21.3518 -123.437 -11.6445 -14.5286 53.8966
-2.97967 21.2788 -123.167 -11.7676 -14.6817 53.9362
-3.03882 21.205 -122.897 -11.8909 -14.8351 53.9755
-3.09858 21.1304 -122.627 -12.0145 -14.9888 54.0147
-3.15896 21.0551 -122.357 -12.1384 -15.1428 54.0538
-3.21996 20.979 -122.087 -12.2625 -15.2971 54.0926
-3.28159 20.9021 -121.816 -12.3868 -15.4516 54.1313
-3.34383 20.8245 -121.545 -12.5114 -15.6065 54.1698
-3.4067 20.7461 -121.274 -12.6363 -15.7617 54.2081
-3.47019 20.6669 -121.003 -12.7614 -15.9172 54.2463
-3.53431 20.5869 -120.732 -12.8868 -16.073 54.2843
-3.59906 20.5061 -120.46 -13.0124 -16.2291 54.3221
-3.66444 20.4246 -120.189 -13.1383 -16.3856 54.3597
-3.73044 20.3423 -119.917 -13.2645 -16.5423 54.3972
-3.79708 20.2592 -119.645 -13.3909 -16.6994 54.4344
-3.86435 20.1753 -119.373 -13.5176 -16.8568 54.4715
-3.93226 20.0906 -119.1 -13.6446 -17.0145 54.5084
-4.0008 20.0051 -118.827 -13.7719 -17.1725 54.5451
-4.06998 19.9189 -118.555 -13.8994 -17.3309 54.5817
-4.13979 19.8318 -118.282 -14.0272 -17.4896 54.618
-4.21025 19.744 -118.008 -14.1553 -17.6486 54.6542
-4.28135 19.6554 -117.735 -14.2836 -17.8079 54.6902
-4.35309 19.5659 -117.462 -14.4123 -17.9676 54.726
-4.42547 19.4757 -117.188 -14.5412 -18.1277 54.7616
-4.4985 19.3846 -116.914 -14.6705 -18.2881 54.797
-4.57217 19.2928 -116.64 -14.8 -18.4488 54.8323
-4.6465 19.2001 -116.366 -14.9298 -18.6098 54.8673
-4.72147 19.1067 -116.091 -15.0599 -18.7713 54.9021
-4.7971 19.0124 -115.817 -15.1903 -18.933 54.9368
-4.87337 18.9174 -115.542 -15.321 -19.0952 54.9713
-4.95031 18.8215 -115.267 -15.452 -19.2576 55.0055
-5.02789 18.7248 -114.992 -15.5833 -19.4205 55.0396
-5.10614 18.6273 -114.716 -15.7149 -19.5837 55.0734
-5.18504 18.529 -114.441 -15.8468 -19.7473 55.1071
-5.26461 18.4298 -114.165 -15.979 -19.9112 55.1406
-5.34483 18.3298 -113.89 -16.1116 -20.0755 55.1738
-5.42572 18.2291 -113.614 -16.2444 -20.2402 55.2069
-5.50728 18.1274 -113.338 -16.3776 -20.4052 55.2397
-5.5895 18.025 -113.061 -16.5111 -20.5707 55.2724
-5.67239 17.9217 -112.785 -16.6449 -20.7365 55.3048
-5.75595 17.8176 -112.508 -16.779 -20.9027 55.3371
-5.84018 17.7127 -112.231 -16.9135 -21.0693 55.3691
-5.92508 17.6069 -111.955 -17.0483 -21.2362 55.4009
-6.01066 17.5003 -111.677 -17.1834 -21.4036 55.4325
-6.09692 17.3929 -111.4 -17.3188 -21.5714 55.4639
-6.18385 17.2846 -111.123 -17.4546 -21.7395 55.495
-6.27146 17.1755 -110.845 -17.5908 -21.9081 55.526
-6.35976 17.0655 -110.568 -17.7272 -22.077 55.5567
-6.44873 16.9547 -110.29 -17.8641 -22.2464 55.5872
-6.5384 16.8431 -110.012 -18.0012 -22.4162 55.6175
-6.62875 16.7306 -109.733 -18.1387 -22.5864 55.6475
-6.71978 16.6172 -109.455 -18.2766 -22.757 55.6774
-6.81151 16.503 -109.177 -18.4148 -22.928 55.707
-6.90393 16.3879 -108.898 -18.5534 -23.0995 55.7364
-6.99705 16.272 -108.619 -18.6923 -23.2713 55.7655
-7.09086 16.1552 -108.34 -18.8316 -23.4436 55.7944
-7.18536 16.0376 -108.061 -18.9713 -23.6164 55.8231
-7.28057 15.9191 -107.782 -19.1113 -23.7895 55.8515
-7.37648 15.7997 -107.503 -19.2517 -23.9631 55.8797
-7.47309 15.6794 -107.223 -19.3925 -24.1372 55.9077
-7.5704 15.5583 -106.944 -19.5337 -24.3117 55.9354
-7.66842 15.4363 -106.664 -19.6752 -24.4866 55.9629
-7.76715 15.3134 -106.384 -19.8171 -24.662 55.9901
-7.86659 15.1897 -106.104 -19.9594 -24.8378 56.0171
-7.96675 15.0651 -105.824 -20.1021 -25.0141 56.0438
-8.06761 14.9396 -105.544 -20.2452 -25.1909 56.0703
-8.1692 14.8132 -105.263 -20.3886 -25.3681 56.0965
-8.2715 14.6859 -104.983 -20.5325 -25.5458 56.1225
-8.37452 14.5577 -104.702 -20.6768 -25.724 56.1482
-8.47827 14.4286 -104.421 -20.8214 -25.9026 56.1737
-8.58274 14.2987 -104.14 -20.9665 -26.0817 56.1988
-8.68793 14.1678 -103.859 -21.112 -26.2613 56.2238
-8.79386 14.0361 -103.578 -21.2579 -26.4414 56.2484
-8.90051 13.9034 -103.297 -21.4042 -26.622 56.2728
-9.0079 13.7698 -103.015 -21.5509 -26.8031 56.2969
-9.11602 13.6354 -102.734 -21.6981 -26.9846 56.3207
-9.22488 13.5 -102.452 -21.8456 -27.1667 56.3443
-9.33448 13.3637 -102.17 -21.9936 -27.3493 56.3676
-9.44482 13.2265 -101.889 -22.1421 -27.5323 56.3905
-9.5559 13.0884 -101.606 -22.2909 -27.7159 56.4132
-9.66773 12.9493 -101.324 -22.4402 -27.9 56.4357
-9.7803 12.8094 -101.042 -22.59 -28.0847 56.4578
-9.89362 12.6685 -100.76 -22.7401 -28.2698 56.4796
-10.0077 12.5267 -100.477 -22.8908 -28.4555 56.5011
-10.1225 12.3839 -100.195 -23.0419 -28.6417 56.5224
-10.2381 12.2403 -99.9121 -23.1934 -28.8284 56.5433
-10.3545 12.0957 -99.6293 -23.3454 -29.0157 56.5639
-10.4716 11.9501 -99.3465 -23.4978 -29.2036 56.5843
-10.5894 11.8036 -99.0635 -23.6507 -29.3919 56.6043
-10.7081 11.6562 -98.7804 -23.8041 -29.5809 56.6239
-10.8275 11.5078 -98.4973 -23.958 -29.7703 56.6433
-10.9477 11.3585 -98.214 -24.1123 -29.9604 56.6624
-11.0686 11.2082 -97.9306 -24.2671 -30.151 56.6811
-11.1903 11.057 -97.6472 -24.4224 -30.3422 56.6995
-11.3128 10.9048 -97.3636 -24.5782 -30.5339 56.7176
-11.4361 10.7516 -97.08 -24.7345 -30.7263 56.7353
-11.5602 10.5975 -96.7963 -24.8912 -30.9192 56.7527
-11.685 10.4424 -96.5125 -25.0485 -31.1127 56.7698
-11.8107 10.2864 -96.2286 -25.2062 -31.3068 56.7865
-11.9371 10.1294 -95.9446 -25.3645 -31.5015 56.8028
-12.0643 9.97138 -95.6606 -25.5232 -31.6968 56.8189
-12.1923 9.81241 -95.3764 -25.6825 -31.8927 56.8345
-12.3211 9.65245 -95.0922 -25.8423 -32.0892 56.8498
-12.4507 9.49152 -94.8079 -26.0026 -32.2863 56.8647
-12.5812 9.32959 -94.5236 -26.1635 -32.484 56.8793
-12.7124 9.16668 -94.2391 -26.3248 -32.6824 56.8935
-12.8444 9.00277 -93.9546 -26.4867 -32.8814 56.9073
-12.9772 8.83786 -93.6701 -26.6491 -33.081 56.9208
-13.1109 8.67196 -93.3854 -26.8121 -33.2813 56.9338
-13.2454 8.50505 -93.1007 -26.9756 -33.4822 56.9465
-13.3807 8.33714 -92.816 -27.1397 -33.6837 56.9588
-13.5168 8.16821 -92.5311 -27.3043 -33.886 56.9707
-13.6537 7.99828 -92.2463 -27.4694 -34.0888 56.9822
-13.7915 7.82732 -91.9613 -27.6351 -34.2924 56.9932
-13.93 7.65535 -91.6763 -27.8014 -34.4966 57.0039
-14.0695 7.48236 -91.3913 -27.9683 -34.7014 57.0142
-14.2097 7.30834 -91.1062 -28.1357 -34.907 57.024
-14.3508 7.13329 -90.821 -28.3037 -35.1132 57.0334
-14.4928 6.95721 -90.5358 -28.4723 -35.3202 57.0424
-14.6356 6.78009 -90.2506 -28.6415 -35.5278 57.051
-14.7792 6.60193 -89.9653 -28.8112 -35.7361 57.0591
-14.9237 6.42273 -89.68 -28.9816 -35.9452 57.0668
-15.069 6.24248 -89.3947 -29.1525 -36.1549 57.0741
-15.2152 6.06118 -89.1093 -29.3241 -36.3654 57.0809
-15.3622 5.87882 -88.8239 -29.4962 -36.5766 57.0872
-15.5102 5.69541 -88.5384 -29.669 -36.7885 57.0931
-15.6589 5.51094 -88.2529 -29.8424 -37.0011 57.0985
-15.8086 5.3254 -87.9674 -30.0164 -37.2145 57.1034
-15.9591 5.13879 -87.6819 -30.1911 -37.4287 57.1079
-16.1105 4.95111 -87.3963 -30.3664 -37.6436 57.1118
-16.2628 4.76236 -87.1108 -30.5423 -37.8592 57.1153
-16.4159 4.57252 -86.8252 -30.7188 -38.0756 57.1183
-16.5699 4.3816 -86.5396 -30.8961 -38.2928 57.1208
-16.7249 4.18959 -86.254 -31.0739 -38.5108 57.1228
-16.8807 3.99649 -85.9684 -31.2524 -38.7295 57.1243
-17.0374 3.8023 -85.6827 -31.4316 -38.949 57.1252
-17.195 3.607 -85.3971 -31.6115 -39.1693 57.1257
-17.3535 3.4106 -85.1115 -31.792 -39.3905 57.1256
-17.5129 3.2131 -84.8259 -31.9732 -39.6124 57.125
-17.6732 3.01448 -84.5402 -32.1551 -39.8351 57.1238
-17.8345 2.81475 -84.2546 -32.3377 -40.0587 57.1221
-17.9966 2.61389 -83.969 -32.521 -40.2831 57.1198
-18.1597 2.41192 -83.6834 -32.705 -40.5083 57.117
-18.3237 2.20881 -83.3978 -32.8897 -40.7344 57.1136
-18.4886 2.00457 -83.1123 -33.0751 -40.9613 57.1096
-18.6544 1.7992 -82.8267 -33.2613 -41.189 57.1051
-18.8212 1.59268 -82.5412 -33.4481 -41.4176 57.1
-18.9889 1.38502 -82.2557 -33.6357 -41.6471 57.0942
-19.1575 1.17621 -81.9703 -33.8241 -41.8775 57.0879
-19.3271 0.966246 -81.6849 -34.0132 -42.1087 57.081
-19.4977 0.755123 -81.3995 -34.203 -42.3409 57.0734
-19.6692 0.542837 -81.1141 -34.3936 -42.5739 57.0652
-19.8416 0.329384 -80.8288 -34.585 -42.8078 57.0564
-20.015 0.114759 -80.5436 -34.7772 -43.0427 57.047
-20.1894 -0.101043 -80.2584 -34.9701 -43.2785 57.0369
-20.3647 -0.318026 -79.9732 -35.1639 -43.5151 57.0261
-20.541 -0.536195 -79.6881 -35.3584 -43.7528 57.0147
-20.7183 -0.755554 -79.4031 -35.5537 -43.9913 57.0026
-20.8966 -0.976108 -79.1181 -35.7499 -44.2309 56.9898
-21.0758 -1.19786 -78.8332 -35.9469 -44.4713 56.9764
-21.256 -1.42082 -78.5483 -36.1447 -44.7128 56.9622
-21.4373 -1.64499 -78.2635 -36.3433 -44.9552 56.9473
-21.6195 -1.87037 -77.9788 -36.5428 -45.1986 56.9318
-21.8027 -2.09698 -77.6942 -36.7431 -45.443 56.9154
-21.9869 -2.3248 -77.4097 -36.9443 -45.6884 56.8984
-22.1721 -2.55386 -77.1252 -37.1464 -45.9348 56.8806
-22.3584 -2.78415 -76.8409 -37.3494 -46.1823 56.862
-22.5456 -3.01568 -76.5566 -37.5532 -46.4307 56.8427
-22.7339 -3.24846 -76.2724 -37.758 -46.6802 56.8226
-22.9232 -3.48248 -75.9884 -37.9636 -46.9308 56.8017
-23.1135 -3.71777 -75.7044 -38.1702 -47.1824 56.78
-23.3049 -3.95431 -75.4206 -38.3777 -47.435 56.7575
-23.4973 -4.19212 -75.1368 -38.5862 -47.6888 56.7342
-23.6908 -4.4312 -74.8532 -38.7955 -47.9436 56.71
-23.8853 -4.67155 -74.5697 -39.0059 -48.1996 56.685
-24.0808 -4.91319 -74.2864 -39.2172 -48.4566 56.6591
-24.2774 -5.15612 -74.0032 -39.4295 -48.7148 56.6324
-24.4751 -5.40034 -73.7201 -39.6428 -48.9741 56.6047
-24.6739 -5.64586 -73.4371 -39.857 -49.2345 56.5762
-24.8737 -5.89268 -73.1543 -40.0723 -49.4961 56.5467
-25.0746 -6.14082 -72.8716 -40.2886 -49.7588 56.5164
-25.2766 -6.39027 -72.5891 -40.506 -50.0228 56.485
-25.4796 -6.64105 -72.3068 -40.7243 -50.2879 56.4527
-25.6838 -6.89315 -72.0246 -40.9438 -50.5542 56.4195
-25.8891 -7.14659 -71.7426 -41.1643 -50.8217 56.3852
-26.0955 -7.40137 -71.4608 -41.3859 -51.0905 56.35
-26.3029 -7.65749 -71.1791 -41.6085 -51.3605 56.3137
-26.5115 -7.91497 -70.8976 -41.8323 -51.6317 56.2764
-26.7213 -8.17381 -70.6163 -42.0572 -51.9042 56.238
-26.9321 -8.43402 -70.3352 -42.2832 -52.178 56.1986
-27.1441 -8.69559 -70.0543 -42.5103 -52.4531 56.158
-27.3572 -8.95855 -69.7737 -42.7386 -52.7295 56.1164
-27.5715 -9.22289 -69.4932 -42.9681 -53.0072 56.0736
-27.7869 -9.48862 -69.2129 -43.1987 -53.2863 56.0297
-28.0035 -9.75575 -68.9329 -43.4306 -53.5667 55.9846
-28.2212 -10.0243 -68.6531 -43.6636 -53.8484 55.9383
-28.4401 -10.2942 -68.3735 -43.8978 -54.1316 55.8908
-28.6602 -10.5656 -68.0942 -44.1333 -54.4161 55.842
-28.8814 -10.8384 -67.8151 -44.37 -54.7021 55.792
-29.1039 -11.1126 -67.5362 -44.608 -54.9895 55.7407
-29.3275 -11.3883 -67.2577 -44.8472 -55.2783 55.6881
-29.5524 -11.6654 -66.9794 -45.0877 -55.5686 55.6342
-29.7784 -11.944 -66.7013 -45.3295 -55.8604 55.579
-30.0057 -12.224 -66.4236 -45.5726 -56.1536 55.5223
-30.2341 -12.5055 -66.1461 -45.817 -56.4484 55.4643
-30.4638 -12.7885 -65.8689 -46.0627 -56.7447 55.4049
-30.6948 -13.073 -65.5921 -46.3098 -57.0426 55.3439
-30.9269 -13.3589 -65.3155 -46.5583 -57.3421 55.2816
-31.1603 -13.6464 -65.0392 -46.8081 -57.6431 55.2177
-31.395 -13.9353 -64.7633 -47.0593 -57.9458 55.1523
-31.6309 -14.2258 -64.4877 -47.3118 -58.25 55.0853
-31.8681 -14.5179 -64.2125 -47.5658 -58.556 55.0168
-32.1066 -14.8114 -63.9375 -47.8212 -58.8636 54.9466
-32.3463 -15.1065 -63.663 -48.0781 -59.1729 54.8748
-32.5874 -15.4031 -63.3888 -48.3364 -59.4839 54.8014
-32.8297 -15.7013 -63.115 -48.5961 -59.7966 54.7262
-33.0733 -16.0011 -62.8415 -48.8574 -60.1111 54.6493
-33.3183 -16.3024 -62.5685 -49.1201 -60.4274 54.5707
-33.5645 -16.6054 -62.2958 -49.3843 -60.7456 54.4903
-33.8121 -16.9099 -62.0236 -49.6501 -61.0655 54.408
-34.061 -17.216 -61.7518 -49.9174 -61.3873 54.3239
-34.3113 -17.5238 -61.4803 -50.1862 -61.711 54.238
-34.5629 -17.8331 -61.2094 -50.4566 -62.0366 54.1501
-34.8159 -18.1441 -60.9388 -50.7286 -62.3641 54.0602
-35.0702 -18.4568 -60.6688 -51.0022 -62.6936 53.9684
-35.3259 -18.7711 -60.3992 -51.2774 -63.0251 53.8746
-35.583 -19.087 -60.13 -51.5543 -63.3586 53.7787
-35.8414 -19.4047 -59.8614 -51.8328 -63.6941 53.6807
-36.1013 -19.724 -59.5932 -52.113 -64.0318 53.5807
-36.3626 -20.045 -59.3256 -52.3948 -64.3715 53.4784
-36.6252 -20.3677 -59.0584 -52.6784 -64.7134 53.374
-36.8893 -20.6921 -58.7918 -52.9637 -65.0574 53.2673
-37.1549 -21.0183 -58.5258 -53.2507 -65.4036 53.1583
-37.4218 -21.3461 -58.2602 -53.5395 -65.7521 53.0471
-37.6903 -21.6758 -57.9953 -53.8301 -66.1028 52.9334
-37.9601 -22.0072 -57.7309 -54.1225 -66.4559 52.8174
-38.2315 -22.3403 -57.4671 -54.4167 -66.8112 52.699
-38.5043 -22.6753 -57.2039 -54.7127 -67.1689 52.578
-38.7786 -23.012 -56.9413 -55.0106 -67.529 52.4546
-39.0544 -23.3506 -56.6794 -55.3105 -67.8916 52.3286
-39.3317 -23.6909 -56.418 -55.6122 -68.2566 52.1999
-39.6105 -24.0331 -56.1574 -55.9158 -68.6241 52.0687
-39.8909 -24.3772 -55.8974 -56.2214 -68.9941 51.9347
-40.1728 -24.7231 -55.638 -56.529 -69.3667 51.7979
-40.4562 -25.0708 -55.3794 -56.8386 -69.7419 51.6584
-40.7411 -25.4205 -55.1214 -57.1503 -70.1198 51.516
-41.0277 -25.772 -54.8642 -57.464 -70.5003 51.3707
-41.3158 -26.1255 -54.6077 -57.7797 -70.8836 51.2224
-41.6055 -26.4809 -54.352 -58.0976 -71.2696 51.0711
-41.8968 -26.8382 -54.097 -58.4176 -71.6585 50.9168
-42.1897 -27.1975 -53.8428 -58.7398 -72.0501 50.7593
-42.4842 -27.5587 -53.5894 -59.0642 -72.4447 50.5986
-42.7803 -27.9219 -53.3368 -59.3908 -72.8422 50.4347
-43.0781 -28.2871 -53.0851 -59.7196 -73.2426 50.2675
-43.3775 -28.6543 -52.8342 -60.0507 -73.6461 50.0969
-43.6786 -29.0236 -52.5841 -60.3842 -74.0525 49.9229
-43.9813 -29.3949 -52.3349 -60.7199 -74.4621 49.7454
-44.2858 -29.7682 -52.0867 -61.0581 -74.8748 49.5643
-44.5919 -30.1436 -51.8393 -61.3986 -75.2907 49.3796
-44.8998 -30.5211 -51.5929 -61.7416 -75.7098 49.1912
-45.2093 -30.9007 -51.3474 -62.0871 -76.1322 48.9989
-45.5206 -31.2824 -51.1029 -62.4351 -76.5579 48.8029
-45.8337 -31.6663 -50.8594 -62.7856 -76.9869 48.6028
-46.1485 -32.0523 -50.6168 -63.1386 -77.4194 48.3988
-46.4651 -32.4405 -50.3754 -63.4943 -77.8553 48.1906
-46.7834 -32.8309 -50.1349 -63.8527 -78.2947 47.9783
-47.1036 -33.2234 -49.8956 -64.2137 -78.7377 47.7617
-47.4256 -33.6182 -49.6573 -64.5774 -79.1842 47.5407
-47.7494 -34.0153 -49.4202 -64.9439 -79.6344 47.3152
-48.075 -34.4146 -49.1842 -65.3132 -80.0883 47.0852
-48.4025 -34.8162 -48.9493 -65.6853 -80.546 46.8506
-48.7319 -35.22 -48.7157 -66.0604 -81.0074 46.6111
-49.0631 -35.6262 -48.4832 -66.4383 -81.4727 46.3668
-49.3962 -36.0348 -48.252 -66.8192 -81.942 46.1175
-49.7313 -36.4457 -48.022 -67.2031 -82.4152 45.8632
-50.0683 -36.8589 -47.7934 -67.5901 -82.8924 45.6036
-50.4072 -37.2746 -47.566 -67.9801 -83.3737 45.3387
-50.7481 -37.6927 -47.34 -68.3733 -83.8591 45.0683
-51.0909 -38.1132 -47.1153 -68.7697 -84.3488 44.7924
-51.4358 -38.5361 -46.892 -69.1693 -84.8427 44.5107
-51.7826 -38.9616 -46.6702 -69.5721 -85.3409 44.2232
-52.1315 -39.3896 -46.4498 -69.9783 -85.8435 43.9298
-52.4824 -39.82 -46.2309 -70.3879 -86.3505 43.6302
-52.8354 -40.2531 -46.0135 -70.8009 -86.862 43.3243
-53.1904 -40.6887 -45.7977 -71.2174 -87.3781 43.0119
-53.5476 -41.1268 -45.5834 -71.6374 -87.8989 42.693
-53.9068 -41.5676 -45.3707 -72.0609 -88.4243 42.3673
-54.2682 -42.0111 -45.1597 -72.4881 -88.9545 42.0347
-54.6317 -42.4572 -44.9504 -72.919 -89.4895 41.695
-54.9974 -42.906 -44.7428 -73.3536 -90.0295 41.348
-55.3652 -43.3575 -44.5369 -73.792 -90.5744 40.9935
-55.7353 -43.8117 -44.3328 -74.2342 -91.1244 40.6313
-56.1076 -44.2687 -44.1306 -74.6804 -91.6795 40.2613
-56.4821 -44.7285 -43.9302 -75.1305 -92.2398 39.8831
-56.8589 -45.1911 -43.7318 -75.5846 -92.8054 39.4967
-57.2379 -45.6566 -43.5353 -76.0428 -93.3763 39.1017
-57.6193 -46.1249 -43.3407 -76.5051 -93.9526 38.698
-58.003 -46.5961 -43.1483 -76.9716 -94.5345 38.2852
-58.389 -47.0702 -42.9579 -77.4424 -95.1219 37.8632
-58.7774 -47.5473 -42.7696 -77.9175 -95.715 37.4317
-59.1682 -48.0274 -42.5836 -78.397 -96.3139 36.9905
-59.5614 -48.5105 -42.3997 -78.8809 -96.9185 36.5391
-59.957 -48.9966 -42.2182 -79.3694 -97.5291 36.0774
-60.3551 -49.4858 -42.039 -79.8624 -98.1457 35.6051
-60.7556 -49.978 -41.8621 -80.36 -98.7684 35.1218
-61.1587 -50.4735 -41.6877 -80.8623 -99.3973 34.6272
-61.5642 -50.972 -41.5159 -81.3694 -100.032 34.121
-61.9724 -51.4738 -41.3465 -81.8813 -100.674 33.6029
-62.3831 -51.9788 -41.1798 -82.3982 -101.322 33.0724
-62.7964 -52.487 -41.0158 -82.92 -101.976 32.5293
-63.2123 -52.9985 -40.8545 -83.4468 -102.637 31.973
-63.6308 -53.5134 -40.6961 -83.9787 -103.305 31.4033
-64.0521 -54.0316 -40.5405 -84.5158 -103.98 30.8197
-64.476 -54.5532 -40.3879 -85.0581 -104.661 30.2217
-64.9026 -55.0782 -40.2383 -85.6057 -105.35 29.6089
-65.332 -55.6067 -40.0918 -86.1587 -106.045 28.9808
-65.7642 -56.1386 -39.9485 -86.717 -106.748 28.3369
-66.1992 -56.6741 -39.8084 -87.2809 -107.458 27.6768
-66.637 -57.2132 -39.6717 -87.8503 -108.175 26.9998
-67.0777 -57.7559 -39.5384 -88.4254 -108.9 26.3055
-67.5213 -58.3022 -39.4087 -89.0061 -109.632 25.5931
-67.9678 -58.8522 -39.2825 -89.5925 -110.372 24.8623
-68.4172 -59.4059 -39.16 -90.1848 -111.119 24.1122
-68.8696 -59.9634 -39.0414 -90.7828 -111.875 23.3422
-69.325 -60.5247 -38.9266 -91.3868 -112.638 22.5517
-69.7835 -61.0898 -38.8159 -91.9967 -113.409 21.74
-70.245 -61.6588 -38.7092 -92.6125 -114.188 20.9062
-70.7096 -62.2317 -38.6068 -93.2344 -114.975 20.0496
-71.1774 -62.8085 -38.5087 -93.8624 -115.77 19.1694
-71.6483 -63.3894 -38.4151 -94.4964 -116.574 18.2647
-72.1223 -63.9743 -38.3261 -95.1365 -117.385 17.3346
-72.5996 -64.5633 -38.2418 -95.7827 -118.205 16.3782
-73.0802 -65.1563 -38.1623 -96.435 -119.033 15.3945
-73.564 -65.7536 -38.0878 -97.0935 -119.87 14.3825
-74.0511 -66.355 -38.0185 -97.7581 -120.715 13.3411
-74.5416 -66.9607 -37.9544 -98.4287 -121.568 12.2692
-75.0354 -67.5707 -37.8958 -99.1054 -122.429 11.1656
-75.5326 -68.185 -37.8428 -99.7881 -123.299 10.0291
-76.0333 -68.8037 -37.7955 -100.477 -124.177 8.85842
-76.5374 -69.4268 -37.7542 -101.171 -125.063 7.65214
-77.045 -70.0544 -37.719 -101.871 -125.957 6.40887
-77.5561 -70.6864 -37.6901 -102.577 -126.859 5.12714
-78.0708 -71.323 -37.6677 -103.289 -127.769 3.80538
-78.589 -71.9641 -37.652 -104.005 -128.687 2.44195
-79.1108 -72.6098 -37.6433 -104.727 -129.612 1.03514
-79.6363 -73.2602 -37.6417 -105.454 -130.544 -0.416852
-80.1654 -73.9153 -37.6475 -106.185 -131.483 -1.91591
-80.6981 -74.575 -37.6609 -106.921 -132.429 -3.46403
-81.2346 -75.2396 -37.6821 -107.66 -133.381 -5.06327
-81.7747 -75.9089 -37.7115 -108.403 -134.338 -6.71584
-82.3186 -76.583 -37.7493 -109.15 -135.301 -8.42401
-82.8662 -77.2619 -37.7957 -109.898 -136.269 -10.1902
-83.4176 -77.9456 -37.8512 -110.649 -137.24 -12.0169
-83.9727 -78.6343 -37.9159 -111.402 -138.215 -13.9068
-84.5316 -79.3278 -37.9903 -112.154 -139.192 -15.8626
-85.0943 -80.0262 -38.0745 -112.907 -140.171 -17.8873
-85.6607 -80.7295 -38.1691 -113.659 -141.151 -19.9838
-86.2309 -81.4377 -38.2744 -114.409 -142.129 -22.1555
-86.8048 -82.1508 -38.3907 -115.155 -143.106 -24.4055
-87.3824 -82.8688 -38.5185 -115.897 -144.079 -26.7375
-87.9638 -83.5916 -38.6581 -116.633 -145.047 -29.1549
-88.5488 -84.3193 -38.81 -117.361 -146.008 -31.6617
-89.1374 -85.0517 -38.9747 -118.08 -146.96 -34.2617
-89.7296 -85.7889 -39.1527 -118.788 -147.9 -36.959
-90.3253 -86.5307 -39.3443 -119.483 -148.826 -39.758
-90.9244 -87.2771 -39.5502 -120.162 -149.736 -42.6629
-91.5269 -88.0281 -39.771 -120.822 -150.625 -45.6784
-92.1326 -88.7834 -40.0071 -121.461 -151.491 -48.8091
-92.7415 -89.543 -40.2591 -122.075 -152.329 -52.0597
-93.3534 -90.3067 -40.5277 -122.661 -153.135 -55.4352
-93.9681 -91.0743 -40.8135 -123.214 -153.904 -58.9404
-94.5855 -91.8457 -41.1171 -123.731 -154.632 -62.5803
-95.2054 -92.6207 -41.4393 -124.205 -155.311 -66.3599
-95.8276 -93.3989 -41.7807 -124.633 -155.935 -70.284
-96.4518 -94.18 -42.1421 -125.008 -156.498 -74.3573
-97.0777 -94.9638 -42.5243 -125.323 -156.991 -78.5845
-97.705 -95.7499 -42.928 -125.572 -157.406 -82.9696
-98.3334 -96.5379 -43.3541 -125.746 -157.734 -87.5166
-98.9625 -97.3273 -43.8032 -125.838 -157.963 -92.2288
-99.5918 -98.1175 -44.2764 -125.838 -158.083 -97.1086
-100.221 -98.9081 -44.7744 -125.736 -158.082 -102.158
-100.849 -99.6984 -45.298 -125.522 -157.947 -107.377
-101.476 -100.488 -45.8482 -125.185 -157.663 -112.766
-102.101 -101.275 -46.4257 -124.713 -157.217 -118.322
-102.723 -102.06 -47.0314 -124.092 -156.591 -124.042
-103.342 -102.841 -47.6662 -123.31 -155.77 -129.919
-103.956 -103.617 -48.3307 -122.353 -154.737 -135.945
-104.565 -104.388 -49.0257 -121.207 -153.474 -142.108
-105.168 -105.152 -49.7518 -119.858 -151.963 -148.395
-105.764 -105.908 -50.5097 -118.292 -150.187 -154.787
-106.351 -106.654 -51.2997 -116.495 -148.128 -161.265
-106.929 -107.389 -52.1224 -114.455 -145.769 -167.802
-107.496 -108.112 -52.9778 -112.159 -143.097 -174.37
-108.05 -108.82 -53.8661 -109.599 -140.098 -180.936
-108.592 -109.513 -54.7872 -106.767 -136.761 -187.464
-109.118 -110.188 -55.7408 -103.656 -133.079 -193.913
-109.628 -110.843 -56.7263 -100.267 -129.049 -200.24
-110.121 -111.478 -57.7432 -96.5988 -124.672 -206.401
-110.594 -112.09 -58.7904 -92.6589 -119.953 -212.348
-111.047 -112.678 -59.8667 -88.4568 -114.904 -218.033
-111.479 -113.239 -60.9707 -84.0067 -109.542 -223.411
-111.887 -113.773 -62.1008 -79.3276 -103.887 -228.437
-112.272 -114.278 -63.2551 -74.4421 -97.9686 -233.07
-112.632 -114.753 -64.4315 -69.3771 -91.8174 -237.272
-112.966 -115.196 -65.6278 -64.1623 -85.4698 -241.014
-113.273 -115.607 -66.8416 -58.8302 -78.9653 -244.271
-113.554 -115.986 -68.0704 -53.4146 -72.3452 -247.027
-113.807 -116.331 -69.3118 -47.9502 -65.6523 -249.271
-114.033 -116.642 -70.5631 -42.4716 -58.929 -251.002
-114.232 -116.92 -71.8218 -37.0123 -52.217 -252.227
-114.404 -117.164 -73.0853 -31.6039 -45.5556 -252.957
-114.548 -117.375 -74.3513 -26.2757 -38.9813 -253.211
-114.666 -117.554 -75.6174 -21.0538 -32.5271 -253.014
-114.759 -117.701 -76.8814 -15.9612 -26.2221 -252.392
-114.826 -117.816 -78.1413 -11.0174 -20.091 -251.377
-114.869 -117.902 -79.3951 -6.23824 -14.1542 -250.002
-114.888 -117.958 -80.6413 -1.63614 -8.42803 -248.3
-114.885 -117.986 -81.8781 2.7797 -2.92454 -246.307
-114.861 -117.987 -83.1043 7.00314 2.34779 -244.055
-114.815 -117.963 -84.3186 11.0308 7.38393 -241.578
-114.75 -117.913 -85.5201 14.8615 12.1818 -238.906
-114.667 -117.841 -86.7077 18.4964 16.7419 -236.07
-114.565 -117.746 -87.8808 21.9381 21.067 -233.095
-114.447 -117.63 -89.0386 25.1909 25.1615 -230.008
-114.313 -117.494 -90.1808 28.2598 29.0314 -226.831
-114.165 -117.34 -91.307 31.1511 32.6836 -223.585
-114.002 -117.168 -92.4167 33.8714 36.126 -220.288
-113.826 -116.979 -93.5098 36.428 39.367 -216.956
-113.638 -116.774 -94.5863 38.8282 42.4155 -213.604
-113.438 -116.554 -95.6459 41.0795 45.2804 -210.244
-113.227 -116.321 -96.6887 43.1895 47.9708 -206.888
-113.006 -116.075 -97.7148 45.1658 50.4956 -203.545
-112.775 -115.816 -98.7242 47.0155 52.8638 -200.223
-112.536 -115.546 -99.717 48.7459 55.0839 -196.93
-112.288 -115.265 -100.693 50.3638 57.1642 -193.669
-112.032 -114.975 -101.654 51.8757 59.1129 -190.448
-111.769 -114.674 -102.598 53.2881 60.9376 -187.269
-111.499 -114.365 -103.526 54.6068 62.6456 -184.136
-111.223 -114.048 -104.439 55.8377 64.2439 -181.052
-110.941 -113.723 -105.337 56.986 65.7391 -178.018
-110.653 -113.39 -106.22 58.057 67.1375 -175.036
-110.36 -113.051 -107.087 59.0553 68.4449 -172.107
-110.063 -112.706 -107.941 59.9855 69.6669 -169.232
-109.76 -112.355 -108.78 60.8518 70.8088 -166.411
-109.454 -111.998 -109.605 61.6583 71.8754 -163.644
-109.144 -111.636 -110.416 62.4085 72.8714 -160.932
-108.83 -111.269 -111.214 63.1061 73.8011 -158.274
-108.513 -110.898 -111.999 63.7543 74.6685 -155.669
-108.193 -110.523 -112.771 64.3562 75.4775 -153.117
-107.869 -110.143 -113.53 64.9146 76.2315 -150.617
-107.543 -109.76 -114.277 65.4322 76.934 -148.169
-107.215 -109.374 -115.012 65.9115 77.588 -145.772
-106.884 -108.984 -115.735 66.3549 78.1966 -143.423
-106.551 -108.592 -116.446 66.7645 78.7623 -141.124
-106.217 -108.197 -117.146 67.1424 79.2878 -138.872
-105.88 -107.799 -117.835 67.4905 79.7755 -136.667
-105.542 -107.399 -118.513 67.8107 80.2276 -134.508
-105.202 -106.997 -119.18 68.1045 80.6463 -132.393
-104.861 -106.593 -119.837 68.3736 81.0334 -130.321
-104.518 -106.186 -120.483 68.6195 81.391 -128.292
-104.174 -105.779 -121.12 68.8435 81.7207 -126.304
-103.83 -105.369 -121.746 69.047 82.0242 -124.357
-103.484 -104.958 -122.363 69.231 82.3029 -122.448
-103.137 -104.546 -122.971 69.3969 82.5585 -120.579
-102.79 -104.133 -123.569 69.5457 82.7921 -118.746
-102.442 -103.718 -124.158 69.6783 83.0052 -116.95
-102.093 -103.303 -124.738 69.7957 83.199 -115.189
-101.744 -102.886 -125.31 69.8989 83.3745 -113.462
-101.394 -102.469 -125.873 69.9887 83.5329 -111.769
-101.044 -102.051 -126.428 70.0658 83.6753 -110.109
-100.694 -101.632 -126.974 70.131 83.8026 -108.481
-100.343 -101.213 -127.513 70.1851 83.9157 -106.883
-99.9918 -100.793 -128.043 70.2288 84.0157 -105.315
-99.6405 -100.373 -128.566 70.2626 84.1034 -103.777
-99.2891 -99.9521 -129.081 70.2873 84.1795 -102.267
-98.9377 -99.531 -129.588 70.3033 84.245 -100.785
-98.5861 -99.1096 -130.089 70.3114 84.3007 -99.3294
-98.2345 -98.688 -130.582 70.312 84.3474 -97.9003
-97.883 -98.2661 -131.068 70.3056 84.3859 -96.4966
-97.5315 -97.8441 -131.547 70.293 84.417 -95.1176
-97.1801 -97.422 -132.019 70.2745 84.4416 -93.7626
-96.8287 -96.9997 -132.484 70.2507 84.4605 -92.4308
-96.4775 -96.5773 -132.943 70.2221 84.4748 -91.1214
-96.1265 -96.1549 -133.395 70.1894 84.4855 -89.8337
-95.7756 -95.7325 -133.841 70.1531 84.4936 -88.5668
-95.425 -95.31 -134.281 70.1138 84.5005 -87.3198
-95.0745 -94.8875 -134.715 70.0721 84.5076 -86.0915
-94.7242 -94.4649 -135.142 70.0289 84.5167 -84.8807
-94.3742 -94.0423 -135.563 69.9847 84.5297 -83.6859
-94.0244 -93.6196 -135.979 69.9406 84.5491 -82.505
-93.6748 -93.1968 -136.389 69.8973 84.5779 -81.3352
-93.3254 -92.7738 -136.792 69.8557 84.6193 -80.1728
-92.9762 -92.3505 -137.19 69.8166 84.6775 -79.0126
-92.6272 -91.9269 -137.582 69.7801 84.7566 -77.847
-92.2784 -91.5029 -137.969 69.7456 84.8602 -76.6656
-91.9297 -91.0783 -138.349 69.7103 84.9899 -75.4541
-91.5813 -90.6529 -138.723 69.6683 85.1413 -74.1958
-91.2331 -90.2268 -139.091 69.6092 85.2997 -72.8751
-90.8852 -89.7999 -139.452 69.5193 85.4376 -71.4879
-90.5379 -89.3725 -139.806 69.3871 85.5196 -70.0521
-90.1914 -88.9448 -140.152 69.211 85.5196 -68.6094
-89.8459 -88.5174 -140.492 69.0014 85.4345 -67.2071
-89.5014 -88.0906 -140.824 68.7748 85.2825 -65.8773
-89.1581 -87.6646 -141.15 68.5453 85.0886 -64.6299
-88.816 -87.2397 -141.471 68.3214 84.8739 -63.4595
-88.4749 -86.8159 -141.785 68.1066 84.6518 -62.3548
-88.1349 -86.3932 -142.094 67.9014 84.4297 -61.3038
-87.7959 -85.9716 -142.398 67.7052 84.2112 -60.2964
-87.4578 -85.5511 -142.697 67.5165 83.9975 -59.3249
-87.1207 -85.1316 -142.991 67.3341 83.7888 -58.3831
-86.7845 -84.7132 -143.281 67.1568 83.5847 -57.4666
-86.4491 -84.2958 -143.566 66.9837 83.3848 -56.572
-86.1146 -83.8794 -143.847 66.8139 83.1883 -55.6968
-85.781 -83.4639 -144.123 66.6467 82.9948 -54.8389
-85.4481 -83.0494 -144.395 66.4816 82.8038 -53.9969
-85.1161 -82.6359 -144.663 66.3181 82.6147 -53.1695
-84.785 -82.2232 -144.927 66.1561 82.4273 -52.3556
-84.4546 -81.8116 -145.187 65.995 82.2413 -51.5545
-84.125 -81.4008 -145.442 65.8348 82.0563 -50.7656
-83.7962 -80.991 -145.694 65.6753 81.8722 -49.9881
-83.4682 -80.5821 -145.942 65.5162 81.6887 -49.2216
-83.1411 -80.1741 -146.187 65.3576 81.5058 -48.4657
-82.8147 -79.767 -146.427 65.1992 81.3233 -47.7199
-82.4891 -79.3609 -146.664 65.0411 81.141 -46.984
-82.1643 -78.9556 -146.897 64.8832 80.9591 -46.2576
-81.8402 -78.5513 -147.126 64.7254 80.7772 -45.5404
-81.517 -78.1479 -147.352 64.5677 80.5955 -44.8321
-81.1946 -77.7453 -147.575 64.4101 80.4139 -44.1326
-80.8729 -77.3437 -147.794 64.2525 80.2322 -43.4416
-80.552 -76.943 -148.009 64.0949 80.0506 -42.7588
-80.2319 -76.5432 -148.221 63.9374 79.869 -42.0842
-79.9127 -76.1443 -148.43 63.7798 79.6874 -41.4174
-79.5941 -75.7463 -148.635 63.6223 79.5057 -40.7583
-79.2764 -75.3493 -148.837 63.4648 79.3239 -40.1067
-78.9595 -74.9531 -149.036 63.3072 79.1422 -39.4626
-78.6434 -74.5578 -149.232 63.1497 78.9603 -38.8256
-78.328 -74.1635 -149.425 62.9921 78.7785 -38.1957
-78.0134 -73.77 -149.614 62.8346 78.5966 -37.5727
-77.6997 -73.3775 -149.8 62.6771 78.4146 -36.9566
-77.3867 -72.9859 -149.984 62.5196 78.2327 -36.347
-77.0745 -72.5952 -150.164 62.3621 78.0507 -35.744
-76.763 -72.2054 -150.341 62.2046 77.8687 -35.1474
-76.4524 -71.8165 -150.515 62.0472 77.6867 -34.557
-76.1426 -71.4285 -150.687 61.8898 77.5047 -33.9728
-75.8335 -71.0415 -150.855 61.7325 77.3228 -33.3946
-75.5252 -70.6553 -151.021 61.5752 77.1408 -32.8224
-75.2178 -70.27 -151.183 61.418 76.9589 -32.256
-74.9111 -69.8857 -151.343 61.2609 76.7771 -31.6953
-74.6051 -69.5023 -151.5 61.1038 76.5953 -31.1402
-74.3 -69.1198 -151.655 60.9469 76.4136 -30.5906
-73.9957 -68.7381 -151.806 60.79 76.2319 -30.0464
-73.6921 -68.3574 -151.955 60.6332 76.0504 -29.5076
-73.3893 -67.9776 -152.101 60.4765 75.8689 -28.974
-73.0874 -67.5987 -152.245 60.3199 75.6876 -28.4455
-72.7861 -67.2208 -152.386 60.1634 75.5064 -27.9221
-72.4857 -66.8437 -152.524 60.0071 75.3253 -27.4036
-72.1861 -66.4675 -152.66 59.8509 75.1444 -26.8901
-71.8872 -66.0922 -152.793 59.6948 74.9636 -26.3813
-71.5891 -65.7179 -152.924 59.5389 74.783 -25.8772
-71.2918 -65.3444 -153.052 59.383 74.6026 -25.3778
-70.9953 -64.9718 -153.177 59.2274 74.4223 -24.883
-70.6995 -64.6002 -153.3 59.0719 74.2423 -24.3926
-70.4046 -64.2294 -153.421 58.9165 74.0624 -23.9067
-70.1104 -63.8595 -153.54 58.7613 73.8827 -23.4251
-69.817 -63.4906 -153.655 58.6063 73.7033 -22.9478
-69.5243 -63.1225 -153.769 58.4514 73.524 -22.4747
-69.2324 -62.7553 -153.88 58.2967 73.345 -22.0058
-68.9413 -62.3891 -153.989 58.1422 73.1663 -21.5409
-68.651 -62.0237 -154.096 57.9879 72.9878 -21.08
-68.3615 -61.6592 -154.2 57.8337 72.8095 -20.6231
-68.0727 -61.2956 -154.302 57.6797 72.6315 -20.1701
-67.7847 -60.9329 -154.402 57.5259 72.4538 -19.7208
-67.4974 -60.571 -154.499 57.3723 72.2763 -19.2754
-67.2109 -60.2101 -154.594 57.2189 72.0991 -18.8337
-66.9252 -59.8501 -154.687 57.0657 71.9222 -18.3956
-66.6403 -59.4909 -154.778 56.9127 71.7456 -17.9611
-66.3561 -59.1326 -154.867 56.7598 71.5693 -17.5302
-66.0727 -58.7752 -154.954 56.6072 71.3933 -17.1027
-65.79 -58.4187 -155.038 56.4547 71.2175 -16.6787
-65.5081 -58.063 -155.12 56.3025 71.0421 -16.2581
-65.227 -57.7082 -155.201 56.1505 70.867 -15.8408
-64.9466 -57.3543 -155.279 55.9987 70.6922 -15.4267
-64.667 -57.0013 -155.355 55.847 70.5177 -15.016
-64.3882 -56.6492 -155.429 55.6956 70.3436 -14.6084
-64.1101 -56.2979 -155.501 55.5445 70.1698 -14.2039
-63.8327 -55.9475 -155.571 55.3935 69.9962 -13.8026
-63.5561 -55.5979 -155.639 55.2427 69.8231 -13.4043
-63.2803 -55.2492 -155.705 55.0922 69.6502 -13.009
-63.0052 -54.9014 -155.769 54.9419 69.4777 -12.6167
-62.7309 -54.5545 -155.831 54.7918 69.3055 -12.2273
-62.4573 -54.2084 -155.891 54.642 69.1337 -11.8407
-62.1845 -53.8631 -155.95 54.4923 68.9621 -11.4571
-61.9124 -53.5187 -156.006 54.343 68.791 -11.0762
-61.641 -53.1752 -156.06 54.1939 68.6201 -10.6981
-61.3704 -52.8325 -156.113 54.045 68.4496 -10.3228
-61.1006 -52.4907 -156.164 53.8964 68.2794 -9.95012
-60.8315 -52.1497 -156.212 53.748 68.1096 -9.58012
-60.5631 -51.8096 -156.259 53.6 67.9401 -9.21275
-60.2955 -51.4703 -156.305 53.4522 67.7709 -8.84798
-60.0286 -51.1319 -156.348 53.3047 67.6021 -8.48578
-59.7624 -50.7943 -156.389 53.1576 67.4336 -8.12611
-59.497 -50.4576 -156.429 53.0107 67.2655 -7.76895
-59.2323 -50.1217 -156.467 52.8642 67.0977 -7.41426
-58.9684 -49.7866 -156.503 52.7181 66.9302 -7.06202
-58.7051 -49.4524 -156.538 52.5723 66.7631 -6.71221
-58.4426 -49.119 -156.57 52.4269 66.5964 -6.36479
-58.1809 -48.7864 -156.601 52.2819 66.4299 -6.01974
-57.9198 -48.4547 -156.631 52.1374 66.2639 -5.67704
-57.6595 -48.1238 -156.658 51.9933 66.0982 -5.33667
-57.3999 -47.7937 -156.684 51.8497 65.9328 -4.99861
-57.141 -47.4644 -156.708 51.7066 65.7679 -4.66283
-56.8828 -47.136 -156.731 51.5641 65.6033 -4.32931
-56.6253 -46.8084 -156.751 51.4221 65.4391 -3.99803
-56.3686 -46.4816 -156.771 51.2808 65.2753 -3.66899
-56.1125 -46.1556 -156.788 51.1401 65.1119 -3.34216
-55.8572 -45.8305 -156.804 51.0002 64.9489 -3.01752
-55.6025 -45.5061 -156.818 50.861 64.7864 -2.69506
-55.3486 -45.1826 -156.831 50.7226 64.6243 -2.37476
-55.0953 -44.8599 -156.842 50.585 64.4627 -2.05662
-54.8427 -44.538 -156.852 50.4484 64.3017 -1.74063
-54.5908 -44.2169 -156.859 50.3128 64.1411 -1.42676
-54.3396 -43.8966 -156.866 50.1782 63.9812 -1.11502
-54.089 -43.5771 -156.871 50.0448 63.8218 -0.805389
-53.8391 -43.2584 -156.874 49.9126 63.663 -0.497872
-53.5899 -42.9404 -156.876 49.7817 63.505 -0.192461
-53.3413 -42.6233 -156.876 49.6523 63.3476 0.110844
-53.0934 -42.307 -156.874 49.5243 63.191 0.412041
-52.8461 -41.9914 -156.872 49.398 63.0352 0.711125
-52.5994 -41.6766 -156.867 49.2734 62.8803 1.00809
-52.3533 -41.3626 -156.862 49.1508 62.7262 1.30291
-52.1079 -41.0493 -156.854 49.0303 62.5732 1.59558
-51.863 -40.7369 -156.846 48.912 62.4212 1.88606
-51.6188 -40.4251 -156.835 48.7961 62.2703 2.17433
-51.3751 -40.1142 -156.824 48.683 62.1206 2.46033
-51.1319 -39.8039 -156.811 48.5727 61.9722 2.74401
-50.8893 -39.4944 -156.796 48.4657 61.8251 3.02529
-50.6473 -39.1857 -156.781 48.3622 61.6794 3.30408
-50.4057 -38.8776 -156.763 48.2625 61.5353 3.58026
-50.1646 -38.5703 -156.745 48.1672 61.3927 3.85369
-49.924 -38.2637 -156.725 48.0765 61.2518 4.12419
-49.6839 -37.9578 -156.704 47.9912 61.1126 4.39153
-49.4441 -37.6526 -156.681 47.9116 60.9751 4.65545
-49.2048 -37.348 -156.657 47.8385 60.8395 4.91558
-48.9657 -37.0442 -156.632 47.7727 60.7056 5.17152
-48.727 -36.741 -156.605 47.715 60.5733 5.42273
-48.4886 -36.4384 -156.578 47.6662 60.4426 5.66855
-48.2503 -36.1366 -156.549 47.6275 60.3131 5.90821
-48.0123 -35.8353 -156.519 47.5999 60.1844 6.14071
-47.7743 -35.5347 -156.487 47.5846 60.0559 6.36487
-47.5364 -35.2348 -156.455 47.5826 59.9267 6.57928
-47.2985 -34.9354 -156.421 47.5952 59.7954 6.78227
-47.0604 -34.6368 -156.387 47.623 59.6605 6.97192
-46.8222 -34.3389 -156.352 47.6665 59.5196 7.14613
-46.5838 -34.0416 -156.316 47.7254 59.3702 7.30272
-46.345 -33.7452 -156.279 47.7984 59.2088 7.43964
-46.1058 -33.4496 -156.241 47.8829 59.0322 7.55525
-45.8661 -33.1549 -156.203 47.975 58.8366 7.6488
-45.626 -32.8612 -156.165 48.0691 58.6191 7.72079
-45.3854 -32.5687 -156.126 48.1585 58.3778 7.77335
-45.1445 -32.2775 -156.087 48.236 58.1125 7.81032
-44.9031 -31.9876 -156.048 48.2951 57.8251 7.83696
-44.6615 -31.6992 -156.009 48.3306 57.5191 7.85935
-44.4198 -31.4124 -155.969 48.3393 57.1995 7.88352
-44.1782 -31.1272 -155.93 48.3206 56.872 7.91472
-43.9367 -30.8437 -155.89 48.2756 56.542 7.95693
-43.6955 -30.5618 -155.85 48.207 56.214 8.01265
-43.4546 -30.2816 -155.81 48.1181 55.8915 8.08306
-43.2143 -30.0029 -155.769 48.0125 55.577 8.16826
-42.9745 -29.7258 -155.728 47.8936 55.2719 8.26762
-42.7354 -29.4502 -155.687 47.7644 54.9769 8.38005
-42.4969 -29.176 -155.645 47.6274 54.6921 8.50424
-42.2591 -28.9032 -155.602 47.4848 54.4173 8.63881
-42.0221 -28.6318 -155.558 47.338 54.1519 8.78243
-41.7857 -28.3617 -155.514 47.1886 53.8954 8.93385
-41.5502 -28.0928 -155.469 47.0373 53.6471 9.09195
-41.3154 -27.8252 -155.423 46.8851 53.4063 9.25574
-41.0813 -27.5588 -155.376 46.7323 53.1723 9.42434
-40.8481 -27.2935 -155.329 46.5796 52.9445 9.597
-40.6155 -27.0293 -155.28 46.4271 52.7223 9.77307
-40.3838 -26.7662 -155.231 46.2751 52.5053 9.95199
-40.1528 -26.5042 -155.181 46.1237 52.2929 10.1333
-39.9225 -26.2433 -155.13 45.9731 52.0848 10.3165
-39.6931 -25.9834 -155.078 45.8234 51.8806 10.5014
-39.4643 -25.7245 -155.025 45.6745 51.6798 10.6875
-39.2363 -25.4666 -154.971 45.5265 51.4823 10.8747
-39.009 -25.2097 -154.916 45.3795 51.2878 11.0627
-38.7825 -24.9537 -154.86 45.2333 51.0959 11.2513
-38.5567 -24.6987 -154.803 45.088 50.9066 11.4404
-38.3316 -24.4446 -154.746 44.9437 50.7196 11.6298
-38.1073 -24.1915 -154.687 44.8002 50.5347 11.8193
-37.8836 -23.9393 -154.627 44.6575 50.3518 12.0089
-37.6607 -23.688 -154.567 44.5157 50.1708 12.1985
-37.4385 -23.4376 -154.505 44.3747 49.9914 12.388
-37.2169 -23.1881 -154.443 44.2345 49.8137 12.5773
-36.9961 -22.9394 -154.38 44.095 49.6375 12.7663
-36.776 -22.6917 -154.315 43.9563 49.4628 12.955
-36.5566 -22.4448 -154.25 43.8183 49.2893 13.1434
-36.3378 -22.1988 -154.184 43.681 49.1172 13.3314
-36.1197 -21.9536 -154.117 43.5443 48.9462 13.5189
-35.9024 -21.7093 -154.049 43.4083 48.7763 13.706
-35.6857 -21.4659 -153.98 43.273 48.6076 13.8926
-35.4696 -21.2233 -153.91 43.1382 48.4398 14.0787
-35.2543 -20.9815 -153.839 43.0041 48.273 14.2642
-35.0396 -20.7405 -153.767 42.8705 48.1072 14.4491
-34.8256 -20.5004 -153.694 42.7375 47.9422 14.6335
-34.6122 -20.2611 -153.621 42.6051 47.7781 14.8173
-34.3995 -20.0226 -153.546 42.4732 47.6148 15.0005
-34.1875 -19.785 -153.471 42.3418 47.4523 15.183
-33.9761 -19.5481 -153.394 42.211 47.2906 15.365
-33.7654 -19.312 -153.317 42.0806 47.1296 15.5463
-33.5553 -19.0768 -153.239 41.9508 46.9692 15.7269
-33.3459 -18.8424 -153.16 41.8215 46.8096 15.9069
-33.1371 -18.6087 -153.08 41.6926 46.6506 16.0863
-32.9289 -18.3758 -152.999 41.5642 46.4923 16.265
-32.7214 -18.1438 -152.917 41.4363 46.3346 16.443
-32.5146 -17.9125 -152.835 41.3088 46.1775 16.6204
-32.3083 -17.682 -152.751 41.1818 46.021 16.7971
-32.1028 -17.4523 -152.667 41.0552 45.8651 16.9731
-31.8978 -17.2234 -152.581 40.9291 45.7097 17.1484
-31.6935 -16.9952 -152.495 40.8034 45.5549 17.3231
-31.4898 -16.7678 -152.408 40.6782 45.4006 17.4972
-31.2867 -16.5412 -152.32 40.5534 45.2469 17.6705
-31.0842 -16.3153 -152.231 40.429 45.0936 17.8432
-30.8824 -16.0902 -152.142 40.305 44.9409 18.0152
-30.6812 -15.8659 -152.051 40.1815 44.7887 18.1866
-30.4806 -15.6424 -151.96 40.0584 44.6369 18.3573
-30.2806 -15.4196 -151.868 39.9358 44.4857 18.5273
-30.0812 -15.1975 -151.775 39.8135 44.3349 18.6967
-29.8825 -14.9762 -151.681 39.6917 44.1846 18.8654
-29.6843 -14.7557 -151.586 39.5703 44.0347 19.0334
-29.4867 -14.5359 -151.49 39.4494 43.8854 19.2008
-29.2898 -14.3168 -151.394 39.3289 43.7364 19.3675
-29.0935 -14.0985 -151.297 39.2088 43.5879 19.5336
-28.8977 -13.8809 -151.199 39.0892 43.4399 19.699
-28.7026 -13.6641 -151.1 38.97 43.2923 19.8638
-28.508 -13.448 -151 38.8512 43.1452 20.0279
-28.3141 -13.2326 -150.899 38.7329 42.9984 20.1914
-28.1207 -13.018 -150.798 38.6151 42.8522 20.3542
-27.9279 -12.8041 -150.696 38.4978 42.7063 20.5164
-27.7357 -12.5909 -150.593 38.3809 42.5609 20.6779
-27.5441 -12.3785 -150.489 38.2645 42.4159 20.8388
-27.3531 -12.1668 -150.385 38.1486 42.2714 20.9991
-27.1626 -11.9558 -150.279 38.0332 42.1273 21.1587
-26.9727 -11.7455 -150.173 37.9183 41.9836 21.3176
-26.7834 -11.536 -150.066 37.804 41.8403 21.4759
-26.5947 -11.3271 -149.958 37.6902 41.6975 21.6336
-26.4065 -11.119 -149.85 37.5769 41.5551 21.7906
-26.2189 -10.9116 -149.74 37.4642 41.4131 21.947
-26.0319 -10.7048 -149.63 37.3521 41.2716 22.1027
-25.8454 -10.4988 -149.519 37.2406 41.1305 22.2577
-25.6595 -10.2935 -149.408 37.1297 40.9898 22.4121
-25.4741 -10.0889 -149.295 37.0195 40.8496 22.5658
-25.2893 -9.88505 -149.182 36.9099 40.7098 22.7188
-25.105 -9.68185 -149.068 36.8009 40.5705 22.8712
-24.9213 -9.47934 -148.953 36.6927 40.4316 23.0229
-24.7381 -9.27753 -148.838 36.5853 40.2932 23.1738
-24.5554 -9.07641 -148.721 36.4785 40.1552 23.3241
-24.3733 -8.87598 -148.604 36.3726 40.0177 23.4736
-24.1917 -8.67623 -148.487 36.2674 39.8806 23.6224
-24.0106 -8.47717 -148.368 36.1631 39.744 23.7704
-23.8301 -8.27879 -148.249 36.0597 39.6078 23.9176
-23.65 -8.08109 -148.129 35.9572 39.4721 24.0641
-23.4705 -7.88407 -148.008 35.8556 39.3368 24.2097
-23.2915 -7.68772 -147.887 35.755 39.202 24.3545
-23.1129 -7.49205 -147.765 35.6554 39.0676 24.4984
-22.9349 -7.29704 -147.642 35.5569 38.9337 24.6413
-22.7574 -7.10271 -147.518 35.4595 38.8003 24.7834
-22.5803 -6.90904 -147.394 35.3632 38.6673 24.9244
-22.4037 -6.71604 -147.269 35.2681 38.5347 25.0644
-22.2276 -6.52369 -147.144 35.1742 38.4025 25.2033
-22.052 -6.33201 -147.017 35.0816 38.2707 25.3411
-21.8768 -6.14099 -146.89 34.9904 38.1393 25.4776
-21.7021 -5.95062 -146.762 34.9004 38.0082 25.6129
-21.5278 -5.7609 -146.634 34.8119 37.8775 25.7469
-21.354 -5.57184 -146.505 34.7248 37.7471 25.8794
-21.1805 -5.38343 -146.375 34.6392 37.617 26.0105
-21.0076 -5.19567 -146.245 34.555 37.4871 26.1399
-20.835 -5.00856 -146.114 34.4724 37.3573 26.2677
-20.6628 -4.8221 -145.982 34.3913 37.2277 26.3937
-20.4911 -4.63628 -145.85 34.3118 37.0982 26.5178
-20.3197 -4.45112 -145.717 34.2338 36.9686 26.6399
-20.1487 -4.2666 -145.583 34.1573 36.8389 26.7599
-19.9781 -4.08273 -145.449 34.0823 36.709 26.8777
-19.8079 -3.89951 -145.315 34.0086 36.5789 26.9932
-19.638 -3.71694 -145.179 33.9364 36.4484 27.1063
-19.4685 -3.53502 -145.044 33.8654 36.3173 27.2169
-19.2994 -3.35377 -144.907 33.7955 36.1857 27.3248
-19.1306 -3.17317 -144.77 33.7266 36.0534 27.4301
-18.9621 -2.99323 -144.633 33.6585 35.9201 27.5326
-18.794 -2.81397 -144.495 33.5911 35.786 27.6324
-18.6262 -2.63538 -144.357 33.5241 35.6507 27.7294
-18.4588 -2.45746 -144.218 33.4573 35.5142 27.8236
-18.2916 -2.28024 -144.078 33.3905 35.3765 27.9151
-18.1249 -2.1037 -143.939 33.3233 35.2373 28.004
-17.9584 -1.92787 -143.798 33.2556 35.0967 28.0903
-17.7923 -1.75274 -143.658 33.187 34.9546 28.1743
-17.6265 -1.57832 -143.517 33.1174 34.811 28.256
-17.4611 -1.40463 -143.375 33.0464 34.6659 28.3357
-17.2961 -1.23167 -143.233 32.9739 34.5192 28.4137
-17.1314 -1.05944 -143.091 32.8995 34.3711 28.4901
-16.9671 -0.887957 -142.948 32.8233 34.2215 28.5652
-16.8032 -0.717226 -142.805 32.7449 34.0707 28.6393
-16.6396 -0.547252 -142.662 32.6643 33.9186 28.7126
-16.4765 -0.378042 -142.518 32.5815 33.7654 28.7855
-16.3138 -0.2096 -142.374 32.4963 33.6112 28.858
-16.1516 -0.0419312 -142.23 32.4088 33.4562 28.9306
-15.9897 0.124961 -142.085 32.319 33.3005 29.0033
-15.8284 0.291072 -141.94 32.2269 33.1442 29.0764
-15.6675 0.456401 -141.794 32.1325 32.9874 29.15
-15.5071 0.620946 -141.648 32.0361 32.8303 29.2243
-15.3471 0.784704 -141.502 31.9377 32.6731 29.2994
-15.1877 0.947676 -141.355 31.8373 32.5157 29.3754
-15.0287 1.10986 -141.208 31.7352 32.3584 29.4523
-14.8703 1.27126 -141.061 31.6313 32.2012 29.5303
-14.7124 1.43187 -140.913 31.526 32.0442 29.6093
-14.5551 1.5917 -140.765 31.4192 31.8874 29.6893
-14.3982 1.75075 -140.616 31.3111 31.731 29.7704
-14.242 1.90901 -140.467 31.2018 31.5749 29.8525
-14.0862 2.0665 -140.317 31.0914 31.4192 29.9357
-13.9311 2.22321 -140.167 30.98 31.264 30.02
-13.7764 2.37914 -140.017 30.8678 31.1093 30.1051
-13.6224 2.5343 -139.866 30.7547 30.9551 30.1913
-13.4689 2.68869 -139.715 30.641 30.8014 30.2783
-13.316 2.84231 -139.564 30.5266 30.6482 30.3662
-13.1636 2.99517 -139.412 30.4117 30.4955 30.4549
-13.0119 3.14727 -139.259 30.2962 30.3434 30.5444
-12.8607 3.29861 -139.106 30.1804 30.1919 30.6346
-12.7101 3.44919 -138.953 30.0641 30.0408 30.7255
-12.56 3.59902 -138.799 29.9476 29.8903 30.8171
-12.4106 3.74809 -138.645 29.8307 29.7403 30.9092
-12.2617 3.89642 -138.49 29.7136 29.5909 31.0018
-12.1134 4.044 -138.335 29.5963 29.4419 31.095
-11.9658 4.19084 -138.179 29.4788 29.2934 31.1886
-11.8187 4.33694 -138.023 29.3612 29.1455 31.2827
-11.6721 4.4823 -137.866 29.2434 28.998 31.3771
-11.5262 4.62692 -137.709 29.1256 28.8509 31.4719
-11.3809 4.77081 -137.551 29.0076 28.7043 31.567
-11.2361 4.91396 -137.393 28.8896 28.5582 31.6624
-11.092 5.05639 -137.235 28.7716 28.4125 31.7581
-10.9484 5.19809 -137.076 28.6535 28.2671 31.854
-10.8055 5.33906 -136.916 28.5354 28.1222 31.9501
-10.6631 5.47931 -136.756 28.4173 27.9777 32.0463
-10.5213 5.61884 -136.596 28.2992 27.8336 32.1427
-10.3801 5.75765 -136.435 28.1812 27.6898 32.2393
-10.2395 5.89574 -136.273 28.0631 27.5464 32.336
-10.0994 6.03311 -136.111 27.9451 27.4033 32.4327
-9.96002 6.16977 -135.949 27.8271 27.2606 32.5295
-9.82118 6.30572 -135.786 27.7092 27.1182 32.6264
-9.68293 6.44095 -135.623 27.5913 26.9761 32.7233
-9.54526 6.57548 -135.459 27.4734 26.8343 32.8202
-9.40819 6.7093 -135.294 27.3556 26.6928 32.9171
-9.27171 6.84241 -135.13 27.2378 26.5516 33.014
-9.13581 6.97481 -134.964 27.1201 26.4106 33.1109
-9.00051 7.10651 -134.799 27.0025 26.27 33.2078
-8.86579 7.23751 -134.632 26.8849 26.1296 33.3046
-8.73166 7.36781 -134.465 26.7674 25.9894 33.4013
-8.59811 7.49741 -134.298 26.6499 25.8495 33.498
-8.46516 7.62631 -134.13 26.5325 25.7099 33.5946
-8.33279 7.75451 -133.962 26.4152 25.5704 33.6911
-8.20101 7.88201 -133.794 26.2979 25.4312 33.7875
-8.06981 8.00882 -133.624 26.1807 25.2922 33.8838
-7.9392 8.13493 -133.455 26.0636 25.1535 33.98
-7.80917 8.26035 -133.285 25.9465 25.0149 34.0761
-7.67973 8.38508 -133.114 25.8294 24.8765 34.172
-7.55088 8.50912 -132.943 25.7125 24.7383 34.2679
-7.42261 8.63247 -132.771 25.5956 24.6003 34.3636
-7.29492 8.75512 -132.599 25.4787 24.4625 34.4591
-7.16782 8.87709 -132.427 25.3619 24.3249 34.5545
-7.0413 8.99837 -132.254 25.2452 24.1874 34.6497
-6.91537 9.11897 -132.08 25.1285 24.0501 34.7448
-6.79002 9.23887 -131.906 25.0119 23.913 34.8397
-6.66525 9.3581 -131.732 24.8953 23.776 34.9345
-6.54107 9.47663 -131.557 24.7788 23.6391 35.0291
-6.41746 9.59449 -131.382 24.6623 23.5025 35.1235
-6.29444 9.71166 -131.206 24.5459 23.3659 35.2177
-6.172 9.82815 -131.029 24.4295 23.2295 35.3118
-6.05015 9.94395 -130.853 24.3132 23.0933 35.4056
-5.92887 10.0591 -130.675 24.1969 22.9571 35.4993
-5.80818 10.1735 -130.498 24.0807 22.8211 35.5928
-5.68806 10.2873 -130.319 23.9645 22.6853 35.6861
-5.56853 10.4004 -130.141 23.8484 22.5495 35.7792
-5.44958 10.5128 -129.962 23.7323 22.4139 35.8722
-5.33121 10.6245 -129.782 23.6162 22.2784 35.9649
-5.21342 10.7356 -129.602 23.5002 22.143 36.0574
-5.09621 10.8459 -129.421 23.3842 22.0077 36.1498
-4.97958 10.9556 -129.24 23.2682 21.8725 36.2419
-4.86353 11.0647 -129.059 23.1523 21.7374 36.3338
-4.74805 11.173 -128.877 23.0364 21.6024 36.4255
-4.63316 11.2807 -128.695 22.9206 21.4675 36.517
-4.51885 11.3877 -128.512 22.8048 21.3327 36.6084
-4.40511 11.494 -128.329 22.689 21.1979 36.6995
-4.29196 11.5997 -128.145 22.5732 21.0633 36.7904
-4.17938 11.7047 -127.961 22.4575 20.9288 36.881
-4.06738 11.809 -127.776 22.3417 20.7943 36.9715
-3.95596 11.9126 -127.591 22.2261 20.6599 37.0618
-3.84512 12.0156 -127.405 22.1104 20.5256 37.1518
-3.73486 12.1179 -127.219 21.9947 20.3914 37.2417
-3.62517 12.2195 -127.033 21.8791 20.2573 37.3313
