75 50 25 0 0 -49
74.9998 49.9999 24.755 -0.0646612 -0.0406452 -49.0182
74.9994 49.9996 24.5098 -0.129408 -0.081342 -49.0363
74.9985 49.9991 24.2646 -0.19424 -0.122091 -49.0544
74.9974 49.9984 24.0193 -0.259158 -0.162891 -49.0725
74.996 49.9975 23.7739 -0.324162 -0.203744 -49.0905
74.9942 49.9963 23.5284 -0.389253 -0.244648 -49.1085
74.9921 49.995 23.2828 -0.45443 -0.285605 -49.1264
74.9896 49.9935 23.0371 -0.519693 -0.326614 -49.1442
74.9869 49.9917 22.7913 -0.585044 -0.367676 -49.162
74.9838 49.9898 22.5455 -0.650483 -0.40879 -49.1798
74.9804 49.9877 22.2995 -0.716009 -0.449956 -49.1975
74.9766 49.9853 22.0535 -0.781622 -0.491175 -49.2152
74.9725 49.9827 21.8074 -0.847324 -0.532447 -49.2328
74.9681 49.98 21.5612 -0.913114 -0.573772 -49.2503
74.9634 49.977 21.3149 -0.978993 -0.61515 -49.2679
74.9583 49.9738 21.0685 -1.04496 -0.656581 -49.2853
74.953 49.9704 20.822 -1.11102 -0.698065 -49.3027
74.9472 49.9668 20.5755 -1.17716 -0.739602 -49.3201
74.9412 49.963 20.3288 -1.2434 -0.781193 -49.3374
74.9348 49.959 20.0821 -1.30972 -0.822837 -49.3547
74.9281 49.9548 19.8353 -1.37614 -0.864535 -49.3719
74.921 49.9504 19.5884 -1.44265 -0.906286 -49.389
74.9137 49.9458 19.3414 -1.50924 -0.948091 -49.4061
74.9059 49.9409 19.0943 -1.57593 -0.98995 -49.4232
74.8979 49.9359 18.8472 -1.64271 -1.03186 -49.4402
74.8895 49.9306 18.5999 -1.70958 -1.07383 -49.4571
74.8808 49.9251 18.3526 -1.77654 -1.11585 -49.474
74.8718 49.9194 18.1052 -1.8436 -1.15793 -49.4908
74.8624 49.9135 17.8577 -1.91074 -1.20006 -49.5076
74.8526 49.9074 17.6101 -1.97798 -1.24224 -49.5244
74.8426 49.9011 17.3624 -2.04531 -1.28448 -49.541
74.8322 49.8946 17.1147 -2.11274 -1.32677 -49.5577
74.8215 49.8878 16.8669 -2.18025 -1.36912 -49.5742
74.8104 49.8809 16.619 -2.24786 -1.41152 -49.5907
74.799 49.8737 16.371 -2.31557 -1.45398 -49.6072
74.7872 49.8664 16.1229 -2.38337 -1.4965 -49.6236
74.7751 49.8588 15.8747 -2.45126 -1.53906 -49.6399
74.7627 49.851 15.6265 -2.51925 -1.58169 -49.6562
74.75 49.8429 15.3782 -2.58733 -1.62437 -49.6725
74.7368 49.8347 15.1298 -2.65551 -1.6671 -49.6886
74.7234 49.8263 14.8813 -2.72378 -1.70989 -49.7048
74.7096 49.8176 14.6327 -2.79215 -1.75273 -49.7208
74.6955 49.8088 14.3841 -2.86062 -1.79564 -49.7368
74.681 49.7997 14.1353 -2.92918 -1.83859 -49.7528
74.6662 49.7904 13.8865 -2.99784 -1.88161 -49.7687
74.651 49.7808 13.6377 -3.06659 -1.92467 -49.7845
74.6355 49.7711 13.3887 -3.13544 -1.9678 -49.8003
74.6197 49.7612 13.1397 -3.20439 -2.01098 -49.816
74.6035 49.751 12.8905 -3.27344 -2.05422 -49.8316
74.5869 49.7406 12.6413 -3.34259 -2.09751 -49.8472
74.57 49.73 12.3921 -3.41183 -2.14086 -49.8628
74.5528 49.7192 12.1427 -3.48117 -2.18427 -49.8782
74.5352 49.7082 11.8933 -3.55061 -2.22773 -49.8937
74.5173 49.6969 11.6438 -3.62015 -2.27125 -49.909
74.499 49.6855 11.3942 -3.68979 -2.31483 -49.9243
74.4804 49.6738 11.1445 -3.75953 -2.35847 -49.9395
74.4614 49.6619 10.8948 -3.82937 -2.40216 -49.9547
74.4421 49.6498 10.645 -3.89931 -2.44591 -49.9698
74.4224 49.6374 10.3951 -3.96935 -2.48971 -49.9849
74.4024 49.6249 10.1451 -4.03949 -2.53358 -49.9999
74.382 49.6121 9.8951 -4.10973 -2.5775 -50.0148
74.3613 49.5991 9.64499 -4.18008 -2.62147 -50.0296
74.3402 49.5859 9.39481 -4.25052 -2.66551 -50.0444
74.3188 49.5724 9.14455 -4.32107 -2.7096 -50.0592
74.297 49.5588 8.89421 -4.39172 -2.75376 -50.0738
74.2749 49.5449 8.64381 -4.46247 -2.79797 -50.0884
74.2524 49.5308 8.39333 -4.53333 -2.84223 -50.103
74.2296 49.5165 8.14278 -4.60428 -2.88656 -50.1174
74.2064 49.5019 7.89216 -4.67535 -2.93094 -50.1318
74.1828 49.4872 7.64146 -4.74651 -2.97539 -50.1462
74.1589 49.4722 7.39069 -4.81778 -3.01989 -50.1605
74.1346 49.457 7.13986 -4.88916 -3.06445 -50.1747
74.11 49.4415 6.88895 -4.96064 -3.10906 -50.1888
74.085 49.4259 6.63797 -5.03222 -3.15374 -50.2029
74.0597 49.41 6.38692 -5.10391 -3.19848 -50.2169
74.034 49.3939 6.1358 -5.17571 -3.24327 -50.2308
74.0079 49.3776 5.88461 -5.24761 -3.28812 -50.2447
73.9815 49.361 5.63335 -5.31962 -3.33304 -50.2585
73.9547 49.3442 5.38203 -5.39173 -3.37801 -50.2723
73.9276 49.3272 5.13063 -5.46395 -3.42304 -50.2859
73.9001 49.31 4.87917 -5.53628 -3.46813 -50.2995
73.8722 49.2926 4.62764 -5.60872 -3.51328 -50.313
73.844 49.2749 4.37604 -5.68127 -3.55849 -50.3265
73.8154 49.257 4.12437 -5.75392 -3.60376 -50.3399
73.7865 49.2388 3.87264 -5.82668 -3.64908 -50.3532
73.7571 49.2205 3.62084 -5.89955 -3.69447 -50.3664
73.7275 49.2019 3.36897 -5.97253 -3.73992 -50.3796
73.6974 49.1831 3.11704 -6.04562 -3.78543 -50.3927
73.667 49.164 2.86505 -6.11882 -3.831 -50.4057
73.6362 49.1448 2.61299 -6.19213 -3.87662 -50.4187
73.6051 49.1253 2.36086 -6.26555 -3.92231 -50.4316
73.5736 49.1056 2.10867 -6.33908 -3.96806 -50.4444
73.5417 49.0856 1.85642 -6.41272 -4.01387 -50.4571
73.5094 49.0654 1.6041 -6.48648 -4.05974 -50.4698
73.4768 49.045 1.35172 -6.56034 -4.10567 -50.4824
73.4438 49.0244 1.09928 -6.63432 -4.15166 -50.4949
73.4105 49.0035 0.846771 -6.70841 -4.19771 -50.5073
73.3768 48.9824 0.594203 -6.78262 -4.24382 -50.5197
73.3427 48.961 0.341574 -6.85693 -4.29 -50.532
73.3082 48.9395 0.0888842 -6.93136 -4.33623 -50.5442
73.2733 48.9177 -0.163867 -7.00591 -4.38253 -50.5563
73.2381 48.8957 -0.416678 -7.08057 -4.42888 -50.5683
73.2025 48.8734 -0.66955 -7.15534 -4.4753 -50.5803
73.1666 48.8509 -0.922481 -7.23023 -4.52178 -50.5922
73.1302 48.8282 -1.17547 -7.30523 -4.56832 -50.604
73.0935 48.8052 -1.42852 -7.38035 -4.61492 -50.6158
73.0564 48.782 -1.68163 -7.45559 -4.66159 -50.6274
73.019 48.7586 -1.9348 -7.53094 -4.70831 -50.639
72.9811 48.7349 -2.18802 -7.60641 -4.7551 -50.6505
72.9429 48.7111 -2.4413 -7.68199 -4.80195 -50.6619
72.9043 48.6869 -2.69464 -7.7577 -4.84886 -50.6733
72.8653 48.6626 -2.94803 -7.83352 -4.89583 -50.6845
72.826 48.638 -3.20148 -7.90946 -4.94286 -50.6957
72.7862 48.6131 -3.45499 -7.98551 -4.98996 -50.7068
72.7461 48.5881 -3.70855 -8.06169 -5.03712 -50.7178
72.7056 48.5628 -3.96217 -8.13799 -5.08434 -50.7287
72.6647 48.5372 -4.21584 -8.2144 -5.13162 -50.7395
72.6235 48.5114 -4.46956 -8.29094 -5.17897 -50.7503
72.5818 48.4854 -4.72334 -8.36759 -5.22638 -50.761
72.5398 48.4592 -4.97717 -8.44437 -5.27385 -50.7715
72.4974 48.4327 -5.23105 -8.52127 -5.32138 -50.782
72.4546 48.406 -5.48499 -8.59829 -5.36898 -50.7925
72.4114 48.379 -5.73898 -8.67543 -5.41663 -50.8028
72.3678 48.3518 -5.99302 -8.75269 -5.46436 -50.813
72.3239 48.3244 -6.24711 -8.83008 -5.51214 -50.8232
72.2795 48.2967 -6.50125 -8.90759 -5.55999 -50.8332
72.2348 48.2688 -6.75544 -8.98522 -5.6079 -50.8432
72.1897 48.2406 -7.00968 -9.06298 -5.65587 -50.8531
72.1442 48.2122 -7.26397 -9.14086 -5.7039 -50.8629
72.0983 48.1836 -7.51831 -9.21886 -5.752 -50.8726
72.052 48.1547 -7.7727 -9.29699 -5.80017 -50.8822
72.0053 48.1256 -8.02713 -9.37525 -5.84839 -50.8917
71.9582 48.0962 -8.28161 -9.45363 -5.89668 -50.9012
71.9107 48.0666 -8.53614 -9.53214 -5.94503 -50.9105
71.8629 48.0368 -8.79072 -9.61077 -5.99345 -50.9197
71.8146 48.0067 -9.04534 -9.68953 -6.04193 -50.9289
71.766 47.9763 -9.30001 -9.76842 -6.09047 -50.938
71.717 47.9458 -9.55472 -9.84744 -6.13908 -50.9469
71.6675 47.9149 -9.80948 -9.92658 -6.18775 -50.9558
71.6177 47.8839 -10.0643 -10.0059 -6.23648 -50.9646
71.5675 47.8526 -10.3191 -10.0853 -6.28528 -50.9732
71.5168 47.821 -10.574 -10.1648 -6.33414 -50.9818
71.4658 47.7892 -10.8289 -10.2444 -6.38307 -50.9903
71.4144 47.7572 -11.0839 -10.3242 -6.43206 -50.9987
71.3626 47.7249 -11.3389 -10.4042 -6.48111 -51.007
71.3103 47.6924 -11.594 -10.4842 -6.53023 -51.0152
71.2577 47.6596 -11.8491 -10.5644 -6.57941 -51.0233
71.2047 47.6266 -12.1042 -10.6447 -6.62865 -51.0313
71.1513 47.5933 -12.3594 -10.7252 -6.67796 -51.0392
71.0974 47.5598 -12.6146 -10.8057 -6.72733 -51.0469
71.0432 47.5261 -12.8699 -10.8864 -6.77677 -51.0546
70.9886 47.492 -13.1252 -10.9673 -6.82627 -51.0622
70.9335 47.4578 -13.3805 -11.0483 -6.87584 -51.0697
70.8781 47.4233 -13.6358 -11.1294 -6.92547 -51.0771
70.8222 47.3885 -13.8913 -11.2106 -6.97516 -51.0844
70.766 47.3535 -14.1467 -11.292 -7.02492 -51.0915
70.7093 47.3183 -14.4022 -11.3735 -7.07474 -51.0986
70.6523 47.2828 -14.6577 -11.4552 -7.12463 -51.1056
70.5948 47.247 -14.9132 -11.537 -7.17458 -51.1124
70.5369 47.211 -15.1688 -11.6189 -7.2246 -51.1192
70.4786 47.1748 -15.4244 -11.701 -7.27468 -51.1258
70.4199 47.1383 -15.6801 -11.7832 -7.32482 -51.1324
70.3608 47.1015 -15.9357 -11.8655 -7.37503 -51.1388
70.3012 47.0645 -16.1914 -11.948 -7.4253 -51.1451
70.2413 47.0273 -16.4472 -12.0307 -7.47564 -51.1513
70.1809 46.9898 -16.703 -12.1134 -7.52604 -51.1574
70.1201 46.952 -16.9588 -12.1963 -7.57651 -51.1634
70.0589 46.914 -17.2146 -12.2794 -7.62704 -51.1692
69.9973 46.8758 -17.4705 -12.3625 -7.67764 -51.175
69.9353 46.8372 -17.7263 -12.4459 -7.7283 -51.1806
69.8729 46.7985 -17.9823 -12.5293 -7.77902 -51.1862
69.81 46.7595 -18.2382 -12.6129 -7.82981 -51.1916
69.7467 46.7202 -18.4942 -12.6967 -7.88066 -51.1969
69.6831 46.6807 -18.7502 -12.7806 -7.93158 -51.2021
69.6189 46.6409 -19.0062 -12.8646 -7.98256 -51.2071
69.5544 46.6008 -19.2622 -12.9488 -8.03361 -51.2121
69.4895 46.5605 -19.5183 -13.0331 -8.08472 -51.2169
69.4241 46.52 -19.7744 -13.1176 -8.13589 -51.2216
69.3583 46.4792 -20.0305 -13.2022 -8.18713 -51.2262
69.2921 46.4381 -20.2867 -13.287 -8.23844 -51.2307
69.2254 46.3968 -20.5428 -13.3719 -8.2898 -51.235
69.1583 46.3552 -20.799 -13.457 -8.34124 -51.2393
69.0908 46.3134 -21.0552 -13.5422 -8.39273 -51.2434
69.0229 46.2713 -21.3115 -13.6275 -8.44429 -51.2474
68.9546 46.2289 -21.5677 -13.713 -8.49592 -51.2512
68.8858 46.1863 -21.824 -13.7987 -8.5476 -51.2549
68.8166 46.1435 -22.0802 -13.8845 -8.59936 -51.2585
68.7469 46.1003 -22.3366 -13.9704 -8.65117 -51.262
68.6769 46.0569 -22.5929 -14.0565 -8.70305 -51.2654
68.6064 46.0133 -22.8492 -14.1428 -8.75499 -51.2686
68.5354 45.9694 -23.1056 -14.2292 -8.807 -51.2717
68.4641 45.9252 -23.3619 -14.3158 -8.85907 -51.2746
68.3923 45.8808 -23.6183 -14.4025 -8.91121 -51.2775
68.32 45.8361 -23.8747 -14.4893 -8.96341 -51.2802
68.2474 45.7912 -24.1311 -14.5764 -9.01567 -51.2827
68.1743 45.746 -24.3875 -14.6635 -9.06799 -51.2852
68.1007 45.7005 -24.644 -14.7509 -9.12038 -51.2875
68.0268 45.6548 -24.9004 -14.8383 -9.17283 -51.2896
67.9524 45.6088 -25.1568 -14.926 -9.22535 -51.2917
67.8775 45.5625 -25.4133 -15.0138 -9.27792 -51.2936
67.8022 45.516 -25.6698 -15.1017 -9.33056 -51.2953
67.7265 45.4692 -25.9263 -15.1898 -9.38327 -51.2969
67.6503 45.4222 -26.1828 -15.2781 -9.43603 -51.2984
67.5737 45.3748 -26.4392 -15.3665 -9.48886 -51.2997
67.4967 45.3273 -26.6958 -15.4551 -9.54175 -51.3009
67.4192 45.2794 -26.9523 -15.5438 -9.59471 -51.302
67.3412 45.2313 -27.2088 -15.6327 -9.64772 -51.3029
67.2628 45.1829 -27.4653 -15.7218 -9.7008 -51.3037
67.184 45.1343 -27.7218 -15.811 -9.75394 -51.3043
67.1047 45.0854 -27.9783 -15.9004 -9.80714 -51.3047
67.025 45.0362 -28.2349 -15.99 -9.8604 -51.3051
66.9448 44.9868 -28.4914 -16.0797 -9.91373 -51.3052
66.8642 44.9371 -28.7479 -16.1696 -9.96711 -51.3053
66.7831 44.8871 -29.0044 -16.2596 -10.0206 -51.3051
66.7016 44.8369 -29.261 -16.3498 -10.0741 -51.3049
66.6196 44.7864 -29.5175 -16.4402 -10.1276 -51.3044
66.5372 44.7356 -29.774 -16.5307 -10.1813 -51.3039
66.4543 44.6846 -30.0305 -16.6214 -10.235 -51.3031
66.371 44.6333 -30.287 -16.7123 -10.2887 -51.3022
66.2872 44.5817 -30.5435 -16.8033 -10.3425 -51.3012
66.2029 44.5298 -30.8 -16.8945 -10.3964 -51.3
66.1182 44.4777 -31.0565 -16.9859 -10.4503 -51.2986
66.0331 44.4253 -31.313 -17.0774 -10.5043 -51.2971
65.9475 44.3727 -31.5695 -17.1691 -10.5584 -51.2954
65.8614 44.3198 -31.826 -17.261 -10.6125 -51.2936
65.7749 44.2666 -32.0824 -17.353 -10.6666 -51.2916
65.6879 44.2131 -32.3389 -17.4453 -10.7208 -51.2894
65.6004 44.1594 -32.5953 -17.5377 -10.7751 -51.287
65.5125 44.1053 -32.8518 -17.6302 -10.8295 -51.2845
65.4241 44.0511 -33.1082 -17.723 -10.8839 -51.2819
65.3353 43.9965 -33.3646 -17.8159 -10.9383 -51.279
65.2459 43.9417 -33.621 -17.909 -10.9928 -51.276
65.1562 43.8866 -33.8773 -18.0022 -11.0474 -51.2728
65.0659 43.8312 -34.1337 -18.0957 -11.102 -51.2695
64.9752 43.7756 -34.39 -18.1893 -11.1567 -51.2659
64.884 43.7196 -34.6464 -18.2831 -11.2115 -51.2622
64.7924 43.6634 -34.9027 -18.3771 -11.2663 -51.2583
64.7003 43.607 -35.1589 -18.4712 -11.3211 -51.2543
64.6077 43.5502 -35.4152 -18.5655 -11.376 -51.25
64.5146 43.4932 -35.6714 -18.66 -11.431 -51.2456
64.4211 43.4359 -35.9277 -18.7547 -11.486 -51.241
64.327 43.3784 -36.1838 -18.8496 -11.5411 -51.2362
64.2326 43.3205 -36.44 -18.9447 -11.5962 -51.2313
64.1376 43.2624 -36.6962 -19.0399 -11.6514 -51.2261
64.0422 43.204 -36.9523 -19.1353 -11.7066 -51.2208
63.9462 43.1453 -37.2084 -19.2309 -11.7619 -51.2152
63.8499 43.0864 -37.4644 -19.3267 -11.8172 -51.2095
63.753 43.0272 -37.7205 -19.4227 -11.8726 -51.2036
63.6556 42.9677 -37.9765 -19.5188 -11.928 -51.1975
63.5578 42.9079 -38.2324 -19.6151 -11.9835 -51.1912
63.4595 42.8478 -38.4884 -19.7117 -12.039 -51.1847
63.3607 42.7875 -38.7443 -19.8084 -12.0946 -51.178
63.2614 42.7269 -39.0002 -19.9053 -12.1503 -51.1711
63.1616 42.666 -39.256 -20.0024 -12.2059 -51.164
63.0614 42.6048 -39.5118 -20.0997 -12.2617 -51.1567
62.9606 42.5434 -39.7676 -20.1971 -12.3175 -51.1492
62.8594 42.4816 -40.0233 -20.2948 -12.3733 -51.1414
62.7577 42.4196 -40.279 -20.3927 -12.4292 -51.1335
62.6555 42.3573 -40.5346 -20.4907 -12.4851 -51.1254
62.5528 42.2948 -40.7902 -20.5889 -12.541 -51.1171
62.4496 42.2319 -41.0458 -20.6874 -12.5971 -51.1085
62.3459 42.1688 -41.3013 -20.786 -12.6531 -51.0997
62.2417 42.1054 -41.5568 -20.8848 -12.7092 -51.0908
62.137 42.0417 -41.8122 -20.9838 -12.7654 -51.0816
62.0319 41.9778 -42.0676 -21.0831 -12.8215 -51.0721
61.9262 41.9135 -42.3229 -21.1825 -12.8778 -51.0625
61.82 41.849 -42.5782 -21.2821 -12.934 -51.0526
61.7134 41.7842 -42.8335 -21.3819 -12.9904 -51.0426
61.6062 41.7191 -43.0886 -21.4819 -13.0467 -51.0322
61.4986 41.6537 -43.3438 -21.5821 -13.1031 -51.0217
61.3904 41.588 -43.5989 -21.6825 -13.1595 -51.0109
61.2817 41.5221 -43.8539 -21.7832 -13.216 -50.9999
61.1726 41.4559 -44.1089 -21.884 -13.2725 -50.9887
61.0629 41.3894 -44.3638 -21.985 -13.329 -50.9772
60.9527 41.3226 -44.6186 -22.0862 -13.3856 -50.9655
60.842 41.2555 -44.8734 -22.1877 -13.4422 -50.9535
60.7308 41.1882 -45.1282 -22.2893 -13.4989 -50.9413
60.6191 41.1205 -45.3828 -22.3911 -13.5556 -50.9289
60.5069 41.0526 -45.6375 -22.4932 -13.6123 -50.9162
60.3942 40.9844 -45.892 -22.5955 -13.669 -50.9033
60.281 40.9159 -46.1465 -22.6979 -13.7258 -50.8901
60.1672 40.8472 -46.4009 -22.8006 -13.7826 -50.8767
60.053 40.7781 -46.6553 -22.9035 -13.8394 -50.863
59.9382 40.7088 -46.9095 -23.0066 -13.8963 -50.849
59.8229 40.6391 -47.1637 -23.1099 -13.9532 -50.8348
59.7071 40.5692 -47.4179 -23.2135 -14.0101 -50.8203
59.5908 40.499 -47.6719 -23.3172 -14.067 -50.8056
59.4739 40.4286 -47.9259 -23.4212 -14.124 -50.7906
59.3565 40.3578 -48.1799 -23.5253 -14.181 -50.7753
59.2387 40.2868 -48.4337 -23.6297 -14.238 -50.7597
59.1202 40.2154 -48.6874 -23.7343 -14.295 -50.7439
59.0013 40.1438 -48.9411 -23.8392 -14.352 -50.7278
58.8818 40.0719 -49.1947 -23.9442 -14.4091 -50.7114
58.7619 39.9997 -49.4482 -24.0495 -14.4662 -50.6948
58.6414 39.9272 -49.7017 -24.155 -14.5233 -50.6778
58.5203 39.8545 -49.955 -24.2607 -14.5804 -50.6606
58.3987 39.7814 -50.2083 -24.3666 -14.6375 -50.643
58.2766 39.7081 -50.4614 -24.4728 -14.6946 -50.6252
58.154 39.6345 -50.7145 -24.5792 -14.7518 -50.6071
58.0308 39.5606 -50.9675 -24.6858 -14.8089 -50.5887
57.9072 39.4864 -51.2204 -24.7926 -14.8661 -50.57
57.7829 39.4119 -51.4732 -24.8997 -14.9233 -50.551
57.6582 39.3372 -51.7259 -25.007 -14.9805 -50.5317
57.5328 39.2621 -51.9785 -25.1145 -15.0376 -50.512
57.407 39.1868 -52.231 -25.2223 -15.0948 -50.4921
57.2806 39.1112 -52.4834 -25.3303 -15.152 -50.4718
57.1537 39.0353 -52.7358 -25.4385 -15.2092 -50.4513
57.0262 38.9591 -52.988 -25.547 -15.2664 -50.4304
56.8982 38.8826 -53.2401 -25.6557 -15.3235 -50.4091
56.7697 38.8059 -53.4921 -25.7646 -15.3807 -50.3876
56.6406 38.7288 -53.7439 -25.8738 -15.4379 -50.3657
56.5109 38.6515 -53.9957 -25.9832 -15.495 -50.3435
56.3807 38.5739 -54.2474 -26.0928 -15.5522 -50.3209
56.25 38.496 -54.4989 -26.2027 -15.6093 -50.298
56.1187 38.4178 -54.7503 -26.3128 -15.6664 -50.2748
55.9869 38.3393 -55.0017 -26.4231 -15.7235 -50.2512
55.8545 38.2605 -55.2529 -26.5337 -15.7806 -50.2273
55.7215 38.1815 -55.5039 -26.6446 -15.8376 -50.203
55.588 38.1022 -55.7549 -26.7556 -15.8947 -50.1783
55.454 38.0225 -56.0057 -26.867 -15.9517 -50.1533
55.3194 37.9426 -56.2564 -26.9785 -16.0087 -50.1279
55.1842 37.8625 -56.507 -27.0903 -16.0656 -50.1022
55.0485 37.782 -56.7574 -27.2024 -16.1225 -50.076
54.9122 37.7012 -57.0078 -27.3147 -16.1794 -50.0495
54.7753 37.6202 -57.2579 -27.4273 -16.2363 -50.0226
54.6379 37.5389 -57.508 -27.5401 -16.2931 -49.9953
54.4999 37.4573 -57.7579 -27.6531 -16.3499 -49.9677
54.3614 37.3754 -58.0077 -27.7664 -16.4066 -49.9396
54.2222 37.2932 -58.2573 -27.88 -16.4633 -49.9111
54.0826 37.2107 -58.5068 -27.9938 -16.52 -49.8823
53.9423 37.128 -58.7561 -28.1079 -16.5766 -49.853
53.8015 37.045 -59.0053 -28.2222 -16.6331 -49.8233
53.6601 36.9617 -59.2543 -28.3368 -16.6896 -49.7932
53.5181 36.8781 -59.5032 -28.4516 -16.746 -49.7626
53.3756 36.7942 -59.752 -28.5667 -16.8024 -49.7317
53.2324 36.7101 -60.0005 -28.682 -16.8587 -49.7003
53.0887 36.6256 -60.249 -28.7976 -16.9149 -49.6684
52.9445 36.5409 -60.4972 -28.9135 -16.9711 -49.6362
52.7996 36.4559 -60.7453 -29.0296 -17.0272 -49.6034
52.6542 36.3706 -60.9932 -29.146 -17.0832 -49.5702
52.5081 36.2851 -61.241 -29.2627 -17.1392 -49.5366
52.3615 36.1992 -61.4886 -29.3796 -17.195 -49.5025
52.2143 36.1131 -61.736 -29.4968 -17.2508 -49.4679
52.0666 36.0267 -61.9833 -29.6143 -17.3065 -49.4329
51.9182 35.9401 -62.2304 -29.732 -17.3621 -49.3973
51.7692 35.8531 -62.4773 -29.85 -17.4176 -49.3613
51.6197 35.7659 -62.724 -29.9683 -17.473 -49.3248
51.4695 35.6784 -62.9705 -30.0868 -17.5283 -49.2878
51.3188 35.5906 -63.2169 -30.2056 -17.5835 -49.2502
51.1675 35.5026 -63.463 -30.3247 -17.6386 -49.2122
51.0156 35.4142 -63.709 -30.444 -17.6935 -49.1736
50.863 35.3256 -63.9547 -30.5637 -17.7484 -49.1346
50.7099 35.2367 -64.2003 -30.6836 -17.8031 -49.0949
50.5562 35.1476 -64.4457 -30.8038 -17.8577 -49.0548
50.4019 35.0582 -64.6909 -30.9242 -17.9121 -49.0141
50.247 34.9685 -64.9358 -31.045 -17.9665 -48.9729
50.0914 34.8785 -65.1806 -31.166 -18.0207 -48.931
49.9353 34.7883 -65.4251 -31.2873 -18.0747 -48.8887
49.7786 34.6978 -65.6695 -31.4089 -18.1286 -48.8457
49.6212 34.607 -65.9136 -31.5308 -18.1823 -48.8022
49.4632 34.5159 -66.1575 -31.653 -18.2359 -48.7581
49.3047 34.4246 -66.4012 -31.7754 -18.2893 -48.7134
49.1455 34.333 -66.6446 -31.8981 -18.3425 -48.668
48.9857 34.2412 -66.8878 -32.0212 -18.3956 -48.6221
48.8253 34.1491 -67.1308 -32.1445 -18.4485 -48.5756
48.6642 34.0567 -67.3736 -32.2681 -18.5012 -48.5284
48.5026 33.9641 -67.6161 -32.392 -18.5537 -48.4806
48.3403 33.8712 -67.8584 -32.5162 -18.606 -48.4321
48.1774 33.778 -68.1004 -32.6407 -18.658 -48.383
48.0139 33.6846 -68.3422 -32.7654 -18.7099 -48.3332
47.8498 33.5909 -68.5838 -32.8905 -18.7616 -48.2827
47.685 33.497 -68.8251 -33.0159 -18.813 -48.2316
47.5196 33.4028 -69.0661 -33.1415 -18.8642 -48.1797
47.3536 33.3084 -69.3068 -33.2675 -18.9152 -48.1272
47.1869 33.2137 -69.5474 -33.3938 -18.9659 -48.0739
47.0196 33.1187 -69.7876 -33.5204 -19.0163 -48.02
46.8517 33.0235 -70.0275 -33.6472 -19.0665 -47.9653
46.6832 32.928 -70.2672 -33.7744 -19.1165 -47.9098
46.514 32.8323 -70.5066 -33.9019 -19.1661 -47.8536
46.3441 32.7364 -70.7458 -34.0297 -19.2155 -47.7967
46.1737 32.6402 -70.9846 -34.1577 -19.2645 -47.7389
46.0025 32.5437 -71.2232 -34.2861 -19.3133 -47.6804
45.8308 32.447 -71.4614 -34.4148 -19.3618 -47.6211
45.6584 32.3501 -71.6994 -34.5438 -19.4099 -47.5609
45.4854 32.2529 -71.937 -34.6732 -19.4577 -47.5
45.3117 32.1555 -72.1744 -34.8028 -19.5051 -47.4382
45.1373 32.0579 -72.4114 -34.9327 -19.5522 -47.3756
44.9623 31.96 -72.6481 -35.0629 -19.599 -47.3121
44.7867 31.8619 -72.8845 -35.1935 -19.6453 -47.2477
44.6104 31.7636 -73.1206 -35.3244 -19.6913 -47.1825
44.4334 31.665 -73.3563 -35.4555 -19.7369 -47.1163
44.2558 31.5662 -73.5917 -35.587 -19.782 -47.0493
44.0776 31.4672 -73.8268 -35.7188 -19.8268 -46.9813
43.8986 31.3679 -74.0615 -35.8509 -19.8711 -46.9123
43.719 31.2685 -74.2959 -35.9833 -19.915 -46.8425
43.5388 31.1688 -74.53 -36.1161 -19.9584 -46.7716
43.3579 31.0689 -74.7636 -36.2491 -20.0013 -46.6998
43.1763 30.9688 -74.997 -36.3824 -20.0437 -46.627
42.9941 30.8685 -75.2299 -36.5161 -20.0857 -46.5531
42.8111 30.7679 -75.4625 -36.6501 -20.1271 -46.4782
42.6275 30.6672 -75.6947 -36.7844 -20.168 -46.4023
42.4433 30.5663 -75.9265 -36.9189 -20.2083 -46.3253
42.2583 30.4651 -76.1579 -37.0538 -20.2481 -46.2472
42.0727 30.3638 -76.389 -37.189 -20.2873 -46.1681
41.8865 30.2623 -76.6196 -37.3245 -20.3258 -46.0878
41.6995 30.1605 -76.8498 -37.4603 -20.3638 -46.0064
41.5118 30.0586 -77.0797 -37.5964 -20.4011 -45.9238
41.3235 29.9565 -77.3091 -37.7328 -20.4377 -45.84
41.1345 29.8542 -77.5381 -37.8695 -20.4737 -45.7551
40.9448 29.7518 -77.7666 -38.0065 -20.5089 -45.6689
40.7544 29.6492 -77.9948 -38.1438 -20.5434 -45.5815
40.5634 29.5464 -78.2224 -38.2814 -20.5772 -45.4928
40.3716 29.4434 -78.4497 -38.4192 -20.6102 -45.4029
40.1792 29.3403 -78.6765 -38.5574 -20.6424 -45.3117
39.986 29.237 -78.9028 -38.6958 -20.6738 -45.2191
39.7922 29.1335 -79.1286 -38.8345 -20.7043 -45.1252
39.5977 29.0299 -79.354 -38.9734 -20.7339 -45.03
39.4025 28.9262 -79.5789 -39.1126 -20.7627 -44.9333
39.2065 28.8223 -79.8034 -39.2521 -20.7905 -44.8353
39.0099 28.7183 -80.0273 -39.3919 -20.8173 -44.7358
38.8126 28.6142 -80.2507 -39.5318 -20.8431 -44.6348
38.6146 28.5099 -80.4736 -39.672 -20.8679 -44.5323
38.4159 28.4055 -80.696 -39.8125 -20.8916 -44.4283
38.2165 28.301 -80.9179 -39.9531 -20.9142 -44.3228
38.0164 28.1963 -81.1392 -40.094 -20.9357 -44.2157
37.8155 28.0916 -81.36 -40.2351 -20.9559 -44.107
37.614 27.9868 -81.5803 -40.3764 -20.975 -43.9966
37.4118 27.8819 -81.8 -40.5178 -20.9928 -43.8846
37.2088 27.7769 -82.0191 -40.6594 -21.0093 -43.7709
37.0052 27.6718 -82.2377 -40.8012 -21.0244 -43.6554
36.8008 27.5666 -82.4557 -40.9431 -21.0382 -43.5382
36.5957 27.4614 -82.6731 -41.0852 -21.0504 -43.4192
36.3899 27.3561 -82.8899 -41.2273 -21.0612 -43.2984
36.1834 27.2508 -83.106 -41.3696 -21.0705 -43.1757
35.9762 27.1455 -83.3216 -41.5119 -21.0781 -43.0511
35.7683 27.0401 -83.5365 -41.6543 -21.084 -42.9245
35.5597 26.9346 -83.7508 -41.7968 -21.0883 -42.796
35.3503 26.8292 -83.9645 -41.9392 -21.0907 -42.6655
35.1403 26.7237 -84.1775 -42.0817 -21.0913 -42.5329
34.9295 26.6183 -84.3898 -42.2241 -21.0899 -42.3983
34.718 26.5128 -84.6015 -42.3665 -21.0866 -42.2615
34.5058 26.4074 -84.8124 -42.5087 -21.0812 -42.1225
34.2929 26.302 -85.0227 -42.6509 -21.0737 -41.9813
34.0793 26.1967 -85.2322 -42.7929 -21.0639 -41.8378
33.865 26.0914 -85.441 -42.9347 -21.0518 -41.6921
33.6499 25.9862 -85.6491 -43.0762 -21.0374 -41.5439
33.4342 25.8811 -85.8565 -43.2175 -21.0204 -41.3934
33.2178 25.776 -86.063 -43.3585 -21.0009 -41.2404
33.0006 25.6711 -86.2689 -43.4992 -20.9787 -41.0849
32.7828 25.5662 -86.4739 -43.6394 -20.9537 -40.9269
32.5642 25.4616 -86.6781 -43.7792 -20.9258 -40.7663
32.345 25.357 -86.8815 -43.9184 -20.8949 -40.603
32.125 25.2526 -87.0841 -44.0571 -20.8608 -40.437
31.9044 25.1484 -87.2859 -44.1951 -20.8235 -40.2682
31.683 25.0444 -87.4868 -44.3324 -20.7829 -40.0967
31.461 24.9406 -87.6868 -44.4689 -20.7387 -39.9223
31.2383 24.8371 -87.886 -44.6046 -20.6909 -39.7449
31.015 24.7337 -88.0843 -44.7392 -20.6392 -39.5646
30.7909 24.6307 -88.2816 -44.8729 -20.5836 -39.3812
30.5662 24.5279 -88.478 -45.0054 -20.5239 -39.1948
30.3409 24.4255 -88.6735 -45.1366 -20.4598 -39.0052
30.1149 24.3234 -88.8681 -45.2664 -20.3913 -38.8125
29.8882 24.2216 -89.0616 -45.3948 -20.3182 -38.6164
29.6609 24.1202 -89.2542 -45.5216 -20.2402 -38.4171
29.433 24.0192 -89.4458 -45.6465 -20.1571 -38.2144
29.2044 23.9187 -89.6363 -45.7696 -20.0687 -38.0083
28.9753 23.8186 -89.8259 -45.8906 -19.9749 -37.7987
28.7455 23.719 -90.0143 -46.0093 -19.8753 -37.5856
28.5152 23.6199 -90.2017 -46.1256 -19.7698 -37.369
28.2842 23.5213 -90.388 -46.2392 -19.658 -37.1488
28.0528 23.4233 -90.5731 -46.35 -19.5397 -36.9249
27.8207 23.326 -90.7572 -46.4577 -19.4147 -36.6974
27.5882 23.2292 -90.9401 -46.5621 -19.2826 -36.4662
27.3551 23.1332 -91.1218 -46.6628 -19.1431 -36.2313
27.1215 23.0379 -91.3024 -46.7597 -18.9959 -35.9926
26.8875 22.9433 -91.4817 -46.8524 -18.8407 -35.7502
26.653 22.8495 -91.6598 -46.9405 -18.6771 -35.5042
26.4181 22.7566 -91.8367 -47.0237 -18.5047 -35.2543
26.1828 22.6645 -92.0124 -47.1016 -18.3233 -35.0009
25.9471 22.5734 -92.1867 -47.1739 -18.1324 -34.7438
25.711 22.4833 -92.3598 -47.24 -17.9316 -34.4831
25.4747 22.3942 -92.5315 -47.2995 -17.7205 -34.219
25.238 22.3062 -92.7019 -47.3518 -17.4986 -33.9515
25.0011 22.2193 -92.871 -47.3965 -17.2656 -33.6808
24.7641 22.1336 -93.0387 -47.4329 -17.021 -33.4071
24.5268 22.0492 -93.205 -47.4604 -16.7642 -33.1304
24.2895 21.9661 -93.37 -47.4783 -16.4949 -32.8512
24.052 21.8843 -93.5335 -47.4859 -16.2125 -32.5696
23.8146 21.804 -93.6956 -47.4824 -15.9166 -32.2859
23.5772 21.7253 -93.8563 -47.467 -15.6067 -32.0007
23.34 21.6481 -94.0156 -47.4387 -15.2824 -31.7142
23.1029 21.5726 -94.1734 -47.3967 -14.943 -31.4271
22.866 21.4988 -94.3298 -47.34 -14.5883 -31.1398
22.6295 21.4268 -94.4848 -47.2674 -14.2178 -30.853
22.3934 21.3568 -94.6383 -47.1779 -13.831 -30.5676
22.1578 21.2887 -94.7905 -47.0703 -13.4277 -30.2842
21.9227 21.2226 -94.9412 -46.9434 -13.0075 -30.004
21.6884 21.1587 -95.0905 -46.7958 -12.5701 -29.7279
21.4548 21.0971 -95.2384 -46.6262 -12.1155 -29.4571
21.2222 21.0378 -95.3851 -46.4333 -11.6435 -29.193
20.9906 20.9808 -95.5304 -46.2157 -11.1542 -28.937
20.7601 20.9264 -95.6744 -45.9718 -10.6478 -28.6907
20.5309 20.8746 -95.8173 -45.7004 -10.1246 -28.4559
20.3032 20.8254 -95.959 -45.3998 -9.58514 -28.2345
20.0771 20.7789 -96.0997 -45.0689 -9.03016 -28.0285
19.8526 20.7353 -96.2394 -44.7062 -8.46059 -27.8402
19.6301 20.6945 -96.3782 -44.3106 -7.87765 -27.6719
19.4097 20.6567 -96.5162 -43.8809 -7.28281 -27.5261
19.1914 20.6219 -96.6535 -43.4163 -6.67785 -27.4054
18.9756 20.5901 -96.7903 -42.916 -6.06488 -27.3124
18.7624 20.5614 -96.9268 -42.3796 -5.44631 -27.25
18.552 20.5358 -97.063 -41.807 -4.82491 -27.2207
18.3445 20.5133 -97.1991 -41.1984 -4.20376 -27.2272
18.1402 20.4939 -97.3354 -40.5545 -3.58628 -27.2722
17.9391 20.4776 -97.4721 -39.8764 -2.97613 -27.3579
17.7415 20.4643 -97.6092 -39.1656 -2.37728 -27.4865
17.5476 20.4539 -97.7472 -38.4241 -1.79384 -27.6599
17.3574 20.4464 -97.8861 -37.6546 -1.23007 -27.8794
17.1712 20.4417 -98.0262 -36.86 -0.690298 -28.1461
16.9889 20.4396 -98.1678 -36.044 -0.178772 -28.4604
16.8108 20.4399 -98.3111 -35.2104 0.300375 -28.8222
16.6369 20.4426 -98.4563 -34.3636 0.743252 -29.2308
16.4672 20.4473 -98.6037 -33.5083 1.1463 -29.6851
16.3018 20.454 -98.7534 -32.6491 1.50638 -30.183
16.1407 20.4623 -98.9058 -31.7911 1.82084 -30.7221
15.9839 20.4721 -99.0609 -30.9391 2.08762 -31.2996
15.8313 20.4831 -99.219 -30.098 2.30524 -31.912
15.6828 20.4951 -99.3802 -29.2723 2.47283 -32.5554
15.5384 20.5077 -99.5447 -28.4662 2.59016 -33.226
15.398 20.5209 -99.7127 -27.6837 2.65761 -33.9193
15.2614 20.5342 -99.8841 -26.9282 2.67608 -34.6312
15.1285 20.5475 -100.059 -26.2026 2.64703 -35.3574
14.9992 20.5606 -100.238 -25.5095 2.57231 -36.0935
14.8732 20.5731 -100.42 -24.8508 2.45416 -36.8356
14.7505 20.585 -100.606 -24.2279 2.29512 -37.5798
14.6307 20.596 -100.796 -23.6417 2.09793 -38.3227
14.5138 20.6059 -100.989 -23.0929 1.86546 -39.0609
14.3996 20.6146 -101.187 -22.5815 1.60067 -39.7916
14.2878 20.6219 -101.387 -22.1073 1.30653 -40.5122
14.1783 20.6276 -101.592 -21.6698 0.985992 -41.2206
14.0709 20.6317 -101.799 -21.2681 0.641898 -41.9148
13.9654 20.634 -102.011 -20.9013 0.277 -42.5933
13.8617 20.6345 -102.225 -20.5681 -0.106091 -43.2547
13.7595 20.633 -102.443 -20.2673 -0.50492 -43.8982
13.6588 20.6294 -102.664 -19.9974 -0.917197 -44.523
13.5594 20.6238 -102.888 -19.757 -1.3408 -45.1285
13.4611 20.6161 -103.115 -19.5446 -1.7738 -45.7144
13.3638 20.6061 -103.345 -19.3587 -2.21441 -46.2805
13.2673 20.594 -103.578 -19.1978 -2.66103 -46.8268
13.1716 20.5796 -103.814 -19.0604 -3.11221 -47.3535
13.0766 20.5629 -104.052 -18.9451 -3.56665 -47.8606
12.9821 20.5439 -104.292 -18.8506 -4.02321 -48.3486
12.888 20.5227 -104.535 -18.7755 -4.48085 -48.8178
12.7942 20.4992 -104.78 -18.7185 -4.93868 -49.2686
12.7007 20.4734 -105.028 -18.6784 -5.3959 -49.7015
12.6073 20.4453 -105.277 -18.6542 -5.85181 -50.1169
12.5141 20.415 -105.529 -18.6446 -6.30583 -50.5155
12.4208 20.3823 -105.782 -18.6486 -6.75744 -50.8976
12.3275 20.3474 -106.038 -18.6654 -7.20618 -51.2639
12.2341 20.3103 -106.295 -18.6941 -7.65169 -51.6149
12.1405 20.271 -106.554 -18.7337 -8.09365 -51.9511
12.0467 20.2295 -106.814 -18.7834 -8.53179 -52.2731
11.9526 20.1858 -107.076 -18.8427 -8.9659 -52.5815
11.8582 20.1399 -107.34 -18.9107 -9.3958 -52.8766
11.7635 20.0919 -107.605 -18.9868 -9.82135 -53.1591
11.6683 20.0417 -107.871 -19.0705 -10.2424 -53.4295
11.5727 19.9895 -108.139 -19.1612 -10.659 -53.6881
11.4767 19.9352 -108.408 -19.2583 -11.0709 -53.9355
11.3801 19.8789 -108.679 -19.3615 -11.4783 -54.1721
11.283 19.8205 -108.95 -19.4702 -11.881 -54.3983
11.1854 19.7601 -109.222 -19.584 -12.279 -54.6146
11.0871 19.6978 -109.496 -19.7026 -12.6725 -54.8213
10.9883 19.6335 -109.771 -19.8256 -13.0613 -55.0188
10.8889 19.5672 -110.046 -19.9527 -13.4456 -55.2076
10.7888 19.4991 -110.323 -20.0836 -13.8253 -55.3878
10.688 19.429 -110.6 -20.218 -14.2006 -55.5599
10.5866 19.3571 -110.878 -20.3555 -14.5715 -55.7242
10.4845 19.2834 -111.157 -20.4961 -14.938 -55.881
10.3816 19.2078 -111.437 -20.6394 -15.3003 -56.0305
10.278 19.1304 -111.718 -20.7853 -15.6584 -56.1731
10.1737 19.0512 -111.999 -20.9335 -16.0123 -56.309
10.0687 18.9703 -112.281 -21.0839 -16.3622 -56.4385
9.9629 18.8877 -112.563 -21.2362 -16.7081 -56.5617
9.85634 18.8033 -112.846 -21.3905 -17.0502 -56.679
9.74899 18.7172 -113.13 -21.5464 -17.3884 -56.7906
9.64087 18.6295 -113.414 -21.7038 -17.7228 -56.8966
9.53195 18.54 -113.699 -21.8628 -18.0536 -56.9973
9.42224 18.449 -113.984 -22.023 -18.3808 -57.0928
9.31172 18.3563 -114.27 -22.1844 -18.7046 -57.1833
9.20039 18.262 -114.556 -22.347 -19.0248 -57.2691
9.08825 18.1661 -114.842 -22.5106 -19.3418 -57.3502
8.97529 18.0686 -115.129 -22.6751 -19.6554 -57.4268
8.8615 17.9695 -115.417 -22.8404 -19.9659 -57.4992
8.74688 17.869 -115.704 -23.0065 -20.2732 -57.5673
8.63144 17.7668 -115.992 -23.1733 -20.5775 -57.6314
8.51515 17.6632 -116.281 -23.3407 -20.8788 -57.6916
8.39803 17.5581 -116.569 -23.5088 -21.1772 -57.748
8.28007 17.4515 -116.858 -23.6773 -21.4727 -57.8007
8.16126 17.3434 -117.147 -23.8463 -21.7654 -57.8498
8.04161 17.2338 -117.437 -24.0157 -22.0554 -57.8956
7.92111 17.1229 -117.726 -24.1854 -22.3428 -57.9379
7.79976 17.0105 -118.016 -24.3555 -22.6275 -57.9771
7.67755 16.8966 -118.306 -24.5259 -22.9097 -58.013
7.5545 16.7814 -118.596 -24.6965 -23.1895 -58.046
7.43059 16.6648 -118.886 -24.8673 -23.4668 -58.0759
7.30583 16.5467 -119.177 -25.0383 -23.7418 -58.103
7.18021 16.4274 -119.467 -25.2094 -24.0144 -58.1272
7.05374 16.3066 -119.758 -25.3807 -24.2848 -58.1488
6.92641 16.1845 -120.049 -25.552 -24.553 -58.1676
6.79822 16.0611 -120.34 -25.7235 -24.819 -58.1839
6.66918 15.9364 -120.631 -25.8949 -25.0829 -58.1977
6.53928 15.8103 -120.922 -26.0664 -25.3447 -58.209
6.40852 15.683 -121.213 -26.2379 -25.6046 -58.2179
6.2769 15.5543 -121.504 -26.4094 -25.8624 -58.2245
6.14443 15.4243 -121.795 -26.5808 -26.1184 -58.2288
6.0111 15.2931 -122.086 -26.7522 -26.3724 -58.2309
5.87691 15.1606 -122.377 -26.9236 -26.6246 -58.2308
5.74187 15.0269 -122.668 -27.0948 -26.875 -58.2286
5.60597 14.8919 -122.96 -27.266 -27.1237 -58.2244
5.46922 14.7557 -123.251 -27.437 -27.3706 -58.2181
5.33161 14.6182 -123.542 -27.608 -27.6158 -58.2098
5.19314 14.4795 -123.833 -27.7788 -27.8594 -58.1996
5.05382 14.3397 -124.124 -27.9495 -28.1014 -58.1875
4.91365 14.1986 -124.415 -28.1201 -28.3418 -58.1736
4.77263 14.0563 -124.705 -28.2905 -28.5806 -58.1578
4.63075 13.9128 -124.996 -28.4607 -28.8179 -58.1402
4.48802 13.7681 -125.287 -28.6308 -29.0537 -58.1209
4.34445 13.6222 -125.577 -28.8007 -29.2881 -58.0999
4.20002 13.4752 -125.868 -28.9704 -29.5211 -58.0772
4.05475 13.327 -126.158 -29.1399 -29.7526 -58.0529
3.90863 13.1777 -126.448 -29.3093 -29.9828 -58.027
3.76166 13.0272 -126.738 -29.4784 -30.2117 -57.9994
3.61385 12.8756 -127.028 -29.6474 -30.4392 -57.9703
3.46519 12.7229 -127.318 -29.8161 -30.6654 -57.9397
3.31569 12.569 -127.608 -29.9847 -30.8904 -57.9076
3.16535 12.414 -127.897 -30.153 -31.1142 -57.8739
3.01417 12.2578 -128.186 -30.3211 -31.3367 -57.8389
2.86214 12.1006 -128.476 -30.489 -31.5581 -57.8023
2.70928 11.9423 -128.764 -30.6567 -31.7782 -57.7644
2.55558 11.7828 -129.053 -30.8242 -31.9973 -57.7251
2.40105 11.6223 -129.342 -30.9914 -32.2152 -57.6844
2.24567 11.4607 -129.63 -31.1584 -32.432 -57.6424
2.08947 11.298 -129.918 -31.3252 -32.6477 -57.599
1.93243 11.1342 -130.206 -31.4917 -32.8624 -57.5543
1.77455 10.9694 -130.494 -31.658 -33.076 -57.5084
1.61585 10.8035 -130.781 -31.8241 -33.2886 -57.4611
1.45632 10.6365 -131.068 -31.99 -33.5001 -57.4126
1.29596 10.4685 -131.355 -32.1556 -33.7107 -57.3629
1.13477 10.2994 -131.642 -32.321 -33.9204 -57.3119
0.97275 10.1293 -131.928 -32.4861 -34.129 -57.2597
0.809909 9.95816 -132.215 -32.651 -34.3368 -57.2064
0.646244 9.78596 -132.5 -32.8157 -34.5436 -57.1518
0.481757 9.61273 -132.786 -32.9801 -34.7495 -57.0961
0.316448 9.43847 -133.071 -33.1443 -34.9545 -57.0392
0.150318 9.26319 -133.356 -33.3082 -35.1587 -56.9812
-0.0166304 9.0869 -133.641 -33.4719 -35.362 -56.922
-0.184397 8.90959 -133.926 -33.6354 -35.5644 -56.8617
-0.35298 8.73126 -134.21 -33.7986 -35.766 -56.8003
-0.522379 8.55193 -134.494 -33.9616 -35.9668 -56.7378
-0.692592 8.3716 -134.777 -34.1244 -36.1668 -56.6743
-0.863618 8.19028 -135.06 -34.2869 -36.366 -56.6096
-1.03546 8.00795 -135.343 -34.4491 -36.5644 -56.5439
-1.20811 7.82464 -135.626 -34.6111 -36.7621 -56.4771
-1.38156 7.64034 -135.908 -34.7729 -36.9589 -56.4093
-1.55583 7.45506 -136.19 -34.9345 -37.1551 -56.3405
-1.7309 7.2688 -136.471 -35.0958 -37.3505 -56.2706
-1.90678 7.08156 -136.753 -35.2568 -37.5452 -56.1997
-2.08347 6.89336 -137.033 -35.4176 -37.7392 -56.1278
-2.26096 6.70418 -137.314 -35.5782 -37.9324 -56.0549
-2.43925 6.51404 -137.594 -35.7385 -38.125 -55.981
-2.61834 6.32294 -137.874 -35.8986 -38.3169 -55.906
-2.79823 6.13088 -138.153 -36.0585 -38.5082 -55.8302
-2.97892 5.93786 -138.432 -36.2181 -38.6988 -55.7533
-3.16041 5.7439 -138.711 -36.3775 -38.8887 -55.6755
-3.34269 5.54898 -138.989 -36.5366 -39.078 -55.5967
-3.52577 5.35313 -139.267 -36.6955 -39.2666 -55.5169
-3.70964 5.15633 -139.544 -36.8541 -39.4546 -55.4362
-3.89431 4.95859 -139.821 -37.0126 -39.642 -55.3546
-4.07976 4.75991 -140.097 -37.1707 -39.8288 -55.272
-4.26601 4.56031 -140.374 -37.3287 -40.015 -55.1885
-4.45304 4.35977 -140.649 -37.4864 -40.2006 -55.104
-4.64087 4.15831 -140.925 -37.6438 -40.3856 -55.0187
-4.82948 3.95592 -141.2 -37.8011 -40.57 -54.9324
-5.01888 3.75261 -141.474 -37.9581 -40.7539 -54.8452
-5.20906 3.54839 -141.748 -38.1148 -40.9372 -54.7571
-5.40002 3.34325 -142.022 -38.2713 -41.1199 -54.6681
-5.59177 3.1372 -142.295 -38.4276 -41.3021 -54.5782
-5.78429 2.93023 -142.567 -38.5836 -41.4838 -54.4874
-5.9776 2.72236 -142.84 -38.7394 -41.6649 -54.3957
-6.17168 2.51359 -143.111 -38.895 -41.8454 -54.3031
-6.36655 2.30392 -143.383 -39.0503 -42.0255 -54.2096
-6.56218 2.09334 -143.653 -39.2054 -42.205 -54.1153
-6.7586 1.88187 -143.924 -39.3602 -42.384 -54.02
-6.95578 1.66951 -144.194 -39.5149 -42.5625 -53.9239
-7.15374 1.45625 -144.463 -39.6692 -42.7405 -53.8269
-7.35247 1.24211 -144.732 -39.8234 -42.918 -53.7291
-7.55197 1.02708 -145 -39.9773 -43.095 -53.6304
-7.75224 0.811164 -145.268 -40.1309 -43.2715 -53.5308
-7.95328 0.594369 -145.536 -40.2844 -43.4475 -53.4304
-8.15508 0.376694 -145.802 -40.4376 -43.6231 -53.3291
-8.35765 0.158144 -146.069 -40.5905 -43.7981 -53.227
-8.56098 -0.0612816 -146.335 -40.7432 -43.9727 -53.124
-8.76508 -0.281579 -146.6 -40.8957 -44.1469 -53.0201
-8.96994 -0.502745 -146.865 -41.0479 -44.3205 -52.9155
-9.17556 -0.724779 -147.129 -41.1999 -44.4938 -52.8099
-9.38193 -0.947678 -147.393 -41.3517 -44.6665 -52.7036
-9.58907 -1.17144 -147.656 -41.5032 -44.8388 -52.5964
-9.79696 -1.39606 -147.919 -41.6545 -45.0107 -52.4883
-10.0056 -1.62154 -148.181 -41.8055 -45.1821 -52.3794
-10.215 -1.84788 -148.443 -41.9563 -45.3531 -52.2697
-10.4252 -2.07507 -148.704 -42.1069 -45.5236 -52.1591
-10.6361 -2.30311 -148.964 -42.2572 -45.6937 -52.0478
-10.8477 -2.532 -149.224 -42.4073 -45.8634 -51.9356
-11.0602 -2.76174 -149.484 -42.5571 -46.0327 -51.8225
-11.2733 -2.99232 -149.743 -42.7067 -46.2015 -51.7087
-11.4872 -3.22375 -150.001 -42.856 -46.3699 -51.594
-11.7019 -3.45602 -150.259 -43.0051 -46.5379 -51.4785
-11.9173 -3.68912 -150.516 -43.154 -46.7055 -51.3621
-12.1334 -3.92307 -150.772 -43.3026 -46.8727 -51.245
-12.3503 -4.15785 -151.028 -43.451 -47.0394 -51.127
-12.5679 -4.39346 -151.283 -43.5991 -47.2058 -51.0082
-12.7863 -4.6299 -151.538 -43.747 -47.3717 -50.8886
-13.0054 -4.86717 -151.792 -43.8946 -47.5372 -50.7682
-13.2252 -5.10527 -152.046 -44.042 -47.7024 -50.6469
-13.4458 -5.34419 -152.299 -44.1891 -47.8671 -50.5249
-13.6671 -5.58394 -152.551 -44.336 -48.0315 -50.402
-13.8892 -5.8245 -152.803 -44.4826 -48.1954 -50.2783
-14.1119 -6.06589 -153.054 -44.629 -48.359 -50.1539
-14.3354 -6.30809 -153.304 -44.7751 -48.5221 -50.0286
-14.5597 -6.5511 -153.554 -44.921 -48.6849 -49.9025
-14.7846 -6.79493 -153.803 -45.0666 -48.8473 -49.7755
-15.0103 -7.03957 -154.052 -45.212 -49.0093 -49.6478
-15.2368 -7.28502 -154.3 -45.3571 -49.1709 -49.5193
-15.4639 -7.53128 -154.547 -45.5019 -49.3321 -49.39
-15.6918 -7.77834 -154.794 -45.6465 -49.4929 -49.2598
-15.9204 -8.0262 -155.04 -45.7908 -49.6534 -49.1289
-16.1497 -8.27487 -155.285 -45.9349 -49.8135 -48.9971
-16.3797 -8.52434 -155.53 -46.0787 -49.9732 -48.8646
-16.6105 -8.7746 -155.774 -46.2223 -50.1325 -48.7312
-16.8419 -9.02566 -156.017 -46.3655 -50.2914 -48.5971
-17.0741 -9.27751 -156.26 -46.5086 -50.45 -48.4621
-17.307 -9.53015 -156.502 -46.6513 -50.6082 -48.3263
-17.5406 -9.78359 -156.743 -46.7938 -50.766 -48.1898
-17.775 -10.0378 -156.984 -46.936 -50.9235 -48.0524
-18.01 -10.2928 -157.223 -47.078 -51.0805 -47.9142
-18.2457 -10.5486 -157.463 -47.2197 -51.2372 -47.7753
-18.4822 -10.8052 -157.701 -47.3611 -51.3935 -47.6355
-18.7193 -11.0625 -157.939 -47.5022 -51.5495 -47.495
-18.9572 -11.3207 -158.176 -47.6431 -51.705 -47.3536
-19.1958 -11.5796 -158.413 -47.7836 -51.8603 -47.2114
-19.435 -11.8393 -158.648 -47.924 -52.0151 -47.0685
-19.675 -12.0997 -158.883 -48.064 -52.1695 -46.9247
-19.9157 -12.361 -159.117 -48.2037 -52.3236 -46.7802
-20.157 -12.623 -159.351 -48.3432 -52.4773 -46.6348
-20.3991 -12.8857 -159.584 -48.4824 -52.6307 -46.4887
-20.6419 -13.1493 -159.816 -48.6213 -52.7837 -46.3417
-20.8853 -13.4136 -160.047 -48.7599 -52.9363 -46.194
-21.1295 -13.6786 -160.278 -48.8982 -53.0885 -46.0454
-21.3743 -13.9445 -160.508 -49.0363 -53.2403 -45.8961
-21.6198 -14.211 -160.737 -49.174 -53.3918 -45.746
-21.866 -14.4784 -160.965 -49.3115 -53.5429 -45.5951
-22.1129 -14.7465 -161.193 -49.4487 -53.6937 -45.4433
-22.3605 -15.0153 -161.42 -49.5855 -53.844 -45.2908
-22.6088 -15.2849 -161.646 -49.7221 -53.994 -45.1375
-22.8577 -15.5552 -161.871 -49.8584 -54.1436 -44.9834
-23.1074 -15.8263 -162.096 -49.9944 -54.2929 -44.8285
-23.3577 -16.0982 -162.319 -50.1301 -54.4418 -44.6728
-23.6087 -16.3708 -162.542 -50.2654 -54.5902 -44.5163
-23.8603 -16.6441 -162.764 -50.4005 -54.7384 -44.359
-24.1127 -16.9181 -162.986 -50.5353 -54.8861 -44.201
-24.3657 -17.1929 -163.206 -50.6698 -55.0335 -44.0421
-24.6194 -17.4685 -163.426 -50.8039 -55.1804 -43.8824
-24.8737 -17.7447 -163.645 -50.9378 -55.327 -43.722
-25.1287 -18.0217 -163.863 -51.0713 -55.4732 -43.5607
-25.3844 -18.2995 -164.081 -51.2045 -55.6191 -43.3987
-25.6408 -18.5779 -164.297 -51.3374 -55.7645 -43.2358
-25.8978 -18.8571 -164.513 -51.47 -55.9096 -43.0722
-26.1555 -19.137 -164.728 -51.6022 -56.0543 -42.9078
-26.4138 -19.4176 -164.942 -51.7342 -56.1986 -42.7426
-26.6728 -19.699 -165.156 -51.8658 -56.3425 -42.5766
-26.9325 -19.9811 -165.368 -51.9971 -56.486 -42.4098
-27.1928 -20.2639 -165.58 -52.1281 -56.6291 -42.2422
-27.4538 -20.5474 -165.79 -52.2587 -56.7719 -42.0738
-27.7154 -20.8316 -166 -52.389 -56.9142 -41.9046
-27.9776 -21.1165 -166.21 -52.519 -57.0562 -41.7347
-28.2406 -21.4021 -166.418 -52.6486 -57.1978 -41.5639
-28.5041 -21.6885 -166.625 -52.7779 -57.3389 -41.3924
-28.7683 -21.9755 -166.832 -52.9069 -57.4797 -41.2201
-29.0332 -22.2633 -167.037 -53.0355 -57.6201 -41.0469
-29.2987 -22.5517 -167.242 -53.1638 -57.76 -40.873
-29.5648 -22.8409 -167.446 -53.2918 -57.8996 -40.6983
-29.8316 -23.1307 -167.649 -53.4194 -58.0388 -40.5228
-30.099 -23.4213 -167.851 -53.5466 -58.1775 -40.3466
-30.3671 -23.7125 -168.053 -53.6735 -58.3159 -40.1695
-30.6358 -24.0044 -168.253 -53.8001 -58.4538 -39.9917
-30.9051 -24.297 -168.453 -53.9263 -58.5913 -39.813
-31.175 -24.5903 -168.651 -54.0521 -58.7285 -39.6336
-31.4456 -24.8843 -168.849 -54.1776 -58.8652 -39.4534
-31.7168 -25.179 -169.046 -54.3027 -59.0015 -39.2724
-31.9886 -25.4743 -169.242 -54.4275 -59.1373 -39.0906
-32.2611 -25.7703 -169.437 -54.5519 -59.2728 -38.908
-32.5341 -26.067 -169.631 -54.6759 -59.4078 -38.7247
-32.8078 -26.3644 -169.824 -54.7996 -59.5424 -38.5406
-33.0821 -26.6625 -170.016 -54.9229 -59.6766 -38.3557
-33.3571 -26.9612 -170.207 -55.0458 -59.8104 -38.17
-33.6326 -27.2606 -170.398 -55.1683 -59.9437 -37.9835
-33.9087 -27.5606 -170.587 -55.2905 -60.0766 -37.7962
-34.1855 -27.8613 -170.776 -55.4123 -60.2091 -37.6082
-34.4629 -28.1627 -170.963 -55.5337 -60.3412 -37.4193
-34.7408 -28.4647 -171.15 -55.6548 -60.4728 -37.2297
-35.0194 -28.7674 -171.336 -55.7754 -60.6039 -37.0394
-35.2986 -29.0708 -171.52 -55.8957 -60.7346 -36.8482
-35.5784 -29.3748 -171.704 -56.0155 -60.8649 -36.6562
-35.8587 -29.6794 -171.887 -56.135 -60.9948 -36.4635
-36.1397 -29.9847 -172.069 -56.2541 -61.1242 -36.27
-36.4213 -30.2907 -172.25 -56.3728 -61.2531 -36.0758
-36.7034 -30.5973 -172.43 -56.4911 -61.3816 -35.8807
-36.9862 -30.9045 -172.608 -56.609 -61.5096 -35.6849
-37.2695 -31.2123 -172.786 -56.7265 -61.6372 -35.4883
-37.5534 -31.5209 -172.963 -56.8436 -61.7644 -35.291
-37.838 -31.83 -173.139 -56.9602 -61.891 -35.0928
-38.123 -32.1398 -173.314 -57.0765 -62.0172 -34.8939
-38.4087 -32.4502 -173.488 -57.1924 -62.143 -34.6942
-38.695 -32.7612 -173.661 -57.3078 -62.2683 -34.4938
-38.9818 -33.0728 -173.833 -57.4228 -62.3931 -34.2926
-39.2692 -33.3851 -174.004 -57.5374 -62.5174 -34.0906
-39.5572 -33.698 -174.174 -57.6516 -62.6413 -33.8879
-39.8457 -34.0115 -174.343 -57.7654 -62.7647 -33.6843
-40.1348 -34.3257 -174.511 -57.8787 -62.8876 -33.4801
-40.4245 -34.6404 -174.678 -57.9917 -63.01 -33.275
-40.7147 -34.9558 -174.844 -58.1041 -63.132 -33.0692
-41.0055 -35.2717 -175.008 -58.2162 -63.2534 -32.8627
-41.2969 -35.5883 -175.172 -58.3278 -63.3744 -32.6554
-41.5888 -35.9055 -175.335 -58.439 -63.4949 -32.4473
-41.8813 -36.2232 -175.497 -58.5497 -63.6149 -32.2384
-42.1743 -36.5416 -175.657 -58.66 -63.7344 -32.0289
-42.4679 -36.8606 -175.817 -58.7699 -63.8534 -31.8185
-42.762 -37.1801 -175.976 -58.8793 -63.9719 -31.6074
-43.0567 -37.5003 -176.133 -58.9882 -64.0899 -31.3956
-43.3519 -37.821 -176.29 -59.0967 -64.2074 -31.183
-43.6476 -38.1424 -176.445 -59.2048 -64.3244 -30.9696
-43.9439 -38.4643 -176.599 -59.3124 -64.4409 -30.7555
-44.2408 -38.7868 -176.752 -59.4195 -64.5568 -30.5407
-44.5381 -39.1099 -176.905 -59.5262 -64.6723 -30.3251
-44.836 -39.4335 -177.056 -59.6324 -64.7872 -30.1088
-45.1345 -39.7577 -177.206 -59.7382 -64.9017 -29.8917
-45.4334 -40.0825 -177.355 -59.8434 -65.0155 -29.6739
-45.7329 -40.4079 -177.502 -59.9482 -65.1289 -29.4554
-46.0329 -40.7338 -177.649 -60.0526 -65.2418 -29.2361
-46.3334 -41.0603 -177.795 -60.1564 -65.3541 -29.0161
-46.6345 -41.3873 -177.939 -60.2598 -65.4658 -28.7953
-46.936 -41.715 -178.083 -60.3627 -65.5771 -28.5739
-47.2381 -42.0431 -178.225 -60.4651 -65.6878 -28.3516
-47.5407 -42.3718 -178.366 -60.567 -65.798 -28.1287
-47.8437 -42.7011 -178.506 -60.6684 -65.9076 -27.9051
-48.1473 -43.0309 -178.645 -60.7694 -66.0166 -27.6807
-48.4514 -43.3613 -178.783 -60.8698 -66.1252 -27.4556
-48.756 -43.6922 -178.92 -60.9697 -66.2331 -27.2297
-49.0611 -44.0236 -179.056 -61.0692 -66.3406 -27.0032
-49.3667 -44.3556 -179.19 -61.1681 -66.4474 -26.7759
-49.6728 -44.6881 -179.323 -61.2666 -66.5537 -26.548
-49.9794 -45.0211 -179.455 -61.3645 -66.6595 -26.3193
-50.2865 -45.3547 -179.586 -61.4619 -66.7646 -26.0899
-50.594 -45.6887 -179.716 -61.5588 -66.8693 -25.8598
-50.902 -46.0233 -179.845 -61.6552 -66.9733 -25.629
-51.2106 -46.3585 -179.973 -61.7511 -67.0768 -25.3975
-51.5196 -46.6941 -180.099 -61.8464 -67.1796 -25.1652
-51.829 -47.0303 -180.224 -61.9413 -67.2819 -24.9323
-52.139 -47.3669 -180.348 -62.0356 -67.3837 -24.6987
-52.4494 -47.7041 -180.471 -62.1294 -67.4848 -24.4644
-52.7603 -48.0418 -180.593 -62.2226 -67.5854 -24.2294
-53.0716 -48.38 -180.714 -62.3153 -67.6853 -23.9938
-53.3834 -48.7186 -180.833 -62.4075 -67.7847 -23.7574
-53.6957 -49.0578 -180.951 -62.4991 -67.8835 -23.5204
-54.0084 -49.3975 -181.068 -62.5902 -67.9817 -23.2826
-54.3216 -49.7376 -181.184 -62.6808 -68.0792 -23.0442
-54.6352 -50.0783 -181.299 -62.7708 -68.1762 -22.8051
-54.9493 -50.4194 -181.412 -62.8602 -68.2726 -22.5654
-55.2638 -50.761 -181.524 -62.9491 -68.3684 -22.325
-55.5788 -51.1031 -181.635 -63.0375 -68.4635 -22.0839
-55.8942 -51.4456 -181.745 -63.1252 -68.558 -21.8421
-56.21 -51.7886 -181.854 -63.2125 -68.652 -21.5997
-56.5263 -52.1321 -181.961 -63.2991 -68.7453 -21.3566
-56.843 -52.4761 -182.067 -63.3852 -68.8379 -21.1129
-57.1602 -52.8205 -182.172 -63.4708 -68.93 -20.8685
-57.4777 -53.1654 -182.276 -63.5557 -69.0214 -20.6235
-57.7957 -53.5107 -182.378 -63.6401 -69.1122 -20.3778
-58.1141 -53.8565 -182.48 -63.7239 -69.2023 -20.1315
-58.433 -54.2027 -182.58 -63.8071 -69.2919 -19.8845
-58.7522 -54.5494 -182.679 -63.8898 -69.3807 -19.6369
-59.0718 -54.8966 -182.776 -63.9718 -69.469 -19.3887
-59.3919 -55.2441 -182.872 -64.0533 -69.5566 -19.1398
-59.7124 -55.5921 -182.968 -64.1342 -69.6435 -18.8903
-60.0333 -55.9405 -183.061 -64.2145 -69.7298 -18.6402
-60.3545 -56.2894 -183.154 -64.2942 -69.8154 -18.3895
-60.6762 -56.6387 -183.245 -64.3733 -69.9004 -18.1381
-60.9983 -56.9884 -183.335 -64.4518 -69.9847 -17.8861
-61.3207 -57.3385 -183.424 -64.5297 -70.0684 -17.6336
-61.6436 -57.6891 -183.512 -64.607 -70.1514 -17.3804
-61.9668 -58.0401 -183.598 -64.6837 -70.2337 -17.1266
-62.2904 -58.3914 -183.683 -64.7598 -70.3154 -16.8722
-62.6144 -58.7432 -183.767 -64.8353 -70.3964 -16.6172
-62.9387 -59.0954 -183.849 -64.9101 -70.4767 -16.3616
-63.2635 -59.448 -183.93 -64.9843 -70.5563 -16.1055
-63.5886 -59.801 -184.01 -65.058 -70.6353 -15.8487
-63.9141 -60.1543 -184.089 -65.1309 -70.7136 -15.5914
-64.2399 -60.5081 -184.166 -65.2033 -70.7912 -15.3335
-64.5661 -60.8622 -184.242 -65.275 -70.8681 -15.075
-64.8926 -61.2168 -184.317 -65.3461 -70.9443 -14.816
-65.2195 -61.5717 -184.39 -65.4166 -71.0198 -14.5563
-65.5468 -61.927 -184.462 -65.4865 -71.0946 -14.2962
-65.8744 -62.2826 -184.533 -65.5556 -71.1687 -14.0354
-66.2024 -62.6387 -184.603 -65.6242 -71.2422 -13.7741
-66.5307 -62.9951 -184.671 -65.6921 -71.3149 -13.5123
-66.8593 -63.3518 -184.738 -65.7594 -71.3869 -13.2499
-67.1882 -63.7089 -184.803 -65.826 -71.4582 -12.987
-67.5175 -64.0664 -184.868 -65.892 -71.5288 -12.7236
-67.8472 -64.4242 -184.931 -65.9573 -71.5986 -12.4596
-68.1771 -64.7824 -184.992 -66.022 -71.6678 -12.1951
-68.5074 -65.1409 -185.053 -66.086 -71.7362 -11.93
-68.838 -65.4997 -185.112 -66.1493 -71.804 -11.6645
-69.1689 -65.8589 -185.169 -66.212 -71.871 -11.3984
-69.5001 -66.2184 -185.226 -66.274 -71.9372 -11.1318
-69.8316 -66.5783 -185.281 -66.3354 -72.0028 -10.8647
-70.1634 -66.9385 -185.334 -66.396 -72.0676 -10.5972
-70.4956 -67.299 -185.387 -66.456 -72.1316 -10.3291
-70.828 -67.6598 -185.438 -66.5154 -72.195 -10.0605
-71.1607 -68.0209 -185.487 -66.574 -72.2576 -9.79146
-71.4937 -68.3824 -185.535 -66.632 -72.3194 -9.52192
-71.827 -68.7441 -185.582 -66.6893 -72.3805 -9.25191
-72.1606 -69.1062 -185.628 -66.7459 -72.4409 -8.98142
-72.4945 -69.4685 -185.672 -66.8018 -72.5005 -8.71047
-72.8287 -69.8312 -185.715 -66.8571 -72.5594 -8.43906
-73.1631 -70.1941 -185.757 -66.9116 -72.6175 -8.16718
-73.4978 -70.5573 -185.797 -66.9655 -72.6749 -7.89486
-73.8327 -70.9209 -185.836 -67.0187 -72.7315 -7.62209
-74.168 -71.2847 -185.873 -67.0711 -72.7873 -7.34888
-74.5034 -71.6487 -185.909 -67.1229 -72.8424 -7.07523
-74.8392 -72.0131 -185.944 -67.174 -72.8967 -6.80114
-75.1752 -72.3777 -185.977 -67.2243 -72.9503 -6.52664
-75.5114 -72.7426 -186.009 -67.274 -73.003 -6.25171
-75.8479 -73.1077 -186.04 -67.3229 -73.0551 -5.97636
-76.1847 -73.4731 -186.069 -67.3712 -73.1063 -5.7006
-76.5216 -73.8388 -186.097 -67.4187 -73.1568 -5.42444
-76.8588 -74.2047 -186.123 -67.4656 -73.2065 -5.14788
-77.1963 -74.5709 -186.148 -67.5117 -73.2554 -4.87092
-77.534 -74.9373 -186.172 -67.5571 -73.3035 -4.59357
-77.8719 -75.3039 -186.194 -67.6017 -73.3509 -4.31584
-78.21 -75.6708 -186.215 -67.6457 -73.3974 -4.03773
-78.5483 -76.0379 -186.234 -67.6889 -73.4432 -3.75924
-78.8869 -76.4052 -186.252 -67.7314 -73.4882 -3.48039
-79.2256 -76.7727 -186.269 -67.7732 -73.5324 -3.20118
-79.5646 -77.1405 -186.284 -67.8143 -73.5758 -2.92161
-79.9038 -77.5085 -186.298 -67.8546 -73.6184 -2.64169
-80.2431 -77.8767 -186.311 -67.8942 -73.6602 -2.36143
-80.5827 -78.2451 -186.322 -67.933 -73.7012 -2.08082
-80.9225 -78.6137 -186.332 -67.9712 -73.7415 -1.79988
-81.2624 -78.9825 -186.34 -68.0085 -73.7809 -1.51862
-81.6026 -79.3515 -186.347 -68.0452 -73.8195 -1.23703
-81.9429 -79.7207 -186.352 -68.0811 -73.8573 -0.955127
-82.2834 -80.0901 -186.356 -68.1163 -73.8943 -0.672914
-82.624 -80.4597 -186.359 -68.1507 -73.9305 -0.390396
-82.9649 -80.8294 -186.36 -68.1844 -73.9659 -0.107579
-83.3059 -81.1993 -186.36 -68.2173 -74.0005 0.175529
-83.647 -81.5694 -186.359 -68.2495 -74.0343 0.458925
-83.9884 -81.9397 -186.356 -68.281 -74.0672 0.7426
-84.3299 -82.3101 -186.351 -68.3116 -74.0993 1.02655
-84.6715 -82.6806 -186.345 -68.3416 -74.1307 1.31077
-85.0133 -83.0514 -186.338 -68.3708 -74.1612 1.59525
-85.3552 -83.4223 -186.329 -68.3992 -74.1909 1.87999
-85.6973 -83.7933 -186.319 -68.4269 -74.2197 2.16497
-86.0395 -84.1645 -186.308 -68.4538 -74.2478 2.4502
-86.3818 -84.5358 -186.295 -68.48 -74.275 2.73567
-86.7243 -84.9072 -186.28 -68.5054 -74.3014 3.02137
-87.0668 -85.2788 -186.265 -68.53 -74.3269 3.3073
-87.4096 -85.6505 -186.247 -68.5539 -74.3517 3.59344
-87.7524 -86.0223 -186.229 -68.577 -74.3756 3.87979
-88.0953 -86.3942 -186.209 -68.5994 -74.3987 4.16636
-88.4384 -86.7663 -186.187 -68.621 -74.4209 4.45312
-88.7815 -87.1384 -186.164 -68.6418 -74.4423 4.74007
-89.1248 -87.5107 -186.14 -68.6618 -74.4629 5.02722
-89.4682 -87.8831 -186.114 -68.6811 -74.4827 5.31454
-89.8116 -88.2555 -186.086 -68.6997 -74.5016 5.60204
-90.1552 -88.6281 -186.058 -68.7174 -74.5197 5.8897
-90.4988 -89.0007 -186.028 -68.7344 -74.5369 6.17753
-90.8425 -89.3735 -185.996 -68.7506 -74.5534 6.46551
-91.1863 -89.7463 -185.963 -68.766 -74.5689 6.75364
-91.5302 -90.1191 -185.928 -68.7807 -74.5837 7.04191
-91.8741 -90.4921 -185.892 -68.7946 -74.5976 7.33032
-92.2181 -90.8651 -185.855 -68.8077 -74.6106 7.61886
-92.5622 -91.2382 -185.816 -68.82 -74.6228 7.90752
-92.9063 -91.6113 -185.776 -68.8316 -74.6342 8.19629
-93.2505 -91.9845 -185.734 -68.8424 -74.6447 8.48517
-93.5947 -92.3578 -185.691 -68.8524 -74.6544 8.77416
-93.939 -92.7311 -185.647 -68.8616 -74.6633 9.06324
-94.2833 -93.1044 -185.601 -68.8701 -74.6713 9.35241
-94.6277 -93.4778 -185.553 -68.8778 -74.6784 9.64166
-94.9721 -93.8512 -185.504 -68.8847 -74.6848 9.93099
-95.3166 -94.2246 -185.454 -68.8908 -74.6902 10.2204
-95.661 -94.5981 -185.402 -68.8961 -74.6948 10.5098
