0 50 -150 0 0 49
-0.000188321 49.9997 -149.755 -0.075371 -0.114202 49.04
-0.000753664 49.9989 -149.51 -0.150808 -0.2285 49.0798
-0.00169636 49.9974 -149.264 -0.226313 -0.342896 49.1196
-0.00301675 49.9954 -149.018 -0.301885 -0.45739 49.1592
-0.00471516 49.9929 -148.773 -0.377525 -0.571983 49.1987
-0.00679195 49.9897 -148.526 -0.453233 -0.686675 49.2381
-0.00924744 49.986 -148.28 -0.52901 -0.801468 49.2775
-0.012082 49.9817 -148.034 -0.604856 -0.916361 49.3167
-0.015296 49.9768 -147.787 -0.680772 -1.03136 49.3558
-0.0188897 49.9714 -147.54 -0.756758 -1.14645 49.3947
-0.0228635 49.9654 -147.293 -0.832815 -1.26165 49.4336
-0.0272178 49.9588 -147.046 -0.908943 -1.37695 49.4724
-0.0319529 49.9516 -146.798 -0.985143 -1.49236 49.511
-0.0370692 49.9438 -146.551 -1.06142 -1.60787 49.5496
-0.042567 49.9355 -146.303 -1.13776 -1.72349 49.588
-0.0484467 49.9266 -146.055 -1.21418 -1.83921 49.6264
-0.0547087 49.9171 -145.807 -1.29067 -1.95504 49.6646
-0.0613534 49.9071 -145.558 -1.36723 -2.07098 49.7027
-0.068381 49.8964 -145.31 -1.44387 -2.18702 49.7407
-0.0757921 49.8852 -145.061 -1.52059 -2.30318 49.7786
-0.0835869 49.8734 -144.812 -1.59738 -2.41944 49.8164
-0.0917658 49.861 -144.563 -1.67425 -2.53582 49.8541
-0.100329 49.848 -144.313 -1.75119 -2.6523 49.8917
-0.109278 49.8345 -144.064 -1.82821 -2.7689 49.9292
-0.118611 49.8203 -143.814 -1.90531 -2.88561 49.9665
-0.128331 49.8056 -143.564 -1.98249 -3.00243 50.0038
-0.138436 49.7903 -143.314 -2.05974 -3.11937 50.0409
-0.148928 49.7744 -143.064 -2.13708 -3.23642 50.078
-0.159807 49.7579 -142.813 -2.21449 -3.35358 50.1149
-0.171073 49.7409 -142.562 -2.29198 -3.47087 50.1517
-0.182727 49.7232 -142.312 -2.36956 -3.58827 50.1884
-0.194769 49.705 -142.061 -2.44721 -3.70578 50.225
-0.207199 49.6862 -141.809 -2.52495 -3.82342 50.2615
-0.220018 49.6668 -141.558 -2.60277 -3.94117 50.2979
-0.233226 49.6468 -141.306 -2.68067 -4.05904 50.3342
-0.246825 49.6262 -141.055 -2.75866 -4.17704 50.3703
-0.260813 49.605 -140.803 -2.83673 -4.29515 50.4064
-0.275192 49.5832 -140.55 -2.91488 -4.41339 50.4423
-0.289962 49.5609 -140.298 -2.99312 -4.53175 50.4782
-0.305123 49.5379 -140.046 -3.07145 -4.65023 50.5139
-0.320676 49.5144 -139.793 -3.14986 -4.76884 50.5495
-0.336622 49.4902 -139.54 -3.22836 -4.88757 50.585
-0.35296 49.4655 -139.287 -3.30694 -5.00643 50.6204
-0.369691 49.4402 -139.034 -3.38561 -5.12541 50.6557
-0.386816 49.4142 -138.781 -3.46437 -5.24452 50.6909
-0.404335 49.3877 -138.527 -3.54322 -5.36376 50.726
-0.422248 49.3606 -138.273 -3.62216 -5.48313 50.7609
-0.440556 49.3329 -138.019 -3.70119 -5.60263 50.7958
-0.45926 49.3046 -137.765 -3.78031 -5.72226 50.8305
-0.478359 49.2757 -137.511 -3.85952 -5.84202 50.8651
-0.497855 49.2461 -137.257 -3.93882 -5.96191 50.8997
-0.517748 49.216 -137.002 -4.01822 -6.08193 50.9341
-0.538037 49.1853 -136.747 -4.0977 -6.20209 50.9684
-0.558725 49.154 -136.493 -4.17728 -6.32239 51.0026
-0.57981 49.1221 -136.237 -4.25696 -6.44281 51.0366
-0.601294 49.0896 -135.982 -4.33672 -6.56338 51.0706
-0.623177 49.0565 -135.727 -4.41659 -6.68408 51.1044
-0.64546 49.0227 -135.471 -4.49655 -6.80492 51.1382
-0.668143 48.9884 -135.215 -4.5766 -6.92589 51.1718
-0.691226 48.9535 -134.959 -4.65676 -7.04701 51.2053
-0.71471 48.918 -134.703 -4.73701 -7.16827 51.2387
-0.738596 48.8818 -134.447 -4.81735 -7.28967 51.272
-0.762884 48.8451 -134.191 -4.8978 -7.41121 51.3052
-0.787574 48.8077 -133.934 -4.97835 -7.53289 51.3383
-0.812667 48.7697 -133.677 -5.05899 -7.65471 51.3713
-0.838164 48.7311 -133.42 -5.13974 -7.77669 51.4041
-0.864065 48.692 -133.163 -5.22059 -7.8988 51.4368
-0.89037 48.6522 -132.906 -5.30154 -8.02106 51.4695
-0.91708 48.6117 -132.648 -5.38259 -8.14347 51.502
-0.944196 48.5707 -132.391 -5.46375 -8.26603 51.5344
-0.971717 48.5291 -132.133 -5.54501 -8.38874 51.5666
-0.999646 48.4868 -131.875 -5.62637 -8.51159 51.5988
-1.02798 48.444 -131.617 -5.70784 -8.6346 51.6309
-1.05672 48.4005 -131.359 -5.78941 -8.75776 51.6628
-1.08588 48.3564 -131.1 -5.87109 -8.88107 51.6946
-1.11543 48.3117 -130.842 -5.95288 -9.00453 51.7263
-1.1454 48.2663 -130.583 -6.03478 -9.12815 51.7579
-1.17578 48.2204 -130.324 -6.11678 -9.25192 51.7894
-1.20657 48.1738 -130.065 -6.19889 -9.37585 51.8208
-1.23777 48.1266 -129.806 -6.28111 -9.49994 51.852
-1.26938 48.0788 -129.547 -6.36344 -9.62418 51.8832
-1.30141 48.0304 -129.287 -6.44589 -9.74859 51.9142
-1.33384 47.9813 -129.028 -6.52844 -9.87315 51.9451
-1.36669 47.9317 -128.768 -6.61111 -9.99787 51.9759
-1.39995 47.8814 -128.508 -6.69389 -10.1228 52.0066
-1.43363 47.8304 -128.248 -6.77678 -10.2478 52.0371
-1.46772 47.7789 -127.988 -6.85979 -10.373 52.0676
-1.50223 47.7267 -127.727 -6.94291 -10.4984 52.0979
-1.53715 47.6739 -127.467 -7.02615 -10.6239 52.1281
-1.57249 47.6205 -127.206 -7.1095 -10.7496 52.1582
-1.60824 47.5664 -126.945 -7.19298 -10.8755 52.1882
-1.64442 47.5117 -126.684 -7.27656 -11.0016 52.218
-1.68101 47.4564 -126.423 -7.36027 -11.1278 52.2477
-1.71802 47.4004 -126.161 -7.4441 -11.2542 52.2773
-1.75545 47.3438 -125.9 -7.52805 -11.3807 52.3068
-1.7933 47.2866 -125.638 -7.61211 -11.5074 52.3362
-1.83157 47.2288 -125.377 -7.6963 -11.6343 52.3655
-1.87026 47.1703 -125.115 -7.78062 -11.7614 52.3946
-1.90938 47.1112 -124.853 -7.86505 -11.8887 52.4236
-1.94891 47.0514 -124.591 -7.94961 -12.0161 52.4525
-1.98887 46.991 -124.328 -8.03429 -12.1437 52.4813
-2.02926 46.93 -124.066 -8.1191 -12.2715 52.51
-2.07007 46.8683 -123.803 -8.20403 -12.3995 52.5385
-2.1113 46.806 -123.54 -8.28909 -12.5276 52.5669
-2.15296 46.743 -123.277 -8.37428 -12.6559 52.5952
-2.19504 46.6794 -123.014 -8.45959 -12.7844 52.6234
-2.23755 46.6152 -122.751 -8.54504 -12.9131 52.6514
-2.28049 46.5503 -122.488 -8.63061 -13.042 52.6793
-2.32386 46.4847 -122.224 -8.71632 -13.1711 52.7071
-2.36765 46.4186 -121.961 -8.80215 -13.3003 52.7348
-2.41188 46.3517 -121.697 -8.88812 -13.4298 52.7623
-2.45654 46.2843 -121.433 -8.97422 -13.5594 52.7898
-2.50162 46.2161 -121.169 -9.06045 -13.6892 52.8171
-2.54714 46.1474 -120.905 -9.14682 -13.8192 52.8442
-2.59309 46.078 -120.641 -9.23332 -13.9494 52.8713
-2.63947 46.0079 -120.376 -9.31996 -14.0798 52.8982
-2.68629 45.9372 -120.112 -9.40674 -14.2104 52.925
-2.73354 45.8658 -119.847 -9.49365 -14.3412 52.9517
-2.78123 45.7937 -119.582 -9.58071 -14.4722 52.9782
-2.82935 45.7211 -119.317 -9.6679 -14.6034 53.0046
-2.87791 45.6477 -119.052 -9.75523 -14.7348 53.0309
-2.9269 45.5737 -118.787 -9.8427 -14.8663 53.0571
-2.97633 45.499 -118.522 -9.93032 -14.9981 53.0831
-3.0262 45.4237 -118.256 -10.0181 -15.1301 53.109
-3.07651 45.3477 -117.99 -10.106 -15.2623 53.1348
-3.12726 45.2711 -117.725 -10.194 -15.3947 53.1604
-3.17845 45.1938 -117.459 -10.2822 -15.5273 53.1859
-3.23008 45.1158 -117.193 -10.3705 -15.6601 53.2113
-3.28216 45.0372 -116.927 -10.459 -15.7931 53.2365
-3.33467 44.9579 -116.661 -10.5477 -15.9264 53.2616
-3.38763 44.8779 -116.394 -10.6364 -16.0598 53.2866
-3.44104 44.7973 -116.128 -10.7254 -16.1935 53.3114
-3.49489 44.716 -115.861 -10.8144 -16.3273 53.3362
-3.54918 44.634 -115.594 -10.9037 -16.4614 53.3607
-3.60393 44.5514 -115.327 -10.9931 -16.5957 53.3852
-3.65911 44.4681 -115.06 -11.0826 -16.7302 53.4095
-3.71475 44.3841 -114.793 -11.1723 -16.865 53.4336
-3.77084 44.2994 -114.526 -11.2621 -16.9999 53.4577
-3.82737 44.2141 -114.259 -11.3521 -17.1351 53.4816
-3.88436 44.1281 -113.991 -11.4423 -17.2705 53.5053
-3.9418 44.0414 -113.724 -11.5326 -17.4061 53.5289
-3.99968 43.954 -113.456 -11.6231 -17.542 53.5524
-4.05803 43.866 -113.188 -11.7137 -17.6781 53.5758
-4.11682 43.7772 -112.92 -11.8045 -17.8144 53.599
-4.17607 43.6878 -112.652 -11.8954 -17.9509 53.622
-4.23578 43.5977 -112.384 -11.9866 -18.0877 53.6449
-4.29594 43.5069 -112.116 -12.0778 -18.2247 53.6677
-4.35655 43.4155 -111.847 -12.1693 -18.3619 53.6904
-4.41763 43.3233 -111.579 -12.2609 -18.4994 53.7128
-4.47916 43.2305 -111.31 -12.3527 -18.637 53.7352
-4.54116 43.1369 -111.041 -12.4446 -18.775 53.7574
-4.60361 43.0427 -110.773 -12.5367 -18.9132 53.7795
-4.66652 42.9478 -110.504 -12.629 -19.0516 53.8014
-4.7299 42.8522 -110.235 -12.7214 -19.1902 53.8231
-4.79374 42.7559 -109.965 -12.8141 -19.3291 53.8447
-4.85804 42.6589 -109.696 -12.9068 -19.4683 53.8662
-4.92281 42.5612 -109.427 -12.9998 -19.6077 53.8875
-4.98804 42.4628 -109.157 -13.0929 -19.7473 53.9087
-5.05374 42.3638 -108.888 -13.1863 -19.8872 53.9297
-5.1199 42.264 -108.618 -13.2797 -20.0273 53.9506
-5.18653 42.1635 -108.348 -13.3734 -20.1677 53.9713
-5.25363 42.0623 -108.078 -13.4672 -20.3083 53.9919
-5.3212 41.9604 -107.808 -13.5613 -20.4492 54.0123
-5.38925 41.8578 -107.538 -13.6555 -20.5904 54.0326
-5.45776 41.7545 -107.268 -13.7498 -20.7318 54.0527
-5.52674 41.6505 -106.998 -13.8444 -20.8734 54.0726
-5.5962 41.5458 -106.727 -13.9392 -21.0153 54.0924
-5.66614 41.4403 -106.457 -14.0341 -21.1575 54.112
-5.73654 41.3342 -106.186 -14.1292 -21.3 54.1315
-5.80743 41.2273 -105.915 -14.2245 -21.4427 54.1508
-5.87879 41.1198 -105.645 -14.32 -21.5856 54.17
-5.95063 41.0115 -105.374 -14.4157 -21.7289 54.189
-6.02295 40.9025 -105.103 -14.5115 -21.8724 54.2078
-6.09574 40.7928 -104.832 -14.6076 -22.0162 54.2265
-6.16902 40.6823 -104.56 -14.7038 -22.1602 54.245
-6.24278 40.5712 -104.289 -14.8003 -22.3045 54.2634
-6.31702 40.4593 -104.018 -14.8969 -22.4491 54.2816
-6.39175 40.3467 -103.746 -14.9937 -22.594 54.2996
-6.46696 40.2333 -103.475 -15.0908 -22.7392 54.3174
-6.54266 40.1193 -103.203 -15.188 -22.8846 54.3351
-6.61884 40.0045 -102.931 -15.2854 -23.0303 54.3526
-6.69551 39.889 -102.66 -15.383 -23.1763 54.37
-6.77267 39.7727 -102.388 -15.4808 -23.3226 54.3872
-6.85032 39.6557 -102.116 -15.5789 -23.4691 54.4042
-6.92846 39.538 -101.844 -15.6771 -23.616 54.421
-7.00709 39.4196 -101.572 -15.7755 -23.7631 54.4377
-7.08622 39.3004 -101.299 -15.8741 -23.9105 54.4541
-7.16583 39.1805 -101.027 -15.973 -24.0583 54.4705
-7.24595 39.0598 -100.755 -16.072 -24.2063 54.4866
-7.32655 38.9384 -100.482 -16.1713 -24.3546 54.5025
-7.40766 38.8163 -100.21 -16.2707 -24.5032 54.5183
-7.48926 38.6934 -99.937 -16.3704 -24.6521 54.5339
-7.57136 38.5697 -99.6643 -16.4703 -24.8013 54.5493
-7.65396 38.4454 -99.3915 -16.5704 -24.9508 54.5646
-7.73707 38.3202 -99.1186 -16.6707 -25.1006 54.5796
-7.82067 38.1944 -98.8457 -16.7712 -25.2507 54.5945
-7.90478 38.0677 -98.5727 -16.8719 -25.4011 54.6092
-7.98939 37.9404 -98.2996 -16.9729 -25.5519 54.6237
-8.07451 37.8122 -98.0264 -17.0741 -25.7029 54.638
-8.16013 37.6833 -97.7532 -17.1755 -25.8542 54.6521
-8.24626 37.5537 -97.4799 -17.2771 -26.0059 54.6661
-8.3329 37.4233 -97.2066 -17.3789 -26.1579 54.6798
-8.42005 37.2921 -96.9331 -17.481 -26.3102 54.6934
-8.50771 37.1602 -96.6596 -17.5833 -26.4628 54.7067
-8.59588 37.0275 -96.3861 -17.6858 -26.6157 54.7199
-8.68457 36.894 -96.1124 -17.7885 -26.769 54.7329
-8.77377 36.7598 -95.8387 -17.8915 -26.9225 54.7457
-8.86348 36.6248 -95.565 -17.9947 -27.0764 54.7582
-8.95372 36.489 -95.2911 -18.0981 -27.2306 54.7706
-9.04446 36.3525 -95.0173 -18.2018 -27.3852 54.7828
-9.13573 36.2152 -94.7433 -18.3057 -27.5401 54.7948
-9.22752 36.0771 -94.4693 -18.4098 -27.6953 54.8066
-9.31983 35.9382 -94.1952 -18.5142 -27.8508 54.8182
-9.41266 35.7986 -93.9211 -18.6188 -28.0067 54.8295
-9.50602 35.6581 -93.647 -18.7237 -28.1629 54.8407
-9.5999 35.5169 -93.3727 -18.8288 -28.3194 54.8517
-9.69431 35.3749 -93.0984 -18.9341 -28.4763 54.8624
-9.78924 35.2322 -92.8241 -19.0397 -28.6336 54.873
-9.88471 35.0886 -92.5497 -19.1455 -28.7911 54.8833
-9.9807 34.9443 -92.2753 -19.2516 -28.9491 54.8934
-10.0772 34.7991 -92.0008 -19.3579 -29.1073 54.9033
-10.1743 34.6532 -91.7262 -19.4645 -29.2659 54.913
-10.2719 34.5065 -91.4516 -19.5714 -29.4249 54.9225
-10.37 34.3589 -91.177 -19.6784 -29.5842 54.9318
-10.4687 34.2106 -90.9023 -19.7858 -29.7439 54.9408
-10.5678 34.0615 -90.6276 -19.8934 -29.9039 54.9497
-10.6676 33.9116 -90.3528 -20.0012 -30.0643 54.9583
-10.7679 33.7609 -90.078 -20.1094 -30.225 54.9667
-10.8687 33.6093 -89.8032 -20.2177 -30.3861 54.9748
-10.97 33.457 -89.5283 -20.3264 -30.5476 54.9828
-11.0719 33.3039 -89.2533 -20.4353 -30.7094 54.9905
-11.1744 33.1499 -88.9784 -20.5445 -30.8716 54.998
-11.2774 32.9951 -88.7034 -20.6539 -31.0341 55.0052
-11.3809 32.8396 -88.4283 -20.7636 -31.1971 55.0122
-11.485 32.6832 -88.1532 -20.8736 -31.3603 55.019
-11.5897 32.526 -87.8781 -20.9839 -31.524 55.0256
-11.6949 32.3679 -87.603 -21.0945 -31.688 55.0319
-11.8006 32.2091 -87.3278 -21.2053 -31.8525 55.038
-11.9069 32.0494 -87.0526 -21.3164 -32.0173 55.0439
-12.0138 31.8889 -86.7774 -21.4278 -32.1824 55.0495
-12.1212 31.7276 -86.5021 -21.5395 -32.348 55.0549
-12.2292 31.5654 -86.2268 -21.6515 -32.5139 55.0601
-12.3377 31.4024 -85.9515 -21.7638 -32.6802 55.065
-12.4468 31.2386 -85.6762 -21.8763 -32.8469 55.0696
-12.5565 31.074 -85.4008 -21.9892 -33.014 55.074
-12.6667 30.9085 -85.1254 -22.1024 -33.1815 55.0782
-12.7775 30.7422 -84.85 -22.2158 -33.3494 55.0821
-12.8889 30.575 -84.5746 -22.3296 -33.5177 55.0858
-13.0008 30.407 -84.2992 -22.4437 -33.6863 55.0892
-13.1133 30.2381 -84.0237 -22.5581 -33.8554 55.0924
-13.2264 30.0684 -83.7482 -22.6728 -34.0249 55.0953
-13.34 29.8979 -83.4728 -22.7878 -34.1947 55.0979
-13.4543 29.7265 -83.1973 -22.9031 -34.365 55.1004
-13.5691 29.5542 -82.9217 -23.0188 -34.5356 55.1025
-13.6844 29.3811 -82.6462 -23.1348 -34.7067 55.1044
-13.8004 29.2072 -82.3707 -23.2511 -34.8782 55.106
-13.9169 29.0323 -82.0952 -23.3678 -35.0501 55.1074
-14.0341 28.8567 -81.8196 -23.4848 -35.2224 55.1085
-14.1518 28.6801 -81.5441 -23.6021 -35.3951 55.1093
-14.2701 28.5027 -81.2685 -23.7198 -35.5682 55.1098
-14.389 28.3244 -80.993 -23.8378 -35.7418 55.1101
-14.5085 28.1453 -80.7174 -23.9562 -35.9157 55.1102
-14.6286 27.9653 -80.4419 -24.0749 -36.0901 55.1099
-14.7492 27.7844 -80.1663 -24.194 -36.2649 55.1094
-14.8705 27.6026 -79.8908 -24.3134 -36.4401 55.1086
-14.9924 27.42 -79.6153 -24.4333 -36.6158 55.1075
-15.1148 27.2365 -79.3397 -24.5535 -36.7918 55.1061
-15.2379 27.0521 -79.0642 -24.6741 -36.9683 55.1045
-15.3616 26.8668 -78.7887 -24.795 -37.1453 55.1025
-15.4858 26.6806 -78.5132 -24.9164 -37.3226 55.1003
-15.6107 26.4936 -78.2377 -25.0381 -37.5004 55.0978
-15.7362 26.3056 -77.9622 -25.1602 -37.6786 55.095
-15.8623 26.1168 -77.6867 -25.2828 -37.8573 55.0919
-15.9891 25.927 -77.4113 -25.4057 -38.0364 55.0885
-16.1164 25.7364 -77.1358 -25.5291 -38.2159 55.0848
-16.2443 25.5449 -76.8604 -25.6529 -38.3959 55.0808
-16.3729 25.3524 -76.585 -25.7771 -38.5763 55.0765
-16.5021 25.1591 -76.3097 -25.9017 -38.7572 55.0719
-16.6319 24.9649 -76.0343 -26.0268 -38.9385 55.0669
-16.7624 24.7697 -75.759 -26.1523 -39.1203 55.0617
-16.8935 24.5737 -75.4837 -26.2783 -39.3025 55.0562
-17.0252 24.3767 -75.2084 -26.4047 -39.4851 55.0503
-17.1575 24.1788 -74.9332 -26.5316 -39.6682 55.0441
-17.2905 23.98 -74.658 -26.659 -39.8517 55.0376
-17.4241 23.7803 -74.3828 -26.7868 -40.0357 55.0307
-17.5584 23.5797 -74.1077 -26.9152 -40.2202 55.0236
-17.6933 23.3781 -73.8326 -27.044 -40.4051 55.0161
-17.8288 23.1756 -73.5575 -27.1733 -40.5904 55.0082
-17.965 22.9722 -73.2825 -27.3032 -40.7762 55
-18.1018 22.7679 -73.0075 -27.4335 -40.9625 54.9914
-18.2393 22.5626 -72.7326 -27.5644 -41.1492 54.9825
-18.3775 22.3564 -72.4577 -27.6959 -41.3364 54.9733
-18.5163 22.1492 -72.1828 -27.8278 -41.524 54.9637
-18.6557 21.9411 -71.908 -27.9604 -41.7121 54.9537
-18.7959 21.7321 -71.6333 -28.0934 -41.9007 54.9433
-18.9367 21.5221 -71.3586 -28.2271 -42.0897 54.9325
-19.0782 21.3112 -71.084 -28.3614 -42.2791 54.9214
-19.2203 21.0993 -70.8094 -28.4962 -42.469 54.9099
-19.3631 20.8865 -70.5349 -28.6316 -42.6594 54.8979
-19.5066 20.6727 -70.2604 -28.7677 -42.8502 54.8856
-19.6508 20.458 -69.986 -28.9044 -43.0415 54.8728
-19.7957 20.2423 -69.7117 -29.0417 -43.2333 54.8596
-19.9412 20.0257 -69.4374 -29.1796 -43.4255 54.846
-20.0875 19.8081 -69.1632 -29.3182 -43.6181 54.832
-20.2344 19.5895 -68.8891 -29.4575 -43.8112 54.8174
-20.382 19.3699 -68.6151 -29.5975 -44.0048 54.8025
-20.5304 19.1494 -68.3411 -29.7381 -44.1988 54.787
-20.6794 18.928 -68.0672 -29.8794 -44.3932 54.7711
-20.8292 18.7055 -67.7934 -30.0215 -44.5881 54.7547
-20.9796 18.4821 -67.5196 -30.1642 -44.7835 54.7378
-21.1308 18.2577 -67.246 -30.3077 -44.9793 54.7203
-21.2827 18.0323 -66.9724 -30.4519 -45.1755 54.7023
-21.4353 17.8059 -66.699 -30.5969 -45.3722 54.6838
-21.5887 17.5786 -66.4256 -30.7426 -45.5693 54.6647
-21.7428 17.3502 -66.1523 -30.8892 -45.7668 54.6451
-21.8976 17.1209 -65.8791 -31.0364 -45.9648 54.6248
-22.0531 16.8906 -65.6061 -31.1845 -46.1632 54.604
-22.2094 16.6593 -65.3331 -31.3334 -46.362 54.5825
-22.3665 16.427 -65.0602 -31.4831 -46.5613 54.5604
-22.5242 16.1937 -64.7875 -31.6336 -46.761 54.5376
-22.6828 15.9593 -64.5149 -31.785 -46.9611 54.5141
-22.8421 15.724 -64.2424 -31.9371 -47.1617 54.49
-23.0022 15.4877 -63.97 -32.0902 -47.3627 54.4651
-23.163 15.2504 -63.6977 -32.2441 -47.5641 54.4394
-23.3246 15.0121 -63.4256 -32.3988 -47.7659 54.413
-23.487 14.7728 -63.1536 -32.5544 -47.9682 54.3858
-23.6501 14.5324 -62.8817 -32.7108 -48.1709 54.3578
-23.8141 14.291 -62.61 -32.8682 -48.374 54.3289
-23.9788 14.0487 -62.3384 -33.0264 -48.5775 54.2991
-24.1444 13.8053 -62.067 -33.1854 -48.7815 54.2685
-24.3107 13.5609 -61.7957 -33.3454 -48.9859 54.2369
-24.4778 13.3154 -61.5246 -33.5062 -49.1908 54.2043
-24.6457 13.0689 -61.2537 -33.6679 -49.3962 54.1708
-24.8145 12.8214 -60.9829 -33.8305 -49.6019 54.1362
-24.9841 12.5729 -60.7123 -33.9939 -49.8082 54.1006
-25.1544 12.3234 -60.4419 -34.1581 -50.0149 54.0639
-25.3256 12.0728 -60.1717 -34.3232 -50.2222 54.0261
-25.4977 11.8211 -59.9017 -34.4892 -50.4299 53.9872
-25.6705 11.5685 -59.6318 -34.6559 -50.6381 53.9471
-25.8442 11.3148 -59.3622 -34.8235 -50.8469 53.9058
-26.0188 11.06 -59.0928 -34.9918 -51.0562 53.8633
-26.1941 10.8042 -58.8236 -35.1609 -51.266 53.8195
-26.3704 10.5473 -58.5546 -35.3308 -51.4765 53.7745
-26.5475 10.2894 -58.2858 -35.5014 -51.6875 53.7281
-26.7254 10.0305 -58.0173 -35.6727 -51.8992 53.6804
-26.9042 9.77045 -57.749 -35.8447 -52.1114 53.6314
-27.0838 9.50936 -57.481 -36.0174 -52.3244 53.581
-27.2644 9.2472 -57.2132 -36.1907 -52.538 53.5292
-27.4457 8.98398 -56.9457 -36.3647 -52.7524 53.476
-27.628 8.71968 -56.6784 -36.5392 -52.9675 53.4214
-27.8111 8.4543 -56.4115 -36.7143 -53.1834 53.3654
-27.9951 8.18784 -56.1448 -36.89 -53.4 53.3079
-28.18 7.9203 -55.8784 -37.0661 -53.6175 53.2489
-28.3658 7.65167 -55.6123 -37.2428 -53.8358 53.1886
-28.5525 7.38194 -55.3465 -37.4199 -54.055 53.1267
-28.74 7.11112 -55.081 -37.5975 -54.2751 53.0634
-28.9284 6.83919 -54.8159 -37.7755 -54.4962 52.9986
-29.1178 6.56615 -54.5511 -37.9539 -54.7182 52.9323
-29.308 6.29201 -54.2866 -38.1327 -54.9412 52.8646
-29.4991 6.01674 -54.0224 -38.3118 -55.1653 52.7955
-29.6911 5.74035 -53.7586 -38.4913 -55.3903 52.7249
-29.884 5.46284 -53.4952 -38.6712 -55.6165 52.6528
-30.0778 5.18419 -53.2321 -38.8513 -55.8438 52.5793
-30.2725 4.9044 -52.9694 -39.0317 -56.0722 52.5045
-30.4681 4.62347 -52.707 -39.2124 -56.3017 52.4282
-30.6646 4.34138 -52.4451 -39.3935 -56.5324 52.3505
-30.8621 4.05814 -52.1835 -39.5747 -56.7643 52.2714
-31.0604 3.77374 -51.9224 -39.7563 -56.9975 52.191
-31.2596 3.48817 -51.6616 -39.9381 -57.2318 52.1092
-31.4598 3.20142 -51.4013 -40.1202 -57.4675 52.0261
-31.6608 2.91349 -51.1414 -40.3025 -57.7044 51.9416
-31.8628 2.62437 -50.8819 -40.4852 -57.9426 51.8558
-32.0657 2.33406 -50.6228 -40.6681 -58.1821 51.7688
-32.2695 2.04255 -50.3642 -40.8512 -58.4229 51.6804
-32.4742 1.74983 -50.106 -41.0347 -58.665 51.5907
-32.6798 1.4559 -49.8483 -41.2184 -58.9086 51.4998
-32.8864 1.16075 -49.591 -41.4025 -59.1534 51.4075
-33.0938 0.864366 -49.3342 -41.5868 -59.3997 51.3141
-33.3022 0.566749 -49.0779 -41.7715 -59.6473 51.2193
-33.5116 0.267892 -48.822 -41.9565 -59.8963 51.1233
-33.7218 -0.0322149 -48.5666 -42.1419 -60.1468 51.0261
-33.933 -0.333577 -48.3117 -42.3276 -60.3986 50.9276
-34.1451 -0.636202 -48.0574 -42.5136 -60.6519 50.8279
-34.3581 -0.940097 -47.8035 -42.7001 -60.9066 50.7269
-34.5721 -1.24527 -47.5501 -42.887 -61.1627 50.6247
-34.787 -1.55172 -47.2972 -43.0743 -61.4203 50.5212
-35.0028 -1.85947 -47.0449 -43.262 -61.6793 50.4165
-35.2196 -2.16852 -46.7931 -43.4502 -61.9398 50.3105
-35.4373 -2.47887 -46.5418 -43.6389 -62.2017 50.2033
-35.656 -2.79054 -46.291 -43.828 -62.4651 50.0947
-35.8756 -3.10352 -46.0408 -44.0176 -62.73 49.9849
-36.0962 -3.41784 -45.7912 -44.2078 -62.9964 49.8738
-36.3177 -3.73349 -45.5421 -44.3985 -63.2642 49.7614
-36.5402 -4.05048 -45.2936 -44.5897 -63.5336 49.6477
-36.7636 -4.36882 -45.0456 -44.7815 -63.8044 49.5326
-36.988 -4.68853 -44.7982 -44.9739 -64.0768 49.4163
-37.2133 -5.00959 -44.5514 -45.1668 -64.3507 49.2985
-37.4396 -5.33203 -44.3052 -45.3604 -64.6261 49.1794
-37.6669 -5.65585 -44.0596 -45.5547 -64.903 49.0589
-37.8952 -5.98106 -43.8147 -45.7495 -65.1814 48.937
-38.1244 -6.30767 -43.5703 -45.9451 -65.4614 48.8136
-38.3546 -6.63568 -43.3265 -46.1413 -65.743 48.6889
-38.5858 -6.9651 -43.0834 -46.3382 -66.0261 48.5626
-38.818 -7.29594 -42.8409 -46.5358 -66.3107 48.4349
-39.0512 -7.62821 -42.599 -46.7341 -66.597 48.3057
-39.2854 -7.96191 -42.3578 -46.9332 -66.8848 48.1749
-39.5205 -8.29706 -42.1173 -47.133 -67.1742 48.0426
-39.7567 -8.63365 -41.8774 -47.3336 -67.4652 47.9087
-39.9939 -8.97171 -41.6382 -47.535 -67.7578 47.7733
-40.232 -9.31123 -41.3997 -47.7372 -68.052 47.6362
-40.4712 -9.65223 -41.1618 -47.9402 -68.3478 47.4974
-40.7114 -9.99471 -40.9247 -48.144 -68.6453 47.357
-40.9527 -10.3387 -40.6883 -48.3487 -68.9445 47.2149
-41.1949 -10.6842 -40.4526 -48.5542 -69.2452 47.071
-41.4382 -11.0311 -40.2176 -48.7605 -69.5477 46.9254
-41.6825 -11.3796 -39.9833 -48.9678 -69.8518 46.7781
-41.9279 -11.7297 -39.7498 -49.176 -70.1576 46.6289
-42.1743 -12.0812 -39.517 -49.385 -70.4652 46.4778
-42.4217 -12.4343 -39.285 -49.595 -70.7744 46.3249
-42.6702 -12.789 -39.0538 -49.8059 -71.0853 46.1701
-42.9198 -13.1452 -38.8233 -50.0177 -71.398 46.0133
-43.1704 -13.5029 -38.5936 -50.2306 -71.7125 45.8546
-43.4221 -13.8623 -38.3647 -50.4443 -72.0287 45.6939
-43.6749 -14.2232 -38.1367 -50.6591 -72.3467 45.5311
-43.9287 -14.5858 -37.9094 -50.8749 -72.6664 45.3662
-44.1836 -14.9499 -37.683 -51.0916 -72.988 45.1993
-44.4396 -15.3156 -37.4574 -51.3094 -73.3114 45.0302
-44.6967 -15.683 -37.2327 -51.5283 -73.6366 44.8589
-44.9549 -16.052 -37.0089 -51.7482 -73.9637 44.6854
-45.2142 -16.4226 -36.7859 -51.9691 -74.2926 44.5097
-45.4746 -16.7949 -36.5638 -52.1911 -74.6234 44.3316
-45.7361 -17.1689 -36.3425 -52.4142 -74.9561 44.1512
-45.9987 -17.5445 -36.1222 -52.6384 -75.2908 43.9685
-46.2625 -17.9218 -35.9029 -52.8637 -75.6273 43.7833
-46.5274 -18.3008 -35.6844 -53.0901 -75.9658 43.5957
-46.7934 -18.6814 -35.4669 -53.3177 -76.3062 43.4055
-47.0605 -19.0638 -35.2504 -53.5464 -76.6486 43.2129
-47.3289 -19.4479 -35.0348 -53.7763 -76.993 43.0176
-47.5983 -19.8338 -34.8202 -54.0073 -77.3394 42.8197
-47.8689 -20.2213 -34.6066 -54.2395 -77.6879 42.6191
-48.1407 -20.6106 -34.394 -54.473 -78.0383 42.4158
-48.4137 -21.0017 -34.1824 -54.7076 -78.3909 42.2097
-48.6878 -21.3945 -33.9719 -54.9434 -78.7455 42.0007
-48.9631 -21.7892 -33.7624 -55.1805 -79.1023 41.7889
-49.2396 -22.1856 -33.554 -55.4189 -79.4611 41.5742
-49.5173 -22.5838 -33.3467 -55.6585 -79.8221 41.3565
-49.7962 -22.9838 -33.1404 -55.8993 -80.1852 41.1357
-50.0763 -23.3856 -32.9353 -56.1415 -80.5506 40.9118
-50.3576 -23.7893 -32.7313 -56.385 -80.9181 40.6848
-50.6401 -24.1948 -32.5285 -56.6297 -81.2878 40.4546
-50.9239 -24.6022 -32.3268 -56.8758 -81.6598 40.2211
-51.2089 -25.0114 -32.1263 -57.1233 -82.0341 39.9843
-51.4951 -25.4225 -31.9269 -57.372 -82.4106 39.7441
-51.7826 -25.8355 -31.7288 -57.6222 -82.7894 39.5005
-52.0713 -26.2504 -31.5319 -57.8737 -83.1706 39.2533
-52.3613 -26.6672 -31.3363 -58.1266 -83.5541 39.0025
-52.6526 -27.086 -31.1419 -58.3809 -83.9399 38.7481
-52.9452 -27.5066 -30.9488 -58.6367 -84.3282 38.49
-53.239 -27.9292 -30.757 -58.8938 -84.7189 38.2281
-53.5341 -28.3538 -30.5665 -59.1524 -85.112 37.9624
-53.8305 -28.7804 -30.3774 -59.4125 -85.5076 37.6927
-54.1282 -29.2089 -30.1896 -59.674 -85.9056 37.4189
-54.4272 -29.6394 -30.0032 -59.937 -86.3062 37.1412
-54.7276 -30.072 -29.8182 -60.2016 -86.7093 36.8592
-55.0293 -30.5065 -29.6346 -60.4676 -87.1149 36.573
-55.3323 -30.9431 -29.4525 -60.7351 -87.5231 36.2825
-55.6366 -31.3817 -29.2718 -61.0042 -87.9339 35.9875
-55.9423 -31.8224 -29.0926 -61.2748 -88.3474 35.6881
-56.2494 -32.2652 -28.9149 -61.547 -88.7635 35.384
-56.5578 -32.7101 -28.7387 -61.8208 -89.1823 35.0753
-56.8676 -33.157 -28.5641 -62.0962 -89.6037 34.7618
-57.1787 -33.6061 -28.3911 -62.3731 -90.0279 34.4434
-57.4913 -34.0573 -28.2197 -62.6517 -90.4549 34.1201
-57.8053 -34.5107 -28.0499 -62.9319 -90.8846 33.7917
-58.1206 -34.9662 -27.8818 -63.2138 -91.3171 33.4581
-58.4374 -35.4238 -27.7153 -63.4973 -91.7525 33.1192
-58.7556 -35.8837 -27.5506 -63.7825 -92.1907 32.775
-59.0752 -36.3457 -27.3876 -64.0693 -92.6318 32.4252
-59.3963 -36.81 -27.2263 -64.3579 -93.0758 32.0698
-59.7188 -37.2765 -27.0669 -64.6481 -93.5227 31.7087
-60.0428 -37.7452 -26.9093 -64.9401 -93.9726 31.3418
-60.3682 -38.2162 -26.7535 -65.2339 -94.4254 30.9688
-60.6951 -38.6895 -26.5996 -65.5293 -94.8813 30.5898
-61.0235 -39.165 -26.4476 -65.8265 -95.3402 30.2045
-61.3534 -39.6429 -26.2975 -66.1255 -95.8021 29.8128
-61.6848 -40.1231 -26.1494 -66.4263 -96.2671 29.4147
-62.0176 -40.6056 -26.0034 -66.7289 -96.7353 29.0099
-62.352 -41.0904 -25.8593 -67.0332 -97.2065 28.5982
-62.688 -41.5776 -25.7174 -67.3394 -97.6809 28.1797
-63.0254 -42.0672 -25.5775 -67.6474 -98.1585 27.754
-63.3644 -42.5592 -25.4399 -67.9572 -98.6394 27.3211
-63.705 -43.0536 -25.3043 -68.2689 -99.1234 26.8808
-64.0471 -43.5505 -25.171 -68.5824 -99.6107 26.4329
-64.3908 -44.0497 -25.04 -68.8978 -100.101 25.9772
-64.7361 -44.5515 -24.9113 -69.215 -100.595 25.5136
-65.083 -45.0557 -24.7849 -69.5341 -101.092 25.0419
-65.4315 -45.5624 -24.6609 -69.8551 -101.593 24.5619
-65.7815 -46.0716 -24.5393 -70.178 -102.097 24.0734
-66.1332 -46.5834 -24.4201 -70.5028 -102.604 23.5762
-66.4866 -47.0977 -24.3035 -70.8295 -103.115 23.0701
-66.8415 -47.6145 -24.1894 -71.158 -103.629 22.5548
-67.1981 -48.134 -24.0779 -71.4885 -104.146 22.0303
-67.5564 -48.656 -23.9691 -71.8209 -104.667 21.4962
-67.9164 -49.1806 -23.863 -72.1552 -105.192 20.9524
-68.278 -49.7079 -23.7596 -72.4913 -105.72 20.3985
-68.6413 -50.2378 -23.659 -72.8294 -106.251 19.8344
-69.0063 -50.7704 -23.5613 -73.1694 -106.786 19.2598
-69.373 -51.3057 -23.4664 -73.5112 -107.324 18.6745
-69.7414 -51.8437 -23.3745 -73.855 -107.866 18.0781
-70.1115 -52.3844 -23.2856 -74.2006 -108.412 17.4704
-70.4834 -52.9278 -23.1998 -74.5481 -108.961 16.8511
-70.857 -53.474 -23.1171 -74.8974 -109.513 16.22
-71.2324 -54.0229 -23.0376 -75.2486 -110.07 15.5766
-71.6095 -54.5747 -22.9613 -75.6016 -110.629 14.9208
-71.9884 -55.1292 -22.8884 -75.9564 -111.192 14.2523
-72.3691 -55.6866 -22.8188 -76.313 -111.759 13.5705
-72.7515 -56.2468 -22.7527 -76.6713 -112.329 12.8753
-73.1358 -56.8099 -22.6901 -77.0314 -112.903 12.1663
-73.5218 -57.3758 -22.631 -77.3931 -113.48 11.4432
-73.9097 -57.9447 -22.5756 -77.7566 -114.06 10.7054
-74.2994 -58.5164 -22.524 -78.1217 -114.644 9.95275
-74.6909 -59.0911 -22.4761 -78.4883 -115.231 9.18475
-75.0843 -59.6687 -22.4321 -78.8565 -115.822 8.401
-75.4795 -60.2493 -22.3921 -79.2262 -116.416 7.60109
-75.8765 -60.8329 -22.3561 -79.5974 -117.013 6.78458
-76.2755 -61.4195 -22.3243 -79.9699 -117.613 5.95102
-76.6762 -62.009 -22.2966 -80.3438 -118.217 5.09994
-77.0789 -62.6016 -22.2733 -80.7189 -118.823 4.23087
-77.4834 -63.1973 -22.2543 -81.0952 -119.433 3.3433
-77.8899 -63.796 -22.2398 -81.4726 -120.045 2.43673
-78.2982 -64.3977 -22.2299 -81.851 -120.66 1.51063
-78.7084 -65.0026 -22.2247 -82.2304 -121.278 0.564453
-79.1205 -65.6105 -22.2243 -82.6105 -121.898 -0.402367
-79.5345 -66.2216 -22.2288 -82.9913 -122.521 -1.39041
-79.9504 -66.8357 -22.2382 -83.3727 -123.146 -2.40027
-80.3682 -67.453 -22.2528 -83.7546 -123.773 -3.43258
-80.7879 -68.0735 -22.2725 -84.1367 -124.403 -4.48797
-81.2096 -68.697 -22.2976 -84.5191 -125.034 -5.5671
-81.6331 -69.3238 -22.3282 -84.9014 -125.667 -6.67066
-82.0586 -69.9537 -22.3644 -85.2835 -126.301 -7.79934
-82.486 -70.5868 -22.4062 -85.6653 -126.936 -8.95388
-82.9152 -71.2231 -22.4539 -86.0465 -127.572 -10.135
-83.3464 -71.8625 -22.5076 -86.4269 -128.209 -11.3435
-83.7795 -72.5052 -22.5673 -86.8063 -128.847 -12.5802
-84.2145 -73.151 -22.6334 -87.1844 -129.484 -13.8459
-84.6514 -73.8 -22.7058 -87.561 -130.121 -15.1414
-85.0901 -74.4522 -22.7848 -87.9357 -130.758 -16.4676
-85.5307 -75.1076 -22.8705 -88.3084 -131.393 -17.8254
-85.9732 -75.7662 -22.963 -88.6785 -132.028 -19.2158
-86.4175 -76.4279 -23.0626 -89.0459 -132.66 -20.6396
-86.8636 -77.0928 -23.1695 -89.41 -133.289 -22.0979
-87.3116 -77.7608 -23.2836 -89.7705 -133.916 -23.5916
-87.7614 -78.4319 -23.4054 -90.127 -134.54 -25.1219
-88.2129 -79.1062 -23.5349 -90.4789 -135.159 -26.6896
-88.6661 -79.7835 -23.6723 -90.8259 -135.773 -28.2961
-89.1211 -80.4639 -23.8178 -91.1673 -136.382 -29.9422
-89.5778 -81.1474 -23.9717 -91.5025 -136.985 -31.6293
-90.0362 -81.8338 -24.1341 -91.8311 -137.581 -33.3584
-90.4961 -82.5232 -24.3053 -92.1522 -138.168 -35.1307
-90.9577 -83.2155 -24.4854 -92.4653 -138.747 -36.9475
-91.4208 -83.9106 -24.6748 -92.7695 -139.316 -38.8099
-91.8854 -84.6086 -24.8735 -93.0641 -139.874 -40.7192
-92.3514 -85.3094 -25.082 -93.3483 -140.42 -42.6768
-92.8189 -86.0128 -25.3003 -93.621 -140.952 -44.6838
-93.2876 -86.7189 -25.5288 -93.8813 -141.47 -46.7416
-93.7577 -87.4275 -25.7678 -94.1283 -141.971 -48.8514
-94.2289 -88.1386 -26.0174 -94.3608 -142.455 -51.0145
-94.7013 -88.8521 -26.2779 -94.5776 -142.919 -53.2324
-95.1747 -89.5678 -26.5497 -94.7774 -143.363 -55.5061
-95.6491 -90.2857 -26.833 -94.959 -143.783 -57.8371
-96.1243 -91.0057 -27.1281 -95.121 -144.178 -60.2266
-96.6003 -91.7275 -27.4353 -95.2618 -144.547 -62.6757
-97.0769 -92.4511 -27.7548 -95.3798 -144.886 -65.1857
-97.5541 -93.1764 -28.0871 -95.4734 -145.193 -67.7577
-98.0316 -93.9031 -28.4324 -95.5408 -145.466 -70.3927
-98.5095 -94.631 -28.7911 -95.58 -145.703 -73.0918
-98.9874 -95.3601 -29.1634 -95.5892 -145.899 -75.8558
-99.4654 -96.09 -29.5497 -95.5661 -146.053 -78.6854
-99.9431 -96.8206 -29.9502 -95.5086 -146.16 -81.5814
-100.42 -97.5516 -30.3655 -95.4144 -146.218 -84.5441
-100.897 -98.2828 -30.7957 -95.2809 -146.223 -87.574
-101.373 -99.0139 -31.2412 -95.1057 -146.171 -90.6711
-101.848 -99.7445 -31.7024 -94.8861 -146.059 -93.8354
-102.322 -100.474 -32.1796 -94.6193 -145.882 -97.0663
-102.794 -101.203 -32.6731 -94.3025 -145.636 -100.363
-103.265 -101.931 -33.1833 -93.9325 -145.317 -103.726
-103.734 -102.656 -33.7104 -93.5065 -144.919 -107.152
-104.2 -103.38 -34.2548 -93.0212 -144.439 -110.64
-104.664 -104.101 -34.8168 -92.4733 -143.871 -114.188
-105.125 -104.819 -35.3967 -91.8597 -143.21 -117.793
-105.583 -105.533 -35.9948 -91.177 -142.452 -121.452
-106.037 -106.243 -36.6112 -90.4218 -141.591 -125.162
-106.487 -106.949 -37.2464 -89.5909 -140.622 -128.919
-106.933 -107.649 -37.9005 -88.6811 -139.54 -132.717
-107.374 -108.344 -38.5736 -87.689 -138.34 -136.55
-107.809 -109.033 -39.266 -86.6118 -137.017 -140.414
-108.24 -109.714 -39.9777 -85.4463 -135.566 -144.301
-108.664 -110.388 -40.709 -84.19 -133.983 -148.203
-109.082 -111.054 -41.4598 -82.8405 -132.264 -152.112
-109.492 -111.711 -42.2301 -81.3954 -130.405 -156.019
-109.896 -112.358 -43.02 -79.8531 -128.402 -159.915
-110.291 -112.995 -43.8293 -78.2121 -126.253 -163.789
-110.678 -113.621 -44.6579 -76.4716 -123.957 -167.631
-111.056 -114.235 -45.5056 -74.631 -121.51 -171.428
-111.424 -114.836 -46.3722 -72.6907 -118.914 -175.169
-111.782 -115.424 -47.2573 -70.6513 -116.168 -178.841
-112.13 -115.997 -48.1606 -68.5143 -113.273 -182.433
-112.468 -116.556 -49.0816 -66.2818 -110.232 -185.93
-112.793 -117.1 -50.0199 -63.9565 -107.048 -189.321
-113.107 -117.627 -50.9749 -61.5421 -103.726 -192.592
-113.409 -118.137 -51.9458 -59.0428 -100.27 -195.732
-113.698 -118.63 -52.9322 -56.4635 -96.6871 -198.728
-113.973 -119.104 -53.9331 -53.8098 -92.9851 -201.568
-114.236 -119.559 -54.9478 -51.088 -89.1723 -204.243
-114.484 -119.996 -55.9755 -48.3049 -85.2579 -206.743
-114.719 -120.412 -57.0153 -45.4679 -81.2523 -209.058
-114.939 -120.808 -58.0661 -42.5847 -77.1662 -211.181
-115.144 -121.184 -59.1271 -39.6635 -73.0112 -213.107
-115.335 -121.538 -60.1971 -36.7125 -68.7991 -214.83
-115.512 -121.872 -61.2753 -33.7403 -64.5422 -216.347
-115.673 -122.184 -62.3606 -30.7555 -60.253 -217.655
-115.819 -122.474 -63.4519 -27.7665 -55.9438 -218.754
-115.951 -122.743 -64.5481 -24.7817 -51.6269 -219.644
-116.067 -122.99 -65.6483 -21.8092 -47.3143 -220.328
-116.169 -123.216 -66.7514 -18.8568 -43.0176 -220.808
-116.256 -123.421 -67.8563 -15.9319 -38.7481 -221.09
-116.328 -123.604 -68.9622 -13.0413 -34.5161 -221.178
-116.386 -123.766 -70.0681 -10.1915 -30.3315 -221.08
-116.43 -123.907 -71.173 -7.38843 -26.2035 -220.801
-116.46 -124.028 -72.2761 -4.63726 -22.1402 -220.352
-116.476 -124.128 -73.3765 -1.94274 -18.1492 -219.739
-116.479 -124.209 -74.4735 0.691037 -14.237 -218.971
-116.469 -124.271 -75.5662 3.26057 -10.4095 -218.059
-116.447 -124.313 -76.654 5.76292 -6.67154 -217.011
-116.412 -124.338 -77.7363 8.19571 -3.02726 -215.837
-116.365 -124.344 -78.8124 10.5571 0.51997 -214.546
-116.306 -124.332 -79.8818 12.8457 3.96753 -213.148
-116.236 -124.304 -80.9439 15.0607 7.31348 -211.652
-116.156 -124.259 -81.9983 17.2016 10.5565 -210.067
-116.064 -124.198 -83.0445 19.2682 13.6959 -208.402
-115.963 -124.122 -84.0823 21.261 16.7315 -206.664
-115.852 -124.031 -85.1112 23.1804 19.6636 -204.863
-115.731 -123.926 -86.1309 25.0273 22.4928 -203.006
-115.601 -123.806 -87.1412 26.8029 25.2203 -201.1
-115.463 -123.673 -88.1419 28.5084 27.8473 -199.151
-115.316 -123.528 -89.1328 30.1452 30.3757 -197.166
-115.162 -123.37 -90.1136 31.715 32.8072 -195.152
-114.999 -123.2 -91.0843 33.2196 35.1439 -193.114
-114.829 -123.018 -92.0447 34.6607 37.388 -191.057
-114.653 -122.826 -92.9949 36.0402 39.5419 -188.985
-114.469 -122.623 -93.9346 37.3601 41.6078 -186.904
-114.279 -122.41 -94.8639 38.6224 43.5882 -184.818
-114.083 -122.187 -95.7828 39.8289 45.4856 -182.73
-113.881 -121.955 -96.6912 40.9818 47.3023 -180.644
-113.673 -121.714 -97.5892 42.083 49.0406 -178.563
-113.46 -121.465 -98.4768 43.1344 50.7028 -176.49
-113.242 -121.207 -99.3541 44.1379 52.2911 -174.427
-113.019 -120.942 -100.221 45.0953 53.8077 -172.378
-112.791 -120.669 -101.078 46.0083 55.2543 -170.343
-112.558 -120.389 -101.925 46.8786 56.6329 -168.325
-112.322 -120.103 -102.761 47.7077 57.9454 -166.325
-112.081 -119.81 -103.588 48.497 59.1934 -164.343
-111.837 -119.511 -104.405 49.2479 60.379 -162.38
-111.589 -119.206 -105.212 49.9614 61.5042 -160.435
-111.337 -118.896 -106.009 50.6389 62.5713 -158.51
-111.083 -118.58 -106.797 51.2813 63.583 -156.602
-110.825 -118.26 -107.575 51.89 64.5422 -154.712
-110.564 -117.935 -108.344 52.4661 65.4523 -152.839
-110.3 -117.605 -109.103 53.0108 66.3165 -150.983
-110.034 -117.272 -109.854 53.5258 67.1381 -149.144
-109.765 -116.934 -110.595 54.0123 67.9201 -147.322
-109.493 -116.592 -111.327 54.4718 68.6653 -145.519
-109.22 -116.247 -112.05 54.9058 69.3761 -143.735
-108.944 -115.899 -112.764 55.3157 70.0546 -141.97
-108.667 -115.547 -113.47 55.7026 70.7025 -140.225
-108.387 -115.192 -114.166 56.0678 71.3213 -138.502
-108.106 -114.834 -114.855 56.4125 71.9123 -136.8
-107.823 -114.473 -115.534 56.7377 72.4768 -135.12
-107.539 -114.109 -116.206 57.0443 73.0156 -133.461
-107.253 -113.742 -116.869 57.3332 73.5299 -131.826
-106.965 -113.373 -117.524 57.6052 74.0205 -130.212
-106.677 -113.002 -118.171 57.8612 74.4883 -128.621
-106.387 -112.629 -118.81 58.1019 74.9341 -127.052
-106.096 -112.253 -119.442 58.3279 75.3586 -125.505
-105.804 -111.875 -120.065 58.54 75.7628 -123.98
-105.51 -111.495 -120.682 58.7387 76.1473 -122.477
-105.216 -111.114 -121.29 58.9246 76.5128 -120.996
-104.921 -110.73 -121.892 59.0983 76.8601 -119.535
-104.625 -110.345 -122.486 59.2603 77.1898 -118.096
-104.328 -109.958 -123.073 59.4111 77.5027 -116.677
-104.031 -109.57 -123.652 59.5512 77.7992 -115.279
-103.733 -109.18 -124.225 59.6811 78.0802 -113.901
-103.434 -108.789 -124.791 59.8011 78.3461 -112.543
-103.135 -108.397 -125.351 59.9118 78.5975 -111.204
-102.835 -108.003 -125.903 60.0135 78.835 -109.884
-102.535 -107.608 -126.45 60.1066 79.0592 -108.583
-102.234 -107.213 -126.989 60.1914 79.2704 -107.3
-101.933 -106.816 -127.523 60.2683 79.4694 -106.036
-101.631 -106.418 -128.05 60.3377 79.6564 -104.789
-101.33 -106.019 -128.57 60.3998 79.832 -103.56
-101.027 -105.62 -129.085 60.4549 79.9967 -102.348
-100.725 -105.219 -129.594 60.5034 80.1508 -101.154
-100.422 -104.818 -130.097 60.5455 80.2947 -99.9753
-100.119 -104.416 -130.594 60.5814 80.4289 -98.8133
-99.8165 -104.014 -131.085 60.6115 80.5537 -97.6672
-99.5134 -103.611 -131.57 60.636 80.6695 -96.5369
-99.2101 -103.207 -132.05 60.6551 80.7767 -95.422
-98.9068 -102.803 -132.525 60.669 80.8755 -94.3222
-98.6035 -102.398 -132.994 60.6779 80.9664 -93.2372
-98.3001 -101.993 -133.457 60.6821 81.0495 -92.1668
-97.9966 -101.588 -133.915 60.6816 81.1253 -91.1107
-97.6932 -101.182 -134.368 60.6768 81.194 -90.0685
-97.3899 -100.776 -134.816 60.6678 81.2558 -89.0402
-97.0866 -100.369 -135.259 60.6548 81.3112 -88.0253
-96.7833 -99.9627 -135.696 60.6378 81.3602 -87.0236
-96.4802 -99.5558 -136.129 60.6172 81.4031 -86.035
-96.1771 -99.1487 -136.556 60.5929 81.4403 -85.0591
-95.8742 -98.7414 -136.979 60.5653 81.4719 -84.0957
-95.5715 -98.334 -137.397 60.5343 81.4981 -83.1445
-95.2689 -97.9264 -137.811 60.5001 81.5192 -82.2054
-94.9665 -97.5188 -138.22 60.4629 81.5354 -81.2781
-94.6643 -97.1111 -138.624 60.4228 81.5469 -80.3624
-94.3623 -96.7033 -139.023 60.3799 81.5538 -79.458
-94.0605 -96.2955 -139.418 60.3342 81.5563 -78.5648
-93.7589 -95.8877 -139.809 60.2859 81.5548 -77.6825
-93.4576 -95.48 -140.195 60.2351 81.5492 -76.811
-93.1566 -95.0722 -140.577 60.1819 81.5398 -75.95
-92.8558 -94.6646 -140.955 60.1264 81.5268 -75.0993
-92.5553 -94.257 -141.328 60.0686 81.5103 -74.2587
-92.2551 -93.8495 -141.697 60.0087 81.4904 -73.428
-91.9552 -93.4421 -142.062 59.9466 81.4674 -72.6071
-91.6556 -93.0348 -142.423 59.8826 81.4414 -71.7957
-91.3564 -92.6277 -142.78 59.8165 81.4125 -70.9937
-91.0575 -92.2207 -143.133 59.7486 81.3808 -70.2009
-90.7589 -91.8138 -143.482 59.6789 81.3466 -69.4171
-90.4607 -91.4072 -143.827 59.6073 81.3099 -68.642
-90.1628 -91.0007 -144.169 59.534 81.2709 -67.8756
-89.8653 -90.5945 -144.506 59.459 81.2297 -67.1177
-89.5682 -90.1884 -144.84 59.3823 81.1865 -66.368
-89.2715 -89.7826 -145.17 59.304 81.1413 -65.6264
-88.9752 -89.377 -145.496 59.2241 81.0943 -64.8927
-88.6793 -88.9717 -145.819 59.1425 81.0456 -64.1668
-88.3838 -88.5666 -146.138 59.0595 80.9954 -63.4484
-88.0887 -88.1617 -146.453 58.9748 80.9437 -62.7374
-87.794 -87.7571 -146.765 58.8886 80.8906 -62.0335
-87.4998 -87.3528 -147.073 58.8008 80.8363 -61.3367
-87.206 -86.9488 -147.378 58.7114 80.7808 -60.6467
-86.9127 -86.545 -147.68 58.6204 80.7243 -59.9633
-86.6198 -86.1415 -147.978 58.5277 80.6669 -59.2864
-86.3274 -85.7383 -148.273 58.4334 80.6085 -58.6157
-86.0355 -85.3354 -148.564 58.3373 80.5493 -57.951
-85.744 -84.9328 -148.852 58.2394 80.4894 -57.2921
-85.4531 -84.5305 -149.137 58.1397 80.4287 -56.6389
-85.1626 -84.1285 -149.419 58.0381 80.3672 -55.9911
-84.8727 -83.7269 -149.697 57.9344 80.305 -55.3484
-84.5833 -83.3255 -149.972 57.8287 80.242 -54.7108
-84.2944 -82.9244 -150.244 57.7208 80.1782 -54.0781
-84.0061 -82.5237 -150.513 57.6107 80.1134 -53.4499
-83.7183 -82.1233 -150.779 57.4983 80.0474 -52.8262
-83.4311 -81.7232 -151.041 57.3836 79.9802 -52.2068
-83.1445 -81.3235 -151.301 57.2665 79.9115 -51.5916
-82.8585 -80.9241 -151.557 57.1471 79.8411 -50.9805
-82.573 -80.5251 -151.811 57.0253 79.7686 -50.3734
-82.2882 -80.1264 -152.061 56.9014 79.6939 -49.7704
-82.004 -79.7282 -152.308 56.7754 79.6166 -49.1716
-81.7205 -79.3303 -152.553 56.6474 79.5365 -48.5769
-81.4375 -78.9328 -152.794 56.5179 79.4532 -47.9865
-81.1553 -78.5357 -153.032 56.3869 79.3667 -47.4007
-80.8737 -78.1391 -153.268 56.2549 79.2767 -46.8196
-80.5927 -77.743 -153.501 56.1222 79.1831 -46.2435
-80.3125 -77.3473 -153.73 55.9892 79.086 -45.6726
-80.0328 -76.9521 -153.957 55.8561 78.9855 -45.1071
-79.7539 -76.5574 -154.181 55.7234 78.8815 -44.5473
-79.4756 -76.1633 -154.403 55.5913 78.7744 -43.9933
-79.198 -75.7697 -154.621 55.4601 78.6644 -43.4453
-78.921 -75.3767 -154.837 55.3301 78.5516 -42.9033
-78.6447 -74.9842 -155.05 55.2014 78.4365 -42.3675
-78.369 -74.5923 -155.261 55.0742 78.3193 -41.8378
-78.0939 -74.201 -155.469 54.9486 78.2003 -41.3143
-77.8195 -73.8103 -155.674 54.8246 78.0799 -40.7969
-77.5457 -73.4202 -155.877 54.7024 77.9581 -40.2855
-77.2725 -73.0307 -156.077 54.5818 77.8354 -39.7801
-76.9999 -72.6418 -156.275 54.463 77.712 -39.2805
-76.7278 -72.2536 -156.47 54.3459 77.5879 -38.7867
-76.4564 -71.866 -156.662 54.2305 77.4636 -38.2985
-76.1855 -71.479 -156.853 54.1167 77.339 -37.8158
-75.9152 -71.0926 -157.041 54.0045 77.2143 -37.3385
-75.6455 -70.7068 -157.226 53.894 77.0897 -36.8665
-75.3763 -70.3217 -157.409 53.785 76.9653 -36.3996
-75.1076 -69.9372 -157.59 53.6775 76.8412 -35.9378
-74.8395 -69.5533 -157.769 53.5716 76.7175 -35.4809
-74.5719 -69.17 -157.945 53.4672 76.5942 -35.0289
-74.3048 -68.7873 -158.119 53.3643 76.4715 -34.5817
-74.0383 -68.4053 -158.291 53.2629 76.3494 -34.1392
-73.7722 -68.0238 -158.46 53.1631 76.228 -33.7014
-73.5066 -67.643 -158.628 53.0648 76.1073 -33.2682
-73.2416 -67.2628 -158.793 52.9682 75.9876 -32.8396
-72.977 -66.8831 -158.956 52.8732 75.8687 -32.4155
-72.7128 -66.5041 -159.117 52.7801 75.7509 -31.996
-72.4492 -66.1256 -159.276 52.6887 75.6341 -31.5811
-72.1859 -65.7477 -159.433 52.5993 75.5186 -31.1707
-71.9232 -65.3704 -159.588 52.512 75.4043 -30.765
-71.6608 -64.9937 -159.741 52.4268 75.2914 -30.364
-71.3989 -64.6175 -159.892 52.3441 75.18 -29.9678
-71.1374 -64.2419 -160.04 52.264 75.0703 -29.5765
-70.8762 -63.8668 -160.187 52.1866 74.9623 -29.1903
-70.6155 -63.4922 -160.332 52.1124 74.8562 -28.8094
-70.3551 -63.1182 -160.475 52.0416 74.7521 -28.4341
-70.0951 -62.7447 -160.617 51.9745 74.6502 -28.0647
-69.8354 -62.3717 -160.756 51.9117 74.5507 -27.7017
-69.576 -61.9992 -160.894 51.8534 74.4537 -27.3454
-69.3168 -61.6272 -161.029 51.8004 74.3594 -26.9967
-69.0579 -61.2556 -161.164 51.7532 74.2678 -26.6563
-68.7993 -60.8845 -161.296 51.7125 74.1791 -26.3251
-68.5408 -60.5138 -161.427 51.6792 74.0933 -26.0044
-68.2825 -60.1436 -161.556 51.6539 74.0103 -25.6957
-68.0243 -59.7737 -161.684 51.6378 73.9297 -25.4007
-67.7661 -59.4043 -161.81 51.6316 73.851 -25.1216
-67.5079 -59.0352 -161.935 51.6362 73.7733 -24.8611
-67.2497 -58.6665 -162.059 51.6522 73.6949 -24.622
-66.9914 -58.2983 -162.181 51.6798 73.6136 -24.4077
-66.7329 -57.9304 -162.303 51.7184 73.5262 -24.2216
-66.4742 -57.563 -162.424 51.7664 73.4284 -24.0666
-66.2153 -57.1961 -162.544 51.8205 73.3149 -23.9448
-65.956 -56.8299 -162.663 51.8759 73.1797 -23.8561
-65.6965 -56.4644 -162.782 51.9259 73.0172 -23.7974
-65.4368 -56.0998 -162.901 51.9628 72.8232 -23.7621
-65.1769 -55.7362 -163.02 51.9792 72.5964 -23.7402
-64.9171 -55.3738 -163.138 51.9695 72.339 -23.7197
-64.6573 -55.0128 -163.257 51.931 72.0569 -23.6885
-64.3978 -54.6533 -163.375 51.8643 71.758 -23.637
-64.1387 -54.2952 -163.493 51.7727 71.4508 -23.5589
-63.8801 -53.9387 -163.611 51.6608 71.1431 -23.4518
-63.6221 -53.5838 -163.728 51.5339 70.8406 -23.316
-63.3648 -53.2303 -163.844 51.3966 70.5472 -23.1538
-63.1081 -52.8783 -163.959 51.2528 70.265 -22.9685
-62.8522 -52.5276 -164.074 51.1056 69.995 -22.7637
-62.5971 -52.1783 -164.187 50.957 69.7372 -22.5428
-62.3427 -51.8303 -164.299 50.8085 69.4909 -22.3088
-62.089 -51.4834 -164.41 50.6613 69.2556 -22.0643
-61.8361 -51.1377 -164.52 50.5157 69.0301 -21.8115
-61.5838 -50.7931 -164.628 50.3723 68.8136 -21.5523
-61.3323 -50.4495 -164.735 50.2312 68.6051 -21.288
-61.0815 -50.107 -164.841 50.0925 68.4039 -21.0199
-60.8314 -49.7655 -164.945 49.9561 68.209 -20.749
-60.582 -49.4249 -165.048 49.822 68.0199 -20.476
-60.3332 -49.0853 -165.15 49.69 67.836 -20.2016
-60.0851 -48.7465 -165.25 49.5601 67.6566 -19.9262
-59.8376 -48.4087 -165.349 49.4322 67.4814 -19.6504
-59.5907 -48.0717 -165.447 49.3061 67.3099 -19.3744
-59.3445 -47.7356 -165.543 49.1817 67.1417 -19.0985
-59.0989 -47.4003 -165.638 49.0589 66.9766 -18.823
-58.8539 -47.0658 -165.731 48.9377 66.8142 -18.548
-58.6095 -46.7322 -165.823 48.8179 66.6543 -18.2738
-58.3657 -46.3993 -165.914 48.6994 66.4967 -18.0003
-58.1225 -46.0672 -166.003 48.5822 66.3412 -17.7278
-57.8799 -45.7359 -166.091 48.4661 66.1877 -17.4563
-57.6379 -45.4053 -166.178 48.3512 66.0359 -17.1859
-57.3964 -45.0755 -166.263 48.2373 65.8858 -16.9167
-57.1555 -44.7464 -166.347 48.1244 65.7372 -16.6486
-56.9152 -44.4181 -166.43 48.0124 65.59 -16.3818
-56.6754 -44.0905 -166.511 47.9014 65.4441 -16.1162
-56.4361 -43.7637 -166.591 47.7912 65.2994 -15.852
-56.1975 -43.4375 -166.669 47.6818 65.156 -15.589
-55.9593 -43.1121 -166.747 47.5732 65.0136 -15.3274
-55.7217 -42.7874 -166.823 47.4653 64.8722 -15.0671
-55.4847 -42.4634 -166.897 47.3581 64.7318 -14.8082
-55.2481 -42.1401 -166.971 47.2516 64.5923 -14.5506
-55.0122 -41.8175 -167.043 47.1458 64.4537 -14.2944
-54.7767 -41.4956 -167.114 47.0406 64.3159 -14.0396
-54.5417 -41.1743 -167.183 46.936 64.1789 -13.7861
-54.3073 -40.8538 -167.252 46.832 64.0427 -13.5339
-54.0734 -40.5339 -167.319 46.7286 63.9072 -13.2831
-53.84 -40.2147 -167.384 46.6257 63.7724 -13.0336
-53.6072 -39.8962 -167.449 46.5234 63.6382 -12.7855
-53.3748 -39.5783 -167.512 46.4216 63.5047 -12.5387
-53.143 -39.2611 -167.574 46.3204 63.3718 -12.2933
-52.9116 -38.9446 -167.635 46.2196 63.2395 -12.0491
-52.6808 -38.6287 -167.695 46.1193 63.1078 -11.8063
-52.4504 -38.3135 -167.753 46.0195 62.9766 -11.5648
-52.2206 -37.999 -167.811 45.9202 62.846 -11.3245
-51.9912 -37.685 -167.867 45.8214 62.7159 -11.0856
-51.7623 -37.3718 -167.921 45.7231 62.5864 -10.8479
-51.534 -37.0592 -167.975 45.6252 62.4573 -10.6114
-51.3061 -36.7472 -168.028 45.5277 62.3287 -10.3763
-51.0787 -36.4359 -168.079 45.4307 62.2006 -10.1423
-50.8518 -36.1252 -168.129 45.3342 62.073 -9.90962
-50.6254 -35.8152 -168.178 45.2381 61.9459 -9.67814
-50.3994 -35.5058 -168.226 45.1424 61.8192 -9.44786
-50.1739 -35.197 -168.272 45.0472 61.6929 -9.21878
-49.9489 -34.8888 -168.318 44.9524 61.5671 -8.99088
-49.7244 -34.5813 -168.362 44.8581 61.4417 -8.76416
-49.5003 -34.2744 -168.406 44.7642 61.3168 -8.53861
-49.2768 -33.9681 -168.448 44.6708 61.1923 -8.3142
-49.0536 -33.6625 -168.489 44.5778 61.0682 -8.09094
-48.831 -33.3575 -168.529 44.4852 60.9445 -7.86881
-48.6088 -33.053 -168.567 44.3931 60.8212 -7.6478
-48.3871 -32.7492 -168.605 44.3015 60.6984 -7.4279
-48.1658 -32.4461 -168.642 44.2103 60.5759 -7.2091
-47.9449 -32.1435 -168.677 44.1196 60.4538 -6.99138
-47.7246 -31.8415 -168.712 44.0294 60.3322 -6.77473
-47.5047 -31.5402 -168.745 43.9396 60.2109 -6.55915
-47.2852 -31.2394 -168.777 43.8504 60.0901 -6.34462
-47.0661 -30.9393 -168.808 43.7616 59.9696 -6.13114
-46.8476 -30.6397 -168.838 43.6733 59.8496 -5.91868
-46.6294 -30.3408 -168.868 43.5856 59.7299 -5.70724
-46.4117 -30.0424 -168.896 43.4984 59.6107 -5.4968
-46.1944 -29.7447 -168.923 43.4117 59.4918 -5.28737
-45.9776 -29.4475 -168.948 43.3256 59.3733 -5.07891
-45.7612 -29.1509 -168.973 43.2401 59.2553 -4.87144
-45.5452 -28.8549 -168.997 43.1552 59.1376 -4.66492
-45.3296 -28.5595 -169.02 43.0709 59.0204 -4.45935
-45.1145 -28.2647 -169.042 42.9872 58.9035 -4.25473
-44.8997 -27.9705 -169.062 42.9041 58.7871 -4.05103
-44.6854 -27.6769 -169.082 42.8218 58.671 -3.84825
-44.4715 -27.3838 -169.101 42.7401 58.5554 -3.64637
-44.258 -27.0913 -169.119 42.6592 58.4401 -3.44539
-44.0449 -26.7994 -169.135 42.579 58.3253 -3.2453
-43.8322 -26.5081 -169.151 42.4997 58.2109 -3.04607
-43.6199 -26.2173 -169.166 42.4211 58.0969 -2.84771
-43.408 -25.9271 -169.18 42.3435 57.9834 -2.6502
-43.1965 -25.6374 -169.192 42.2667 57.8702 -2.45352
-42.9854 -25.3484 -169.204 42.1909 57.7575 -2.25768
-42.7746 -25.0599 -169.215 42.1162 57.6452 -2.06265
-42.5642 -24.7719 -169.225 42.0425 57.5333 -1.86843
-42.3542 -24.4845 -169.234 41.9699 57.4218 -1.67501
-42.1445 -24.1977 -169.242 41.8985 57.3107 -1.48237
-41.9352 -23.9114 -169.248 41.8283 57.2 -1.29052
-41.7262 -23.6257 -169.254 41.7595 57.0897 -1.09943
-41.5176 -23.3405 -169.259 41.6921 56.9798 -0.909096
-41.3093 -23.0559 -169.264 41.6262 56.8702 -0.71952
-41.1013 -22.7718 -169.267 41.5619 56.7611 -0.530689
-40.8937 -22.4883 -169.269 41.4993 56.6522 -0.3426
-40.6863 -22.2053 -169.27 41.4386 56.5436 -0.155248
-40.4793 -21.9229 -169.27 41.3798 56.4354 0.0313682
-40.2725 -21.641 -169.27 41.3231 56.3273 0.217249
-40.066 -21.3596 -169.268 41.2686 56.2194 0.402391
-39.8598 -21.0788 -169.266 41.2164 56.1116 0.586787
-39.6539 -20.7985 -169.262 41.1669 56.0039 0.770428
-39.4482 -20.5187 -169.258 41.1201 55.8961 0.953298
-39.2427 -20.2395 -169.253 41.0761 55.7881 1.13538
-39.0374 -19.9608 -169.247 41.0353 55.6798 1.31663
-38.8323 -19.6827 -169.24 40.9979 55.571 1.49704
-38.6274 -19.4051 -169.232 40.9639 55.4616 1.67654
-38.4227 -19.1281 -169.223 40.9338 55.3514 1.85508
-38.2181 -18.8516 -169.213 40.9076 55.2399 2.0326
-38.0136 -18.5757 -169.203 40.8856 55.1271 2.20901
-37.8092 -18.3003 -169.191 40.8679 55.0125 2.38421
-37.6049 -18.0256 -169.179 40.8548 54.8957 2.55808
-37.4006 -17.7514 -169.166 40.8463 54.7763 2.73049
-37.1964 -17.4778 -169.151 40.8425 54.6537 2.90128
-36.9922 -17.2049 -169.137 40.8434 54.5275 3.07027
-36.788 -16.9325 -169.121 40.8488 54.3971 3.23729
-36.5837 -16.6609 -169.104 40.8585 54.2619 3.40211
-36.3794 -16.3899 -169.087 40.8721 54.1212 3.56454
-36.175 -16.1197 -169.068 40.8891 53.9746 3.72437
-35.9705 -15.8502 -169.049 40.9087 53.8216 3.8814
-35.7659 -15.5815 -169.03 40.9301 53.6616 4.03547
-35.5612 -15.3136 -169.009 40.9521 53.4947 4.18645
-35.3564 -15.0466 -168.988 40.9737 53.3205 4.33428
-35.1515 -14.7804 -168.966 40.9937 53.1395 4.47896
-34.9464 -14.5152 -168.943 41.0106 52.9518 4.62056
-34.7414 -14.2509 -168.92 41.0235 52.7583 4.75924
-34.5362 -13.9876 -168.895 41.0311 52.5596 4.89523
-34.3311 -13.7253 -168.871 41.0325 52.3569 5.02881
-34.1259 -13.464 -168.845 41.0272 52.1511 5.16033
-33.9208 -13.2038 -168.819 41.0146 51.9434 5.29013
-33.7158 -12.9446 -168.792 40.9945 51.735 5.4186
-33.5109 -12.6864 -168.765 40.967 51.5269 5.54608
-33.3061 -12.4293 -168.737 40.9322 51.3201 5.6729
-33.1016 -12.1732 -168.708 40.8905 51.1152 5.79935
-32.8972 -11.9182 -168.679 40.8424 50.9131 5.92567
-32.6931 -11.6641 -168.649 40.7884 50.7141 6.05207
-32.4893 -11.411 -168.618 40.7291 50.5187 6.17869
-32.2859 -11.1589 -168.587 40.6651 50.3271 6.30566
-32.0827 -10.9077 -168.555 40.5969 50.1394 6.43304
-31.8799 -10.6575 -168.523 40.525 49.9557 6.56088
-31.6775 -10.4082 -168.49 40.45 49.776 6.68922
-31.4754 -10.1597 -168.456 40.3723 49.6001 6.81803
-31.2737 -9.91218 -168.421 40.2923 49.4279 6.94733
-31.0725 -9.66546 -168.386 40.2103 49.2594 7.07707
-30.8716 -9.41958 -168.351 40.1267 49.0944 7.20723
-30.6712 -9.17451 -168.314 40.0418 48.9326 7.33776
-30.4712 -8.93025 -168.277 39.9557 48.774 7.46863
-30.2717 -8.68677 -168.24 39.8688 48.6183 7.59979
-30.0725 -8.44406 -168.201 39.7811 48.4653 7.7312
-29.8738 -8.20211 -168.162 39.6928 48.3149 7.86281
-29.6756 -7.96091 -168.123 39.604 48.167 7.99458
-29.4778 -7.72044 -168.082 39.5149 48.0213 8.12648
-29.2805 -7.48069 -168.041 39.4255 47.8778 8.25846
-29.0835 -7.24165 -168 39.336 47.7363 8.39049
-28.8871 -7.00332 -167.958 39.2463 47.5967 8.52253
-28.6911 -6.76568 -167.915 39.1566 47.4589 8.65455
-28.4955 -6.52873 -167.871 39.0669 47.3227 8.78653
-28.3004 -6.29246 -167.827 38.9772 47.188 8.91842
-28.1058 -6.05685 -167.782 38.8875 47.0548 9.05022
-27.9115 -5.8219 -167.736 38.798 46.923 9.18189
-27.7178 -5.58762 -167.69 38.7086 46.7925 9.31342
-27.5245 -5.35398 -167.643 38.6192 46.6632 9.44478
-27.3316 -5.12098 -167.596 38.5301 46.535 9.57595
