100 50 25 0 0 -49
99.9999 49.9999 24.7549 -0.0551933 -0.0331424 -49.0226
99.9994 49.9997 24.5098 -0.110457 -0.0663289 -49.0451
99.9988 49.9993 24.2645 -0.16579 -0.0995594 -49.0676
99.9978 49.9987 24.0191 -0.221195 -0.132834 -49.0901
99.9965 49.9979 23.7736 -0.276669 -0.166153 -49.1126
99.995 49.997 23.528 -0.332215 -0.199516 -49.135
99.9932 49.9959 23.2822 -0.387831 -0.232924 -49.1574
99.9911 49.9947 23.0364 -0.443518 -0.266376 -49.1797
99.9888 49.9933 22.7904 -0.499277 -0.299873 -49.202
99.9862 49.9917 22.5444 -0.555106 -0.333414 -49.2243
99.9832 49.9899 22.2982 -0.611007 -0.367 -49.2466
99.98 49.988 22.0519 -0.666979 -0.400631 -49.2688
99.9766 49.9859 21.8055 -0.723023 -0.434307 -49.291
99.9728 49.9837 21.559 -0.779139 -0.468027 -49.3132
99.9688 49.9812 21.3124 -0.835327 -0.501793 -49.3353
99.9645 49.9787 21.0656 -0.891587 -0.535604 -49.3574
99.9599 49.9759 20.8188 -0.947919 -0.56946 -49.3795
99.955 49.973 20.5719 -1.00432 -0.603361 -49.4015
99.9498 49.9699 20.3248 -1.0608 -0.637307 -49.4235
99.9444 49.9666 20.0776 -1.11735 -0.671299 -49.4455
99.9386 49.9631 19.8303 -1.17397 -0.705336 -49.4674
99.9326 49.9595 19.5829 -1.23067 -0.739419 -49.4893
99.9263 49.9557 19.3354 -1.28743 -0.773548 -49.5112
99.9198 49.9518 19.0878 -1.34428 -0.807722 -49.533
99.9129 49.9477 18.8401 -1.40119 -0.841942 -49.5548
99.9057 49.9434 18.5923 -1.45818 -0.876208 -49.5766
99.8983 49.9389 18.3443 -1.51524 -0.91052 -49.5983
99.8906 49.9343 18.0963 -1.57237 -0.944878 -49.62
99.8826 49.9295 17.8482 -1.62958 -0.979282 -49.6417
99.8743 49.9245 17.5999 -1.68687 -1.01373 -49.6633
99.8657 49.9193 17.3515 -1.74422 -1.04823 -49.6849
99.8569 49.914 17.103 -1.80166 -1.08277 -49.7064
99.8477 49.9085 16.8545 -1.85916 -1.11736 -49.728
99.8383 49.9028 16.6058 -1.91674 -1.152 -49.7495
99.8285 49.897 16.357 -1.9744 -1.18668 -49.7709
99.8185 49.891 16.108 -2.03213 -1.22141 -49.7924
99.8082 49.8848 15.859 -2.08993 -1.25618 -49.8137
99.7976 49.8784 15.6099 -2.14781 -1.29101 -49.8351
99.7867 49.8719 15.3607 -2.20577 -1.32588 -49.8564
99.7756 49.8651 15.1113 -2.2638 -1.36079 -49.8777
99.7641 49.8582 14.8619 -2.32191 -1.39576 -49.899
99.7523 49.8512 14.6124 -2.38009 -1.43077 -49.9202
99.7403 49.8439 14.3627 -2.43835 -1.46583 -49.9413
99.728 49.8365 14.1129 -2.49668 -1.50093 -49.9625
99.7153 49.8289 13.8631 -2.55509 -1.53608 -49.9836
99.7024 49.8212 13.6131 -2.61358 -1.57128 -50.0047
99.6892 49.8132 13.363 -2.67214 -1.60653 -50.0257
99.6757 49.8051 13.1129 -2.73078 -1.64183 -50.0467
99.6619 49.7968 12.8626 -2.7895 -1.67717 -50.0677
99.6478 49.7883 12.6122 -2.84829 -1.71256 -50.0886
99.6334 49.7797 12.3617 -2.90716 -1.748 -50.1095
99.6187 49.7708 12.1111 -2.96611 -1.78349 -50.1303
99.6037 49.7618 11.8604 -3.02514 -1.81903 -50.1512
99.5885 49.7527 11.6096 -3.08424 -1.85461 -50.1719
99.5729 49.7433 11.3587 -3.14342 -1.89024 -50.1927
99.557 49.7337 11.1076 -3.20268 -1.92592 -50.2134
99.5409 49.724 10.8565 -3.26201 -1.96165 -50.2341
99.5244 49.7141 10.6053 -3.32143 -1.99743 -50.2547
99.5077 49.7041 10.354 -3.38092 -2.03325 -50.2753
99.4906 49.6938 10.1025 -3.44049 -2.06913 -50.2958
99.4733 49.6834 9.85102 -3.50014 -2.10505 -50.3164
99.4556 49.6727 9.59939 -3.55987 -2.14102 -50.3368
99.4377 49.662 9.34765 -3.61968 -2.17704 -50.3573
99.4194 49.651 9.09581 -3.67957 -2.21311 -50.3777
99.4009 49.6398 8.84387 -3.73953 -2.24923 -50.398
99.382 49.6285 8.59183 -3.79958 -2.2854 -50.4184
99.3629 49.617 8.33969 -3.8597 -2.32162 -50.4387
99.3434 49.6053 8.08745 -3.91991 -2.35789 -50.4589
99.3237 49.5934 7.8351 -3.98019 -2.3942 -50.4791
99.3036 49.5813 7.58265 -4.04055 -2.43057 -50.4993
99.2833 49.5691 7.33011 -4.101 -2.46699 -50.5194
99.2626 49.5567 7.07746 -4.16152 -2.50345 -50.5395
99.2416 49.5441 6.82471 -4.22213 -2.53997 -50.5596
99.2204 49.5313 6.57186 -4.28282 -2.57653 -50.5796
99.1988 49.5183 6.31892 -4.34358 -2.61315 -50.5996
99.1769 49.5051 6.06587 -4.40443 -2.64981 -50.6195
99.1548 49.4918 5.81272 -4.46536 -2.68653 -50.6394
99.1323 49.4783 5.55947 -4.52637 -2.7233 -50.6593
99.1095 49.4646 5.30613 -4.58746 -2.76011 -50.6791
99.0864 49.4507 5.05268 -4.64864 -2.79698 -50.6989
99.063 49.4366 4.79914 -4.70989 -2.8339 -50.7186
99.0393 49.4223 4.5455 -4.77123 -2.87087 -50.7383
99.0153 49.4079 4.29176 -4.83265 -2.90788 -50.758
98.991 49.3932 4.03792 -4.89415 -2.94495 -50.7776
98.9664 49.3784 3.78398 -4.95573 -2.98207 -50.7972
98.9414 49.3634 3.52995 -5.0174 -3.01925 -50.8167
98.9162 49.3482 3.27581 -5.07915 -3.05647 -50.8362
98.8906 49.3329 3.02158 -5.14098 -3.09374 -50.8556
98.8648 49.3173 2.76726 -5.2029 -3.13107 -50.875
98.8386 49.3015 2.51283 -5.2649 -3.16844 -50.8944
98.8121 49.2856 2.25831 -5.32698 -3.20587 -50.9137
98.7853 49.2695 2.0037 -5.38915 -3.24335 -50.933
98.7582 49.2532 1.74898 -5.4514 -3.28088 -50.9523
98.7308 49.2367 1.49417 -5.51373 -3.31847 -50.9715
98.7031 49.22 1.23927 -5.57615 -3.3561 -50.9906
98.6751 49.2031 0.984268 -5.63865 -3.39379 -51.0097
98.6467 49.1861 0.729171 -5.70124 -3.43152 -51.0288
98.618 49.1688 0.47398 -5.76391 -3.46932 -51.0478
98.5891 49.1514 0.218693 -5.82667 -3.50716 -51.0668
98.5598 49.1337 -0.0366885 -5.88951 -3.54505 -51.0858
98.5302 49.1159 -0.292165 -5.95243 -3.583 -51.1047
98.5003 49.0979 -0.547735 -6.01545 -3.621 -51.1235
98.47 49.0797 -0.8034 -6.07854 -3.65905 -51.1423
98.4395 49.0613 -1.05916 -6.14173 -3.69716 -51.1611
98.4086 49.0427 -1.31501 -6.205 -3.73532 -51.1798
98.3774 49.024 -1.57096 -6.26835 -3.77353 -51.1985
98.3459 49.005 -1.827 -6.33179 -3.81179 -51.2172
98.3141 48.9858 -2.08313 -6.39532 -3.85011 -51.2357
98.282 48.9665 -2.33935 -6.45893 -3.88848 -51.2543
98.2495 48.947 -2.59567 -6.52263 -3.9269 -51.2728
98.2167 48.9272 -2.85208 -6.58642 -3.96538 -51.2913
98.1837 48.9073 -3.10858 -6.6503 -4.00391 -51.3097
98.1502 48.8872 -3.36518 -6.71426 -4.04249 -51.328
98.1165 48.8669 -3.62186 -6.77831 -4.08113 -51.3464
98.0825 48.8464 -3.87864 -6.84245 -4.11982 -51.3647
98.0481 48.8257 -4.13551 -6.90667 -4.15856 -51.3829
98.0134 48.8048 -4.39247 -6.97098 -4.19736 -51.4011
97.9784 48.7837 -4.64952 -7.03539 -4.23621 -51.4192
97.943 48.7624 -4.90666 -7.09988 -4.27512 -51.4373
97.9074 48.741 -5.16389 -7.16445 -4.31408 -51.4554
97.8714 48.7193 -5.42122 -7.22912 -4.35309 -51.4734
97.8351 48.6974 -5.67863 -7.29388 -4.39216 -51.4913
97.7985 48.6754 -5.93613 -7.35872 -4.43128 -51.5092
97.7615 48.6531 -6.19372 -7.42366 -4.47046 -51.5271
97.7242 48.6307 -6.4514 -7.48868 -4.50969 -51.5449
97.6866 48.608 -6.70917 -7.55379 -4.54898 -51.5627
97.6487 48.5852 -6.96703 -7.619 -4.58832 -51.5804
97.6104 48.5621 -7.22497 -7.68429 -4.62772 -51.5981
97.5718 48.5389 -7.48301 -7.74967 -4.66717 -51.6157
97.5329 48.5155 -7.74113 -7.81515 -4.70668 -51.6333
97.4937 48.4918 -7.99934 -7.88071 -4.74624 -51.6509
97.4541 48.468 -8.25764 -7.94637 -4.78586 -51.6683
97.4142 48.444 -8.51603 -8.01211 -4.82553 -51.6858
97.374 48.4197 -8.7745 -8.07795 -4.86526 -51.7032
97.3334 48.3953 -9.03306 -8.14388 -4.90504 -51.7205
97.2926 48.3707 -9.2917 -8.2099 -4.94488 -51.7378
97.2513 48.3459 -9.55044 -8.27601 -4.98478 -51.755
97.2098 48.3208 -9.80925 -8.34221 -5.02473 -51.7722
97.1679 48.2956 -10.0682 -8.40851 -5.06474 -51.7894
97.1257 48.2702 -10.3271 -8.4749 -5.1048 -51.8065
97.0832 48.2446 -10.5862 -8.54138 -5.14492 -51.8235
97.0403 48.2187 -10.8454 -8.60795 -5.18509 -51.8405
96.9971 48.1927 -11.1046 -8.67462 -5.22532 -51.8575
96.9535 48.1665 -11.364 -8.74137 -5.26561 -51.8744
96.9097 48.1401 -11.6234 -8.80823 -5.30596 -51.8912
96.8655 48.1134 -11.8829 -8.87517 -5.34636 -51.908
96.8209 48.0866 -12.1425 -8.94221 -5.38682 -51.9248
96.776 48.0596 -12.4021 -9.00935 -5.42733 -51.9415
96.7308 48.0323 -12.6619 -9.07657 -5.4679 -51.9581
96.6853 48.0049 -12.9217 -9.14389 -5.50853 -51.9747
96.6394 47.9772 -13.1816 -9.21131 -5.54922 -51.9912
96.5932 47.9494 -13.4416 -9.27882 -5.58996 -52.0077
96.5466 47.9213 -13.7017 -9.34643 -5.63076 -52.0242
96.4997 47.8931 -13.9619 -9.41413 -5.67161 -52.0406
96.4525 47.8646 -14.2221 -9.48192 -5.71253 -52.0569
96.4049 47.836 -14.4824 -9.54981 -5.7535 -52.0732
96.357 47.8071 -14.7428 -9.6178 -5.79453 -52.0894
96.3087 47.778 -15.0033 -9.68588 -5.83562 -52.1056
96.2601 47.7487 -15.2639 -9.75406 -5.87676 -52.1217
96.2112 47.7192 -15.5245 -9.82233 -5.91797 -52.1378
96.1619 47.6896 -15.7853 -9.89071 -5.95923 -52.1538
96.1123 47.6597 -16.0461 -9.95917 -6.00055 -52.1698
96.0623 47.6296 -16.307 -10.0277 -6.04192 -52.1857
96.012 47.5992 -16.5679 -10.0964 -6.08336 -52.2016
95.9613 47.5687 -16.829 -10.1652 -6.12485 -52.2174
95.9103 47.538 -17.0901 -10.234 -6.1664 -52.2331
95.859 47.5071 -17.3513 -10.303 -6.20801 -52.2488
95.8073 47.4759 -17.6126 -10.372 -6.24968 -52.2645
95.7553 47.4446 -17.874 -10.4412 -6.29141 -52.2801
95.7029 47.413 -18.1354 -10.5104 -6.3332 -52.2956
95.6502 47.3812 -18.3969 -10.5798 -6.37504 -52.3111
95.5971 47.3492 -18.6585 -10.6492 -6.41695 -52.3265
95.5437 47.3171 -18.9202 -10.7188 -6.45891 -52.3419
95.4899 47.2847 -19.1819 -10.7884 -6.50093 -52.3572
95.4358 47.252 -19.4437 -10.8581 -6.54302 -52.3724
95.3813 47.2192 -19.7056 -10.928 -6.58516 -52.3877
95.3265 47.1862 -19.9676 -10.9979 -6.62736 -52.4028
95.2713 47.153 -20.2297 -11.068 -6.66962 -52.4179
95.2158 47.1195 -20.4918 -11.1381 -6.71194 -52.4329
95.16 47.0858 -20.754 -11.2083 -6.75431 -52.4479
95.1037 47.052 -21.0163 -11.2787 -6.79675 -52.4628
95.0472 47.0179 -21.2786 -11.3491 -6.83925 -52.4777
94.9902 46.9836 -21.5411 -11.4197 -6.88181 -52.4925
94.933 46.949 -21.8036 -11.4903 -6.92443 -52.5073
94.8753 46.9143 -22.0661 -11.5611 -6.96711 -52.522
94.8174 46.8794 -22.3288 -11.6319 -7.00985 -52.5366
94.759 46.8442 -22.5915 -11.7029 -7.05264 -52.5512
94.7003 46.8088 -22.8543 -11.7739 -7.0955 -52.5657
94.6413 46.7733 -23.1172 -11.8451 -7.13842 -52.5802
94.5819 46.7375 -23.3801 -11.9163 -7.1814 -52.5946
94.5221 46.7015 -23.6431 -11.9877 -7.22444 -52.6089
94.462 46.6652 -23.9062 -12.0592 -7.26754 -52.6232
94.4015 46.6288 -24.1693 -12.1307 -7.3107 -52.6374
94.3407 46.5921 -24.4326 -12.2024 -7.35393 -52.6516
94.2795 46.5552 -24.6958 -12.2742 -7.39721 -52.6657
94.218 46.5181 -24.9592 -12.346 -7.44055 -52.6798
94.156 46.4808 -25.2226 -12.418 -7.48396 -52.6938
94.0938 46.4433 -25.4861 -12.4901 -7.52742 -52.7077
94.0311 46.4056 -25.7497 -12.5623 -7.57095 -52.7216
93.9682 46.3676 -26.0134 -12.6346 -7.61454 -52.7354
93.9048 46.3294 -26.2771 -12.707 -7.65819 -52.7491
93.8411 46.291 -26.5409 -12.7795 -7.7019 -52.7628
93.777 46.2524 -26.8047 -12.8521 -7.74567 -52.7764
93.7126 46.2136 -27.0686 -12.9248 -7.7895 -52.79
93.6478 46.1745 -27.3326 -12.9976 -7.8334 -52.8035
93.5826 46.1352 -27.5967 -13.0706 -7.87735 -52.8169
93.517 46.0957 -27.8608 -13.1436 -7.92137 -52.8303
93.4511 46.056 -28.125 -13.2167 -7.96545 -52.8437
93.3849 46.0161 -28.3892 -13.29 -8.00959 -52.8569
93.3182 45.9759 -28.6535 -13.3633 -8.05379 -52.8701
93.2512 45.9355 -28.9179 -13.4368 -8.09806 -52.8832
93.1839 45.8949 -29.1824 -13.5104 -8.14238 -52.8963
93.1161 45.8541 -29.4469 -13.584 -8.18677 -52.9093
93.048 45.8131 -29.7115 -13.6578 -8.23122 -52.9223
92.9796 45.7718 -29.9761 -13.7317 -8.27574 -52.9351
92.9107 45.7303 -30.2408 -13.8057 -8.32031 -52.948
92.8415 45.6886 -30.5056 -13.8798 -8.36495 -52.9607
92.7719 45.6467 -30.7704 -13.954 -8.40965 -52.9734
92.702 45.6045 -31.0353 -14.0283 -8.45441 -52.986
92.6316 45.5621 -31.3003 -14.1028 -8.49923 -52.9986
92.5609 45.5195 -31.5653 -14.1773 -8.54412 -53.0111
92.4899 45.4767 -31.8304 -14.252 -8.58907 -53.0235
92.4184 45.4336 -32.0955 -14.3267 -8.63408 -53.0359
92.3466 45.3903 -32.3607 -14.4016 -8.67915 -53.0482
92.2744 45.3468 -32.626 -14.4766 -8.72429 -53.0604
92.2018 45.3031 -32.8913 -14.5517 -8.76948 -53.0726
92.1289 45.2591 -33.1567 -14.6269 -8.81474 -53.0847
92.0556 45.2149 -33.4222 -14.7022 -8.86007 -53.0967
91.9819 45.1705 -33.6877 -14.7776 -8.90545 -53.1087
91.9078 45.1259 -33.9533 -14.8532 -8.9509 -53.1206
91.8333 45.081 -34.2189 -14.9288 -8.99641 -53.1324
91.7585 45.0359 -34.4846 -15.0046 -9.04199 -53.1442
91.6833 44.9906 -34.7504 -15.0805 -9.08762 -53.1559
91.6077 44.945 -35.0162 -15.1564 -9.13332 -53.1675
91.5317 44.8993 -35.282 -15.2325 -9.17908 -53.1791
91.4554 44.8533 -35.548 -15.3088 -9.22491 -53.1906
91.3786 44.807 -35.8139 -15.3851 -9.2708 -53.202
91.3015 44.7605 -36.08 -15.4615 -9.31675 -53.2134
91.224 44.7138 -36.3461 -15.5381 -9.36276 -53.2247
91.1461 44.6669 -36.6122 -15.6147 -9.40883 -53.2359
91.0679 44.6198 -36.8784 -15.6915 -9.45497 -53.247
90.9892 44.5724 -37.1447 -15.7684 -9.50117 -53.2581
90.9102 44.5247 -37.411 -15.8454 -9.54744 -53.2691
90.8308 44.4769 -37.6774 -15.9225 -9.59376 -53.2801
90.751 44.4288 -37.9438 -15.9998 -9.64015 -53.291
90.6708 44.3805 -38.2103 -16.0771 -9.6866 -53.3018
90.5902 44.3319 -38.4768 -16.1546 -9.73312 -53.3125
90.5092 44.2832 -38.7434 -16.2322 -9.7797 -53.3232
90.4279 44.2341 -39.0101 -16.3099 -9.82634 -53.3338
90.3461 44.1849 -39.2768 -16.3877 -9.87304 -53.3443
90.264 44.1354 -39.5435 -16.4656 -9.9198 -53.3547
90.1815 44.0857 -39.8103 -16.5437 -9.96663 -53.3651
90.0986 44.0357 -40.0772 -16.6219 -10.0135 -53.3754
90.0152 43.9856 -40.3441 -16.7001 -10.0605 -53.3857
89.9316 43.9351 -40.611 -16.7785 -10.1075 -53.3958
89.8475 43.8845 -40.878 -16.8571 -10.1546 -53.4059
89.763 43.8336 -41.1451 -16.9357 -10.2017 -53.4159
89.6781 43.7825 -41.4122 -17.0144 -10.2489 -53.4259
89.5928 43.7311 -41.6793 -17.0933 -10.2962 -53.4357
89.5072 43.6795 -41.9465 -17.1723 -10.3435 -53.4455
89.4211 43.6277 -42.2138 -17.2514 -10.3909 -53.4553
89.3347 43.5756 -42.4811 -17.3307 -10.4383 -53.4649
89.2478 43.5233 -42.7484 -17.41 -10.4858 -53.4745
89.1606 43.4707 -43.0158 -17.4895 -10.5334 -53.484
89.0729 43.418 -43.2833 -17.5691 -10.5811 -53.4934
88.9849 43.3649 -43.5508 -17.6488 -10.6288 -53.5027
88.8964 43.3117 -43.8183 -17.7286 -10.6765 -53.512
88.8076 43.2582 -44.0859 -17.8085 -10.7243 -53.5212
88.7183 43.2044 -44.3535 -17.8886 -10.7722 -53.5303
88.6287 43.1504 -44.6212 -17.9688 -10.8202 -53.5394
88.5386 43.0962 -44.8889 -18.0491 -10.8682 -53.5484
88.4482 43.0418 -45.1567 -18.1296 -10.9162 -53.5572
88.3574 42.9871 -45.4245 -18.2101 -10.9644 -53.5661
88.2661 42.9321 -45.6923 -18.2908 -11.0125 -53.5748
88.1744 42.8769 -45.9602 -18.3716 -11.0608 -53.5835
88.0824 42.8215 -46.2282 -18.4525 -11.1091 -53.592
87.9899 42.7658 -46.4961 -18.5336 -11.1575 -53.6005
87.897 42.7099 -46.7642 -18.6147 -11.2059 -53.609
87.8038 42.6538 -47.0322 -18.696 -11.2544 -53.6173
87.7101 42.5974 -47.3003 -18.7774 -11.3029 -53.6256
87.616 42.5408 -47.5685 -18.859 -11.3515 -53.6338
87.5215 42.4839 -47.8367 -18.9406 -11.4002 -53.6419
87.4266 42.4268 -48.1049 -19.0224 -11.4489 -53.6499
87.3313 42.3694 -48.3732 -19.1043 -11.4977 -53.6579
87.2355 42.3118 -48.6415 -19.1864 -11.5465 -53.6657
87.1394 42.2539 -48.9098 -19.2685 -11.5954 -53.6735
87.0429 42.1958 -49.1782 -19.3508 -11.6444 -53.6812
86.9459 42.1375 -49.4466 -19.4332 -11.6934 -53.6888
86.8485 42.0789 -49.7151 -19.5158 -11.7425 -53.6964
86.7507 42.0201 -49.9836 -19.5985 -11.7916 -53.7039
86.6525 41.961 -50.2522 -19.6812 -11.8408 -53.7112
86.5539 41.9016 -50.5207 -19.7642 -11.8901 -53.7185
86.4549 41.8421 -50.7893 -19.8472 -11.9394 -53.7257
86.3555 41.7823 -51.058 -19.9304 -11.9887 -53.7329
86.2556 41.7222 -51.3267 -20.0137 -12.0381 -53.7399
86.1553 41.6619 -51.5954 -20.0971 -12.0876 -53.7469
86.0546 41.6013 -51.8641 -20.1807 -12.1371 -53.7538
85.9535 41.5405 -52.1329 -20.2644 -12.1867 -53.7606
85.852 41.4794 -52.4017 -20.3482 -12.2364 -53.7673
85.75 41.4181 -52.6706 -20.4321 -12.2861 -53.7739
85.6477 41.3566 -52.9395 -20.5162 -12.3358 -53.7804
85.5449 41.2948 -53.2084 -20.6004 -12.3856 -53.7869
85.4417 41.2327 -53.4773 -20.6847 -12.4355 -53.7933
85.338 41.1704 -53.7463 -20.7692 -12.4854 -53.7996
85.234 41.1079 -54.0153 -20.8538 -12.5353 -53.8058
85.1295 41.0451 -54.2844 -20.9385 -12.5853 -53.8119
85.0246 40.982 -54.5535 -21.0233 -12.6354 -53.8179
84.9193 40.9187 -54.8226 -21.1083 -12.6855 -53.8238
84.8135 40.8552 -55.0917 -21.1934 -12.7357 -53.8297
84.7073 40.7914 -55.3609 -21.2786 -12.7859 -53.8354
84.6007 40.7273 -55.6301 -21.364 -12.8362 -53.8411
84.4937 40.663 -55.8993 -21.4495 -12.8865 -53.8467
84.3862 40.5984 -56.1685 -21.5352 -12.9369 -53.8522
84.2783 40.5336 -56.4378 -21.6209 -12.9873 -53.8576
84.17 40.4686 -56.7071 -21.7068 -13.0378 -53.8629
84.0613 40.4033 -56.9764 -21.7928 -13.0883 -53.8681
83.9521 40.3377 -57.2458 -21.879 -13.1388 -53.8732
83.8425 40.2719 -57.5152 -21.9653 -13.1894 -53.8783
83.7324 40.2058 -57.7846 -22.0517 -13.2401 -53.8832
83.622 40.1395 -58.054 -22.1383 -13.2908 -53.8881
83.511 40.0729 -58.3234 -22.225 -13.3415 -53.8928
83.3997 40.006 -58.5929 -22.3118 -13.3923 -53.8975
83.2879 39.939 -58.8624 -22.3987 -13.4432 -53.9021
83.1757 39.8716 -59.1319 -22.4858 -13.494 -53.9065
83.0631 39.804 -59.4015 -22.573 -13.545 -53.9109
82.95 39.7362 -59.671 -22.6604 -13.5959 -53.9152
82.8365 39.6681 -59.9406 -22.7479 -13.6469 -53.9194
82.7225 39.5997 -60.2102 -22.8355 -13.698 -53.9235
82.6081 39.5311 -60.4799 -22.9232 -13.7491 -53.9275
82.4933 39.4622 -60.7495 -23.0111 -13.8002 -53.9314
82.378 39.3931 -61.0192 -23.0991 -13.8514 -53.9351
82.2623 39.3237 -61.2889 -23.1873 -13.9026 -53.9388
82.1461 39.2541 -61.5586 -23.2756 -13.9538 -53.9424
82.0295 39.1842 -61.8283 -23.364 -14.0051 -53.9459
81.9125 39.114 -62.098 -23.4525 -14.0564 -53.9493
81.795 39.0436 -62.3678 -23.5412 -14.1078 -53.9526
81.6771 38.9729 -62.6376 -23.63 -14.1592 -53.9558
81.5587 38.902 -62.9073 -23.719 -14.2106 -53.9588
81.4399 38.8308 -63.1771 -23.8081 -14.2621 -53.9618
81.3206 38.7594 -63.447 -23.8973 -14.3136 -53.9647
81.2009 38.6877 -63.7168 -23.9866 -14.3651 -53.9674
81.0808 38.6157 -63.9866 -24.0761 -14.4167 -53.97
80.9601 38.5435 -64.2565 -24.1658 -14.4683 -53.9726
80.8391 38.471 -64.5264 -24.2555 -14.5199 -53.975
80.7176 38.3983 -64.7962 -24.3454 -14.5716 -53.9773
80.5956 38.3253 -65.0661 -24.4354 -14.6233 -53.9795
80.4732 38.2521 -65.336 -24.5256 -14.675 -53.9816
80.3504 38.1786 -65.606 -24.6159 -14.7267 -53.9835
80.2271 38.1048 -65.8759 -24.7063 -14.7785 -53.9854
80.1033 38.0308 -66.1458 -24.7969 -14.8303 -53.9871
79.9791 37.9565 -66.4157 -24.8876 -14.8821 -53.9887
79.8544 37.882 -66.6857 -24.9784 -14.934 -53.9902
79.7293 37.8072 -66.9556 -25.0694 -14.9859 -53.9916
79.6037 37.7321 -67.2256 -25.1605 -15.0378 -53.9929
79.4777 37.6568 -67.4956 -25.2518 -15.0897 -53.994
79.3512 37.5812 -67.7655 -25.3431 -15.1416 -53.995
79.2243 37.5054 -68.0355 -25.4346 -15.1936 -53.9958
79.0969 37.4293 -68.3055 -25.5263 -15.2456 -53.9966
78.969 37.3529 -68.5755 -25.6181 -15.2976 -53.9972
78.8407 37.2763 -68.8455 -25.71 -15.3496 -53.9977
78.7119 37.1994 -69.1155 -25.8021 -15.4017 -53.998
78.5827 37.1223 -69.3855 -25.8942 -15.4538 -53.9982
78.453 37.0449 -69.6555 -25.9866 -15.5058 -53.9983
78.3228 36.9672 -69.9254 -26.079 -15.558 -53.9982
78.1922 36.8893 -70.1954 -26.1716 -15.6101 -53.998
78.0611 36.8111 -70.4654 -26.2644 -15.6622 -53.9977
77.9295 36.7327 -70.7354 -26.3572 -15.7144 -53.9972
77.7975 36.654 -71.0054 -26.4502 -15.7666 -53.9965
77.665 36.575 -71.2754 -26.5434 -15.8187 -53.9957
77.5321 36.4958 -71.5454 -26.6366 -15.871 -53.9948
77.3987 36.4163 -71.8153 -26.7301 -15.9232 -53.9937
77.2648 36.3366 -72.0853 -26.8236 -15.9754 -53.9924
77.1304 36.2566 -72.3552 -26.9173 -16.0277 -53.991
76.9956 36.1763 -72.6252 -27.0111 -16.0799 -53.9895
76.8603 36.0958 -72.8951 -27.1051 -16.1322 -53.9877
76.7246 36.015 -73.1651 -27.1992 -16.1845 -53.9858
76.5883 35.9339 -73.435 -27.2934 -16.2368 -53.9838
76.4516 35.8526 -73.7049 -27.3878 -16.2891 -53.9815
76.3145 35.771 -73.9748 -27.4823 -16.3415 -53.9791
76.1768 35.6892 -74.2447 -27.5769 -16.3938 -53.9766
76.0387 35.6071 -74.5146 -27.6717 -16.4462 -53.9738
75.9001 35.5247 -74.7844 -27.7666 -16.4986 -53.9709
75.761 35.4421 -75.0543 -27.8616 -16.5509 -53.9677
75.6215 35.3592 -75.3241 -27.9568 -16.6034 -53.9644
75.4815 35.2761 -75.5939 -28.0522 -16.6558 -53.961
75.341 35.1927 -75.8637 -28.1476 -16.7082 -53.9573
75.2 35.109 -76.1335 -28.2432 -16.7607 -53.9534
75.0585 35.025 -76.4033 -28.339 -16.8132 -53.9493
74.9166 34.9409 -76.673 -28.4348 -16.8657 -53.9451
74.7742 34.8564 -76.9427 -28.5309 -16.9182 -53.9406
74.6313 34.7717 -77.2124 -28.627 -16.9707 -53.9359
74.4879 34.6867 -77.4821 -28.7233 -17.0233 -53.931
74.344 34.6014 -77.7517 -28.8197 -17.0758 -53.926
74.1997 34.5159 -78.0213 -28.9163 -17.1284 -53.9207
74.0549 34.4302 -78.2909 -29.013 -17.1811 -53.9151
73.9096 34.3441 -78.5605 -29.1099 -17.2337 -53.9094
73.7638 34.2578 -78.83 -29.2069 -17.2864 -53.9034
73.6175 34.1713 -79.0995 -29.304 -17.3391 -53.8972
73.4707 34.0844 -79.369 -29.4013 -17.3919 -53.8908
73.3235 33.9973 -79.6384 -29.4987 -17.4446 -53.8842
73.1758 33.91 -79.9078 -29.5963 -17.4975 -53.8773
73.0275 33.8224 -80.1772 -29.694 -17.5503 -53.8702
72.8788 33.7345 -80.4465 -29.7918 -17.6032 -53.8628
72.7296 33.6463 -80.7158 -29.8898 -17.6561 -53.8552
72.5799 33.5579 -80.9851 -29.988 -17.7091 -53.8474
72.4297 33.4692 -81.2543 -30.0863 -17.7621 -53.8393
72.2791 33.3803 -81.5235 -30.1847 -17.8152 -53.8309
72.1279 33.2911 -81.7926 -30.2833 -17.8683 -53.8223
71.9762 33.2016 -82.0617 -30.382 -17.9215 -53.8135
71.8241 33.1119 -82.3307 -30.4809 -17.9747 -53.8044
71.6714 33.0219 -82.5997 -30.5799 -18.028 -53.795
71.5183 32.9316 -82.8687 -30.6791 -18.0814 -53.7854
71.3646 32.8411 -83.1376 -30.7784 -18.1348 -53.7755
71.2105 32.7502 -83.4065 -30.8779 -18.1883 -53.7653
71.0558 32.6592 -83.6753 -30.9776 -18.2419 -53.7549
70.9007 32.5678 -83.944 -31.0773 -18.2955 -53.7441
70.7451 32.4762 -84.2127 -31.1773 -18.3492 -53.7332
70.5889 32.3843 -84.4813 -31.2774 -18.4031 -53.7219
70.4323 32.2922 -84.7499 -31.3776 -18.4569 -53.7103
70.2752 32.1998 -85.0184 -31.4781 -18.5109 -53.6985
70.1175 32.1071 -85.2869 -31.5786 -18.565 -53.6864
69.9594 32.0141 -85.5553 -31.6794 -18.6192 -53.674
69.8007 31.9209 -85.8236 -31.7802 -18.6734 -53.6613
69.6416 31.8274 -86.0919 -31.8813 -18.7278 -53.6484
69.4819 31.7336 -86.3601 -31.9825 -18.7823 -53.6351
69.3217 31.6396 -86.6283 -32.0839 -18.8369 -53.6216
69.1611 31.5452 -86.8963 -32.1854 -18.8916 -53.6078
68.9999 31.4506 -87.1643 -32.2871 -18.9464 -53.5937
68.8382 31.3558 -87.4323 -32.389 -19.0014 -53.5792
68.676 31.2606 -87.7001 -32.4911 -19.0564 -53.5645
68.5133 31.1652 -87.9679 -32.5933 -19.1116 -53.5495
68.3501 31.0695 -88.2356 -32.6957 -19.167 -53.5343
68.1863 30.9735 -88.5033 -32.7982 -19.2224 -53.5187
68.0221 30.8773 -88.7708 -32.901 -19.2781 -53.5028
67.8573 30.7808 -89.0383 -33.0039 -19.3338 -53.4866
67.692 30.6839 -89.3057 -33.1069 -19.3897 -53.4702
67.5262 30.5869 -89.573 -33.2102 -19.4458 -53.4534
67.3599 30.4895 -89.8402 -33.3136 -19.502 -53.4364
67.1931 30.3918 -90.1074 -33.4172 -19.5584 -53.419
67.0258 30.2939 -90.3744 -33.521 -19.6149 -53.4014
66.8579 30.1957 -90.6414 -33.625 -19.6716 -53.3834
66.6895 30.0972 -90.9082 -33.7292 -19.7285 -53.3652
66.5206 29.9984 -91.175 -33.8335 -19.7855 -53.3467
66.3512 29.8993 -91.4417 -33.9381 -19.8427 -53.3279
66.1812 29.8 -91.7083 -34.0428 -19.9001 -53.3088
66.0108 29.7003 -91.9748 -34.1477 -19.9577 -53.2894
65.8398 29.6004 -92.2412 -34.2528 -20.0154 -53.2697
65.6682 29.5002 -92.5075 -34.3581 -20.0734 -53.2497
65.4962 29.3997 -92.7737 -34.4635 -20.1315 -53.2295
65.3236 29.2989 -93.0398 -34.5692 -20.1898 -53.2089
65.1505 29.1978 -93.3058 -34.6751 -20.2483 -53.1881
64.9768 29.0964 -93.5717 -34.7811 -20.3071 -53.167
64.8027 28.9947 -93.8375 -34.8874 -20.366 -53.1456
64.628 28.8927 -94.1031 -34.9938 -20.4251 -53.1239
64.4527 28.7904 -94.3687 -35.1005 -20.4844 -53.1019
64.277 28.6879 -94.6341 -35.2073 -20.5439 -53.0797
64.1007 28.585 -94.8995 -35.3143 -20.6036 -53.0572
63.9238 28.4818 -95.1647 -35.4216 -20.6636 -53.0344
63.7464 28.3784 -95.4298 -35.529 -20.7237 -53.0113
63.5685 28.2746 -95.6948 -35.6367 -20.7841 -52.9879
63.3901 28.1705 -95.9597 -35.7445 -20.8446 -52.9643
63.2111 28.0662 -96.2245 -35.8526 -20.9054 -52.9404
63.0315 27.9615 -96.4891 -35.9609 -20.9664 -52.9162
62.8515 27.8565 -96.7536 -36.0693 -21.0276 -52.8918
62.6709 27.7512 -97.018 -36.178 -21.0891 -52.8671
62.4897 27.6456 -97.2823 -36.2869 -21.1507 -52.8421
62.308 27.5397 -97.5465 -36.396 -21.2126 -52.8169
62.1257 27.4335 -97.8105 -36.5053 -21.2747 -52.7914
61.9429 27.3269 -98.0744 -36.6148 -21.337 -52.7656
61.7596 27.2201 -98.3381 -36.7245 -21.3995 -52.7396
61.5757 27.113 -98.6018 -36.8345 -21.4623 -52.7133
61.3912 27.0055 -98.8653 -36.9446 -21.5253 -52.6867
61.2062 26.8977 -99.1286 -37.055 -21.5885 -52.6599
61.0207 26.7896 -99.3919 -37.1656 -21.6519 -52.6328
60.8346 26.6812 -99.655 -37.2764 -21.7156 -52.6055
60.6479 26.5724 -99.9179 -37.3874 -21.7795 -52.5779
60.4607 26.4634 -100.181 -37.4986 -21.8436 -52.55
60.2729 26.354 -100.443 -37.6101 -21.9079 -52.5219
60.0846 26.2443 -100.706 -37.7217 -21.9725 -52.4936
59.8957 26.1343 -100.968 -37.8336 -22.0373 -52.465
59.7063 26.0239 -101.231 -37.9457 -22.1023 -52.4361
59.5163 25.9133 -101.493 -38.058 -22.1676 -52.407
59.3257 25.8023 -101.755 -38.1706 -22.233 -52.3776
59.1346 25.6909 -102.016 -38.2833 -22.2987 -52.348
58.9429 25.5793 -102.278 -38.3963 -22.3647 -52.3181
58.7506 25.4673 -102.54 -38.5095 -22.4308 -52.288
58.5578 25.355 -102.801 -38.6229 -22.4972 -52.2576
58.3644 25.2423 -103.062 -38.7366 -22.5638 -52.227
58.1704 25.1293 -103.323 -38.8504 -22.6306 -52.1961
57.9759 25.016 -103.584 -38.9645 -22.6977 -52.1649
57.7808 24.9023 -103.845 -39.0788 -22.765 -52.1336
57.5851 24.7883 -104.106 -39.1934 -22.8325 -52.1019
57.3888 24.674 -104.366 -39.3081 -22.9002 -52.0701
57.192 24.5593 -104.626 -39.4231 -22.9682 -52.0379
56.9946 24.4443 -104.886 -39.5384 -23.0364 -52.0056
56.7966 24.329 -105.146 -39.6538 -23.1048 -51.9729
56.598 24.2133 -105.406 -39.7695 -23.1734 -51.9401
56.3989 24.0972 -105.666 -39.8854 -23.2422 -51.907
56.1992 23.9809 -105.925 -40.0015 -23.3113 -51.8736
55.9989 23.8641 -106.184 -40.1178 -23.3806 -51.84
55.798 23.7471 -106.444 -40.2344 -23.4501 -51.8061
55.5966 23.6296 -106.703 -40.3512 -23.5199 -51.772
55.3945 23.5119 -106.961 -40.4683 -23.5898 -51.7376
55.1919 23.3937 -107.22 -40.5855 -23.66 -51.703
54.9886 23.2753 -107.478 -40.703 -23.7304 -51.6681
54.7848 23.1564 -107.737 -40.8208 -23.801 -51.633
54.5804 23.0372 -107.995 -40.9387 -23.8719 -51.5976
54.3755 22.9177 -108.253 -41.0569 -23.9429 -51.562
54.1699 22.7978 -108.51 -41.1753 -24.0142 -51.5261
53.9637 22.6776 -108.768 -41.294 -24.0857 -51.4899
53.7569 22.557 -109.025 -41.4128 -24.1574 -51.4536
53.5496 22.436 -109.282 -41.532 -24.2294 -51.4169
53.3416 22.3147 -109.539 -41.6513 -24.3015 -51.38
53.1331 22.193 -109.796 -41.7709 -24.3739 -51.3428
52.9239 22.0709 -110.053 -41.8907 -24.4465 -51.3054
52.7142 21.9485 -110.309 -42.0108 -24.5193 -51.2677
52.5038 21.8257 -110.565 -42.131 -24.5923 -51.2298
52.2928 21.7026 -110.821 -42.2515 -24.6655 -51.1916
52.0813 21.5791 -111.077 -42.3723 -24.739 -51.1531
51.8691 21.4552 -111.333 -42.4933 -24.8126 -51.1144
51.6563 21.331 -111.588 -42.6145 -24.8865 -51.0754
51.443 21.2063 -111.844 -42.736 -24.9606 -51.0362
51.229 21.0813 -112.099 -42.8576 -25.0349 -50.9967
51.0144 20.956 -112.354 -42.9796 -25.1094 -50.9569
50.7992 20.8303 -112.608 -43.1017 -25.1842 -50.9169
50.5834 20.7041 -112.863 -43.2241 -25.2591 -50.8766
50.367 20.5777 -113.117 -43.3468 -25.3343 -50.836
50.1499 20.4508 -113.371 -43.4697 -25.4097 -50.7951
49.9323 20.3236 -113.625 -43.5928 -25.4853 -50.754
49.714 20.196 -113.879 -43.7161 -25.5611 -50.7126
49.4951 20.068 -114.132 -43.8397 -25.6371 -50.6709
49.2756 19.9396 -114.386 -43.9635 -25.7133 -50.629
49.0555 19.8108 -114.639 -44.0876 -25.7898 -50.5868
48.8347 19.6817 -114.891 -44.2119 -25.8664 -50.5443
48.6133 19.5522 -115.144 -44.3365 -25.9433 -50.5015
48.3913 19.4222 -115.396 -44.4612 -26.0204 -50.4584
48.1687 19.292 -115.649 -44.5863 -26.0977 -50.4151
47.9455 19.1613 -115.901 -44.7115 -26.1752 -50.3715
47.7216 19.0302 -116.152 -44.8371 -26.2529 -50.3276
47.4971 18.8987 -116.404 -44.9628 -26.3308 -50.2834
47.272 18.7669 -116.655 -45.0888 -26.409 -50.2389
47.0462 18.6347 -116.906 -45.215 -26.4873 -50.1942
46.8198 18.502 -117.157 -45.3415 -26.5659 -50.1491
46.5928 18.369 -117.408 -45.4682 -26.6447 -50.1038
46.3651 18.2356 -117.658 -45.5952 -26.7237 -50.0581
46.1369 18.1018 -117.908 -45.7224 -26.8029 -50.0122
45.9079 17.9675 -118.158 -45.8499 -26.8823 -49.966
45.6784 17.8329 -118.408 -45.9775 -26.962 -49.9195
45.4482 17.6979 -118.657 -46.1055 -27.0418 -49.8726
45.2173 17.5625 -118.907 -46.2337 -27.1219 -49.8255
44.9858 17.4267 -119.156 -46.3621 -27.2022 -49.7781
44.7537 17.2905 -119.404 -46.4908 -27.2826 -49.7304
44.5209 17.1539 -119.653 -46.6197 -27.3634 -49.6824
44.2875 17.0169 -119.901 -46.7488 -27.4443 -49.634
44.0534 16.8794 -120.149 -46.8782 -27.5254 -49.5854
43.8187 16.7416 -120.397 -47.0079 -27.6068 -49.5365
43.5833 16.6034 -120.645 -47.1378 -27.6883 -49.4872
43.3473 16.4647 -120.892 -47.2679 -27.7701 -49.4376
43.1107 16.3257 -121.139 -47.3983 -27.8521 -49.3877
42.8733 16.1862 -121.386 -47.529 -27.9343 -49.3375
42.6354 16.0463 -121.632 -47.6599 -28.0168 -49.287
42.3967 15.906 -121.879 -47.791 -28.0994 -49.2362
42.1575 15.7653 -122.125 -47.9224 -28.1823 -49.185
41.9175 15.6242 -122.371 -48.054 -28.2653 -49.1336
41.6769 15.4827 -122.616 -48.1859 -28.3486 -49.0818
41.4357 15.3407 -122.861 -48.318 -28.4322 -49.0296
41.1937 15.1984 -123.106 -48.4504 -28.5159 -48.9772
40.9512 15.0556 -123.351 -48.583 -28.5999 -48.9244
40.7079 14.9124 -123.596 -48.7159 -28.684 -48.8713
40.464 14.7687 -123.84 -48.849 -28.7684 -48.8178
40.2194 14.6247 -124.084 -48.9824 -28.8531 -48.7641
39.9742 14.4802 -124.328 -49.116 -28.9379 -48.7099
39.7283 14.3353 -124.571 -49.2499 -29.023 -48.6555
39.4817 14.19 -124.814 -49.384 -29.1082 -48.6007
39.2344 14.0442 -125.057 -49.5184 -29.1937 -48.5456
38.9865 13.898 -125.3 -49.653 -29.2795 -48.4901
38.7379 13.7514 -125.542 -49.7879 -29.3654 -48.4342
38.4886 13.6044 -125.784 -49.9231 -29.4516 -48.3781
38.2387 13.4569 -126.026 -50.0584 -29.538 -48.3216
37.988 13.309 -126.267 -50.1941 -29.6247 -48.2647
37.7367 13.1606 -126.508 -50.33 -29.7115 -48.2075
37.4847 13.0119 -126.749 -50.4661 -29.7986 -48.1499
37.2321 12.8627 -126.99 -50.6025 -29.8859 -48.0919
36.9787 12.713 -127.23 -50.7392 -29.9735 -48.0337
36.7247 12.5629 -127.47 -50.876 -30.0612 -47.975
36.4699 12.4124 -127.71 -51.0132 -30.1493 -47.916
36.2145 12.2614 -127.949 -51.1506 -30.2375 -47.8566
35.9584 12.11 -128.188 -51.2883 -30.326 -47.7969
35.7017 11.9582 -128.427 -51.4262 -30.4147 -47.7368
35.4442 11.8059 -128.666 -51.5643 -30.5036 -47.6763
35.186 11.6531 -128.904 -51.7028 -30.5928 -47.6155
34.9272 11.4999 -129.142 -51.8414 -30.6822 -47.5542
34.6676 11.3463 -129.38 -51.9803 -30.7718 -47.4926
34.4073 11.1922 -129.617 -52.1195 -30.8617 -47.4307
34.1464 11.0377 -129.854 -52.259 -30.9518 -47.3683
33.8848 10.8827 -130.091 -52.3986 -31.0422 -47.3056
33.6224 10.7273 -130.327 -52.5386 -31.1328 -47.2425
33.3594 10.5714 -130.563 -52.6788 -31.2236 -47.179
33.0956 10.415 -130.799 -52.8192 -31.3147 -47.1151
32.8312 10.2582 -131.034 -52.9599 -31.4061 -47.0508
32.566 10.101 -131.269 -53.1009 -31.4976 -46.9862
32.3002 9.94326 -131.504 -53.2421 -31.5894 -46.9211
32.0336 9.78508 -131.738 -53.3835 -31.6815 -46.8557
31.7663 9.62644 -131.973 -53.5252 -31.7738 -46.7898
31.4984 9.46734 -132.206 -53.6672 -31.8664 -46.7236
31.2297 9.30778 -132.44 -53.8094 -31.9592 -46.657
30.9603 9.14775 -132.673 -53.9519 -32.0522 -46.5899
30.6902 8.98726 -132.906 -54.0946 -32.1455 -46.5225
30.4193 8.8263 -133.138 -54.2376 -32.2391 -46.4546
30.1478 8.66487 -133.37 -54.3808 -32.3329 -46.3864
29.8755 8.50297 -133.602 -54.5243 -32.4269 -46.3177
29.6025 8.3406 -133.833 -54.668 -32.5213 -46.2486
29.3288 8.17775 -134.065 -54.812 -32.6158 -46.1791
29.0544 8.01444 -134.295 -54.9563 -32.7107 -46.1092
28.7793 7.85065 -134.526 -55.1008 -32.8057 -46.0389
28.5034 7.68638 -134.756 -55.2455 -32.9011 -45.9682
28.2268 7.52163 -134.985 -55.3905 -32.9967 -45.897
27.9495 7.35641 -135.215 -55.5357 -33.0926 -45.8254
27.6715 7.19071 -135.444 -55.6812 -33.1887 -45.7534
27.3927 7.02452 -135.672 -55.827 -33.2851 -45.6809
27.1132 6.85786 -135.9 -55.9729 -33.3817 -45.6081
26.833 6.69071 -136.128 -56.1192 -33.4787 -45.5348
26.552 6.52307 -136.356 -56.2657 -33.5759 -45.461
26.2703 6.35495 -136.583 -56.4124 -33.6733 -45.3868
25.9879 6.18634 -136.81 -56.5594 -33.7711 -45.3122
25.7047 6.01724 -137.036 -56.7066 -33.8691 -45.2372
25.4208 5.84765 -137.262 -56.8541 -33.9673 -45.1616
25.1362 5.67756 -137.488 -57.0018 -34.0659 -45.0857
24.8508 5.50699 -137.713 -57.1498 -34.1647 -45.0093
24.5647 5.33592 -137.938 -57.298 -34.2638 -44.9325
24.2778 5.16435 -138.162 -57.4464 -34.3632 -44.8552
23.9902 4.99228 -138.386 -57.5951 -34.4628 -44.7774
23.7019 4.81972 -138.61 -57.7441 -34.5627 -44.6992
23.4128 4.64666 -138.833 -57.8932 -34.6629 -44.6205
23.1229 4.47309 -139.056 -58.0427 -34.7634 -44.5414
22.8324 4.29902 -139.279 -58.1923 -34.8642 -44.4618
22.541 4.12445 -139.501 -58.3422 -34.9653 -44.3817
22.2489 3.94937 -139.722 -58.4924 -35.0666 -44.3012
21.9561 3.77378 -139.944 -58.6427 -35.1682 -44.2202
21.6625 3.59769 -140.165 -58.7933 -35.2701 -44.1387
21.3682 3.42108 -140.385 -58.9442 -35.3723 -44.0568
21.0731 3.24396 -140.605 -59.0953 -35.4748 -43.9743
20.7772 3.06633 -140.825 -59.2466 -35.5776 -43.8914
20.4806 2.88819 -141.044 -59.3981 -35.6807 -43.8081
20.1832 2.70952 -141.263 -59.5499 -35.7841 -43.7242
19.8851 2.53035 -141.481 -59.7019 -35.8877 -43.6398
19.5862 2.35065 -141.699 -59.8542 -35.9917 -43.555
19.2866 2.17043 -141.917 -60.0067 -36.0959 -43.4696
18.9861 1.98969 -142.134 -60.1594 -36.2005 -43.3838
18.685 1.80842 -142.351 -60.3123 -36.3053 -43.2975
18.383 1.62663 -142.567 -60.4654 -36.4105 -43.2106
18.0803 1.44432 -142.783 -60.6188 -36.516 -43.1233
17.7768 1.26147 -142.998 -60.7724 -36.6217 -43.0355
17.4726 1.0781 -143.213 -60.9262 -36.7278 -42.9471
17.1676 0.894196 -143.428 -61.0802 -36.8342 -42.8583
16.8618 0.709759 -143.642 -61.2345 -36.9408 -42.7689
16.5552 0.524788 -143.855 -61.389 -37.0478 -42.679
16.2479 0.339281 -144.069 -61.5437 -37.1551 -42.5886
15.9398 0.153236 -144.281 -61.6985 -37.2627 -42.4977
15.6309 -0.0333468 -144.494 -61.8537 -37.3706 -42.4062
15.3213 -0.22047 -144.705 -62.009 -37.4789 -42.3143
15.0108 -0.408136 -144.917 -62.1645 -37.5874 -42.2218
14.6996 -0.596345 -145.128 -62.3202 -37.6963 -42.1288
14.3876 -0.785099 -145.338 -62.4762 -37.8055 -42.0352
14.0749 -0.974399 -145.548 -62.6323 -37.915 -41.9411
13.7613 -1.16425 -145.757 -62.7887 -38.0248 -41.8465
13.447 -1.35465 -145.966 -62.9452 -38.1349 -41.7513
13.1319 -1.5456 -146.175 -63.102 -38.2453 -41.6556
12.816 -1.7371 -146.383 -63.2589 -38.3561 -41.5593
12.4993 -1.92916 -146.591 -63.416 -38.4672 -41.4625
12.1818 -2.12177 -146.798 -63.5734 -38.5786 -41.3651
11.8635 -2.31495 -147.004 -63.7309 -38.6904 -41.2672
11.5445 -2.50868 -147.21 -63.8886 -38.8025 -41.1687
11.2247 -2.70297 -147.416 -64.0465 -38.9149 -41.0697
10.904 -2.89783 -147.621 -64.2045 -39.0276 -40.97
10.5826 -3.09325 -147.826 -64.3628 -39.1407 -40.8699
10.2604 -3.28923 -148.03 -64.5212 -39.254 -40.7691
9.93741 -3.48579 -148.233 -64.6798 -39.3678 -40.6678
9.61361 -3.68291 -148.436 -64.8386 -39.4818 -40.5659
9.28902 -3.8806 -148.639 -64.9975 -39.5962 -40.4634
8.96364 -4.07887 -148.841 -65.1567 -39.7109 -40.3604
8.63746 -4.27771 -149.043 -65.316 -39.826 -40.2567
8.31048 -4.47713 -149.244 -65.4754 -39.9414 -40.1525
7.98271 -4.67713 -149.444 -65.635 -40.0571 -40.0476
7.65414 -4.8777 -149.644 -65.7948 -40.1732 -39.9422
7.32476 -5.07886 -149.843 -65.9547 -40.2896 -39.8362
6.99459 -5.2806 -150.042 -66.1148 -40.4063 -39.7296
6.66362 -5.48292 -150.241 -66.275 -40.5234 -39.6224
6.33184 -5.68583 -150.439 -66.4354 -40.6408 -39.5145
5.99927 -5.88933 -150.636 -66.5959 -40.7586 -39.4061
5.66589 -6.09342 -150.833 -66.7566 -40.8767 -39.297
5.3317 -6.2981 -151.029 -66.9174 -40.9951 -39.1873
4.99672 -6.50337 -151.225 -67.0783 -41.1139 -39.077
4.66092 -6.70924 -151.42 -67.2394 -41.2331 -38.9661
4.32432 -6.9157 -151.614 -67.4006 -41.3526 -38.8546
3.98692 -7.12276 -151.808 -67.5619 -41.4724 -38.7424
3.64871 -7.33042 -152.002 -67.7234 -41.5926 -38.6296
3.30969 -7.53869 -152.195 -67.885 -41.7131 -38.5161
2.96986 -7.74755 -152.387 -68.0467 -41.8339 -38.402
2.62922 -7.95702 -152.579 -68.2085 -41.9552 -38.2872
2.28778 -8.1671 -152.77 -68.3704 -42.0767 -38.1719
1.94552 -8.37779 -152.96 -68.5324 -42.1986 -38.0558
1.60246 -8.58909 -153.15 -68.6945 -42.3209 -37.9391
1.25858 -8.801 -153.34 -68.8567 -42.4435 -37.8217
0.913894 -9.01352 -153.528 -69.019 -42.5664 -37.7037
0.568394 -9.22666 -153.717 -69.1814 -42.6897 -37.585
0.222082 -9.44042 -153.904 -69.3439 -42.8134 -37.4657
-0.125042 -9.6548 -154.091 -69.5065 -42.9374 -37.3456
-0.47298 -9.86979 -154.278 -69.6692 -43.0618 -37.2249
-0.821731 -10.0854 -154.464 -69.8319 -43.1865 -37.1035
-1.1713 -10.3017 -154.649 -69.9947 -43.3115 -36.9814
-1.52167 -10.5185 -154.833 -70.1576 -43.4369 -36.8586
-1.87287 -10.736 -155.017 -70.3206 -43.5627 -36.7352
-2.22488 -10.9542 -155.201 -70.4836 -43.6888 -36.611
-2.5777 -11.1729 -155.384 -70.6466 -43.8152 -36.4861
-2.93134 -11.3923 -155.566 -70.8097 -43.942 -36.3605
-3.28579 -11.6123 -155.747 -70.9729 -44.0692 -36.2343
-3.64107 -11.833 -155.928 -71.1361 -44.1967 -36.1073
-3.99715 -12.0543 -156.108 -71.2994 -44.3245 -35.9795
-4.35406 -12.2762 -156.288 -71.4626 -44.4527 -35.8511
-4.71178 -12.4988 -156.467 -71.6259 -44.5813 -35.7219
-5.07031 -12.7221 -156.645 -71.7893 -44.7102 -35.592
-5.42966 -12.9459 -156.823 -71.9526 -44.8394 -35.4614
-5.78983 -13.1704 -157 -72.116 -44.969 -35.33
-6.15082 -13.3956 -157.176 -72.2794 -45.0989 -35.1979
-6.51263 -13.6214 -157.352 -72.4428 -45.2292 -35.0651
-6.87525 -13.8479 -157.527 -72.6062 -45.3598 -34.9315
-7.23868 -14.075 -157.701 -72.7696 -45.4908 -34.7971
-7.60294 -14.3028 -157.875 -72.933 -45.6221 -34.662
-7.96801 -14.5312 -158.048 -73.0964 -45.7538 -34.5261
-8.3339 -14.7603 -158.22 -73.2598 -45.8858 -34.3894
-8.7006 -14.9901 -158.391 -73.4231 -46.0181 -34.252
-9.06813 -15.2205 -158.562 -73.5864 -46.1508 -34.1138
-9.43647 -15.4516 -158.733 -73.7497 -46.2838 -33.9748
-9.80562 -15.6834 -158.902 -73.913 -46.4171 -33.835
-10.1756 -15.9158 -159.071 -74.0762 -46.5508 -33.6944
-10.5464 -16.1489 -159.239 -74.2394 -46.6849 -33.5531
-10.918 -16.3826 -159.406 -74.4025 -46.8192 -33.4109
-11.2904 -16.6171 -159.573 -74.5655 -46.9539 -33.2679
-11.6636 -16.8522 -159.739 -74.7285 -47.0889 -33.1241
-12.0377 -17.0879 -159.904 -74.8915 -47.2243 -32.9796
-12.4125 -17.3244 -160.069 -75.0543 -47.36 -32.8341
-12.7882 -17.5615 -160.233 -75.2171 -47.496 -32.6879
-13.1647 -17.7994 -160.396 -75.3798 -47.6323 -32.5408
-13.542 -18.0379 -160.558 -75.5424 -47.769 -32.3929
-13.9201 -18.2771 -160.72 -75.7049 -47.906 -32.2442
-14.2991 -18.5169 -160.881 -75.8673 -48.0433 -32.0946
-14.6788 -18.7575 -161.041 -76.0297 -48.1809 -31.9442
-15.0594 -18.9987 -161.2 -76.1918 -48.3188 -31.7929
-15.4407 -19.2407 -161.359 -76.3539 -48.4571 -31.6408
-15.8229 -19.4833 -161.516 -76.5159 -48.5956 -31.4878
-16.2059 -19.7266 -161.673 -76.6777 -48.7345 -31.334
-16.5897 -19.9706 -161.83 -76.8394 -48.8737 -31.1792
-16.9743 -20.2154 -161.985 -77.0009 -49.0132 -31.0236
-17.3597 -20.4608 -162.14 -77.1623 -49.153 -30.8671
-17.7459 -20.7069 -162.294 -77.3236 -49.2931 -30.7098
-18.1329 -20.9537 -162.447 -77.4847 -49.4335 -30.5515
-18.5207 -21.2012 -162.599 -77.6456 -49.5742 -30.3923
-18.9093 -21.4494 -162.751 -77.8064 -49.7151 -30.2323
-19.2988 -21.6984 -162.902 -77.9669 -49.8564 -30.0713
-19.689 -21.948 -163.052 -78.1273 -49.998 -29.9094
-20.0801 -22.1983 -163.201 -78.2875 -50.1398 -29.7466
-20.4719 -22.4494 -163.349 -78.4475 -50.282 -29.5829
-20.8645 -22.7012 -163.497 -78.6074 -50.4244 -29.4183
-21.258 -22.9536 -163.643 -78.767 -50.567 -29.2527
-21.6522 -23.2068 -163.789 -78.9263 -50.71 -29.0862
-22.0472 -23.4607 -163.934 -79.0855 -50.8532 -28.9187
-22.443 -23.7154 -164.078 -79.2444 -50.9967 -28.7504
-22.8397 -23.9707 -164.222 -79.4031 -51.1405 -28.581
-23.2371 -24.2268 -164.364 -79.5616 -51.2845 -28.4107
-23.6353 -24.4835 -164.506 -79.7198 -51.4288 -28.2394
-24.0343 -24.7411 -164.647 -79.8778 -51.5733 -28.0672
-24.434 -24.9993 -164.787 -80.0355 -51.7181 -27.894
-24.8346 -25.2582 -164.926 -80.1929 -51.8631 -27.7198
-25.236 -25.5179 -165.064 -80.3501 -52.0084 -27.5447
-25.6381 -25.7783 -165.201 -80.507 -52.1539 -27.3685
-26.041 -26.0394 -165.337 -80.6636 -52.2997 -27.1914
-26.4447 -26.3013 -165.473 -80.8199 -52.4457 -27.0132
-26.8492 -26.5639 -165.608 -80.9759 -52.5919 -26.8341
-27.2545 -26.8272 -165.741 -81.1315 -52.7383 -26.654
-27.6605 -27.0913 -165.874 -81.2869 -52.885 -26.4728
-28.0674 -27.3561 -166.006 -81.442 -53.0318 -26.2906
-28.475 -27.6216 -166.137 -81.5967 -53.1789 -26.1074
-28.8833 -27.8879 -166.267 -81.7511 -53.3262 -25.9232
-29.2925 -28.1549 -166.396 -81.9052 -53.4737 -25.7379
-29.7024 -28.4226 -166.524 -82.0589 -53.6214 -25.5516
-30.113 -28.6911 -166.652 -82.2122 -53.7692 -25.3643
-30.5245 -28.9603 -166.778 -82.3652 -53.9173 -25.1759
-30.9367 -29.2302 -166.904 -82.5179 -54.0656 -24.9865
-31.3497 -29.5009 -167.028 -82.6701 -54.214 -24.796
-31.7634 -29.7724 -167.151 -82.822 -54.3626 -24.6044
-32.1779 -30.0446 -167.274 -82.9734 -54.5114 -24.4118
-32.5931 -30.3175 -167.396 -83.1245 -54.6603 -24.2181
-33.0091 -30.5911 -167.516 -83.2752 -54.8094 -24.0233
-33.4259 -30.8656 -167.636 -83.4254 -54.9587 -23.8274
-33.8434 -31.1407 -167.754 -83.5753 -55.1081 -23.6305
-34.2616 -31.4166 -167.872 -83.7247 -55.2576 -23.4324
-34.6806 -31.6933 -167.989 -83.8737 -55.4073 -23.2333
-35.1003 -31.9707 -168.104 -84.0222 -55.5572 -23.033
-35.5208 -32.2489 -168.219 -84.1703 -55.7071 -22.8317
-35.942 -32.5278 -168.333 -84.3179 -55.8572 -22.6292
-36.364 -32.8074 -168.445 -84.4651 -56.0074 -22.4257
-36.7867 -33.0879 -168.557 -84.6118 -56.1577 -22.221
-37.2101 -33.369 -168.668 -84.758 -56.3081 -22.0151
-37.6343 -33.6509 -168.777 -84.9038 -56.4587 -21.8082
-38.0592 -33.9336 -168.886 -85.049 -56.6093 -21.6001
-38.4848 -34.217 -168.993 -85.1938 -56.76 -21.3908
-38.9111 -34.5012 -169.1 -85.338 -56.9108 -21.1805
-39.3381 -34.7861 -169.205 -85.4817 -57.0617 -20.9689
-39.7659 -35.0718 -169.309 -85.6249 -57.2126 -20.7563
-40.1944 -35.3582 -169.413 -85.7676 -57.3636 -20.5424
-40.6236 -35.6454 -169.515 -85.9097 -57.5147 -20.3274
-41.0535 -35.9334 -169.616 -86.0513 -57.6659 -20.1113
-41.4841 -36.2221 -169.716 -86.1923 -57.817 -19.8939
-41.9154 -36.5116 -169.815 -86.3328 -57.9683 -19.6754
-42.3474 -36.8018 -169.913 -86.4727 -58.1195 -19.4558
-42.7801 -37.0927 -170.009 -86.612 -58.2708 -19.2349
-43.2135 -37.3845 -170.105 -86.7507 -58.4221 -19.0128
-43.6476 -37.677 -170.199 -86.8889 -58.5735 -18.7896
-44.0824 -37.9702 -170.293 -87.0264 -58.7248 -18.5651
-44.5179 -38.2642 -170.385 -87.1633 -58.8762 -18.3395
-44.954 -38.559 -170.476 -87.2996 -59.0275 -18.1126
-45.3909 -38.8545 -170.566 -87.4353 -59.1789 -17.8846
-45.8284 -39.1508 -170.655 -87.5704 -59.3302 -17.6553
-46.2666 -39.4478 -170.743 -87.7048 -59.4815 -17.4249
-46.7054 -39.7456 -170.829 -87.8386 -59.6328 -17.1932
-47.145 -40.0441 -170.915 -87.9717 -59.784 -16.9603
-47.5851 -40.3434 -170.999 -88.1041 -59.9352 -16.7261
-48.026 -40.6434 -171.082 -88.2359 -60.0864 -16.4908
-48.4675 -40.9443 -171.164 -88.367 -60.2374 -16.2542
-48.9097 -41.2458 -171.245 -88.4974 -60.3885 -16.0163
-49.3525 -41.5481 -171.324 -88.6271 -60.5394 -15.7773
-49.7959 -41.8512 -171.402 -88.756 -60.6903 -15.537
-50.24 -42.155 -171.479 -88.8843 -60.8411 -15.2954
-50.6848 -42.4596 -171.555 -89.0119 -60.9918 -15.0526
-51.1301 -42.7649 -171.63 -89.1387 -61.1424 -14.8086
-51.5762 -43.071 -171.703 -89.2648 -61.2929 -14.5633
-52.0228 -43.3779 -171.776 -89.3901 -61.4433 -14.3167
-52.47 -43.6855 -171.847 -89.5146 -61.5936 -14.0689
-52.9179 -43.9938 -171.916 -89.6384 -61.7437 -13.8199
-53.3664 -44.3029 -171.985 -89.7615 -61.8937 -13.5695
-53.8155 -44.6127 -172.052 -89.8837 -62.0436 -13.3179
-54.2653 -44.9233 -172.118 -90.0051 -62.1933 -13.0651
-54.7156 -45.2347 -172.183 -90.1258 -62.3429 -12.811
-55.1665 -45.5468 -172.246 -90.2456 -62.4922 -12.5556
-55.618 -45.8596 -172.308 -90.3646 -62.6415 -12.2989
-56.0702 -46.1732 -172.369 -90.4828 -62.7905 -12.041
-56.5229 -46.4875 -172.429 -90.6002 -62.9393 -11.7818
-56.9762 -46.8026 -172.487 -90.7167 -63.088 -11.5213
-57.43 -47.1184 -172.544 -90.8323 -63.2364 -11.2595
-57.8845 -47.4349 -172.599 -90.9471 -63.3846 -10.9965
-58.3395 -47.7522 -172.654 -91.061 -63.5326 -10.7322
-58.7951 -48.0702 -172.707 -91.174 -63.6804 -10.4666
-59.2512 -48.389 -172.758 -91.2862 -63.8279 -10.1997
-59.7079 -48.7085 -172.809 -91.3974 -63.9752 -9.9315
-60.1652 -49.0287 -172.858 -91.5077 -64.1223 -9.66206
-60.623 -49.3497 -172.905 -91.6171 -64.269 -9.39132
-61.0814 -49.6714 -172.952 -91.7256 -64.4155 -9.11931
-61.5403 -49.9939 -172.997 -91.8331 -64.5618 -8.84601
-61.9997 -50.317 -173.04 -91.9397 -64.7077 -8.57142
-62.4597 -50.6409 -173.082 -92.0453 -64.8533 -8.29555
-62.9202 -50.9656 -173.123 -92.15 -64.9987 -8.0184
-63.3812 -51.2909 -173.162 -92.2537 -65.1437 -7.73997
-63.8427 -51.617 -173.2 -92.3564 -65.2884 -7.46025
-64.3047 -51.9438 -173.237 -92.4581 -65.4328 -7.17925
-64.7673 -52.2713 -173.272 -92.5588 -65.5768 -6.89697
-65.2303 -52.5996 -173.306 -92.6585 -65.7205 -6.6134
-65.6939 -52.9285 -173.338 -92.7571 -65.8638 -6.32856
-66.1579 -53.2582 -173.369 -92.8548 -66.0068 -6.04244
-66.6224 -53.5886 -173.399 -92.9514 -66.1494 -5.75504
-67.0874 -53.9197 -173.427 -93.0469 -66.2916 -5.46637
-67.5529 -54.2515 -173.453 -93.1414 -66.4335 -5.17642
-68.0188 -54.584 -173.479 -93.2348 -66.5749 -4.88521
-68.4852 -54.9172 -173.502 -93.3271 -66.7159 -4.59272
-68.9521 -55.2512 -173.525 -93.4183 -66.8565 -4.29896
-69.4194 -55.5858 -173.545 -93.5084 -66.9967 -4.00394
-69.8872 -55.9211 -173.565 -93.5974 -67.1364 -3.70766
-70.3554 -56.2572 -173.582 -93.6853 -67.2757 -3.41011
-70.824 -56.5939 -173.599 -93.7721 -67.4145 -3.11131
-71.2931 -56.9313 -173.614 -93.8577 -67.5529 -2.81126
-71.7626 -57.2694 -173.627 -93.9422 -67.6908 -2.50996
-72.2325 -57.6082 -173.639 -94.0255 -67.8283 -2.2074
-72.7028 -57.9477 -173.649 -94.1076 -67.9652 -1.90361
-73.1736 -58.2879 -173.658 -94.1886 -68.1016 -1.59857
-73.6447 -58.6287 -173.665 -94.2683 -68.2376 -1.2923
-74.1163 -58.9702 -173.671 -94.3469 -68.373 -0.984796
-74.5882 -59.3124 -173.675 -94.4243 -68.5079 -0.676065
-75.0605 -59.6553 -173.677 -94.5004 -68.6422 -0.366112
-75.5332 -59.9988 -173.678 -94.5753 -68.776 -0.0549401
-76.0063 -60.3431 -173.678 -94.649 -68.9093 0.257445
-76.4797 -60.6879 -173.676 -94.7214 -69.0419 0.571038
-76.9535 -61.0335 -173.672 -94.7926 -69.1741 0.885833
-77.4276 -61.3797 -173.667 -94.8624 -69.3056 1.20183
-77.9021 -61.7265 -173.66 -94.9311 -69.4365 1.51901
-78.3769 -62.074 -173.652 -94.9984 -69.5668 1.83738
-78.8521 -62.4222 -173.642 -95.0644 -69.6966 2.15693
-79.3276 -62.771 -173.63 -95.1291 -69.8257 2.47765
-79.8034 -63.1204 -173.617 -95.1925 -69.9541 2.79954
-80.2795 -63.4705 -173.602 -95.2546 -70.082 3.12259
-80.7559 -63.8213 -173.586 -95.3153 -70.2092 3.44679
-81.2326 -64.1726 -173.568 -95.3747 -70.3357 3.77214
-81.7097 -64.5246 -173.548 -95.4327 -70.4615 4.09863
-82.187 -64.8772 -173.527 -95.4894 -70.5867 4.42624
-82.6645 -65.2305 -173.504 -95.5447 -70.7112 4.75498
-83.1424 -65.5843 -173.479 -95.5986 -70.835 5.08484
-83.6205 -65.9388 -173.453 -95.6511 -70.9581 5.4158
-84.0989 -66.2939 -173.425 -95.7022 -71.0805 5.74786
-84.5775 -66.6496 -173.395 -95.7519 -71.2021 6.08101
-85.0564 -67.0059 -173.364 -95.8001 -71.323 6.41524
-85.5355 -67.3628 -173.331 -95.847 -71.4432 6.75054
-86.0149 -67.7203 -173.297 -95.8924 -71.5626 7.0869
-86.4945 -68.0785 -173.26 -95.9363 -71.6813 7.42432
-86.9743 -68.4372 -173.222 -95.9788 -71.7992 7.76278
-87.4543 -68.7964 -173.183 -96.0198 -71.9163 8.10228
-87.9345 -69.1563 -173.141 -96.0593 -72.0326 8.44279
-88.4149 -69.5168 -173.098 -96.0974 -72.1481 8.78432
-88.8954 -69.8778 -173.054 -96.1339 -72.2628 9.12685
-89.3762 -70.2394 -173.007 -96.169 -72.3767 9.47038
-89.8571 -70.6016 -172.959 -96.2025 -72.4897 9.81488
-90.3382 -70.9643 -172.909 -96.2345 -72.6019 10.1604
-90.8195 -71.3276 -172.857 -96.265 -72.7133 10.5068
-91.3009 -71.6914 -172.804 -96.294 -72.8238 10.8542
-91.7824 -72.0558 -172.749 -96.3214 -72.9335 11.2025
-92.2641 -72.4207 -172.692 -96.3472 -73.0423 11.5517
-92.7459 -72.7862 -172.633 -96.3715 -73.1502 11.9018
-93.2278 -73.1522 -172.573 -96.3942 -73.2572 12.2529
-93.7098 -73.5188 -172.511 -96.4153 -73.3633 12.6048
-94.1919 -73.8859 -172.447 -96.4349 -73.4685 12.9576
-94.6742 -74.2535 -172.381 -96.4528 -73.5728 13.3112
-95.1565 -74.6216 -172.314 -96.4692 -73.6761 13.6657
-95.6389 -74.9902 -172.245 -96.4839 -73.7785 14.0211
-96.1213 -75.3594 -172.174 -96.497 -73.88 14.3772
-96.6038 -75.729 -172.101 -96.5085 -73.9805 14.7342
-97.0864 -76.0992 -172.026 -96.5184 -74.0801 15.0919
-97.569 -76.4698 -171.95 -96.5266 -74.1787 15.4504
-98.0517 -76.8409 -171.872 -96.5332 -74.2763 15.8097
-98.5343 -77.2126 -171.792 -96.5381 -74.3729 16.1697
-99.017 -77.5847 -171.71 -96.5414 -74.4686 16.5304
-99.4998 -77.9573 -171.626 -96.543 -74.5632 16.8919
-99.9825 -78.3303 -171.541 -96.5429 -74.6568 17.254
-100.465 -78.7038 -171.454 -96.5411 -74.7494 17.6169
-100.948 -79.0778 -171.365 -96.5377 -74.841 17.9804
-101.431 -79.4522 -171.274 -96.5326 -74.9316 18.3445
-101.913 -79.8271 -171.181 -96.5258 -75.0211 18.7093
-102.396 -80.2024 -171.087 -96.5173 -75.1095 19.0747
-102.878 -80.5782 -170.991 -96.507 -75.1969 19.4408
-103.361 -80.9544 -170.893 -96.4951 -75.2833 19.8073
-103.843 -81.331 -170.793 -96.4814 -75.3685 20.1745
-104.326 -81.7081 -170.691 -96.4661 -75.4527 20.5422
-104.808 -82.0855 -170.587 -96.4489 -75.5358 20.9105
-105.29 -82.4634 -170.482 -96.4301 -75.6178 21.2792
-105.772 -82.8417 -170.374 -96.4095 -75.6987 21.6485
-106.254 -83.2204 -170.265 -96.3872 -75.7785 22.0182
-106.736 -83.5995 -170.154 -96.3632 -75.8572 22.3885
-107.218 -83.979 -170.041 -96.3374 -75.9347 22.7591
-107.7 -84.3588 -169.927 -96.3098 -76.0112 23.1302
-108.181 -84.7391 -169.81 -96.2805 -76.0865 23.5017
-108.662 -85.1197 -169.692 -96.2494 -76.1606 23.8735
-109.144 -85.5007 -169.571 -96.2166 -76.2336 24.2458
-109.625 -85.882 -169.449 -96.182 -76.3055 24.6184
-110.105 -86.2637 -169.325 -96.1456 -76.3762 24.9913
-110.586 -86.6458 -169.199 -96.1075 -76.4458 25.3645
-111.066 -87.0282 -169.071 -96.0676 -76.5142 25.7381
-111.547 -87.4109 -168.942 -96.0259 -76.5814 26.1119
-112.027 -87.794 -168.81 -95.9825 -76.6474 26.4859
-112.506 -88.1774 -168.677 -95.9372 -76.7122 26.8602
-112.986 -88.5611 -168.542 -95.8902 -76.7759 27.2347
-113.465 -88.9451 -168.405 -95.8414 -76.8383 27.6094
-113.944 -89.3295 -168.266 -95.7908 -76.8996 27.9843
-114.423 -89.7141 -168.125 -95.7385 -76.9597 28.3594
-114.902 -90.0991 -167.982 -95.6843 -77.0185 28.7345
-115.38 -90.4843 -167.837 -95.6284 -77.0761 29.1098
-115.858 -90.8698 -167.691 -95.5707 -77.1326 29.4852
-116.336 -91.2556 -167.543 -95.5112 -77.1878 29.8606
-116.813 -91.6417 -167.392 -95.4499 -77.2417 30.2361
-117.29 -92.0281 -167.24 -95.3868 -77.2945 30.6117
-117.767 -92.4147 -167.086 -95.322 -77.346 30.9872
-118.244 -92.8015 -166.93 -95.2554 -77.3963 31.3628
-118.72 -93.1886 -166.773 -95.1869 -77.4454 31.7383
-119.195 -93.576 -166.613 -95.1167 -77.4932 32.1137
-119.671 -93.9635 -166.452 -95.0448 -77.5397 32.4891
-120.146 -94.3514 -166.288 -94.971 -77.5851 32.8644
-120.621 -94.7394 -166.123 -94.8955 -77.6291 33.2396
-121.095 -95.1276 -165.956 -94.8182 -77.672 33.6146
-121.569 -95.5161 -165.787 -94.7391 -77.7135 33.9895
-122.042 -95.9048 -165.616 -94.6583 -77.7538 34.3642
-122.515 -96.2936 -165.443 -94.5757 -77.7929 34.7387
-122.988 -96.6827 -165.268 -94.4913 -77.8307 35.113
-123.46 -97.0719 -165.092 -94.4052 -77.8672 35.4871
-123.932 -97.4614 -164.914 -94.3173 -77.9025 35.8609
-124.403 -97.851 -164.733 -94.2277 -77.9365 36.2344
-124.874 -98.2407 -164.551 -94.1363 -77.9693 36.6076
-125.345 -98.6307 -164.367 -94.0432 -78.0008 36.9805
-125.815 -99.0207 -164.181 -93.9483 -78.031 37.353
-126.284 -99.411 -163.994 -93.8517 -78.06 37.7252
-126.753 -99.8013 -163.804 -93.7534 -78.0877 38.097
-127.222 -100.192 -163.613 -93.6533 -78.1141 38.4684
-127.69 -100.582 -163.419 -93.5515 -78.1393 38.8393
-128.157 -100.973 -163.224 -93.448 -78.1632 39.2098
-128.624 -101.364 -163.027 -93.3429 -78.1858 39.5798
