75 100 -150 0 0 49
74.9999 99.9999 -149.755 -0.0414067 -0.0511594 49.0074
74.9996 99.9995 -149.51 -0.082834 -0.102341 49.0148
74.9991 99.9988 -149.265 -0.124282 -0.153545 49.0221
74.9983 99.998 -149.02 -0.165751 -0.204771 49.0294
74.9974 99.9968 -148.775 -0.20724 -0.256019 49.0366
74.9963 99.9954 -148.529 -0.248751 -0.30729 49.0438
74.9949 99.9937 -148.284 -0.290282 -0.358584 49.051
74.9934 99.9918 -148.039 -0.331834 -0.409899 49.0581
74.9916 99.9896 -147.794 -0.373408 -0.461238 49.0652
74.9896 99.9872 -147.548 -0.415002 -0.512599 49.0723
74.9875 99.9845 -147.303 -0.456618 -0.563983 49.0793
74.9851 99.9816 -147.057 -0.498255 -0.61539 49.0863
74.9825 99.9783 -146.812 -0.539913 -0.666819 49.0932
74.9797 99.9749 -146.566 -0.581593 -0.718272 49.1001
74.9767 99.9712 -146.321 -0.623294 -0.769747 49.107
74.9734 99.9672 -146.075 -0.665016 -0.821246 49.1138
74.97 99.963 -145.83 -0.70676 -0.872768 49.1206
74.9664 99.9585 -145.584 -0.748526 -0.924313 49.1273
74.9625 99.9537 -145.339 -0.790314 -0.975881 49.134
74.9585 99.9487 -145.093 -0.832123 -1.02747 49.1407
74.9542 99.9434 -144.847 -0.873954 -1.07909 49.1473
74.9497 99.9379 -144.601 -0.915807 -1.13073 49.1539
74.945 99.9321 -144.356 -0.957681 -1.18239 49.1605
74.9401 99.9261 -144.11 -0.999578 -1.23407 49.167
74.935 99.9198 -143.864 -1.0415 -1.28578 49.1735
74.9297 99.9132 -143.618 -1.08344 -1.33752 49.1799
74.9242 99.9064 -143.372 -1.1254 -1.38927 49.1863
74.9185 99.8993 -143.126 -1.16739 -1.44105 49.1926
74.9125 99.892 -142.88 -1.20939 -1.49286 49.199
74.9064 99.8844 -142.634 -1.25143 -1.54469 49.2053
74.9 99.8766 -142.388 -1.29348 -1.59654 49.2115
74.8935 99.8684 -142.142 -1.33555 -1.64842 49.2177
74.8867 99.8601 -141.896 -1.37765 -1.70032 49.2239
74.8797 99.8514 -141.65 -1.41977 -1.75224 49.23
74.8725 99.8425 -141.404 -1.46192 -1.80419 49.2361
74.8651 99.8334 -141.157 -1.50408 -1.85617 49.2421
74.8574 99.824 -140.911 -1.54627 -1.90817 49.2481
74.8496 99.8143 -140.665 -1.58848 -1.96019 49.2541
74.8415 99.8044 -140.419 -1.63072 -2.01224 49.2601
74.8333 99.7942 -140.172 -1.67298 -2.06431 49.2659
74.8248 99.7837 -139.926 -1.71526 -2.11641 49.2718
74.8161 99.773 -139.68 -1.75756 -2.16853 49.2776
74.8072 99.7621 -139.433 -1.79989 -2.22068 49.2834
74.7981 99.7508 -139.187 -1.84224 -2.27286 49.2892
74.7888 99.7393 -138.94 -1.88462 -2.32505 49.2949
74.7793 99.7276 -138.694 -1.92701 -2.37728 49.3005
74.7695 99.7156 -138.447 -1.96944 -2.42953 49.3061
74.7596 99.7033 -138.201 -2.01188 -2.4818 49.3117
74.7494 99.6907 -137.954 -2.05435 -2.5341 49.3173
74.7391 99.6779 -137.708 -2.09684 -2.58643 49.3228
74.7285 99.6649 -137.461 -2.13936 -2.63878 49.3283
74.7177 99.6515 -137.214 -2.1819 -2.69115 49.3337
74.7066 99.638 -136.968 -2.22447 -2.74356 49.3391
74.6954 99.6241 -136.721 -2.26706 -2.79599 49.3445
74.684 99.61 -136.474 -2.30967 -2.84844 49.3498
74.6723 99.5956 -136.227 -2.35231 -2.90092 49.3551
74.6604 99.581 -135.981 -2.39497 -2.95343 49.3603
74.6484 99.5661 -135.734 -2.43766 -3.00596 49.3655
74.6361 99.5509 -135.487 -2.48037 -3.05852 49.3707
74.6236 99.5355 -135.24 -2.5231 -3.1111 49.3758
74.6108 99.5198 -134.993 -2.56586 -3.16372 49.3809
74.5979 99.5039 -134.746 -2.60865 -3.21635 49.3859
74.5848 99.4877 -134.499 -2.65146 -3.26902 49.3909
74.5714 99.4712 -134.252 -2.69429 -3.32171 49.3959
74.5578 99.4544 -134.005 -2.73715 -3.37443 49.4008
74.544 99.4374 -133.758 -2.78003 -3.42718 49.4057
74.53 99.4202 -133.511 -2.82294 -3.47995 49.4106
74.5158 99.4026 -133.264 -2.86588 -3.53275 49.4154
74.5014 99.3848 -133.017 -2.90884 -3.58558 49.4202
74.4867 99.3668 -132.77 -2.95182 -3.63843 49.4249
74.4718 99.3485 -132.523 -2.99483 -3.69131 49.4296
74.4568 99.3299 -132.276 -3.03787 -3.74422 49.4343
74.4415 99.311 -132.029 -3.08093 -3.79716 49.4389
74.4259 99.2919 -131.781 -3.12402 -3.85012 49.4435
74.4102 99.2725 -131.534 -3.16713 -3.90311 49.4481
74.3943 99.2529 -131.287 -3.21027 -3.95613 49.4526
74.3781 99.233 -131.04 -3.25344 -4.00918 49.457
74.3617 99.2128 -130.792 -3.29663 -4.06226 49.4615
74.3451 99.1923 -130.545 -3.33985 -4.11536 49.4659
74.3283 99.1716 -130.298 -3.38309 -4.16849 49.4702
74.3113 99.1506 -130.05 -3.42636 -4.22165 49.4746
74.2941 99.1294 -129.803 -3.46965 -4.27484 49.4788
74.2766 99.1079 -129.556 -3.51298 -4.32806 49.4831
74.2589 99.0861 -129.308 -3.55633 -4.3813 49.4873
74.2411 99.0641 -129.061 -3.5997 -4.43458 49.4914
74.223 99.0418 -128.813 -3.6431 -4.48788 49.4956
74.2046 99.0192 -128.566 -3.68653 -4.54121 49.4997
74.1861 98.9964 -128.318 -3.72999 -4.59457 49.5037
74.1673 98.9733 -128.071 -3.77347 -4.64796 49.5077
74.1484 98.9499 -127.823 -3.81698 -4.70138 49.5117
74.1292 98.9262 -127.576 -3.86052 -4.75483 49.5156
74.1097 98.9023 -127.328 -3.90408 -4.80831 49.5195
74.0901 98.8782 -127.08 -3.94767 -4.86181 49.5234
74.0703 98.8537 -126.833 -3.99129 -4.91535 49.5272
74.0502 98.829 -126.585 -4.03493 -4.96891 49.531
74.0299 98.804 -126.337 -4.07861 -5.02251 49.5347
74.0094 98.7788 -126.09 -4.12231 -5.07614 49.5384
73.9887 98.7533 -125.842 -4.16604 -5.12979 49.5421
73.9678 98.7275 -125.594 -4.20979 -5.18348 49.5457
73.9466 98.7014 -125.347 -4.25358 -5.23719 49.5493
73.9252 98.6751 -125.099 -4.29739 -5.29094 49.5529
73.9036 98.6485 -124.851 -4.34123 -5.34472 49.5564
73.8818 98.6217 -124.603 -4.3851 -5.39853 49.5599
73.8598 98.5945 -124.355 -4.42899 -5.45236 49.5633
73.8375 98.5671 -124.108 -4.47292 -5.50623 49.5667
73.815 98.5395 -123.86 -4.51687 -5.56013 49.57
73.7924 98.5115 -123.612 -4.56085 -5.61406 49.5734
73.7694 98.4833 -123.364 -4.60487 -5.66802 49.5767
73.7463 98.4549 -123.116 -4.6489 -5.72202 49.5799
73.7229 98.4261 -122.868 -4.69297 -5.77604 49.5831
73.6994 98.3971 -122.62 -4.73707 -5.8301 49.5863
73.6756 98.3678 -122.372 -4.7812 -5.88418 49.5894
73.6516 98.3383 -122.124 -4.82535 -5.9383 49.5925
73.6273 98.3084 -121.877 -4.86953 -5.99245 49.5956
73.6029 98.2783 -121.629 -4.91375 -6.04664 49.5986
73.5782 98.248 -121.381 -4.95799 -6.10085 49.6015
73.5533 98.2173 -121.133 -5.00226 -6.1551 49.6045
73.5282 98.1864 -120.884 -5.04656 -6.20938 49.6074
73.5028 98.1552 -120.636 -5.0909 -6.26369 49.6103
73.4773 98.1238 -120.388 -5.13526 -6.31803 49.6131
73.4515 98.0921 -120.14 -5.17965 -6.37241 49.6159
73.4255 98.0601 -119.892 -5.22407 -6.42682 49.6186
73.3992 98.0278 -119.644 -5.26852 -6.48126 49.6213
73.3728 97.9952 -119.396 -5.313 -6.53573 49.624
73.3461 97.9624 -119.148 -5.35751 -6.59024 49.6266
73.3192 97.9293 -118.9 -5.40205 -6.64478 49.6292
73.2921 97.896 -118.652 -5.44663 -6.69936 49.6318
73.2647 97.8623 -118.403 -5.49123 -6.75397 49.6343
73.2372 97.8284 -118.155 -5.53586 -6.80861 49.6368
73.2094 97.7943 -117.907 -5.58053 -6.86328 49.6392
73.1814 97.7598 -117.659 -5.62522 -6.91799 49.6416
73.1531 97.7251 -117.411 -5.66995 -6.97274 49.644
73.1247 97.6901 -117.162 -5.7147 -7.02752 49.6463
73.096 97.6548 -116.914 -5.75949 -7.08233 49.6486
73.0671 97.6193 -116.666 -5.80431 -7.13717 49.6509
73.0379 97.5834 -116.418 -5.84916 -7.19206 49.6531
73.0086 97.5473 -116.169 -5.89405 -7.24697 49.6553
72.979 97.511 -115.921 -5.93896 -7.30192 49.6574
72.9492 97.4743 -115.673 -5.9839 -7.35691 49.6595
72.9192 97.4374 -115.425 -6.02888 -7.41193 49.6616
72.8889 97.4002 -115.176 -6.07389 -7.46699 49.6636
72.8584 97.3627 -114.928 -6.11893 -7.52208 49.6656
72.8277 97.325 -114.68 -6.16401 -7.57721 49.6676
72.7968 97.287 -114.431 -6.20911 -7.63237 49.6695
72.7656 97.2487 -114.183 -6.25425 -7.68757 49.6714
72.7342 97.2101 -113.934 -6.29942 -7.7428 49.6732
72.7026 97.1712 -113.686 -6.34462 -7.79807 49.675
72.6708 97.1321 -113.438 -6.38986 -7.85338 49.6768
72.6387 97.0927 -113.189 -6.43513 -7.90873 49.6785
72.6064 97.053 -112.941 -6.48043 -7.96411 49.6802
72.5739 97.013 -112.693 -6.52576 -8.01953 49.6818
72.5412 96.9728 -112.444 -6.57113 -8.07498 49.6835
72.5082 96.9323 -112.196 -6.61653 -8.13047 49.685
72.475 96.8915 -111.947 -6.66196 -8.186 49.6866
72.4416 96.8504 -111.699 -6.70743 -8.24157 49.6881
72.4079 96.8091 -111.45 -6.75293 -8.29717 49.6895
72.3741 96.7675 -111.202 -6.79846 -8.35282 49.691
72.34 96.7256 -110.954 -6.84403 -8.4085 49.6924
72.3056 96.6834 -110.705 -6.88964 -8.46421 49.6937
72.2711 96.6409 -110.457 -6.93527 -8.51997 49.695
72.2363 96.5982 -110.208 -6.98094 -8.57577 49.6963
72.2012 96.5552 -109.96 -7.02665 -8.6316 49.6976
72.166 96.5119 -109.711 -7.07239 -8.68747 49.6988
72.1305 96.4683 -109.463 -7.11816 -8.74339 49.6999
72.0948 96.4244 -109.214 -7.16397 -8.79934 49.7011
72.0589 96.3803 -108.966 -7.20981 -8.85533 49.7022
72.0227 96.3359 -108.717 -7.25569 -8.91136 49.7032
71.9863 96.2912 -108.469 -7.3016 -8.96743 49.7042
71.9497 96.2462 -108.22 -7.34755 -9.02354 49.7052
71.9129 96.2009 -107.972 -7.39353 -9.07969 49.7062
71.8758 96.1554 -107.723 -7.43955 -9.13588 49.7071
71.8385 96.1096 -107.474 -7.4856 -9.19211 49.708
71.8009 96.0635 -107.226 -7.53169 -9.24838 49.7088
71.7631 96.0171 -106.977 -7.57782 -9.30469 49.7096
71.7251 95.9704 -106.729 -7.62398 -9.36104 49.7104
71.6869 95.9235 -106.48 -7.67018 -9.41744 49.7111
71.6484 95.8763 -106.232 -7.71641 -9.47388 49.7118
71.6097 95.8288 -105.983 -7.76268 -9.53035 49.7124
71.5708 95.781 -105.735 -7.80899 -9.58687 49.7131
71.5316 95.7329 -105.486 -7.85533 -9.64344 49.7136
71.4923 95.6845 -105.237 -7.90171 -9.70004 49.7142
71.4526 95.6359 -104.989 -7.94812 -9.75669 49.7147
71.4128 95.587 -104.74 -7.99458 -9.81338 49.7152
71.3727 95.5378 -104.492 -8.04107 -9.87011 49.7156
71.3324 95.4883 -104.243 -8.08759 -9.92689 49.716
71.2918 95.4385 -103.995 -8.13416 -9.98371 49.7164
71.251 95.3884 -103.746 -8.18076 -10.0406 49.7167
71.21 95.3381 -103.497 -8.2274 -10.0975 49.717
71.1687 95.2874 -103.249 -8.27408 -10.1544 49.7173
71.1273 95.2365 -103 -8.32079 -10.2114 49.7175
71.0855 95.1853 -102.752 -8.36755 -10.2685 49.7177
71.0436 95.1338 -102.503 -8.41434 -10.3256 49.7179
71.0014 95.0821 -102.254 -8.46117 -10.3827 49.718
70.959 95.03 -102.006 -8.50804 -10.4399 49.7181
70.9163 94.9777 -101.757 -8.55494 -10.4971 49.7181
70.8734 94.9251 -101.509 -8.60189 -10.5543 49.7181
70.8303 94.8721 -101.26 -8.64888 -10.6117 49.7181
70.7869 94.8189 -101.011 -8.6959 -10.669 49.718
70.7433 94.7654 -100.763 -8.74296 -10.7264 49.718
70.6995 94.7117 -100.514 -8.79006 -10.7839 49.7178
70.6554 94.6576 -100.266 -8.83721 -10.8414 49.7177
70.6111 94.6033 -100.017 -8.88439 -10.8989 49.7175
70.5666 94.5486 -99.7686 -8.93161 -10.9565 49.7172
70.5218 94.4937 -99.52 -8.97887 -11.0142 49.717
70.4768 94.4385 -99.2714 -9.02617 -11.0719 49.7167
70.4316 94.383 -99.0228 -9.07352 -11.1296 49.7164
70.3861 94.3272 -98.7742 -9.1209 -11.1874 49.716
70.3403 94.2711 -98.5256 -9.16832 -11.2452 49.7156
70.2944 94.2147 -98.2771 -9.21579 -11.3031 49.7152
70.2482 94.1581 -98.0285 -9.26329 -11.3611 49.7147
70.2018 94.1011 -97.7799 -9.31084 -11.4191 49.7142
70.1551 94.0439 -97.5313 -9.35842 -11.4771 49.7137
70.1082 93.9863 -97.2828 -9.40605 -11.5352 49.7131
70.061 93.9285 -97.0342 -9.45372 -11.5933 49.7125
70.0136 93.8704 -96.7857 -9.50144 -11.6515 49.7119
69.966 93.812 -96.5371 -9.54919 -11.7098 49.7112
69.9181 93.7533 -96.2885 -9.59699 -11.7681 49.7105
69.87 93.6943 -96.04 -9.64483 -11.8264 49.7098
69.8217 93.6351 -95.7914 -9.69271 -11.8848 49.709
69.7731 93.5755 -95.5429 -9.74064 -11.9433 49.7082
69.7243 93.5156 -95.2944 -9.7886 -12.0018 49.7074
69.6752 93.4555 -95.0458 -9.83661 -12.0604 49.7065
69.6259 93.395 -94.7973 -9.88467 -12.119 49.7056
69.5764 93.3343 -94.5488 -9.93277 -12.1777 49.7047
69.5266 93.2732 -94.3003 -9.98091 -12.2364 49.7037
69.4766 93.2119 -94.0517 -10.0291 -12.2952 49.7028
69.4263 93.1503 -93.8032 -10.0773 -12.354 49.7017
69.3758 93.0884 -93.5547 -10.1256 -12.4129 49.7007
69.325 93.0262 -93.3062 -10.1739 -12.4719 49.6996
69.2741 92.9637 -93.0577 -10.2223 -12.5309 49.6985
69.2228 92.9008 -92.8092 -10.2707 -12.5899 49.6973
69.1713 92.8378 -92.5607 -10.3191 -12.6491 49.6962
69.1196 92.7744 -92.3123 -10.3676 -12.7083 49.695
69.0677 92.7107 -92.0638 -10.4162 -12.7675 49.6937
69.0155 92.6467 -91.8153 -10.4648 -12.8268 49.6925
68.963 92.5824 -91.5669 -10.5134 -12.8862 49.6912
68.9103 92.5178 -91.3184 -10.5621 -12.9456 49.6898
68.8574 92.4529 -91.07 -10.6108 -13.0051 49.6885
68.8042 92.3878 -90.8215 -10.6596 -13.0646 49.6871
68.7508 92.3223 -90.5731 -10.7084 -13.1242 49.6857
68.6971 92.2565 -90.3247 -10.7573 -13.1839 49.6843
68.6432 92.1905 -90.0763 -10.8062 -13.2436 49.6828
68.5891 92.1241 -89.8279 -10.8552 -13.3034 49.6813
68.5347 92.0574 -89.5795 -10.9042 -13.3633 49.6797
68.48 91.9905 -89.3311 -10.9533 -13.4232 49.6782
68.4252 91.9232 -89.0827 -11.0024 -13.4832 49.6766
68.37 91.8556 -88.8343 -11.0515 -13.5433 49.675
68.3146 91.7878 -88.5859 -11.1007 -13.6034 49.6733
68.259 91.7196 -88.3376 -11.15 -13.6636 49.6717
68.2031 91.6511 -88.0892 -11.1993 -13.7239 49.67
68.147 91.5824 -87.8409 -11.2487 -13.7842 49.6682
68.0906 91.5133 -87.5925 -11.2981 -13.8446 49.6665
68.034 91.4439 -87.3442 -11.3475 -13.905 49.6647
67.9772 91.3742 -87.0959 -11.397 -13.9656 49.6629
67.9201 91.3043 -86.8476 -11.4466 -14.0262 49.6611
67.8627 91.234 -86.5993 -11.4962 -14.0869 49.6592
67.8051 91.1634 -86.351 -11.5459 -14.1476 49.6573
67.7472 91.0925 -86.1027 -11.5956 -14.2084 49.6554
67.6891 91.0213 -85.8544 -11.6454 -14.2693 49.6535
67.6308 90.9498 -85.6062 -11.6952 -14.3303 49.6515
67.5722 90.878 -85.3579 -11.7451 -14.3913 49.6495
67.5133 90.8059 -85.1097 -11.795 -14.4525 49.6475
67.4542 90.7335 -84.8614 -11.845 -14.5137 49.6454
67.3949 90.6607 -84.6132 -11.895 -14.5749 49.6434
67.3353 90.5877 -84.365 -11.9451 -14.6363 49.6413
67.2754 90.5144 -84.1168 -11.9952 -14.6977 49.6392
67.2153 90.4407 -83.8686 -12.0454 -14.7592 49.637
67.155 90.3668 -83.6204 -12.0957 -14.8208 49.6349
67.0944 90.2925 -83.3723 -12.146 -14.8825 49.6327
67.0335 90.218 -83.1241 -12.1964 -14.9442 49.6305
66.9724 90.1431 -82.8759 -12.2468 -15.0061 49.6282
66.9111 90.0679 -82.6278 -12.2973 -15.068 49.6259
66.8494 89.9924 -82.3797 -12.3478 -15.13 49.6237
66.7876 89.9166 -82.1316 -12.3984 -15.1921 49.6213
66.7255 89.8405 -81.8835 -12.4491 -15.2543 49.619
66.6631 89.7641 -81.6354 -12.4998 -15.3165 49.6167
66.6005 89.6873 -81.3873 -12.5506 -15.3789 49.6143
66.5376 89.6103 -81.1392 -12.6014 -15.4413 49.6119
66.4745 89.5329 -80.8912 -12.6523 -15.5039 49.6094
66.4111 89.4552 -80.6432 -12.7033 -15.5665 49.607
66.3474 89.3772 -80.3951 -12.7543 -15.6292 49.6045
66.2835 89.2989 -80.1471 -12.8054 -15.692 49.602
66.2194 89.2203 -79.8991 -12.8565 -15.755 49.5995
66.155 89.1414 -79.6511 -12.9077 -15.818 49.5969
66.0903 89.0621 -79.4031 -12.959 -15.8811 49.5944
66.0254 88.9826 -79.1552 -13.0103 -15.9443 49.5918
65.9602 88.9027 -78.9072 -13.0617 -16.0076 49.5892
65.8948 88.8225 -78.6593 -13.1131 -16.071 49.5865
65.8291 88.742 -78.4113 -13.1647 -16.1345 49.5839
65.7631 88.6612 -78.1634 -13.2162 -16.1981 49.5812
65.6969 88.58 -77.9155 -13.2679 -16.2618 49.5785
65.6304 88.4985 -77.6677 -13.3196 -16.3256 49.5757
65.5637 88.4168 -77.4198 -13.3714 -16.3895 49.573
65.4967 88.3347 -77.1719 -13.4233 -16.4536 49.5702
65.4295 88.2522 -76.9241 -13.4752 -16.5177 49.5674
65.362 88.1695 -76.6762 -13.5272 -16.582 49.5645
65.2942 88.0864 -76.4284 -13.5793 -16.6463 49.5617
65.2262 88.003 -76.1806 -13.6314 -16.7108 49.5588
65.1579 87.9193 -75.9328 -13.6836 -16.7754 49.5559
65.0893 87.8353 -75.6851 -13.7359 -16.8401 49.553
65.0205 87.7509 -75.4373 -13.7882 -16.905 49.55
64.9514 87.6662 -75.1896 -13.8406 -16.9699 49.547
64.8821 87.5812 -74.9418 -13.8931 -17.035 49.544
64.8125 87.4959 -74.6941 -13.9457 -17.1002 49.5409
64.7427 87.4102 -74.4464 -13.9984 -17.1655 49.5379
64.6725 87.3242 -74.1988 -14.0511 -17.2309 49.5348
64.6021 87.2379 -73.9511 -14.1039 -17.2965 49.5316
64.5315 87.1512 -73.7034 -14.1567 -17.3622 49.5285
64.4606 87.0643 -73.4558 -14.2097 -17.428 49.5253
64.3894 86.977 -73.2082 -14.2627 -17.494 49.522
64.318 86.8893 -72.9606 -14.3158 -17.5601 49.5188
64.2462 86.8014 -72.713 -14.369 -17.6263 49.5155
64.1743 86.7131 -72.4654 -14.4222 -17.6927 49.5121
64.102 86.6244 -72.2179 -14.4756 -17.7592 49.5087
64.0295 86.5355 -71.9703 -14.529 -17.8258 49.5053
63.9567 86.4462 -71.7228 -14.5825 -17.8926 49.5019
63.8837 86.3565 -71.4753 -14.6361 -17.9595 49.4984
63.8104 86.2666 -71.2278 -14.6897 -18.0266 49.4949
63.7368 86.1763 -70.9804 -14.7435 -18.0938 49.4913
63.6629 86.0856 -70.7329 -14.7973 -18.1611 49.4877
63.5888 85.9947 -70.4855 -14.8512 -18.2286 49.484
63.5144 85.9033 -70.2381 -14.9052 -18.2962 49.4803
63.4398 85.8117 -69.9907 -14.9592 -18.364 49.4766
63.3648 85.7197 -69.7433 -15.0134 -18.432 49.4727
63.2896 85.6274 -69.496 -15.0676 -18.5001 49.4689
63.2142 85.5347 -69.2486 -15.1219 -18.5683 49.465
63.1384 85.4417 -69.0013 -15.1763 -18.6367 49.461
63.0624 85.3483 -68.754 -15.2308 -18.7053 49.457
62.9861 85.2546 -68.5068 -15.2854 -18.774 49.4529
62.9095 85.1606 -68.2595 -15.34 -18.8429 49.4487
62.8327 85.0662 -68.0123 -15.3948 -18.9119 49.4445
62.7556 84.9715 -67.7651 -15.4496 -18.9811 49.4402
62.6782 84.8764 -67.5179 -15.5045 -19.0504 49.4359
62.6005 84.781 -67.2707 -15.5595 -19.1199 49.4315
62.5226 84.6852 -67.0235 -15.6146 -19.1896 49.427
62.4444 84.5891 -66.7764 -15.6698 -19.2594 49.4224
62.3659 84.4926 -66.5293 -15.725 -19.3294 49.4178
62.2871 84.3958 -66.2822 -15.7803 -19.3996 49.413
62.2081 84.2986 -66.0352 -15.8358 -19.4699 49.4082
62.1288 84.2011 -65.7882 -15.8913 -19.5404 49.4033
62.0492 84.1032 -65.5412 -15.9468 -19.6111 49.3983
61.9693 84.005 -65.2942 -16.0025 -19.6819 49.3932
61.8892 83.9064 -65.0472 -16.0583 -19.7528 49.3881
61.8087 83.8074 -64.8003 -16.1141 -19.824 49.3828
61.728 83.7081 -64.5534 -16.17 -19.8953 49.3774
61.647 83.6085 -64.3065 -16.226 -19.9667 49.3719
61.5658 83.5085 -64.0597 -16.2821 -20.0384 49.3663
61.4842 83.4081 -63.8129 -16.3382 -20.1101 49.3606
61.4024 83.3074 -63.5661 -16.3944 -20.1821 49.3548
61.3203 83.2063 -63.3193 -16.4507 -20.2542 49.3489
61.2379 83.1048 -63.0726 -16.5071 -20.3264 49.3428
61.1552 83.003 -62.8259 -16.5636 -20.3989 49.3366
61.0722 82.9008 -62.5792 -16.6201 -20.4714 49.3303
60.989 82.7983 -62.3326 -16.6767 -20.5441 49.3238
60.9055 82.6954 -62.086 -16.7333 -20.617 49.3173
60.8217 82.5921 -61.8394 -16.7901 -20.69 49.3105
60.7376 82.4885 -61.5929 -16.8469 -20.7632 49.3037
60.6532 82.3845 -61.3464 -16.9037 -20.8365 49.2967
60.5685 82.2801 -61.0999 -16.9606 -20.9099 49.2895
60.4836 82.1754 -60.8535 -17.0176 -20.9835 49.2822
60.3984 82.0703 -60.6071 -17.0746 -21.0572 49.2747
60.3129 81.9648 -60.3607 -17.1317 -21.131 49.2671
60.227 81.859 -60.1144 -17.1889 -21.205 49.2593
60.141 81.7528 -59.8681 -17.2461 -21.279 49.2514
60.0546 81.6462 -59.6219 -17.3033 -21.3532 49.2433
59.9679 81.5393 -59.3757 -17.3606 -21.4275 49.235
59.881 81.4319 -59.1296 -17.4179 -21.502 49.2266
59.7938 81.3242 -58.8834 -17.4752 -21.5765 49.218
59.7062 81.2162 -58.6374 -17.5326 -21.6511 49.2092
59.6184 81.1077 -58.3914 -17.59 -21.7258 49.2002
59.5303 80.9989 -58.1454 -17.6475 -21.8006 49.191
59.4419 80.8897 -57.8994 -17.7049 -21.8755 49.1817
59.3533 80.7802 -57.6536 -17.7624 -21.9505 49.1722
59.2643 80.6702 -57.4077 -17.8199 -22.0255 49.1625
59.1751 80.5599 -57.1619 -17.8774 -22.1007 49.1526
59.0856 80.4492 -56.9162 -17.9349 -22.1758 49.1425
58.9957 80.3381 -56.6705 -17.9924 -22.2511 49.1323
58.9056 80.2267 -56.4249 -18.0499 -22.3263 49.1219
58.8152 80.1149 -56.1793 -18.1075 -22.4017 49.1112
58.7246 80.0027 -55.9338 -18.165 -22.477 49.1004
58.6336 79.8901 -55.6883 -18.2224 -22.5525 49.0894
58.5423 79.7772 -55.4429 -18.2799 -22.6279 49.0782
58.4508 79.6638 -55.1975 -18.3373 -22.7033 49.0669
58.359 79.5501 -54.9522 -18.3948 -22.7788 49.0553
58.2668 79.436 -54.707 -18.4521 -22.8543 49.0436
58.1744 79.3216 -54.4618 -18.5095 -22.9298 49.0317
58.0817 79.2067 -54.2166 -18.5668 -23.0052 49.0196
57.9888 79.0915 -53.9716 -18.624 -23.0807 49.0073
57.8955 78.9759 -53.7266 -18.6812 -23.1562 48.9948
57.802 78.86 -53.4816 -18.7384 -23.2316 48.9822
57.7081 78.7436 -53.2367 -18.7954 -23.307 48.9694
57.614 78.6269 -52.9919 -18.8525 -23.3824 48.9564
57.5196 78.5098 -52.7472 -18.9094 -23.4577 48.9433
57.4249 78.3923 -52.5025 -18.9663 -23.533 48.93
57.3299 78.2745 -52.2579 -19.023 -23.6083 48.9165
57.2347 78.1562 -52.0133 -19.0797 -23.6835 48.9029
57.1391 78.0376 -51.7688 -19.1363 -23.7586 48.8891
57.0433 77.9187 -51.5244 -19.1928 -23.8337 48.8752
56.9472 77.7993 -51.2801 -19.2492 -23.9087 48.8611
56.8508 77.6796 -51.0358 -19.3055 -23.9836 48.8469
56.7542 77.5595 -50.7916 -19.3617 -24.0585 48.8325
56.6572 77.439 -50.5475 -19.4178 -24.1332 48.818
56.56 77.3181 -50.3034 -19.4737 -24.2079 48.8033
56.4625 77.1969 -50.0595 -19.5296 -24.2825 48.7885
56.3647 77.0753 -49.8156 -19.5853 -24.357 48.7736
56.2666 76.9533 -49.5717 -19.6408 -24.4313 48.7585
56.1683 76.831 -49.328 -19.6962 -24.5056 48.7434
56.0697 76.7083 -49.0843 -19.7515 -24.5798 48.7281
55.9708 76.5852 -48.8407 -19.8066 -24.6539 48.7127
55.8716 76.4617 -48.5972 -19.8616 -24.7278 48.6971
55.7721 76.3379 -48.3537 -19.9164 -24.8016 48.6815
55.6724 76.2137 -48.1104 -19.971 -24.8753 48.6657
55.5724 76.0892 -47.8671 -20.0255 -24.9489 48.6499
55.4722 75.9642 -47.6239 -20.0797 -25.0224 48.6339
55.3716 75.8389 -47.3807 -20.1338 -25.0957 48.6178
55.2708 75.7133 -47.1377 -20.1878 -25.1689 48.6017
55.1698 75.5873 -46.8947 -20.2415 -25.2419 48.5854
55.0684 75.4609 -46.6518 -20.295 -25.3149 48.5691
54.9668 75.3341 -46.409 -20.3484 -25.3876 48.5526
54.8649 75.207 -46.1663 -20.4015 -25.4603 48.536
54.7628 75.0795 -45.9237 -20.4545 -25.5328 48.5194
54.6604 74.9517 -45.6811 -20.5072 -25.6051 48.5026
54.5577 74.8234 -45.4386 -20.5597 -25.6773 48.4858
54.4548 74.6949 -45.1962 -20.612 -25.7494 48.4689
54.3516 74.566 -44.9539 -20.664 -25.8213 48.4518
54.2482 74.4367 -44.7117 -20.7158 -25.893 48.4347
54.1445 74.307 -44.4696 -20.7674 -25.9646 48.4175
54.0405 74.177 -44.2276 -20.8188 -26.036 48.4002
53.9363 74.0467 -43.9856 -20.8699 -26.1073 48.3827
53.8318 73.916 -43.7437 -20.9208 -26.1784 48.3652
53.7271 73.7849 -43.5019 -20.9714 -26.2494 48.3476
53.6221 73.6535 -43.2603 -21.0218 -26.3202 48.3298
53.5168 73.5217 -43.0186 -21.0719 -26.3908 48.312
53.4114 73.3896 -42.7771 -21.1218 -26.4613 48.294
53.3056 73.2571 -42.5357 -21.1714 -26.5316 48.2759
53.1996 73.1242 -42.2944 -21.2207 -26.6017 48.2577
53.0934 72.9911 -42.0531 -21.2698 -26.6717 48.2394
52.9869 72.8575 -41.812 -21.3186 -26.7415 48.2209
52.8802 72.7236 -41.5709 -21.3671 -26.8112 48.2022
52.7733 72.5894 -41.33 -21.4154 -26.8807 48.1835
52.6661 72.4548 -41.0891 -21.4634 -26.95 48.1645
52.5586 72.3199 -40.8483 -21.5112 -27.0192 48.1454
52.451 72.1846 -40.6076 -21.5586 -27.0882 48.1261
52.3431 72.049 -40.367 -21.6058 -27.157 48.1067
52.2349 71.9131 -40.1266 -21.6527 -27.2257 48.0871
52.1265 71.7768 -39.8862 -21.6994 -27.2942 48.0672
52.0179 71.6401 -39.6459 -21.7458 -27.3626 48.0472
51.9091 71.5031 -39.4057 -21.7919 -27.4308 48.0269
51.8 71.3658 -39.1656 -21.8378 -27.4989 48.0064
51.6907 71.2282 -38.9256 -21.8834 -27.5668 47.9857
51.5812 71.0902 -38.6858 -21.9287 -27.6345 47.9647
51.4714 70.9518 -38.446 -21.9738 -27.7021 47.9435
51.3614 70.8131 -38.2063 -22.0187 -27.7695 47.922
51.2512 70.6741 -37.9668 -22.0633 -27.8369 47.9002
51.1408 70.5348 -37.7273 -22.1077 -27.904 47.8782
51.0301 70.3951 -37.488 -22.1518 -27.971 47.8558
50.9193 70.2551 -37.2488 -22.1958 -28.0379 47.8332
50.8082 70.1147 -37.0097 -22.2395 -28.1047 47.8102
50.6969 69.974 -36.7707 -22.283 -28.1713 47.7869
50.5854 69.833 -36.5318 -22.3264 -28.2378 47.7632
50.4736 69.6916 -36.293 -22.3695 -28.3042 47.7392
50.3617 69.5499 -36.0544 -22.4125 -28.3705 47.7149
50.2495 69.4079 -35.8159 -22.4554 -28.4367 47.6901
50.1371 69.2656 -35.5775 -22.4981 -28.5028 47.665
50.0245 69.1229 -35.3392 -22.5406 -28.5688 47.6396
49.9117 68.9799 -35.1011 -22.5831 -28.6347 47.6137
49.7987 68.8365 -34.8631 -22.6254 -28.7005 47.5874
49.6855 68.6929 -34.6252 -22.6677 -28.7662 47.5607
49.572 68.5489 -34.3875 -22.7098 -28.8319 47.5336
49.4584 68.4046 -34.1499 -22.7519 -28.8975 47.5061
49.3445 68.2599 -33.9124 -22.794 -28.9631 47.4781
49.2304 68.1149 -33.6751 -22.8361 -29.0286 47.4497
49.1161 67.9696 -33.4379 -22.8781 -29.0941 47.4209
49.0016 67.824 -33.2009 -22.9201 -29.1595 47.3917
48.8869 67.678 -32.964 -22.9622 -29.2249 47.362
48.772 67.5317 -32.7273 -23.0042 -29.2903 47.3319
48.6569 67.3851 -32.4907 -23.0464 -29.3557 47.3013
48.5416 67.2382 -32.2543 -23.0886 -29.4211 47.2703
48.426 67.0909 -32.018 -23.1308 -29.4865 47.2389
48.3102 66.9433 -31.7819 -23.1732 -29.5519 47.207
48.1943 66.7954 -31.5459 -23.2157 -29.6173 47.1747
48.0781 66.6472 -31.3101 -23.2583 -29.6828 47.142
47.9617 66.4986 -31.0745 -23.3011 -29.7483 47.1088
47.8451 66.3497 -30.8391 -23.344 -29.8138 47.0752
47.7283 66.2004 -30.6038 -23.3871 -29.8794 47.0412
47.6112 66.0509 -30.3686 -23.4304 -29.945 47.0068
47.494 65.901 -30.1337 -23.4738 -30.0107 46.972
47.3765 65.7508 -29.8989 -23.5175 -30.0765 46.9368
47.2588 65.6002 -29.6643 -23.5614 -30.1424 46.9012
47.1409 65.4493 -29.4299 -23.6055 -30.2083 46.8652
47.0227 65.2981 -29.1957 -23.6499 -30.2744 46.8289
46.9044 65.1466 -28.9616 -23.6945 -30.3405 46.7922
46.7858 64.9947 -28.7278 -23.7394 -30.4067 46.7551
46.667 64.8425 -28.4941 -23.7845 -30.473 46.7176
46.5479 64.69 -28.2606 -23.83 -30.5395 46.6799
46.4287 64.5371 -28.0273 -23.8757 -30.6061 46.6418
46.3092 64.3839 -27.7942 -23.9217 -30.6727 46.6034
46.1895 64.2304 -27.5612 -23.968 -30.7395 46.5647
46.0695 64.0765 -27.3285 -24.0145 -30.8065 46.5256
45.9493 63.9223 -27.096 -24.0614 -30.8735 46.4863
45.8289 63.7678 -26.8637 -24.1086 -30.9407 46.4467
45.7082 63.6129 -26.6315 -24.1562 -31.008 46.4068
45.5873 63.4577 -26.3996 -24.204 -31.0755 46.3667
45.4662 63.3022 -26.1678 -24.2522 -31.1431 46.3263
45.3448 63.1463 -25.9363 -24.3006 -31.2109 46.2857
45.2232 62.9901 -25.705 -24.3494 -31.2788 46.2448
45.1013 62.8335 -25.4739 -24.3985 -31.3468 46.2037
44.9792 62.6766 -25.243 -24.448 -31.415 46.1624
44.8568 62.5194 -25.0122 -24.4977 -31.4834 46.1209
44.7342 62.3618 -24.7817 -24.5478 -31.5519 46.0792
44.6113 62.2038 -24.5515 -24.5982 -31.6205 46.0373
44.4882 62.0456 -24.3214 -24.6489 -31.6893 45.9952
44.3649 61.8869 -24.0915 -24.7 -31.7583 45.9529
44.2412 61.728 -23.8618 -24.7513 -31.8274 45.9104
44.1173 61.5687 -23.6324 -24.803 -31.8967 45.8678
43.9932 61.409 -23.4032 -24.855 -31.9661 45.825
43.8688 61.249 -23.1742 -24.9073 -32.0357 45.7821
43.7441 61.0887 -22.9453 -24.9598 -32.1054 45.739
43.6192 60.928 -22.7168 -25.0127 -32.1753 45.6958
43.494 60.7669 -22.4884 -25.0659 -32.2453 45.6524
43.3685 60.6055 -22.2602 -25.1194 -32.3155 45.6089
43.2428 60.4438 -22.0323 -25.1732 -32.3858 45.5653
43.1168 60.2816 -21.8046 -25.2273 -32.4563 45.5215
42.9905 60.1192 -21.5771 -25.2817 -32.527 45.4777
42.864 59.9564 -21.3498 -25.3363 -32.5978 45.4337
42.7372 59.7932 -21.1228 -25.3912 -32.6687 45.3896
42.6101 59.6297 -20.8959 -25.4464 -32.7398 45.3454
42.4827 59.4658 -20.6693 -25.5019 -32.811 45.301
42.3551 59.3016 -20.4429 -25.5576 -32.8824 45.2566
42.2271 59.137 -20.2167 -25.6136 -32.954 45.2121
42.0989 58.972 -19.9908 -25.6699 -33.0256 45.1675
41.9704 58.8067 -19.7651 -25.7264 -33.0975 45.1227
41.8417 58.6411 -19.5396 -25.7832 -33.1694 45.0779
41.7126 58.475 -19.3143 -25.8402 -33.2415 45.033
41.5833 58.3086 -19.0892 -25.8974 -33.3138 44.988
41.4536 58.1419 -18.8644 -25.9549 -33.3862 44.9429
41.3237 57.9748 -18.6398 -26.0127 -33.4587 44.8977
41.1935 57.8073 -18.4154 -26.0706 -33.5314 44.8524
41.063 57.6395 -18.1913 -26.1288 -33.6042 44.8071
40.9322 57.4713 -17.9674 -26.1873 -33.6771 44.7616
40.8011 57.3027 -17.7437 -26.2459 -33.7502 44.7161
40.6698 57.1338 -17.5202 -26.3048 -33.8234 44.6705
40.5381 56.9645 -17.297 -26.3638 -33.8967 44.6248
40.4061 56.7948 -17.0739 -26.4231 -33.9702 44.579
40.2738 56.6248 -16.8512 -26.4826 -34.0438 44.5331
40.1413 56.4544 -16.6286 -26.5423 -34.1175 44.4871
40.0084 56.2836 -16.4063 -26.6022 -34.1914 44.4411
39.8753 56.1125 -16.1842 -26.6623 -34.2653 44.395
39.7418 55.9409 -15.9623 -26.7226 -34.3394 44.3487
39.608 55.7691 -15.7407 -26.7831 -34.4137 44.3024
39.474 55.5968 -15.5193 -26.8438 -34.488 44.2561
39.3396 55.4242 -15.2982 -26.9047 -34.5625 44.2096
39.2049 55.2512 -15.0772 -26.9657 -34.6371 44.163
39.0699 55.0778 -14.8565 -27.0269 -34.7118 44.1164
38.9347 54.9041 -14.6361 -27.0884 -34.7866 44.0697
38.7991 54.7299 -14.4158 -27.1499 -34.8616 44.0229
38.6632 54.5554 -14.1958 -27.2117 -34.9367 43.976
38.5269 54.3806 -13.9761 -27.2736 -35.0119 43.929
38.3904 54.2053 -13.7565 -27.3358 -35.0872 43.8819
38.2536 54.0297 -13.5372 -27.398 -35.1626 43.8348
38.1164 53.8537 -13.3182 -27.4605 -35.2381 43.7876
37.979 53.6773 -13.0994 -27.5231 -35.3138 43.7402
37.8412 53.5006 -12.8808 -27.5859 -35.3895 43.6928
37.7031 53.3234 -12.6624 -27.6488 -35.4654 43.6453
37.5647 53.1459 -12.4443 -27.7119 -35.5414 43.5977
37.426 52.968 -12.2265 -27.7752 -35.6175 43.55
37.287 52.7897 -12.0088 -27.8386 -35.6937 43.5023
37.1476 52.6111 -11.7914 -27.9022 -35.77 43.4544
37.0079 52.432 -11.5743 -27.9659 -35.8465 43.4064
36.868 52.2526 -11.3574 -28.0298 -35.923 43.3584
36.7276 52.0728 -11.1407 -28.0939 -35.9997 43.3103
36.587 51.8926 -10.9243 -28.158 -36.0765 43.262
36.4461 51.712 -10.7081 -28.2224 -36.1533 43.2137
36.3048 51.5311 -10.4921 -28.2869 -36.2303 43.1652
36.1632 51.3497 -10.2764 -28.3515 -36.3074 43.1167
36.0213 51.168 -10.061 -28.4163 -36.3846 43.0681
35.879 50.9859 -9.84576 -28.4813 -36.4619 43.0193
35.7365 50.8034 -9.63078 -28.5463 -36.5394 42.9705
35.5936 50.6205 -9.41605 -28.6116 -36.6169 42.9215
35.4504 50.4372 -9.20157 -28.6769 -36.6945 42.8725
35.3068 50.2535 -8.98733 -28.7424 -36.7723 42.8233
35.1629 50.0695 -8.77333 -28.8081 -36.8501 42.7741
35.0187 49.885 -8.55959 -28.8739 -36.9281 42.7247
34.8742 49.7002 -8.34609 -28.9398 -37.0062 42.6752
34.7293 49.515 -8.13283 -29.0059 -37.0843 42.6257
34.5841 49.3294 -7.91983 -29.0721 -37.1626 42.576
34.4386 49.1434 -7.70708 -29.1385 -37.241 42.5262
34.2927 48.957 -7.49457 -29.205 -37.3195 42.4762
34.1466 48.7702 -7.28231 -29.2716 -37.3981 42.4262
34 48.583 -7.07031 -29.3384 -37.4768 42.376
33.8532 48.3954 -6.85855 -29.4053 -37.5556 42.3258
33.706 48.2074 -6.64705 -29.4723 -37.6345 42.2754
33.5584 48.0191 -6.4358 -29.5395 -37.7135 42.2249
33.4106 47.8303 -6.2248 -29.6068 -37.7927 42.1742
33.2624 47.6411 -6.01406 -29.6743 -37.8719 42.1235
33.1138 47.4516 -5.80357 -29.7419 -37.9513 42.0726
32.965 47.2616 -5.59333 -29.8096 -38.0307 42.0216
32.8157 47.0713 -5.38335 -29.8774 -38.1103 41.9705
32.6662 46.8805 -5.17363 -29.9454 -38.1899 41.9192
32.5163 46.6894 -4.96416 -30.0135 -38.2697 41.8678
32.3661 46.4978 -4.75495 -30.0818 -38.3496 41.8163
32.2155 46.3059 -4.546 -30.1502 -38.4296 41.7647
32.0645 46.1135 -4.3373 -30.2187 -38.5097 41.7129
31.9133 45.9208 -4.12887 -30.2873 -38.5899 41.661
31.7617 45.7276 -3.92069 -30.3561 -38.6702 41.6089
31.6097 45.5341 -3.71278 -30.425 -38.7506 41.5567
31.4574 45.3401 -3.50513 -30.4941 -38.8311 41.5044
31.3048 45.1458 -3.29773 -30.5632 -38.9117 41.4519
31.1518 44.951 -3.09061 -30.6326 -38.9924 41.3993
30.9985 44.7558 -2.88374 -30.702 -39.0733 41.3466
30.8448 44.5603 -2.67714 -30.7716 -39.1542 41.2937
30.6907 44.3643 -2.47081 -30.8413 -39.2353 41.2406
30.5364 44.1679 -2.26474 -30.9111 -39.3164 41.1874
30.3816 43.9711 -2.05893 -30.9811 -39.3977 41.1341
30.2266 43.7739 -1.85339 -31.0512 -39.4791 41.0806
30.0711 43.5763 -1.64813 -31.1214 -39.5606 41.027
29.9153 43.3783 -1.44312 -31.1918 -39.6422 40.9732
29.7592 43.1799 -1.23839 -31.2623 -39.7239 40.9193
29.6027 42.9811 -1.03393 -31.3329 -39.8057 40.8652
29.4459 42.7819 -0.829742 -31.4037 -39.8876 40.8109
29.2887 42.5822 -0.625823 -31.4745 -39.9697 40.7565
29.1311 42.3822 -0.422177 -31.5456 -40.0518 40.7019
28.9732 42.1817 -0.218804 -31.6167 -40.134 40.6472
28.815 41.9808 -0.0157051 -31.688 -40.2164 40.5923
28.6563 41.7795 0.187119 -31.7594 -40.2989 40.5373
28.4974 41.5778 0.389668 -31.831 -40.3815 40.4821
28.338 41.3757 0.59194 -31.9027 -40.4642 40.4267
28.1783 41.1732 0.793934 -31.9745 -40.547 40.3712
28.0183 40.9702 0.995651 -32.0465 -40.6299 40.3154
27.8579 40.7669 1.19709 -32.1186 -40.7129 40.2596
27.6971 40.5631 1.39825 -32.1908 -40.7961 40.2035
27.536 40.3589 1.59912 -32.2631 -40.8793 40.1473
27.3745 40.1543 1.79972 -32.3356 -40.9627 40.0909
27.2126 39.9493 2.00003 -32.4083 -41.0462 40.0343
27.0504 39.7439 2.20006 -32.481 -41.1298 39.9776
26.8878 39.538 2.39981 -32.5539 -41.2135 39.9206
26.7249 39.3317 2.59927 -32.627 -41.2973 39.8635
26.5615 39.125 2.79844 -32.7001 -41.3812 39.8062
26.3978 38.9179 2.99733 -32.7734 -41.4653 39.7488
26.2338 38.7104 3.19593 -32.8469 -41.5494 39.6911
26.0694 38.5024 3.39424 -32.9205 -41.6337 39.6333
25.9046 38.294 3.59226 -32.9942 -41.7181 39.5753
25.7394 38.0852 3.78999 -33.068 -41.8026 39.517
25.5739 37.876 3.98743 -33.142 -41.8873 39.4586
25.408 37.6664 4.18458 -33.2161 -41.972 39.4001
25.2418 37.4563 4.38143 -33.2904 -42.0569 39.3413
25.0751 37.2458 4.57799 -33.3648 -42.1418 39.2823
24.9081 37.0349 4.77426 -33.4394 -42.2269 39.2231
24.7407 36.8235 4.97022 -33.5141 -42.3121 39.1638
24.573 36.6118 5.16589 -33.5889 -42.3975 39.1042
24.4048 36.3996 5.36127 -33.6639 -42.4829 39.0444
24.2363 36.1869 5.55634 -33.739 -42.5685 38.9845
24.0674 35.9739 5.75111 -33.8142 -42.6542 38.9243
23.8982 35.7604 5.94558 -33.8896 -42.74 38.8639
23.7285 35.5465 6.13975 -33.9652 -42.8259 38.8034
23.5585 35.3321 6.33361 -34.0409 -42.912 38.7426
23.3881 35.1173 6.52717 -34.1167 -42.9982 38.6816
23.2174 34.9021 6.72043 -34.1927 -43.0844 38.6204
23.0462 34.6865 6.91338 -34.2688 -43.1709 38.559
22.8747 34.4704 7.10602 -34.345 -43.2574 38.4974
22.7028 34.2539 7.29835 -34.4214 -43.3441 38.4355
22.5305 34.037 7.49038 -34.498 -43.4308 38.3735
22.3578 33.8196 7.68209 -34.5747 -43.5177 38.3112
22.1847 33.6018 7.87349 -34.6515 -43.6048 38.2487
22.0113 33.3836 8.06457 -34.7285 -43.6919 38.186
21.8374 33.1649 8.25535 -34.8057 -43.7792 38.1231
21.6632 32.9458 8.44581 -34.883 -43.8666 38.06
21.4886 32.7262 8.63595 -34.9604 -43.9541 37.9966
21.3136 32.5062 8.82577 -35.038 -44.0418 37.933
21.1382 32.2858 9.01528 -35.1157 -44.1296 37.8692
20.9625 32.0649 9.20446 -35.1936 -44.2175 37.8051
20.7863 31.8436 9.39333 -35.2717 -44.3055 37.7408
20.6097 31.6219 9.58187 -35.3499 -44.3937 37.6763
20.4328 31.3997 9.77009 -35.4282 -44.482 37.6115
20.2555 31.1771 9.95799 -35.5067 -44.5704 37.5465
20.0777 30.954 10.1456 -35.5854 -44.659 37.4813
19.8996 30.7305 10.3328 -35.6642 -44.7477 37.4159
19.7211 30.5065 10.5197 -35.7432 -44.8365 37.3501
19.5422 30.2821 10.7063 -35.8223 -44.9254 37.2842
19.3629 30.0573 10.8926 -35.9016 -45.0145 37.218
19.1832 29.832 11.0785 -35.981 -45.1037 37.1516
19.003 29.6062 11.2641 -36.0606 -45.193 37.0849
18.8225 29.38 11.4493 -36.1404 -45.2825 37.0179
18.6416 29.1534 11.6343 -36.2203 -45.3721 36.9507
18.4603 28.9263 11.8188 -36.3003 -45.4619 36.8833
18.2786 28.6988 12.0031 -36.3806 -45.5517 36.8156
18.0965 28.4708 12.187 -36.461 -45.6417 36.7477
17.914 28.2424 12.3706 -36.5415 -45.7319 36.6795
17.7311 28.0135 12.5538 -36.6222 -45.8222 36.611
17.5478 27.7841 12.7367 -36.7031 -45.9126 36.5423
17.3641 27.5544 12.9192 -36.7842 -46.0031 36.4733
17.18 27.3241 13.1014 -36.8654 -46.0938 36.404
16.9954 27.0934 13.2832 -36.9467 -46.1846 36.3345
16.8105 26.8623 13.4647 -37.0283 -46.2756 36.2647
16.6252 26.6307 13.6459 -37.11 -46.3667 36.1947
16.4394 26.3986 13.8267 -37.1918 -46.4579 36.1243
16.2532 26.1661 14.0071 -37.2739 -46.5493 36.0537
16.0667 25.9331 14.1872 -37.3561 -46.6409 35.9828
15.8797 25.6997 14.367 -37.4385 -46.7325 35.9117
15.6923 25.4658 14.5463 -37.521 -46.8243 35.8402
15.5045 25.2314 14.7254 -37.6037 -46.9163 35.7685
15.3162 24.9966 14.904 -37.6866 -47.0084 35.6965
15.1276 24.7613 15.0823 -37.7697 -47.1006 35.6242
14.9385 24.5256 15.2603 -37.8529 -47.193 35.5517
14.7491 24.2894 15.4379 -37.9363 -47.2855 35.4788
14.5592 24.0528 15.6151 -38.0199 -47.3782 35.4056
14.3689 23.8156 15.7919 -38.1037 -47.471 35.3322
14.1781 23.5781 15.9684 -38.1876 -47.5639 35.2584
13.987 23.34 16.1445 -38.2717 -47.657 35.1844
13.7954 23.1015 16.3202 -38.356 -47.7503 35.1101
13.6034 22.8625 16.4956 -38.4405 -47.8437 35.0354
13.411 22.623 16.6706 -38.5251 -47.9372 34.9605
13.2182 22.3831 16.8452 -38.6099 -48.0309 34.8852
13.0249 22.1427 17.0194 -38.6949 -48.1248 34.8097
12.8312 21.9019 17.1933 -38.7801 -48.2187 34.7338
12.6371 21.6605 17.3668 -38.8655 -48.3129 34.6576
12.4426 21.4187 17.5399 -38.9511 -48.4072 34.5811
12.2476 21.1765 17.7126 -39.0368 -48.5016 34.5043
12.0522 20.9337 17.8849 -39.1227 -48.5962 34.4272
11.8564 20.6905 18.0569 -39.2088 -48.691 34.3498
11.6601 20.4468 18.2284 -39.2951 -48.7859 34.272
11.4634 20.2027 18.3996 -39.3816 -48.8809 34.1939
11.2663 19.958 18.5703 -39.4683 -48.9762 34.1155
11.0688 19.7129 18.7407 -39.5551 -49.0715 34.0368
10.8708 19.4673 18.9107 -39.6422 -49.167 33.9577
10.6723 19.2212 19.0803 -39.7294 -49.2627 33.8783
10.4735 18.9747 19.2495 -39.8169 -49.3586 33.7985
10.2742 18.7276 19.4183 -39.9045 -49.4546 33.7184
10.0744 18.4801 19.5867 -39.9923 -49.5507 33.638
9.87424 18.2321 19.7547 -40.0803 -49.647 33.5573
9.67362 17.9837 19.9223 -40.1685 -49.7435 33.4761
9.47255 17.7347 20.0894 -40.2569 -49.8401 33.3947
9.27105 17.4853 20.2562 -40.3455 -49.9369 33.3129
9.0691 17.2353 20.4226 -40.4343 -50.0339 33.2307
8.86671 16.9849 20.5885 -40.5233 -50.131 33.1482
8.66387 16.734 20.754 -40.6125 -50.2283 33.0653
8.46058 16.4826 20.9192 -40.7019 -50.3257 32.9821
8.25685 16.2308 21.0839 -40.7915 -50.4233 32.8985
8.05267 15.9784 21.2481 -40.8813 -50.5211 32.8145
7.84804 15.7256 21.412 -40.9713 -50.619 32.7302
7.64295 15.4722 21.5754 -41.0615 -50.7171 32.6455
7.43742 15.2184 21.7385 -41.1519 -50.8154 32.5604
7.23143 14.9641 21.9011 -41.2425 -50.9138 32.475
7.025 14.7092 22.0632 -41.3333 -51.0124 32.3892
6.8181 14.4539 22.2249 -41.4244 -51.1112 32.303
6.61075 14.1981 22.3862 -41.5156 -51.2101 32.2164
6.40295 13.9418 22.5471 -41.6071 -51.3092 32.1294
6.19468 13.685 22.7075 -41.6987 -51.4085 32.042
5.98596 13.4277 22.8675 -41.7906 -51.5079 31.9543
5.77678 13.17 23.0271 -41.8827 -51.6075 31.8661
5.56713 12.9117 23.1862 -41.975 -51.7073 31.7776
5.35703 12.6529 23.3449 -42.0675 -51.8073 31.6886
5.14646 12.3936 23.5031 -42.1602 -51.9074 31.5993
4.93542 12.1338 23.6608 -42.2532 -52.0077 31.5095
4.72393 11.8735 23.8182 -42.3463 -52.1082 31.4194
4.51196 11.6127 23.975 -42.4397 -52.2088 31.3288
4.29953 11.3514 24.1315 -42.5333 -52.3097 31.2378
4.08663 11.0896 24.2874 -42.6271 -52.4107 31.1464
3.87326 10.8273 24.4429 -42.7211 -52.5119 31.0546
3.65942 10.5645 24.598 -42.8154 -52.6132 30.9623
3.4451 10.3012 24.7525 -42.9099 -52.7148 30.8696
3.23032 10.0374 24.9067 -43.0046 -52.8165 30.7765
3.01506 9.77303 25.0603 -43.0995 -52.9184 30.683
2.79932 9.50818 25.2135 -43.1947 -53.0205 30.589
2.58311 9.24283 25.3662 -43.2901 -53.1227 30.4946
2.36642 8.97696 25.5184 -43.3857 -53.2252 30.3997
2.14926 8.71058 25.6702 -43.4815 -53.3278 30.3044
1.93161 8.44368 25.8215 -43.5776 -53.4306 30.2087
1.71348 8.17627 25.9723 -43.6739 -53.5336 30.1125
1.49487 7.90834 26.1226 -43.7705 -53.6368 30.0158
1.27577 7.6399 26.2724 -43.8672 -53.7401 29.9187
1.0562 7.37094 26.4218 -43.9642 -53.8436 29.8211
0.836132 7.10147 26.5707 -44.0615 -53.9474 29.7231
0.615582 6.83147 26.719 -44.159 -54.0513 29.6246
0.394543 6.56095 26.8669 -44.2567 -54.1554 29.5256
0.173015 6.28992 27.0143 -44.3546 -54.2597 29.4261
-0.0490034 6.01836 27.1612 -44.4528 -54.3642 29.3262
-0.271513 5.74627 27.3075 -44.5513 -54.4688 29.2257
-0.494516 5.47367 27.4534 -44.6499 -54.5737 29.1248
-0.718013 5.20054 27.5988 -44.7489 -54.6787 29.0234
-0.942004 4.92688 27.7437 -44.848 -54.784 28.9215
-1.16649 4.6527 27.888 -44.9474 -54.8894 28.8191
-1.39148 4.37799 28.0318 -45.0471 -54.995 28.7162
-1.61696 4.10275 28.1752 -45.147 -55.1008 28.6128
-1.84295 3.82698 28.318 -45.2471 -55.2068 28.5089
-2.06943 3.55068 28.4603 -45.3475 -55.313 28.4045
-2.29642 3.27385 28.602 -45.4482 -55.4194 28.2995
-2.52392 2.99649 28.7433 -45.5491 -55.526 28.1941
-2.75191 2.71859 28.884 -45.6502 -55.6328 28.0881
-2.98042 2.44016 29.0241 -45.7517 -55.7398 27.9815
-3.20943 2.16119 29.1638 -45.8533 -55.8469 27.8745
-3.43895 1.88169 29.3029 -45.9552 -55.9543 27.7669
-3.66898 1.60165 29.4414 -46.0574 -56.0619 27.6588
-3.89953 1.32107 29.5795 -46.1598 -56.1696 27.5501
-4.13058 1.03995 29.7169 -46.2625 -56.2776 27.4409
-4.36215 0.758294 29.8539 -46.3655 -56.3858 27.3311
-4.59424 0.476095 29.9903 -46.4687 -56.4941 27.2207
-4.82684 0.193353 30.1261 -46.5722 -56.6027 27.1098
-5.05996 -0.0899324 30.2614 -46.6759 -56.7115 26.9984
-5.2936 -0.373762 30.3961 -46.7799 -56.8205 26.8863
-5.52776 -0.658137 30.5302 -46.8842 -56.9296 26.7737
-5.76244 -0.943058 30.6638 -46.9887 -57.039 26.6605
-5.99764 -1.22853 30.7968 -47.0935 -57.1486 26.5467
-6.23337 -1.51454 30.9293 -47.1986 -57.2584 26.4323
-6.46963 -1.80111 31.0611 -47.3039 -57.3684 26.3174
-6.70641 -2.08823 31.1924 -47.4095 -57.4786 26.2018
-6.94372 -2.3759 31.3232 -47.5154 -57.589 26.0856
-7.18157 -2.66412 31.4533 -47.6216 -57.6996 25.9689
-7.41994 -2.95289 31.5828 -47.728 -57.8104 25.8515
-7.65885 -3.24222 31.7118 -47.8347 -57.9214 25.7335
-7.89829 -3.53211 31.8402 -47.9417 -58.0326 25.6148
-8.13826 -3.82255 31.968 -48.049 -58.1441 25.4956
-8.37878 -4.11355 32.0951 -48.1565 -58.2557 25.3757
-8.61983 -4.4051 32.2217 -48.2643 -58.3675 25.2552
-8.86142 -4.69722 32.3477 -48.3724 -58.4796 25.134
-9.10355 -4.9899 32.4731 -48.4808 -58.5919 25.0122
-9.34623 -5.28314 32.5978 -48.5895 -58.7044 24.8897
-9.58945 -5.57694 32.722 -48.6984 -58.817 24.7665
-9.83321 -5.87131 32.8455 -48.8077 -58.93 24.6427
-10.0775 -6.16624 32.9684 -48.9172 -59.0431 24.5183
-10.3224 -6.46174 33.0907 -49.027 -59.1564 24.3931
-10.5678 -6.75781 33.2123 -49.1371 -59.2699 24.2673
-10.8138 -7.05444 33.3333 -49.2475 -59.3837 24.1408
-11.0603 -7.35164 33.4537 -49.3582 -59.4976 24.0136
-11.3073 -7.64942 33.5735 -49.4691 -59.6118 23.8857
-11.555 -7.94776 33.6926 -49.5804 -59.7262 23.7571
-11.8031 -8.24668 33.811 -49.692 -59.8408 23.6278
-12.0519 -8.54617 33.9289 -49.8038 -59.9556 23.4978
-12.3012 -8.84623 34.046 -49.916 -60.0707 23.367
-12.551 -9.14688 34.1625 -50.0284 -60.1859 23.2355
-12.8015 -9.44809 34.2784 -50.1412 -60.3014 23.1033
-13.0525 -9.74989 34.3936 -50.2542 -60.4171 22.9704
-13.304 -10.0523 34.5081 -50.3676 -60.5329 22.8367
-13.5561 -10.3552 34.6219 -50.4812 -60.6491 22.7023
-13.8088 -10.6588 34.7351 -50.5952 -60.7654 22.5671
-14.0621 -10.9629 34.8476 -50.7094 -60.8819 22.4311
-14.3159 -11.2676 34.9594 -50.824 -60.9987 22.2944
-14.5703 -11.5729 35.0705 -50.9388 -61.1157 22.1569
-14.8253 -11.8787 35.181 -51.054 -61.2329 22.0186
-15.0809 -12.1852 35.2907 -51.1695 -61.3503 21.8795
-15.337 -12.4922 35.3998 -51.2853 -61.4679 21.7396
-15.5937 -12.7999 35.5081 -51.4014 -61.5857 21.599
-15.851 -13.1081 35.6158 -51.5178 -61.7038 21.4575
-16.1089 -13.4169 35.7227 -51.6345 -61.8221 21.3152
-16.3674 -13.7263 35.8289 -51.7515 -61.9406 21.172
-16.6264 -14.0363 35.9344 -51.8689 -62.0593 21.0281
-16.886 -14.3469 36.0392 -51.9866 -62.1782 20.8833
-17.1463 -14.6581 36.1432 -52.1045 -62.2974 20.7376
-17.4071 -14.9699 36.2466 -52.2228 -62.4168 20.5911
-17.6685 -15.2823 36.3492 -52.3414 -62.5363 20.4438
-17.9305 -15.5952 36.451 -52.4604 -62.6561 20.2956
-18.1931 -15.9088 36.5521 -52.5796 -62.7762 20.1465
-18.4563 -16.223 36.6525 -52.6992 -62.8964 19.9965
-18.7201 -16.5378 36.7521 -52.8191 -63.0169 19.8456
-18.9845 -16.8532 36.8509 -52.9393 -63.1375 19.6938
-19.2495 -17.1692 36.949 -53.0598 -63.2584 19.5412
-19.5151 -17.4858 37.0463 -53.1807 -63.3796 19.3876
-19.7813 -17.803 37.1429 -53.3019 -63.5009 19.2331
-20.0481 -18.1208 37.2387 -53.4234 -63.6224 19.0776
-20.3155 -18.4392 37.3337 -53.5452 -63.7442 18.9212
-20.5836 -18.7582 37.4279 -53.6674 -63.8662 18.7639
-20.8522 -19.0778 37.5213 -53.7899 -63.9884 18.6056
-21.1215 -19.3981 37.6139 -53.9127 -64.1108 18.4464
-21.3913 -19.719 37.7058 -54.0359 -64.2334 18.2862
-21.6618 -20.0404 37.7968 -54.1594 -64.3562 18.125
-21.9329 -20.3625 37.887 -54.2832 -64.4793 17.9628
-22.2046 -20.6852 37.9764 -54.4073 -64.6026 17.7996
-22.477 -21.0085 38.065 -54.5318 -64.726 17.6354
-22.75 -21.3325 38.1528 -54.6566 -64.8497 17.4702
-23.0236 -21.657 38.2397 -54.7818 -64.9737 17.304
-23.2978 -21.9822 38.3258 -54.9072 -65.0978 17.1368
-23.5726 -22.308 38.4111 -55.0331 -65.2221 16.9684
-23.8481 -22.6344 38.4955 -55.1592 -65.3467 16.7991
-24.1242 -22.9615 38.5791 -55.2857 -65.4714 16.6287
-24.401 -23.2891 38.6618 -55.4125 -65.5964 16.4572
-24.6784 -23.6174 38.7437 -55.5397 -65.7216 16.2846
-24.9564 -23.9464 38.8246 -55.6672 -65.8469 16.1109
-25.235 -24.2759 38.9048 -55.795 -65.9725 15.9361
-25.5143 -24.6061 38.984 -55.9232 -66.0983 15.7602
-25.7943 -24.9369 39.0624 -56.0517 -66.2243 15.5832
-26.0748 -25.2683 39.1398 -56.1806 -66.3505 15.4051
-26.3561 -25.6004 39.2164 -56.3098 -66.477 15.2258
-26.6379 -25.9331 39.2921 -56.4393 -66.6036 15.0454
-26.9205 -26.2664 39.3669 -56.5692 -66.7304 14.8638
-27.2036 -26.6004 39.4407 -56.6994 -66.8574 14.681
-27.4874 -26.935 39.5137 -56.83 -66.9847 14.497
-27.7719 -27.2703 39.5857 -56.9609 -67.1121 14.3118
-28.0571 -27.6061 39.6568 -57.0921 -67.2397 14.1255
-28.3428 -27.9427 39.727 -57.2237 -67.3675 13.9379
-28.6293 -28.2798 39.7962 -57.3556 -67.4955 13.749
-28.9164 -28.6176 39.8644 -57.4879 -67.6237 13.5589
-29.2042 -28.956 39.9318 -57.6205 -67.7522 13.3676
-29.4926 -29.2951 39.9981 -57.7535 -67.8807 13.175
-29.7817 -29.6349 40.0635 -57.8868 -68.0095 12.9811
-30.0715 -29.9752 40.1279 -58.0204 -68.1385 12.786
-30.3619 -30.3162 40.1914 -58.1544 -68.2677 12.5895
-30.653 -30.6579 40.2538 -58.2887 -68.397 12.3917
-30.9448 -31.0002 40.3153 -58.4234 -68.5266 12.1926
-31.2373 -31.3432 40.3758 -58.5584 -68.6563 11.9921
-31.5304 -31.6868 40.4352 -58.6937 -68.7862 11.7903
-31.8242 -32.031 40.4937 -58.8294 -68.9163 11.5871
-32.1187 -32.3759 40.5511 -58.9654 -69.0465 11.3825
-32.4138 -32.7215 40.6075 -59.1018 -69.177 11.1765
-32.7097 -33.0677 40.6628 -59.2385 -69.3076 10.9691
-33.0062 -33.4146 40.7172 -59.3756 -69.4384 10.7603
-33.3035 -33.7621 40.7704 -59.5129 -69.5693 10.5501
-33.6014 -34.1103 40.8227 -59.6507 -69.7004 10.3384
-33.9 -34.4591 40.8738 -59.7887 -69.8317 10.1253
-34.1992 -34.8086 40.9239 -59.9271 -69.9632 9.91061
-34.4992 -35.1587 40.9729 -60.0659 -70.0948 9.69448
-34.7999 -35.5095 41.0209 -60.2049 -70.2265 9.47684
-35.1013 -35.861 41.0677 -60.3443 -70.3585 9.25768
-35.4033 -36.2131 41.1134 -60.4841 -70.4906 9.03697
-35.7061 -36.5659 41.1581 -60.6242 -70.6228 8.81471
-36.0096 -36.9193 41.2016 -60.7646 -70.7552 8.59088
-36.3138 -37.2734 41.244 -60.9053 -70.8877 8.36547
-36.6186 -37.6282 41.2852 -61.0464 -71.0204 8.13845
-36.9242 -37.9837 41.3254 -61.1878 -71.1532 7.90981
-37.2305 -38.3397 41.3643 -61.3295 -71.2862 7.67954
-37.5375 -38.6965 41.4022 -61.4715 -71.4192 7.44762
-37.8452 -39.0539 41.4388 -61.6139 -71.5525 7.21403
-38.1537 -39.412 41.4743 -61.7566 -71.6858 6.97876
-38.4628 -39.7708 41.5086 -61.8996 -71.8193 6.74178
-38.7727 -40.1302 41.5417 -62.0429 -71.9529 6.50308
-39.0832 -40.4903 41.5736 -62.1866 -72.0866 6.26265
-39.3945 -40.8511 41.6043 -62.3306 -72.2205 6.02047
-39.7065 -41.2125 41.6338 -62.4749 -72.3544 5.77651
-40.0193 -41.5746 41.6621 -62.6194 -72.4885 5.53076
-40.3327 -41.9374 41.6892 -62.7644 -72.6226 5.2832
-40.6469 -42.3009 41.7149 -62.9096 -72.7569 5.03382
-40.9618 -42.665 41.7395 -63.0551 -72.8912 4.78259
-41.2775 -43.0298 41.7628 -63.2009 -73.0257 4.52949
-41.5938 -43.3952 41.7848 -63.3471 -73.1602 4.27451
-41.9109 -43.7614 41.8055 -63.4935 -73.2949 4.01763
-42.2288 -44.1282 41.825 -63.6402 -73.4296 3.75882
-42.5473 -44.4957 41.8431 -63.7872 -73.5644 3.49806
-42.8666 -44.8638 41.8599 -63.9345 -73.6992 3.23534
-43.1867 -45.2327 41.8755 -64.0821 -73.8341 2.97064
-43.5075 -45.6022 41.8896 -64.23 -73.9691 2.70393
-43.829 -45.9724 41.9025 -64.3782 -74.1041 2.4352
-44.1512 -46.3432 41.914 -64.5267 -74.2392 2.16441
-44.4743 -46.7148 41.9241 -64.6754 -74.3744 1.89156
-44.798 -47.087 41.9329 -64.8244 -74.5095 1.61661
-45.1225 -47.4598 41.9403 -64.9737 -74.6447 1.33956
-45.4477 -47.8334 41.9463 -65.1232 -74.78 1.06036
-45.7737 -48.2076 41.9509 -65.273 -74.9152 0.77901
-46.1005 -48.5826 41.9541 -65.4231 -75.0505 0.495476
-46.428 -48.9582 41.9559 -65.5734 -75.1858 0.209737
-46.7562 -49.3344 41.9562 -65.724 -75.3211 -0.0782294
-47.0852 -49.7114 41.9551 -65.8748 -75.4564 -0.368448
-47.415 -50.089 41.9525 -66.0258 -75.5917 -0.660942
-47.7455 -50.4673 41.9485 -66.1772 -75.7269 -0.955737
-48.0767 -50.8463 41.943 -66.3287 -75.8622 -1.25286
-48.4087 -51.2259 41.9359 -66.4805 -75.9974 -1.55233
-48.7415 -51.6062 41.9274 -66.6325 -76.1326 -1.85417
-49.0751 -51.9872 41.9174 -66.7847 -76.2677 -2.15842
-49.4094 -52.3689 41.9058 -66.9371 -76.4028 -2.46509
-49.7444 -52.7513 41.8927 -67.0897 -76.5378 -2.77421
-50.0803 -53.1343 41.8781 -67.2426 -76.6727 -3.08582
-50.4169 -53.518 41.8619 -67.3956 -76.8076 -3.39992
-50.7542 -53.9024 41.8441 -67.5489 -76.9424 -3.71657
-51.0924 -54.2874 41.8247 -67.7023 -77.0771 -4.03577
-51.4313 -54.6731 41.8037 -67.8559 -77.2116 -4.35756
-51.7709 -55.0595 41.7811 -68.0097 -77.3461 -4.68197
-52.1114 -55.4466 41.7569 -68.1636 -77.4804 -5.00903
-52.4526 -55.8343 41.7311 -68.3178 -77.6146 -5.33876
-52.7945 -56.2227 41.7035 -68.472 -77.7487 -5.67119
-53.1373 -56.6118 41.6743 -68.6265 -77.8826 -6.00635
-53.4808 -57.0016 41.6435 -68.781 -78.0163 -6.34428
-53.8251 -57.392 41.6109 -68.9357 -78.1499 -6.685
-54.1702 -57.7831 41.5766 -69.0906 -78.2832 -7.02855
-54.516 -58.1748 41.5406 -69.2455 -78.4164 -7.37495
-54.8626 -58.5672 41.5029 -69.4006 -78.5494 -7.72424
-55.21 -58.9603 41.4634 -69.5557 -78.6821 -8.07645
-55.5582 -59.354 41.4221 -69.711 -78.8146 -8.4316
-55.9071 -59.7485 41.3791 -69.8664 -78.9468 -8.78974
-56.2568 -60.1435 41.3342 -70.0218 -79.0788 -9.1509
-56.6073 -60.5392 41.2875 -70.1773 -79.2104 -9.51511
-56.9586 -60.9356 41.2391 -70.3328 -79.3418 -9.8824
-57.3107 -61.3327 41.1887 -70.4884 -79.4729 -10.2528
-57.6635 -61.7304 41.1365 -70.6441 -79.6037 -10.6264
-58.0171 -62.1287 41.0825 -70.7997 -79.7341 -11.0031
-58.3715 -62.5277 41.0265 -70.9554 -79.8641 -11.3831
-58.7267 -62.9273 40.9686 -71.1111 -79.9938 -11.7663
-59.0826 -63.3276 40.9088 -71.2668 -80.1231 -12.1529
-59.4393 -63.7286 40.8471 -71.4225 -80.252 -12.5427
-59.7968 -64.1302 40.7834 -71.5781 -80.3805 -12.936
-60.1551 -64.5324 40.7177 -71.7337 -80.5085 -13.3326
-60.5142 -64.9352 40.6501 -71.8893 -80.6361 -13.7327
-60.874 -65.3387 40.5804 -72.0448 -80.7631 -14.1363
-61.2346 -65.7429 40.5087 -72.2002 -80.8897 -14.5434
-61.596 -66.1476 40.435 -72.3555 -81.0158 -14.954
-61.9582 -66.553 40.3592 -72.5107 -81.1413 -15.3683
-62.3211 -66.959 40.2813 -72.6658 -81.2662 -15.7862
-62.6848 -67.3657 40.2013 -72.8208 -81.3906 -16.2078
-63.0493 -67.773 40.1192 -72.9756 -81.5144 -16.6331
-63.4146 -68.1808 40.035 -73.1302 -81.6375 -17.0622
-63.7806 -68.5893 39.9486 -73.2847 -81.76 -17.4951
-64.1474 -68.9984 39.86 -73.439 -81.8818 -17.9319
-64.515 -69.4081 39.7693 -73.593 -82.0029 -18.3726
