100 100 -150 0 0 49
99.9999 99.9999 -149.755 -0.0430133 -0.0427287 49.0023
99.9996 99.9996 -149.51 -0.0860448 -0.0854739 49.0046
99.999 99.999 -149.265 -0.129095 -0.128236 49.0069
99.9983 99.9983 -149.02 -0.172162 -0.171014 49.0091
99.9973 99.9973 -148.775 -0.215249 -0.213809 49.0113
99.9961 99.9962 -148.53 -0.258353 -0.256621 49.0135
99.9947 99.9948 -148.285 -0.301476 -0.29945 49.0156
99.9931 99.9932 -148.04 -0.344618 -0.342295 49.0177
99.9913 99.9913 -147.795 -0.387778 -0.385157 49.0198
99.9892 99.9893 -147.549 -0.430957 -0.428036 49.0218
99.987 99.9871 -147.304 -0.474154 -0.470932 49.0238
99.9845 99.9846 -147.059 -0.51737 -0.513845 49.0258
99.9818 99.9819 -146.814 -0.560605 -0.556775 49.0278
99.9789 99.979 -146.569 -0.603858 -0.599723 49.0297
99.9758 99.9759 -146.324 -0.64713 -0.642687 49.0315
99.9724 99.9726 -146.079 -0.690422 -0.685668 49.0334
99.9689 99.9691 -145.833 -0.733732 -0.728667 49.0352
99.9651 99.9653 -145.588 -0.777061 -0.771683 49.037
99.9611 99.9613 -145.343 -0.82041 -0.814717 49.0387
99.9569 99.9572 -145.098 -0.863777 -0.857767 49.0404
99.9524 99.9528 -144.853 -0.907164 -0.900836 49.0421
99.9478 99.9482 -144.607 -0.95057 -0.943921 49.0437
99.9429 99.9433 -144.362 -0.993996 -0.987025 49.0453
99.9379 99.9383 -144.117 -1.03744 -1.03015 49.0469
99.9326 99.933 -143.872 -1.0809 -1.07328 49.0485
99.9271 99.9276 -143.627 -1.12439 -1.11644 49.05
99.9213 99.9219 -143.381 -1.16789 -1.15961 49.0514
99.9154 99.916 -143.136 -1.21141 -1.20281 49.0529
99.9092 99.9098 -142.891 -1.25496 -1.24602 49.0543
99.9028 99.9035 -142.645 -1.29852 -1.28924 49.0557
99.8962 99.8969 -142.4 -1.3421 -1.33249 49.057
99.8894 99.8902 -142.155 -1.3857 -1.37575 49.0583
99.8824 99.8832 -141.91 -1.42933 -1.41903 49.0596
99.8751 99.876 -141.664 -1.47297 -1.46233 49.0608
99.8676 99.8686 -141.419 -1.51663 -1.50565 49.0621
99.8599 99.8609 -141.174 -1.56031 -1.54899 49.0632
99.852 99.8531 -140.928 -1.60401 -1.59234 49.0644
99.8439 99.845 -140.683 -1.64774 -1.63572 49.0655
99.8356 99.8367 -140.438 -1.69148 -1.67911 49.0666
99.827 99.8282 -140.192 -1.73524 -1.72252 49.0676
99.8182 99.8195 -139.947 -1.77903 -1.76594 49.0686
99.8092 99.8106 -139.702 -1.82283 -1.80939 49.0696
99.8 99.8014 -139.456 -1.86666 -1.85286 49.0705
99.7905 99.792 -139.211 -1.9105 -1.89634 49.0715
99.7809 99.7824 -138.966 -1.95437 -1.93984 49.0723
99.771 99.7726 -138.72 -1.99825 -1.98337 49.0732
99.7609 99.7626 -138.475 -2.04216 -2.02691 49.074
99.7506 99.7524 -138.23 -2.08609 -2.07047 49.0748
99.74 99.7419 -137.984 -2.13004 -2.11404 49.0755
99.7293 99.7312 -137.739 -2.17401 -2.15764 49.0762
99.7183 99.7203 -137.493 -2.218 -2.20126 49.0769
99.7071 99.7092 -137.248 -2.26202 -2.24489 49.0775
99.6957 99.6979 -137.003 -2.30605 -2.28855 49.0781
99.684 99.6863 -136.757 -2.35011 -2.33222 49.0787
99.6722 99.6746 -136.512 -2.39418 -2.37592 49.0793
99.6601 99.6626 -136.266 -2.43828 -2.41963 49.0798
99.6478 99.6504 -136.021 -2.4824 -2.46336 49.0802
99.6353 99.6379 -135.776 -2.52654 -2.50711 49.0807
99.6225 99.6253 -135.53 -2.57071 -2.55089 49.0811
99.6096 99.6124 -135.285 -2.61489 -2.59468 49.0815
99.5964 99.5993 -135.039 -2.6591 -2.63849 49.0818
99.583 99.586 -134.794 -2.70333 -2.68232 49.0821
99.5693 99.5725 -134.549 -2.74758 -2.72617 49.0824
99.5555 99.5588 -134.303 -2.79185 -2.77004 49.0826
99.5414 99.5448 -134.058 -2.83614 -2.81393 49.0828
99.5271 99.5306 -133.812 -2.88046 -2.85784 49.083
99.5126 99.5162 -133.567 -2.9248 -2.90177 49.0831
99.4979 99.5016 -133.321 -2.96916 -2.94572 49.0832
99.4829 99.4868 -133.076 -3.01354 -2.98969 49.0833
99.4677 99.4717 -132.831 -3.05795 -3.03368 49.0833
99.4523 99.4564 -132.585 -3.10238 -3.0777 49.0833
99.4367 99.4409 -132.34 -3.14683 -3.12173 49.0833
99.4209 99.4252 -132.094 -3.1913 -3.16578 49.0832
99.4048 99.4093 -131.849 -3.2358 -3.20985 49.0831
99.3885 99.3931 -131.604 -3.28032 -3.25395 49.083
99.372 99.3767 -131.358 -3.32486 -3.29806 49.0828
99.3553 99.3601 -131.113 -3.36943 -3.3422 49.0826
99.3383 99.3433 -130.867 -3.41401 -3.38635 49.0824
99.3211 99.3263 -130.622 -3.45863 -3.43053 49.0821
99.3037 99.309 -130.377 -3.50326 -3.47473 49.0818
99.2861 99.2915 -130.131 -3.54792 -3.51895 49.0814
99.2682 99.2738 -129.886 -3.5926 -3.56319 49.0811
99.2502 99.2559 -129.64 -3.6373 -3.60745 49.0807
99.2319 99.2378 -129.395 -3.68203 -3.65173 49.0802
99.2133 99.2194 -129.15 -3.72678 -3.69604 49.0797
99.1946 99.2008 -128.904 -3.77156 -3.74036 49.0792
99.1756 99.182 -128.659 -3.81636 -3.78471 49.0787
99.1564 99.1629 -128.413 -3.86118 -3.82908 49.0781
99.137 99.1437 -128.168 -3.90603 -3.87347 49.0775
99.1174 99.1242 -127.923 -3.9509 -3.91788 49.0768
99.0975 99.1045 -127.677 -3.9958 -3.96231 49.0761
99.0774 99.0846 -127.432 -4.04072 -4.00677 49.0754
99.0571 99.0644 -127.186 -4.08566 -4.05124 49.0747
99.0366 99.0441 -126.941 -4.13063 -4.09574 49.0739
99.0158 99.0235 -126.696 -4.17562 -4.14026 49.073
98.9948 99.0027 -126.45 -4.22064 -4.18481 49.0722
98.9736 98.9816 -126.205 -4.26568 -4.22937 49.0713
98.9521 98.9604 -125.96 -4.31075 -4.27396 49.0704
98.9305 98.9389 -125.714 -4.35584 -4.31857 49.0694
98.9086 98.9172 -125.469 -4.40095 -4.36321 49.0684
98.8865 98.8953 -125.224 -4.4461 -4.40786 49.0674
98.8641 98.8731 -124.978 -4.49126 -4.45254 49.0663
98.8416 98.8507 -124.733 -4.53645 -4.49724 49.0652
98.8188 98.8281 -124.488 -4.58167 -4.54196 49.0641
98.7957 98.8053 -124.242 -4.62691 -4.58671 49.0629
98.7725 98.7823 -123.997 -4.67218 -4.63148 49.0617
98.749 98.759 -123.752 -4.71747 -4.67627 49.0605
98.7253 98.7355 -123.506 -4.76279 -4.72109 49.0592
98.7014 98.7118 -123.261 -4.80813 -4.76593 49.0579
98.6772 98.6879 -123.016 -4.8535 -4.81079 49.0565
98.6529 98.6637 -122.77 -4.8989 -4.85567 49.0552
98.6283 98.6393 -122.525 -4.94432 -4.90058 49.0538
98.6034 98.6147 -122.28 -4.98977 -4.94552 49.0523
98.5784 98.5898 -122.035 -5.03524 -4.99047 49.0508
98.5531 98.5648 -121.789 -5.08074 -5.03545 49.0493
98.5275 98.5395 -121.544 -5.12627 -5.08046 49.0478
98.5018 98.514 -121.299 -5.17182 -5.12548 49.0462
98.4758 98.4882 -121.054 -5.2174 -5.17054 49.0445
98.4496 98.4623 -120.809 -5.263 -5.21561 49.0429
98.4232 98.4361 -120.563 -5.30864 -5.26071 49.0412
98.3965 98.4097 -120.318 -5.3543 -5.30584 49.0395
98.3697 98.383 -120.073 -5.39998 -5.35098 49.0377
98.3425 98.3561 -119.828 -5.4457 -5.39616 49.0359
98.3152 98.3291 -119.583 -5.49144 -5.44135 49.0341
98.2876 98.3017 -119.337 -5.5372 -5.48658 49.0322
98.2598 98.2742 -119.092 -5.583 -5.53182 49.0303
98.2318 98.2464 -118.847 -5.62882 -5.57709 49.0284
98.2035 98.2184 -118.602 -5.67467 -5.62239 49.0264
98.175 98.1902 -118.357 -5.72055 -5.66771 49.0244
98.1463 98.1617 -118.112 -5.76645 -5.71306 49.0223
98.1174 98.1331 -117.867 -5.81239 -5.75843 49.0203
98.0882 98.1042 -117.622 -5.85835 -5.80383 49.0182
98.0588 98.075 -117.376 -5.90434 -5.84925 49.016
98.0292 98.0457 -117.131 -5.95035 -5.8947 49.0138
97.9993 98.0161 -116.886 -5.9964 -5.94017 49.0116
97.9692 97.9863 -116.641 -6.04247 -5.98567 49.0094
97.9389 97.9562 -116.396 -6.08857 -6.0312 49.0071
97.9083 97.926 -116.151 -6.1347 -6.07675 49.0047
97.8775 97.8955 -115.906 -6.18086 -6.12232 49.0024
97.8465 97.8647 -115.661 -6.22705 -6.16793 49
97.8153 97.8338 -115.416 -6.27327 -6.21356 48.9976
97.7838 97.8026 -115.171 -6.31951 -6.25921 48.9951
97.7521 97.7712 -114.926 -6.36579 -6.3049 48.9926
97.7201 97.7395 -114.681 -6.41209 -6.3506 48.9901
97.6879 97.7077 -114.436 -6.45843 -6.39634 48.9875
97.6555 97.6756 -114.191 -6.50479 -6.4421 48.9849
97.6229 97.6433 -113.946 -6.55118 -6.48789 48.9822
97.59 97.6107 -113.702 -6.59761 -6.53371 48.9796
97.5569 97.5779 -113.457 -6.64406 -6.57955 48.9768
97.5236 97.5449 -113.212 -6.69054 -6.62542 48.9741
97.49 97.5117 -112.967 -6.73705 -6.67132 48.9713
97.4562 97.4782 -112.722 -6.78359 -6.71724 48.9685
97.4222 97.4445 -112.477 -6.83017 -6.76319 48.9656
97.3879 97.4106 -112.232 -6.87677 -6.80917 48.9628
97.3534 97.3764 -111.988 -6.9234 -6.85518 48.9598
97.3187 97.342 -111.743 -6.97007 -6.90122 48.9569
97.2837 97.3074 -111.498 -7.01676 -6.94728 48.9539
97.2485 97.2725 -111.253 -7.06349 -6.99337 48.9508
97.2131 97.2375 -111.009 -7.11025 -7.03949 48.9478
97.1774 97.2021 -110.764 -7.15703 -7.08564 48.9447
97.1415 97.1666 -110.519 -7.20385 -7.13182 48.9415
97.1054 97.1308 -110.274 -7.2507 -7.17803 48.9384
97.069 97.0948 -110.03 -7.29759 -7.22426 48.9352
97.0324 97.0586 -109.785 -7.3445 -7.27052 48.9319
96.9955 97.0221 -109.54 -7.39145 -7.31682 48.9286
96.9585 96.9854 -109.296 -7.43842 -7.36314 48.9253
96.9212 96.9485 -109.051 -7.48543 -7.40949 48.922
96.8836 96.9113 -108.807 -7.53248 -7.45587 48.9186
96.8458 96.8739 -108.562 -7.57955 -7.50228 48.9152
96.8078 96.8363 -108.317 -7.62666 -7.54872 48.9117
96.7696 96.7984 -108.073 -7.6738 -7.59518 48.9082
96.7311 96.7603 -107.828 -7.72097 -7.64168 48.9047
96.6924 96.722 -107.584 -7.76817 -7.68821 48.9011
96.6534 96.6835 -107.339 -7.81541 -7.73477 48.8975
96.6142 96.6447 -107.095 -7.86268 -7.78136 48.8939
96.5748 96.6056 -106.85 -7.90999 -7.82798 48.8902
96.5351 96.5664 -106.606 -7.95732 -7.87463 48.8865
96.4952 96.5269 -106.361 -8.00469 -7.92131 48.8828
96.4551 96.4872 -106.117 -8.0521 -7.96802 48.879
96.4147 96.4472 -105.873 -8.09954 -8.01477 48.8752
96.3741 96.407 -105.628 -8.14701 -8.06154 48.8713
96.3332 96.3666 -105.384 -8.19452 -8.10835 48.8674
96.2921 96.3259 -105.14 -8.24206 -8.15519 48.8635
96.2508 96.2851 -104.895 -8.28964 -8.20205 48.8596
96.2092 96.2439 -104.651 -8.33725 -8.24895 48.8556
96.1674 96.2026 -104.407 -8.38489 -8.29589 48.8515
96.1254 96.161 -104.163 -8.43257 -8.34285 48.8475
96.0831 96.1191 -103.918 -8.48029 -8.38985 48.8434
96.0406 96.0771 -103.674 -8.52804 -8.43688 48.8393
95.9978 96.0348 -103.43 -8.57582 -8.48394 48.8351
95.9548 95.9922 -103.186 -8.62365 -8.53103 48.8309
95.9116 95.9495 -102.942 -8.6715 -8.57816 48.8266
95.8681 95.9064 -102.697 -8.7194 -8.62532 48.8224
95.8244 95.8632 -102.453 -8.76733 -8.67252 48.8181
95.7804 95.8197 -102.209 -8.81529 -8.71974 48.8137
95.7362 95.776 -101.965 -8.86329 -8.767 48.8093
95.6918 95.7321 -101.721 -8.91133 -8.8143 48.8049
95.6471 95.6879 -101.477 -8.95941 -8.86163 48.8005
95.6022 95.6434 -101.233 -9.00752 -8.90899 48.796
95.557 95.5988 -100.989 -9.05567 -8.95638 48.7914
95.5116 95.5539 -100.745 -9.10386 -9.00381 48.7869
95.466 95.5087 -100.501 -9.15208 -9.05128 48.7823
95.4201 95.4634 -100.257 -9.20034 -9.09878 48.7777
95.374 95.4177 -100.014 -9.24864 -9.14632 48.773
95.3276 95.3719 -99.7697 -9.29698 -9.19389 48.7683
95.281 95.3258 -99.5259 -9.34535 -9.24149 48.7635
95.2342 95.2795 -99.2821 -9.39377 -9.28913 48.7588
95.1871 95.2329 -99.0383 -9.44222 -9.33681 48.754
95.1398 95.1861 -98.7946 -9.49071 -9.38452 48.7491
95.0922 95.1391 -98.5508 -9.53924 -9.43227 48.7442
95.0444 95.0918 -98.3071 -9.58781 -9.48006 48.7393
94.9963 95.0443 -98.0634 -9.63642 -9.52788 48.7344
94.948 94.9965 -97.8198 -9.68507 -9.57574 48.7294
94.8995 94.9485 -97.5761 -9.73376 -9.62363 48.7244
94.8507 94.9003 -97.3325 -9.78248 -9.67156 48.7193
94.8016 94.8518 -97.0889 -9.83125 -9.71953 48.7142
94.7524 94.8031 -96.8454 -9.88006 -9.76754 48.7091
94.7028 94.7541 -96.6018 -9.92891 -9.81558 48.7039
94.6531 94.7049 -96.3583 -9.9778 -9.86367 48.6987
94.6031 94.6555 -96.1149 -10.0267 -9.91179 48.6935
94.5528 94.6058 -95.8714 -10.0757 -9.95995 48.6882
94.5023 94.5559 -95.628 -10.1247 -10.0081 48.6829
94.4515 94.5057 -95.3846 -10.1738 -10.0564 48.6776
94.4006 94.4553 -95.1412 -10.2229 -10.1047 48.6722
94.3493 94.4047 -94.8979 -10.272 -10.153 48.6668
94.2978 94.3538 -94.6545 -10.3212 -10.2013 48.6614
94.2461 94.3027 -94.4112 -10.3704 -10.2497 48.6559
94.1941 94.2513 -94.168 -10.4197 -10.2982 48.6504
94.1419 94.1997 -93.9247 -10.469 -10.3466 48.6448
94.0894 94.1478 -93.6815 -10.5183 -10.3951 48.6392
94.0367 94.0957 -93.4383 -10.5677 -10.4437 48.6336
93.9838 94.0434 -93.1952 -10.6172 -10.4923 48.628
93.9306 93.9908 -92.9521 -10.6667 -10.5409 48.6223
93.8771 93.938 -92.709 -10.7162 -10.5896 48.6165
93.8234 93.8849 -92.4659 -10.7658 -10.6383 48.6108
93.7694 93.8316 -92.2229 -10.8154 -10.6871 48.605
93.7152 93.778 -91.9799 -10.865 -10.7359 48.5991
93.6608 93.7242 -91.7369 -10.9147 -10.7847 48.5933
93.6061 93.6702 -91.4939 -10.9645 -10.8336 48.5874
93.5511 93.6159 -91.251 -11.0143 -10.8826 48.5814
93.496 93.5614 -91.0081 -11.0641 -10.9315 48.5755
93.4405 93.5066 -90.7652 -11.114 -10.9805 48.5695
93.3848 93.4516 -90.5224 -11.164 -11.0296 48.5634
93.3289 93.3963 -90.2796 -11.2139 -11.0787 48.5573
93.2727 93.3408 -90.0368 -11.264 -11.1279 48.5512
93.2162 93.285 -89.7941 -11.314 -11.1771 48.5451
93.1595 93.229 -89.5514 -11.3642 -11.2263 48.5389
93.1026 93.1727 -89.3087 -11.4143 -11.2756 48.5327
93.0454 93.1162 -89.0661 -11.4646 -11.3249 48.5264
92.9879 93.0595 -88.8234 -11.5148 -11.3743 48.5201
92.9302 93.0025 -88.5809 -11.5652 -11.4237 48.5138
92.8723 92.9453 -88.3383 -11.6155 -11.4732 48.5074
92.8141 92.8878 -88.0958 -11.6659 -11.5227 48.501
92.7556 92.83 -87.8533 -11.7164 -11.5723 48.4946
92.6969 92.7721 -87.6108 -11.7669 -11.6219 48.4881
92.638 92.7138 -87.3684 -11.8175 -11.6715 48.4816
92.5787 92.6553 -87.126 -11.8681 -11.7212 48.4751
92.5193 92.5966 -86.8837 -11.9188 -11.771 48.4685
92.4596 92.5376 -86.6413 -11.9695 -11.8208 48.4619
92.3996 92.4784 -86.399 -12.0203 -11.8706 48.4553
92.3394 92.4189 -86.1568 -12.0711 -11.9205 48.4486
92.2789 92.3592 -85.9146 -12.122 -11.9705 48.4419
92.2181 92.2992 -85.6724 -12.1729 -12.0205 48.4351
92.1571 92.239 -85.4302 -12.2239 -12.0705 48.4283
92.0959 92.1785 -85.1881 -12.2749 -12.1206 48.4215
92.0344 92.1178 -84.946 -12.326 -12.1707 48.4147
91.9726 92.0568 -84.7039 -12.3771 -12.2209 48.4078
91.9106 91.9956 -84.4619 -12.4283 -12.2712 48.4009
91.8484 91.9341 -84.2199 -12.4796 -12.3215 48.3939
91.7858 91.8724 -83.978 -12.5309 -12.3719 48.3869
91.723 91.8104 -83.7361 -12.5822 -12.4223 48.3799
91.66 91.7481 -83.4942 -12.6336 -12.4727 48.3728
91.5967 91.6856 -83.2523 -12.6851 -12.5232 48.3657
91.5332 91.6229 -83.0105 -12.7366 -12.5738 48.3585
91.4693 91.5599 -82.7688 -12.7882 -12.6244 48.3514
91.4053 91.4967 -82.527 -12.8398 -12.6751 48.3441
91.3409 91.4332 -82.2853 -12.8915 -12.7258 48.3369
91.2764 91.3694 -82.0436 -12.9433 -12.7766 48.3296
91.2115 91.3054 -81.802 -12.9951 -12.8274 48.3223
91.1464 91.2411 -81.5604 -13.047 -12.8783 48.3149
91.081 91.1766 -81.3189 -13.0989 -12.9293 48.3075
91.0154 91.1118 -81.0773 -13.1509 -12.9803 48.3001
90.9495 91.0468 -80.8359 -13.2029 -13.0313 48.2926
90.8834 90.9815 -80.5944 -13.255 -13.0824 48.2851
90.817 90.916 -80.353 -13.3072 -13.1336 48.2776
90.7503 90.8502 -80.1116 -13.3594 -13.1848 48.27
90.6834 90.7841 -79.8703 -13.4117 -13.2361 48.2624
90.6162 90.7178 -79.629 -13.4641 -13.2875 48.2547
90.5487 90.6513 -79.3878 -13.5165 -13.3389 48.247
90.481 90.5844 -79.1466 -13.569 -13.3904 48.2393
90.4131 90.5174 -78.9054 -13.6215 -13.4419 48.2315
90.3448 90.45 -78.6642 -13.6741 -13.4935 48.2237
90.2763 90.3824 -78.4231 -13.7268 -13.5451 48.2159
90.2076 90.3146 -78.1821 -13.7795 -13.5968 48.208
90.1385 90.2464 -77.9411 -13.8323 -13.6486 48.2
90.0692 90.1781 -77.7001 -13.8851 -13.7004 48.1921
89.9997 90.1094 -77.4591 -13.938 -13.7523 48.1841
89.9298 90.0406 -77.2182 -13.991 -13.8042 48.176
89.8598 89.9714 -76.9774 -14.0441 -13.8563 48.168
89.7894 89.902 -76.7366 -14.0972 -13.9083 48.1598
89.7188 89.8323 -76.4958 -14.1504 -13.9605 48.1517
89.6479 89.7624 -76.255 -14.2036 -14.0127 48.1435
89.5768 89.6922 -76.0143 -14.2569 -14.0649 48.1352
89.5053 89.6217 -75.7737 -14.3103 -14.1173 48.1269
89.4336 89.551 -75.5331 -14.3638 -14.1696 48.1186
89.3617 89.48 -75.2925 -14.4173 -14.2221 48.1102
89.2895 89.4088 -75.052 -14.4709 -14.2746 48.1018
89.217 89.3373 -74.8115 -14.5245 -14.3272 48.0934
89.1442 89.2655 -74.571 -14.5782 -14.3799 48.0849
89.0712 89.1935 -74.3306 -14.632 -14.4326 48.0763
88.9979 89.1212 -74.0903 -14.6859 -14.4853 48.0677
88.9243 89.0486 -73.85 -14.7398 -14.5382 48.0591
88.8505 88.9758 -73.6097 -14.7938 -14.5911 48.0504
88.7764 88.9027 -73.3695 -14.8479 -14.6441 48.0417
88.702 88.8294 -73.1293 -14.902 -14.6971 48.033
88.6274 88.7558 -72.8891 -14.9562 -14.7502 48.0242
88.5525 88.6819 -72.649 -15.0105 -14.8034 48.0153
88.4773 88.6077 -72.409 -15.0648 -14.8566 48.0064
88.4018 88.5333 -72.169 -15.1192 -14.91 47.9975
88.3261 88.4586 -71.929 -15.1737 -14.9633 47.9885
88.2501 88.3837 -71.6891 -15.2283 -15.0168 47.9794
88.1738 88.3085 -71.4492 -15.2829 -15.0703 47.9704
88.0973 88.233 -71.2094 -15.3376 -15.1239 47.9612
88.0204 88.1572 -70.9696 -15.3924 -15.1775 47.952
87.9433 88.0812 -70.7299 -15.4472 -15.2312 47.9428
87.866 88.0049 -70.4902 -15.5021 -15.285 47.9335
87.7883 87.9283 -70.2505 -15.5571 -15.3388 47.9242
87.7104 87.8515 -70.0109 -15.6121 -15.3927 47.9149
87.6322 87.7744 -69.7714 -15.6672 -15.4467 47.9054
87.5537 87.6971 -69.5319 -15.7224 -15.5008 47.896
87.475 87.6194 -69.2924 -15.7777 -15.5549 47.8864
87.3959 87.5415 -69.053 -15.833 -15.6091 47.8769
87.3166 87.4633 -68.8136 -15.8884 -15.6633 47.8672
87.2371 87.3849 -68.5743 -15.9438 -15.7176 47.8576
87.1572 87.3061 -68.3351 -15.9994 -15.772 47.8478
87.0771 87.2271 -68.0959 -16.055 -15.8264 47.8381
86.9966 87.1479 -67.8567 -16.1106 -15.8809 47.8282
86.916 87.0683 -67.6176 -16.1664 -15.9355 47.8184
86.835 86.9885 -67.3785 -16.2222 -15.9902 47.8084
86.7537 86.9084 -67.1395 -16.278 -16.0449 47.7985
86.6722 86.8281 -66.9005 -16.334 -16.0996 47.7884
86.5904 86.7474 -66.6616 -16.39 -16.1545 47.7784
86.5083 86.6665 -66.4227 -16.446 -16.2094 47.7682
86.4259 86.5853 -66.1839 -16.5022 -16.2643 47.758
86.3433 86.5039 -65.9452 -16.5584 -16.3193 47.7478
86.2603 86.4222 -65.7064 -16.6146 -16.3744 47.7375
86.1771 86.3401 -65.4678 -16.671 -16.4296 47.7272
86.0936 86.2579 -65.2292 -16.7273 -16.4848 47.7168
86.0099 86.1753 -64.9906 -16.7838 -16.54 47.7063
85.9258 86.0925 -64.7521 -16.8403 -16.5954 47.6959
85.8415 86.0093 -64.5137 -16.8969 -16.6508 47.6853
85.7568 85.926 -64.2753 -16.9535 -16.7062 47.6747
85.6719 85.8423 -64.0369 -17.0102 -16.7617 47.6641
85.5867 85.7583 -63.7986 -17.0669 -16.8172 47.6534
85.5013 85.6741 -63.5604 -17.1237 -16.8729 47.6427
85.4155 85.5896 -63.3222 -17.1806 -16.9285 47.6319
85.3294 85.5048 -63.0841 -17.2375 -16.9842 47.621
85.2431 85.4198 -62.846 -17.2945 -17.04 47.6102
85.1565 85.3344 -62.608 -17.3515 -17.0958 47.5992
85.0696 85.2488 -62.37 -17.4086 -17.1517 47.5883
84.9824 85.1629 -62.1321 -17.4657 -17.2076 47.5773
84.8949 85.0767 -61.8942 -17.5229 -17.2636 47.5662
84.8072 84.9903 -61.6564 -17.5801 -17.3196 47.5551
84.7191 84.9035 -61.4187 -17.6374 -17.3757 47.544
84.6308 84.8165 -61.181 -17.6947 -17.4318 47.5328
84.5422 84.7292 -60.9433 -17.7521 -17.488 47.5216
84.4533 84.6416 -60.7058 -17.8095 -17.5442 47.5103
84.3641 84.5538 -60.4682 -17.8669 -17.6004 47.4991
84.2746 84.4656 -60.2308 -17.9244 -17.6567 47.4878
84.1849 84.3772 -59.9934 -17.9819 -17.713 47.4764
84.0948 84.2885 -59.756 -18.0395 -17.7693 47.4651
84.0045 84.1995 -59.5187 -18.0971 -17.8257 47.4537
83.9138 84.1102 -59.2815 -18.1547 -17.8821 47.4423
83.8229 84.0207 -59.0443 -18.2124 -17.9386 47.4308
83.7317 83.9309 -58.8072 -18.2701 -17.9951 47.4194
83.6402 83.8407 -58.5701 -18.3278 -18.0516 47.4079
83.5484 83.7503 -58.3331 -18.3856 -18.1081 47.3964
83.4564 83.6597 -58.0961 -18.4434 -18.1647 47.3849
83.364 83.5687 -57.8592 -18.5012 -18.2213 47.3734
83.2713 83.4774 -57.6224 -18.559 -18.2779 47.3619
83.1784 83.3859 -57.3856 -18.6168 -18.3345 47.3504
83.0852 83.2941 -57.1489 -18.6747 -18.3911 47.339
82.9917 83.202 -56.9122 -18.7326 -18.4478 47.3275
82.8979 83.1096 -56.6756 -18.7905 -18.5045 47.316
82.8038 83.017 -56.4391 -18.8484 -18.5611 47.3046
82.7094 82.924 -56.2026 -18.9063 -18.6178 47.2931
82.6147 82.8308 -55.9661 -18.9642 -18.6745 47.2817
82.5197 82.7373 -55.7298 -19.0221 -18.7312 47.2704
82.4245 82.6435 -55.4934 -19.08 -18.7879 47.2591
82.3289 82.5494 -55.2572 -19.138 -18.8446 47.2478
82.2331 82.455 -55.021 -19.1959 -18.9013 47.2365
82.137 82.3604 -54.7848 -19.2538 -18.958 47.2254
82.0406 82.2654 -54.5487 -19.3117 -19.0147 47.2143
81.9439 82.1702 -54.3127 -19.3696 -19.0714 47.2032
81.8469 82.0747 -54.0767 -19.4275 -19.1281 47.1923
81.7496 81.9789 -53.8407 -19.4854 -19.1847 47.1814
81.652 81.8829 -53.6049 -19.5432 -19.2413 47.1706
81.5541 81.7865 -53.369 -19.6011 -19.2979 47.1599
81.456 81.6899 -53.1333 -19.6589 -19.3545 47.1493
81.3576 81.593 -52.8975 -19.7166 -19.4111 47.1388
81.2588 81.4958 -52.6619 -19.7744 -19.4676 47.1285
81.1598 81.3983 -52.4263 -19.8321 -19.524 47.1183
81.0605 81.3006 -52.1907 -19.8897 -19.5805 47.1082
80.9609 81.2025 -51.9552 -19.9474 -19.6369 47.0983
80.861 81.1042 -51.7197 -20.0049 -19.6932 47.0886
80.7609 81.0056 -51.4843 -20.0624 -19.7495 47.079
80.6604 80.9067 -51.2489 -20.1199 -19.8058 47.0697
80.5597 80.8075 -51.0136 -20.1773 -19.8619 47.0605
80.4586 80.7081 -50.7783 -20.2346 -19.918 47.0515
80.3573 80.6083 -50.5431 -20.2919 -19.9741 47.0428
80.2557 80.5083 -50.3079 -20.3491 -20.03 47.0343
80.1538 80.408 -50.0727 -20.4062 -20.0859 47.0261
80.0517 80.3075 -49.8376 -20.4632 -20.1417 47.0182
79.9492 80.2066 -49.6025 -20.5201 -20.1974 47.0105
79.8465 80.1055 -49.3675 -20.5769 -20.253 47.0032
79.7434 80.0041 -49.1325 -20.6337 -20.3084 46.9962
79.6401 79.9024 -48.8975 -20.6902 -20.3638 46.9895
79.5365 79.8005 -48.6626 -20.7467 -20.419 46.9832
79.4327 79.6982 -48.4277 -20.803 -20.4741 46.9773
79.3285 79.5957 -48.1928 -20.8592 -20.5291 46.9718
79.2241 79.4929 -47.958 -20.9153 -20.5839 46.9667
79.1193 79.3899 -47.7232 -20.9712 -20.6385 46.9621
79.0143 79.2865 -47.4884 -21.0269 -20.693 46.9579
78.9091 79.1829 -47.2536 -21.0824 -20.7472 46.9543
78.8035 79.0791 -47.0188 -21.1377 -20.8013 46.9512
78.6977 78.9749 -46.7841 -21.1928 -20.8552 46.9486
78.5916 78.8705 -46.5493 -21.2477 -20.9088 46.9467
78.4852 78.7658 -46.3146 -21.3023 -20.9621 46.9454
78.3786 78.6609 -46.0799 -21.3567 -21.0152 46.9447
78.2717 78.5557 -45.8452 -21.4108 -21.0681 46.9448
78.1645 78.4502 -45.6104 -21.4646 -21.1206 46.9456
78.057 78.3445 -45.3757 -21.518 -21.1728 46.9471
77.9493 78.2385 -45.141 -21.5712 -21.2246 46.9495
77.8413 78.1322 -44.9062 -21.6239 -21.276 46.9527
77.733 78.0257 -44.6714 -21.6763 -21.3271 46.9569
77.6245 77.919 -44.4366 -21.7282 -21.3777 46.962
77.5158 77.812 -44.2018 -21.7796 -21.4278 46.9681
77.4067 77.7047 -43.967 -21.8306 -21.4774 46.9752
77.2975 77.5972 -43.7321 -21.881 -21.5265 46.9835
77.1879 77.4894 -43.4971 -21.9308 -21.5749 46.993
77.0782 77.3814 -43.2621 -21.98 -21.6227 47.0037
76.9681 77.2732 -43.0271 -22.0285 -21.6699 47.0158
76.8579 77.1647 -42.792 -22.0763 -21.7162 47.0292
76.7474 77.056 -42.5568 -22.1233 -21.7617 47.0441
76.6366 76.9471 -42.3215 -22.1694 -21.8064 47.0604
76.5257 76.838 -42.0862 -22.2145 -21.8501 47.0784
76.4145 76.7286 -41.8507 -22.2586 -21.8927 47.0981
76.3031 76.6191 -41.6152 -22.3016 -21.9341 47.1196
76.1915 76.5093 -41.3795 -22.3434 -21.9744 47.1429
76.0797 76.3993 -41.1438 -22.3839 -22.0132 47.1682
75.9676 76.2892 -40.9079 -22.4229 -22.0506 47.1955
75.8554 76.1788 -40.6718 -22.4603 -22.0863 47.225
75.743 76.0683 -40.4356 -22.496 -22.1203 47.2567
75.6305 75.9576 -40.1992 -22.5298 -22.1523 47.2907
75.5177 75.8468 -39.9627 -22.5615 -22.1822 47.3271
75.4049 75.7358 -39.726 -22.5909 -22.2097 47.366
75.2918 75.6247 -39.489 -22.6179 -22.2347 47.4074
75.1787 75.5134 -39.2519 -22.6421 -22.2569 47.4515
75.0654 75.4021 -39.0145 -22.6634 -22.2761 47.4983
74.9521 75.2907 -38.7769 -22.6814 -22.2919 47.5477
74.8386 75.1792 -38.539 -22.6959 -22.3041 47.5998
74.7251 75.0677 -38.3009 -22.7064 -22.3122 47.6547
74.6116 74.9561 -38.0625 -22.7128 -22.3161 47.7121
74.498 74.8445 -37.8238 -22.7145 -22.3151 47.772
74.3844 74.7329 -37.5847 -22.7112 -22.3091 47.8342
74.2709 74.6214 -37.3454 -22.7025 -22.2975 47.8984
74.1574 74.51 -37.1057 -22.6879 -22.2798 47.9643
74.044 74.3986 -36.8658 -22.6671 -22.2558 48.0316
73.9307 74.2874 -36.6254 -22.6396 -22.2249 48.0995
73.8176 74.1764 -36.3848 -22.6051 -22.1868 48.1676
73.7047 74.0656 -36.1437 -22.5632 -22.1411 48.2349
73.592 73.955 -35.9024 -22.5137 -22.0876 48.3005
73.4796 73.8447 -35.6607 -22.4563 -22.026 48.3635
73.3675 73.7348 -35.4188 -22.391 -21.9563 48.4225
73.2557 73.6252 -35.1765 -22.3179 -21.8786 48.4764
73.1443 73.516 -34.934 -22.2373 -21.7931 48.5238
73.0333 73.4073 -34.6913 -22.1496 -21.7004 48.5633
72.9228 73.299 -34.4484 -22.0555 -21.6012 48.5935
72.8128 73.1913 -34.2054 -21.9558 -21.4962 48.6132
72.7033 73.0841 -33.9623 -21.8517 -21.3866 48.6214
72.5943 72.9774 -33.7192 -21.7443 -21.2738 48.6171
72.4859 72.8713 -33.4761 -21.635 -21.159 48.5998
72.378 72.7658 -33.2332 -21.5253 -21.0438 48.5692
72.2706 72.6609 -32.9904 -21.4166 -20.9296 48.5253
72.1638 72.5566 -32.7479 -21.3104 -20.8179 48.4686
72.0575 72.4527 -32.5058 -21.2078 -20.7101 48.3997
71.9517 72.3495 -32.264 -21.1102 -20.6073 48.3196
71.8464 72.2467 -32.0226 -21.0184 -20.5106 48.2295
71.7415 72.1443 -31.7817 -20.9332 -20.4206 48.1305
71.6371 72.0425 -31.5413 -20.8552 -20.3381 48.0241
71.533 71.941 -31.3015 -20.7847 -20.2633 47.9115
71.4292 71.8398 -31.0622 -20.722 -20.1964 47.794
71.3258 71.739 -30.8235 -20.6671 -20.1376 47.6729
71.2226 71.6384 -30.5855 -20.6198 -20.0866 47.5493
71.1196 71.5381 -30.348 -20.58 -20.0433 47.4241
71.0167 71.438 -30.1112 -20.5473 -20.0073 47.2981
70.9141 71.338 -29.8751 -20.5214 -19.9783 47.1722
70.8115 71.2382 -29.6395 -20.5019 -19.956 47.0468
70.7091 71.1385 -29.4046 -20.4885 -19.9398 46.9226
70.6066 71.0388 -29.1703 -20.4808 -19.9295 46.7999
70.5042 70.9392 -28.9366 -20.4782 -19.9245 46.6789
70.4018 70.8396 -28.7035 -20.4805 -19.9245 46.56
70.2994 70.7399 -28.471 -20.4873 -19.9291 46.4433
70.197 70.6403 -28.2391 -20.4982 -19.9379 46.3288
70.0944 70.5405 -28.0077 -20.5129 -19.9506 46.2168
69.9918 70.4407 -27.7769 -20.5311 -19.9669 46.1071
69.8891 70.3409 -27.5467 -20.5525 -19.9865 45.9999
69.7863 70.2409 -27.3169 -20.5767 -20.0091 45.895
69.6834 70.1408 -27.0877 -20.6037 -20.0345 45.7925
69.5803 70.0405 -26.859 -20.6332 -20.0624 45.6922
69.477 69.9401 -26.6308 -20.6649 -20.0927 45.5942
69.3736 69.8396 -26.4031 -20.6987 -20.125 45.4984
69.27 69.7389 -26.1758 -20.7344 -20.1594 45.4046
69.1663 69.638 -25.949 -20.7719 -20.1955 45.3129
69.0623 69.5369 -25.7227 -20.8109 -20.2333 45.2231
68.9582 69.4357 -25.4968 -20.8515 -20.2727 45.1351
68.8538 69.3342 -25.2713 -20.8934 -20.3134 45.0488
68.7492 69.2325 -25.0463 -20.9366 -20.3555 44.9643
68.6444 69.1306 -24.8217 -20.981 -20.3987 44.8813
68.5394 69.0285 -24.5975 -21.0265 -20.4431 44.7999
68.4342 68.9262 -24.3737 -21.0729 -20.4885 44.72
68.3287 68.8237 -24.1503 -21.1203 -20.5349 44.6414
68.223 68.7209 -23.9273 -21.1686 -20.5822 44.5641
68.117 68.6178 -23.7046 -21.2176 -20.6303 44.4881
68.0108 68.5146 -23.4824 -21.2674 -20.6791 44.4133
67.9043 68.411 -23.2605 -21.3179 -20.7287 44.3396
67.7976 68.3073 -23.039 -21.3691 -20.779 44.267
67.6906 68.2033 -22.8178 -21.4208 -20.8299 44.1954
67.5834 68.099 -22.597 -21.4732 -20.8813 44.1247
67.4759 67.9944 -22.3766 -21.526 -20.9334 44.055
67.3681 67.8896 -22.1565 -21.5794 -20.9859 43.9861
67.2601 67.7846 -21.9367 -21.6332 -21.0389 43.9181
67.1518 67.6792 -21.7173 -21.6875 -21.0924 43.8508
67.0432 67.5737 -21.4982 -21.7421 -21.1463 43.7843
66.9344 67.4678 -21.2795 -21.7972 -21.2006 43.7184
66.8252 67.3616 -21.061 -21.8527 -21.2553 43.6532
66.7158 67.2552 -20.8429 -21.9085 -21.3104 43.5887
66.6062 67.1485 -20.6251 -21.9646 -21.3658 43.5247
66.4962 67.0416 -20.4077 -22.021 -21.4216 43.4613
66.3859 66.9343 -20.1905 -22.0778 -21.4776 43.3984
66.2754 66.8268 -19.9737 -22.1348 -21.534 43.336
66.1646 66.719 -19.7572 -22.1921 -21.5906 43.2741
66.0535 66.6109 -19.5409 -22.2496 -21.6475 43.2126
65.9421 66.5025 -19.325 -22.3074 -21.7046 43.1515
65.8304 66.3938 -19.1094 -22.3654 -21.762 43.0908
65.7184 66.2849 -18.8941 -22.4237 -21.8196 43.0305
65.6062 66.1756 -18.6791 -22.4821 -21.8775 42.9705
65.4936 66.0661 -18.4644 -22.5408 -21.9355 42.9109
65.3808 65.9563 -18.25 -22.5996 -21.9938 42.8515
65.2676 65.8462 -18.0359 -22.6587 -22.0522 42.7924
65.1542 65.7358 -17.8221 -22.7179 -22.1109 42.7336
65.0405 65.6251 -17.6086 -22.7772 -22.1697 42.675
64.9264 65.5141 -17.3953 -22.8368 -22.2287 42.6167
64.8121 65.4028 -17.1824 -22.8965 -22.2878 42.5586
64.6975 65.2912 -16.9698 -22.9563 -22.3471 42.5006
64.5825 65.1793 -16.7574 -23.0163 -22.4066 42.4429
64.4673 65.0671 -16.5453 -23.0764 -22.4662 42.3853
64.3518 64.9546 -16.3336 -23.1367 -22.5259 42.3279
64.2359 64.8419 -16.1221 -23.1971 -22.5858 42.2706
64.1198 64.7288 -15.9108 -23.2576 -22.6458 42.2135
64.0033 64.6154 -15.6999 -23.3182 -22.706 42.1565
63.8866 64.5017 -15.4893 -23.379 -22.7662 42.0995
63.7696 64.3877 -15.2789 -23.4398 -22.8266 42.0427
63.6522 64.2735 -15.0689 -23.5008 -22.8871 41.986
63.5345 64.1589 -14.8591 -23.5618 -22.9477 41.9294
63.4166 64.044 -14.6496 -23.623 -23.0084 41.8728
63.2983 63.9288 -14.4403 -23.6843 -23.0692 41.8163
63.1797 63.8133 -14.2314 -23.7456 -23.1302 41.7598
63.0609 63.6975 -14.0227 -23.8071 -23.1912 41.7034
62.9417 63.5814 -13.8144 -23.8686 -23.2523 41.6471
62.8222 63.465 -13.6063 -23.9303 -23.3135 41.5907
62.7024 63.3482 -13.3985 -23.992 -23.3748 41.5344
62.5823 63.2312 -13.1909 -24.0538 -23.4362 41.4781
62.4618 63.1139 -12.9837 -24.1157 -23.4977 41.4218
62.3411 62.9962 -12.7767 -24.1776 -23.5593 41.3655
62.2201 62.8783 -12.57 -24.2397 -23.6209 41.3093
62.0987 62.76 -12.3636 -24.3018 -23.6827 41.253
61.977 62.6415 -12.1575 -24.364 -23.7445 41.1966
61.8551 62.5226 -11.9517 -24.4263 -23.8064 41.1403
61.7328 62.4034 -11.7461 -24.4887 -23.8684 41.0839
61.6102 62.2839 -11.5408 -24.5511 -23.9304 41.0276
61.4873 62.1641 -11.3358 -24.6136 -23.9926 40.9711
61.364 62.044 -11.1311 -24.6761 -24.0548 40.9146
61.2405 61.9235 -10.9267 -24.7388 -24.1171 40.8581
61.1166 61.8028 -10.7225 -24.8015 -24.1794 40.8015
60.9925 61.6817 -10.5187 -24.8642 -24.2419 40.7449
60.868 61.5604 -10.3151 -24.9271 -24.3044 40.6882
60.7432 61.4387 -10.1118 -24.99 -24.3669 40.6314
60.6181 61.3167 -9.90876 -25.0529 -24.4296 40.5746
60.4927 61.1944 -9.70603 -25.116 -24.4923 40.5176
60.3669 61.0718 -9.50359 -25.179 -24.5551 40.4606
60.2409 60.9489 -9.30143 -25.2422 -24.6179 40.4035
60.1145 60.8256 -9.09955 -25.3054 -24.6808 40.3464
59.9878 60.702 -8.89796 -25.3687 -24.7438 40.2891
59.8608 60.5782 -8.69666 -25.432 -24.8069 40.2317
59.7335 60.454 -8.49565 -25.4954 -24.87 40.1742
59.6059 60.3295 -8.29492 -25.5589 -24.9332 40.1166
59.4779 60.2046 -8.09448 -25.6224 -24.9964 40.0589
59.3497 60.0795 -7.89433 -25.686 -25.0597 40.0011
59.2211 59.954 -7.69447 -25.7496 -25.1231 39.9432
59.0922 59.8283 -7.4949 -25.8133 -25.1865 39.8851
58.9629 59.7022 -7.29562 -25.8771 -25.25 39.827
58.8334 59.5758 -7.09663 -25.9409 -25.3136 39.7687
58.7035 59.449 -6.89794 -26.0047 -25.3772 39.7102
58.5733 59.322 -6.69953 -26.0687 -25.4409 39.6516
58.4428 59.1946 -6.50142 -26.1326 -25.5047 39.5929
58.312 59.067 -6.3036 -26.1967 -25.5685 39.5341
58.1809 58.939 -6.10608 -26.2608 -25.6323 39.475
58.0494 58.8106 -5.90885 -26.3249 -25.6963 39.4159
57.9176 58.682 -5.71192 -26.3891 -25.7603 39.3566
57.7855 58.553 -5.51529 -26.4534 -25.8243 39.2971
57.6531 58.4237 -5.31895 -26.5177 -25.8884 39.2375
57.5203 58.2941 -5.12292 -26.5821 -25.9526 39.1777
57.3873 58.1642 -4.92718 -26.6465 -26.0168 39.1177
57.2539 58.034 -4.73174 -26.711 -26.0811 39.0576
57.1202 57.9034 -4.5366 -26.7755 -26.1455 38.9973
56.9861 57.7725 -4.34177 -26.8401 -26.2099 38.9368
56.8518 57.6413 -4.14724 -26.9048 -26.2743 38.8761
56.7171 57.5098 -3.95301 -26.9695 -26.3389 38.8153
56.5821 57.3779 -3.75908 -27.0342 -26.4034 38.7543
56.4467 57.2457 -3.56547 -27.099 -26.4681 38.6931
56.3111 57.1132 -3.37215 -27.1639 -26.5328 38.6316
56.1751 56.9804 -3.17915 -27.2288 -26.5976 38.57
56.0388 56.8473 -2.98646 -27.2938 -26.6624 38.5082
55.9021 56.7138 -2.79407 -27.3588 -26.7273 38.4462
55.7652 56.58 -2.60199 -27.4239 -26.7922 38.384
55.6279 56.4459 -2.41023 -27.489 -26.8572 38.3216
55.4903 56.3114 -2.21878 -27.5542 -26.9222 38.259
55.3524 56.1766 -2.02764 -27.6195 -26.9873 38.1961
55.2141 56.0415 -1.83682 -27.6847 -27.0525 38.1331
55.0755 55.9061 -1.64631 -27.7501 -27.1177 38.0698
54.9366 55.7704 -1.45612 -27.8155 -27.183 38.0063
54.7974 55.6343 -1.26625 -27.881 -27.2484 37.9426
54.6578 55.4979 -1.0767 -27.9465 -27.3138 37.8786
54.5179 55.3612 -0.887466 -28.012 -27.3792 37.8144
54.3777 55.2241 -0.698556 -28.0777 -27.4447 37.75
54.2371 55.0867 -0.509968 -28.1433 -27.5103 37.6854
54.0962 54.949 -0.321704 -28.2091 -27.5759 37.6205
53.955 54.8109 -0.133765 -28.2748 -27.6416 37.5553
53.8135 54.6726 0.053848 -28.3407 -27.7074 37.4899
53.6716 54.5339 0.241133 -28.4066 -27.7732 37.4243
53.5294 54.3948 0.428089 -28.4725 -27.839 37.3584
53.3869 54.2555 0.614715 -28.5385 -27.905 37.2922
53.244 54.1158 0.80101 -28.6045 -27.9709 37.2258
53.1009 53.9758 0.986972 -28.6706 -28.037 37.1591
52.9573 53.8354 1.1726 -28.7368 -28.1031 37.0922
52.8135 53.6947 1.35789 -28.803 -28.1692 37.025
52.6693 53.5537 1.54285 -28.8693 -28.2354 36.9575
52.5248 53.4124 1.72746 -28.9356 -28.3017 36.8897
52.3799 53.2707 1.91174 -29.0019 -28.368 36.8217
52.2348 53.1287 2.09568 -29.0684 -28.4344 36.7533
52.0893 52.9864 2.27927 -29.1348 -28.5008 36.6847
51.9434 52.8437 2.46253 -29.2014 -28.5673 36.6158
51.7972 52.7007 2.64543 -29.268 -28.6338 36.5466
51.6507 52.5574 2.82799 -29.3346 -28.7004 36.4771
51.5039 52.4137 3.0102 -29.4013 -28.7671 36.4073
51.3567 52.2697 3.19206 -29.468 -28.8338 36.3372
51.2092 52.1253 3.37357 -29.5348 -28.9006 36.2668
51.0614 51.9807 3.55473 -29.6017 -28.9674 36.1961
50.9132 51.8357 3.73553 -29.6686 -29.0343 36.125
50.7647 51.6903 3.91598 -29.7356 -29.1013 36.0537
50.6158 51.5447 4.09606 -29.8026 -29.1683 35.982
50.4667 51.3987 4.27579 -29.8696 -29.2353 35.91
50.3172 51.2523 4.45516 -29.9368 -29.3024 35.8377
50.1673 51.1056 4.63417 -30.0039 -29.3696 35.765
50.0171 50.9586 4.81281 -30.0712 -29.4368 35.692
49.8666 50.8113 4.99109 -30.1384 -29.5041 35.6186
49.7157 50.6636 5.16899 -30.2058 -29.5715 35.5449
49.5645 50.5155 5.34653 -30.2732 -29.6389 35.4709
49.413 50.3672 5.5237 -30.3406 -29.7063 35.3965
49.2611 50.2185 5.7005 -30.4081 -29.7738 35.3217
49.1089 50.0694 5.87692 -30.4756 -29.8414 35.2466
48.9564 49.9201 6.05296 -30.5432 -29.909 35.1711
48.8035 49.7704 6.22863 -30.6109 -29.9767 35.0953
48.6503 49.6203 6.40391 -30.6786 -30.0444 35.0191
48.4967 49.4699 6.57881 -30.7463 -30.1122 34.9424
48.3428 49.3192 6.75333 -30.8142 -30.1801 34.8655
48.1886 49.1681 6.92747 -30.882 -30.248 34.7881
48.034 49.0167 7.10121 -30.9499 -30.3159 34.7103
47.8791 48.8649 7.27457 -31.0179 -30.3839 34.6321
47.7238 48.7129 7.44753 -31.0859 -30.452 34.5536
47.5682 48.5604 7.6201 -31.154 -30.5201 34.4746
47.4123 48.4077 7.79227 -31.2221 -30.5883 34.3952
47.256 48.2545 7.96405 -31.2903 -30.6565 34.3154
47.0994 48.1011 8.13543 -31.3585 -30.7248 34.2351
46.9424 47.9473 8.3064 -31.4268 -30.7932 34.1545
46.7851 47.7932 8.47697 -31.4951 -30.8615 34.0734
46.6274 47.6387 8.64713 -31.5635 -30.93 33.9919
46.4694 47.4839 8.81688 -31.6319 -30.9985 33.9099
46.3111 47.3287 8.98623 -31.7004 -31.067 33.8275
46.1524 47.1732 9.15516 -31.769 -31.1356 33.7446
45.9934 47.0173 9.32367 -31.8375 -31.2043 33.6613
45.8341 46.8611 9.49177 -31.9062 -31.273 33.5775
45.6744 46.7046 9.65944 -31.9749 -31.3418 33.4932
45.5143 46.5477 9.82669 -32.0436 -31.4106 33.4084
45.3539 46.3905 9.99352 -32.1124 -31.4795 33.3232
45.1932 46.2329 10.1599 -32.1812 -31.5484 33.2375
45.0321 46.075 10.3259 -32.2501 -31.6173 33.1513
44.8707 45.9168 10.4914 -32.319 -31.6863 33.0645
44.7089 45.7581 10.6565 -32.388 -31.7554 32.9773
44.5468 45.5992 10.8212 -32.457 -31.8245 32.8896
44.3844 45.4399 10.9854 -32.5261 -31.8937 32.8013
44.2215 45.2803 11.1492 -32.5952 -31.9629 32.7125
44.0584 45.1203 11.3126 -32.6644 -32.0322 32.6232
43.8949 44.9599 11.4754 -32.7336 -32.1015 32.5333
43.7311 44.7993 11.6379 -32.8028 -32.1708 32.4429
43.5669 44.6382 11.7999 -32.8721 -32.2402 32.3519
43.4023 44.4769 11.9614 -32.9415 -32.3097 32.2603
43.2375 44.3151 12.1225 -33.0109 -32.3792 32.1682
43.0722 44.1531 12.2831 -33.0803 -32.4487 32.0755
42.9067 43.9906 12.4432 -33.1498 -32.5183 31.9822
42.7407 43.8279 12.6029 -33.2193 -32.5879 31.8883
42.5745 43.6648 12.7621 -33.2889 -32.6576 31.7938
42.4078 43.5013 12.9208 -33.3585 -32.7273 31.6987
42.2409 43.3375 13.0791 -33.4281 -32.7971 31.6029
42.0736 43.1733 13.2369 -33.4978 -32.8669 31.5066
41.9059 43.0088 13.3941 -33.5675 -32.9367 31.4096
41.7379 42.844 13.5509 -33.6373 -33.0066 31.3119
41.5695 42.6788 13.7073 -33.7071 -33.0765 31.2136
41.4008 42.5132 13.8631 -33.7769 -33.1465 31.1146
41.2318 42.3473 14.0184 -33.8468 -33.2165 31.0149
41.0623 42.181 14.1732 -33.9167 -33.2865 30.9145
40.8926 42.0144 14.3275 -33.9866 -33.3566 30.8135
40.7225 41.8475 14.4814 -34.0566 -33.4267 30.7117
40.552 41.6802 14.6347 -34.1266 -33.4968 30.6092
40.3812 41.5125 14.7874 -34.1967 -33.567 30.5059
40.2101 41.3445 14.9397 -34.2668 -33.6372 30.402
40.0385 41.1761 15.0915 -34.3369 -33.7074 30.2972
39.8667 41.0074 15.2427 -34.407 -33.7777 30.1917
39.6945 40.8383 15.3934 -34.4771 -33.8479 30.0854
39.5219 40.6689 15.5435 -34.5473 -33.9183 29.9783
39.349 40.4992 15.6931 -34.6175 -33.9886 29.8704
39.1757 40.329 15.8422 -34.6878 -34.059 29.7617
39.0021 40.1586 15.9908 -34.758 -34.1293 29.6521
38.8282 39.9877 16.1387 -34.8283 -34.1997 29.5417
38.6538 39.8166 16.2862 -34.8986 -34.2702 29.4305
38.4792 39.645 16.433 -34.9689 -34.3406 29.3183
38.3041 39.4732 16.5794 -35.0392 -34.411 29.2053
38.1288 39.3009 16.7251 -35.1096 -34.4815 29.0913
37.953 39.1283 16.8703 -35.1799 -34.552 28.9764
37.777 38.9554 17.0148 -35.2503 -34.6225 28.8606
37.6005 38.7821 17.1589 -35.3207 -34.693 28.7438
37.4238 38.6085 17.3023 -35.3911 -34.7635 28.6261
37.2466 38.4345 17.4451 -35.4615 -34.834 28.5073
37.0691 38.2601 17.5873 -35.5319 -34.9045 28.3876
36.8913 38.0854 17.729 -35.6022 -34.975 28.2668
36.7131 37.9104 17.87 -35.6726 -35.0455 28.1449
36.5346 37.735 18.0104 -35.743 -35.116 28.022
36.3557 37.5592 18.1502 -35.8134 -35.1865 27.898
36.1765 37.3831 18.2894 -35.8838 -35.257 27.7728
35.9969 37.2067 18.4279 -35.9541 -35.3274 27.6466
35.8169 37.0298 18.5659 -36.0245 -35.3979 27.5191
35.6366 36.8527 18.7031 -36.0948 -35.4683 27.3905
35.456 36.6752 18.8398 -36.1651 -35.5387 27.2607
35.275 36.4973 18.9757 -36.2354 -35.6091 27.1297
35.0936 36.3191 19.111 -36.3056 -35.6794 26.9973
34.9119 36.1405 19.2457 -36.3758 -35.7497 26.8637
34.7298 35.9616 19.3797 -36.446 -35.82 26.7288
34.5474 35.7823 19.513 -36.5162 -35.8902 26.5926
34.3647 35.6027 19.6456 -36.5863 -35.9604 26.455
34.1816 35.4227 19.7775 -36.6563 -36.0305 26.3159
33.9981 35.2424 19.9087 -36.7263 -36.1006 26.1755
33.8143 35.0617 20.0393 -36.7963 -36.1706 26.0335
33.6302 34.8807 20.1691 -36.8661 -36.2406 25.8901
33.4456 34.6993 20.2982 -36.936 -36.3104 25.7452
33.2608 34.5175 20.4265 -37.0057 -36.3802 25.5986
33.0756 34.3355 20.5541 -37.0754 -36.45 25.4505
32.89 34.153 20.681 -37.1449 -36.5196 25.3007
32.7041 33.9703 20.8071 -37.2144 -36.5891 25.1492
32.5179 33.7872 20.9325 -37.2838 -36.6585 24.996
32.3313 33.6037 21.0571 -37.3531 -36.7278 24.841
32.1444 33.4199 21.1809 -37.4223 -36.797 24.6842
31.9571 33.2357 21.3039 -37.4914 -36.8661 24.5256
31.7694 33.0512 21.4261 -37.5603 -36.9351 24.365
31.5815 32.8664 21.5476 -37.6291 -37.0038 24.2024
31.3931 32.6812 21.6682 -37.6978 -37.0725 24.0378
31.2045 32.4956 21.7879 -37.7663 -37.141 23.8712
31.0155 32.3098 21.9069 -37.8346 -37.2093 23.7024
30.8261 32.1235 22.0249 -37.9028 -37.2774 23.5314
30.6365 31.937 22.1422 -37.9708 -37.3454 23.3582
30.4464 31.7501 22.2585 -38.0386 -37.4131 23.1826
30.2561 31.5628 22.374 -38.1062 -37.4806 23.0046
30.0654 31.3753 22.4885 -38.1736 -37.5479 22.8242
29.8743 31.1874 22.6022 -38.2407 -37.6149 22.6412
29.683 30.9991 22.7149 -38.3076 -37.6817 22.4556
29.4912 30.8105 22.8267 -38.3743 -37.7482 22.2673
29.2992 30.6216 22.9376 -38.4406 -37.8144 22.0762
29.1068 30.4324 23.0475 -38.5067 -37.8803 21.8823
28.9141 30.2428 23.1564 -38.5724 -37.9459 21.6853
28.7211 30.0529 23.2643 -38.6379 -38.0111 21.4853
28.5278 29.8627 23.3712 -38.703 -38.076 21.2821
28.3341 29.6722 23.4771 -38.7677 -38.1405 21.0756
28.1401 29.4813 23.582 -38.832 -38.2045 20.8657
27.9458 29.2901 23.6858 -38.8959 -38.2681 20.6523
27.7511 29.0986 23.7885 -38.9593 -38.3313 20.4352
27.5562 28.9068 23.8901 -39.0223 -38.3939 20.2143
27.3609 28.7147 23.9906 -39.0848 -38.4561 19.9895
27.1653 28.5222 24.09 -39.1468 -38.5176 19.7605
26.9694 28.3295 24.1882 -39.2082 -38.5786 19.5273
26.7732 28.1365 24.2852 -39.269 -38.639 19.2897
26.5767 27.9431 24.3811 -39.3292 -38.6987 19.0475
26.3799 27.7495 24.4757 -39.3887 -38.7576 18.8004
26.1828 27.5555 24.569 -39.4474 -38.8158 18.5483
25.9855 27.3613 24.6611 -39.5054 -38.8732 18.291
25.7878 27.1668 24.7519 -39.5626 -38.9298 18.0282
25.5898 26.972 24.8414 -39.6189 -38.9854 17.7597
25.3916 26.7769 24.9295 -39.6743 -39.04 17.4853
25.1931 26.5816 25.0162 -39.7287 -39.0936 17.2045
24.9943 26.386 25.1015 -39.782 -39.1461 16.9172
24.7952 26.1901 25.1853 -39.8342 -39.1974 16.6229
24.5959 25.994 25.2677 -39.8852 -39.2473 16.3214
24.3964 25.7977 25.3485 -39.9348 -39.2959 16.0122
24.1966 25.6011 25.4278 -39.9831 -39.343 15.695
23.9966 25.4042 25.5054 -40.0298 -39.3885 15.3692
23.7963 25.2072 25.5814 -40.0749 -39.4323 15.0345
23.5958 25.0099 25.6557 -40.1182 -39.4742 14.6903
23.3951 24.8124 25.7283 -40.1596 -39.5142 14.336
23.1942 24.6147 25.799 -40.199 -39.5519 13.9709
22.9931 24.4169 25.8679 -40.2362 -39.5873 13.5946
22.7918 24.2189 25.9349 -40.2709 -39.6202 13.2061
22.5904 24.0207 25.9999 -40.303 -39.6503 12.8046
22.3888 23.8224 26.0629 -40.3323 -39.6773 12.3894
22.1871 23.6239 26.1237 -40.3584 -39.701 11.9593
21.9852 23.4253 26.1824 -40.3811 -39.7211 11.5134
21.7832 23.2267 26.2388 -40.4 -39.7373 11.0503
21.5812 23.028 26.2928 -40.4148 -39.749 10.5687
21.3791 22.8292 26.3444 -40.4251 -39.7559 10.0672
21.1769 22.6304 26.3934 -40.4302 -39.7575 9.544
20.9748 22.4316 26.4397 -40.4298 -39.7531 8.99721
20.7726 22.2329 26.4832 -40.4231 -39.7421 8.42466
20.5705 22.0342 26.5238 -40.4093 -39.7236 7.8239
20.3685 21.8356 26.5613 -40.3877 -39.6967 7.19209
20.1666 21.6372 26.5956 -40.3572 -39.6604 6.52601
19.9649 21.439 26.6264 -40.3165 -39.6133 5.8219
19.7635 21.2411 26.6536 -40.2643 -39.5539 5.07538
19.5623 21.0435 26.677 -40.1988 -39.4803 4.28133
19.3615 20.8463 26.6962 -40.1179 -39.3904 3.43368
19.1611 20.6496 26.7111 -40.0191 -39.2813 2.52519
18.9613 20.4534 26.7212 -39.8991 -39.1497 1.54711
18.7621 20.2581 26.7262 -39.754 -38.9914 0.488811
18.5637 20.0635 26.7257 -39.5788 -38.8007 -0.66285
18.3663 19.8701 26.7191 -39.3668 -38.5708 -1.92432
18.1701 19.6779 26.7059 -39.1095 -38.2924 -3.31652
17.9752 19.4872 26.6853 -38.7951 -37.9528 -4.86657
17.7822 19.2984 26.6565 -38.4076 -37.5349 -6.61038
17.5912 19.1119 26.6183 -37.9239 -37.0137 -8.59678
17.403 18.9284 26.5693 -37.31 -36.3525 -10.8942
17.2183 18.7486 26.5078 -36.5131 -35.4943 -13.6023
17.0382 18.5738 26.4313 -35.4461 -34.3451 -16.8731
16.8643 18.4058 26.3362 -33.9545 -32.7375 -20.953
16.6996 18.2476 26.2174 -31.7323 -30.3401 -26.275
16.5491 18.1048 26.0664 -28.0716 -26.385 -33.6873
16.4242 17.99 25.8673 -20.853 -18.5719 -45.12
16.3608 17.9425 25.5837 0.56235 4.60883 -65.1841
16.6204 18.2574 25.1741 50.4917 54.2662 34.4697
16.8188 18.4709 25.4741 22.381 24.1339 69.968
16.896 18.5554 25.8485 7.84989 8.95981 75.8434
16.914 18.5783 26.2345 -0.784962 0.0341673 76.8712
16.8955 18.5635 26.6206 -6.64929 -5.99053 76.6057
16.8514 18.5224 27.0033 -10.9831 -10.4236 75.9162
16.788 18.4617 27.3819 -14.372 -13.8785 75.0838
16.7092 18.3853 27.7559 -17.1302 -16.6827 74.2142
16.6177 18.2959 28.1254 -19.4427 -19.0286 73.3508
16.5155 18.1958 28.4905 -21.4266 -21.0371 72.5114
16.404 18.0862 28.8514 -23.1596 -22.7887 71.7027
16.2843 17.9683 29.2083 -24.696 -24.3391 70.9264
16.1574 17.8431 29.5613 -26.0748 -25.7286 70.1821
16.0239 17.7113 29.9107 -27.3248 -26.9868 69.4679
15.8844 17.5735 30.2565 -28.4679 -28.1362 68.782
15.7394 17.4301 30.599 -29.5213 -29.1941 68.1221
15.5893 17.2817 30.9382 -30.4982 -30.1743 67.4861
15.4345 17.1285 31.2742 -31.4093 -31.0877 66.8722
15.2753 16.9709 31.6072 -32.2636 -31.9434 66.2784
15.112 16.8092 31.9373 -33.0679 -32.7484 65.7032
14.9447 16.6435 32.2645 -33.8285 -33.5091 65.1449
14.7738 16.4742 32.589 -34.5501 -34.2303 64.6024
14.5993 16.3013 32.9108 -35.2371 -34.9165 64.0742
14.4214 16.1251 33.2299 -35.8931 -35.5713 63.5594
14.2404 15.9456 33.5466 -36.5212 -36.1978 63.0568
14.0563 15.7631 33.8607 -37.124 -36.7989 62.5656
13.8692 15.5777 34.1724 -37.7039 -37.3767 62.085
13.6793 15.3894 34.4817 -38.2629 -37.9335 61.6141
13.4866 15.1984 34.7887 -38.8029 -38.471 61.1522
13.2913 15.0047 35.0934 -39.3253 -38.9908 60.6988
13.0934 14.8085 35.3958 -39.8317 -39.4944 60.2533
12.893 14.6098 35.6961 -40.3232 -39.983 59.815
12.6901 14.4087 35.9941 -40.8011 -40.4579 59.3836
12.485 14.2052 36.29 -41.2662 -40.9199 58.9585
12.2775 13.9995 36.5838 -41.7196 -41.37 58.5394
12.0678 13.7915 36.8755 -42.162 -41.8091 58.1258
11.8559 13.5814 37.1652 -42.5943 -42.238 57.7173
11.6418 13.3692 37.4528 -43.017 -42.6572 57.3137
11.4257 13.1548 37.7384 -43.4308 -43.0674 56.9146
11.2075 12.9385 38.0221 -43.8363 -43.4693 56.5197
10.9874 12.7201 38.3037 -44.234 -43.8633 56.1287
10.7652 12.4999 38.5834 -44.6243 -44.2499 55.7414
10.5411 12.2776 38.8612 -45.0078 -44.6295 55.3576
10.3151 12.0536 39.1371 -45.3848 -45.0026 54.9769
10.0873 11.8276 39.4111 -45.7557 -45.3696 54.5992
9.85757 11.5999 39.6832 -46.1208 -45.7308 54.2243
9.62606 11.3703 39.9534 -46.4806 -46.0865 53.8519
9.39276 11.139 40.2218 -46.8352 -46.437 53.4819
9.15771 10.9059 40.4883 -47.185 -46.7827 53.1141
8.92091 10.6712 40.753 -47.5302 -47.1237 52.7484
8.68241 10.4347 41.0158 -47.8711 -47.4604 52.3845
8.4422 10.1966 41.2769 -48.2079 -47.7929 52.0223
8.20032 9.95678 41.5361 -48.5408 -48.1216 51.6616
7.95679 9.71535 41.7936 -48.8701 -48.4465 51.3024
7.71162 9.47231 42.0492 -49.1959 -48.7679 50.9445
7.46483 9.22767 42.3031 -49.5184 -49.086 50.5877
7.21643 8.98145 42.5552 -49.8378 -49.4009 50.2319
6.96645 8.73366 42.8055 -50.1543 -49.7129 49.8771
6.71489 8.48432 43.054 -50.468 -50.022 49.5229
6.46176 8.23344 43.3008 -50.779 -50.3284 49.1695
6.20709 7.98103 43.5458 -51.0875 -50.6322 48.8166
5.95088 7.72711 43.789 -51.3937 -50.9337 48.464
5.69315 7.47169 44.0305 -51.6976 -51.2328 48.1118
5.4339 7.21477 44.2702 -51.9994 -51.5298 47.7599
5.17315 6.95638 44.5081 -52.2992 -51.8248 47.408
4.91091 6.69652 44.7443 -52.5971 -52.1178 47.0561
4.64717 6.4352 44.9787 -52.8933 -52.4089 46.7041
4.38197 6.17243 45.2114 -53.1877 -52.6984 46.3519
4.11529 5.90821 45.4423 -53.4806 -52.9862 45.9993
3.84715 5.64256 45.6714 -53.772 -53.2725 45.6464
3.57756 5.37548 45.8988 -54.062 -53.5573 45.293
3.30653 5.10698 46.1244 -54.3507 -53.8408 44.9389
3.03405 4.83706 46.3483 -54.6382 -54.123 44.5841
2.76014 4.56574 46.5703 -54.9246 -54.404 44.2286
2.4848 4.29301 46.7906 -55.2099 -54.6839 43.8721
2.20803 4.01889 47.0091 -55.4943 -54.9628 43.5147
1.92985 3.74338 47.2258 -55.7777 -55.2408 43.1561
1.65025 3.46648 47.4407 -56.0604 -55.5178 42.7963
1.36923 3.18819 47.6538 -56.3424 -55.7941 42.4353
1.08681 2.90853 47.8651 -56.6237 -56.0696 42.0728
0.802988 2.62749 48.0746 -56.9044 -56.3445 41.7088
0.51776 2.34507 48.2822 -57.1846 -56.6188 41.3432
0.231133 2.06129 48.4881 -57.4643 -56.8926 40.9759
-0.0568926 1.77614 48.6921 -57.7437 -57.1659 40.6067
-0.346314 1.48962 48.8942 -58.0227 -57.4388 40.2356
-0.63713 1.20174 49.0945 -58.3016 -57.7114 39.8625
-0.92934 0.912494 49.2929 -58.5802 -57.9838 39.4872
-1.22294 0.621889 49.4894 -58.8588 -58.256 39.1096
-1.51794 0.329923 49.684 -59.1373 -58.528 38.7296
-1.81433 0.0365971 49.8767 -59.4159 -58.8 38.347
-2.11211 -0.258089 50.0675 -59.6946 -59.072 37.9618
-2.41129 -0.554135 50.2564 -59.9734 -59.344 37.5737
-2.71186 -0.851541 50.4433 -60.2525 -59.6162 37.1827
-3.01382 -1.15031 50.6283 -60.5319 -59.8886 36.7887
-3.31719 -1.45044 50.8113 -60.8117 -60.1612 36.3914
-3.62195 -1.75194 50.9922 -61.0919 -60.4342 35.9907
-3.92812 -2.0548 51.1712 -61.3726 -60.7076 35.5864
-4.2357 -2.35903 51.3482 -61.654 -60.9814 35.1785
-4.54468 -2.66462 51.5231 -61.936 -61.2558 34.7666
-4.85507 -2.9716 51.6959 -62.2187 -61.5308 34.3506
-5.16688 -3.27995 51.8666 -62.5023 -61.8064 33.9304
-5.48011 -3.58968 52.0352 -62.7868 -62.0829 33.5057
-5.79476 -3.90079 52.2017 -63.0723 -62.3601 33.0763
-6.11085 -4.2133 52.3661 -63.3588 -62.6383 32.6421
-6.42837 -4.52719 52.5282 -63.6465 -62.9174 32.2026
-6.74733 -4.84249 52.6881 -63.9355 -63.1976 31.7578
-7.06774 -5.15919 52.8458 -64.2257 -63.479 31.3074
-7.38961 -5.4773 53.0013 -64.5174 -63.7616 30.851
-7.71294 -5.79683 53.1544 -64.8107 -64.0456 30.3884
-8.03774 -6.11778 53.3052 -65.1056 -64.331 29.9193
-8.36402 -6.44016 53.4537 -65.4022 -64.6179 29.4433
-8.69178 -6.76398 53.5997 -65.7007 -64.9064 28.9601
-9.02105 -7.08925 53.7433 -66.0012 -65.1967 28.4694
-9.35182 -7.41597 53.8845 -66.3038 -65.4889 27.9707
-9.68411 -7.74416 54.0231 -66.6086 -65.783 27.4635
-10.0179 -8.07383 54.1592 -66.9158 -66.0792 26.9475
-10.3533 -8.40498 54.2927 -67.2255 -66.3776 26.4221
-10.6902 -8.73763 54.4235 -67.5379 -66.6784 25.8869
-11.0287 -9.0718 54.5516 -67.8531 -66.9817 25.3412
-11.3688 -9.40748 54.677 -68.1714 -67.2877 24.7844
-11.7105 -9.74471 54.7995 -68.4928 -67.5965 24.2158
-12.0537 -10.0835 54.9192 -68.8176 -67.9083 23.6348
-12.3987 -10.4238 55.0359 -69.146 -68.2232 23.0405
-12.7452 -10.7658 55.1497 -69.4783 -68.5416 22.4321
-13.0935 -11.1093 55.2604 -69.8146 -68.8636 21.8085
-13.4434 -11.4544 55.3679 -70.1552 -69.1893 21.1689
-13.7951 -11.8012 55.4721 -70.5005 -69.5192 20.5119
-14.1485 -12.1497 55.5731 -70.8506 -69.8533 19.8364
-14.5037 -12.4998 55.6706 -71.206 -70.1921 19.141
-14.8606 -12.8517 55.7646 -71.5669 -70.5357 18.4241
-15.2194 -13.2052 55.8549 -71.9339 -70.8846 17.6839
-15.58 -13.5606 55.9415 -72.3072 -71.2391 16.9186
-15.9425 -13.9177 56.0242 -72.6873 -71.5995 16.1259
-16.307 -14.2766 56.1029 -73.0748 -71.9664 15.3033
-16.6734 -14.6374 56.1774 -73.4701 -72.34 14.4482
-17.0417 -15.0001 56.2475 -73.874 -72.7211 13.5571
-17.4122 -15.3647 56.3131 -74.287 -73.11 12.6266
-17.7847 -15.7313 56.3739 -74.7099 -73.5074 11.6523
-18.1594 -16.0999 56.4297 -75.1435 -73.9139 10.6294
-18.5363 -16.4706 56.4804 -75.5887 -74.3303 9.55197
-18.9154 -16.8434 56.5254 -76.0465 -74.7573 8.41337
-19.2969 -17.2183 56.5646 -76.5182 -75.1958 7.20548
-19.6808 -17.5955 56.5977 -77.0048 -75.6467 5.9186
-20.0671 -17.975 56.624 -77.5078 -76.1109 4.54098
-20.4561 -18.3568 56.6433 -78.0288 -76.5896 3.05817
-20.8477 -18.7411 56.6548 -78.5694 -77.0838 1.4522
