50 0 -175 0 0 49
49.9997 -0.000163368 -174.755 -0.100515 -0.0653967 49.0518
49.999 -0.000653908 -174.509 -0.201148 -0.130869 49.1036
49.9977 -0.001472 -174.264 -0.301902 -0.196418 49.1553
49.996 -0.00261803 -174.018 -0.402775 -0.262044 49.2069
49.9937 -0.00409238 -173.772 -0.503769 -0.327746 49.2584
49.9909 -0.00589543 -173.525 -0.604885 -0.393526 49.3099
49.9877 -0.00802758 -173.279 -0.706123 -0.459384 49.3613
49.9839 -0.0104892 -173.032 -0.807483 -0.52532 49.4127
49.9796 -0.0132807 -172.785 -0.908967 -0.591335 49.464
49.9748 -0.0164025 -172.537 -1.01057 -0.657429 49.5152
49.9695 -0.019855 -172.289 -1.11231 -0.723603 49.5663
49.9637 -0.0236385 -172.041 -1.21416 -0.789856 49.6174
49.9573 -0.0277535 -171.793 -1.31615 -0.85619 49.6684
49.9505 -0.0322003 -171.545 -1.41826 -0.922605 49.7194
49.9432 -0.0369795 -171.296 -1.52049 -0.9891 49.7702
49.9353 -0.0420913 -171.047 -1.62286 -1.05568 49.821
49.9269 -0.0475362 -170.798 -1.72535 -1.12234 49.8718
49.918 -0.0533146 -170.548 -1.82798 -1.18908 49.9224
49.9086 -0.0594269 -170.299 -1.93073 -1.2559 49.973
49.8987 -0.0658736 -170.049 -2.03361 -1.32281 50.0236
49.8883 -0.072655 -169.798 -2.13663 -1.3898 50.074
49.8774 -0.0797716 -169.548 -2.23977 -1.45688 50.1244
49.8659 -0.0872237 -169.297 -2.34305 -1.52404 50.1748
49.8539 -0.0950119 -169.046 -2.44646 -1.59129 50.225
49.8415 -0.103137 -168.795 -2.55001 -1.65862 50.2752
49.8284 -0.111598 -168.543 -2.65369 -1.72604 50.3253
49.8149 -0.120397 -168.292 -2.75751 -1.79354 50.3754
49.8009 -0.129533 -168.04 -2.86146 -1.86113 50.4254
49.7863 -0.139008 -167.787 -2.96555 -1.92881 50.4753
49.7712 -0.148821 -167.535 -3.06977 -1.99658 50.5251
49.7556 -0.158974 -167.282 -3.17414 -2.06443 50.5749
49.7395 -0.169466 -167.029 -3.27864 -2.13237 50.6246
49.7228 -0.180297 -166.776 -3.38329 -2.2004 50.6743
49.7056 -0.19147 -166.522 -3.48807 -2.26853 50.7239
49.6879 -0.202983 -166.269 -3.59299 -2.33674 50.7734
49.6697 -0.214837 -166.015 -3.69806 -2.40504 50.8228
49.651 -0.227033 -165.76 -3.80327 -2.47343 50.8722
49.6317 -0.239571 -165.506 -3.90862 -2.54192 50.9215
49.6119 -0.252452 -165.251 -4.01412 -2.61049 50.9707
49.5915 -0.265676 -164.996 -4.11976 -2.67916 51.0199
49.5707 -0.279244 -164.741 -4.22555 -2.74793 51.069
49.5493 -0.293155 -164.486 -4.33148 -2.81678 51.118
49.5274 -0.307411 -164.23 -4.43756 -2.88573 51.167
49.5049 -0.322013 -163.974 -4.54379 -2.95477 51.2159
49.4819 -0.336959 -163.718 -4.65017 -3.02391 51.2647
49.4584 -0.352252 -163.461 -4.75669 -3.09315 51.3135
49.4344 -0.367891 -163.204 -4.86337 -3.16248 51.3622
49.4098 -0.383876 -162.948 -4.97019 -3.2319 51.4108
49.3846 -0.40021 -162.69 -5.07717 -3.30143 51.4593
49.359 -0.416891 -162.433 -5.1843 -3.37105 51.5078
49.3328 -0.43392 -162.175 -5.29159 -3.44076 51.5562
49.3061 -0.451298 -161.917 -5.39903 -3.51058 51.6046
49.2788 -0.469026 -161.659 -5.50662 -3.5805 51.6528
49.251 -0.487103 -161.401 -5.61437 -3.65051 51.701
49.2227 -0.505531 -161.142 -5.72228 -3.72063 51.7492
49.1938 -0.524309 -160.883 -5.83034 -3.79084 51.7972
49.1644 -0.543439 -160.624 -5.93856 -3.86116 51.8452
49.1344 -0.562921 -160.365 -6.04694 -3.93157 51.8932
49.1039 -0.582755 -160.105 -6.15548 -4.00209 51.941
49.0729 -0.602942 -159.846 -6.26418 -4.07271 51.9888
49.0413 -0.623482 -159.585 -6.37304 -4.14344 52.0365
49.0091 -0.644376 -159.325 -6.48207 -4.21427 52.0842
48.9764 -0.665624 -159.065 -6.59126 -4.2852 52.1317
48.9432 -0.687228 -158.804 -6.70061 -4.35624 52.1792
48.9094 -0.709187 -158.543 -6.81012 -4.42738 52.2267
48.8751 -0.731502 -158.282 -6.91981 -4.49863 52.274
48.8402 -0.754173 -158.02 -7.02966 -4.56998 52.3213
48.8048 -0.777201 -157.758 -7.13967 -4.64144 52.3686
48.7688 -0.800587 -157.496 -7.24986 -4.71301 52.4157
48.7323 -0.824331 -157.234 -7.36021 -4.78468 52.4628
48.6952 -0.848434 -156.972 -7.47073 -4.85647 52.5098
48.6576 -0.872896 -156.709 -7.58143 -4.92836 52.5567
48.6194 -0.897718 -156.446 -7.6923 -5.00037 52.6036
48.5807 -0.9229 -156.183 -7.80334 -5.07248 52.6504
48.5414 -0.948442 -155.92 -7.91455 -5.1447 52.6971
48.5015 -0.974347 -155.656 -8.02594 -5.21704 52.7438
48.4611 -1.00061 -155.392 -8.1375 -5.28948 52.7904
48.4202 -1.02724 -155.128 -8.24924 -5.36204 52.8369
48.3786 -1.05423 -154.864 -8.36116 -5.43472 52.8833
48.3365 -1.08159 -154.599 -8.47326 -5.5075 52.9297
48.2939 -1.10931 -154.335 -8.58553 -5.5804 52.976
48.2507 -1.13739 -154.07 -8.69799 -5.65342 53.0222
48.2069 -1.16584 -153.804 -8.81063 -5.72655 53.0684
48.1626 -1.19466 -153.539 -8.92345 -5.79979 53.1144
48.1177 -1.22384 -153.273 -9.03645 -5.87316 53.1604
48.0722 -1.25339 -153.007 -9.14964 -5.94664 53.2064
48.0262 -1.28331 -152.741 -9.26301 -6.02023 53.2522
47.9796 -1.31359 -152.475 -9.37657 -6.09395 53.298
47.9324 -1.34425 -152.208 -9.49031 -6.16779 53.3437
47.8847 -1.37527 -151.941 -9.60424 -6.24174 53.3894
47.8364 -1.40666 -151.674 -9.71837 -6.31582 53.4349
47.7875 -1.43843 -151.407 -9.83268 -6.39001 53.4804
47.7381 -1.47056 -151.139 -9.94718 -6.46433 53.5258
47.688 -1.50307 -150.872 -10.0619 -6.53877 53.5712
47.6374 -1.53595 -150.604 -10.1768 -6.61333 53.6164
47.5863 -1.5692 -150.336 -10.2918 -6.68802 53.6616
47.5345 -1.60283 -150.067 -10.4071 -6.76283 53.7068
47.4822 -1.63683 -149.799 -10.5226 -6.83776 53.7518
47.4293 -1.67121 -149.53 -10.6383 -6.91282 53.7968
47.3758 -1.70596 -149.261 -10.7541 -6.98801 53.8417
47.3218 -1.74109 -148.991 -10.8702 -7.06332 53.8865
47.2671 -1.77659 -148.722 -10.9865 -7.13876 53.9312
47.2119 -1.81248 -148.452 -11.103 -7.21433 53.9759
47.1561 -1.84874 -148.182 -11.2196 -7.29003 54.0205
47.0997 -1.88538 -147.912 -11.3365 -7.36585 54.065
47.0427 -1.9224 -147.641 -11.4536 -7.44181 54.1094
46.9852 -1.95979 -147.371 -11.5709 -7.51789 54.1537
46.927 -1.99757 -147.1 -11.6884 -7.59411 54.198
46.8683 -2.03574 -146.829 -11.8061 -7.67046 54.2422
46.8089 -2.07428 -146.557 -11.924 -7.74695 54.2863
46.749 -2.1132 -146.286 -12.0421 -7.82356 54.3304
46.6885 -2.15251 -146.014 -12.1604 -7.90031 54.3744
46.6274 -2.19221 -145.742 -12.279 -7.9772 54.4182
46.5657 -2.23229 -145.47 -12.3978 -8.05422 54.462
46.5035 -2.27275 -145.197 -12.5167 -8.13138 54.5058
46.4406 -2.3136 -144.925 -12.6359 -8.20867 54.5494
46.3771 -2.35484 -144.652 -12.7553 -8.2861 54.593
46.313 -2.39646 -144.379 -12.875 -8.36367 54.6365
46.2483 -2.43847 -144.106 -12.9948 -8.44138 54.6799
46.1831 -2.48087 -143.832 -13.1149 -8.51923 54.7232
46.1172 -2.52367 -143.558 -13.2352 -8.59722 54.7665
46.0507 -2.56685 -143.284 -13.3557 -8.67535 54.8096
45.9836 -2.61042 -143.01 -13.4764 -8.75363 54.8527
45.916 -2.65438 -142.736 -13.5974 -8.83205 54.8957
45.8477 -2.69874 -142.461 -13.7186 -8.91061 54.9386
45.7788 -2.74349 -142.186 -13.84 -8.98931 54.9815
45.7093 -2.78863 -141.911 -13.9617 -9.06816 55.0242
45.6391 -2.83417 -141.636 -14.0835 -9.14716 55.0669
45.5684 -2.8801 -141.361 -14.2057 -9.2263 55.1095
45.4971 -2.92643 -141.085 -14.328 -9.30559 55.152
45.4251 -2.97316 -140.809 -14.4506 -9.38503 55.1944
45.3526 -3.02028 -140.533 -14.5734 -9.46462 55.2368
45.2794 -3.06781 -140.257 -14.6965 -9.54436 55.279
45.2056 -3.11573 -139.98 -14.8197 -9.62424 55.3212
45.1312 -3.16405 -139.704 -14.9433 -9.70428 55.3633
45.0562 -3.21277 -139.427 -15.0671 -9.78448 55.4053
44.9805 -3.26189 -139.15 -15.1911 -9.86482 55.4472
44.9043 -3.31142 -138.872 -15.3153 -9.94532 55.489
44.8274 -3.36135 -138.595 -15.4398 -10.026 55.5307
44.7499 -3.41168 -138.317 -15.5646 -10.1068 55.5724
44.6717 -3.46241 -138.039 -15.6896 -10.1878 55.6139
44.593 -3.51356 -137.761 -15.8148 -10.2689 55.6554
44.5136 -3.5651 -137.482 -15.9404 -10.3502 55.6968
44.4336 -3.61706 -137.204 -16.0661 -10.4316 55.7381
44.3529 -3.66942 -136.925 -16.1921 -10.5132 55.7793
44.2717 -3.72219 -136.646 -16.3184 -10.595 55.8204
44.1898 -3.77537 -136.367 -16.4449 -10.6769 55.8614
44.1072 -3.82896 -136.087 -16.5717 -10.759 55.9024
44.024 -3.88296 -135.808 -16.6987 -10.8412 55.9432
43.9402 -3.93737 -135.528 -16.826 -10.9236 55.984
43.8558 -3.99219 -135.248 -16.9536 -11.0062 56.0246
43.7707 -4.04743 -134.968 -17.0814 -11.089 56.0652
43.685 -4.10308 -134.687 -17.2095 -11.1719 56.1057
43.5986 -4.15915 -134.407 -17.3378 -11.2549 56.146
43.5116 -4.21563 -134.126 -17.4665 -11.3382 56.1863
43.4239 -4.27253 -133.845 -17.5954 -11.4216 56.2265
43.3356 -4.32985 -133.564 -17.7245 -11.5052 56.2666
43.2467 -4.38758 -133.282 -17.854 -11.589 56.3066
43.1571 -4.44574 -133.001 -17.9837 -11.6729 56.3465
43.0668 -4.50431 -132.719 -18.1137 -11.757 56.3863
42.976 -4.56331 -132.437 -18.2439 -11.8413 56.426
42.8844 -4.62273 -132.154 -18.3745 -11.9257 56.4657
42.7922 -4.68257 -131.872 -18.5053 -12.0104 56.5052
42.6994 -4.74283 -131.589 -18.6364 -12.0952 56.5446
42.6058 -4.80352 -131.307 -18.7678 -12.1802 56.5839
42.5117 -4.86463 -131.024 -18.8995 -12.2653 56.6231
42.4169 -4.92617 -130.74 -19.0314 -12.3507 56.6622
42.3214 -4.98814 -130.457 -19.1637 -12.4362 56.7013
42.2252 -5.05053 -130.173 -19.2962 -12.5219 56.7402
42.1284 -5.11336 -129.89 -19.4291 -12.6078 56.779
42.0309 -5.17661 -129.606 -19.5622 -12.6939 56.8177
41.9328 -5.2403 -129.321 -19.6956 -12.7802 56.8563
41.834 -5.30441 -129.037 -19.8294 -12.8666 56.8948
41.7345 -5.36896 -128.752 -19.9634 -12.9533 56.9332
41.6343 -5.43395 -128.468 -20.0977 -13.0401 56.9715
41.5335 -5.49936 -128.183 -20.2323 -13.1271 57.0097
41.432 -5.56522 -127.898 -20.3673 -13.2143 57.0478
41.3298 -5.63151 -127.612 -20.5025 -13.3017 57.0857
41.227 -5.69823 -127.327 -20.6381 -13.3893 57.1236
41.1235 -5.7654 -127.041 -20.7739 -13.4771 57.1614
41.0192 -5.833 -126.755 -20.9101 -13.5651 57.199
40.9144 -5.90105 -126.469 -21.0466 -13.6532 57.2365
40.8088 -5.96954 -126.183 -21.1834 -13.7416 57.274
40.7025 -6.03847 -125.896 -21.3205 -13.8302 57.3113
40.5956 -6.10784 -125.61 -21.4579 -13.9189 57.3485
40.4879 -6.17765 -125.323 -21.5957 -14.0079 57.3856
40.3796 -6.24792 -125.036 -21.7337 -14.0971 57.4225
40.2706 -6.31863 -124.749 -21.8721 -14.1865 57.4594
40.1609 -6.38978 -124.461 -22.0109 -14.276 57.4961
40.0505 -6.46139 -124.174 -22.1499 -14.3658 57.5328
39.9394 -6.53344 -123.886 -22.2893 -14.4558 57.5693
39.8276 -6.60594 -123.598 -22.429 -14.546 57.6057
39.7151 -6.6789 -123.31 -22.5691 -14.6364 57.6419
39.6019 -6.75231 -123.021 -22.7094 -14.727 57.6781
39.488 -6.82617 -122.733 -22.8502 -14.8179 57.7141
39.3734 -6.90049 -122.444 -22.9912 -14.9089 57.75
39.2581 -6.97526 -122.156 -23.1326 -15.0002 57.7858
39.1421 -7.05049 -121.866 -23.2744 -15.0916 57.8215
39.0254 -7.12618 -121.577 -23.4165 -15.1833 57.857
38.9079 -7.20232 -121.288 -23.5589 -15.2752 57.8924
38.7898 -7.27893 -120.998 -23.7017 -15.3673 57.9277
38.6709 -7.35599 -120.709 -23.8449 -15.4597 57.9629
38.5513 -7.43352 -120.419 -23.9884 -15.5522 57.9979
38.431 -7.51152 -120.129 -24.1322 -15.645 58.0328
38.31 -7.58997 -119.838 -24.2765 -15.738 58.0676
38.1883 -7.6689 -119.548 -24.421 -15.8312 58.1023
38.0658 -7.74829 -119.257 -24.566 -15.9247 58.1368
37.9426 -7.82814 -118.967 -24.7113 -16.0184 58.1712
37.8187 -7.90847 -118.676 -24.857 -16.1123 58.2054
37.694 -7.98927 -118.385 -25.003 -16.2064 58.2395
37.5686 -8.07053 -118.093 -25.1494 -16.3008 58.2735
37.4425 -8.15227 -117.802 -25.2962 -16.3954 58.3073
37.3157 -8.23449 -117.51 -25.4434 -16.4903 58.341
37.1881 -8.31718 -117.218 -25.5909 -16.5853 58.3746
37.0598 -8.40034 -116.926 -25.7388 -16.6807 58.408
36.9307 -8.48398 -116.634 -25.8871 -16.7762 58.4413
36.8009 -8.5681 -116.342 -26.0358 -16.872 58.4744
36.6704 -8.6527 -116.05 -26.1849 -16.968 58.5074
36.5391 -8.73778 -115.757 -26.3344 -17.0643 58.5403
36.407 -8.82335 -115.464 -26.4842 -17.1608 58.573
36.2742 -8.90939 -115.171 -26.6345 -17.2576 58.6055
36.1407 -8.99592 -114.878 -26.7852 -17.3546 58.6379
36.0064 -9.08294 -114.585 -26.9362 -17.4519 58.6702
35.8713 -9.17044 -114.291 -27.0877 -17.5494 58.7023
35.7355 -9.25843 -113.998 -27.2395 -17.6471 58.7342
35.5989 -9.34691 -113.704 -27.3918 -17.7452 58.766
35.4616 -9.43588 -113.41 -27.5445 -17.8434 58.7977
35.3235 -9.52535 -113.116 -27.6976 -17.942 58.8291
35.1846 -9.6153 -112.822 -27.8511 -18.0407 58.8605
35.0449 -9.70575 -112.528 -28.005 -18.1398 58.8916
34.9045 -9.7967 -112.233 -28.1593 -18.2391 58.9226
34.7634 -9.88814 -111.938 -28.3141 -18.3386 58.9535
34.6214 -9.98009 -111.643 -28.4693 -18.4385 58.9841
34.4787 -10.0725 -111.348 -28.6249 -18.5386 59.0147
34.3351 -10.1655 -111.053 -28.7809 -18.6389 59.045
34.1909 -10.2589 -110.758 -28.9374 -18.7396 59.0752
34.0458 -10.3529 -110.463 -29.0943 -18.8405 59.1052
33.8999 -10.4473 -110.167 -29.2517 -18.9416 59.135
33.7533 -10.5423 -109.871 -29.4094 -19.0431 59.1647
33.6058 -10.6378 -109.575 -29.5677 -19.1448 59.1942
33.4576 -10.7337 -109.279 -29.7264 -19.2468 59.2235
33.3086 -10.8302 -108.983 -29.8855 -19.3491 59.2526
33.1587 -10.9272 -108.687 -30.0451 -19.4516 59.2816
33.0081 -11.0247 -108.39 -30.2051 -19.5544 59.3103
32.8567 -11.1228 -108.094 -30.3656 -19.6576 59.3389
32.7044 -11.2213 -107.797 -30.5265 -19.761 59.3673
32.5514 -11.3204 -107.5 -30.6879 -19.8647 59.3955
32.3976 -11.42 -107.203 -30.8498 -19.9686 59.4236
32.2429 -11.5201 -106.906 -31.0121 -20.0729 59.4514
32.0874 -11.6207 -106.608 -31.175 -20.1775 59.4791
31.9312 -11.7218 -106.311 -31.3382 -20.2823 59.5065
31.7741 -11.8235 -106.013 -31.502 -20.3875 59.5338
31.6161 -11.9257 -105.716 -31.6663 -20.4929 59.5608
31.4574 -12.0284 -105.418 -31.831 -20.5987 59.5877
31.2978 -12.1317 -105.12 -31.9962 -20.7047 59.6144
31.1374 -12.2355 -104.822 -32.1619 -20.8111 59.6408
30.9762 -12.3398 -104.523 -32.3281 -20.9177 59.6671
30.8142 -12.4447 -104.225 -32.4948 -21.0247 59.6931
30.6513 -12.5501 -103.926 -32.662 -21.132 59.719
30.4875 -12.656 -103.628 -32.8297 -21.2395 59.7446
30.323 -12.7625 -103.329 -32.9979 -21.3474 59.77
30.1576 -12.8695 -103.03 -33.1666 -21.4557 59.7952
29.9913 -12.977 -102.731 -33.3358 -21.5642 59.8202
29.8242 -13.0851 -102.432 -33.5055 -21.673 59.8449
29.6562 -13.1937 -102.133 -33.6758 -21.7822 59.8695
29.4874 -13.3029 -101.833 -33.8466 -21.8917 59.8938
29.3178 -13.4127 -101.534 -34.0179 -22.0015 59.9179
29.1473 -13.5229 -101.234 -34.1897 -22.1116 59.9417
28.9759 -13.6338 -100.934 -34.362 -22.2221 59.9653
28.8036 -13.7452 -100.634 -34.5349 -22.3329 59.9887
28.6305 -13.8571 -100.334 -34.7084 -22.444 60.0119
28.4566 -13.9696 -100.034 -34.8824 -22.5555 60.0348
28.2817 -14.0827 -99.7339 -35.0569 -22.6673 60.0575
28.106 -14.1963 -99.4336 -35.232 -22.7794 60.0799
27.9294 -14.3104 -99.1331 -35.4076 -22.8919 60.1021
27.7519 -14.4252 -98.8326 -35.5838 -23.0047 60.124
27.5736 -14.5405 -98.5319 -35.7605 -23.1179 60.1457
27.3943 -14.6564 -98.2311 -35.9378 -23.2314 60.1671
27.2142 -14.7728 -97.9302 -36.1157 -23.3452 60.1883
27.0332 -14.8898 -97.6292 -36.2942 -23.4594 60.2092
26.8512 -15.0074 -97.3281 -36.4732 -23.574 60.2299
26.6684 -15.1256 -97.0269 -36.6528 -23.6889 60.2503
26.4847 -15.2443 -96.7256 -36.833 -23.8042 60.2704
26.3001 -15.3636 -96.4242 -37.0138 -23.9198 60.2903
26.1146 -15.4835 -96.1227 -37.1952 -24.0358 60.3098
25.9281 -15.604 -95.8211 -37.3772 -24.1522 60.3291
25.7408 -15.725 -95.5194 -37.5598 -24.2689 60.3481
25.5525 -15.8467 -95.2176 -37.743 -24.386 60.3669
25.3634 -15.9689 -94.9158 -37.9268 -24.5035 60.3853
25.1733 -16.0917 -94.6138 -38.1112 -24.6214 60.4035
24.9823 -16.2151 -94.3117 -38.2963 -24.7396 60.4214
24.7903 -16.3391 -94.0096 -38.4819 -24.8582 60.4389
24.5974 -16.4637 -93.7073 -38.6682 -24.9772 60.4562
24.4036 -16.5889 -93.405 -38.8552 -25.0966 60.4732
24.2089 -16.7146 -93.1026 -39.0428 -25.2163 60.4898
24.0132 -16.841 -92.8001 -39.231 -25.3365 60.5062
23.8166 -16.968 -92.4975 -39.4199 -25.457 60.5222
23.619 -17.0956 -92.1949 -39.6094 -25.578 60.5379
23.4205 -17.2238 -91.8922 -39.7996 -25.6993 60.5533
23.221 -17.3526 -91.5893 -39.9904 -25.821 60.5684
23.0206 -17.482 -91.2865 -40.182 -25.9432 60.5831
22.8192 -17.612 -90.9835 -40.3742 -26.0657 60.5975
22.6168 -17.7426 -90.6805 -40.5671 -26.1887 60.6115
22.4135 -17.8739 -90.3774 -40.7607 -26.3121 60.6252
22.2092 -18.0058 -90.0742 -40.9549 -26.4358 60.6386
22.004 -18.1383 -89.771 -41.1499 -26.56 60.6516
21.7977 -18.2714 -89.4677 -41.3456 -26.6847 60.6642
21.5905 -18.4051 -89.1644 -41.542 -26.8097 60.6765
21.3823 -18.5395 -88.861 -41.7391 -26.9352 60.6884
21.1731 -18.6745 -88.5575 -41.9369 -27.0611 60.6999
20.9629 -18.8101 -88.254 -42.1354 -27.1874 60.711
20.7518 -18.9463 -87.9504 -42.3347 -27.3142 60.7218
20.5396 -19.0832 -87.6467 -42.5347 -27.4414 60.7322
20.3264 -19.2207 -87.3431 -42.7354 -27.5691 60.7421
20.1122 -19.3589 -87.0393 -42.9369 -27.6972 60.7517
19.897 -19.4977 -86.7355 -43.1392 -27.8258 60.7609
19.6808 -19.6372 -86.4317 -43.3422 -27.9548 60.7696
19.4636 -19.7773 -86.1278 -43.546 -28.0843 60.778
19.2454 -19.918 -85.8239 -43.7505 -28.2142 60.7859
19.0261 -20.0594 -85.52 -43.9558 -28.3447 60.7933
18.8058 -20.2015 -85.216 -44.1619 -28.4755 60.8004
18.5845 -20.3442 -84.912 -44.3688 -28.6069 60.807
18.3621 -20.4875 -84.6079 -44.5765 -28.7387 60.8131
18.1387 -20.6315 -84.3039 -44.7849 -28.871 60.8188
17.9143 -20.7762 -83.9997 -44.9942 -29.0039 60.8241
17.6888 -20.9216 -83.6956 -45.2043 -29.1372 60.8288
17.4622 -21.0676 -83.3915 -45.4152 -29.2709 60.8331
17.2346 -21.2143 -83.0873 -45.627 -29.4052 60.837
17.006 -21.3617 -82.7831 -45.8395 -29.54 60.8403
16.7762 -21.5097 -82.4789 -46.0529 -29.6753 60.8431
16.5454 -21.6584 -82.1747 -46.2672 -29.8112 60.8455
16.3136 -21.8078 -81.8704 -46.4823 -29.9475 60.8473
16.0806 -21.9579 -81.5662 -46.6982 -30.0844 60.8486
15.8466 -22.1087 -81.2619 -46.915 -30.2218 60.8494
15.6115 -22.2601 -80.9577 -47.1327 -30.3597 60.8497
15.3753 -22.4122 -80.6534 -47.3513 -30.4981 60.8495
15.138 -22.5651 -80.3492 -47.5707 -30.6371 60.8487
14.8996 -22.7186 -80.0449 -47.791 -30.7767 60.8473
14.6601 -22.8729 -79.7407 -48.0123 -30.9168 60.8454
14.4194 -23.0278 -79.4365 -48.2344 -31.0574 60.8429
14.1777 -23.1834 -79.1323 -48.4575 -31.1987 60.8399
13.9349 -23.3398 -78.8281 -48.6814 -31.3404 60.8363
13.6909 -23.4968 -78.5239 -48.9063 -31.4828 60.8321
13.4458 -23.6546 -78.2198 -49.1322 -31.6257 60.8273
13.1996 -23.8131 -77.9157 -49.359 -31.7693 60.8219
12.9522 -23.9723 -77.6116 -49.5867 -31.9134 60.8159
12.7037 -24.1322 -77.3075 -49.8154 -32.0581 60.8092
12.4541 -24.2929 -77.0035 -50.045 -32.2034 60.802
12.2033 -24.4543 -76.6995 -50.2757 -32.3493 60.7941
11.9513 -24.6164 -76.3955 -50.5073 -32.4959 60.7855
11.6982 -24.7792 -76.0916 -50.7399 -32.643 60.7763
11.4439 -24.9428 -75.7878 -50.9735 -32.7908 60.7665
11.1884 -25.1071 -75.484 -51.2081 -32.9392 60.756
10.9318 -25.2722 -75.1802 -51.4437 -33.0883 60.7447
10.674 -25.438 -74.8765 -51.6804 -33.238 60.7328
10.415 -25.6046 -74.5729 -51.9181 -33.3883 60.7202
10.1548 -25.7719 -74.2693 -52.1568 -33.5393 60.7069
9.89345 -25.94 -73.9658 -52.3966 -33.691 60.6929
9.63086 -26.1088 -73.6624 -52.6374 -33.8434 60.6781
9.36707 -26.2784 -73.359 -52.8793 -33.9964 60.6626
9.10207 -26.4488 -73.0557 -53.1223 -34.1501 60.6463
8.83585 -26.6199 -72.7526 -53.3664 -34.3046 60.6293
8.56841 -26.7918 -72.4495 -53.6116 -34.4597 60.6115
8.29973 -26.9645 -72.1464 -53.8578 -34.6155 60.593
8.02983 -27.138 -71.8435 -54.1052 -34.772 60.5736
7.75868 -27.3122 -71.5407 -54.3537 -34.9293 60.5535
7.48629 -27.4873 -71.238 -54.6034 -35.0873 60.5325
7.21265 -27.6631 -70.9354 -54.8542 -35.2461 60.5107
6.93775 -27.8397 -70.6329 -55.1061 -35.4055 60.4881
6.66159 -28.0171 -70.3305 -55.3592 -35.5658 60.4646
6.38416 -28.1954 -70.0282 -55.6135 -35.7268 60.4402
6.10545 -28.3744 -69.7261 -55.869 -35.8886 60.415
5.82547 -28.5543 -69.4241 -56.1256 -36.0511 60.389
5.54419 -28.7349 -69.1222 -56.3835 -36.2145 60.362
5.26163 -28.9164 -68.8205 -56.6426 -36.3786 60.3341
4.97777 -29.0987 -68.5189 -56.9029 -36.5436 60.3053
4.6926 -29.2818 -68.2174 -57.1644 -36.7094 60.2755
4.40612 -29.4658 -67.9161 -57.4272 -36.876 60.2449
4.11833 -29.6506 -67.615 -57.6913 -37.0434 60.2132
3.82921 -29.8362 -67.314 -57.9566 -37.2117 60.1806
3.53876 -30.0227 -67.0132 -58.2232 -37.3808 60.147
3.24698 -30.21 -66.7125 -58.4911 -37.5508 60.1124
2.95385 -30.3982 -66.412 -58.7603 -37.7216 60.0769
2.65938 -30.5873 -66.1117 -59.0308 -37.8933 60.0402
2.36354 -30.7772 -65.8116 -59.3027 -38.066 60.0026
2.06635 -30.9679 -65.5117 -59.5759 -38.2395 59.9639
1.76778 -31.1596 -65.212 -59.8504 -38.4139 59.9241
1.46784 -31.3521 -64.9125 -60.1263 -38.5893 59.8832
1.16652 -31.5454 -64.6132 -60.4036 -38.7656 59.8413
0.863808 -31.7397 -64.3141 -60.6823 -38.9428 59.7982
0.559699 -31.9349 -64.0152 -60.9623 -39.121 59.754
0.254185 -32.1309 -63.7165 -61.2438 -39.3001 59.7087
-0.0527397 -32.3279 -63.4181 -61.5267 -39.4802 59.6622
-0.361082 -32.5257 -63.1199 -61.8111 -39.6613 59.6145
-0.670851 -32.7245 -62.8219 -62.0969 -39.8434 59.5657
-0.982051 -32.9242 -62.5242 -62.3841 -40.0265 59.5156
-1.29469 -33.1248 -62.2268 -62.6729 -40.2106 59.4643
-1.60878 -33.3263 -61.9296 -62.9631 -40.3957 59.4118
-1.92432 -33.5287 -61.6327 -63.2549 -40.5818 59.358
-2.24133 -33.7321 -61.336 -63.5482 -40.7691 59.3029
-2.55981 -33.9364 -61.0396 -63.843 -40.9573 59.2466
-2.87976 -34.1417 -60.7435 -64.1393 -41.1467 59.1889
-3.2012 -34.3479 -60.4477 -64.4373 -41.3371 59.1299
-3.52413 -34.555 -60.1522 -64.7368 -41.5287 59.0695
-3.84857 -34.7632 -59.8571 -65.0379 -41.7213 59.0078
-4.17451 -34.9722 -59.5622 -65.3406 -41.9151 58.9447
-4.50197 -35.1823 -59.2676 -65.6449 -42.11 58.8802
-4.83096 -35.3933 -58.9734 -65.9509 -42.306 58.8142
-5.16148 -35.6054 -58.6795 -66.2586 -42.5032 58.7468
-5.49355 -35.8184 -58.3859 -66.5679 -42.7016 58.6779
-5.82716 -36.0324 -58.0927 -66.8789 -42.9011 58.6075
-6.16234 -36.2474 -57.7998 -67.1916 -43.1019 58.5356
-6.49908 -36.4634 -57.5073 -67.506 -43.3039 58.4622
-6.8374 -36.6804 -57.2152 -67.8222 -43.507 58.3872
-7.1773 -36.8985 -56.9235 -68.1401 -43.7115 58.3106
-7.5188 -37.1175 -56.6321 -68.4598 -43.9172 58.2324
-7.8619 -37.3376 -56.3411 -68.7813 -44.1241 58.1525
-8.20661 -37.5588 -56.0506 -69.1046 -44.3323 58.071
-8.55294 -37.781 -55.7604 -69.4297 -44.5419 57.9878
-8.90091 -38.0042 -55.4707 -69.7567 -44.7527 57.9029
-9.25051 -38.2285 -55.1814 -70.0855 -44.9649 57.8163
-9.60176 -38.4538 -54.8925 -70.4162 -45.1784 57.7279
-9.95467 -38.6803 -54.6041 -70.7489 -45.3932 57.6377
-10.3093 -38.9078 -54.3162 -71.0834 -45.6094 57.5457
-10.6655 -39.1364 -54.0287 -71.4199 -45.827 57.4518
-11.0235 -39.3661 -53.7416 -71.7584 -46.046 57.356
-11.3831 -39.5968 -53.4551 -72.0988 -46.2664 57.2584
-11.7444 -39.8287 -53.169 -72.4413 -46.4883 57.1588
-12.1075 -40.0617 -52.8835 -72.7857 -46.7116 57.0572
-12.4723 -40.2958 -52.5985 -73.1323 -46.9363 56.9536
-12.8388 -40.5311 -52.314 -73.4808 -47.1626 56.848
-13.2071 -40.7675 -52.03 -73.8315 -47.3903 56.7403
-13.5771 -41.005 -51.7466 -74.1843 -47.6195 56.6305
-13.949 -41.2437 -51.4637 -74.5392 -47.8503 56.5185
-14.3225 -41.4835 -51.1814 -74.8963 -48.0826 56.4044
-14.6979 -41.7245 -50.8996 -75.2556 -48.3165 56.2881
-15.0751 -41.9666 -50.6185 -75.617 -48.5519 56.1695
-15.4541 -42.21 -50.338 -75.9807 -48.789 56.0486
-15.8349 -42.4545 -50.058 -76.3467 -49.0276 55.9254
-16.2176 -42.7003 -49.7787 -76.7149 -49.2679 55.7998
-16.602 -42.9472 -49.5 -77.0854 -49.5099 55.6718
-16.9884 -43.1954 -49.222 -77.4583 -49.7535 55.5413
-17.3766 -43.4448 -48.9446 -77.8335 -49.9988 55.4084
-17.7667 -43.6954 -48.6679 -78.2111 -50.2459 55.2729
-18.1587 -43.9472 -48.3919 -78.5911 -50.4946 55.1348
-18.5527 -44.2003 -48.1165 -78.9735 -50.7451 54.994
-18.9485 -44.4547 -47.8419 -79.3584 -50.9974 54.8506
-19.3462 -44.7103 -47.568 -79.7458 -51.2515 54.7044
-19.7459 -44.9672 -47.2949 -80.1357 -51.5073 54.5555
-20.1476 -45.2254 -47.0225 -80.5281 -51.765 54.4037
-20.5512 -45.4848 -46.7508 -80.9231 -52.0246 54.249
-20.9568 -45.7456 -46.48 -81.3208 -52.286 54.0914
-21.3644 -46.0077 -46.2099 -81.721 -52.5493 53.9308
-21.774 -46.2711 -45.9407 -82.1239 -52.8146 53.7671
-22.1857 -46.5358 -45.6723 -82.5296 -53.0818 53.6003
-22.5993 -46.8019 -45.4047 -82.9379 -53.3509 53.4303
-23.015 -47.0693 -45.138 -83.349 -53.622 53.2571
-23.4328 -47.3381 -44.8721 -83.7629 -53.8951 53.0805
-23.8527 -47.6083 -44.6072 -84.1796 -54.1703 52.9006
-24.2746 -47.8798 -44.3431 -84.5991 -54.4475 52.7173
-24.6987 -48.1528 -44.08 -85.0215 -54.7268 52.5304
-25.1248 -48.4271 -43.8178 -85.4469 -55.0081 52.34
-25.5531 -48.7029 -43.5566 -85.8752 -55.2917 52.1459
-25.9836 -48.98 -43.2963 -86.3065 -55.5773 51.9482
-26.4162 -49.2586 -43.0371 -86.7408 -55.8652 51.7466
-26.851 -49.5387 -42.7789 -87.1782 -56.1552 51.5411
-27.288 -49.8202 -42.5217 -87.6187 -56.4475 51.3317
-27.7272 -50.1032 -42.2656 -88.0623 -56.742 51.1182
-28.1686 -50.3876 -42.0105 -88.5091 -57.0388 50.9006
-28.6123 -50.6735 -41.7566 -88.959 -57.3379 50.6788
-29.0582 -50.961 -41.5037 -89.4123 -57.6393 50.4527
-29.5064 -51.2499 -41.252 -89.8688 -57.9431 50.2222
-29.9569 -51.5404 -41.0015 -90.3286 -58.2493 49.9872
-30.4097 -51.8324 -40.7522 -90.7917 -58.558 49.7476
-30.8648 -52.126 -40.504 -91.2583 -58.869 49.5033
-31.3223 -52.4211 -40.2571 -91.7283 -59.1826 49.2543
-31.7821 -52.7178 -40.0115 -92.2018 -59.4986 49.0003
-32.2443 -53.0161 -39.7671 -92.6788 -59.8172 48.7413
-32.7089 -53.316 -39.5241 -93.1593 -60.1384 48.4773
-33.1759 -53.6175 -39.2823 -93.6435 -60.4621 48.2079
-33.6453 -53.9206 -39.042 -94.1313 -60.7885 47.9333
-34.1172 -54.2254 -38.803 -94.6228 -61.1175 47.6531
-34.5915 -54.5318 -38.5655 -95.118 -61.4493 47.3674
-35.0684 -54.8399 -38.3293 -95.6169 -61.7837 47.0759
-35.5477 -55.1496 -38.0947 -96.1197 -62.121 46.7786
-36.0296 -55.4611 -37.8615 -96.6264 -62.461 46.4753
-36.514 -55.7742 -37.6299 -97.1369 -62.8038 46.1658
-37.0009 -56.0891 -37.3999 -97.6514 -63.1495 45.8501
-37.4905 -56.4057 -37.1714 -98.1699 -63.4981 45.5279
-37.9826 -56.7241 -36.9446 -98.6924 -63.8496 45.1992
-38.4774 -57.0442 -36.7194 -99.219 -64.204 44.8637
-38.9748 -57.3661 -36.496 -99.7497 -64.5615 44.5212
-39.4749 -57.6898 -36.2742 -100.285 -64.9219 44.1717
-39.9777 -58.0154 -36.0543 -100.824 -65.2855 43.815
-40.4832 -58.3427 -35.8361 -101.367 -65.6521 43.4508
-40.9914 -58.6719 -35.6197 -101.915 -66.0219 43.079
-41.5023 -59.0029 -35.4053 -102.467 -66.3948 42.6994
-42.016 -59.3358 -35.1928 -103.023 -66.771 42.3118
-42.5325 -59.6706 -34.9822 -103.584 -67.1504 41.916
-43.0519 -60.0073 -34.7736 -104.149 -67.533 41.5118
-43.574 -60.346 -34.5671 -104.719 -67.919 41.0989
-44.0991 -60.6865 -34.3626 -105.294 -68.3083 40.6772
-44.627 -61.029 -34.1603 -105.873 -68.7011 40.2464
-45.1578 -61.3735 -33.9601 -106.456 -69.0972 39.8063
-45.6915 -61.72 -33.7622 -107.045 -69.4968 39.3566
-46.2282 -62.0685 -33.5666 -107.638 -69.8999 38.8971
-46.7679 -62.419 -33.3733 -108.236 -70.3065 38.4276
-47.3106 -62.7716 -33.1823 -108.839 -70.7167 37.9476
-47.8563 -63.1262 -32.9938 -109.447 -71.1305 37.4571
-48.4051 -63.4829 -32.8077 -110.059 -71.5479 36.9556
-48.9569 -63.8417 -32.6242 -110.677 -71.969 36.4429
-49.5118 -64.2026 -32.4433 -111.299 -72.3938 35.9187
-50.0699 -64.5656 -32.265 -111.927 -72.8224 35.3827
-50.6311 -64.9308 -32.0895 -112.56 -73.2547 34.8345
-51.1955 -65.2982 -31.9167 -113.197 -73.6908 34.2737
-51.7631 -65.6677 -31.7467 -113.84 -74.1308 33.7001
-52.3339 -66.0395 -31.5797 -114.488 -74.5746 33.1133
-52.908 -66.4135 -31.4156 -115.141 -75.0223 32.5129
-53.4853 -66.7897 -31.2546 -115.8 -75.4739 31.8985
-54.066 -67.1682 -31.0966 -116.463 -75.9294 31.2697
-54.65 -67.549 -30.9419 -117.132 -76.3889 30.6261
-55.2373 -67.9321 -30.7904 -117.806 -76.8524 29.9672
-55.828 -68.3175 -30.6422 -118.486 -77.3199 29.2926
-56.4222 -68.7053 -30.4974 -119.17 -77.7915 28.6019
-57.0197 -69.0954 -30.3562 -119.86 -78.267 27.8945
-57.6208 -69.488 -30.2185 -120.555 -78.7466 27.17
-58.2253 -69.8829 -30.0845 -121.256 -79.2303 26.4279
-58.8333 -70.2803 -29.9542 -121.961 -79.718 25.6676
-59.4449 -70.6801 -29.8278 -122.672 -80.2098 24.8885
-60.06 -71.0824 -29.7053 -123.388 -80.7056 24.0901
-60.6788 -71.4871 -29.5869 -124.109 -81.2055 23.2719
-61.3011 -71.8944 -29.4726 -124.835 -81.7094 22.4331
-61.9271 -72.3042 -29.3626 -125.566 -82.2173 21.5732
-62.5568 -72.7166 -29.2569 -126.302 -82.7292 20.6914
-63.1902 -73.1315 -29.1557 -127.043 -83.2451 19.7872
-63.8272 -73.549 -29.059 -127.789 -83.7648 18.8597
-64.4681 -73.9692 -28.9671 -128.539 -84.2885 17.9083
-65.1126 -74.3919 -28.8799 -129.294 -84.816 16.9323
-65.761 -74.8173 -28.7977 -130.053 -85.3472 15.9307
-66.4132 -75.2454 -28.7206 -130.817 -85.8821 14.9028
-67.0692 -75.6762 -28.6487 -131.585 -86.4206 13.8478
-67.729 -76.1096 -28.5821 -132.356 -86.9626 12.7647
-68.3927 -76.5458 -28.5211 -133.132 -87.508 11.6527
-69.0603 -76.9847 -28.4656 -133.91 -88.0566 10.5108
-69.7318 -77.4264 -28.416 -134.692 -88.6084 9.338
-70.4073 -77.8708 -28.3722 -135.477 -89.1631 8.13337
-71.0866 -78.318 -28.3346 -136.265 -89.7207 6.89581
-71.7699 -78.768 -28.3033 -137.054 -90.2808 5.62425
-72.4572 -79.2208 -28.2784 -137.846 -90.8434 4.31756
-73.1484 -79.6764 -28.2601 -138.639 -91.4081 2.97459
-73.8436 -80.1349 -28.2487 -139.433 -91.9747 1.59414
-74.5427 -80.5962 -28.2442 -140.228 -92.5429 0.174968
-75.2459 -81.0603 -28.2469 -141.023 -93.1124 -1.2842
-75.953 -81.5273 -28.257 -141.817 -93.6829 -2.7847
-76.664 -81.9972 -28.2748 -142.61 -94.254 -4.32787
-77.3791 -82.4699 -28.3003 -143.401 -94.8252 -5.91514
-78.098 -82.9454 -28.3339 -144.19 -95.3962 -7.54793
-78.821 -83.4238 -28.3758 -144.975 -95.9663 -9.22775
-79.5478 -83.9051 -28.4262 -145.756 -96.5352 -10.9561
-80.2785 -84.3892 -28.4854 -146.531 -97.1022 -12.7346
-81.0131 -84.8761 -28.5536 -147.3 -97.6666 -14.5648
-81.7515 -85.3658 -28.631 -148.062 -98.2278 -16.4484
-82.4937 -85.8584 -28.7181 -148.815 -98.785 -18.3871
-83.2397 -86.3537 -28.8149 -149.558 -99.3374 -20.3825
-83.9893 -86.8518 -28.9219 -150.289 -99.8841 -22.4365
-84.7426 -87.3525 -29.0393 -151.008 -100.424 -24.5508
-85.4994 -87.856 -29.1674 -151.711 -100.957 -26.7271
-86.2597 -88.3621 -29.3066 -152.399 -101.48 -28.9674
-87.0234 -88.8708 -29.4571 -153.068 -101.994 -31.2734
-87.7904 -89.3821 -29.6193 -153.717 -102.496 -33.6469
-88.5606 -89.8958 -29.7936 -154.343 -102.985 -36.0898
-89.3338 -90.4119 -29.9802 -154.944 -103.46 -38.6039
-90.11 -90.9304 -30.1796 -155.517 -103.919 -41.1909
-90.889 -91.4511 -30.3922 -156.06 -104.361 -43.8526
-91.6706 -91.974 -30.6182 -156.57 -104.783 -46.5906
-92.4547 -92.4989 -30.8581 -157.044 -105.183 -49.4066
-93.2411 -93.0258 -31.1123 -157.477 -105.56 -52.3019
-94.0295 -93.5545 -31.3811 -157.868 -105.91 -55.278
-94.8197 -94.0849 -31.6651 -158.211 -106.232 -58.3362
-95.6116 -94.6169 -31.9645 -158.503 -106.523 -61.4775
-96.4048 -95.1502 -32.2798 -158.74 -106.78 -64.7027
-97.199 -95.6847 -32.6115 -158.917 -106.999 -68.0125
-97.9939 -96.2201 -32.96 -159.03 -107.179 -71.4072
-98.7893 -96.7564 -33.3256 -159.073 -107.316 -74.8869
-99.5847 -97.2933 -33.7089 -159.042 -107.406 -78.4513
-100.38 -97.8305 -34.1102 -158.93 -107.446 -82.0996
-101.174 -98.3678 -34.5299 -158.733 -107.431 -85.8308
-101.967 -98.9048 -34.9685 -158.445 -107.359 -89.6432
-102.758 -99.4414 -35.4264 -158.06 -107.225 -93.5346
-103.548 -99.9771 -35.9039 -157.571 -107.025 -97.5022
-104.334 -100.512 -36.4014 -156.972 -106.755 -101.543
-105.117 -101.045 -36.9193 -156.258 -106.411 -105.652
-105.897 -101.576 -37.458 -155.422 -105.987 -109.825
-106.672 -102.104 -38.0176 -154.458 -105.481 -114.056
-107.441 -102.631 -38.5985 -153.361 -104.888 -118.338
-108.205 -103.153 -39.201 -152.123 -104.204 -122.665
-108.962 -103.673 -39.8252 -150.74 -103.425 -127.028
-109.713 -104.188 -40.4713 -149.207 -102.547 -131.418
-110.455 -104.698 -41.1394 -147.519 -101.567 -135.825
-111.188 -105.203 -41.8296 -145.672 -100.482 -140.237
-111.911 -105.703 -42.5418 -143.662 -99.2896 -144.644
-112.624 -106.196 -43.276 -141.488 -97.9872 -149.033
-113.326 -106.683 -44.0322 -139.147 -96.5735 -153.39
-114.016 -107.162 -44.81 -136.638 -95.0477 -157.701
-114.692 -107.633 -45.6092 -133.963 -93.4096 -161.953
-115.355 -108.096 -46.4295 -131.123 -91.6596 -166.131
-116.004 -108.55 -47.2705 -128.12 -89.7992 -170.219
-116.637 -108.994 -48.1317 -124.959 -87.8305 -174.204
-117.253 -109.428 -49.0125 -121.644 -85.7566 -178.069
-117.853 -109.851 -49.9124 -118.182 -83.5813 -181.802
-118.435 -110.264 -50.8306 -114.581 -81.3092 -185.388
-118.999 -110.665 -51.7663 -110.851 -78.946 -188.814
-119.543 -111.053 -52.7187 -106.999 -76.4977 -192.069
-120.069 -111.429 -53.687 -103.039 -73.9713 -195.14
-120.574 -111.793 -54.6701 -98.9816 -71.3743 -198.02
-121.059 -112.143 -55.6672 -94.839 -68.7148 -200.699
-121.522 -112.48 -56.6771 -90.6246 -66.0011 -203.17
-121.965 -112.803 -57.6988 -86.3517 -63.242 -205.428
-122.386 -113.112 -58.7313 -82.0339 -60.4464 -207.471
-122.785 -113.408 -59.7735 -77.685 -57.6231 -209.294
-123.163 -113.689 -60.8243 -73.3182 -54.7812 -210.899
-123.518 -113.955 -61.8825 -68.9469 -51.9294 -212.287
-123.852 -114.208 -62.9471 -64.5837 -49.0762 -213.459
-124.164 -114.446 -64.0171 -60.2407 -46.2296 -214.419
-124.454 -114.67 -65.0913 -55.9294 -43.3976 -215.174
-124.723 -114.88 -66.1688 -51.6605 -40.5873 -215.727
-124.971 -115.076 -67.2485 -47.4438 -37.8054 -216.088
-125.198 -115.258 -68.3296 -43.2881 -35.0582 -216.263
-125.404 -115.427 -69.4112 -39.2016 -32.3512 -216.261
-125.59 -115.582 -70.4922 -35.1913 -29.6894 -216.09
-125.756 -115.724 -71.572 -31.2633 -27.0771 -215.761
-125.902 -115.853 -72.6498 -27.4229 -24.5182 -215.283
-126.03 -115.969 -73.7249 -23.6745 -22.0158 -214.665
-126.139 -116.073 -74.7965 -20.0216 -19.5727 -213.917
-126.23 -116.165 -75.864 -16.467 -17.191 -213.048
-126.304 -116.245 -76.9269 -13.0127 -14.8722 -212.068
-126.36 -116.313 -77.9847 -9.66007 -12.6178 -210.986
-126.401 -116.371 -79.0368 -6.40991 -10.4284 -209.811
-126.425 -116.418 -80.0828 -3.26241 -8.30442 -208.552
-126.433 -116.454 -81.1223 -0.217297 -6.24607 -207.216
-126.427 -116.48 -82.1549 2.72616 -4.25311 -205.811
-126.406 -116.496 -83.1804 5.56904 -2.32507 -204.345
-126.371 -116.503 -84.1984 8.31277 -0.461265 -202.825
-126.323 -116.501 -85.2086 10.9591 1.33918 -201.257
-126.262 -116.49 -86.211 13.5098 3.07731 -199.648
-126.188 -116.47 -87.2051 15.9672 4.75431 -198.002
-126.102 -116.442 -88.191 18.3335 6.37145 -196.326
-126.004 -116.407 -89.1684 20.6112 7.93013 -194.624
-125.896 -116.363 -90.1372 22.8026 9.43178 -192.901
-125.776 -116.312 -91.0974 24.9105 10.8779 -191.161
-125.647 -116.254 -92.0488 26.9373 12.27 -189.408
-125.507 -116.19 -92.9915 28.8859 13.6096 -187.646
-125.358 -116.118 -93.9253 30.7587 14.8982 -185.877
-125.199 -116.041 -94.8503 32.5585 16.1375 -184.105
-125.032 -115.957 -95.7663 34.2878 17.3288 -182.332
-124.857 -115.867 -96.6736 35.9493 18.4737 -180.56
-124.673 -115.772 -97.572 37.5454 19.5737 -178.793
-124.481 -115.672 -98.4615 39.0786 20.63 -177.031
-124.282 -115.566 -99.3423 40.5513 21.6442 -175.277
-124.076 -115.455 -100.214 41.9658 22.6176 -173.532
-123.862 -115.34 -101.078 43.3244 23.5514 -171.796
-123.642 -115.22 -101.932 44.6292 24.447 -170.073
-123.416 -115.095 -102.778 45.8823 25.3056 -168.361
-123.184 -114.967 -103.616 47.0856 26.1284 -166.663
-122.945 -114.834 -104.445 48.241 26.9167 -164.978
-122.701 -114.697 -105.266 49.3502 27.6718 -163.308
-122.452 -114.557 -106.078 50.4148 28.3949 -161.652
-122.197 -114.413 -106.882 51.4366 29.0873 -160.011
-121.937 -114.266 -107.678 52.4169 29.7505 -158.385
-121.673 -114.116 -108.466 53.3572 30.3856 -156.774
-121.404 -113.963 -109.246 54.2589 30.9941 -155.179
-121.13 -113.806 -110.018 55.1234 31.5774 -153.599
-120.853 -113.647 -110.782 55.9519 32.1367 -152.035
-120.571 -113.485 -111.538 56.7459 32.6734 -150.488
-120.285 -113.32 -112.287 57.5066 33.1886 -148.956
-119.996 -113.153 -113.028 58.2352 33.6836 -147.441
-119.703 -112.983 -113.761 58.933 34.1595 -145.942
-119.406 -112.811 -114.487 59.6013 34.6171 -144.46
-119.107 -112.637 -115.206 60.2413 35.0575 -142.995
-118.804 -112.461 -115.917 60.8542 35.4814 -141.547
-118.498 -112.282 -116.621 61.4409 35.8897 -140.116
-118.19 -112.102 -117.318 62.0028 36.283 -138.703
-117.878 -111.919 -118.008 62.5407 36.6619 -137.306
-117.564 -111.735 -118.691 63.0558 37.027 -135.927
-117.248 -111.549 -119.368 63.5489 37.3789 -134.564
-116.929 -111.361 -120.037 64.0211 37.7181 -133.219
-116.607 -111.172 -120.7 64.473 38.045 -131.891
-116.284 -110.981 -121.356 64.9057 38.3601 -130.58
-115.958 -110.788 -122.006 65.3198 38.6639 -129.285
-115.631 -110.594 -122.649 65.7161 38.9566 -128.007
-115.301 -110.399 -123.286 66.0954 39.2387 -126.745
-114.97 -110.202 -123.916 66.4583 39.5106 -125.5
-114.637 -110.004 -124.541 66.8054 39.7726 -124.27
-114.302 -109.804 -125.159 67.1375 40.0251 -123.056
-113.965 -109.603 -125.771 67.455 40.2683 -121.858
-113.627 -109.401 -126.378 67.7585 40.5027 -120.675
-113.288 -109.198 -126.978 68.0486 40.7284 -119.508
-112.947 -108.994 -127.573 68.3258 40.9459 -118.355
-112.604 -108.789 -128.162 68.5906 41.1553 -117.217
-112.261 -108.583 -128.745 68.8434 41.3569 -116.093
-111.916 -108.375 -129.322 69.0847 41.551 -114.984
-111.57 -108.167 -129.895 69.3149 41.7379 -113.888
-111.223 -107.958 -130.461 69.5345 41.9178 -112.807
-110.875 -107.748 -131.023 69.7437 42.091 -111.739
-110.525 -107.537 -131.579 69.9431 42.2576 -110.684
-110.175 -107.325 -132.13 70.1329 42.4179 -109.642
-109.824 -107.113 -132.675 70.3135 42.5721 -108.613
-109.472 -106.9 -133.216 70.4852 42.7204 -107.597
-109.119 -106.686 -133.751 70.6484 42.863 -106.594
-108.766 -106.471 -134.282 70.8033 43.0001 -105.603
-108.411 -106.256 -134.807 70.9502 43.1319 -104.623
-108.056 -106.04 -135.328 71.0895 43.2586 -103.656
-107.7 -105.823 -135.844 71.2213 43.3803 -102.7
-107.344 -105.606 -136.355 71.346 43.4972 -101.756
-106.987 -105.388 -136.861 71.4638 43.6094 -100.823
-106.629 -105.17 -137.363 71.5749 43.7172 -99.9004
-106.271 -104.951 -137.86 71.6795 43.8206 -98.9892
-105.912 -104.732 -138.353 71.7779 43.9199 -98.0886
-105.553 -104.512 -138.841 71.8703 44.0151 -97.1985
-105.194 -104.291 -139.325 71.9569 44.1064 -96.3186
-104.834 -104.071 -139.804 72.0379 44.194 -95.4489
-104.473 -103.849 -140.279 72.1135 44.2779 -94.5891
-104.113 -103.628 -140.75 72.1838 44.3583 -93.7391
-103.752 -103.406 -141.217 72.249 44.4352 -92.8987
-103.39 -103.184 -141.679 72.3093 44.509 -92.0677
-103.028 -102.961 -142.138 72.3649 44.5795 -91.246
-102.666 -102.738 -142.592 72.4159 44.647 -90.4333
-102.304 -102.514 -143.042 72.4624 44.7115 -89.6296
-101.942 -102.291 -143.488 72.5046 44.7732 -88.8347
-101.579 -102.067 -143.93 72.5426 44.8321 -88.0484
-101.216 -101.842 -144.368 72.5767 44.8884 -87.2706
-100.853 -101.618 -144.803 72.6068 44.9421 -86.5011
-100.49 -101.393 -145.234 72.6331 44.9933 -85.7398
-100.127 -101.168 -145.66 72.6558 45.0422 -84.9866
-99.7638 -100.942 -146.083 72.6749 45.0888 -84.2412
-99.4004 -100.717 -146.503 72.6905 45.1333 -83.5036
-99.0369 -100.491 -146.918 72.7029 45.1755 -82.7735
-98.6733 -100.265 -147.33 72.7119 45.2158 -82.051
-98.3098 -100.039 -147.739 72.7179 45.2541 -81.3358
-97.9462 -99.8126 -148.144 72.7208 45.2906 -80.6278
-97.5826 -99.586 -148.545 72.7207 45.3252 -79.9269
-97.219 -99.3593 -148.943 72.7177 45.3581 -79.2329
-96.8554 -99.1325 -149.338 72.712 45.3894 -78.5458
-96.4918 -98.9054 -149.729 72.7035 45.419 -77.8653
-96.1283 -98.6783 -150.116 72.6924 45.4472 -77.1914
-95.7649 -98.451 -150.5 72.6787 45.4739 -76.5239
-95.4016 -98.2235 -150.881 72.6625 45.4992 -75.8627
-95.0383 -97.996 -151.259 72.6439 45.5232 -75.2077
-94.6751 -97.7683 -151.634 72.6228 45.5459 -74.5587
-94.3121 -97.5405 -152.005 72.5995 45.5675 -73.9157
-93.9491 -97.3126 -152.373 72.5738 45.5879 -73.2785
-93.5863 -97.0846 -152.737 72.5459 45.6072 -72.647
-93.2237 -96.8565 -153.099 72.5159 45.6254 -72.021
-92.8612 -96.6284 -153.458 72.4837 45.6427 -71.4004
-92.4988 -96.4001 -153.813 72.4494 45.659 -70.7852
-92.1367 -96.1718 -154.166 72.413 45.6744 -70.1751
-91.7747 -95.9434 -154.515 72.3746 45.6889 -69.5701
-91.4129 -95.7149 -154.861 72.3342 45.7026 -68.97
-91.0514 -95.4863 -155.205 72.2918 45.7155 -68.3748
-90.69 -95.2577 -155.545 72.2474 45.7276 -67.7842
-90.3289 -95.0291 -155.882 72.2011 45.7389 -67.1982
-89.968 -94.8003 -156.217 72.1529 45.7494 -66.6167
-89.6074 -94.5716 -156.549 72.1027 45.7592 -66.0395
-89.247 -94.3428 -156.877 72.0507 45.7681 -65.4665
-88.8868 -94.1139 -157.203 71.9968 45.7763 -64.8977
-88.527 -93.885 -157.526 71.941 45.7837 -64.3328
-88.1674 -93.6561 -157.847 71.8833 45.7902 -63.7719
-87.8082 -93.4271 -158.164 71.8238 45.7958 -63.2148
-87.4492 -93.1981 -158.479 71.7625 45.8004 -62.6614
-87.0905 -92.9691 -158.791 71.6994 45.8041 -62.1117
-86.7322 -92.7401 -159.1 71.6345 45.8066 -61.5656
-86.3742 -92.511 -159.406 71.5678 45.808 -61.0231
-86.0165 -92.282 -159.71 71.4994 45.8082 -60.4841
-85.6592 -92.0529 -160.011 71.4293 45.807 -59.9487
-85.3022 -91.8239 -160.31 71.3575 45.8045 -59.4167
-84.9456 -91.5949 -160.605 71.2842 45.8005 -58.8883
-84.5894 -91.3659 -160.898 71.2093 45.7949 -58.3634
-84.2335 -91.1369 -161.189 71.1331 45.7877 -57.8421
-83.8781 -90.908 -161.477 71.0554 45.7789 -57.3244
-83.523 -90.6791 -161.762 70.9765 45.7683 -56.8103
-83.1683 -90.4503 -162.045 70.8964 45.756 -56.3
-82.814 -90.2216 -162.325 70.8152 45.742 -55.7936
-82.4602 -89.9929 -162.603 70.7331 45.7262 -55.2909
-82.1067 -89.7643 -162.878 70.65 45.7086 -54.7923
-81.7536 -89.5358 -163.151 70.5662 45.6894 -54.2976
-81.401 -89.3074 -163.421 70.4818 45.6685 -53.8069
-81.0488 -89.0791 -163.689 70.3967 45.646 -53.3204
-80.6971 -88.851 -163.954 70.3111 45.622 -52.838
-80.3457 -88.6229 -164.217 70.2252 45.5966 -52.3598
-79.9948 -88.395 -164.478 70.1389 45.5699 -51.8857
-79.6443 -88.1672 -164.736 70.0524 45.5419 -51.4158
-79.2943 -87.9396 -164.992 69.9657 45.5128 -50.9501
-78.9447 -87.7121 -165.246 69.8788 45.4827 -50.4886
-78.5955 -87.4848 -165.497 69.7919 45.4517 -50.0312
-78.2468 -87.2576 -165.746 69.705 45.4198 -49.5779
-77.8984 -87.0306 -165.993 69.618 45.3873 -49.1286
-77.5506 -86.8037 -166.237 69.5311 45.3541 -48.6834
-77.2031 -86.577 -166.48 69.4443 45.3205 -48.2421
-76.8561 -86.3505 -166.72 69.3576 45.2864 -47.8047
-76.5096 -86.1242 -166.958 69.2709 45.252 -47.3712
-76.1634 -85.898 -167.193 69.1844 45.2173 -46.9414
-75.8177 -85.672 -167.427 69.098 45.1825 -46.5153
-75.4724 -85.4462 -167.659 69.0118 45.1477 -46.0929
-75.1276 -85.2205 -167.888 68.9258 45.1128 -45.6741
-74.7832 -84.995 -168.115 68.8399 45.0781 -45.2587
-74.4392 -84.7697 -168.341 68.7542 45.0435 -44.8468
-74.0956 -84.5446 -168.564 68.6687 45.0092 -44.4382
-73.7525 -84.3196 -168.785 68.5833 44.9752 -44.0329
-73.4098 -84.0948 -169.004 68.4982 44.9416 -43.6309
-73.0675 -83.8702 -169.221 68.4132 44.9085 -43.232
-72.7257 -83.6458 -169.436 68.3284 44.8759 -42.8362
-72.3842 -83.4215 -169.65 68.2439 44.844 -42.4435
-72.0432 -83.1973 -169.861 68.1595 44.8129 -42.0536
-71.7026 -82.9733 -170.07 68.0753 44.7825 -41.6667
-71.3625 -82.7495 -170.278 67.9913 44.7531 -41.2826
-71.0227 -82.5258 -170.483 67.9075 44.7247 -40.9013
-70.6834 -82.3022 -170.687 67.8239 44.6975 -40.5227
-70.3445 -82.0788 -170.888 67.7404 44.6715 -40.1467
-70.006 -81.8555 -171.088 67.657 44.6469 -39.7732
-69.6679 -81.6323 -171.286 67.5738 44.6239 -39.4023
-69.3303 -81.4093 -171.482 67.4906 44.6025 -39.0337
-68.993 -81.1863 -171.676 67.4075 44.5829 -38.6675
-68.6562 -80.9635 -171.869 67.3244 44.5653 -38.3036
-68.3198 -80.7407 -172.059 67.2412 44.55 -37.9418
-67.9838 -80.5179 -172.248 67.1578 44.537 -37.582
-67.6482 -80.2953 -172.435 67.0742 44.5266 -37.2243
-67.313 -80.0727 -172.62 66.9902 44.519 -36.8684
-66.9783 -79.8501 -172.804 66.9056 44.5144 -36.5143
-66.644 -79.6275 -172.985 66.8203 44.5132 -36.1618
-66.3101 -79.405 -173.165 66.734 44.5155 -35.8108
-65.9766 -79.1824 -173.344 66.6464 44.5216 -35.4612
-65.6436 -78.9597 -173.52 66.5573 44.5317 -35.1128
-65.3111 -78.737 -173.695 66.4662 44.546 -34.7654
-64.979 -78.5143 -173.868 66.3727 44.5647 -34.4188
-64.6473 -78.2914 -174.039 66.2763 44.5879 -34.0729
-64.3162 -78.0684 -174.208 66.1763 44.6157 -33.7275
-63.9856 -77.8452 -174.376 66.0722 44.648 -33.3823
-63.6555 -77.6219 -174.542 65.9633 44.6845 -33.0372
-63.3259 -77.3984 -174.707 65.8488 44.725 -32.6921
-62.997 -77.1746 -174.869 65.7281 44.7688 -32.3467
-62.6687 -76.9507 -175.03 65.6006 44.8152 -32.0011
-62.341 -76.7265 -175.189 65.4657 44.8633 -31.6552
-62.014 -76.502 -175.347 65.3232 44.9119 -31.3091
-61.6878 -76.2774 -175.502 65.1728 44.9596 -30.963
-61.3623 -76.0524 -175.656 65.0148 45.0051 -30.617
-61.0377 -75.8273 -175.808 64.8496 45.0471 -30.2715
-60.7138 -75.602 -175.959 64.678 45.0841 -29.9269
-60.3909 -75.3765 -176.108 64.5008 45.1151 -29.5836
-60.0688 -75.1508 -176.255 64.3193 45.1391 -29.242
-59.7477 -74.9251 -176.4 64.1348 45.1556 -28.9026
-59.4275 -74.6993 -176.544 63.9486 45.1641 -28.5658
-59.1082 -74.4735 -176.686 63.7619 45.1648 -28.2318
-58.7899 -74.2476 -176.826 63.5757 45.1577 -27.901
-58.4725 -74.0219 -176.965 63.3912 45.1434 -27.5734
-58.156 -73.7962 -177.102 63.2091 45.1222 -27.2493
-57.8404 -73.5707 -177.237 63.0299 45.0949 -26.9286
-57.5257 -73.3453 -177.371 62.8541 45.0621 -26.6113
-57.2118 -73.1201 -177.503 62.6821 45.0245 -26.2975
-56.8988 -72.895 -177.634 62.5138 44.9826 -25.987
-56.5867 -72.6702 -177.763 62.3494 44.9371 -25.6797
-56.2753 -72.4457 -177.891 62.1889 44.8884 -25.3756
-55.9648 -72.2214 -178.017 62.0321 44.8372 -25.0744
-55.655 -71.9973 -178.142 61.8789 44.7837 -24.7761
-55.346 -71.7735 -178.265 61.7291 44.7284 -24.4805
-55.0377 -71.55 -178.386 61.5827 44.6715 -24.1876
-54.7302 -71.3268 -178.507 61.4392 44.6134 -23.8973
-54.4233 -71.1039 -178.625 61.2987 44.5542 -23.6093
-54.1172 -70.8813 -178.743 61.1609 44.4942 -23.3237
-53.8117 -70.6589 -178.859 61.0256 44.4335 -23.0403
-53.5069 -70.4369 -178.973 60.8926 44.3722 -22.7591
-53.2028 -70.2152 -179.086 60.7618 44.3105 -22.4799
-52.8993 -69.9938 -179.198 60.6331 44.2485 -22.2028
-52.5964 -69.7727 -179.308 60.5062 44.1862 -21.9276
-52.2942 -69.552 -179.417 60.3811 44.1237 -21.6542
-51.9926 -69.3315 -179.525 60.2576 44.0611 -21.3827
-51.6916 -69.1114 -179.631 60.1356 43.9984 -21.1129
-51.3913 -68.8915 -179.736 60.0151 43.9357 -20.8449
-51.0915 -68.672 -179.84 59.8958 43.8729 -20.5785
-50.7923 -68.4528 -179.942 59.7778 43.8102 -20.3138
-50.4937 -68.2339 -180.043 59.6609 43.7475 -20.0506
-50.1957 -68.0153 -180.142 59.5451 43.6848 -19.789
-49.8983 -67.797 -180.241 59.4303 43.6222 -19.5289
-49.6014 -67.5791 -180.338 59.3165 43.5597 -19.2704
-49.3051 -67.3615 -180.433 59.2035 43.4972 -19.0132
-49.0094 -67.1441 -180.528 59.0914 43.4349 -18.7575
-48.7142 -66.9271 -180.621 58.98 43.3727 -18.5032
-48.4195 -66.7104 -180.713 58.8694 43.3106 -18.2503
-48.1255 -66.494 -180.803 58.7594 43.2485 -17.9988
-47.832 -66.2779 -180.893 58.6502 43.1867 -17.7485
-47.539 -66.0621 -180.981 58.5415 43.1249 -17.4996
-47.2465 -65.8467 -181.068 58.4334 43.0632 -17.252
-46.9546 -65.6315 -181.153 58.3259 43.0017 -17.0056
-46.6633 -65.4166 -181.238 58.2189 42.9403 -16.7605
-46.3724 -65.2021 -181.321 58.1124 42.879 -16.5166
-46.0822 -64.9879 -181.403 58.0064 42.8178 -16.274
-45.7924 -64.7739 -181.484 57.9008 42.7568 -16.0325
-45.5031 -64.5603 -181.563 57.7957 42.6959 -15.7922
-45.2144 -64.347 -181.642 57.691 42.6351 -15.5531
-44.9262 -64.1339 -181.719 57.5867 42.5745 -15.3151
-44.6386 -63.9212 -181.795 57.4827 42.5139 -15.0783
-44.3514 -63.7088 -181.87 57.3792 42.4535 -14.8425
-44.0648 -63.4967 -181.943 57.276 42.3933 -14.6079
-43.7786 -63.2849 -182.016 57.1731 42.3332 -14.3744
-43.493 -63.0733 -182.087 57.0706 42.2732 -14.1419
-43.2079 -62.8621 -182.157 56.9683 42.2133 -13.9106
-42.9234 -62.6512 -182.226 56.8664 42.1536 -13.6802
-42.6393 -62.4406 -182.294 56.7648 42.094 -13.4509
-42.3557 -62.2303 -182.361 56.6635 42.0345 -13.2227
-42.0726 -62.0202 -182.426 56.5624 41.9752 -12.9954
-41.7901 -61.8105 -182.491 56.4616 41.916 -12.7692
-41.508 -61.6011 -182.554 56.3611 41.857 -12.5439
-41.2265 -61.3919 -182.616 56.2608 41.7981 -12.3196
-40.9454 -61.1831 -182.677 56.1608 41.7393 -12.0963
-40.6649 -60.9746 -182.737 56.061 41.6808 -11.8739
-40.3848 -60.7663 -182.796 55.9615 41.6223 -11.6525
-40.1052 -60.5583 -182.853 55.8622 41.564 -11.432
-39.8262 -60.3507 -182.91 55.7631 41.5059 -11.2124
-39.5476 -60.1433 -182.966 55.6643 41.4479 -10.9938
-39.2695 -59.9362 -183.02 55.5656 41.3901 -10.776
-38.992 -59.7294 -183.073 55.4672 41.3325 -10.5591
-38.7149 -59.5228 -183.126 55.369 41.2751 -10.3431
-38.4383 -59.3166 -183.177 55.271 41.2178 -10.128
-38.1622 -59.1107 -183.227 55.1732 41.1607 -9.91373
-37.8865 -58.905 -183.276 55.0756 41.1038 -9.7003
-37.6114 -58.6996 -183.324 54.9782 41.0471 -9.48769
-37.3367 -58.4945 -183.371 54.881 40.9906 -9.27591
-37.0626 -58.2897 -183.417 54.784 40.9343 -9.06494
-36.7889 -58.0852 -183.461 54.6871 40.8782 -8.85477
-36.5157 -57.8809 -183.505 54.5905 40.8223 -8.64539
-36.243 -57.677 -183.548 54.494 40.7667 -8.43678
-35.9708 -57.4733 -183.59 54.3978 40.7113 -8.22894
-35.699 -57.2699 -183.63 54.3017 40.6561 -8.02185
-35.4278 -57.0667 -183.67 54.2057 40.6012 -7.81551
-35.157 -56.8638 -183.708 54.11 40.5466 -7.60989
-34.8867 -56.6612 -183.746 54.0144 40.4922 -7.405
-34.6168 -56.4589 -183.782 53.919 40.4381 -7.20081
-34.3475 -56.2569 -183.818 53.8237 40.3844 -6.99731
-34.0786 -56.0551 -183.852 53.7286 40.3309 -6.7945
-33.8102 -55.8536 -183.886 53.6337 40.2777 -6.59235
-33.5422 -55.6523 -183.918 53.5389 40.2249 -6.39086
-33.2748 -55.4513 -183.95 53.4443 40.1724 -6.19001
-33.0078 -55.2506 -183.98 53.3498 40.1203 -5.98979
-32.7413 -55.0501 -184.01 53.2555 40.0686 -5.79018
-32.4752 -54.8499 -184.038 53.1613 40.0172 -5.59117
-32.2097 -54.6499 -184.066 53.0672 39.9663 -5.39275
-31.9446 -54.4502 -184.092 52.9733 39.9158 -5.19489
-31.6799 -54.2508 -184.117 52.8795 39.8658 -4.99759
-31.4158 -54.0516 -184.142 52.7858 39.8162 -4.80082
-31.1521 -53.8526 -184.165 52.6922 39.7671 -4.60458
-30.8889 -53.6539 -184.188 52.5987 39.7186 -4.40883
-30.6261 -53.4554 -184.21 52.5052 39.6705 -4.21357
-30.3638 -53.2572 -184.23 52.4119 39.6231 -4.01877
-30.102 -53.0592 -184.25 52.3186 39.5762 -3.82441
-29.8406 -52.8614 -184.268 52.2253 39.53 -3.63048
-29.5797 -52.6639 -184.286 52.1321 39.4844 -3.43695
-29.3193 -52.4666 -184.303 52.0388 39.4395 -3.24381
-29.0593 -52.2695 -184.319 51.9456 39.3953 -3.05102
-28.7998 -52.0726 -184.333 51.8523 39.3519 -2.85856
-28.5408 -51.876 -184.347 51.7589 39.3092 -2.66642
-28.2823 -51.6795 -184.36 51.6655 39.2674 -2.47456
-28.0242 -51.4833 -184.372 51.5719 39.2264 -2.28296
-27.7665 -51.2873 -184.383 51.4781 39.1863 -2.0916
-27.5094 -51.0914 -184.393 51.3842 39.1471 -1.90044
-27.2527 -50.8958 -184.402 51.2899 39.1089 -1.70945
-26.9965 -50.7003 -184.41 51.1954 39.0717 -1.51862
-26.7407 -50.5051 -184.417 51.1005 39.0355 -1.32791
-26.4855 -50.31 -184.423 51.0051 39.0004 -1.13729
-26.2307 -50.1151 -184.428 50.9093 38.9664 -0.946733
-25.9764 -49.9203 -184.433 50.8129 38.9336 -0.756215
-25.7226 -49.7257 -184.436 50.7158 38.9019 -0.565707
-25.4692 -49.5313 -184.438 50.6179 38.8714 -0.375184
-25.2164 -49.337 -184.44 50.5192 38.8421 -0.184623
-24.964 -49.1429 -184.44 50.4196 38.8141 0.00599491
-24.7122 -48.9489 -184.44 50.3188 38.7873 0.196687
-24.4608 -48.755 -184.438 50.2169 38.7616 0.387466
-24.21 -48.5613 -184.436 50.1136 38.7372 0.578337
-23.9597 -48.3676 -184.432 50.0089 38.7139 0.769301
-23.7099 -48.1741 -184.428 49.9027 38.6917 0.960352
-23.4607 -47.9807 -184.423 49.7947 38.6705 1.15147
-23.212 -47.7874 -184.417 49.6848 38.6502 1.34264
-22.9638 -47.5942 -184.409 49.573 38.6308 1.53381
-22.7163 -47.4011 -184.401 49.4591 38.6121 1.72495
-22.4693 -47.2081 -184.392 49.343 38.5939 1.91599
-22.2228 -47.0152 -184.382 49.2246 38.576 2.10686
-21.977 -46.8223 -184.371 49.1039 38.5583 2.29749
-21.7318 -46.6296 -184.359 48.9808 38.5406 2.48777
-21.4872 -46.4369 -184.346 48.8552 38.5226 2.67761
-21.2433 -46.2443 -184.332 48.7274 38.5041 2.86689
-20.9999 -46.0519 -184.317 48.5972 38.4848 3.0555
-20.7573 -45.8595 -184.302 48.4648 38.4645 3.24332
-20.5153 -45.6672 -184.285 48.3303 38.443 3.43022
-20.274 -45.4751 -184.267 48.1938 38.42 3.6161
-20.0334 -45.283 -184.249 48.0557 38.3954 3.80083
-19.7934 -45.0911 -184.229 47.916 38.369 3.98432
-19.5542 -44.8993 -184.209 47.7751 38.3406 4.16647
-19.3157 -44.7077 -184.188 47.6332 38.3102 4.34721
-19.0779 -44.5162 -184.166 47.4905 38.2775 4.52647
-18.8408 -44.3249 -184.142 47.3474 38.2427 4.7042
-18.6044 -44.1338 -184.119 47.204 38.2056 4.88038
-18.3687 -43.9429 -184.094 47.0606 38.1663 5.05498
