100 0 0 0 0 -49
99.9998 -7.8417e-05 -0.245077 -0.0720636 -0.0313934 -49.0309
99.9993 -0.000313916 -0.490309 -0.144226 -0.0628327 -49.0618
99.9984 -0.000706725 -0.735695 -0.216488 -0.0943179 -49.0926
99.9971 -0.00125708 -0.981235 -0.288849 -0.125849 -49.1234
99.9955 -0.0019652 -1.22693 -0.361309 -0.157427 -49.1541
99.9935 -0.00283132 -1.47278 -0.43387 -0.18905 -49.1848
99.9912 -0.00385568 -1.71878 -0.50653 -0.22072 -49.2154
99.9884 -0.0050385 -1.96493 -0.57929 -0.252436 -49.2459
99.9854 -0.00638002 -2.21124 -0.652151 -0.284199 -49.2764
99.9819 -0.00788047 -2.45769 -0.725112 -0.316008 -49.3069
99.9781 -0.00954008 -2.7043 -0.798174 -0.347863 -49.3373
99.9739 -0.0113591 -2.95107 -0.871336 -0.379765 -49.3676
99.9694 -0.0133377 -3.19798 -0.9446 -0.411714 -49.3979
99.9645 -0.0154762 -3.44505 -1.01797 -0.44371 -49.4282
99.9592 -0.0177748 -3.69226 -1.09143 -0.475753 -49.4584
99.9536 -0.0202337 -3.93963 -1.165 -0.507842 -49.4885
99.9476 -0.0228532 -4.18715 -1.23867 -0.539979 -49.5186
99.9412 -0.0256335 -4.43482 -1.31244 -0.572162 -49.5486
99.9344 -0.0285748 -4.68263 -1.38632 -0.604393 -49.5786
99.9273 -0.0316774 -4.9306 -1.46029 -0.636671 -49.6085
99.9198 -0.0349415 -5.17872 -1.53437 -0.668996 -49.6384
99.912 -0.0383673 -5.42698 -1.60856 -0.701369 -49.6682
99.9037 -0.0419552 -5.6754 -1.68284 -0.733789 -49.6979
99.8951 -0.0457052 -5.92396 -1.75723 -0.766257 -49.7276
99.8862 -0.0496177 -6.17268 -1.83172 -0.798773 -49.7573
99.8768 -0.0536929 -6.42154 -1.90632 -0.831336 -49.7869
99.8671 -0.0579311 -6.67055 -1.98102 -0.863947 -49.8164
99.857 -0.0623324 -6.9197 -2.05583 -0.896606 -49.8459
99.8466 -0.0668971 -7.169 -2.13073 -0.929313 -49.8753
99.8357 -0.0716255 -7.41845 -2.20575 -0.962068 -49.9047
99.8245 -0.0765178 -7.66805 -2.28087 -0.994871 -49.934
99.8129 -0.0815742 -7.91779 -2.35609 -1.02772 -49.9632
99.8009 -0.086795 -8.16768 -2.43142 -1.06062 -49.9924
99.7886 -0.0921804 -8.41772 -2.50685 -1.09357 -50.0216
99.7759 -0.0977306 -8.6679 -2.58239 -1.12657 -50.0506
99.7628 -0.103446 -8.91822 -2.65804 -1.15961 -50.0797
99.7493 -0.109327 -9.16869 -2.73379 -1.1927 -50.1086
99.7354 -0.115373 -9.41931 -2.80964 -1.22585 -50.1375
99.7212 -0.121585 -9.67007 -2.88561 -1.25904 -50.1664
99.7066 -0.127963 -9.92097 -2.96168 -1.29228 -50.1952
99.6916 -0.134508 -10.172 -3.03786 -1.32557 -50.2239
99.6762 -0.141219 -10.4232 -3.11414 -1.3589 -50.2526
99.6604 -0.148097 -10.6745 -3.19053 -1.39229 -50.2812
99.6443 -0.155142 -10.926 -3.26703 -1.42573 -50.3097
99.6278 -0.162354 -11.1776 -3.34364 -1.45921 -50.3382
99.6109 -0.169734 -11.4294 -3.42035 -1.49275 -50.3667
99.5936 -0.177282 -11.6813 -3.49717 -1.52633 -50.395
99.5759 -0.184997 -11.9334 -3.57411 -1.55997 -50.4234
99.5578 -0.192881 -12.1855 -3.65115 -1.59365 -50.4516
99.5394 -0.200934 -12.4379 -3.72829 -1.62738 -50.4798
99.5205 -0.209155 -12.6903 -3.80555 -1.66117 -50.5079
99.5013 -0.217546 -12.943 -3.88292 -1.695 -50.536
99.4817 -0.226105 -13.1957 -3.96039 -1.72888 -50.564
99.4617 -0.234834 -13.4486 -4.03798 -1.76282 -50.592
99.4413 -0.243733 -13.7016 -4.11568 -1.7968 -50.6198
99.4206 -0.252802 -13.9548 -4.19348 -1.83084 -50.6477
99.3994 -0.262042 -14.2081 -4.2714 -1.86492 -50.6754
99.3778 -0.271452 -14.4615 -4.34943 -1.89905 -50.7031
99.3559 -0.281032 -14.7151 -4.42756 -1.93324 -50.7308
99.3336 -0.290784 -14.9689 -4.50581 -1.96748 -50.7583
99.3108 -0.300707 -15.2227 -4.58417 -2.00176 -50.7859
99.2877 -0.310801 -15.4767 -4.66264 -2.0361 -50.8133
99.2642 -0.321068 -15.7308 -4.74123 -2.07049 -50.8407
99.2403 -0.331506 -15.9851 -4.81992 -2.10493 -50.868
99.216 -0.342117 -16.2395 -4.89873 -2.13942 -50.8953
99.1913 -0.3529 -16.4941 -4.97765 -2.17396 -50.9224
99.1662 -0.363857 -16.7488 -5.05668 -2.20855 -50.9496
99.1408 -0.374986 -17.0036 -5.13582 -2.24319 -50.9766
99.1149 -0.386289 -17.2585 -5.21508 -2.27789 -51.0036
99.0886 -0.397765 -17.5136 -5.29445 -2.31264 -51.0305
99.0619 -0.409415 -17.7688 -5.37394 -2.34744 -51.0574
99.0349 -0.421239 -18.0242 -5.45354 -2.38229 -51.0842
99.0074 -0.433238 -18.2797 -5.53325 -2.41719 -51.1109
98.9795 -0.445411 -18.5353 -5.61307 -2.45214 -51.1376
98.9513 -0.457759 -18.791 -5.69301 -2.48715 -51.1642
98.9226 -0.470282 -19.0469 -5.77307 -2.52221 -51.1907
98.8935 -0.482981 -19.3029 -5.85324 -2.55732 -51.2172
98.8641 -0.495856 -19.5591 -5.93352 -2.59248 -51.2436
98.8342 -0.508906 -19.8154 -6.01393 -2.62769 -51.2699
98.8039 -0.522133 -20.0718 -6.09444 -2.66296 -51.2962
98.7733 -0.535536 -20.3283 -6.17507 -2.69828 -51.3224
98.7422 -0.549115 -20.585 -6.25582 -2.73365 -51.3485
98.7107 -0.562872 -20.8418 -6.33669 -2.76908 -51.3745
98.6788 -0.576806 -21.0988 -6.41767 -2.80456 -51.4005
98.6465 -0.590918 -21.3558 -6.49876 -2.84009 -51.4264
98.6138 -0.605207 -21.613 -6.57998 -2.87567 -51.4523
98.5807 -0.619674 -21.8704 -6.66131 -2.91131 -51.478
98.5472 -0.63432 -22.1278 -6.74276 -2.947 -51.5037
98.5133 -0.649144 -22.3854 -6.82433 -2.98274 -51.5294
98.479 -0.664147 -22.6431 -6.90601 -3.01854 -51.5549
98.4442 -0.67933 -22.9009 -6.98781 -3.05439 -51.5804
98.4091 -0.694691 -23.1589 -7.06973 -3.0903 -51.6058
98.3735 -0.710233 -23.417 -7.15177 -3.12625 -51.6312
98.3376 -0.725954 -23.6752 -7.23393 -3.16227 -51.6565
98.3012 -0.741855 -23.9336 -7.31621 -3.19833 -51.6817
98.2644 -0.757937 -24.192 -7.39861 -3.23445 -51.7068
98.2272 -0.7742 -24.4506 -7.48112 -3.27062 -51.7318
98.1896 -0.790643 -24.7094 -7.56376 -3.30685 -51.7568
98.1516 -0.807268 -24.9682 -7.64652 -3.34313 -51.7817
98.1131 -0.824075 -25.2272 -7.72939 -3.37947 -51.8066
98.0743 -0.841063 -25.4863 -7.81239 -3.41586 -51.8313
98.035 -0.858233 -25.7455 -7.89551 -3.45231 -51.856
97.9953 -0.875586 -26.0048 -7.97875 -3.48881 -51.8806
97.9552 -0.893121 -26.2643 -8.06211 -3.52536 -51.9051
97.9147 -0.91084 -26.5239 -8.14559 -3.56197 -51.9296
97.8738 -0.928741 -26.7836 -8.2292 -3.59864 -51.954
97.8324 -0.946826 -27.0434 -8.31292 -3.63536 -51.9783
97.7906 -0.965095 -27.3034 -8.39677 -3.67213 -52.0025
97.7484 -0.983547 -27.5634 -8.48074 -3.70896 -52.0267
97.7058 -1.00218 -27.8236 -8.56483 -3.74585 -52.0508
97.6628 -1.02101 -28.084 -8.64905 -3.78279 -52.0748
97.6193 -1.04001 -28.3444 -8.73339 -3.81978 -52.0987
97.5755 -1.0592 -28.6049 -8.81785 -3.85684 -52.1225
97.5312 -1.07858 -28.8656 -8.90244 -3.89394 -52.1463
97.4864 -1.09814 -29.1264 -8.98715 -3.93111 -52.17
97.4413 -1.11789 -29.3873 -9.07199 -3.96833 -52.1936
97.3957 -1.13783 -29.6483 -9.15695 -4.0056 -52.2171
97.3497 -1.15795 -29.9095 -9.24203 -4.04293 -52.2406
97.3033 -1.17826 -30.1707 -9.32724 -4.08032 -52.2639
97.2564 -1.19875 -30.4321 -9.41258 -4.11776 -52.2872
97.2092 -1.21943 -30.6936 -9.49804 -4.15527 -52.3104
97.1615 -1.2403 -30.9552 -9.58362 -4.19282 -52.3335
97.1133 -1.26136 -31.217 -9.66933 -4.23044 -52.3566
97.0648 -1.28261 -31.4788 -9.75517 -4.26811 -52.3795
97.0158 -1.30404 -31.7407 -9.84114 -4.30583 -52.4024
96.9664 -1.32567 -32.0028 -9.92723 -4.34362 -52.4252
96.9165 -1.34748 -32.265 -10.0134 -4.38146 -52.4479
96.8662 -1.36948 -32.5273 -10.0998 -4.41936 -52.4706
96.8155 -1.39167 -32.7897 -10.1863 -4.45731 -52.4931
96.7644 -1.41405 -33.0522 -10.2729 -4.49532 -52.5156
96.7128 -1.43663 -33.3149 -10.3596 -4.53339 -52.538
96.6608 -1.45939 -33.5776 -10.4465 -4.57152 -52.5603
96.6083 -1.48234 -33.8405 -10.5334 -4.60971 -52.5825
96.5554 -1.50548 -34.1034 -10.6206 -4.64795 -52.6046
96.5021 -1.52882 -34.3665 -10.7078 -4.68625 -52.6266
96.4484 -1.55235 -34.6297 -10.7952 -4.72461 -52.6486
96.3942 -1.57607 -34.893 -10.8827 -4.76302 -52.6704
96.3395 -1.59998 -35.1564 -10.9703 -4.8015 -52.6922
96.2845 -1.62408 -35.4199 -11.0581 -4.84003 -52.7139
96.2289 -1.64838 -35.6835 -11.146 -4.87862 -52.7355
96.173 -1.67287 -35.9473 -11.234 -4.91727 -52.757
96.1166 -1.69755 -36.2111 -11.3221 -4.95598 -52.7785
96.0598 -1.72243 -36.4751 -11.4104 -4.99474 -52.7998
96.0025 -1.7475 -36.7391 -11.4989 -5.03357 -52.821
95.9448 -1.77276 -37.0033 -11.5874 -5.07245 -52.8422
95.8866 -1.79822 -37.2675 -11.6761 -5.1114 -52.8633
95.828 -1.82388 -37.5319 -11.7649 -5.1504 -52.8842
95.769 -1.84973 -37.7964 -11.8538 -5.18946 -52.9051
95.7095 -1.87577 -38.061 -11.9429 -5.22858 -52.9259
95.6496 -1.90201 -38.3256 -12.0321 -5.26776 -52.9466
95.5892 -1.92845 -38.5904 -12.1215 -5.30699 -52.9672
95.5283 -1.95508 -38.8553 -12.211 -5.34629 -52.9878
95.4671 -1.98191 -39.1203 -12.3006 -5.38565 -53.0082
95.4053 -2.00894 -39.3854 -12.3903 -5.42507 -53.0285
95.3432 -2.03616 -39.6506 -12.4802 -5.46454 -53.0488
95.2805 -2.06358 -39.9159 -12.5702 -5.50408 -53.0689
95.2175 -2.0912 -40.1813 -12.6604 -5.54368 -53.089
95.1539 -2.11902 -40.4468 -12.7507 -5.58333 -53.1089
95.0899 -2.14704 -40.7124 -12.8411 -5.62305 -53.1288
95.0255 -2.17525 -40.9781 -12.9316 -5.66282 -53.1485
94.9606 -2.20366 -41.2438 -13.0223 -5.70266 -53.1682
94.8953 -2.23228 -41.5097 -13.1131 -5.74256 -53.1878
94.8295 -2.26109 -41.7757 -13.2041 -5.78252 -53.2073
94.7632 -2.2901 -42.0418 -13.2952 -5.82254 -53.2266
94.6965 -2.31932 -42.308 -13.3865 -5.86262 -53.2459
94.6294 -2.34873 -42.5743 -13.4778 -5.90276 -53.2651
94.5618 -2.37834 -42.8406 -13.5693 -5.94296 -53.2842
94.4937 -2.40816 -43.1071 -13.661 -5.98322 -53.3032
94.4252 -2.43817 -43.3737 -13.7528 -6.02354 -53.322
94.3562 -2.46839 -43.6403 -13.8447 -6.06393 -53.3408
94.2867 -2.49881 -43.9071 -13.9368 -6.10437 -53.3595
94.2168 -2.52944 -44.1739 -14.029 -6.14488 -53.3781
94.1464 -2.56026 -44.4409 -14.1213 -6.18545 -53.3966
94.0756 -2.59129 -44.7079 -14.2138 -6.22608 -53.4149
94.0043 -2.62252 -44.975 -14.3064 -6.26677 -53.4332
93.9325 -2.65396 -45.2422 -14.3992 -6.30752 -53.4514
93.8603 -2.6856 -45.5095 -14.4921 -6.34834 -53.4694
93.7876 -2.71744 -45.7769 -14.5852 -6.38922 -53.4874
93.7144 -2.74949 -46.0444 -14.6783 -6.43016 -53.5053
93.6408 -2.78174 -46.312 -14.7717 -6.47116 -53.523
93.5667 -2.8142 -46.5796 -14.8651 -6.51222 -53.5407
93.4922 -2.84687 -46.8474 -14.9587 -6.55335 -53.5582
93.4171 -2.87974 -47.1152 -15.0525 -6.59454 -53.5756
93.3416 -2.91281 -47.3831 -15.1464 -6.63579 -53.593
93.2657 -2.94609 -47.6511 -15.2404 -6.6771 -53.6102
93.1892 -2.97958 -47.9192 -15.3346 -6.71848 -53.6273
93.1123 -3.01328 -48.1874 -15.4289 -6.75992 -53.6443
93.0349 -3.04718 -48.4557 -15.5234 -6.80142 -53.6612
92.9571 -3.08129 -48.724 -15.618 -6.84299 -53.678
92.8788 -3.11561 -48.9925 -15.7127 -6.88462 -53.6947
92.8 -3.15014 -49.261 -15.8076 -6.92631 -53.7112
92.7207 -3.18487 -49.5296 -15.9027 -6.96806 -53.7277
92.6409 -3.21982 -49.7982 -15.9979 -7.00988 -53.744
92.5607 -3.25497 -50.067 -16.0932 -7.05176 -53.7602
92.48 -3.29034 -50.3358 -16.1887 -7.09371 -53.7764
92.3988 -3.32591 -50.6048 -16.2843 -7.13572 -53.7924
92.3172 -3.36169 -50.8738 -16.3801 -7.17779 -53.8082
92.235 -3.39769 -51.1429 -16.476 -7.21993 -53.824
92.1524 -3.43389 -51.412 -16.572 -7.26213 -53.8397
92.0693 -3.47031 -51.6812 -16.6682 -7.3044 -53.8552
91.9857 -3.50694 -51.9506 -16.7646 -7.34672 -53.8706
91.9017 -3.54378 -52.22 -16.8611 -7.38912 -53.886
91.8171 -3.58083 -52.4894 -16.9577 -7.43158 -53.9011
91.7321 -3.61809 -52.759 -17.0545 -7.4741 -53.9162
91.6466 -3.65557 -53.0286 -17.1515 -7.51669 -53.9312
91.5606 -3.69326 -53.2983 -17.2486 -7.55934 -53.946
91.4741 -3.73116 -53.568 -17.3458 -7.60205 -53.9607
91.3871 -3.76928 -53.8379 -17.4432 -7.64483 -53.9753
91.2996 -3.80761 -54.1078 -17.5407 -7.68768 -53.9898
91.2117 -3.84616 -54.3778 -17.6384 -7.73059 -54.0042
91.1233 -3.88492 -54.6478 -17.7362 -7.77357 -54.0184
91.0343 -3.92389 -54.918 -17.8342 -7.81661 -54.0325
90.9449 -3.96308 -55.1882 -17.9324 -7.85972 -54.0465
90.855 -4.00249 -55.4584 -18.0307 -7.90289 -54.0604
90.7646 -4.04211 -55.7288 -18.1291 -7.94613 -54.0741
90.6737 -4.08195 -55.9992 -18.2277 -7.98943 -54.0877
90.5823 -4.12201 -56.2696 -18.3264 -8.0328 -54.1012
90.4905 -4.16228 -56.5402 -18.4253 -8.07623 -54.1146
90.3981 -4.20277 -56.8108 -18.5243 -8.11973 -54.1278
90.3052 -4.24348 -57.0815 -18.6235 -8.1633 -54.1409
90.2118 -4.2844 -57.3522 -18.7229 -8.20693 -54.1539
90.118 -4.32555 -57.623 -18.8224 -8.25063 -54.1668
90.0236 -4.36691 -57.8939 -18.922 -8.29439 -54.1795
89.9288 -4.40849 -58.1648 -19.0218 -8.33823 -54.1921
89.8334 -4.45029 -58.4358 -19.1218 -8.38212 -54.2045
89.7375 -4.49231 -58.7068 -19.2219 -8.42609 -54.2169
89.6412 -4.53455 -58.978 -19.3222 -8.47012 -54.2291
89.5443 -4.57701 -59.2491 -19.4226 -8.51422 -54.2411
89.447 -4.61969 -59.5204 -19.5232 -8.55838 -54.2531
89.3491 -4.6626 -59.7917 -19.6239 -8.60261 -54.2649
89.2507 -4.70572 -60.063 -19.7248 -8.64691 -54.2765
89.1518 -4.74906 -60.3344 -19.8258 -8.69128 -54.2881
89.0525 -4.79263 -60.6059 -19.927 -8.73571 -54.2994
88.9526 -4.83642 -60.8774 -20.0284 -8.78021 -54.3107
88.8522 -4.88043 -61.149 -20.1299 -8.82478 -54.3218
88.7513 -4.92467 -61.4206 -20.2315 -8.86941 -54.3328
88.6499 -4.96913 -61.6923 -20.3334 -8.91411 -54.3436
88.5479 -5.01381 -61.9641 -20.4353 -8.95889 -54.3543
88.4455 -5.05872 -62.2359 -20.5375 -9.00372 -54.3649
88.3426 -5.10385 -62.5077 -20.6398 -9.04863 -54.3753
88.2391 -5.1492 -62.7796 -20.7422 -9.0936 -54.3856
88.1351 -5.19478 -63.0516 -20.8448 -9.13865 -54.3957
88.0307 -5.24059 -63.3236 -20.9476 -9.18376 -54.4057
87.9257 -5.28662 -63.5956 -21.0505 -9.22894 -54.4156
87.8202 -5.33288 -63.8677 -21.1536 -9.27418 -54.4253
87.7141 -5.37936 -64.1399 -21.2569 -9.3195 -54.4348
87.6076 -5.42607 -64.4121 -21.3603 -9.36488 -54.4442
87.5005 -5.47301 -64.6843 -21.4638 -9.41034 -54.4535
87.3929 -5.52018 -64.9566 -21.5675 -9.45586 -54.4626
87.2849 -5.56757 -65.229 -21.6714 -9.50145 -54.4716
87.1762 -5.61519 -65.5013 -21.7755 -9.54711 -54.4804
87.0671 -5.66304 -65.7738 -21.8797 -9.59284 -54.4891
86.9574 -5.71112 -66.0462 -21.984 -9.63863 -54.4976
86.8473 -5.75943 -66.3187 -22.0886 -9.6845 -54.5059
86.7366 -5.80796 -66.5913 -22.1933 -9.73044 -54.5142
86.6253 -5.85673 -66.8639 -22.2981 -9.77645 -54.5222
86.5136 -5.90573 -67.1365 -22.4031 -9.82252 -54.5301
86.4013 -5.95496 -67.4092 -22.5083 -9.86867 -54.5379
86.2885 -6.00442 -67.6819 -22.6136 -9.91488 -54.5455
86.1752 -6.05411 -67.9546 -22.7191 -9.96117 -54.5529
86.0613 -6.10403 -68.2274 -22.8248 -10.0075 -54.5602
85.9469 -6.15418 -68.5002 -22.9306 -10.054 -54.5673
85.832 -6.20457 -68.7731 -23.0366 -10.1004 -54.5742
85.7165 -6.25519 -69.046 -23.1428 -10.147 -54.581
85.6006 -6.30604 -69.3189 -23.2491 -10.1937 -54.5877
85.4841 -6.35712 -69.5919 -23.3556 -10.2404 -54.5942
85.367 -6.40844 -69.8648 -23.4622 -10.2871 -54.6005
85.2494 -6.45999 -70.1379 -23.569 -10.334 -54.6066
85.1313 -6.51178 -70.4109 -23.676 -10.3809 -54.6126
85.0127 -6.5638 -70.684 -23.7831 -10.4279 -54.6184
84.8935 -6.61606 -70.9571 -23.8905 -10.475 -54.6241
84.7738 -6.66855 -71.2302 -23.9979 -10.5221 -54.6296
84.6535 -6.72128 -71.5034 -24.1056 -10.5693 -54.6349
84.5327 -6.77424 -71.7766 -24.2134 -10.6166 -54.64
84.4114 -6.82745 -72.0498 -24.3214 -10.6639 -54.645
84.2895 -6.88088 -72.323 -24.4295 -10.7113 -54.6498
84.1671 -6.93456 -72.5963 -24.5378 -10.7588 -54.6544
84.0441 -6.98847 -72.8696 -24.6463 -10.8064 -54.6589
83.9206 -7.04262 -73.1429 -24.7549 -10.854 -54.6632
83.7966 -7.09701 -73.4162 -24.8637 -10.9017 -54.6673
83.672 -7.15164 -73.6896 -24.9727 -10.9495 -54.6712
83.5468 -7.20651 -73.9629 -25.0819 -10.9974 -54.675
83.4212 -7.26161 -74.2363 -25.1912 -11.0453 -54.6786
83.2949 -7.31696 -74.5097 -25.3007 -11.0933 -54.682
83.1682 -7.37255 -74.7831 -25.4104 -11.1414 -54.6852
83.0408 -7.42837 -75.0566 -25.5202 -11.1895 -54.6883
82.9129 -7.48444 -75.33 -25.6302 -11.2377 -54.6911
82.7845 -7.54075 -75.6035 -25.7404 -11.286 -54.6938
82.6555 -7.5973 -75.8769 -25.8507 -11.3344 -54.6963
82.526 -7.6541 -76.1504 -25.9612 -11.3828 -54.6986
82.3959 -7.71113 -76.4239 -26.0719 -11.4313 -54.7007
82.2653 -7.76841 -76.6974 -26.1828 -11.4799 -54.7027
82.1341 -7.82593 -76.971 -26.2938 -11.5286 -54.7044
82.0024 -7.88369 -77.2445 -26.405 -11.5773 -54.706
81.8701 -7.9417 -77.518 -26.5164 -11.6261 -54.7073
81.7372 -7.99996 -77.7916 -26.6279 -11.675 -54.7085
81.6038 -8.05845 -78.0651 -26.7396 -11.724 -54.7095
81.4698 -8.1172 -78.3386 -26.8515 -11.773 -54.7103
81.3353 -8.17618 -78.6122 -26.9636 -11.8221 -54.7109
81.2002 -8.23542 -78.8858 -27.0758 -11.8713 -54.7113
81.0645 -8.2949 -79.1593 -27.1883 -11.9205 -54.7115
80.9283 -8.35462 -79.4329 -27.3008 -11.9698 -54.7115
80.7915 -8.41459 -79.7064 -27.4136 -12.0192 -54.7113
80.6541 -8.47481 -79.98 -27.5266 -12.0687 -54.711
80.5162 -8.53528 -80.2535 -27.6397 -12.1183 -54.7104
80.3777 -8.596 -80.5271 -27.753 -12.1679 -54.7096
80.2387 -8.65696 -80.8006 -27.8664 -12.2176 -54.7086
80.0991 -8.71817 -81.0742 -27.9801 -12.2674 -54.7074
79.9589 -8.77963 -81.3477 -28.0939 -12.3172 -54.706
79.8181 -8.84134 -81.6212 -28.2079 -12.3672 -54.7044
79.6768 -8.9033 -81.8948 -28.3221 -12.4172 -54.7026
79.5349 -8.96552 -82.1683 -28.4364 -12.4672 -54.7006
79.3925 -9.02798 -82.4418 -28.551 -12.5174 -54.6984
79.2494 -9.09069 -82.7152 -28.6657 -12.5676 -54.696
79.1058 -9.15365 -82.9887 -28.7806 -12.618 -54.6933
78.9616 -9.21687 -83.2622 -28.8956 -12.6683 -54.6905
78.8168 -9.28034 -83.5356 -29.0109 -12.7188 -54.6874
78.6715 -9.34406 -83.8091 -29.1263 -12.7694 -54.6841
78.5256 -9.40803 -84.0825 -29.2419 -12.82 -54.6806
78.3791 -9.47226 -84.3559 -29.3577 -12.8707 -54.6769
78.232 -9.53674 -84.6292 -29.4737 -12.9215 -54.673
78.0843 -9.60147 -84.9026 -29.5898 -12.9723 -54.6689
77.9361 -9.66646 -85.1759 -29.7061 -13.0233 -54.6645
77.7873 -9.7317 -85.4492 -29.8226 -13.0743 -54.6599
77.6379 -9.7972 -85.7225 -29.9393 -13.1254 -54.6551
77.4879 -9.86296 -85.9958 -30.0562 -13.1766 -54.6501
77.3373 -9.92897 -86.269 -30.1732 -13.2278 -54.6448
77.1862 -9.99524 -86.5422 -30.2904 -13.2792 -54.6394
77.0344 -10.0618 -86.8154 -30.4078 -13.3306 -54.6337
76.8821 -10.1285 -87.0886 -30.5254 -13.3821 -54.6277
76.7292 -10.1956 -87.3617 -30.6432 -13.4337 -54.6216
76.5756 -10.2629 -87.6348 -30.7612 -13.4853 -54.6152
76.4215 -10.3304 -87.9078 -30.8793 -13.5371 -54.6086
76.2669 -10.3982 -88.1809 -30.9976 -13.5889 -54.6017
76.1116 -10.4663 -88.4539 -31.1161 -13.6408 -54.5946
75.9557 -10.5347 -88.7268 -31.2348 -13.6928 -54.5873
75.7992 -10.6033 -88.9997 -31.3537 -13.7449 -54.5798
75.6422 -10.6721 -89.2726 -31.4727 -13.7971 -54.572
75.4845 -10.7412 -89.5455 -31.5919 -13.8493 -54.5639
75.3262 -10.8106 -89.8183 -31.7114 -13.9016 -54.5557
75.1674 -10.8802 -90.091 -31.831 -13.954 -54.5472
75.0079 -10.9501 -90.3637 -31.9507 -14.0065 -54.5384
74.8479 -11.0203 -90.6364 -32.0707 -14.0591 -54.5294
74.6872 -11.0907 -90.909 -32.1909 -14.1118 -54.5202
74.526 -11.1614 -91.1816 -32.3112 -14.1645 -54.5107
74.3641 -11.2324 -91.4541 -32.4317 -14.2174 -54.501
74.2016 -11.3036 -91.7266 -32.5524 -14.2703 -54.491
74.0386 -11.3751 -91.999 -32.6733 -14.3233 -54.4808
73.8749 -11.4468 -92.2714 -32.7944 -14.3764 -54.4703
73.7106 -11.5188 -92.5437 -32.9157 -14.4296 -54.4596
73.5458 -11.5911 -92.816 -33.0372 -14.4829 -54.4486
73.3803 -11.6637 -93.0882 -33.1588 -14.5362 -54.4373
73.2142 -11.7365 -93.3604 -33.2806 -14.5897 -54.4259
73.0475 -11.8096 -93.6325 -33.4027 -14.6432 -54.4141
72.8801 -11.8829 -93.9045 -33.5249 -14.6968 -54.4021
72.7122 -11.9565 -94.1765 -33.6473 -14.7505 -54.3898
72.5437 -12.0304 -94.4484 -33.7698 -14.8044 -54.3773
72.3745 -12.1046 -94.7203 -33.8926 -14.8582 -54.3645
72.2047 -12.179 -94.9921 -34.0156 -14.9122 -54.3515
72.0344 -12.2537 -95.2638 -34.1387 -14.9663 -54.3381
71.8634 -12.3287 -95.5354 -34.2621 -15.0205 -54.3246
71.6917 -12.4039 -95.807 -34.3856 -15.0747 -54.3107
71.5195 -12.4794 -96.0786 -34.5093 -15.1291 -54.2966
71.3466 -12.5552 -96.35 -34.6332 -15.1835 -54.2822
71.1732 -12.6313 -96.6214 -34.7573 -15.2381 -54.2676
70.9991 -12.7076 -96.8927 -34.8816 -15.2927 -54.2526
70.8244 -12.7842 -97.1639 -35.0061 -15.3474 -54.2374
70.649 -12.8611 -97.4351 -35.1307 -15.4022 -54.2219
70.473 -12.9382 -97.7061 -35.2556 -15.4571 -54.2062
70.2965 -13.0156 -97.9771 -35.3806 -15.5121 -54.1902
70.1192 -13.0933 -98.248 -35.5059 -15.5672 -54.1738
69.9414 -13.1713 -98.5189 -35.6313 -15.6224 -54.1573
69.7629 -13.2495 -98.7896 -35.7569 -15.6777 -54.1404
69.5838 -13.3281 -99.0603 -35.8828 -15.7331 -54.1232
69.4041 -13.4069 -99.3308 -36.0088 -15.7886 -54.1058
69.2237 -13.486 -99.6013 -36.135 -15.8442 -54.0881
69.0427 -13.5653 -99.8717 -36.2614 -15.8998 -54.07
68.8611 -13.645 -100.142 -36.388 -15.9556 -54.0517
68.6789 -13.7249 -100.412 -36.5148 -16.0115 -54.0332
68.496 -13.8051 -100.682 -36.6417 -16.0675 -54.0143
68.3124 -13.8855 -100.952 -36.7689 -16.1235 -53.9951
68.1283 -13.9663 -101.222 -36.8963 -16.1797 -53.9756
67.9435 -14.0473 -101.492 -37.0238 -16.2359 -53.9559
67.758 -14.1287 -101.762 -37.1516 -16.2923 -53.9358
67.572 -14.2103 -102.031 -37.2795 -16.3488 -53.9155
67.3853 -14.2922 -102.301 -37.4077 -16.4053 -53.8948
67.1979 -14.3743 -102.57 -37.536 -16.462 -53.8738
67.0099 -14.4568 -102.84 -37.6645 -16.5188 -53.8526
66.8212 -14.5395 -103.109 -37.7933 -16.5756 -53.831
66.632 -14.6225 -103.378 -37.9222 -16.6326 -53.8092
66.442 -14.7058 -103.647 -38.0513 -16.6897 -53.787
66.2514 -14.7894 -103.916 -38.1806 -16.7468 -53.7645
66.0602 -14.8733 -104.185 -38.3102 -16.8041 -53.7417
65.8683 -14.9575 -104.453 -38.4399 -16.8615 -53.7186
65.6758 -15.0419 -104.722 -38.5698 -16.919 -53.6952
65.4826 -15.1267 -104.99 -38.6999 -16.9766 -53.6715
65.2888 -15.2117 -105.259 -38.8302 -17.0342 -53.6475
65.0943 -15.297 -105.527 -38.9607 -17.092 -53.6231
64.8992 -15.3826 -105.795 -39.0914 -17.1499 -53.5984
64.7034 -15.4685 -106.063 -39.2223 -17.2079 -53.5735
64.507 -15.5547 -106.331 -39.3534 -17.266 -53.5482
64.3099 -15.6412 -106.598 -39.4847 -17.3243 -53.5225
64.1121 -15.7279 -106.866 -39.6162 -17.3826 -53.4966
63.9137 -15.815 -107.133 -39.7479 -17.441 -53.4703
63.7147 -15.9023 -107.4 -39.8797 -17.4995 -53.4437
63.5149 -15.99 -107.668 -40.0118 -17.5582 -53.4168
63.3145 -16.0779 -107.935 -40.1441 -17.6169 -53.3895
63.1135 -16.1661 -108.202 -40.2766 -17.6758 -53.3619
62.9118 -16.2547 -108.468 -40.4093 -17.7347 -53.334
62.7094 -16.3435 -108.735 -40.5422 -17.7938 -53.3057
62.5064 -16.4326 -109.001 -40.6753 -17.853 -53.2772
62.3027 -16.522 -109.268 -40.8086 -17.9123 -53.2482
62.0983 -16.6117 -109.534 -40.942 -17.9717 -53.219
61.8932 -16.7017 -109.8 -41.0757 -18.0312 -53.1894
61.6875 -16.792 -110.066 -41.2096 -18.0908 -53.1594
61.4811 -16.8827 -110.331 -41.3437 -18.1505 -53.1291
61.2741 -16.9736 -110.597 -41.478 -18.2104 -53.0985
61.0664 -17.0648 -110.862 -41.6125 -18.2703 -53.0675
60.858 -17.1563 -111.128 -41.7472 -18.3304 -53.0362
60.6489 -17.2481 -111.393 -41.8821 -18.3905 -53.0045
60.4391 -17.3402 -111.658 -42.0172 -18.4508 -52.9725
60.2287 -17.4326 -111.923 -42.1524 -18.5112 -52.9402
60.0176 -17.5253 -112.187 -42.2879 -18.5717 -52.9074
59.8058 -17.6183 -112.452 -42.4236 -18.6323 -52.8744
59.5934 -17.7116 -112.716 -42.5595 -18.693 -52.8409
59.3802 -17.8052 -112.98 -42.6956 -18.7539 -52.8071
59.1664 -17.8991 -113.244 -42.8319 -18.8148 -52.773
58.9519 -17.9934 -113.508 -42.9684 -18.8759 -52.7385
58.7367 -18.0879 -113.771 -43.1052 -18.937 -52.7036
58.5209 -18.1827 -114.035 -43.2421 -18.9983 -52.6684
58.3043 -18.2779 -114.298 -43.3792 -19.0597 -52.6328
58.0871 -18.3733 -114.561 -43.5165 -19.1213 -52.5968
57.8691 -18.4691 -114.824 -43.654 -19.1829 -52.5604
57.6505 -18.5652 -115.087 -43.7917 -19.2446 -52.5237
57.4312 -18.6615 -115.349 -43.9296 -19.3065 -52.4866
57.2112 -18.7582 -115.612 -44.0678 -19.3684 -52.4492
56.9906 -18.8552 -115.874 -44.2061 -19.4305 -52.4114
56.7692 -18.9525 -116.136 -44.3446 -19.4927 -52.3731
56.5471 -19.0501 -116.397 -44.4834 -19.555 -52.3345
56.3243 -19.1481 -116.659 -44.6223 -19.6175 -52.2956
56.1009 -19.2463 -116.92 -44.7614 -19.68 -52.2562
55.8767 -19.3449 -117.182 -44.9008 -19.7427 -52.2165
55.6519 -19.4437 -117.443 -45.0403 -19.8055 -52.1764
55.4263 -19.5429 -117.703 -45.1801 -19.8683 -52.1358
55.2001 -19.6424 -117.964 -45.32 -19.9313 -52.0949
54.9731 -19.7422 -118.224 -45.4602 -19.9945 -52.0537
54.7455 -19.8424 -118.484 -45.6005 -20.0577 -52.012
54.5171 -19.9428 -118.744 -45.7411 -20.1211 -51.9699
54.2881 -20.0436 -119.004 -45.8818 -20.1845 -51.9274
54.0583 -20.1447 -119.264 -46.0228 -20.2481 -51.8845
53.8278 -20.2461 -119.523 -46.164 -20.3118 -51.8413
53.5967 -20.3478 -119.782 -46.3053 -20.3756 -51.7976
53.3648 -20.4498 -120.041 -46.4469 -20.4396 -51.7535
53.1322 -20.5522 -120.3 -46.5887 -20.5036 -51.709
52.8989 -20.6549 -120.558 -46.7307 -20.5678 -51.6641
52.6649 -20.7579 -120.816 -46.8729 -20.6321 -51.6188
52.4302 -20.8612 -121.074 -47.0152 -20.6965 -51.5731
52.1947 -20.9648 -121.332 -47.1578 -20.761 -51.5269
51.9586 -21.0688 -121.59 -47.3006 -20.8256 -51.4804
51.7217 -21.1731 -121.847 -47.4436 -20.8904 -51.4334
51.4842 -21.2777 -122.104 -47.5868 -20.9552 -51.3861
51.2459 -21.3826 -122.361 -47.7302 -21.0202 -51.3382
51.0068 -21.4879 -122.617 -47.8738 -21.0853 -51.29
50.7671 -21.5935 -122.874 -48.0176 -21.1506 -51.2414
50.5267 -21.6994 -123.13 -48.1616 -21.2159 -51.1923
50.2855 -21.8056 -123.385 -48.3058 -21.2813 -51.1428
50.0436 -21.9122 -123.641 -48.4502 -21.3469 -51.0928
49.801 -22.0191 -123.896 -48.5948 -21.4126 -51.0425
49.5577 -22.1263 -124.151 -48.7396 -21.4784 -50.9917
49.3136 -22.2339 -124.406 -48.8846 -21.5443 -50.9404
49.0688 -22.3418 -124.661 -49.0298 -21.6104 -50.8887
48.8233 -22.45 -124.915 -49.1752 -21.6765 -50.8366
48.5771 -22.5585 -125.169 -49.3208 -21.7428 -50.784
48.3301 -22.6674 -125.423 -49.4666 -21.8092 -50.731
48.0824 -22.7766 -125.677 -49.6126 -21.8757 -50.6776
47.834 -22.8862 -125.93 -49.7588 -21.9423 -50.6236
47.5848 -22.9961 -126.183 -49.9052 -22.0091 -50.5693
47.3349 -23.1063 -126.436 -50.0518 -22.0759 -50.5145
47.0843 -23.2168 -126.688 -50.1986 -22.1429 -50.4592
46.8329 -23.3277 -126.94 -50.3456 -22.21 -50.4035
46.5808 -23.4389 -127.192 -50.4928 -22.2772 -50.3473
46.328 -23.5505 -127.444 -50.6402 -22.3446 -50.2906
46.0744 -23.6624 -127.695 -50.7878 -22.412 -50.2335
45.8201 -23.7746 -127.946 -50.9356 -22.4796 -50.1759
45.5651 -23.8872 -128.197 -51.0836 -22.5472 -50.1179
45.3093 -24.0001 -128.447 -51.2317 -22.615 -50.0593
45.0528 -24.1133 -128.697 -51.3801 -22.683 -50.0003
44.7955 -24.2269 -128.947 -51.5287 -22.751 -49.9409
44.5375 -24.3408 -129.197 -51.6775 -22.8191 -49.8809
44.2787 -24.4551 -129.446 -51.8264 -22.8874 -49.8205
44.0192 -24.5697 -129.695 -51.9756 -22.9558 -49.7595
43.759 -24.6846 -129.944 -52.1249 -23.0243 -49.6981
43.498 -24.7999 -130.192 -52.2745 -23.0929 -49.6362
43.2362 -24.9156 -130.44 -52.4242 -23.1616 -49.5739
42.9737 -25.0316 -130.688 -52.5741 -23.2304 -49.511
42.7105 -25.1479 -130.935 -52.7243 -23.2994 -49.4476
42.4465 -25.2646 -131.182 -52.8746 -23.3685 -49.3838
42.1817 -25.3816 -131.429 -53.0251 -23.4377 -49.3194
41.9162 -25.4989 -131.675 -53.1758 -23.507 -49.2545
41.65 -25.6166 -131.921 -53.3267 -23.5764 -49.1892
41.383 -25.7347 -132.167 -53.4778 -23.6459 -49.1233
41.1152 -25.8531 -132.413 -53.629 -23.7156 -49.0569
40.8467 -25.9718 -132.658 -53.7805 -23.7853 -48.99
40.5774 -26.0909 -132.902 -53.9321 -23.8552 -48.9226
40.3074 -26.2104 -133.147 -54.084 -23.9252 -48.8546
40.0366 -26.3302 -133.391 -54.236 -23.9953 -48.7862
39.765 -26.4504 -133.635 -54.3882 -24.0656 -48.7172
39.4927 -26.5709 -133.878 -54.5406 -24.1359 -48.6477
39.2196 -26.6917 -134.121 -54.6932 -24.2063 -48.5777
38.9457 -26.8129 -134.364 -54.8459 -24.2769 -48.5071
38.6711 -26.9345 -134.606 -54.9989 -24.3476 -48.4361
38.3958 -27.0564 -134.848 -55.152 -24.4184 -48.3644
38.1196 -27.1787 -135.09 -55.3053 -24.4893 -48.2923
37.8427 -27.3013 -135.331 -55.4588 -24.5603 -48.2196
37.565 -27.4243 -135.572 -55.6125 -24.6314 -48.1463
37.2866 -27.5476 -135.813 -55.7663 -24.7026 -48.0726
37.0074 -27.6713 -136.053 -55.9204 -24.774 -47.9982
36.7274 -27.7953 -136.293 -56.0746 -24.8455 -47.9233
36.4466 -27.9197 -136.532 -56.229 -24.917 -47.8479
36.1651 -28.0445 -136.771 -56.3836 -24.9887 -47.7719
35.8828 -28.1696 -137.01 -56.5383 -25.0605 -47.6953
35.5997 -28.2951 -137.248 -56.6932 -25.1324 -47.6182
35.3158 -28.421 -137.486 -56.8483 -25.2044 -47.5406
35.0312 -28.5472 -137.724 -57.0036 -25.2766 -47.4623
34.7458 -28.6737 -137.961 -57.159 -25.3488 -47.3835
34.4596 -28.8006 -138.197 -57.3147 -25.4211 -47.3041
34.1727 -28.9279 -138.434 -57.4704 -25.4936 -47.2241
33.8849 -29.0556 -138.67 -57.6264 -25.5661 -47.1436
33.5964 -29.1836 -138.905 -57.7825 -25.6388 -47.0625
33.3071 -29.312 -139.14 -57.9388 -25.7116 -46.9807
33.017 -29.4407 -139.375 -58.0953 -25.7845 -46.8984
32.7261 -29.5698 -139.609 -58.2519 -25.8575 -46.8156
32.4345 -29.6993 -139.843 -58.4087 -25.9306 -46.7321
32.1421 -29.8291 -140.077 -58.5657 -26.0038 -46.648
31.8488 -29.9593 -140.31 -58.7228 -26.0771 -46.5633
31.5548 -30.0899 -140.542 -58.8801 -26.1505 -46.478
31.26 -30.2208 -140.774 -59.0375 -26.224 -46.3922
30.9645 -30.3521 -141.006 -59.1951 -26.2976 -46.3057
30.6681 -30.4838 -141.237 -59.3529 -26.3714 -46.2186
30.3709 -30.6158 -141.468 -59.5108 -26.4452 -46.1309
30.073 -30.7483 -141.699 -59.6689 -26.5191 -46.0425
29.7742 -30.881 -141.929 -59.8272 -26.5932 -45.9536
29.4747 -31.0142 -142.158 -59.9855 -26.6673 -45.864
29.1744 -31.1477 -142.387 -60.1441 -26.7415 -45.7738
28.8733 -31.2816 -142.616 -60.3028 -26.8159 -45.683
28.5713 -31.4159 -142.844 -60.4616 -26.8903 -45.5915
28.2686 -31.5505 -143.072 -60.6206 -26.9649 -45.4994
27.9651 -31.6855 -143.299 -60.7798 -27.0395 -45.4067
27.6608 -31.8209 -143.526 -60.9391 -27.1142 -45.3133
27.3558 -31.9567 -143.752 -61.0985 -27.1891 -45.2192
27.0499 -32.0928 -143.978 -61.2581 -27.264 -45.1246
26.7432 -32.2293 -144.204 -61.4178 -27.3391 -45.0292
26.4357 -32.3662 -144.428 -61.5777 -27.4142 -44.9333
26.1274 -32.5034 -144.653 -61.7377 -27.4894 -44.8366
25.8183 -32.6411 -144.877 -61.8978 -27.5647 -44.7393
25.5084 -32.7791 -145.1 -62.0581 -27.6401 -44.6414
25.1977 -32.9175 -145.323 -62.2186 -27.7157 -44.5427
24.8862 -33.0562 -145.546 -62.3791 -27.7913 -44.4434
24.5739 -33.1954 -145.768 -62.5398 -27.867 -44.3435
24.2608 -33.3349 -145.989 -62.7006 -27.9427 -44.2428
23.9469 -33.4748 -146.21 -62.8616 -28.0186 -44.1415
23.6322 -33.6151 -146.431 -63.0226 -28.0946 -44.0394
23.3167 -33.7558 -146.651 -63.1838 -28.1707 -43.9367
23.0004 -33.8968 -146.87 -63.3452 -28.2468 -43.8333
22.6832 -34.0382 -147.089 -63.5066 -28.323 -43.7293
22.3653 -34.18 -147.307 -63.6682 -28.3994 -43.6245
22.0466 -34.3222 -147.525 -63.8299 -28.4758 -43.519
21.727 -34.4648 -147.742 -63.9917 -28.5523 -43.4128
21.4067 -34.6077 -147.959 -64.1536 -28.6289 -43.3059
21.0855 -34.7511 -148.175 -64.3157 -28.7055 -43.1982
20.7635 -34.8948 -148.391 -64.4778 -28.7823 -43.0899
20.4407 -35.0389 -148.606 -64.6401 -28.8591 -42.9809
20.1171 -35.1834 -148.821 -64.8025 -28.936 -42.8711
19.7927 -35.3283 -149.035 -64.9649 -29.013 -42.7606
19.4674 -35.4735 -149.249 -65.1275 -29.0901 -42.6494
19.1414 -35.6192 -149.462 -65.2902 -29.1672 -42.5374
18.8145 -35.7652 -149.674 -65.453 -29.2445 -42.4247
18.4869 -35.9116 -149.886 -65.6159 -29.3218 -42.3113
18.1584 -36.0584 -150.097 -65.7789 -29.3992 -42.1971
17.8291 -36.2056 -150.308 -65.942 -29.4766 -42.0822
17.499 -36.3532 -150.518 -66.1052 -29.5541 -41.9665
17.168 -36.5011 -150.727 -66.2685 -29.6318 -41.8501
16.8363 -36.6495 -150.936 -66.4318 -29.7094 -41.7329
16.5037 -36.7982 -151.145 -66.5953 -29.7872 -41.6149
16.1703 -36.9474 -151.353 -66.7589 -29.865 -41.4962
15.8361 -37.0969 -151.56 -66.9225 -29.9429 -41.3767
15.5011 -37.2468 -151.766 -67.0862 -30.0208 -41.2564
15.1653 -37.3971 -151.972 -67.25 -30.0989 -41.1354
14.8286 -37.5478 -152.178 -67.4139 -30.177 -41.0136
14.4911 -37.6989 -152.382 -67.5778 -30.2551 -40.891
14.1528 -37.8503 -152.587 -67.7418 -30.3333 -40.7676
13.8137 -38.0022 -152.79 -67.9059 -30.4116 -40.6434
13.4738 -38.1544 -152.993 -68.0701 -30.4899 -40.5184
13.133 -38.3071 -153.195 -68.2343 -30.5683 -40.3927
12.7914 -38.4601 -153.397 -68.3986 -30.6468 -40.2661
12.449 -38.6136 -153.598 -68.563 -30.7253 -40.1387
12.1058 -38.7674 -153.798 -68.7274 -30.8039 -40.0105
11.7617 -38.9216 -153.998 -68.8919 -30.8825 -39.8815
11.4169 -39.0762 -154.197 -69.0564 -30.9612 -39.7517
11.0712 -39.2312 -154.396 -69.221 -31.0399 -39.621
10.7247 -39.3866 -154.593 -69.3856 -31.1187 -39.4896
10.3773 -39.5424 -154.79 -69.5503 -31.1975 -39.3573
10.0292 -39.6986 -154.987 -69.715 -31.2764 -39.2241
9.68017 -39.8552 -155.183 -69.8798 -31.3553 -39.0902
9.33036 -40.0121 -155.378 -70.0446 -31.4343 -38.9553
8.97973 -40.1695 -155.572 -70.2095 -31.5133 -38.8197
8.62827 -40.3273 -155.766 -70.3743 -31.5924 -38.6832
8.27598 -40.4854 -155.959 -70.5393 -31.6715 -38.5458
7.92288 -40.644 -156.152 -70.7042 -31.7506 -38.4076
7.56894 -40.8029 -156.343 -70.8692 -31.8298 -38.2685
7.21418 -40.9623 -156.534 -71.0342 -31.909 -38.1286
6.8586 -41.122 -156.724 -71.1992 -31.9883 -37.9878
6.50219 -41.2822 -156.914 -71.3643 -32.0676 -37.8461
6.14496 -41.4427 -157.103 -71.5293 -32.1469 -37.7035
5.7869 -41.6036 -157.291 -71.6944 -32.2263 -37.5601
5.42801 -41.765 -157.479 -71.8595 -32.3056 -37.4158
5.0683 -41.9267 -157.665 -72.0246 -32.3851 -37.2706
4.70777 -42.0888 -157.851 -72.1897 -32.4645 -37.1245
4.34641 -42.2513 -158.037 -72.3548 -32.544 -36.9775
3.98422 -42.4143 -158.221 -72.5199 -32.6235 -36.8296
3.62121 -42.5776 -158.405 -72.685 -32.703 -36.6807
3.25737 -42.7413 -158.588 -72.8501 -32.7825 -36.531
2.89271 -42.9054 -158.77 -73.0152 -32.862 -36.3804
2.52722 -43.0699 -158.952 -73.1803 -32.9416 -36.2289
2.1609 -43.2348 -159.132 -73.3453 -33.0212 -36.0764
1.79376 -43.4001 -159.312 -73.5104 -33.1008 -35.923
1.4258 -43.5658 -159.492 -73.6754 -33.1804 -35.7687
1.05701 -43.7319 -159.67 -73.8404 -33.26 -35.6134
0.687396 -43.8984 -159.848 -74.0054 -33.3397 -35.4573
0.316957 -44.0653 -160.025 -74.1703 -33.4193 -35.3001
-0.0543067 -44.2326 -160.201 -74.3352 -33.4989 -35.1421
-0.426395 -44.4003 -160.376 -74.5001 -33.5786 -34.983
-0.799307 -44.5684 -160.551 -74.6649 -33.6582 -34.8231
-1.17304 -44.7369 -160.724 -74.8297 -33.7379 -34.6621
-1.5476 -44.9058 -160.897 -74.9944 -33.8175 -34.5002
-1.92299 -45.0751 -161.069 -75.1591 -33.8972 -34.3374
-2.29919 -45.2447 -161.241 -75.3237 -33.9768 -34.1736
-2.67622 -45.4148 -161.411 -75.4883 -34.0564 -34.0088
-3.05408 -45.5853 -161.581 -75.6528 -34.1361 -33.843
-3.43275 -45.7562 -161.749 -75.8172 -34.2157 -33.6762
-3.81225 -45.9275 -161.917 -75.9816 -34.2953 -33.5085
-4.19257 -46.0991 -162.085 -76.1459 -34.3749 -33.3397
-4.57371 -46.2712 -162.251 -76.3101 -34.4544 -33.17
-4.95567 -46.4437 -162.416 -76.4743 -34.534 -32.9993
-5.33845 -46.6166 -162.581 -76.6383 -34.6135 -32.8276
-5.72205 -46.7898 -162.745 -76.8023 -34.693 -32.6548
-6.10647 -46.9635 -162.907 -76.9661 -34.7725 -32.4811
-6.49171 -47.1375 -163.069 -77.1299 -34.8519 -32.3063
-6.87777 -47.312 -163.23 -77.2936 -34.9314 -32.1305
-7.26465 -47.4869 -163.391 -77.4572 -35.0107 -31.9537
-7.65234 -47.6621 -163.55 -77.6206 -35.0901 -31.7759
-8.04086 -47.8378 -163.708 -77.784 -35.1694 -31.597
-8.43018 -48.0138 -163.866 -77.9472 -35.2487 -31.4171
-8.82033 -48.1902 -164.023 -78.1104 -35.328 -31.2362
-9.21129 -48.3671 -164.178 -78.2734 -35.4072 -31.0542
-9.60306 -48.5443 -164.333 -78.4362 -35.4863 -30.8712
-9.99565 -48.7219 -164.487 -78.5989 -35.5655 -30.6871
-10.3891 -48.9 -164.64 -78.7615 -35.6445 -30.502
-10.7833 -49.0784 -164.792 -78.924 -35.7236 -30.3158
-11.1783 -49.2572 -164.943 -79.0863 -35.8025 -30.1285
-11.5741 -49.4364 -165.093 -79.2484 -35.8814 -29.9402
-11.9708 -49.616 -165.243 -79.4104 -35.9603 -29.7508
-12.3682 -49.796 -165.391 -79.5723 -36.0391 -29.5604
-12.7665 -49.9764 -165.538 -79.734 -36.1178 -29.3688
-13.1656 -50.1572 -165.685 -79.8955 -36.1965 -29.1762
-13.5655 -50.3384 -165.83 -80.0568 -36.2751 -28.9824
-13.9661 -50.5199 -165.974 -80.2179 -36.3536 -28.7876
-14.3676 -50.7019 -166.118 -80.3789 -36.4321 -28.5917
-14.7699 -50.8843 -166.26 -80.5397 -36.5105 -28.3947
-15.173 -51.067 -166.402 -80.7003 -36.5888 -28.1966
-15.5769 -51.2501 -166.542 -80.8607 -36.6671 -27.9973
-15.9816 -51.4337 -166.682 -81.0209 -36.7452 -27.797
-16.3871 -51.6176 -166.82 -81.1808 -36.8233 -27.5955
-16.7934 -51.8019 -166.958 -81.3406 -36.9013 -27.3929
-17.2005 -51.9866 -167.094 -81.5001 -36.9792 -27.1892
-17.6084 -52.1717 -167.23 -81.6595 -37.057 -26.9844
-18.0171 -52.3572 -167.364 -81.8186 -37.1347 -26.7784
-18.4266 -52.5431 -167.497 -81.9774 -37.2123 -26.5713
-18.8369 -52.7293 -167.63 -82.136 -37.2899 -26.3631
-19.248 -52.9159 -167.761 -82.2944 -37.3673 -26.1537
-19.6599 -53.103 -167.891 -82.4525 -37.4446 -25.9432
-20.0725 -53.2904 -168.02 -82.6104 -37.5218 -25.7315
-20.486 -53.4782 -168.149 -82.768 -37.5989 -25.5186
-20.9002 -53.6664 -168.276 -82.9253 -37.6759 -25.3046
-21.3152 -53.855 -168.402 -83.0824 -37.7528 -25.0894
-21.731 -54.0439 -168.526 -83.2392 -37.8296 -24.8731
-22.1476 -54.2332 -168.65 -83.3957 -37.9062 -24.6556
-22.565 -54.423 -168.773 -83.5519 -37.9827 -24.4369
-22.9831 -54.6131 -168.895 -83.7078 -38.0591 -24.217
-23.4021 -54.8036 -169.015 -83.8635 -38.1354 -23.996
-23.8218 -54.9944 -169.135 -84.0188 -38.2115 -23.7737
-24.2422 -55.1857 -169.253 -84.1738 -38.2875 -23.5503
-24.6635 -55.3773 -169.37 -84.3284 -38.3634 -23.3257
-25.0855 -55.5693 -169.486 -84.4828 -38.4391 -23.0998
-25.5083 -55.7617 -169.601 -84.6368 -38.5147 -22.8728
-25.9319 -55.9545 -169.715 -84.7905 -38.5901 -22.6446
-26.3562 -56.1476 -169.828 -84.9438 -38.6654 -22.4151
-26.7813 -56.3411 -169.939 -85.0968 -38.7405 -22.1844
-27.2072 -56.535 -170.049 -85.2495 -38.8155 -21.9526
-27.6338 -56.7293 -170.159 -85.4017 -38.8903 -21.7195
-28.0612 -56.9239 -170.267 -85.5536 -38.965 -21.4851
-28.4894 -57.1189 -170.373 -85.7052 -39.0395 -21.2496
-28.9183 -57.3143 -170.479 -85.8563 -39.1139 -21.0128
-29.3479 -57.5101 -170.584 -86.0071 -39.188 -20.7748
-29.7783 -57.7062 -170.687 -86.1574 -39.262 -20.5355
-30.2095 -57.9027 -170.789 -86.3074 -39.3359 -20.295
-30.6414 -58.0995 -170.89 -86.4569 -39.4095 -20.0532
-31.0741 -58.2968 -170.989 -86.6061 -39.483 -19.8102
-31.5075 -58.4944 -171.088 -86.7548 -39.5562 -19.5659
-31.9416 -58.6923 -171.185 -86.903 -39.6293 -19.3204
-32.3765 -58.8907 -171.281 -87.0509 -39.7022 -19.0736
-32.8121 -59.0893 -171.376 -87.1983 -39.775 -18.8256
-33.2485 -59.2884 -171.469 -87.3452 -39.8475 -18.5763
-33.6856 -59.4878 -171.562 -87.4917 -39.9198 -18.3257
-34.1234 -59.6876 -171.653 -87.6378 -39.9919 -18.0738
-34.562 -59.8877 -171.742 -87.7833 -40.0638 -17.8207
-35.0012 -60.0882 -171.831 -87.9284 -40.1355 -17.5663
-35.4412 -60.2891 -171.918 -88.073 -40.207 -17.3106
-35.882 -60.4903 -172.004 -88.2171 -40.2783 -17.0536
-36.3234 -60.6919 -172.089 -88.3607 -40.3493 -16.7953
-36.7656 -60.8938 -172.172 -88.5038 -40.4202 -16.5357
-37.2084 -61.0961 -172.254 -88.6463 -40.4908 -16.2748
-37.652 -61.2987 -172.335 -88.7884 -40.5612 -16.0126
-38.0963 -61.5017 -172.414 -88.9299 -40.6314 -15.7491
-38.5413 -61.705 -172.492 -89.0709 -40.7013 -15.4843
-38.987 -61.9087 -172.569 -89.2113 -40.771 -15.2182
-39.4334 -62.1127 -172.644 -89.3512 -40.8404 -14.9508
-39.8805 -62.3171 -172.718 -89.4905 -40.9097 -14.6821
-40.3283 -62.5218 -172.791 -89.6292 -40.9786 -14.412
-40.7768 -62.7269 -172.863 -89.7674 -41.0474 -14.1406
-41.226 -62.9323 -172.933 -89.905 -41.1158 -13.8679
-41.6759 -63.138 -173.001 -90.042 -41.1841 -13.5938
-42.1264 -63.3441 -173.068 -90.1784 -41.252 -13.3185
-42.5777 -63.5506 -173.134 -90.3141 -41.3197 -13.0418
-43.0296 -63.7573 -173.199 -90.4493 -41.3872 -12.7637
-43.4822 -63.9644 -173.262 -90.5838 -41.4544 -12.4843
-43.9354 -64.1719 -173.324 -90.7177 -41.5213 -12.2036
-44.3893 -64.3796 -173.384 -90.851 -41.588 -11.9215
-44.8439 -64.5878 -173.443 -90.9836 -41.6544 -11.6381
-45.2992 -64.7962 -173.5 -91.1155 -41.7205 -11.3533
-45.7551 -65.005 -173.556 -91.2468 -41.7863 -11.0671
-46.2116 -65.2141 -173.611 -91.3774 -41.8519 -10.7796
-46.6689 -65.4235 -173.664 -91.5073 -41.9172 -10.4908
-47.1267 -65.6332 -173.716 -91.6365 -41.9822 -10.2005
-47.5852 -65.8433 -173.766 -91.765 -42.0469 -9.90893
-48.0444 -66.0537 -173.815 -91.8927 -42.1113 -9.61597
-48.5042 -66.2644 -173.862 -92.0198 -42.1755 -9.32163
-48.9646 -66.4754 -173.908 -92.1461 -42.2394 -9.02593
-49.4256 -66.6868 -173.953 -92.2717 -42.3029 -8.72884
-49.8873 -66.8985 -173.996 -92.3965 -42.3662 -8.43038
-50.3496 -67.1105 -174.037 -92.5206 -42.4292 -8.13054
-50.8125 -67.3228 -174.077 -92.6439 -42.4919 -7.82932
-51.276 -67.5354 -174.115 -92.7664 -42.5543 -7.52671
-51.7402 -67.7483 -174.152 -92.8881 -42.6163 -7.22272
-52.2049 -67.9615 -174.188 -93.009 -42.6781 -6.91734
-52.6702 -68.1751 -174.221 -93.1291 -42.7396 -6.61057
-53.1362 -68.3889 -174.254 -93.2484 -42.8008 -6.3024
-53.6027 -68.6031 -174.284 -93.3669 -42.8617 -5.99285
-54.0699 -68.8176 -174.314 -93.4845 -42.9223 -5.6819
-54.5376 -69.0323 -174.341 -93.6012 -42.9826 -5.36956
-55.0059 -69.2474 -174.367 -93.7171 -43.0425 -5.05582
-55.4747 -69.4627 -174.392 -93.832 -43.1022 -4.74068
-55.9442 -69.6784 -174.415 -93.9461 -43.1616 -4.42415
-56.4142 -69.8944 -174.436 -94.0593 -43.2206 -4.10621
-56.8848 -70.1106 -174.456 -94.1716 -43.2794 -3.78688
-57.3559 -70.3272 -174.474 -94.2829 -43.3378 -3.46615
-57.8276 -70.544 -174.49 -94.3933 -43.396 -3.14402
-58.2998 -70.7611 -174.505 -94.5028 -43.4538 -2.82049
-58.7726 -70.9785 -174.519 -94.6112 -43.5113 -2.49557
-59.246 -71.1962 -174.53 -94.7187 -43.5686 -2.16924
-59.7198 -71.4142 -174.54 -94.8252 -43.6255 -1.84152
-60.1942 -71.6325 -174.549 -94.9307 -43.6821 -1.51241
-60.6691 -71.851 -174.555 -95.0351 -43.7384 -1.18191
-61.1446 -72.0699 -174.561 -95.1385 -43.7944 -0.85001
-61.6205 -72.289 -174.564 -95.2409 -43.8501 -0.516725
-62.097 -72.5084 -174.566 -95.3422 -43.9054 -0.182055
-62.5739 -72.728 -174.566 -95.4424 -43.9605 0.153997
-63.0514 -72.948 -174.564 -95.5415 -44.0153 0.491429
-63.5293 -73.1682 -174.561 -95.6395 -44.0697 0.830235
-64.0078 -73.3887 -174.556 -95.7363 -44.1239 1.17041
-64.4867 -73.6094 -174.549 -95.832 -44.1777 1.51196
-64.9661 -73.8304 -174.541 -95.9265 -44.2313 1.85486
-65.446 -74.0517 -174.531 -96.0199 -44.2845 2.19912
-65.9263 -74.2733 -174.519 -96.112 -44.3374 2.54473
-66.4071 -74.4951 -174.505 -96.2029 -44.39 2.89168
-66.8883 -74.7172 -174.49 -96.2926 -44.4423 3.23996
-67.37 -74.9395 -174.473 -96.381 -44.4943 3.58958
-67.8521 -75.1621 -174.454 -96.4681 -44.546 3.94051
-68.3347 -75.385 -174.433 -96.554 -44.5973 4.29276
-68.8177 -75.6081 -174.411 -96.6385 -44.6483 4.64631
-69.3011 -75.8315 -174.387 -96.7217 -44.699 5.00116
-69.7849 -76.0551 -174.361 -96.8036 -44.7494 5.35728
-70.2691 -76.279 -174.333 -96.8841 -44.7994 5.71469
-70.7537 -76.5031 -174.304 -96.9632 -44.8491 6.07335
-71.2387 -76.7274 -174.273 -97.0409 -44.8985 6.43327
-71.7241 -76.9521 -174.239 -97.1172 -44.9475 6.79444
-72.2099 -77.1769 -174.205 -97.1921 -44.9961 7.15683
-72.6961 -77.402 -174.168 -97.2655 -45.0444 7.52044
-73.1826 -77.6274 -174.129 -97.3374 -45.0923 7.88525
-73.6694 -77.8529 -174.089 -97.4078 -45.1399 8.25126
-74.1567 -78.0788 -174.047 -97.4767 -45.1871 8.61845
-74.6442 -78.3048 -174.003 -97.5441 -45.2339 8.98681
-75.1321 -78.5311 -173.957 -97.61 -45.2802 9.35632
-75.6203 -78.7576 -173.909 -97.6743 -45.3262 9.72697
-76.1088 -78.9844 -173.86 -97.737 -45.3718 10.0988
-76.5977 -79.2113 -173.808 -97.7981 -45.417 10.4716
-77.0868 -79.4385 -173.755 -97.8577 -45.4617 10.8456
-77.5762 -79.6659 -173.7 -97.9156 -45.506 11.2207
-78.066 -79.8936 -173.643 -97.9719 -45.5498 11.5969
-78.556 -80.1214 -173.584 -98.0265 -45.5932 11.9741
-79.0462 -80.3495 -173.523 -98.0795 -45.6361 12.3524
-79.5368 -80.5778 -173.46 -98.1308 -45.6785 12.7317
-80.0275 -80.8063 -173.396 -98.1804 -45.7205 13.112
-80.5186 -81.035 -173.329 -98.2283 -45.7619 13.4933
-81.0098 -81.2639 -173.261 -98.2745 -45.8028 13.8756
-81.5013 -81.493 -173.191 -98.319 -45.8432 14.2589
-81.993 -81.7223 -173.118 -98.3618 -45.8831 14.6432
-82.4849 -81.9519 -173.044 -98.4029 -45.9224 15.0284
-82.977 -82.1816 -172.968 -98.4421 -45.9612 15.4146
-83.4693 -82.4115 -172.89 -98.4797 -45.9993 15.8016
-83.9618 -82.6416 -172.81 -98.5154 -46.037 16.1897
-84.4545 -82.8718 -172.728 -98.5494 -46.074 16.5786
-84.9473 -83.1023 -172.644 -98.5816 -46.1104 16.9684
-85.4403 -83.3329 -172.558 -98.612 -46.1463 17.3591
-85.9334 -83.5638 -172.471 -98.6407 -46.1815 17.7506
-86.4267 -83.7948 -172.381 -98.6675 -46.2161 18.1431
-86.9201 -84.0259 -172.289 -98.6925 -46.25 18.5364
-87.4136 -84.2573 -172.196 -98.7157 -46.2833 18.9305
-87.9073 -84.4888 -172.1 -98.737 -46.316 19.3254
-88.401 -84.7204 -172.002 -98.7565 -46.348 19.7212
-88.8948 -84.9522 -171.903 -98.7742 -46.3793 20.1177
-89.3887 -85.1842 -171.801 -98.7901 -46.4099 20.5151
-89.8827 -85.4163 -171.698 -98.804 -46.4399 20.9133
-90.3768 -85.6486 -171.592 -98.8162 -46.4692 21.3122
-90.8709 -85.881 -171.484 -98.8264 -46.4977 21.7119
-91.365 -86.1136 -171.375 -98.8348 -46.5256 22.1123
-91.8592 -86.3463 -171.263 -98.8413 -46.5527 22.5135
-92.3535 -86.5791 -171.15 -98.846 -46.5791 22.9155
-92.8477 -86.8121 -171.034 -98.8487 -46.6048 23.3181
-93.3419 -87.0452 -170.917 -98.8496 -46.6297 23.7215
-93.8362 -87.2784 -170.797 -98.8486 -46.6539 24.1256
-94.3304 -87.5117 -170.675 -98.8456 -46.6774 24.5304
-94.8246 -87.7451 -170.552 -98.8408 -46.7001 24.9358
-95.3188 -87.9787 -170.426 -98.834 -46.722 25.342
-95.813 -88.2124 -170.298 -98.8254 -46.7432 25.7488
-96.3071 -88.4461 -170.168 -98.8148 -46.7636 26.1563
-96.8011 -88.68 -170.037 -98.8022 -46.7832 26.5644
-97.2951 -88.914 -169.903 -98.7878 -46.802 26.9731
-97.789 -89.148 -169.767 -98.7714 -46.8201 27.3825
-98.2828 -89.3821 -169.629 -98.753 -46.8374 27.7925
-98.7765 -89.6164 -169.489 -98.7327 -46.8538 28.2031
-99.2702 -89.8507 -169.347 -98.7105 -46.8695 28.6142
-99.7636 -90.0851 -169.203 -98.6863 -46.8844 29.026
-100.257 -90.3195 -169.057 -98.6601 -46.8984 29.4383
-100.75 -90.5541 -168.908 -98.632 -46.9117 29.8512
-101.243 -90.7886 -168.758 -98.6019 -46.9241 30.2647
-101.736 -91.0233 -168.606 -98.5698 -46.9357 30.6787
-102.229 -91.258 -168.451 -98.5357 -46.9465 31.0932
-102.722 -91.4928 -168.295 -98.4996 -46.9565 31.5082
-103.214 -91.7276 -168.136 -98.4616 -46.9656 31.9237
-103.706 -91.9624 -167.976 -98.4215 -46.9739 32.3397
-104.198 -92.1973 -167.813 -98.3794 -46.9813 32.7562
-104.69 -92.4322 -167.648 -98.3353 -46.988 33.1732
-105.182 -92.6672 -167.481 -98.2892 -46.9937 33.5906
-105.673 -92.9022 -167.312 -98.2411 -46.9986 34.0084
-106.164 -93.1372 -167.141 -98.191 -47.0027 34.4267
-106.655 -93.3722 -166.968 -98.1388 -47.0059 34.8454
-107.145 -93.6072 -166.793 -98.0846 -47.0082 35.2645
-107.636 -93.8423 -166.615 -98.0283 -47.0097 35.684
-108.126 -94.0773 -166.436 -97.97 -47.0103 36.1038
-108.615 -94.3124 -166.254 -97.9097 -47.0101 36.524
-109.105 -94.5474 -166.071 -97.8473 -47.009 36.9446
-109.594 -94.7825 -165.885 -97.7829 -47.007 37.3655
-110.083 -95.0175 -165.697 -97.7163 -47.0041 37.7867
-110.571 -95.2525 -165.507 -97.6478 -47.0003 38.2082
-111.059 -95.4875 -165.315 -97.5771 -46.9957 38.63
-111.547 -95.7225 -165.121 -97.5044 -46.9902 39.0521
-112.034 -95.9574 -164.924 -97.4296 -46.9837 39.4745
-112.521 -96.1923 -164.726 -97.3527 -46.9764 39.8971
-113.008 -96.4272 -164.525 -97.2737 -46.9682 40.3199
-113.494 -96.662 -164.323 -97.1927 -46.9591 40.743
-113.98 -96.8967 -164.118 -97.1095 -46.9491 41.1662
-114.465 -97.1315 -163.911 -97.0242 -46.9382 41.5896
-114.95 -97.3661 -163.702 -96.9369 -46.9263 42.0132
-115.434 -97.6007 -163.491 -96.8474 -46.9136 42.437
-115.918 -97.8353 -163.278 -96.7558 -46.8999 42.8609
-116.402 -98.0697 -163.062 -96.6622 -46.8853 43.2849
-116.885 -98.3041 -162.845 -96.5664 -46.8698 43.709
-117.367 -98.5384 -162.625 -96.4685 -46.8534 44.1332
-117.85 -98.7726 -162.403 -96.3684 -46.8361 44.5575
-118.331 -99.0068 -162.18 -96.2663 -46.8178 44.9819
-118.812 -99.2408 -161.954 -96.162 -46.7986 45.4062
-119.293 -99.4748 -161.726 -96.0556 -46.7784 45.8306
-119.773 -99.7086 -161.495 -95.9471 -46.7574 46.255
-120.252 -99.9423 -161.263 -95.8364 -46.7353 46.6794
-120.731 -100.176 -161.029 -95.7236 -46.7124 47.1038
-121.209 -100.409 -160.792 -95.6086 -46.6885 47.5281
-121.687 -100.643 -160.553 -95.4916 -46.6636 47.9524
-122.164 -100.876 -160.312 -95.3724 -46.6378 48.3765
-122.641 -101.109 -160.069 -95.251 -46.6111 48.8006
-123.117 -101.342 -159.824 -95.1275 -46.5833 49.2246
-123.592 -101.575 -159.577 -95.0019 -46.5547 49.6484
-124.067 -101.808 -159.328 -94.8741 -46.5251 50.0721
-124.541 -102.04 -159.077 -94.7441 -46.4945 50.4956
-125.014 -102.273 -158.823 -94.6121 -46.4629 50.9189
-125.487 -102.505 -158.567 -94.4778 -46.4304 51.3419
-125.959 -102.737 -158.31 -94.3415 -46.3969 51.7648
-126.431 -102.969 -158.05 -94.2029 -46.3624 52.1874
-126.901 -103.201 -157.788 -94.0623 -46.327 52.6098
-127.371 -103.432 -157.524 -93.9195 -46.2906 53.0319
-127.84 -103.664 -157.257 -93.7745 -46.2532 53.4536
-128.309 -103.895 -156.989 -93.6274 -46.2148 53.8751
-128.777 -104.126 -156.719 -93.4781 -46.1755 54.2962
-129.244 -104.356 -156.446 -93.3267 -46.1352 54.7169
-129.71 -104.587 -156.171 -93.1732 -46.0939 55.1373
-130.175 -104.817 -155.895 -93.0175 -46.0516 55.5573
-130.64 -105.048 -155.616 -92.8596 -46.0083 55.9768
-131.104 -105.277 -155.335 -92.6997 -45.964 56.3959
-131.567 -105.507 -155.052 -92.5376 -45.9188 56.8146
-132.029 -105.737 -154.767 -92.3733 -45.8725 57.2328
-132.491 -105.966 -154.48 -92.2069 -45.8253 57.6504
-132.951 -106.195 -154.19 -92.0384 -45.777 58.0676
-133.411 -106.424 -153.899 -91.8677 -45.7278 58.4842
-133.87 -106.652 -153.605 -91.695 -45.6776 58.9003
-134.328 -106.88 -153.31 -91.5201 -45.6263 59.3158
-134.785 -107.108 -153.012 -91.343 -45.5741 59.7307
-135.242 -107.336 -152.713 -91.1639 -45.5209 60.145
-135.697 -107.564 -152.411 -90.9826 -45.4667 60.5586
-136.151 -107.791 -152.107 -90.7992 -45.4115 60.9716
-136.605 -108.018 -151.801 -90.6137 -45.3552 61.384
-137.058 -108.244 -151.493 -90.4261 -45.298 61.7956
-137.509 -108.471 -151.183 -90.2364 -45.2398 62.2065
-137.96 -108.697 -150.871 -90.0446 -45.1806 62.6167
-138.41 -108.923 -150.557 -89.8508 -45.1204 63.0261
-138.858 -109.148 -150.241 -89.6548 -45.0592 63.4347
-139.306 -109.373 -149.923 -89.4567 -44.9969 63.8426
-139.753 -109.598 -149.602 -89.2566 -44.9337 64.2496
-140.199 -109.823 -149.28 -89.0544 -44.8695 64.6558
-140.644 -110.047 -148.956 -88.8501 -44.8043 65.0611
-141.087 -110.271 -148.63 -88.6437 -44.738 65.4656
-141.53 -110.494 -148.301 -88.4353 -44.6708 65.8692
-141.972 -110.717 -147.971 -88.2249 -44.6026 66.2718
-142.412 -110.94 -147.639 -88.0124 -44.5334 66.6735
-142.852 -111.163 -147.304 -87.7978 -44.4632 67.0743
-143.29 -111.385 -146.968 -87.5813 -44.3919 67.474
-143.728 -111.607 -146.629 -87.3627 -44.3197 67.8728
-144.164 -111.828 -146.289 -87.1421 -44.2465 68.2706
-144.599 -112.049 -145.947 -86.9195 -44.1723 68.6673
-145.033 -112.27 -145.602 -86.6948 -44.0972 69.063
-145.466 -112.49 -145.256 -86.4682 -44.021 69.4576
-145.898 -112.71 -144.908 -86.2396 -43.9438 69.8511
-146.328 -112.929 -144.558 -86.009 -43.8657 70.2435
-146.758 -113.149 -144.205 -85.7765 -43.7865 70.6347
-147.186 -113.367 -143.851 -85.5419 -43.7064 71.0248
-147.613 -113.586 -143.495 -85.3055 -43.6253 71.4137
-148.039 -113.804 -143.137 -85.0671 -43.5433 71.8015
-148.464 -114.021 -142.777 -84.8267 -43.4602 72.188
-148.887 -114.238 -142.415 -84.5844 -43.3762 72.5733
-149.31 -114.455 -142.051 -84.3402 -43.2912 72.9573
-149.731 -114.671 -141.686 -84.0941 -43.2052 73.3401
-150.151 -114.887 -141.318 -83.8461 -43.1183 73.7215
-150.569 -115.102 -140.948 -83.5962 -43.0304 74.1017
-150.987 -115.317 -140.577 -83.3444 -42.9415 74.4806
-151.403 -115.532 -140.204 -83.0908 -42.8517 74.8581
-151.818 -115.746 -139.828 -82.8353 -42.7609 75.2342
-152.231 -115.959 -139.451 -82.5779 -42.6692 75.6089
-152.643 -116.172 -139.072 -82.3187 -42.5765 75.9823
-153.054 -116.385 -138.691 -82.0577 -42.4829 76.3542
-153.464 -116.597 -138.309 -81.7949 -42.3883 76.7247
-153.872 -116.809 -137.924 -81.5303 -42.2928 77.0938
-154.279 -117.02 -137.538 -81.2638 -42.1964 77.4613
-154.685 -117.231 -137.15 -80.9957 -42.099 77.8274
-155.089 -117.441 -136.76 -80.7257 -42.0007 78.192
-155.492 -117.651 -136.368 -80.454 -41.9015 78.555
-155.894 -117.86 -135.974 -80.1805 -41.8014 78.9166
-156.294 -118.069 -135.579 -79.9053 -41.7003 79.2765
-156.693 -118.277 -135.181 -79.6284 -41.5984 79.6349
-157.09 -118.485 -134.782 -79.3498 -41.4955 79.9917
-157.486 -118.692 -134.381 -79.0695 -41.3917 80.3468
-157.881 -118.899 -133.979 -78.7875 -41.2871 80.7004
-158.274 -119.105 -133.574 -78.5039 -41.1815 81.0523
-158.666 -119.311 -133.168 -78.2186 -41.0751 81.4025
-159.056 -119.516 -132.76 -77.9316 -40.9678 81.7511
-159.445 -119.72 -132.351 -77.6431 -40.8596 82.098
-159.833 -119.924 -131.939 -77.3529 -40.7505 82.4431
-160.219 -120.128 -131.526 -77.0611 -40.6405 82.7866
-160.603 -120.331 -131.111 -76.7678 -40.5297 83.1283
-160.986 -120.533 -130.695 -76.4728 -40.4181 83.4683
-161.368 -120.735 -130.277 -76.1764 -40.3055 83.8065
-161.748 -120.936 -129.857 -75.8784 -40.1922 84.1429
-162.127 -121.137 -129.435 -75.5788 -40.078 84.4775
-162.504 -121.337 -129.012 -75.2778 -39.9629 84.8103
-162.88 -121.536 -128.587 -74.9752 -39.8471 85.1413
-163.254 -121.735 -128.161 -74.6712 -39.7304 85.4704
-163.626 -121.934 -127.733 -74.3657 -39.6129 85.7977
-163.997 -122.131 -127.303 -74.0588 -39.4945 86.1231
-164.367 -122.329 -126.871 -73.7504 -39.3754 86.4467
-164.735 -122.525 -126.438 -73.4407 -39.2555 86.7683
-165.101 -122.721 -126.004 -73.1295 -39.1348 87.0881
-165.466 -122.917 -125.567 -72.8169 -39.0133 87.4059
