0 75 25 0 0 -49
-9.60512e-05 74.9998 24.7549 -0.0384516 -0.0717849 -49.0402
-0.000384556 74.9993 24.5096 -0.0769817 -0.143696 -49.0804
-0.000865908 74.9984 24.2641 -0.11559 -0.215733 -49.1205
-0.0015405 74.9971 24.0184 -0.154278 -0.287898 -49.1607
-0.00240873 74.9955 23.7725 -0.193045 -0.360189 -49.2008
-0.00347099 74.9935 23.5264 -0.231891 -0.432609 -49.2409
-0.00472768 74.9912 23.2801 -0.270817 -0.505156 -49.2809
-0.0061792 74.9885 23.0336 -0.309822 -0.577831 -49.321
-0.00782594 74.9854 22.7869 -0.348908 -0.650636 -49.361
-0.00966832 74.982 22.54 -0.388074 -0.723569 -49.401
-0.0117067 74.9782 22.2929 -0.42732 -0.796632 -49.441
-0.0139416 74.974 22.0456 -0.466647 -0.869825 -49.4809
-0.0163732 74.9695 21.7981 -0.506055 -0.943148 -49.5209
-0.0190022 74.9646 21.5503 -0.545544 -1.0166 -49.5608
-0.0218287 74.9593 21.3024 -0.585115 -1.09019 -49.6006
-0.0248533 74.9537 21.0543 -0.624767 -1.1639 -49.6405
-0.0280764 74.9477 20.806 -0.664501 -1.23775 -49.6803
-0.0314984 74.9413 20.5575 -0.704318 -1.31173 -49.7202
-0.0351197 74.9345 20.3088 -0.744216 -1.38585 -49.76
-0.0389406 74.9274 20.0599 -0.784198 -1.46009 -49.7997
-0.0429617 74.9199 19.8108 -0.824262 -1.53447 -49.8395
-0.0471833 74.9121 19.5615 -0.864409 -1.60899 -49.8792
-0.0516058 74.9039 19.312 -0.90464 -1.68363 -49.9189
-0.0562297 74.8952 19.0624 -0.944954 -1.75842 -49.9585
-0.0610554 74.8863 18.8125 -0.985352 -1.83333 -49.9982
-0.0660833 74.8769 18.5624 -1.02583 -1.90839 -50.0378
-0.0713138 74.8672 18.3121 -1.0664 -1.98358 -50.0774
-0.0767473 74.8571 18.0616 -1.10705 -2.0589 -50.117
-0.0823843 74.8466 17.8109 -1.14779 -2.13436 -50.1565
-0.0882252 74.8357 17.56 -1.18861 -2.20996 -50.196
-0.0942705 74.8245 17.309 -1.22951 -2.2857 -50.2355
-0.10052 74.8129 17.0577 -1.27051 -2.36158 -50.275
-0.106976 74.8009 16.8062 -1.31158 -2.43759 -50.3144
-0.113636 74.7885 16.5545 -1.35275 -2.51374 -50.3538
-0.120503 74.7757 16.3027 -1.394 -2.59003 -50.3932
-0.127576 74.7626 16.0506 -1.43533 -2.66647 -50.4326
-0.134856 74.7491 15.7983 -1.47676 -2.74304 -50.4719
-0.142344 74.7352 15.5459 -1.51827 -2.81975 -50.5112
-0.150039 74.7209 15.2932 -1.55987 -2.8966 -50.5505
-0.157943 74.7062 15.0404 -1.60155 -2.9736 -50.5897
-0.166055 74.6911 14.7873 -1.64332 -3.05073 -50.6289
-0.174376 74.6757 14.5341 -1.68519 -3.12801 -50.6681
-0.182907 74.6599 14.2807 -1.72714 -3.20543 -50.7073
-0.191647 74.6436 14.027 -1.76917 -3.283 -50.7464
-0.200598 74.627 13.7732 -1.8113 -3.3607 -50.7855
-0.20976 74.61 13.5192 -1.85352 -3.43856 -50.8246
-0.219134 74.5926 13.2649 -1.89583 -3.51655 -50.8636
-0.228719 74.5749 13.0105 -1.93822 -3.5947 -50.9026
-0.238516 74.5567 12.7559 -1.98071 -3.67298 -50.9416
-0.248526 74.5381 12.5011 -2.02328 -3.75142 -50.9806
-0.258749 74.5192 12.2461 -2.06595 -3.83 -51.0195
-0.269185 74.4998 11.9909 -2.10871 -3.90872 -51.0584
-0.279836 74.4801 11.7355 -2.15156 -3.9876 -51.0973
-0.290701 74.46 11.4799 -2.1945 -4.06662 -51.1361
-0.301781 74.4394 11.2242 -2.23753 -4.14579 -51.1749
-0.313076 74.4185 10.9682 -2.28065 -4.2251 -51.2137
-0.324588 74.3972 10.712 -2.32387 -4.30457 -51.2524
-0.336315 74.3755 10.4557 -2.36718 -4.38419 -51.2911
-0.348259 74.3533 10.1991 -2.41058 -4.46396 -51.3298
-0.360421 74.3308 9.94237 -2.45408 -4.54387 -51.3684
-0.3728 74.3079 9.68543 -2.49766 -4.62394 -51.407
-0.385398 74.2846 9.4283 -2.54135 -4.70416 -51.4456
-0.398214 74.2609 9.17098 -2.58512 -4.78453 -51.4841
-0.411249 74.2367 8.91346 -2.62899 -4.86506 -51.5226
-0.424504 74.2122 8.65575 -2.67296 -4.94574 -51.5611
-0.437979 74.1873 8.39785 -2.71702 -5.02657 -51.5996
-0.451674 74.1619 8.13975 -2.76117 -5.10755 -51.638
-0.46559 74.1362 7.88147 -2.80542 -5.18869 -51.6763
-0.479728 74.1101 7.62299 -2.84976 -5.26999 -51.7147
-0.494088 74.0835 7.36432 -2.89421 -5.35143 -51.753
-0.50867 74.0565 7.10546 -2.93874 -5.43304 -51.7912
-0.523475 74.0292 6.84641 -2.98338 -5.5148 -51.8295
-0.538504 74.0014 6.58717 -3.02811 -5.59672 -51.8677
-0.553757 73.9732 6.32773 -3.07294 -5.6788 -51.9058
-0.569233 73.9446 6.06811 -3.11787 -5.76103 -51.944
-0.584935 73.9156 5.80829 -3.16289 -5.84342 -51.982
-0.600862 73.8862 5.54829 -3.20801 -5.92598 -52.0201
-0.617015 73.8563 5.28809 -3.25323 -6.00869 -52.0581
-0.633395 73.8261 5.02771 -3.29855 -6.09156 -52.0961
-0.650001 73.7954 4.76713 -3.34397 -6.17459 -52.134
-0.666835 73.7643 4.50637 -3.38949 -6.25778 -52.1719
-0.683896 73.7328 4.24541 -3.43511 -6.34114 -52.2098
-0.701186 73.7009 3.98427 -3.48082 -6.42465 -52.2476
-0.718704 73.6686 3.72293 -3.52664 -6.50833 -52.2854
-0.736452 73.6358 3.46141 -3.57256 -6.59217 -52.3231
-0.75443 73.6027 3.1997 -3.61858 -6.67618 -52.3608
-0.772638 73.5691 2.9378 -3.6647 -6.76035 -52.3985
-0.791077 73.5351 2.67572 -3.71092 -6.84468 -52.4361
-0.809747 73.5006 2.41344 -3.75725 -6.92918 -52.4737
-0.828649 73.4658 2.15098 -3.80367 -7.01385 -52.5113
-0.847784 73.4305 1.88833 -3.8502 -7.09868 -52.5488
-0.867151 73.3948 1.62549 -3.89683 -7.18368 -52.5863
-0.886752 73.3587 1.36247 -3.94357 -7.26885 -52.6237
-0.906587 73.3221 1.09926 -3.99041 -7.35418 -52.6611
-0.926656 73.2851 0.835857 -4.03735 -7.43968 -52.6984
-0.946961 73.2477 0.572272 -4.0844 -7.52536 -52.7357
-0.967501 73.2099 0.3085 -4.13155 -7.6112 -52.773
-0.988276 73.1716 0.0445423 -4.17881 -7.69721 -52.8102
-1.00929 73.1329 -0.219602 -4.22617 -7.78339 -52.8473
-1.03054 73.0938 -0.483931 -4.27364 -7.86975 -52.8845
-1.05203 73.0542 -0.748446 -4.32121 -7.95627 -52.9215
-1.07375 73.0142 -1.01315 -4.36889 -8.04297 -52.9586
-1.09571 72.9738 -1.27803 -4.41667 -8.12984 -52.9956
-1.11792 72.9329 -1.5431 -4.46457 -8.21689 -53.0325
-1.14036 72.8916 -1.80836 -4.51257 -8.30411 -53.0694
-1.16304 72.8499 -2.0738 -4.56068 -8.3915 -53.1063
-1.18597 72.8077 -2.33942 -4.60889 -8.47907 -53.1431
-1.20913 72.7651 -2.60523 -4.65722 -8.56682 -53.1799
-1.23254 72.722 -2.87122 -4.70565 -8.65474 -53.2166
-1.25619 72.6785 -3.13739 -4.75419 -8.74284 -53.2533
-1.28008 72.6346 -3.40375 -4.80284 -8.83112 -53.2899
-1.30422 72.5902 -3.67029 -4.85161 -8.91957 -53.3265
-1.3286 72.5454 -3.93702 -4.90048 -9.00821 -53.363
-1.35322 72.5001 -4.20392 -4.94946 -9.09702 -53.3995
-1.37809 72.4544 -4.47101 -4.99855 -9.18602 -53.4359
-1.40321 72.4083 -4.73828 -5.04776 -9.27519 -53.4723
-1.42857 72.3617 -5.00573 -5.09707 -9.36455 -53.5086
-1.45418 72.3146 -5.27337 -5.1465 -9.45409 -53.5449
-1.48003 72.2671 -5.54118 -5.19604 -9.54381 -53.5811
-1.50614 72.2192 -5.80918 -5.2457 -9.63372 -53.6173
-1.53249 72.1708 -6.07736 -5.29546 -9.7238 -53.6534
-1.55909 72.1219 -6.34571 -5.34534 -9.81408 -53.6895
-1.58594 72.0726 -6.61425 -5.39533 -9.90454 -53.7256
-1.61305 72.0229 -6.88297 -5.44544 -9.99518 -53.7615
-1.6404 71.9727 -7.15187 -5.49566 -10.086 -53.7975
-1.668 71.922 -7.42094 -5.546 -10.177 -53.8333
-1.69586 71.8709 -7.6902 -5.59646 -10.2682 -53.8691
-1.72397 71.8194 -7.95964 -5.64702 -10.3596 -53.9049
-1.75233 71.7673 -8.22925 -5.69771 -10.4512 -53.9406
-1.78094 71.7148 -8.49904 -5.74851 -10.543 -53.9763
-1.80981 71.6619 -8.76901 -5.79943 -10.6349 -54.0119
-1.83894 71.6085 -9.03916 -5.85046 -10.7271 -54.0474
-1.86832 71.5546 -9.30949 -5.90162 -10.8194 -54.0829
-1.89796 71.5003 -9.57999 -5.95289 -10.912 -54.1183
-1.92785 71.4455 -9.85067 -6.00428 -11.0047 -54.1537
-1.958 71.3902 -10.1215 -6.05579 -11.0976 -54.189
-1.98841 71.3345 -10.3926 -6.10742 -11.1908 -54.2243
-2.01907 71.2783 -10.6638 -6.15916 -11.2841 -54.2595
-2.05 71.2217 -10.9352 -6.21103 -11.3776 -54.2947
-2.08118 71.1646 -11.2067 -6.26302 -11.4713 -54.3298
-2.11263 71.107 -11.4785 -6.31513 -11.5652 -54.3648
-2.14433 71.0489 -11.7504 -6.36736 -11.6593 -54.3997
-2.1763 70.9904 -12.0225 -6.41971 -11.7536 -54.4347
-2.20853 70.9314 -12.2947 -6.47219 -11.8481 -54.4695
-2.24102 70.8719 -12.5671 -6.52479 -11.9428 -54.5043
-2.27378 70.8119 -12.8398 -6.57751 -12.0377 -54.539
-2.3068 70.7515 -13.1125 -6.63035 -12.1328 -54.5737
-2.34008 70.6906 -13.3855 -6.68332 -12.2281 -54.6083
-2.37363 70.6292 -13.6586 -6.73641 -12.3236 -54.6428
-2.40745 70.5674 -13.9319 -6.78963 -12.4193 -54.6773
-2.44153 70.505 -14.2054 -6.84297 -12.5152 -54.7117
-2.47588 70.4422 -14.479 -6.89644 -12.6113 -54.7461
-2.51049 70.3789 -14.7529 -6.95003 -12.7076 -54.7803
-2.54538 70.3152 -15.0268 -7.00376 -12.8041 -54.8146
-2.58053 70.2509 -15.301 -7.0576 -12.9009 -54.8487
-2.61595 70.1861 -15.5753 -7.11158 -12.9978 -54.8828
-2.65165 70.1209 -15.8498 -7.16568 -13.095 -54.9168
-2.68761 70.0552 -16.1245 -7.21991 -13.1923 -54.9508
-2.72385 69.989 -16.3993 -7.27427 -13.2899 -54.9847
-2.76035 69.9223 -16.6743 -7.32876 -13.3877 -55.0185
-2.79713 69.8551 -16.9495 -7.38338 -13.4857 -55.0522
-2.83419 69.7874 -17.2249 -7.43813 -13.5839 -55.0859
-2.87151 69.7193 -17.5004 -7.49301 -13.6823 -55.1195
-2.90912 69.6506 -17.7761 -7.54802 -13.7809 -55.153
-2.94699 69.5815 -18.0519 -7.60316 -13.8798 -55.1865
-2.98515 69.5118 -18.3279 -7.65843 -13.9788 -55.2199
-3.02358 69.4417 -18.6041 -7.71384 -14.0781 -55.2532
-3.06229 69.371 -18.8805 -7.76937 -14.1776 -55.2865
-3.10127 69.2999 -19.157 -7.82505 -14.2773 -55.3196
-3.14054 69.2283 -19.4337 -7.88085 -14.3772 -55.3527
-3.18008 69.1561 -19.7105 -7.93679 -14.4774 -55.3858
-3.21991 69.0835 -19.9875 -7.99287 -14.5777 -55.4187
-3.26001 69.0104 -20.2647 -8.04908 -14.6783 -55.4516
-3.3004 68.9367 -20.542 -8.10542 -14.7791 -55.4844
-3.34106 68.8626 -20.8195 -8.1619 -14.8802 -55.5171
-3.38202 68.7879 -21.0972 -8.21852 -14.9814 -55.5498
-3.42325 68.7127 -21.375 -8.27528 -15.0829 -55.5824
-3.46477 68.6371 -21.653 -8.33217 -15.1846 -55.6148
-3.50657 68.5609 -21.9312 -8.3892 -15.2865 -55.6473
-3.54866 68.4842 -22.2095 -8.44637 -15.3887 -55.6796
-3.59103 68.407 -22.488 -8.50368 -15.4911 -55.7118
-3.6337 68.3293 -22.7666 -8.56113 -15.5937 -55.744
-3.67665 68.2511 -23.0454 -8.61872 -15.6965 -55.7761
-3.71988 68.1723 -23.3244 -8.67645 -15.7996 -55.8081
-3.76341 68.0931 -23.6035 -8.73432 -15.9029 -55.84
-3.80723 68.0133 -23.8828 -8.79233 -16.0064 -55.8719
-3.85133 67.933 -24.1622 -8.85048 -16.1102 -55.9036
-3.89573 67.8522 -24.4418 -8.90878 -16.2142 -55.9353
-3.94042 67.7709 -24.7216 -8.96722 -16.3184 -55.9669
-3.9854 67.689 -25.0015 -9.02581 -16.4228 -55.9984
-4.03068 67.6066 -25.2816 -9.08453 -16.5275 -56.0298
-4.07625 67.5237 -25.5618 -9.14341 -16.6325 -56.0611
-4.12211 67.4403 -25.8422 -9.20243 -16.7376 -56.0924
-4.16827 67.3564 -26.1227 -9.26159 -16.8431 -56.1235
-4.21473 67.2719 -26.4034 -9.3209 -16.9487 -56.1546
-4.26148 67.1869 -26.6842 -9.38036 -17.0546 -56.1856
-4.30853 67.1013 -26.9653 -9.43996 -17.1607 -56.2164
-4.35588 67.0153 -27.2464 -9.49972 -17.2671 -56.2472
-4.40353 66.9287 -27.5277 -9.55962 -17.3737 -56.2779
-4.45148 66.8415 -27.8092 -9.61967 -17.4806 -56.3085
-4.49973 66.7539 -28.0908 -9.67987 -17.5877 -56.339
-4.54828 66.6657 -28.3726 -9.74022 -17.695 -56.3695
-4.59713 66.5769 -28.6545 -9.80072 -17.8026 -56.3998
-4.64629 66.4876 -28.9366 -9.86137 -17.9105 -56.43
-4.69574 66.3978 -29.2188 -9.92218 -18.0186 -56.4601
-4.74551 66.3074 -29.5012 -9.98314 -18.1269 -56.4902
-4.79558 66.2165 -29.7837 -10.0442 -18.2355 -56.5201
-4.84595 66.1251 -30.0664 -10.1055 -18.3443 -56.5499
-4.89663 66.0331 -30.3492 -10.1669 -18.4534 -56.5797
-4.94762 65.9406 -30.6322 -10.2285 -18.5628 -56.6093
-4.99892 65.8475 -30.9153 -10.2902 -18.6724 -56.6388
-5.05052 65.7538 -31.1986 -10.3521 -18.7822 -56.6682
-5.10244 65.6596 -31.482 -10.4142 -18.8924 -56.6976
-5.15466 65.5649 -31.7655 -10.4764 -19.0027 -56.7268
-5.2072 65.4696 -32.0493 -10.5387 -19.1134 -56.7559
-5.26005 65.3738 -32.3331 -10.6012 -19.2242 -56.7849
-5.31321 65.2774 -32.6171 -10.6639 -19.3354 -56.8138
-5.36669 65.1804 -32.9012 -10.7267 -19.4468 -56.8426
-5.42048 65.0829 -33.1855 -10.7897 -19.5585 -56.8713
-5.47459 64.9848 -33.47 -10.8529 -19.6704 -56.8999
-5.52901 64.8862 -33.7545 -10.9162 -19.7826 -56.9284
-5.58375 64.787 -34.0392 -10.9797 -19.895 -56.9567
-5.63881 64.6873 -34.3241 -11.0433 -20.0078 -56.985
-5.69418 64.5869 -34.6091 -11.1071 -20.1208 -57.0131
-5.74988 64.486 -34.8942 -11.1711 -20.234 -57.0411
-5.80589 64.3846 -35.1795 -11.2352 -20.3476 -57.069
-5.86223 64.2826 -35.4649 -11.2995 -20.4614 -57.0968
-5.91889 64.18 -35.7505 -11.364 -20.5754 -57.1245
-5.97587 64.0768 -36.0362 -11.4286 -20.6898 -57.1521
-6.03317 63.9731 -36.322 -11.4934 -20.8044 -57.1795
-6.0908 63.8688 -36.608 -11.5584 -20.9193 -57.2068
-6.14876 63.7639 -36.8941 -11.6235 -21.0344 -57.234
-6.20704 63.6584 -37.1803 -11.6888 -21.1499 -57.2611
-6.26565 63.5524 -37.4667 -11.7543 -21.2656 -57.2881
-6.32458 63.4458 -37.7532 -11.8199 -21.3816 -57.3149
-6.38384 63.3386 -38.0398 -11.8857 -21.4979 -57.3416
-6.44344 63.2308 -38.3266 -11.9517 -21.6144 -57.3682
-6.50336 63.1224 -38.6135 -12.0179 -21.7313 -57.3947
-6.56362 63.0135 -38.9005 -12.0842 -21.8484 -57.421
-6.6242 62.9039 -39.1877 -12.1507 -21.9658 -57.4472
-6.68512 62.7938 -39.475 -12.2174 -22.0835 -57.4733
-6.74638 62.6831 -39.7624 -12.2842 -22.2015 -57.4993
-6.80797 62.5718 -40.05 -12.3513 -22.3198 -57.5251
-6.86989 62.4599 -40.3377 -12.4185 -22.4383 -57.5508
-6.93215 62.3474 -40.6255 -12.4859 -22.5572 -57.5763
-6.99475 62.2343 -40.9135 -12.5534 -22.6763 -57.6017
-7.05769 62.1207 -41.2015 -12.6212 -22.7957 -57.627
-7.12096 62.0064 -41.4897 -12.6891 -22.9155 -57.6522
-7.18458 61.8915 -41.7781 -12.7572 -23.0355 -57.6772
-7.24853 61.776 -42.0665 -12.8255 -23.1558 -57.7021
-7.31283 61.6599 -42.3551 -12.894 -23.2764 -57.7268
-7.37747 61.5433 -42.6438 -12.9626 -23.3973 -57.7514
-7.44246 61.426 -42.9326 -13.0314 -23.5185 -57.7758
-7.50779 61.3081 -43.2215 -13.1005 -23.64 -57.8001
-7.57346 61.1896 -43.5106 -13.1697 -23.7618 -57.8243
-7.63948 61.0705 -43.7998 -13.2391 -23.8839 -57.8483
-7.70585 60.9507 -44.0891 -13.3086 -24.0064 -57.8722
-7.77257 60.8304 -44.3785 -13.3784 -24.1291 -57.8959
-7.83964 60.7094 -44.668 -13.4483 -24.2521 -57.9195
-7.90705 60.5879 -44.9577 -13.5185 -24.3755 -57.9429
-7.97482 60.4657 -45.2475 -13.5888 -24.4991 -57.9662
-8.04294 60.3429 -45.5373 -13.6593 -24.6231 -57.9893
-8.11142 60.2195 -45.8274 -13.73 -24.7473 -58.0123
-8.18024 60.0954 -46.1175 -13.8009 -24.8719 -58.0351
-8.24942 59.9707 -46.4077 -13.872 -24.9968 -58.0577
-8.31896 59.8454 -46.698 -13.9433 -25.122 -58.0802
-8.38886 59.7195 -46.9885 -14.0148 -25.2476 -58.1026
-8.45911 59.593 -47.2791 -14.0865 -25.3734 -58.1248
-8.52972 59.4658 -47.5698 -14.1584 -25.4996 -58.1468
-8.60069 59.338 -47.8605 -14.2305 -25.6261 -58.1686
-8.67203 59.2095 -48.1514 -14.3027 -25.7529 -58.1903
-8.74372 59.0804 -48.4424 -14.3752 -25.88 -58.2118
-8.81578 58.9507 -48.7336 -14.4479 -26.0075 -58.2332
-8.8882 58.8204 -49.0248 -14.5207 -26.1353 -58.2544
-8.96099 58.6894 -49.3161 -14.5938 -26.2634 -58.2754
-9.03414 58.5577 -49.6075 -14.6671 -26.3918 -58.2963
-9.10766 58.4255 -49.8991 -14.7406 -26.5206 -58.3169
-9.18154 58.2925 -50.1907 -14.8143 -26.6497 -58.3374
-9.2558 58.159 -50.4824 -14.8882 -26.7792 -58.3578
-9.33043 58.0247 -50.7743 -14.9623 -26.9089 -58.3779
-9.40542 57.8899 -51.0662 -15.0366 -27.039 -58.3979
-9.48079 57.7543 -51.3583 -15.1111 -27.1695 -58.4177
-9.55653 57.6182 -51.6504 -15.1858 -27.3003 -58.4373
-9.63265 57.4813 -51.9426 -15.2607 -27.4314 -58.4567
-9.70914 57.3439 -52.235 -15.3359 -27.5629 -58.476
-9.78601 57.2057 -52.5274 -15.4113 -27.6947 -58.495
-9.86325 57.0669 -52.8199 -15.4868 -27.8269 -58.5139
-9.94088 56.9274 -53.1125 -15.5626 -27.9594 -58.5326
-10.0189 56.7873 -53.4052 -15.6386 -28.0923 -58.5511
-10.0973 56.6465 -53.698 -15.7148 -28.2255 -58.5694
-10.176 56.5051 -53.9909 -15.7913 -28.359 -58.5875
-10.2552 56.3629 -54.2839 -15.8679 -28.493 -58.6054
-10.3347 56.2201 -54.577 -15.9448 -28.6272 -58.6231
-10.4146 56.0767 -54.8701 -16.0219 -28.7619 -58.6407
-10.4949 55.9325 -55.1634 -16.0992 -28.8969 -58.658
-10.5756 55.7877 -55.4567 -16.1768 -29.0322 -58.6751
-10.6567 55.6422 -55.7501 -16.2546 -29.1679 -58.6921
-10.7382 55.496 -56.0436 -16.3325 -29.304 -58.7088
-10.82 55.3491 -56.3372 -16.4108 -29.4404 -58.7253
-10.9023 55.2016 -56.6309 -16.4892 -29.5772 -58.7416
-10.9849 55.0534 -56.9246 -16.5679 -29.7144 -58.7577
-11.0679 54.9045 -57.2185 -16.6468 -29.8519 -58.7736
-11.1514 54.7549 -57.5124 -16.7259 -29.9899 -58.7893
-11.2352 54.6046 -57.8064 -16.8053 -30.1281 -58.8048
-11.3194 54.4536 -58.1004 -16.8849 -30.2668 -58.8201
-11.4041 54.3019 -58.3946 -16.9647 -30.4058 -58.8351
-11.4891 54.1495 -58.6888 -17.0448 -30.5452 -58.8499
-11.5745 53.9964 -58.9831 -17.1251 -30.685 -58.8645
-11.6603 53.8427 -59.2774 -17.2057 -30.8252 -58.8789
-11.7466 53.6882 -59.5719 -17.2864 -30.9658 -58.8931
-11.8332 53.533 -59.8664 -17.3674 -31.1067 -58.9071
-11.9202 53.3771 -60.1609 -17.4487 -31.248 -58.9208
-12.0077 53.2205 -60.4556 -17.5302 -31.3897 -58.9343
-12.0955 53.0632 -60.7503 -17.6119 -31.5318 -58.9475
-12.1838 52.9052 -61.045 -17.6939 -31.6743 -58.9606
-12.2725 52.7465 -61.3399 -17.7761 -31.8172 -58.9734
-12.3616 52.587 -61.6348 -17.8586 -31.9604 -58.986
-12.4511 52.4269 -61.9297 -17.9413 -32.1041 -58.9983
-12.541 52.266 -62.2248 -18.0242 -32.2481 -59.0104
-12.6313 52.1044 -62.5198 -18.1074 -32.3926 -59.0223
-12.7221 51.9421 -62.815 -18.1909 -32.5375 -59.0339
-12.8132 51.779 -63.1102 -18.2746 -32.6827 -59.0452
-12.9048 51.6152 -63.4054 -18.3585 -32.8284 -59.0564
-12.9968 51.4507 -63.7007 -18.4427 -32.9744 -59.0672
-13.0892 51.2855 -63.9961 -18.5271 -33.1209 -59.0779
-13.1821 51.1195 -64.2915 -18.6118 -33.2678 -59.0882
-13.2753 50.9528 -64.587 -18.6968 -33.415 -59.0984
-13.369 50.7854 -64.8825 -18.782 -33.5627 -59.1082
-13.4632 50.6172 -65.1781 -18.8674 -33.7108 -59.1178
-13.5577 50.4483 -65.4737 -18.9531 -33.8594 -59.1272
-13.6527 50.2786 -65.7693 -19.0391 -34.0083 -59.1363
-13.7481 50.1082 -66.0651 -19.1253 -34.1576 -59.1451
-13.8439 49.937 -66.3608 -19.2118 -34.3074 -59.1536
-13.9402 49.7651 -66.6566 -19.2986 -34.4576 -59.1619
-14.0369 49.5924 -66.9524 -19.3856 -34.6082 -59.1699
-14.1341 49.419 -67.2483 -19.4728 -34.7593 -59.1777
-14.2317 49.2449 -67.5442 -19.5604 -34.9107 -59.1851
-14.3297 49.0699 -67.8401 -19.6481 -35.0626 -59.1923
-14.4281 48.8942 -68.1361 -19.7362 -35.2149 -59.1992
-14.527 48.7178 -68.4321 -19.8245 -35.3677 -59.2058
-14.6264 48.5405 -68.7282 -19.9131 -35.5209 -59.2122
-14.7262 48.3626 -69.0243 -20.002 -35.6745 -59.2182
-14.8264 48.1838 -69.3204 -20.0911 -35.8286 -59.224
-14.9271 48.0043 -69.6165 -20.1805 -35.9831 -59.2294
-15.0282 47.824 -69.9127 -20.2702 -36.138 -59.2346
-15.1298 47.6429 -70.2088 -20.3601 -36.2934 -59.2395
-15.2318 47.461 -70.505 -20.4503 -36.4493 -59.2441
-15.3343 47.2784 -70.8013 -20.5408 -36.6055 -59.2483
-15.4372 47.095 -71.0975 -20.6315 -36.7623 -59.2523
-15.5406 46.9108 -71.3938 -20.7226 -36.9194 -59.2559
-15.6444 46.7258 -71.6901 -20.8139 -37.0771 -59.2593
-15.7487 46.54 -71.9864 -20.9055 -37.2352 -59.2623
-15.8535 46.3534 -72.2827 -20.9974 -37.3937 -59.265
-15.9587 46.1661 -72.579 -21.0895 -37.5527 -59.2674
-16.0644 45.9779 -72.8754 -21.1819 -37.7122 -59.2695
-16.1705 45.7889 -73.1717 -21.2747 -37.8721 -59.2713
-16.2771 45.5992 -73.4681 -21.3677 -38.0325 -59.2727
-16.3842 45.4086 -73.7645 -21.4609 -38.1934 -59.2738
-16.4918 45.2173 -74.0608 -21.5545 -38.3547 -59.2746
-16.5998 45.0251 -74.3572 -21.6484 -38.5165 -59.275
-16.7082 44.8321 -74.6536 -21.7425 -38.6787 -59.2751
-16.8172 44.6383 -74.95 -21.837 -38.8415 -59.2748
-16.9266 44.4437 -75.2463 -21.9317 -39.0047 -59.2743
-17.0365 44.2482 -75.5427 -22.0267 -39.1684 -59.2733
-17.1469 44.052 -75.8391 -22.122 -39.3326 -59.272
-17.2577 43.8549 -76.1354 -22.2176 -39.4973 -59.2704
-17.369 43.657 -76.4318 -22.3135 -39.6624 -59.2684
-17.4809 43.4583 -76.7281 -22.4097 -39.828 -59.2661
-17.5931 43.2587 -77.0244 -22.5062 -39.9942 -59.2634
-17.7059 43.0584 -77.3207 -22.603 -40.1608 -59.2603
-17.8192 42.8571 -77.617 -22.7001 -40.3279 -59.2568
-17.9329 42.6551 -77.9133 -22.7975 -40.4955 -59.253
-18.0471 42.4522 -78.2096 -22.8952 -40.6636 -59.2488
-18.1619 42.2484 -78.5058 -22.9932 -40.8322 -59.2443
-18.2771 42.0439 -78.802 -23.0915 -41.0013 -59.2393
-18.3928 41.8384 -79.0982 -23.1901 -41.1709 -59.234
-18.509 41.6321 -79.3944 -23.289 -41.341 -59.2283
-18.6257 41.425 -79.6905 -23.3882 -41.5117 -59.2222
-18.7429 41.217 -79.9866 -23.4877 -41.6828 -59.2157
-18.8605 41.0082 -80.2826 -23.5875 -41.8544 -59.2088
-18.9787 40.7985 -80.5787 -23.6877 -42.0266 -59.2015
-19.0974 40.5879 -80.8747 -23.7881 -42.1993 -59.1939
-19.2166 40.3765 -81.1706 -23.8889 -42.3725 -59.1858
-19.3363 40.1642 -81.4665 -23.99 -42.5462 -59.1772
-19.4565 39.951 -81.7624 -24.0914 -42.7204 -59.1683
-19.5772 39.737 -82.0582 -24.1931 -42.8952 -59.159
-19.6984 39.5221 -82.354 -24.2951 -43.0705 -59.1492
-19.8202 39.3063 -82.6497 -24.3975 -43.2463 -59.139
-19.9424 39.0896 -82.9454 -24.5002 -43.4227 -59.1284
-20.0652 38.8721 -83.241 -24.6031 -43.5996 -59.1174
-20.1885 38.6536 -83.5365 -24.7064 -43.777 -59.1059
-20.3122 38.4343 -83.832 -24.8101 -43.955 -59.094
-20.4366 38.2141 -84.1275 -24.914 -44.1335 -59.0816
-20.5614 37.993 -84.4228 -25.0183 -44.3125 -59.0688
-20.6867 37.7709 -84.7182 -25.1229 -44.4921 -59.0555
-20.8126 37.548 -85.0134 -25.2279 -44.6723 -59.0418
-20.939 37.3242 -85.3086 -25.3331 -44.853 -59.0276
-21.0659 37.0995 -85.6037 -25.4387 -45.0342 -59.013
-21.1934 36.8739 -85.8987 -25.5446 -45.216 -58.9979
-21.3214 36.6473 -86.1937 -25.6509 -45.3984 -58.9823
-21.4499 36.4199 -86.4885 -25.7575 -45.5813 -58.9663
-21.579 36.1915 -86.7833 -25.8644 -45.7648 -58.9497
-21.7086 35.9622 -87.078 -25.9716 -45.9489 -58.9327
-21.8387 35.732 -87.3726 -26.0792 -46.1335 -58.9152
-21.9693 35.5009 -87.6672 -26.1871 -46.3186 -58.8972
-22.1006 35.2688 -87.9616 -26.2954 -46.5044 -58.8787
-22.2323 35.0359 -88.256 -26.404 -46.6907 -58.8597
-22.3646 34.8019 -88.5502 -26.5129 -46.8776 -58.8402
-22.4974 34.5671 -88.8444 -26.6222 -47.0651 -58.8202
-22.6308 34.3313 -89.1384 -26.7318 -47.2531 -58.7997
-22.7647 34.0946 -89.4324 -26.8418 -47.4418 -58.7786
-22.8992 33.8569 -89.7262 -26.9521 -47.631 -58.757
-23.0343 33.6182 -90.0199 -27.0627 -47.8208 -58.7349
-23.1699 33.3787 -90.3136 -27.1737 -48.0112 -58.7123
-23.306 33.1381 -90.6071 -27.2851 -48.2022 -58.6891
-23.4427 32.8966 -90.9004 -27.3968 -48.3938 -58.6654
-23.58 32.6542 -91.1937 -27.5088 -48.5859 -58.6411
-23.7178 32.4108 -91.4869 -27.6212 -48.7787 -58.6163
-23.8562 32.1664 -91.7799 -27.7339 -48.9721 -58.5909
-23.9951 31.9211 -92.0728 -27.847 -49.166 -58.565
-24.1347 31.6747 -92.3655 -27.9605 -49.3606 -58.5384
-24.2747 31.4275 -92.6582 -28.0743 -49.5558 -58.5113
-24.4154 31.1792 -92.9506 -28.1884 -49.7516 -58.4837
-24.5566 30.9299 -93.243 -28.3029 -49.948 -58.4554
-24.6984 30.6797 -93.5352 -28.4178 -50.145 -58.4266
-24.8408 30.4285 -93.8273 -28.533 -50.3426 -58.3971
-24.9838 30.1763 -94.1192 -28.6486 -50.5408 -58.3671
-25.1273 29.9231 -94.4109 -28.7645 -50.7397 -58.3364
-25.2714 29.6689 -94.7025 -28.8808 -50.9392 -58.3051
-25.4161 29.4137 -94.994 -28.9974 -51.1393 -58.2732
-25.5614 29.1575 -95.2853 -29.1145 -51.34 -58.2407
-25.7072 28.9003 -95.5764 -29.2318 -51.5414 -58.2076
-25.8537 28.6421 -95.8673 -29.3496 -51.7434 -58.1738
-26.0007 28.3829 -96.1581 -29.4677 -51.946 -58.1394
-26.1484 28.1226 -96.4487 -29.5862 -52.1493 -58.1043
-26.2966 27.8614 -96.7392 -29.705 -52.3532 -58.0686
-26.4454 27.5991 -97.0294 -29.8242 -52.5577 -58.0322
-26.5948 27.3358 -97.3195 -29.9438 -52.7629 -57.9951
-26.7449 27.0715 -97.6094 -30.0637 -52.9687 -57.9574
-26.8955 26.8061 -97.8991 -30.184 -53.1751 -57.919
-27.0467 26.5397 -98.1886 -30.3047 -53.3822 -57.8799
-27.1985 26.2723 -98.4779 -30.4258 -53.59 -57.8401
-27.3509 26.0038 -98.767 -30.5472 -53.7984 -57.7996
-27.504 25.7343 -99.0559 -30.669 -54.0075 -57.7583
-27.6576 25.4637 -99.3445 -30.7912 -54.2172 -57.7164
-27.8119 25.1921 -99.633 -30.9137 -54.4276 -57.6738
-27.9668 24.9195 -99.9213 -31.0366 -54.6386 -57.6304
-28.1223 24.6457 -100.209 -31.1599 -54.8503 -57.5863
-28.2784 24.371 -100.497 -31.2836 -55.0627 -57.5414
-28.4351 24.0951 -100.785 -31.4076 -55.2757 -57.4958
-28.5924 23.8182 -101.072 -31.5321 -55.4894 -57.4495
-28.7504 23.5402 -101.359 -31.6569 -55.7037 -57.4023
-28.909 23.2612 -101.646 -31.7821 -55.9188 -57.3544
-29.0682 22.981 -101.933 -31.9076 -56.1345 -57.3057
-29.2281 22.6998 -102.219 -32.0336 -56.3508 -57.2563
-29.3886 22.4175 -102.505 -32.1599 -56.5679 -57.206
-29.5497 22.1341 -102.791 -32.2867 -56.7856 -57.1549
-29.7114 21.8497 -103.077 -32.4138 -57.004 -57.103
-29.8738 21.5641 -103.362 -32.5413 -57.2231 -57.0503
-30.0369 21.2774 -103.647 -32.6691 -57.4429 -56.9968
-30.2005 20.9897 -103.932 -32.7974 -57.6634 -56.9424
-30.3648 20.7008 -104.217 -32.926 -57.8845 -56.8871
-30.5298 20.4108 -104.501 -33.0551 -58.1064 -56.8311
-30.6954 20.1197 -104.785 -33.1845 -58.3289 -56.7741
-30.8616 19.8275 -105.069 -33.3143 -58.5521 -56.7163
-31.0285 19.5342 -105.352 -33.4445 -58.776 -56.6576
-31.1961 19.2398 -105.635 -33.5751 -59.0007 -56.598
-31.3643 18.9442 -105.918 -33.7061 -59.226 -56.5375
-31.5331 18.6475 -106.201 -33.8375 -59.452 -56.4761
-31.7026 18.3497 -106.483 -33.9693 -59.6787 -56.4138
-31.8728 18.0507 -106.765 -34.1015 -59.9061 -56.3505
-32.0437 17.7506 -107.047 -34.234 -60.1342 -56.2863
-32.2152 17.4494 -107.328 -34.367 -60.3631 -56.2212
-32.3873 17.147 -107.609 -34.5003 -60.5926 -56.1551
-32.5602 16.8435 -107.889 -34.6341 -60.8229 -56.088
-32.7337 16.5388 -108.17 -34.7682 -61.0538 -56.02
-32.9078 16.2329 -108.45 -34.9028 -61.2855 -55.9509
-33.0827 15.9259 -108.729 -35.0377 -61.5179 -55.8809
-33.2582 15.6177 -109.008 -35.1731 -61.7509 -55.8099
-33.4344 15.3084 -109.287 -35.3088 -61.9848 -55.7378
-33.6113 14.9979 -109.566 -35.445 -62.2193 -55.6647
-33.7889 14.6862 -109.844 -35.5815 -62.4545 -55.5906
-33.9671 14.3734 -110.122 -35.7185 -62.6905 -55.5154
-34.1461 14.0593 -110.399 -35.8559 -62.9272 -55.4392
-34.3257 13.7441 -110.676 -35.9936 -63.1646 -55.3619
-34.506 13.4277 -110.953 -36.1318 -63.4027 -55.2835
-34.687 13.1101 -111.229 -36.2704 -63.6416 -55.204
-34.8687 12.7913 -111.505 -36.4094 -63.8812 -55.1234
-35.0511 12.4712 -111.78 -36.5487 -64.1215 -55.0417
-35.2342 12.15 -112.055 -36.6885 -64.3625 -54.9588
-35.418 11.8276 -112.33 -36.8287 -64.6043 -54.8748
-35.6025 11.504 -112.604 -36.9693 -64.8468 -54.7897
-35.7877 11.1792 -112.878 -37.1104 -65.09 -54.7033
-35.9736 10.8531 -113.151 -37.2518 -65.334 -54.6158
-36.1602 10.5258 -113.424 -37.3936 -65.5787 -54.5271
-36.3475 10.1973 -113.696 -37.5359 -65.8241 -54.4372
-36.5355 9.86758 -113.968 -37.6786 -66.0702 -54.3461
-36.7243 9.53661 -114.24 -37.8216 -66.3171 -54.2538
-36.9138 9.2044 -114.511 -37.9651 -66.5648 -54.1602
-37.1039 8.87096 -114.781 -38.109 -66.8131 -54.0653
-37.2949 8.53627 -115.051 -38.2533 -67.0622 -53.9692
-37.4865 8.20034 -115.321 -38.3981 -67.3121 -53.8718
-37.6788 7.86315 -115.59 -38.5432 -67.5627 -53.7731
-37.8719 7.52471 -115.859 -38.6888 -67.814 -53.6731
-38.0657 7.18501 -116.127 -38.8347 -68.066 -53.5717
-38.2603 6.84405 -116.394 -38.9811 -68.3188 -53.469
-38.4555 6.50183 -116.661 -39.1279 -68.5724 -53.365
-38.6515 6.15833 -116.928 -39.2752 -68.8266 -53.2596
-38.8483 5.81356 -117.194 -39.4228 -69.0817 -53.1528
-39.0458 5.46751 -117.46 -39.5709 -69.3374 -53.0446
-39.244 5.12019 -117.724 -39.7194 -69.5939 -52.935
-39.443 4.77158 -117.989 -39.8683 -69.8511 -52.8239
-39.6427 4.42168 -118.253 -40.0176 -70.1091 -52.7114
-39.8431 4.07049 -118.516 -40.1673 -70.3678 -52.5975
-40.0443 3.718 -118.779 -40.3175 -70.6273 -52.4821
-40.2463 3.36421 -119.041 -40.468 -70.8875 -52.3652
-40.449 3.00912 -119.302 -40.619 -71.1484 -52.2468
-40.6525 2.65273 -119.563 -40.7705 -71.4101 -52.1268
-40.8567 2.29502 -119.824 -40.9223 -71.6725 -52.0054
-41.0617 1.936 -120.083 -41.0745 -71.9357 -51.8823
-41.2675 1.57567 -120.342 -41.2272 -72.1996 -51.7577
-41.474 1.21401 -120.601 -41.3803 -72.4642 -51.6315
-41.6813 0.851027 -120.859 -41.5338 -72.7295 -51.5037
-41.8893 0.486715 -121.116 -41.6878 -72.9956 -51.3743
-42.0981 0.121071 -121.373 -41.8421 -73.2625 -51.2433
-42.3077 -0.245909 -121.628 -41.9969 -73.53 -51.1106
-42.5181 -0.614228 -121.884 -42.1521 -73.7983 -50.9762
-42.7293 -0.983891 -122.138 -42.3077 -74.0674 -50.8401
-42.9412 -1.3549 -122.392 -42.4638 -74.3371 -50.7023
-43.1539 -1.72726 -122.645 -42.6202 -74.6076 -50.5627
-43.3674 -2.10098 -122.898 -42.7771 -74.8788 -50.4215
-43.5817 -2.47605 -123.149 -42.9344 -75.1508 -50.2784
-43.7967 -2.85248 -123.4 -43.0921 -75.4234 -50.1336
-44.0126 -3.23028 -123.651 -43.2503 -75.6968 -49.987
-44.2292 -3.60945 -123.9 -43.4088 -75.9709 -49.8385
-44.4467 -3.98999 -124.149 -43.5678 -76.2457 -49.6882
-44.6649 -4.37191 -124.397 -43.7271 -76.5213 -49.5361
-44.884 -4.7552 -124.644 -43.8869 -76.7975 -49.382
-45.1038 -5.13988 -124.891 -44.0472 -77.0745 -49.2261
-45.3244 -5.52595 -125.137 -44.2078 -77.3522 -49.0682
-45.5459 -5.9134 -125.382 -44.3688 -77.6305 -48.9084
-45.7681 -6.30225 -125.626 -44.5303 -77.9096 -48.7467
-45.9912 -6.6925 -125.869 -44.6921 -78.1894 -48.5829
-46.215 -7.08415 -126.112 -44.8544 -78.4699 -48.4172
-46.4397 -7.4772 -126.353 -45.0171 -78.751 -48.2494
-46.6652 -7.87165 -126.594 -45.1801 -79.0329 -48.0796
-46.8915 -8.26752 -126.834 -45.3436 -79.3155 -47.9077
-47.1186 -8.66481 -127.073 -45.5075 -79.5987 -47.7337
-47.3466 -9.06351 -127.311 -45.6718 -79.8826 -47.5576
-47.5754 -9.46363 -127.549 -45.8365 -80.1672 -47.3794
-47.8049 -9.86518 -127.785 -46.0016 -80.4524 -47.1991
-48.0354 -10.2682 -128.021 -46.1671 -80.7384 -47.0165
-48.2666 -10.6726 -128.255 -46.3329 -81.0249 -46.8318
-48.4987 -11.0784 -128.489 -46.4992 -81.3122 -46.6448
-48.7316 -11.4857 -128.722 -46.6659 -81.6001 -46.4556
-48.9654 -11.8944 -128.954 -46.8329 -81.8886 -46.2641
-49.1999 -12.3046 -129.185 -47.0004 -82.1778 -46.0703
-49.4354 -12.7162 -129.414 -47.1682 -82.4676 -45.8742
-49.6716 -13.1292 -129.643 -47.3364 -82.7581 -45.6758
-49.9087 -13.5438 -129.871 -47.505 -83.0492 -45.475
-50.1467 -13.9597 -130.098 -47.6739 -83.3409 -45.2718
-50.3855 -14.3772 -130.324 -47.8432 -83.6332 -45.0662
-50.6251 -14.7961 -130.549 -48.0129 -83.9261 -44.8581
-50.8656 -15.2164 -130.772 -48.183 -84.2196 -44.6476
-51.1069 -15.6383 -130.995 -48.3534 -84.5137 -44.4347
-51.3491 -16.0616 -131.217 -48.5242 -84.8084 -44.2192
-51.5922 -16.4863 -131.437 -48.6953 -85.1037 -44.0011
-51.8361 -16.9126 -131.657 -48.8668 -85.3996 -43.7805
-52.0808 -17.3403 -131.875 -49.0386 -85.696 -43.5573
-52.3265 -17.7696 -132.092 -49.2108 -85.9929 -43.3315
-52.5729 -18.2003 -132.308 -49.3833 -86.2904 -43.1031
-52.8203 -18.6325 -132.523 -49.5561 -86.5885 -42.872
-53.0685 -19.0662 -132.737 -49.7293 -86.887 -42.6382
-53.3176 -19.5013 -132.95 -49.9028 -87.1861 -42.4016
-53.5675 -19.938 -133.161 -50.0766 -87.4857 -42.1623
-53.8183 -20.3762 -133.371 -50.2507 -87.7858 -41.9203
-54.07 -20.8159 -133.58 -50.4251 -88.0864 -41.6754
-54.3226 -21.2571 -133.788 -50.5998 -88.3875 -41.4277
-54.576 -21.6997 -133.995 -50.7749 -88.689 -41.1772
-54.8303 -22.1439 -134.2 -50.9502 -88.991 -40.9238
-55.0855 -22.5897 -134.404 -51.1258 -89.2934 -40.6674
-55.3416 -23.0369 -134.607 -51.3017 -89.5963 -40.4081
-55.5986 -23.4856 -134.808 -51.4778 -89.8995 -40.1458
-55.8564 -23.9359 -135.008 -51.6542 -90.2032 -39.8806
-56.1151 -24.3876 -135.207 -51.8309 -90.5073 -39.6123
-56.3747 -24.8409 -135.404 -52.0078 -90.8117 -39.3409
-56.6352 -25.2958 -135.6 -52.185 -91.1165 -39.0664
-56.8965 -25.7521 -135.795 -52.3624 -91.4217 -38.7889
-57.1588 -26.21 -135.988 -52.54 -91.7272 -38.5082
-57.4219 -26.6694 -136.18 -52.7179 -92.0331 -38.2243
-57.686 -27.1303 -136.37 -52.8959 -92.3392 -37.9372
-57.9509 -27.5928 -136.559 -53.0742 -92.6456 -37.6468
-58.2167 -28.0568 -136.747 -53.2526 -92.9523 -37.3532
-58.4834 -28.5223 -136.933 -53.4313 -93.2593 -37.0563
-58.751 -28.9894 -137.117 -53.6101 -93.5665 -36.7561
-59.0195 -29.458 -137.3 -53.7891 -93.8739 -36.4525
-59.2889 -29.9281 -137.482 -53.9682 -94.1815 -36.1455
-59.5592 -30.3998 -137.662 -54.1475 -94.4894 -35.8351
-59.8304 -30.873 -137.84 -54.3269 -94.7973 -35.5212
-60.1025 -31.3477 -138.017 -54.5064 -95.1055 -35.2039
-60.3755 -31.824 -138.192 -54.6861 -95.4137 -34.883
-60.6493 -32.3019 -138.366 -54.8658 -95.7221 -34.5586
-60.9241 -32.7813 -138.538 -55.0456 -96.0305 -34.2306
-61.1998 -33.2622 -138.708 -55.2255 -96.3391 -33.899
-61.4764 -33.7446 -138.877 -55.4055 -96.6476 -33.5638
-61.7538 -34.2287 -139.044 -55.5855 -96.9562 -33.2249
-62.0322 -34.7142 -139.209 -55.7656 -97.2648 -32.8823
-62.3115 -35.2013 -139.373 -55.9457 -97.5733 -32.5359
-62.5917 -35.6899 -139.534 -56.1258 -97.8818 -32.1858
-62.8728 -36.1801 -139.695 -56.3059 -98.1903 -31.8319
-63.1547 -36.6718 -139.853 -56.486 -98.4986 -31.4742
-63.4376 -37.1651 -140.009 -56.666 -98.8068 -31.1125
-63.7214 -37.6599 -140.164 -56.846 -99.1148 -30.747
-64.0061 -38.1563 -140.317 -57.0259 -99.4227 -30.3776
-64.2917 -38.6541 -140.468 -57.2058 -99.7303 -30.0042
-64.5781 -39.1536 -140.617 -57.3856 -100.038 -29.6268
-64.8655 -39.6545 -140.764 -57.5652 -100.345 -29.2454
-65.1538 -40.157 -140.909 -57.7447 -100.652 -28.8599
-65.443 -40.661 -141.053 -57.9241 -100.958 -28.4703
-65.733 -41.1666 -141.194 -58.1033 -101.264 -28.0767
-66.024 -41.6737 -141.333 -58.2824 -101.57 -27.6788
-66.3158 -42.1823 -141.471 -58.4612 -101.875 -27.2768
-66.6086 -42.6924 -141.606 -58.6398 -102.18 -26.8706
-66.9022 -43.2041 -141.739 -58.8182 -102.485 -26.4601
-67.1968 -43.7173 -141.871 -58.9963 -102.789 -26.0453
-67.4922 -44.232 -142 -59.1741 -103.092 -25.6263
-67.7885 -44.7482 -142.127 -59.3517 -103.395 -25.2029
-68.0857 -45.2659 -142.252 -59.5289 -103.697 -24.7751
-68.3838 -45.7852 -142.375 -59.7058 -103.998 -24.3429
-68.6828 -46.3059 -142.495 -59.8823 -104.299 -23.9063
-68.9826 -46.8281 -142.614 -60.0584 -104.599 -23.4653
-69.2834 -47.3519 -142.73 -60.2341 -104.898 -23.0197
-69.585 -47.8771 -142.844 -60.4094 -105.196 -22.5696
-69.8875 -48.4038 -142.956 -60.5842 -105.494 -22.115
-70.1908 -48.9321 -143.065 -60.7585 -105.79 -21.6558
-70.495 -49.4617 -143.172 -60.9323 -106.086 -21.192
-70.8001 -49.9929 -143.277 -61.1056 -106.38 -20.7236
-71.1061 -50.5255 -143.379 -61.2784 -106.674 -20.2505
-71.4129 -51.0596 -143.48 -61.4505 -106.966 -19.7727
-71.7206 -51.5952 -143.577 -61.622 -107.257 -19.2902
-72.0291 -52.1322 -143.672 -61.7929 -107.548 -18.803
-72.3385 -52.6707 -143.765 -61.9632 -107.836 -18.311
-72.6488 -53.2106 -143.856 -62.1327 -108.124 -17.8142
-72.9599 -53.7519 -143.943 -62.3015 -108.41 -17.3126
-73.2718 -54.2947 -144.029 -62.4696 -108.695 -16.8061
-73.5845 -54.8389 -144.111 -62.6368 -108.978 -16.2948
-73.8982 -55.3845 -144.192 -62.8033 -109.26 -15.7786
-74.2126 -55.9315 -144.269 -62.9689 -109.541 -15.2575
-74.5278 -56.4799 -144.344 -63.1336 -109.82 -14.7315
-74.8439 -57.0297 -144.417 -63.2974 -110.097 -14.2005
-75.1608 -57.5808 -144.486 -63.4603 -110.372 -13.6645
-75.4785 -58.1334 -144.553 -63.6222 -110.646 -13.1236
-75.797 -58.6873 -144.617 -63.7831 -110.918 -12.5776
-76.1164 -59.2426 -144.679 -63.943 -111.188 -12.0266
-76.4365 -59.7992 -144.738 -64.1018 -111.456 -11.4706
-76.7574 -60.3571 -144.794 -64.2594 -111.722 -10.9095
-77.0791 -60.9164 -144.847 -64.4159 -111.986 -10.3433
-77.4015 -61.477 -144.897 -64.5713 -112.247 -9.77202
-77.7248 -62.0389 -144.945 -64.7254 -112.507 -9.19566
-78.0488 -62.602 -144.989 -64.8782 -112.764 -8.61418
-78.3736 -63.1665 -145.031 -65.0298 -113.019 -8.02758
-78.6991 -63.7322 -145.069 -65.18 -113.272 -7.43584
-79.0254 -64.2992 -145.105 -65.3289 -113.522 -6.83896
-79.3524 -64.8674 -145.138 -65.4763 -113.77 -6.23693
-79.6801 -65.4369 -145.167 -65.6223 -114.015 -5.62974
-80.0086 -66.0076 -145.194 -65.7668 -114.258 -5.01739
-80.3378 -66.5795 -145.218 -65.9098 -114.497 -4.39987
-80.6677 -67.1526 -145.238 -66.0512 -114.734 -3.77719
-80.9983 -67.7268 -145.255 -66.1909 -114.969 -3.14933
-81.3296 -68.3023 -145.27 -66.3291 -115.2 -2.51631
-81.6616 -68.8788 -145.281 -66.4655 -115.428 -1.87812
-81.9942 -69.4565 -145.288 -66.6002 -115.653 -1.23477
-82.3276 -70.0354 -145.293 -66.7331 -115.875 -0.58626
-82.6616 -70.6153 -145.294 -66.8641 -116.094 0.0674022
-82.9962 -71.1963 -145.292 -66.9933 -116.309 0.726209
-83.3315 -71.7784 -145.287 -67.1206 -116.521 1.39015
-83.6674 -72.3615 -145.278 -67.2459 -116.73 2.05921
-84.004 -72.9457 -145.266 -67.3692 -116.935 2.73339
-84.3411 -73.5308 -145.251 -67.4904 -117.136 3.41265
-84.6789 -74.117 -145.232 -67.6096 -117.334 4.097
-85.0172 -74.7042 -145.21 -67.7266 -117.528 4.78641
-85.3561 -75.2923 -145.184 -67.8414 -117.718 5.48085
-85.6956 -75.8814 -145.155 -67.9539 -117.904 6.18032
-86.0357 -76.4713 -145.123 -68.0642 -118.086 6.88477
-86.3763 -77.0622 -145.086 -68.1722 -118.264 7.5942
-86.7174 -77.654 -145.047 -68.2777 -118.438 8.30856
-87.059 -78.2466 -145.003 -68.3809 -118.608 9.02783
-87.4012 -78.8401 -144.956 -68.4815 -118.773 9.75197
-87.7439 -79.4343 -144.906 -68.5796 -118.934 10.481
-88.087 -80.0294 -144.851 -68.6752 -119.09 11.2147
-88.4306 -80.6252 -144.794 -68.7681 -119.242 11.9533
-88.7747 -81.2218 -144.732 -68.8584 -119.389 12.6966
-89.1192 -81.8191 -144.667 -68.9459 -119.532 13.4446
-89.4641 -82.4171 -144.598 -69.0307 -119.669 14.1972
-89.8095 -83.0158 -144.525 -69.1126 -119.802 14.9543
-90.1553 -83.6152 -144.448 -69.1917 -119.93 15.7161
-90.5014 -84.2151 -144.367 -69.2679 -120.053 16.4823
-90.8479 -84.8157 -144.283 -69.3411 -120.17 17.2529
-91.1948 -85.4168 -144.195 -69.4113 -120.282 18.0279
-91.5421 -86.0185 -144.103 -69.4784 -120.389 18.8073
-91.8896 -86.6207 -144.007 -69.5424 -120.491 19.5908
-92.2375 -87.2234 -143.907 -69.6033 -120.587 20.3786
-92.5856 -87.8266 -143.803 -69.661 -120.677 21.1705
-92.9341 -88.4302 -143.695 -69.7154 -120.762 21.9664
-93.2828 -89.0342 -143.583 -69.7665 -120.841 22.7663
-93.6318 -89.6386 -143.468 -69.8143 -120.915 23.5701
-93.9809 -90.2433 -143.348 -69.8586 -120.982 24.3778
-94.3303 -90.8484 -143.224 -69.8996 -121.044 25.1891
-94.6799 -91.4538 -143.096 -69.9371 -121.099 26.0042
-95.0297 -92.0594 -142.964 -69.971 -121.148 26.8228
-95.3796 -92.6653 -142.828 -70.0014 -121.192 27.6449
-95.7297 -93.2713 -142.687 -70.0281 -121.229 28.4704
-96.0799 -93.8775 -142.543 -70.0512 -121.259 29.2992
-96.4302 -94.4839 -142.394 -70.0706 -121.284 30.1313
-96.7806 -95.0904 -142.242 -70.0862 -121.301 30.9664
-97.1311 -95.6969 -142.085 -70.0981 -121.313 31.8046
-97.4816 -96.3035 -141.924 -70.1061 -121.317 32.6457
-97.8322 -96.9101 -141.758 -70.1103 -121.315 33.4896
-98.1827 -97.5167 -141.589 -70.1106 -121.306 34.3361
-98.5333 -98.1232 -141.415 -70.1069 -121.291 35.1853
-98.8838 -98.7296 -141.237 -70.0992 -121.269 36.037
-99.2343 -99.3358 -141.055 -70.0876 -121.239 36.891
-99.5847 -99.942 -140.868 -70.0718 -121.203 37.7473
-99.935 -100.548 -140.677 -70.052 -121.16 38.6057
-100.285 -101.154 -140.482 -70.0281 -121.109 39.4661
-100.635 -101.759 -140.282 -70.0001 -121.052 40.3284
-100.985 -102.364 -140.079 -69.9678 -120.987 41.1925
-101.335 -102.969 -139.87 -69.9314 -120.915 42.0582
-101.684 -103.573 -139.658 -69.8907 -120.836 42.9254
-102.034 -104.177 -139.441 -69.8457 -120.749 43.794
-102.383 -104.781 -139.22 -69.7965 -120.656 44.6638
-102.732 -105.384 -138.995 -69.743 -120.554 45.5348
-103.08 -105.986 -138.765 -69.6851 -120.446 46.4067
-103.429 -106.588 -138.531 -69.6228 -120.329 47.2794
-103.777 -107.19 -138.292 -69.5562 -120.206 48.1528
-104.124 -107.79 -138.049 -69.4852 -120.074 49.0268
-104.471 -108.39 -137.802 -69.4098 -119.936 49.9011
-104.818 -108.99 -137.55 -69.3299 -119.789 50.7758
-105.165 -109.588 -137.294 -69.2456 -119.635 51.6505
-105.511 -110.186 -137.033 -69.1569 -119.474 52.5252
-105.856 -110.783 -136.769 -69.0637 -119.304 53.3998
-106.201 -111.379 -136.499 -68.966 -119.128 54.274
-106.546 -111.974 -136.226 -68.8638 -118.943 55.1477
-106.89 -112.568 -135.948 -68.7572 -118.751 56.0208
-107.234 -113.162 -135.666 -68.646 -118.551 56.8931
-107.577 -113.754 -135.379 -68.5304 -118.343 57.7645
-107.919 -114.345 -135.088 -68.4103 -118.128 58.6348
-108.261 -114.935 -134.793 -68.2857 -117.905 59.5039
-108.602 -115.524 -134.493 -68.1565 -117.674 60.3715
-108.942 -116.112 -134.189 -68.023 -117.436 61.2376
-109.282 -116.699 -133.881 -67.8849 -117.19 62.102
-109.621 -117.284 -133.568 -67.7424 -116.937 62.9646
-109.959 -117.868 -133.251 -67.5954 -116.676 63.8251
-110.297 -118.451 -132.93 -67.4439 -116.407 64.6835
-110.634 -119.032 -132.604 -67.288 -116.131 65.5395
-110.97 -119.612 -132.274 -67.1278 -115.847 66.3931
-111.305 -120.19 -131.94 -66.9631 -115.556 67.2441
-111.639 -120.768 -131.602 -66.794 -115.257 68.0922
-111.973 -121.343 -131.259 -66.6206 -114.951 68.9375
-112.306 -121.917 -130.913 -66.4428 -114.637 69.7797
-112.637 -122.489 -130.562 -66.2607 -114.317 70.6186
-112.968 -123.06 -130.206 -66.0744 -113.989 71.4541
-113.298 -123.629 -129.847 -65.8837 -113.653 72.2862
-113.627 -124.197 -129.484 -65.6889 -113.311 73.1145
-113.955 -124.762 -129.116 -65.4899 -112.961 73.9391
-114.282 -125.326 -128.744 -65.2866 -112.604 74.7596
-114.608 -125.888 -128.368 -65.0793 -112.24 75.5761
-114.933 -126.449 -127.988 -64.8679 -111.87 76.3883
-115.257 -127.007 -127.604 -64.6524 -111.492 77.1962
-115.579 -127.564 -127.216 -64.4329 -111.108 77.9995
-115.901 -128.118 -126.824 -64.2094 -110.717 78.7982
-116.221 -128.671 -126.428 -63.982 -110.319 79.5921
-116.541 -129.221 -126.028 -63.7507 -109.915 80.381
-116.859 -129.77 -125.625 -63.5156 -109.504 81.1649
-117.176 -130.316 -125.217 -63.2767 -109.087 81.9437
-117.492 -130.861 -124.805 -63.034 -108.663 82.7171
-117.806 -131.403 -124.39 -62.7877 -108.233 83.4852
-118.12 -131.943 -123.97 -62.5376 -107.797 84.2477
-118.432 -132.481 -123.547 -62.284 -107.355 85.0045
-118.742 -133.017 -123.12 -62.0269 -106.907 85.7556
-119.052 -133.55 -122.69 -61.7663 -106.453 86.5007
-119.36 -134.081 -122.255 -61.5022 -105.993 87.2399
-119.667 -134.61 -121.817 -61.2348 -105.528 87.9731
-119.972 -135.137 -121.376 -60.9641 -105.057 88.7
-120.277 -135.661 -120.93 -60.6901 -104.58 89.4206
-120.579 -136.182 -120.481 -60.4129 -104.098 90.1348
-120.881 -136.702 -120.029 -60.1326 -103.611 90.8426
-121.181 -137.218 -119.573 -59.8492 -103.119 91.5437
-121.479 -137.733 -119.113 -59.5628 -102.622 92.2382
-121.776 -138.245 -118.651 -59.2734 -102.119 92.926
-122.072 -138.754 -118.184 -58.9812 -101.612 93.6069
-122.366 -139.261 -117.714 -58.6861 -101.1 94.2809
-122.659 -139.765 -117.241 -58.3883 -100.584 94.948
-122.95 -140.267 -116.765 -58.0878 -100.063 95.608
-123.24 -140.766 -116.285 -57.7847 -99.5371 96.2608
-123.528 -141.262 -115.802 -57.479 -99.0074 96.9065
-123.814 -141.756 -115.316 -57.1709 -98.4735 97.545
-124.1 -142.247 -114.827 -56.8603 -97.9356 98.1761
-124.383 -142.735 -114.335 -56.5474 -97.3937 98.7999
-124.665 -143.221 -113.839 -56.2321 -96.8481 99.4162
-124.945 -143.704 -113.34 -55.9147 -96.2987 100.025
-125.224 -144.184 -112.839 -55.5951 -95.7457 100.626
-125.501 -144.661 -112.334 -55.2734 -95.1893 101.22
-125.777 -145.136 -111.827 -54.9498 -94.6295 101.807
-126.051 -145.607 -111.316 -54.6241 -94.0665 102.385
-126.323 -146.076 -110.803 -54.2966 -93.5004 102.956
-126.594 -146.542 -110.286 -53.9673 -92.9313 103.519
-126.863 -147.006 -109.767 -53.6363 -92.3593 104.075
-127.13 -147.466 -109.246 -53.3036 -91.7846 104.623
-127.396 -147.923 -108.721 -52.9692 -91.2072 105.163
-127.66 -148.378 -108.194 -52.6334 -90.6273 105.695
-127.922 -148.83 -107.664 -52.296 -90.0449 106.22
-128.183 -149.278 -107.132 -51.9573 -89.4603 106.737
-128.442 -149.724 -106.597 -51.6172 -88.8734 107.245
-128.699 -150.167 -106.059 -51.2759 -88.2845 107.747
-128.955 -150.607 -105.519 -50.9334 -87.6936 108.24
-129.208 -151.044 -104.977 -50.5897 -87.1009 108.725
-129.46 -151.478 -104.432 -50.2449 -86.5064 109.203
-129.711 -151.909 -103.885 -49.8992 -85.9103 109.673
-129.959 -152.337 -103.335 -49.5524 -85.3127 110.135
-130.206 -152.762 -102.784 -49.2048 -84.7137 110.589
-130.451 -153.184 -102.23 -48.8564 -84.1133 111.036
-130.695 -153.603 -101.673 -48.5073 -83.5118 111.474
-130.937 -154.019 -101.115 -48.1574 -82.9092 111.905
-131.176 -154.433 -100.554 -47.8069 -82.3055 112.329
-131.415 -154.843 -99.9915 -47.4558 -81.701 112.744
-131.651 -155.25 -99.4268 -47.1042 -81.0957 113.152
-131.886 -155.653 -98.86 -46.7521 -80.4896 113.553
-132.119 -156.054 -98.2913 -46.3996 -79.883 113.945
-132.35 -156.452 -97.7206 -46.0468 -79.2759 114.33
-132.579 -156.847 -97.148 -45.6937 -78.6684 114.708
-132.807 -157.239 -96.5735 -45.3404 -78.0605 115.078
-133.032 -157.628 -95.9972 -44.9869 -77.4525 115.44
-133.256 -158.014 -95.4191 -44.6332 -76.8443 115.795
-133.479 -158.396 -94.8392 -44.2795 -76.2361 116.143
-133.699 -158.776 -94.2577 -43.9257 -75.6279 116.483
-133.918 -159.153 -93.6744 -43.572 -75.0199 116.816
-134.135 -159.526 -93.0895 -43.2184 -74.4121 117.142
-134.35 -159.897 -92.503 -42.8648 -73.8045 117.461
-134.564 -160.264 -91.9149 -42.5115 -73.1974 117.772
-134.775 -160.629 -91.3253 -42.1584 -72.5908 118.076
-134.985 -160.99 -90.7341 -41.8055 -71.9846 118.373
-135.193 -161.348 -90.1415 -41.4529 -71.3791 118.664
-135.4 -161.704 -89.5475 -41.1008 -70.7743 118.947
-135.604 -162.056 -88.9521 -40.749 -70.1703 119.223
-135.807 -162.406 -88.3553 -40.3976 -69.5671 119.492
-136.008 -162.752 -87.7571 -40.0467 -68.9648 119.755
-136.208 -163.095 -87.1577 -39.6964 -68.3635 120.011
-136.405 -163.436 -86.557 -39.3466 -67.7632 120.26
-136.601 -163.773 -85.9551 -38.9974 -67.1641 120.502
-136.795 -164.107 -85.352 -38.6489 -66.5661 120.738
-136.988 -164.438 -84.7477 -38.301 -65.9693 120.968
-137.178 -164.767 -84.1423 -37.9539 -65.3739 121.191
-137.367 -165.092 -83.5358 -37.6075 -64.7798 121.407
-137.554 -165.415 -82.9283 -37.2618 -64.1872 121.618
-137.74 -165.734 -82.3196 -36.917 -63.596 121.822
-137.924 -166.051 -81.71 -36.5731 -63.0063 122.019
-138.106 -166.364 -81.0995 -36.23 -62.4182 122.211
-138.286 -166.675 -80.4879 -35.8878 -61.8317 122.397
-138.464 -166.982 -79.8755 -35.5466 -61.2469 122.576
-138.641 -167.287 -79.2622 -35.2063 -60.6639 122.75
-138.816 -167.589 -78.648 -34.867 -60.0826 122.918
-138.99 -167.888 -78.033 -34.5288 -59.5032 123.08
-139.162 -168.184 -77.4172 -34.1916 -58.9256 123.236
-139.332 -168.477 -76.8006 -33.8554 -58.3499 123.387
-139.5 -168.768 -76.1833 -33.5204 -57.7762 123.532
-139.667 -169.055 -75.5653 -33.1865 -57.2044 123.671
-139.832 -169.34 -74.9466 -32.8537 -56.6347 123.805
-139.996 -169.621 -74.3272 -32.5221 -56.0671 123.934
-140.157 -169.9 -73.7073 -32.1917 -55.5015 124.057
-140.318 -170.176 -73.0867 -31.8625 -54.9381 124.175
-140.476 -170.45 -72.4655 -31.5345 -54.3768 124.288
-140.633 -170.72 -71.8438 -31.2078 -53.8178 124.395
-140.788 -170.988 -71.2216 -30.8823 -53.261 124.498
-140.942 -171.253 -70.5988 -30.5582 -52.7065 124.596
-141.094 -171.515 -69.9756 -30.2353 -52.1542 124.688
-141.244 -171.774 -69.3519 -29.9137 -51.6043 124.776
-141.393 -172.031 -68.7278 -29.5935 -51.0567 124.859
-141.54 -172.285 -68.1033 -29.2746 -50.5114 124.937
-141.686 -172.536 -67.4785 -28.9571 -49.9686 125.01
-141.83 -172.785 -66.8532 -28.641 -49.4282 125.079
-141.972 -173.03 -66.2277 -28.3262 -48.8902 125.143
-142.113 -173.274 -65.6018 -28.0129 -48.3546 125.203
-142.252 -173.514 -64.9756 -27.7009 -47.8216 125.259
-142.39 -173.752 -64.3492 -27.3904 -47.291 125.31
-142.526 -173.987 -63.7225 -27.0813 -46.7629 125.356
-142.661 -174.219 -63.0957 -26.7737 -46.2374 125.399
-142.794 -174.449 -62.4686 -26.4675 -45.7144 125.437
-142.925 -174.677 -61.8413 -26.1628 -45.194 125.471
-143.055 -174.901 -61.2138 -25.8595 -44.6761 125.501
-143.184 -175.123 -60.5863 -25.5578 -44.1609 125.528
-143.311 -175.343 -59.9586 -25.2575 -43.6482 125.55
-143.437 -175.56 -59.3308 -24.9587 -43.1381 125.568
-143.561 -175.774 -58.7029 -24.6614 -42.6306 125.583
-143.683 -175.986 -58.0749 -24.3656 -42.1258 125.593
-143.804 -176.195 -57.447 -24.0713 -41.6236 125.601
-143.924 -176.402 -56.8189 -23.7785 -41.1241 125.604
-144.042 -176.607 -56.1909 -23.4873 -40.6271 125.604
-144.159 -176.809 -55.5629 -23.1975 -40.1329 125.6
-144.274 -177.008 -54.9349 -22.9093 -39.6413 125.593
-144.388 -177.205 -54.307 -22.6227 -39.1524 125.583
-144.5 -177.4 -53.6791 -22.3375 -38.6661 125.569
-144.611 -177.592 -53.0513 -22.0539 -38.1825 125.552
-144.721 -177.781 -52.4236 -21.7719 -37.7016 125.531
-144.829 -177.969 -51.796 -21.4913 -37.2234 125.508
-144.936 -178.154 -51.1685 -21.2123 -36.7478 125.481
-145.041 -178.336 -50.5412 -20.9349 -36.275 125.451
-145.145 -178.516 -49.914 -20.659 -35.8048 125.418
-145.248 -178.694 -49.287 -20.3846 -35.3373 125.382
-145.349 -178.87 -48.6602 -20.1118 -34.8724 125.343
-145.449 -179.043 -48.0335 -19.8405 -34.4103 125.302
-145.547 -179.214 -47.4071 -19.5708 -33.9508 125.257
-145.644 -179.382 -46.781 -19.3025 -33.494 125.21
-145.74 -179.549 -46.155 -19.0359 -33.0399 125.16
-145.835 -179.713 -45.5294 -18.7707 -32.5884 125.107
-145.928 -179.875 -44.904 -18.5072 -32.1396 125.052
-146.02 -180.034 -44.2789 -18.2451 -31.6935 124.994
-146.11 -180.192 -43.654 -17.9846 -31.25 124.934
-146.2 -180.347 -43.0295 -17.7255 -30.8092 124.871
-146.288 -180.5 -42.4053 -17.4681 -30.3711 124.805
-146.374 -180.65 -41.7815 -17.2121 -29.9355 124.737
-146.46 -180.799 -41.1579 -16.9577 -29.5026 124.667
-146.544 -180.945 -40.5348 -16.7047 -29.0724 124.595
-146.627 -181.09 -39.912 -16.4533 -28.6447 124.52
-146.709 -181.232 -39.2896 -16.2034 -28.2197 124.443
-146.789 -181.372 -38.6676 -15.955 -27.7973 124.363
-146.868 -181.51 -38.046 -15.7081 -27.3775 124.282
-146.946 -181.646 -37.4248 -15.4627 -26.9603 124.199
-147.023 -181.78 -36.804 -15.2188 -26.5456 124.113
-147.098 -181.911 -36.1836 -14.9764 -26.1335 124.025
-147.172 -182.041 -35.5637 -14.7354 -25.7241 123.936
-147.246 -182.168 -34.9443 -14.4959 -25.3171 123.844
-147.317 -182.294 -34.3253 -14.2579 -24.9127 123.751
-147.388 -182.418 -33.7068 -14.0214 -24.5109 123.655
-147.458 -182.539 -33.0887 -13.7863 -24.1116 123.558
-147.526 -182.659 -32.4712 -13.5527 -23.7148 123.459
-147.593 -182.776 -31.8541 -13.3205 -23.3205 123.358
-147.659 -182.892 -31.2376 -13.0898 -22.9287 123.256
-147.724 -183.006 -30.6216 -12.8605 -22.5394 123.151
-147.788 -183.117 -30.0061 -12.6326 -22.1525 123.046
-147.85 -183.227 -29.3911 -12.4062 -21.7682 122.938
-147.912 -183.335 -28.7767 -12.1811 -21.3863 122.829
-147.972 -183.441 -28.1628 -11.9575 -21.0068 122.718
-148.031 -183.545 -27.5495 -11.7353 -20.6298 122.606
-148.09 -183.647 -26.9368 -11.5145 -20.2552 122.492
-148.147 -183.748 -26.3246 -11.2951 -19.883 122.377
-148.202 -183.846 -25.713 -11.0771 -19.5132 122.26
-148.257 -183.943 -25.102 -10.8605 -19.1458 122.142
-148.311 -184.038 -24.4916 -10.6452 -18.7808 122.023
-148.364 -184.131 -23.8818 -10.4313 -18.4182 121.902
-148.415 -184.222 -23.2726 -10.2187 -18.0578 121.78
-148.466 -184.311 -22.664 -10.0075 -17.6999 121.656
-148.515 -184.399 -22.056 -9.79769 -17.3442 121.531
-148.564 -184.485 -21.4487 -9.58917 -16.9909 121.405
-148.611 -184.569 -20.8419 -9.38199 -16.6399 121.278
-148.658 -184.651 -20.2359 -9.17614 -16.2911 121.15
-148.703 -184.732 -19.6304 -8.9716 -15.9446 121.02
-148.747 -184.81 -19.0257 -8.76837 -15.6004 120.89
-148.791 -184.888 -18.4216 -8.56644 -15.2585 120.758
-148.833 -184.963 -17.8181 -8.3658 -14.9188 120.625
-148.874 -185.037 -17.2153 -8.16645 -14.5813 120.491
-148.915 -185.109 -16.6132 -7.96839 -14.246 120.356
-148.954 -185.179 -16.0117 -7.77159 -13.9129 120.221
-148.993 -185.248 -15.411 -7.57606 -13.5821 120.084
-149.03 -185.315 -14.8109 -7.38179 -13.2533 119.946
-149.066 -185.38 -14.2115 -7.18877 -12.9268 119.807
-149.102 -185.444 -13.6128 -6.997 -12.6024 119.667
-149.136 -185.506 -13.0148 -6.80645 -12.2801 119.527
-149.17 -185.567 -12.4176 -6.61714 -11.96 119.385
-149.202 -185.626 -11.821 -6.42905 -11.6419 119.243
-149.234 -185.683 -11.2251 -6.24217 -11.326 119.1
-149.265 -185.739 -10.63 -6.05649 -11.0121 118.956
-149.295 -185.794 -10.0356 -5.87202 -10.7003 118.811
-149.324 -185.846 -9.44189 -5.68873 -10.3906 118.665
-149.352 -185.898 -8.84892 -5.50663 -10.0829 118.519
-149.379 -185.947 -8.25669 -5.32571 -9.77724 118.372
-149.405 -185.995 -7.6652 -5.14595 -9.47359 118.224
-149.43 -186.042 -7.07445 -4.96735 -9.17195 118.076
-149.455 -186.087 -6.48444 -4.78991 -8.8723 117.927
-149.478 -186.131 -5.89518 -4.61361 -8.57463 117.777
-149.501 -186.173 -5.30667 -4.43846 -8.27893 117.627
-149.522 -186.213 -4.71892 -4.26443 -7.98518 117.476
-149.543 -186.253 -4.13191 -4.09153 -7.69337 117.324
-149.563 -186.29 -3.54567 -3.91974 -7.40348 117.172
-149.583 -186.327 -2.96019 -3.74906 -7.11551 117.019
-149.601 -186.361 -2.37548 -3.57949 -6.82944 116.866
-149.618 -186.395 -1.79154 -3.41101 -6.54526 116.712
-149.635 -186.427 -1.20836 -3.24361 -6.26296 116.558
-149.651 -186.458 -0.625957 -3.0773 -5.98252 116.403
-149.666 -186.487 -0.0443304 -2.91206 -5.70393 116.248
-149.68 -186.515 0.536519 -2.74788 -5.42718 116.092
-149.693 -186.541 1.11659 -2.58476 -5.15225 115.936
-149.706 -186.566 1.69587 -2.4227 -4.87913 115.779
-149.717 -186.59 2.27438 -2.26167 -4.60782 115.622
-149.728 -186.612 2.85209 -2.10169 -4.33829 115.464
-149.738 -186.633 3.42902 -1.94273 -4.07054 115.306
-149.748 -186.653 4.00515 -1.78479 -3.80456 115.148
-149.756 -186.671 4.5805 -1.62787 -3.54032 114.989
-149.764 -186.688 5.15504 -1.47196 -3.27783 114.83
-149.771 -186.704 5.7288 -1.31705 -3.01706 114.671
