50 100 -175 0 0 49
49.9999 99.9999 -174.755 -0.0355215 -0.0567654 49.0193
49.9996 99.9994 -174.51 -0.0710723 -0.113569 49.0385
49.9992 99.9987 -174.265 -0.106652 -0.17041 49.0577
49.9986 99.9977 -174.019 -0.142262 -0.22729 49.0768
49.9978 99.9964 -173.774 -0.1779 -0.284207 49.0959
49.9968 99.9949 -173.528 -0.213569 -0.341163 49.115
49.9956 99.993 -173.283 -0.249267 -0.398158 49.134
49.9943 99.9909 -173.037 -0.284994 -0.45519 49.153
49.9928 99.9885 -172.791 -0.320752 -0.512262 49.172
49.9911 99.9858 -172.545 -0.356539 -0.569372 49.1909
49.9892 99.9828 -172.299 -0.392357 -0.626521 49.2098
49.9872 99.9795 -172.053 -0.428204 -0.683708 49.2287
49.9849 99.976 -171.807 -0.464082 -0.740935 49.2475
49.9825 99.9721 -171.561 -0.49999 -0.7982 49.2663
49.9799 99.968 -171.314 -0.535928 -0.855505 49.285
49.9772 99.9636 -171.068 -0.571897 -0.912849 49.3038
49.9742 99.9588 -170.821 -0.607896 -0.970232 49.3224
49.9711 99.9539 -170.575 -0.643926 -1.02765 49.3411
49.9678 99.9486 -170.328 -0.679987 -1.08512 49.3597
49.9643 99.943 -170.081 -0.716078 -1.14262 49.3782
49.9606 99.9371 -169.834 -0.752201 -1.20016 49.3968
49.9568 99.931 -169.587 -0.788354 -1.25774 49.4153
49.9527 99.9246 -169.34 -0.824539 -1.31536 49.4337
49.9485 99.9178 -169.093 -0.860754 -1.37302 49.4521
49.9441 99.9108 -168.845 -0.897001 -1.43073 49.4705
49.9396 99.9035 -168.598 -0.93328 -1.48847 49.4889
49.9348 99.8959 -168.35 -0.96959 -1.54625 49.5072
49.9299 99.8881 -168.103 -1.00593 -1.60407 49.5255
49.9247 99.8799 -167.855 -1.0423 -1.66193 49.5437
49.9194 99.8715 -167.607 -1.07871 -1.71984 49.5619
49.914 99.8627 -167.36 -1.11515 -1.77778 49.5801
49.9083 99.8537 -167.112 -1.15161 -1.83577 49.5982
49.9024 99.8444 -166.864 -1.18812 -1.89379 49.6163
49.8964 99.8347 -166.615 -1.22465 -1.95186 49.6343
49.8902 99.8248 -166.367 -1.26121 -2.00997 49.6524
49.8838 99.8146 -166.119 -1.29781 -2.06812 49.6703
49.8772 99.8042 -165.871 -1.33444 -2.12631 49.6883
49.8705 99.7934 -165.622 -1.3711 -2.18454 49.7062
49.8635 99.7823 -165.374 -1.4078 -2.24281 49.7241
49.8564 99.7709 -165.125 -1.44453 -2.30113 49.7419
49.8491 99.7593 -164.876 -1.48129 -2.35949 49.7597
49.8416 99.7474 -164.627 -1.51808 -2.41788 49.7775
49.8339 99.7351 -164.378 -1.55491 -2.47633 49.7952
49.826 99.7226 -164.129 -1.59177 -2.53481 49.8129
49.818 99.7098 -163.88 -1.62866 -2.59333 49.8305
49.8097 99.6967 -163.631 -1.66559 -2.6519 49.8482
49.8013 99.6833 -163.382 -1.70255 -2.71051 49.8657
49.7927 99.6696 -163.132 -1.73954 -2.76916 49.8833
49.7839 99.6556 -162.883 -1.77657 -2.82786 49.9008
49.7749 99.6413 -162.633 -1.81363 -2.8866 49.9183
49.7658 99.6267 -162.384 -1.85073 -2.94538 49.9357
49.7564 99.6118 -162.134 -1.88786 -3.0042 49.9531
49.7469 99.5967 -161.884 -1.92502 -3.06307 49.9705
49.7372 99.5812 -161.634 -1.96222 -3.12198 49.9878
49.7273 99.5654 -161.384 -1.99945 -3.18093 50.0051
49.7172 99.5494 -161.134 -2.03671 -3.23993 50.0223
49.7069 99.533 -160.884 -2.07401 -3.29897 50.0395
49.6964 99.5164 -160.634 -2.11135 -3.35805 50.0567
49.6858 99.4995 -160.383 -2.14872 -3.41718 50.0738
49.675 99.4822 -160.133 -2.18612 -3.47635 50.0909
49.6639 99.4647 -159.883 -2.22356 -3.53557 50.108
49.6527 99.4469 -159.632 -2.26104 -3.59483 50.125
49.6413 99.4287 -159.381 -2.29855 -3.65413 50.142
49.6297 99.4103 -159.131 -2.33609 -3.71348 50.159
49.618 99.3916 -158.88 -2.37367 -3.77287 50.1759
49.606 99.3726 -158.629 -2.41129 -3.83231 50.1928
49.5938 99.3533 -158.378 -2.44894 -3.89179 50.2096
49.5815 99.3337 -158.127 -2.48663 -3.95132 50.2264
49.569 99.3138 -157.876 -2.52435 -4.01089 50.2432
49.5563 99.2936 -157.624 -2.56211 -4.07051 50.2599
49.5434 99.2731 -157.373 -2.59991 -4.13017 50.2766
49.5303 99.2523 -157.122 -2.63774 -4.18988 50.2933
49.517 99.2312 -156.87 -2.67561 -4.24963 50.3099
49.5035 99.2098 -156.618 -2.71351 -4.30943 50.3265
49.4899 99.1881 -156.367 -2.75145 -4.36928 50.343
49.476 99.1661 -156.115 -2.78943 -4.42917 50.3596
49.462 99.1438 -155.863 -2.82744 -4.4891 50.376
49.4477 99.1212 -155.611 -2.86549 -4.54909 50.3925
49.4333 99.0983 -155.359 -2.90358 -4.60911 50.4089
49.4187 99.0751 -155.107 -2.9417 -4.66919 50.4252
49.4039 99.0516 -154.855 -2.97986 -4.72931 50.4415
49.3889 99.0278 -154.603 -3.01806 -4.78948 50.4578
49.3737 99.0037 -154.35 -3.0563 -4.84969 50.4741
49.3583 98.9793 -154.098 -3.09457 -4.90996 50.4903
49.3428 98.9546 -153.845 -3.13289 -4.97027 50.5065
49.327 98.9296 -153.593 -3.17124 -5.03062 50.5226
49.311 98.9043 -153.34 -3.20962 -5.09102 50.5387
49.2949 98.8787 -153.088 -3.24805 -5.15148 50.5548
49.2786 98.8528 -152.835 -3.28651 -5.21197 50.5708
49.262 98.8266 -152.582 -3.32501 -5.27252 50.5868
49.2453 98.8001 -152.329 -3.36355 -5.33311 50.6027
49.2284 98.7732 -152.076 -3.40213 -5.39375 50.6186
49.2113 98.7461 -151.823 -3.44075 -5.45444 50.6345
49.194 98.7187 -151.569 -3.4794 -5.51518 50.6504
49.1765 98.691 -151.316 -3.5181 -5.57597 50.6662
49.1588 98.6629 -151.063 -3.55683 -5.6368 50.6819
49.1409 98.6346 -150.809 -3.5956 -5.69769 50.6977
49.1229 98.606 -150.556 -3.63441 -5.75862 50.7133
49.1046 98.577 -150.302 -3.67327 -5.8196 50.729
49.0861 98.5478 -150.049 -3.71216 -5.88063 50.7446
49.0675 98.5182 -149.795 -3.75109 -5.94171 50.7602
49.0486 98.4883 -149.541 -3.79006 -6.00284 50.7757
49.0296 98.4582 -149.287 -3.82907 -6.06402 50.7912
49.0103 98.4277 -149.033 -3.86811 -6.12525 50.8067
48.9909 98.3969 -148.779 -3.9072 -6.18652 50.8221
48.9713 98.3658 -148.525 -3.94633 -6.24785 50.8375
48.9514 98.3344 -148.271 -3.9855 -6.30923 50.8528
48.9314 98.3027 -148.016 -4.02471 -6.37066 50.8682
48.9112 98.2707 -147.762 -4.06397 -6.43214 50.8834
48.8908 98.2384 -147.507 -4.10326 -6.49366 50.8987
48.8701 98.2058 -147.253 -4.14259 -6.55524 50.9139
48.8493 98.1729 -146.998 -4.18196 -6.61687 50.929
48.8283 98.1396 -146.744 -4.22138 -6.67856 50.9441
48.8071 98.1061 -146.489 -4.26083 -6.74029 50.9592
48.7857 98.0722 -146.234 -4.30033 -6.80207 50.9743
48.7641 98.0381 -145.979 -4.33987 -6.86391 50.9893
48.7423 98.0036 -145.724 -4.37945 -6.92579 51.0043
48.7203 97.9688 -145.469 -4.41907 -6.98773 51.0192
48.6981 97.9337 -145.214 -4.45873 -7.04972 51.0341
48.6757 97.8983 -144.959 -4.49844 -7.11177 51.0489
48.6531 97.8626 -144.703 -4.53819 -7.17386 51.0638
48.6304 97.8266 -144.448 -4.57798 -7.23601 51.0785
48.6074 97.7902 -144.193 -4.61781 -7.29821 51.0933
48.5842 97.7536 -143.937 -4.65768 -7.36046 51.108
48.5608 97.7166 -143.682 -4.6976 -7.42277 51.1227
48.5372 97.6794 -143.426 -4.73756 -7.48512 51.1373
48.5134 97.6418 -143.17 -4.77756 -7.54754 51.1519
48.4894 97.6039 -142.914 -4.81761 -7.61 51.1664
48.4652 97.5657 -142.659 -4.8577 -7.67252 51.1809
48.4408 97.5272 -142.403 -4.89783 -7.73509 51.1954
48.4163 97.4883 -142.147 -4.93801 -7.79772 51.2099
48.3915 97.4492 -141.89 -4.97823 -7.8604 51.2243
48.3665 97.4097 -141.634 -5.01849 -7.92313 51.2386
48.3413 97.37 -141.378 -5.0588 -7.98592 51.2529
48.3159 97.3299 -141.122 -5.09915 -8.04876 51.2672
48.2903 97.2895 -140.865 -5.13954 -8.11166 51.2815
48.2645 97.2488 -140.609 -5.17998 -8.17461 51.2957
48.2385 97.2077 -140.352 -5.22046 -8.23762 51.3098
48.2123 97.1664 -140.096 -5.26099 -8.30068 51.324
48.1859 97.1247 -139.839 -5.30157 -8.3638 51.3381
48.1593 97.0827 -139.583 -5.34218 -8.42697 51.3521
48.1325 97.0404 -139.326 -5.38285 -8.4902 51.3661
48.1054 96.9978 -139.069 -5.42355 -8.55349 51.3801
48.0782 96.9549 -138.812 -5.46431 -8.61683 51.3941
48.0508 96.9117 -138.555 -5.5051 -8.68023 51.408
48.0232 96.8681 -138.298 -5.54595 -8.74368 51.4218
47.9953 96.8242 -138.041 -5.58684 -8.80719 51.4356
47.9673 96.78 -137.783 -5.62777 -8.87076 51.4494
47.9391 96.7355 -137.526 -5.66875 -8.93439 51.4632
47.9106 96.6907 -137.269 -5.70978 -8.99807 51.4769
47.882 96.6455 -137.011 -5.75085 -9.06181 51.4905
47.8531 96.6001 -136.754 -5.79197 -9.12561 51.5042
47.824 96.5543 -136.496 -5.83314 -9.18946 51.5178
47.7948 96.5082 -136.239 -5.87435 -9.25337 51.5313
47.7653 96.4618 -135.981 -5.91561 -9.31735 51.5448
47.7356 96.415 -135.723 -5.95692 -9.38137 51.5583
47.7057 96.3679 -135.465 -5.99827 -9.44546 51.5717
47.6756 96.3206 -135.208 -6.03967 -9.50961 51.5851
47.6453 96.2728 -134.95 -6.08112 -9.57381 51.5985
47.6148 96.2248 -134.692 -6.12261 -9.63808 51.6118
47.5841 96.1765 -134.434 -6.16416 -9.7024 51.6251
47.5532 96.1278 -134.175 -6.20575 -9.76679 51.6383
47.5221 96.0788 -133.917 -6.24739 -9.83123 51.6515
47.4907 96.0295 -133.659 -6.28907 -9.89573 51.6647
47.4592 95.9798 -133.4 -6.33081 -9.9603 51.6778
47.4274 95.9299 -133.142 -6.37259 -10.0249 51.6909
47.3954 95.8796 -132.884 -6.41442 -10.0896 51.7039
47.3633 95.829 -132.625 -6.4563 -10.1543 51.7169
47.3309 95.778 -132.366 -6.49823 -10.2192 51.7299
47.2983 95.7268 -132.108 -6.54021 -10.284 51.7428
47.2655 95.6752 -131.849 -6.58224 -10.349 51.7557
47.2325 95.6233 -131.59 -6.62431 -10.4139 51.7686
47.1992 95.5711 -131.331 -6.66644 -10.479 51.7814
47.1658 95.5185 -131.072 -6.70862 -10.5441 51.7942
47.1321 95.4656 -130.813 -6.75084 -10.6093 51.8069
47.0983 95.4124 -130.554 -6.79312 -10.6745 51.8196
47.0642 95.3589 -130.295 -6.83544 -10.7398 51.8322
47.0299 95.305 -130.036 -6.87782 -10.8052 51.8449
46.9954 95.2508 -129.777 -6.92024 -10.8706 51.8574
46.9607 95.1963 -129.517 -6.96272 -10.9361 51.87
46.9258 95.1415 -129.258 -7.00524 -11.0017 51.8825
46.8907 95.0863 -128.999 -7.04782 -11.0673 51.8949
46.8553 95.0308 -128.739 -7.09045 -11.133 51.9073
46.8198 94.975 -128.479 -7.13313 -11.1987 51.9197
46.784 94.9188 -128.22 -7.17586 -11.2645 51.9321
46.748 94.8623 -127.96 -7.21864 -11.3304 51.9444
46.7118 94.8055 -127.7 -7.26147 -11.3963 51.9566
46.6754 94.7484 -127.441 -7.30435 -11.4623 51.9688
46.6388 94.6909 -127.181 -7.34729 -11.5284 51.981
46.6019 94.6331 -126.921 -7.39028 -11.5945 51.9932
46.5649 94.5749 -126.661 -7.43332 -11.6608 52.0053
46.5276 94.5165 -126.401 -7.47641 -11.727 52.0173
46.4901 94.4577 -126.141 -7.51956 -11.7934 52.0294
46.4524 94.3985 -125.88 -7.56275 -11.8598 52.0414
46.4145 94.3391 -125.62 -7.606 -11.9262 52.0533
46.3763 94.2793 -125.36 -7.64931 -11.9928 52.0652
46.338 94.2191 -125.1 -7.69266 -12.0594 52.0771
46.2994 94.1587 -124.839 -7.73607 -12.126 52.0889
46.2606 94.0979 -124.579 -7.77953 -12.1928 52.1007
46.2216 94.0367 -124.318 -7.82305 -12.2596 52.1125
46.1824 93.9753 -124.058 -7.86662 -12.3265 52.1242
46.1429 93.9135 -123.797 -7.91024 -12.3934 52.1358
46.1033 93.8513 -123.536 -7.95392 -12.4604 52.1475
46.0634 93.7889 -123.275 -7.99765 -12.5275 52.1591
46.0233 93.7261 -123.015 -8.04143 -12.5947 52.1706
45.983 93.6629 -122.754 -8.08527 -12.6619 52.1821
45.9425 93.5995 -122.493 -8.12917 -12.7292 52.1936
45.9017 93.5356 -122.232 -8.17312 -12.7965 52.205
45.8607 93.4715 -121.971 -8.21712 -12.864 52.2164
45.8195 93.407 -121.71 -8.26118 -12.9315 52.2278
45.7781 93.3422 -121.448 -8.30529 -12.9991 52.2391
45.7365 93.277 -121.187 -8.34946 -13.0667 52.2504
45.6946 93.2115 -120.926 -8.39369 -13.1344 52.2616
45.6525 93.1457 -120.665 -8.43797 -13.2022 52.2728
45.6102 93.0795 -120.403 -8.4823 -13.2701 52.284
45.5677 93.013 -120.142 -8.52669 -13.338 52.2951
45.525 92.9461 -119.88 -8.57114 -13.406 52.3062
45.482 92.8789 -119.619 -8.61565 -13.4741 52.3173
45.4388 92.8114 -119.357 -8.66021 -13.5423 52.3283
45.3954 92.7435 -119.095 -8.70482 -13.6105 52.3392
45.3518 92.6753 -118.834 -8.7495 -13.6788 52.3502
45.3079 92.6067 -118.572 -8.79423 -13.7472 52.361
45.2638 92.5378 -118.31 -8.83902 -13.8156 52.3719
45.2195 92.4685 -118.048 -8.88386 -13.8842 52.3827
45.175 92.3989 -117.786 -8.92876 -13.9528 52.3935
45.1302 92.329 -117.524 -8.97372 -14.0214 52.4042
45.0853 92.2587 -117.262 -9.01874 -14.0902 52.4149
45.04 92.1881 -117 -9.06382 -14.159 52.4256
44.9946 92.1171 -116.738 -9.10895 -14.2279 52.4362
44.949 92.0458 -116.476 -9.15414 -14.2969 52.4468
44.9031 91.9742 -116.213 -9.19939 -14.366 52.4573
44.857 91.9022 -115.951 -9.2447 -14.4351 52.4678
44.8106 91.8298 -115.689 -9.29007 -14.5044 52.4783
44.7641 91.7571 -115.426 -9.33549 -14.5737 52.4887
44.7173 91.6841 -115.164 -9.38098 -14.643 52.4991
44.6703 91.6107 -114.901 -9.42652 -14.7125 52.5094
44.623 91.537 -114.639 -9.47212 -14.782 52.5197
44.5755 91.4629 -114.376 -9.51779 -14.8517 52.53
44.5278 91.3884 -114.114 -9.56351 -14.9214 52.5402
44.4799 91.3137 -113.851 -9.60929 -14.9912 52.5504
44.4317 91.2385 -113.588 -9.65513 -15.061 52.5606
44.3833 91.163 -113.325 -9.70103 -15.131 52.5707
44.3347 91.0872 -113.062 -9.747 -15.201 52.5808
44.2859 91.011 -112.799 -9.79302 -15.2711 52.5909
44.2368 90.9345 -112.536 -9.8391 -15.3413 52.6009
44.1875 90.8576 -112.273 -9.88525 -15.4116 52.6108
44.1379 90.7804 -112.01 -9.93145 -15.4819 52.6208
44.0882 90.7028 -111.747 -9.97772 -15.5524 52.6307
44.0382 90.6249 -111.484 -10.024 -15.6229 52.6405
43.9879 90.5466 -111.221 -10.0704 -15.6935 52.6503
43.9375 90.4679 -110.957 -10.1169 -15.7642 52.6601
43.8868 90.3889 -110.694 -10.1634 -15.835 52.6699
43.8358 90.3096 -110.431 -10.21 -15.9059 52.6796
43.7847 90.2299 -110.167 -10.2566 -15.9768 52.6893
43.7333 90.1498 -109.904 -10.3033 -16.0479 52.6989
43.6816 90.0694 -109.64 -10.3501 -16.119 52.7085
43.6298 89.9886 -109.377 -10.3969 -16.1902 52.7181
43.5777 89.9075 -109.113 -10.4438 -16.2616 52.7276
43.5253 89.826 -108.85 -10.4907 -16.333 52.7371
43.4728 89.7442 -108.586 -10.5377 -16.4045 52.7465
43.4199 89.662 -108.322 -10.5848 -16.476 52.756
43.3669 89.5794 -108.058 -10.6319 -16.5477 52.7654
43.3136 89.4965 -107.794 -10.6791 -16.6195 52.7747
43.2601 89.4132 -107.531 -10.7264 -16.6914 52.784
43.2064 89.3296 -107.267 -10.7737 -16.7633 52.7933
43.1524 89.2456 -107.003 -10.8211 -16.8354 52.8025
43.0982 89.1612 -106.739 -10.8686 -16.9075 52.8117
43.0437 89.0765 -106.474 -10.9161 -16.9797 52.8209
42.989 88.9914 -106.21 -10.9637 -17.0521 52.8301
42.9341 88.906 -105.946 -11.0113 -17.1245 52.8392
42.8789 88.8202 -105.682 -11.0591 -17.197 52.8482
42.8235 88.734 -105.418 -11.1068 -17.2696 52.8573
42.7678 88.6475 -105.153 -11.1547 -17.3424 52.8663
42.7119 88.5606 -104.889 -11.2026 -17.4152 52.8753
42.6558 88.4733 -104.625 -11.2506 -17.4881 52.8842
42.5994 88.3857 -104.36 -11.2986 -17.5611 52.8931
42.5428 88.2977 -104.096 -11.3467 -17.6342 52.902
42.4859 88.2094 -103.831 -11.3949 -17.7075 52.9108
42.4289 88.1206 -103.567 -11.4431 -17.7808 52.9196
42.3715 88.0316 -103.302 -11.4914 -17.8542 52.9284
42.3139 87.9421 -103.037 -11.5398 -17.9278 52.9371
42.2561 87.8523 -102.773 -11.5883 -18.0014 52.9458
42.1981 87.7621 -102.508 -11.6368 -18.0751 52.9545
42.1397 87.6715 -102.243 -11.6853 -18.149 52.9631
42.0812 87.5806 -101.978 -11.734 -18.2229 52.9717
42.0224 87.4893 -101.713 -11.7827 -18.297 52.9803
41.9634 87.3976 -101.448 -11.8315 -18.3712 52.9889
41.9041 87.3056 -101.183 -11.8803 -18.4455 52.9974
41.8446 87.2132 -100.918 -11.9292 -18.5199 53.0059
41.7848 87.1204 -100.653 -11.9782 -18.5944 53.0143
41.7248 87.0272 -100.388 -12.0273 -18.669 53.0228
41.6645 86.9337 -100.123 -12.0764 -18.7437 53.0312
41.604 86.8398 -99.858 -12.1256 -18.8186 53.0395
41.5433 86.7455 -99.5928 -12.1748 -18.8935 53.0479
41.4823 86.6509 -99.3275 -12.2242 -18.9686 53.0562
41.421 86.5558 -99.0622 -12.2736 -19.0438 53.0644
41.3595 86.4604 -98.7969 -12.323 -19.1191 53.0727
41.2978 86.3646 -98.5315 -12.3726 -19.1946 53.0809
41.2358 86.2685 -98.2661 -12.4222 -19.2701 53.0891
41.1736 86.1719 -98.0006 -12.4718 -19.3458 53.0973
41.1111 86.075 -97.7351 -12.5216 -19.4216 53.1054
41.0484 85.9777 -97.4695 -12.5714 -19.4975 53.1135
40.9854 85.88 -97.2039 -12.6213 -19.5736 53.1216
40.9222 85.782 -96.9383 -12.6712 -19.6498 53.1296
40.8587 85.6835 -96.6726 -12.7213 -19.7261 53.1376
40.7949 85.5847 -96.4069 -12.7714 -19.8025 53.1456
40.731 85.4855 -96.1412 -12.8215 -19.8791 53.1536
40.6667 85.3859 -95.8754 -12.8718 -19.9558 53.1615
40.6022 85.286 -95.6096 -12.9221 -20.0327 53.1694
40.5375 85.1856 -95.3437 -12.9725 -20.1096 53.1773
40.4725 85.0849 -95.0778 -13.0229 -20.1868 53.1852
40.4073 84.9837 -94.8119 -13.0735 -20.264 53.193
40.3418 84.8822 -94.5459 -13.1241 -20.3414 53.2008
40.276 84.7803 -94.2799 -13.1747 -20.419 53.2085
40.21 84.678 -94.0138 -13.2255 -20.4966 53.2163
40.1438 84.5754 -93.7477 -13.2763 -20.5745 53.224
40.0773 84.4723 -93.4815 -13.3272 -20.6524 53.2317
40.0105 84.3688 -93.2154 -13.3781 -20.7306 53.2394
39.9435 84.265 -92.9492 -13.4291 -20.8088 53.247
39.8762 84.1607 -92.6829 -13.4802 -20.8873 53.2546
39.8087 84.0561 -92.4166 -13.5314 -20.9658 53.2622
39.7409 83.9511 -92.1503 -13.5826 -21.0446 53.2698
39.6729 83.8457 -91.8839 -13.6339 -21.1235 53.2773
39.6046 83.7398 -91.6175 -13.6853 -21.2025 53.2848
39.536 83.6336 -91.3511 -13.7367 -21.2817 53.2923
39.4672 83.527 -91.0846 -13.7882 -21.3611 53.2997
39.3981 83.42 -90.8181 -13.8398 -21.4406 53.3072
39.3288 83.3126 -90.5515 -13.8915 -21.5203 53.3146
39.2592 83.2048 -90.2849 -13.9432 -21.6002 53.322
39.1894 83.0966 -90.0183 -13.995 -21.6803 53.3293
39.1193 82.988 -89.7516 -14.0468 -21.7605 53.3366
39.0489 82.879 -89.4849 -14.0987 -21.8409 53.3439
38.9783 82.7696 -89.2182 -14.1507 -21.9215 53.3512
38.9074 82.6598 -88.9514 -14.2028 -22.0022 53.3585
38.8362 82.5496 -88.6846 -14.2549 -22.0832 53.3657
38.7648 82.439 -88.4178 -14.3071 -22.1643 53.3729
38.6932 82.3279 -88.1509 -14.3594 -22.2457 53.3801
38.6213 82.2165 -87.884 -14.4117 -22.3272 53.3872
38.5491 82.1047 -87.617 -14.4641 -22.4089 53.3943
38.4766 81.9924 -87.35 -14.5166 -22.4908 53.4014
38.4039 81.8798 -87.083 -14.5691 -22.5729 53.4085
38.3309 81.7667 -86.8159 -14.6217 -22.6552 53.4155
38.2577 81.6532 -86.5488 -14.6743 -22.7378 53.4225
38.1842 81.5393 -86.2817 -14.7271 -22.8205 53.4295
38.1104 81.425 -86.0145 -14.7799 -22.9034 53.4365
38.0364 81.3103 -85.7473 -14.8327 -22.9866 53.4434
37.9621 81.1951 -85.4801 -14.8856 -23.07 53.4503
37.8875 81.0796 -85.2128 -14.9386 -23.1536 53.4571
37.8127 80.9636 -84.9455 -14.9917 -23.2374 53.464
37.7376 80.8472 -84.6782 -15.0448 -23.3215 53.4707
37.6622 80.7304 -84.4108 -15.0979 -23.4058 53.4775
37.5866 80.6131 -84.1434 -15.1512 -23.4903 53.4842
37.5107 80.4955 -83.876 -15.2045 -23.5751 53.4909
37.4346 80.3774 -83.6085 -15.2578 -23.6601 53.4976
37.3582 80.2589 -83.341 -15.3112 -23.7454 53.5042
37.2815 80.1399 -83.0735 -15.3647 -23.831 53.5107
37.2045 80.0206 -82.8059 -15.4182 -23.9167 53.5172
37.1273 79.9008 -82.5383 -15.4718 -24.0028 53.5237
37.0498 79.7805 -82.2707 -15.5255 -24.0891 53.5302
36.972 79.6599 -82.003 -15.5792 -24.1757 53.5365
36.894 79.5388 -81.7353 -15.633 -24.2625 53.5429
36.8157 79.4173 -81.4676 -15.6868 -24.3497 53.5491
36.7371 79.2953 -81.1998 -15.7407 -24.4371 53.5554
36.6583 79.1729 -80.932 -15.7946 -24.5248 53.5615
36.5792 79.05 -80.6642 -15.8486 -24.6128 53.5676
36.4998 78.9268 -80.3963 -15.9027 -24.7011 53.5736
36.4202 78.803 -80.1285 -15.9568 -24.7897 53.5796
36.3402 78.6789 -79.8605 -16.0109 -24.8786 53.5855
36.2601 78.5542 -79.5926 -16.0651 -24.9678 53.5913
36.1796 78.4292 -79.3246 -16.1194 -25.0573 53.5971
36.0989 78.3037 -79.0566 -16.1737 -25.1471 53.6027
36.0179 78.1777 -78.7886 -16.2281 -25.2372 53.6083
35.9366 78.0513 -78.5205 -16.2825 -25.3277 53.6137
35.855 77.9244 -78.2525 -16.337 -25.4185 53.6191
35.7732 77.7971 -77.9844 -16.3915 -25.5096 53.6244
35.6911 77.6693 -77.7162 -16.4461 -25.6011 53.6295
35.6087 77.5411 -77.4481 -16.5007 -25.6929 53.6345
35.5261 77.4124 -77.1799 -16.5554 -25.7851 53.6395
35.4432 77.2833 -76.9117 -16.6101 -25.8775 53.6442
35.36 77.1536 -76.6434 -16.6649 -25.9704 53.6489
35.2765 77.0235 -76.3752 -16.7197 -26.0636 53.6534
35.1928 76.893 -76.1069 -16.7746 -26.1571 53.6578
35.1088 76.762 -75.8386 -16.8295 -26.251 53.662
35.0245 76.6305 -75.5703 -16.8845 -26.3453 53.666
34.94 76.4985 -75.3019 -16.9395 -26.4399 53.6699
34.8551 76.3661 -75.0336 -16.9946 -26.5349 53.6736
34.77 76.2332 -74.7652 -17.0497 -26.6302 53.677
34.6846 76.0998 -74.4968 -17.1048 -26.726 53.6803
34.599 75.9659 -74.2284 -17.16 -26.822 53.6834
34.513 75.8316 -73.96 -17.2153 -26.9185 53.6863
34.4268 75.6967 -73.6915 -17.2706 -27.0152 53.6889
34.3403 75.5614 -73.4231 -17.3259 -27.1124 53.6914
34.2535 75.4256 -73.1546 -17.3813 -27.2099 53.6935
34.1665 75.2893 -72.8861 -17.4368 -27.3078 53.6954
34.0792 75.1525 -72.6177 -17.4923 -27.406 53.6971
33.9916 75.0153 -72.3492 -17.5478 -27.5046 53.6984
33.9037 74.8775 -72.0807 -17.6034 -27.6035 53.6995
33.8155 74.7392 -71.8122 -17.659 -27.7027 53.7003
33.7271 74.6005 -71.5437 -17.7147 -27.8023 53.7008
33.6384 74.4612 -71.2752 -17.7704 -27.9023 53.7009
33.5494 74.3214 -71.0067 -17.8262 -28.0025 53.7007
33.4601 74.1812 -70.7382 -17.882 -28.103 53.7002
33.3706 74.0404 -70.4697 -17.9379 -28.2039 53.6994
33.2808 73.8991 -70.2012 -17.9938 -28.3051 53.6982
33.1907 73.7574 -69.9327 -18.0498 -28.4065 53.6966
33.1003 73.6151 -69.6642 -18.1059 -28.5082 53.6946
33.0096 73.4723 -69.3957 -18.162 -28.6102 53.6923
32.9186 73.329 -69.1273 -18.2181 -28.7125 53.6896
32.8274 73.1851 -68.8588 -18.2743 -28.8149 53.6864
32.7359 73.0408 -68.5904 -18.3306 -28.9177 53.6829
32.6441 72.896 -68.322 -18.3869 -29.0206 53.6789
32.552 72.7506 -68.0536 -18.4433 -29.1237 53.6746
32.4597 72.6047 -67.7853 -18.4998 -29.2271 53.6698
32.367 72.4583 -67.5169 -18.5563 -29.3306 53.6645
32.2741 72.3114 -67.2486 -18.6129 -29.4342 53.6589
32.1809 72.164 -66.9803 -18.6695 -29.5381 53.6528
32.0874 72.016 -66.7121 -18.7262 -29.642 53.6462
31.9936 71.8676 -66.4439 -18.783 -29.7461 53.6393
31.8996 71.7186 -66.1757 -18.8398 -29.8502 53.6318
31.8052 71.5691 -65.9076 -18.8967 -29.9545 53.624
31.7106 71.419 -65.6395 -18.9537 -30.0588 53.6156
31.6157 71.2685 -65.3714 -19.0107 -30.1632 53.6069
31.5205 71.1174 -65.1034 -19.0679 -30.2676 53.5977
31.425 70.9658 -64.8354 -19.1251 -30.372 53.588
31.3293 70.8137 -64.5675 -19.1823 -30.4764 53.5779
31.2332 70.661 -64.2997 -19.2397 -30.5809 53.5674
31.1369 70.5079 -64.0318 -19.2971 -30.6853 53.5565
31.0402 70.3542 -63.7641 -19.3546 -30.7897 53.5451
30.9433 70.2 -63.4964 -19.4122 -30.894 53.5333
30.8461 70.0453 -63.2288 -19.4698 -30.9982 53.5211
30.7486 69.89 -62.9612 -19.5276 -31.1024 53.5085
30.6508 69.7342 -62.6937 -19.5854 -31.2066 53.4955
30.5528 69.5779 -62.4262 -19.6433 -31.3106 53.4821
30.4544 69.4211 -62.1589 -19.7013 -31.4145 53.4683
30.3558 69.2638 -61.8915 -19.7593 -31.5183 53.4541
30.2568 69.1059 -61.6243 -19.8175 -31.6219 53.4396
30.1576 68.9476 -61.3572 -19.8757 -31.7255 53.4247
30.0581 68.7887 -61.0901 -19.934 -31.8289 53.4095
29.9582 68.6293 -60.8231 -19.9924 -31.9321 53.3939
29.8581 68.4694 -60.5561 -20.0509 -32.0352 53.378
29.7577 68.3089 -60.2893 -20.1095 -32.1381 53.3617
29.657 68.148 -60.0225 -20.1681 -32.2409 53.3452
29.556 67.9865 -59.7558 -20.2268 -32.3435 53.3283
29.4548 67.8246 -59.4892 -20.2857 -32.4459 53.3112
29.3532 67.6621 -59.2227 -20.3446 -32.5481 53.2937
29.2513 67.4991 -58.9563 -20.4036 -32.6502 53.276
29.1492 67.3356 -58.69 -20.4626 -32.7521 53.258
29.0467 67.1716 -58.4237 -20.5218 -32.8538 53.2397
28.9439 67.007 -58.1576 -20.581 -32.9553 53.2212
28.8409 66.842 -57.8915 -20.6404 -33.0566 53.2025
28.7375 66.6765 -57.6255 -20.6998 -33.1578 53.1835
28.6339 66.5104 -57.3597 -20.7593 -33.2587 53.1642
28.5299 66.3439 -57.0939 -20.8189 -33.3595 53.1448
28.4257 66.1768 -56.8282 -20.8785 -33.4601 53.1251
28.3212 66.0093 -56.5626 -20.9383 -33.5606 53.1052
28.2163 65.8412 -56.2972 -20.9981 -33.6608 53.0851
28.1112 65.6727 -56.0318 -21.0581 -33.7609 53.0648
28.0057 65.5036 -55.7665 -21.1181 -33.8609 53.0443
27.9 65.3341 -55.5013 -21.1782 -33.9606 53.0236
27.794 65.164 -55.2363 -21.2384 -34.0602 53.0028
27.6876 64.9935 -54.9713 -21.2986 -34.1597 52.9817
27.581 64.8224 -54.7065 -21.359 -34.259 52.9605
27.474 64.6509 -54.4417 -21.4194 -34.3581 52.9391
27.3668 64.4788 -54.1771 -21.48 -34.4571 52.9175
27.2592 64.3063 -53.9125 -21.5406 -34.556 52.8958
27.1514 64.1333 -53.6481 -21.6013 -34.6547 52.8739
27.0432 63.9598 -53.3838 -21.6621 -34.7533 52.8518
26.9347 63.7857 -53.1196 -21.723 -34.8517 52.8296
26.826 63.6112 -52.8555 -21.7839 -34.9501 52.8072
26.7169 63.4362 -52.5915 -21.845 -35.0483 52.7846
26.6075 63.2608 -52.3277 -21.9062 -35.1465 52.7619
26.4978 63.0848 -52.0639 -21.9674 -35.2445 52.739
26.3879 62.9083 -51.8003 -22.0288 -35.3424 52.716
26.2776 62.7314 -51.5367 -22.0902 -35.4402 52.6929
26.167 62.5539 -51.2733 -22.1517 -35.538 52.6695
26.056 62.376 -51.01 -22.2133 -35.6356 52.646
25.9448 62.1976 -50.7469 -22.2751 -35.7332 52.6224
25.8333 62.0186 -50.4838 -22.3369 -35.8307 52.5986
25.7215 61.8392 -50.2209 -22.3988 -35.9282 52.5747
25.6093 61.6594 -49.9581 -22.4608 -36.0255 52.5506
25.4968 61.479 -49.6954 -22.5229 -36.1229 52.5263
25.3841 61.2981 -49.4328 -22.5852 -36.2201 52.5019
25.271 61.1168 -49.1704 -22.6475 -36.3174 52.4773
25.1576 60.935 -48.908 -22.7099 -36.4145 52.4526
25.0439 60.7526 -48.6458 -22.7725 -36.5117 52.4277
24.9299 60.5698 -48.3838 -22.8351 -36.6088 52.4027
24.8155 60.3866 -48.1218 -22.8979 -36.7059 52.3775
24.7009 60.2028 -47.86 -22.9607 -36.8029 52.3521
24.5859 60.0185 -47.5983 -23.0237 -36.9 52.3266
24.4707 59.8338 -47.3367 -23.0868 -36.997 52.3008
24.3551 59.6486 -47.0753 -23.1501 -37.094 52.275
24.2392 59.4628 -46.814 -23.2134 -37.1911 52.2489
24.1229 59.2766 -46.5528 -23.2769 -37.2881 52.2227
24.0064 59.09 -46.2917 -23.3405 -37.3851 52.1963
23.8895 58.9028 -46.0308 -23.4042 -37.4821 52.1697
23.7723 58.7151 -45.77 -23.4681 -37.5792 52.143
23.6548 58.527 -45.5094 -23.5321 -37.6763 52.1161
23.537 58.3384 -45.2489 -23.5962 -37.7734 52.089
23.4189 58.1493 -44.9885 -23.6604 -37.8705 52.0617
23.3004 57.9597 -44.7283 -23.7248 -37.9676 52.0342
23.1816 57.7696 -44.4682 -23.7893 -38.0648 52.0066
23.0625 57.579 -44.2082 -23.854 -38.162 51.9787
22.9431 57.388 -43.9484 -23.9188 -38.2593 51.9507
22.8233 57.1964 -43.6887 -23.9838 -38.3566 51.9225
22.7033 57.0044 -43.4292 -24.0489 -38.454 51.8941
22.5829 56.8119 -43.1698 -24.1142 -38.5514 51.8655
22.4621 56.6189 -42.9105 -24.1796 -38.6489 51.8367
22.3411 56.4254 -42.6514 -24.2452 -38.7464 51.8077
22.2197 56.2314 -42.3924 -24.3109 -38.8441 51.7785
22.0979 56.037 -42.1336 -24.3768 -38.9417 51.7491
21.9759 55.842 -41.8749 -24.4429 -39.0395 51.7196
21.8535 55.6466 -41.6164 -24.5091 -39.1373 51.6898
21.7308 55.4506 -41.358 -24.5755 -39.2352 51.6598
21.6078 55.2542 -41.0998 -24.6421 -39.3332 51.6296
21.4844 55.0573 -40.8417 -24.7089 -39.4313 51.5992
21.3607 54.8599 -40.5838 -24.7758 -39.5295 51.5686
21.2366 54.662 -40.326 -24.8429 -39.6277 51.5378
21.1122 54.4636 -40.0684 -24.9101 -39.7261 51.5068
20.9875 54.2648 -39.811 -24.9776 -39.8245 51.4755
20.8625 54.0654 -39.5537 -25.0452 -39.9231 51.4441
20.7371 53.8655 -39.2965 -25.1131 -40.0218 51.4124
20.6113 53.6652 -39.0396 -25.1811 -40.1205 51.3806
20.4853 53.4643 -38.7827 -25.2493 -40.2194 51.3485
20.3588 53.263 -38.5261 -25.3177 -40.3184 51.3162
20.2321 53.0611 -38.2696 -25.3863 -40.4175 51.2837
20.105 52.8588 -38.0132 -25.4551 -40.5167 51.251
19.9775 52.656 -37.7571 -25.5241 -40.6161 51.2181
19.8497 52.4526 -37.5011 -25.5932 -40.7156 51.1849
19.7216 52.2488 -37.2452 -25.6626 -40.8152 51.1516
19.5931 52.0445 -36.9895 -25.7322 -40.9149 51.118
19.4643 51.8397 -36.734 -25.802 -41.0148 51.0842
19.3351 51.6343 -36.4787 -25.872 -41.1148 51.0502
19.2056 51.4285 -36.2235 -25.9422 -41.2149 51.0159
19.0757 51.2222 -35.9685 -26.0127 -41.3152 50.9815
18.9454 51.0154 -35.7137 -26.0833 -41.4156 50.9468
18.8148 50.808 -35.4591 -26.1541 -41.5161 50.9119
18.6839 50.6002 -35.2046 -26.2252 -41.6168 50.8768
18.5526 50.3919 -34.9503 -26.2965 -41.7177 50.8414
18.4209 50.183 -34.6962 -26.368 -41.8187 50.8058
18.2889 49.9737 -34.4422 -26.4397 -41.9198 50.7701
18.1565 49.7638 -34.1885 -26.5116 -42.0211 50.734
18.0238 49.5535 -33.9349 -26.5837 -42.1225 50.6978
17.8907 49.3426 -33.6815 -26.6561 -42.2242 50.6614
17.7572 49.1312 -33.4283 -26.7287 -42.3259 50.6247
17.6234 48.9193 -33.1753 -26.8015 -42.4279 50.5878
17.4892 48.7069 -32.9224 -26.8746 -42.5299 50.5506
17.3547 48.494 -32.6698 -26.9479 -42.6322 50.5133
17.2197 48.2806 -32.4173 -27.0214 -42.7346 50.4757
17.0845 48.0667 -32.165 -27.0951 -42.8372 50.4379
16.9488 47.8523 -31.9129 -27.1691 -42.94 50.3999
16.8128 47.6373 -31.661 -27.2432 -43.0429 50.3616
16.6764 47.4218 -31.4093 -27.3177 -43.146 50.3231
16.5396 47.2058 -31.1578 -27.3923 -43.2493 50.2844
16.4024 46.9893 -30.9064 -27.4672 -43.3527 50.2455
16.2649 46.7723 -30.6553 -27.5424 -43.4564 50.2063
16.127 46.5548 -30.4044 -27.6177 -43.5602 50.1669
15.9887 46.3367 -30.1536 -27.6933 -43.6642 50.1272
15.8501 46.1181 -29.9031 -27.7692 -43.7683 50.0874
15.711 45.899 -29.6528 -27.8453 -43.8727 50.0473
15.5716 45.6794 -29.4026 -27.9216 -43.9772 50.0069
15.4318 45.4593 -29.1527 -27.9981 -44.0819 49.9664
15.2916 45.2386 -28.903 -28.075 -44.1869 49.9256
15.1511 45.0174 -28.6534 -28.152 -44.292 49.8846
15.0101 44.7957 -28.4041 -28.2293 -44.3972 49.8433
14.8688 44.5734 -28.155 -28.3068 -44.5027 49.8018
14.7271 44.3506 -27.9061 -28.3846 -44.6084 49.76
14.5849 44.1273 -27.6574 -28.4626 -44.7143 49.7181
14.4424 43.9035 -27.4089 -28.5409 -44.8203 49.6758
14.2995 43.6791 -27.1606 -28.6194 -44.9266 49.6334
14.1562 43.4542 -26.9126 -28.6982 -45.0331 49.5907
14.0126 43.2288 -26.6647 -28.7772 -45.1397 49.5477
13.8685 43.0028 -26.4171 -28.8565 -45.2466 49.5045
13.724 42.7763 -26.1697 -28.936 -45.3536 49.4611
13.5791 42.5493 -25.9225 -29.0157 -45.4609 49.4174
13.4338 42.3217 -25.6755 -29.0957 -45.5684 49.3735
13.2881 42.0936 -25.4288 -29.176 -45.676 49.3293
13.1421 41.865 -25.1822 -29.2565 -45.7839 49.2849
12.9956 41.6358 -24.9359 -29.3373 -45.892 49.2402
12.8487 41.406 -24.6898 -29.4183 -46.0003 49.1953
12.7014 41.1758 -24.444 -29.4995 -46.1088 49.1501
12.5537 40.9449 -24.1983 -29.5811 -46.2175 49.1046
12.4056 40.7136 -23.9529 -29.6628 -46.3264 49.0589
12.2571 40.4817 -23.7077 -29.7449 -46.4355 49.013
12.1081 40.2492 -23.4628 -29.8271 -46.5449 48.9668
11.9588 40.0162 -23.2181 -29.9097 -46.6545 48.9203
11.809 39.7827 -22.9736 -29.9925 -46.7642 48.8736
11.6589 39.5486 -22.7293 -30.0755 -46.8742 48.8266
11.5083 39.3139 -22.4853 -30.1588 -46.9844 48.7793
11.3573 39.0787 -22.2415 -30.2424 -47.0949 48.7318
11.2059 38.843 -21.998 -30.3262 -47.2055 48.684
11.054 38.6067 -21.7547 -30.4103 -47.3164 48.6359
10.9018 38.3698 -21.5116 -30.4946 -47.4275 48.5875
10.7491 38.1324 -21.2688 -30.5792 -47.5388 48.5389
10.596 37.8944 -21.0263 -30.664 -47.6503 48.49
10.4424 37.6559 -20.7839 -30.7491 -47.7621 48.4408
10.2885 37.4168 -20.5418 -30.8345 -47.8741 48.3914
10.1341 37.1772 -20.3 -30.9201 -47.9863 48.3417
9.97928 36.937 -20.0584 -31.006 -48.0987 48.2916
9.82403 36.6962 -19.8171 -31.0922 -48.2114 48.2413
9.66836 36.4548 -19.576 -31.1786 -48.3243 48.1908
9.51225 36.2129 -19.3352 -31.2653 -48.4374 48.1399
9.35571 35.9705 -19.0946 -31.3522 -48.5507 48.0887
9.19873 35.7274 -18.8543 -31.4394 -48.6643 48.0372
9.04131 35.4838 -18.6142 -31.5269 -48.7781 47.9855
8.88346 35.2397 -18.3744 -31.6146 -48.8922 47.9334
8.72517 34.9949 -18.1349 -31.7026 -49.0065 47.8811
8.56643 34.7496 -17.8956 -31.7909 -49.121 47.8284
8.40726 34.5037 -17.6566 -31.8794 -49.2358 47.7754
8.24764 34.2572 -17.4179 -31.9682 -49.3508 47.7222
8.08758 34.0102 -17.1794 -32.0572 -49.466 47.6686
7.92707 33.7626 -16.9412 -32.1466 -49.5815 47.6147
7.76611 33.5144 -16.7033 -32.2362 -49.6972 47.5605
7.6047 33.2656 -16.4656 -32.326 -49.8131 47.506
7.44285 33.0162 -16.2282 -32.4162 -49.9293 47.4512
7.28054 32.7663 -15.9911 -32.5066 -50.0458 47.396
7.11778 32.5158 -15.7542 -32.5972 -50.1624 47.3405
6.95457 32.2647 -15.5177 -32.6882 -50.2794 47.2847
6.7909 32.013 -15.2814 -32.7794 -50.3965 47.2286
6.62678 31.7607 -15.0454 -32.8709 -50.5139 47.1722
6.46219 31.5079 -14.8097 -32.9627 -50.6316 47.1154
6.29715 31.2544 -14.5742 -33.0547 -50.7495 47.0582
6.13165 31.0004 -14.3391 -33.147 -50.8677 47.0008
5.96568 30.7457 -14.1042 -33.2396 -50.9861 46.943
5.79925 30.4905 -13.8697 -33.3325 -51.1047 46.8848
5.63235 30.2347 -13.6354 -33.4256 -51.2237 46.8263
5.46499 29.9783 -13.4014 -33.5191 -51.3428 46.7675
5.29716 29.7212 -13.1677 -33.6128 -51.4622 46.7083
5.12887 29.4636 -12.9343 -33.7067 -51.5819 46.6488
4.9601 29.2054 -12.7012 -33.801 -51.7018 46.5889
4.79086 28.9466 -12.4684 -33.8955 -51.822 46.5286
4.62114 28.6872 -12.2359 -33.9904 -51.9425 46.468
4.45095 28.4272 -12.0037 -34.0855 -52.0632 46.407
4.28029 28.1666 -11.7719 -34.1809 -52.1841 46.3456
4.10914 27.9054 -11.5403 -34.2765 -52.3053 46.2839
3.93752 27.6435 -11.309 -34.3725 -52.4268 46.2218
3.76542 27.3811 -11.0781 -34.4687 -52.5486 46.1593
3.59283 27.118 -10.8474 -34.5653 -52.6706 46.0965
3.41977 26.8544 -10.6171 -34.6621 -52.7928 46.0332
3.24621 26.5901 -10.3871 -34.7592 -52.9154 45.9696
3.07217 26.3252 -10.1574 -34.8566 -53.0382 45.9056
2.89765 26.0597 -9.92803 -34.9543 -53.1612 45.8412
2.72263 25.7936 -9.69899 -35.0523 -53.2845 45.7764
2.54712 25.5269 -9.47027 -35.1505 -53.4081 45.7112
2.37113 25.2595 -9.24188 -35.2491 -53.532 45.6456
2.19463 24.9916 -9.01381 -35.3479 -53.6561 45.5796
2.01765 24.723 -8.78608 -35.4471 -53.7806 45.5131
1.84016 24.4538 -8.55868 -35.5465 -53.9052 45.4463
1.66218 24.1839 -8.33162 -35.6463 -54.0302 45.3791
1.4837 23.9135 -8.10489 -35.7463 -54.1554 45.3114
1.30472 23.6424 -7.8785 -35.8467 -54.2809 45.2433
1.12523 23.3706 -7.65246 -35.9473 -54.4067 45.1748
0.945244 23.0983 -7.42676 -36.0483 -54.5327 45.1059
0.76475 22.8253 -7.2014 -36.1495 -54.6591 45.0365
0.583749 22.5517 -6.97639 -36.251 -54.7857 44.9667
0.40224 22.2775 -6.75173 -36.3529 -54.9126 44.8964
0.220221 22.0026 -6.52743 -36.455 -55.0397 44.8257
0.0376895 21.7271 -6.30348 -36.5575 -55.1672 44.7546
-0.145354 21.4509 -6.07988 -36.6603 -55.2949 44.683
-0.328913 21.1741 -5.85665 -36.7633 -55.423 44.6109
-0.512988 20.8967 -5.63377 -36.8667 -55.5513 44.5384
-0.69758 20.6186 -5.41126 -36.9704 -55.6798 44.4655
-0.882692 20.3399 -5.18912 -37.0744 -55.8087 44.392
-1.06832 20.0605 -4.96734 -37.1787 -55.9379 44.3181
-1.25448 19.7805 -4.74594 -37.2834 -56.0673 44.2437
-1.44116 19.4998 -4.5249 -37.3883 -56.1971 44.1689
-1.62836 19.2185 -4.30425 -37.4936 -56.3271 44.0935
-1.81609 18.9366 -4.08397 -37.5992 -56.4574 44.0177
-2.00435 18.654 -3.86407 -37.7051 -56.588 43.9414
-2.19315 18.3707 -3.64455 -37.8113 -56.7189 43.8646
-2.38247 18.0868 -3.42542 -37.9178 -56.8501 43.7873
-2.57232 17.8022 -3.20668 -38.0247 -56.9816 43.7095
-2.76271 17.517 -2.98833 -38.1319 -57.1134 43.6312
-2.95364 17.2311 -2.77037 -38.2394 -57.2455 43.5523
-3.14511 16.9445 -2.55281 -38.3472 -57.3778 43.473
-3.33711 16.6573 -2.33564 -38.4554 -57.5105 43.3931
-3.52966 16.3694 -2.11887 -38.5638 -57.6435 43.3128
-3.72275 16.0808 -1.90251 -38.6727 -57.7768 43.2318
-3.91639 15.7916 -1.68656 -38.7818 -57.9104 43.1504
-4.11057 15.5017 -1.47101 -38.8913 -58.0442 43.0684
-4.3053 15.2112 -1.25587 -39.0011 -58.1784 42.9859
-4.50058 14.92 -1.04115 -39.1112 -58.3129 42.9028
-4.69641 14.6281 -0.826842 -39.2217 -58.4477 42.8192
-4.8928 14.3355 -0.612956 -39.3325 -58.5828 42.735
-5.08974 14.0422 -0.399492 -39.4437 -58.7182 42.6503
-5.28723 13.7483 -0.186453 -39.5552 -58.8539 42.565
-5.48529 13.4537 0.0261578 -39.667 -58.99 42.4791
-5.6839 13.1584 0.238338 -39.7792 -59.1263 42.3927
-5.88308 12.8624 0.450085 -39.8917 -59.2629 42.3056
-6.08282 12.5658 0.661394 -40.0045 -59.3999 42.218
-6.28313 12.2684 0.872265 -40.1178 -59.5372 42.1298
-6.484 11.9704 1.08269 -40.2313 -59.6747 42.041
-6.68544 11.6717 1.29268 -40.3452 -59.8126 41.9516
-6.88745 11.3723 1.50221 -40.4595 -59.9509 41.8616
-7.09003 11.0722 1.71129 -40.5741 -60.0894 41.771
-7.29319 10.7714 1.91992 -40.689 -60.2282 41.6798
-7.49693 10.4699 2.12809 -40.8043 -60.3674 41.588
-7.70124 10.1677 2.3358 -40.92 -60.5069 41.4955
-7.90613 9.86482 2.54305 -41.036 -60.6467 41.4024
-8.1116 9.56123 2.74982 -41.1524 -60.7868 41.3087
-8.31765 9.25695 2.95613 -41.2692 -60.9273 41.2143
-8.52429 8.95196 3.16197 -41.3863 -61.068 41.1192
-8.73151 8.64627 3.36732 -41.5037 -61.2091 41.0236
-8.93932 8.33987 3.5722 -41.6216 -61.3505 40.9272
-9.14773 8.03276 3.7766 -41.7398 -61.4923 40.8302
-9.35672 7.72494 3.9805 -41.8583 -61.6343 40.7325
-9.56631 7.41642 4.18392 -41.9772 -61.7767 40.6342
-9.77649 7.10718 4.38685 -42.0965 -61.9195 40.5352
-9.98728 6.79722 4.58927 -42.2162 -62.0625 40.4354
-10.1987 6.48655 4.7912 -42.3363 -62.2059 40.335
-10.4106 6.17516 4.99262 -42.4567 -62.3496 40.2339
-10.6232 5.86306 5.19354 -42.5775 -62.4937 40.1321
-10.8364 5.55023 5.39394 -42.6987 -62.638 40.0295
-11.0502 5.23668 5.59384 -42.8202 -62.7827 39.9263
-11.2646 4.9224 5.79321 -42.9421 -62.9278 39.8223
-11.4796 4.6074 5.99206 -43.0645 -63.0732 39.7176
-11.6953 4.29167 6.19038 -43.1872 -63.2189 39.6121
-11.9115 3.97521 6.38818 -43.3102 -63.3649 39.5059
-12.1284 3.65802 6.58544 -43.4337 -63.5113 39.399
-12.3458 3.34009 6.78217 -43.5576 -63.658 39.2913
-12.5639 3.02144 6.97836 -43.6818 -63.8051 39.1828
-12.7827 2.70204 7.174 -43.8064 -63.9525 39.0736
-13.002 2.38191 7.36909 -43.9315 -64.1003 38.9636
-13.222 2.06104 7.56363 -44.0569 -64.2483 38.8528
-13.4426 1.73943 7.75762 -44.1827 -64.3968 38.7412
-13.6638 1.41707 7.95105 -44.3089 -64.5455 38.6288
-13.8857 1.09397 8.14391 -44.4356 -64.6947 38.5156
-14.1082 0.770126 8.3362 -44.5626 -64.8441 38.4016
-14.3313 0.445531 8.52792 -44.69 -64.9939 38.2867
-14.5551 0.120187 8.71907 -44.8178 -65.144 38.1711
-14.7795 -0.205909 8.90963 -44.946 -65.2945 38.0545
-15.0045 -0.532759 9.09961 -45.0747 -65.4454 37.9372
-15.2302 -0.860363 9.28901 -45.2037 -65.5966 37.819
-15.4566 -1.18872 9.4778 -45.3332 -65.7481 37.7
-15.6835 -1.51784 9.66601 -45.463 -65.9 37.58
-15.9112 -1.84772 9.8536 -45.5933 -66.0522 37.4592
-16.1395 -2.17837 10.0406 -45.724 -66.2048 37.3376
-16.3684 -2.50977 10.227 -45.8551 -66.3577 37.215
-16.598 -2.84194 10.4127 -45.9867 -66.511 37.0915
-16.8283 -3.17488 10.5979 -46.1186 -66.6646 36.9672
-17.0592 -3.50859 10.7824 -46.251 -66.8186 36.8419
-17.2908 -3.84307 10.9663 -46.3838 -66.9729 36.7157
-17.5231 -4.17832 11.1496 -46.517 -67.1276 36.5885
-17.756 -4.51434 11.3322 -46.6506 -67.2826 36.4604
-17.9896 -4.85115 11.5142 -46.7847 -67.438 36.3314
-18.2238 -5.18872 11.6955 -46.9192 -67.5938 36.2014
-18.4588 -5.52708 11.8762 -47.0541 -67.7499 36.0704
-18.6944 -5.86622 12.0562 -47.1895 -67.9063 35.9385
-18.9306 -6.20615 12.2356 -47.3253 -68.0631 35.8056
-19.1676 -6.54685 12.4143 -47.4615 -68.2203 35.6717
-19.4053 -6.88835 12.5923 -47.5982 -68.3778 35.5368
-19.6436 -7.23063 12.7696 -47.7353 -68.5357 35.4008
-19.8826 -7.57371 12.9463 -47.8729 -68.6939 35.2639
-20.1223 -7.91757 13.1223 -48.0109 -68.8525 35.1259
-20.3627 -8.26223 13.2976 -48.1493 -69.0114 34.9869
-20.6038 -8.60769 13.4721 -48.2882 -69.1707 34.8468
-20.8456 -8.95394 13.646 -48.4275 -69.3303 34.7057
-21.0881 -9.30099 13.8192 -48.5673 -69.4903 34.5635
-21.3313 -9.64884 13.9917 -48.7075 -69.6507 34.4202
-21.5752 -9.9975 14.1634 -48.8482 -69.8114 34.2758
-21.8198 -10.347 14.3344 -48.9893 -69.9725 34.1303
-22.0651 -10.6972 14.5047 -49.1309 -70.1339 33.9837
-22.3111 -11.0483 14.6743 -49.273 -70.2957 33.836
-22.5578 -11.4002 14.8431 -49.4155 -70.4578 33.6872
-22.8052 -11.7529 15.0111 -49.5584 -70.6203 33.5372
-23.0534 -12.1064 15.1784 -49.7019 -70.7832 33.386
-23.3022 -12.4607 15.345 -49.8458 -70.9464 33.2337
-23.5518 -12.8158 15.5108 -49.9901 -71.11 33.0802
-23.8021 -13.1718 15.6758 -50.1349 -71.2739 32.9255
-24.0532 -13.5286 15.84 -50.2802 -71.4382 32.7696
-24.305 -13.8862 16.0035 -50.426 -71.6028 32.6126
-24.5574 -14.2446 16.1662 -50.5722 -71.7678 32.4542
-24.8107 -14.6039 16.328 -50.7189 -71.9331 32.2947
-25.0646 -14.9639 16.4891 -50.866 -72.0988 32.1339
-25.3193 -15.3249 16.6494 -51.0137 -72.2648 31.9718
-25.5748 -15.6866 16.8088 -51.1618 -72.4312 31.8085
-25.831 -16.0492 16.9675 -51.3104 -72.5979 31.6439
-26.0879 -16.4126 17.1253 -51.4595 -72.765 31.4779
-26.3455 -16.7768 17.2822 -51.609 -72.9325 31.3107
-26.604 -17.1419 17.4384 -51.759 -73.1003 31.1422
-26.8631 -17.5078 17.5937 -51.9095 -73.2684 30.9723
-27.1231 -17.8746 17.7481 -52.0605 -73.4369 30.8011
-27.3837 -18.2422 17.9017 -52.212 -73.6057 30.6285
-27.6452 -18.6106 18.0544 -52.364 -73.7749 30.4545
-27.9074 -18.9799 18.2062 -52.5164 -73.9444 30.2791
-28.1703 -19.3501 18.3572 -52.6694 -74.1142 30.1024
-28.4341 -19.7211 18.5072 -52.8228 -74.2844 29.9242
-28.6986 -20.0929 18.6564 -52.9767 -74.455 29.7446
-28.9638 -20.4656 18.8047 -53.1312 -74.6259 29.5635
-29.2299 -20.8392 18.952 -53.2861 -74.7971 29.381
-29.4967 -21.2136 19.0985 -53.4415 -74.9686 29.197
-29.7643 -21.5889 19.244 -53.5974 -75.1405 29.0115
-30.0327 -21.965 19.3886 -53.7538 -75.3127 28.8245
-30.3018 -22.342 19.5323 -53.9106 -75.4853 28.636
-30.5718 -22.7199 19.675 -54.068 -75.6581 28.446
-30.8425 -23.0986 19.8167 -54.2259 -75.8313 28.2544
-31.114 -23.4782 19.9575 -54.3843 -76.0049 28.0612
-31.3864 -23.8586 20.0973 -54.5432 -76.1787 27.8665
-31.6595 -24.24 20.2362 -54.7026 -76.3529 27.6701
-31.9334 -24.6222 20.374 -54.8625 -76.5274 27.4722
-32.2081 -25.0052 20.5109 -55.0229 -76.7022 27.2726
-32.4836 -25.3892 20.6468 -55.1838 -76.8773 27.0714
-32.7599 -25.774 20.7816 -55.3452 -77.0527 26.8685
-33.0371 -26.1597 20.9154 -55.5071 -77.2284 26.6639
-33.315 -26.5463 21.0483 -55.6695 -77.4045 26.4576
-33.5938 -26.9338 21.18 -55.8324 -77.5808 26.2496
-33.8733 -27.3221 21.3107 -55.9958 -77.7575 26.0399
-34.1537 -27.7113 21.4404 -56.1597 -77.9344 25.8284
-34.4349 -28.1014 21.569 -56.3242 -78.1117 25.6151
-34.717 -28.4924 21.6966 -56.4891 -78.2892 25.4
-34.9998 -28.8843 21.823 -56.6545 -78.467 25.1832
-35.2835 -29.2771 21.9484 -56.8205 -78.6451 24.9645
-35.568 -29.6708 22.0727 -56.987 -78.8235 24.744
-35.8534 -30.0654 22.1958 -57.1539 -79.0021 24.5216
-36.1396 -30.4608 22.3179 -57.3214 -79.1811 24.2973
-36.4266 -30.8572 22.4388 -57.4894 -79.3603 24.0711
-36.7145 -31.2544 22.5586 -57.6579 -79.5397 23.843
-37.0032 -31.6526 22.6772 -57.8269 -79.7195 23.6129
-37.2927 -32.0516 22.7947 -57.9964 -79.8995 23.3809
-37.5831 -32.4516 22.9111 -58.1664 -80.0797 23.1468
-37.8744 -32.8524 23.0262 -58.3369 -80.2602 22.9108
-38.1665 -33.2542 23.1402 -58.5079 -80.4409 22.6727
-38.4595 -33.6568 23.2529 -58.6794 -80.6219 22.4326
-38.7533 -34.0604 23.3645 -58.8515 -80.8031 22.1904
-39.048 -34.4648 23.4748 -59.024 -80.9845 21.9462
-39.3435 -34.8702 23.5839 -59.197 -81.1662 21.6998
-39.64 -35.2765 23.6918 -59.3705 -81.3481 21.4512
-39.9372 -35.6837 23.7985 -59.5446 -81.5301 21.2005
-40.2354 -36.0918 23.9038 -59.7191 -81.7124 20.9476
-40.5344 -36.5008 24.0079 -59.8941 -81.8949 20.6925
-40.8343 -36.9108 24.1108 -60.0696 -82.0776 20.4352
-41.1351 -37.3216 24.2123 -60.2456 -82.2605 20.1756
-41.4368 -37.7334 24.3125 -60.4221 -82.4436 19.9137
-41.7394 -38.146 24.4114 -60.5991 -82.6268 19.6495
-42.0428 -38.5596 24.509 -60.7766 -82.8102 19.383
-42.3471 -38.9741 24.6053 -60.9546 -82.9938 19.1141
-42.6523 -39.3896 24.7001 -61.133 -83.1775 18.8428
-42.9585 -39.8059 24.7937 -61.312 -83.3613 18.5691
-43.2655 -40.2232 24.8858 -61.4914 -83.5453 18.293
-43.5734 -40.6414 24.9766 -61.6713 -83.7295 18.0144
-43.8822 -41.0605 25.066 -61.8516 -83.9137 17.7334
-44.1919 -41.4805 25.1539 -62.0325 -84.0981 17.4498
-44.5025 -41.9015 25.2405 -62.2138 -84.2826 17.1636
-44.814 -42.3233 25.3256 -62.3955 -84.4672 16.8749
-45.1265 -42.7461 25.4092 -62.5778 -84.6518 16.5836
-45.4398 -43.1699 25.4914 -62.7605 -84.8366 16.2896
-45.7541 -43.5945 25.5721 -62.9436 -85.0214 15.993
-46.0692 -44.0201 25.6513 -63.1272 -85.2062 15.6937
-46.3853 -44.4466 25.7291 -63.3113 -85.3912 15.3917
-46.7023 -44.874 25.8053 -63.4958 -85.5761 15.087
-47.0203 -45.3023 25.8799 -63.6807 -85.7611 14.7794
-47.3392 -45.7316 25.9531 -63.8661 -85.9461 14.4691
-47.659 -46.1618 26.0246 -64.0518 -86.1311 14.1558
-47.9797 -46.5929 26.0946 -64.2381 -86.3161 13.8398
-48.3013 -47.0249 26.163 -64.4247 -86.5011 13.5208
-48.6239 -47.4579 26.2298 -64.6118 -86.6861 13.1989
-48.9475 -47.8918 26.295 -64.7993 -86.871 12.874
-49.2719 -48.3266 26.3586 -64.9871 -87.0559 12.5461
-49.5973 -48.7624 26.4205 -65.1754 -87.2407 12.2152
-49.9237 -49.199 26.4807 -65.3641 -87.4254 11.8812
-50.251 -49.6366 26.5393 -65.5531 -87.61 11.544
-50.5792 -50.0751 26.5962 -65.7426 -87.7946 11.2038
-50.9084 -50.5146 26.6513 -65.9324 -87.979 10.8604
-51.2385 -50.9549 26.7048 -66.1226 -88.1632 10.5137
-51.5696 -51.3962 26.7565 -66.3131 -88.3473 10.1639
-51.9017 -51.8384 26.8064 -66.504 -88.5313 9.81069
-52.2347 -52.2815 26.8546 -66.6952 -88.715 9.4542
-52.5686 -52.7255 26.9009 -66.8868 -88.8986 9.09436
-52.9035 -53.1705 26.9455 -67.0787 -89.0819 8.73113
-53.2394 -53.6164 26.9882 -67.2709 -89.265 8.36446
-53.5762 -54.0632 27.0291 -67.4635 -89.4478 7.99432
-53.914 -54.5108 27.0682 -67.6563 -89.6304 7.62068
-54.2528 -54.9595 27.1054 -67.8494 -89.8127 7.24348
-54.5925 -55.409 27.1406 -68.0428 -89.9946 6.8627
-54.9332 -55.8594 27.174 -68.2365 -90.1763 6.47829
-55.2749 -56.3107 27.2054 -68.4304 -90.3576 6.09021
-55.6175 -56.763 27.2349 -68.6246 -90.5385 5.69842
-55.9611 -57.2161 27.2624 -68.8191 -90.719 5.30289
-56.3057 -57.6702 27.2879 -69.0137 -90.8991 4.90356
-56.6513 -58.1251 27.3114 -69.2086 -91.0788 4.5004
-56.9978 -58.581 27.3329 -69.4037 -91.258 4.09336
-57.3453 -59.0377 27.3524 -69.599 -91.4367 3.6824
-57.6938 -59.4953 27.3697 -69.7944 -91.6149 3.26748
-58.0433 -59.9538 27.385 -69.99 -91.7926 2.84855
-58.3937 -60.4132 27.3982 -70.1858 -91.9697 2.42558
-58.7451 -60.8735 27.4093 -70.3817 -92.1462 1.9985
-59.0975 -61.3347 27.4182 -70.5777 -92.3221 1.56729
-59.4509 -61.7968 27.425 -70.7738 -92.4974 1.13189
-59.8053 -62.2597 27.4295 -70.9701 -92.672 0.692264
-60.1606 -62.7235 27.4319 -71.1664 -92.8459 0.248358
-60.5169 -63.1881 27.432 -71.3627 -93.0191 -0.199873
-60.8742 -63.6537 27.4299 -71.5591 -93.1915 -0.652475
-61.2325 -64.1201 27.4255 -71.7555 -93.3631 -1.1095
-61.5918 -64.5873 27.4188 -71.9519 -93.5339 -1.57098
-61.952 -65.0554 27.4098 -72.1483 -93.7039 -2.03698
-62.3133 -65.5243 27.3984 -72.3447 -93.8729 -2.50755
-62.6755 -65.9941 27.3847 -72.541 -94.0411 -2.98273
-63.0387 -66.4648 27.3686 -72.7373 -94.2082 -3.46257
-63.4029 -66.9362 27.3501 -72.9334 -94.3744 -3.94712
-63.768 -67.4085 27.3291 -73.1294 -94.5395 -4.43643
-64.1341 -67.8816 27.3057 -73.3253 -94.7036 -4.93056
-64.5013 -68.3555 27.2798 -73.521 -94.8665 -5.42954
-64.8694 -68.8303 27.2514 -73.7165 -95.0283 -5.93345
-65.2384 -69.3058 27.2205 -73.9119 -95.1889 -6.44231
-65.6085 -69.7822 27.187 -74.1069 -95.3482 -6.9562
-65.9795 -70.2593 27.1509 -74.3017 -95.5063 -7.47515
-66.3515 -70.7372 27.1122 -74.4963 -95.663 -7.99923
-66.7245 -71.2159 27.0709 -74.6905 -95.8184 -8.52848
-67.0984 -71.6954 27.0269 -74.8843 -95.9723 -9.06296
-67.4733 -72.1757 26.9803 -75.0778 -96.1248 -9.60272
-67.8492 -72.6567 26.9309 -75.2708 -96.2757 -10.1478
-68.226 -73.1384 26.8788 -75.4634 -96.4251 -10.6983
-68.6038 -73.6209 26.8239 -75.6556 -96.5728 -11.2542
-68.9826 -74.1041 26.7663 -75.8472 -96.7189 -11.8156
-69.3623 -74.5881 26.7058 -76.0383 -96.8633 -12.3826
-69.743 -75.0728 26.6424 -76.2289 -97.0058 -12.9552
-70.1246 -75.5582 26.5762 -76.4188 -97.1465 -13.5334
-70.5071 -76.0442 26.5071 -76.6081 -97.2854 -14.1174
-70.8907 -76.531 26.435 -76.7966 -97.4222 -14.7071
-71.2751 -77.0185 26.36 -76.9845 -97.557 -15.3026
-71.6605 -77.5066 26.282 -77.1716 -97.6898 -15.904
-72.0468 -77.9954 26.201 -77.3579 -97.8203 -16.5114
-72.4341 -78.4848 26.1169 -77.5433 -97.9487 -17.1247
-72.8223 -78.9748 26.0297 -77.7279 -98.0748 -17.7441
-73.2114 -79.4655 25.9395 -77.9115 -98.1985 -18.3695
-73.6014 -79.9568 25.846 -78.0941 -98.3198 -19.0011
-73.9923 -80.4487 25.7494 -78.2757 -98.4386 -19.639
-74.3841 -80.9412 25.6496 -78.4562 -98.5548 -20.283
-74.7769 -81.4343 25.5466 -78.6356 -98.6684 -20.9334
-75.1705 -81.9279 25.4403 -78.8138 -98.7793 -21.5902
-75.565 -82.4221 25.3307 -78.9908 -98.8873 -22.2534
-75.9604 -82.9168 25.2178 -79.1664 -98.9925 -22.923
-76.3567 -83.412 25.1015 -79.3408 -99.0946 -23.5992
-76.7538 -83.9077 24.9818 -79.5137 -99.1938 -24.2819
-77.1518 -84.4039 24.8587 -79.6852 -99.2897 -24.9713
-77.5507 -84.9006 24.7321 -79.8551 -99.3825 -25.6673
-77.9504 -85.3978 24.602 -80.0235 -99.4719 -26.3701
-78.3509 -85.8953 24.4684 -80.1902 -99.5579 -27.0797
-78.7523 -86.3933 24.3312 -80.3552 -99.6404 -27.796
-79.1544 -86.8917 24.1904 -80.5185 -99.7193 -28.5193
-79.5574 -87.3905 24.046 -80.6799 -99.7945 -29.2494
-79.9612 -87.8897 23.8979 -80.8393 -99.8659 -29.9865
-80.3658 -88.3892 23.7461 -80.9968 -99.9333 -30.7307
-80.7712 -88.889 23.5906 -81.1522 -99.9968 -31.4818
-81.1774 -89.3892 23.4313 -81.3055 -100.056 -32.2401
-81.5843 -89.8896 23.2682 -81.4566 -100.111 -33.0055
-81.9919 -90.3903 23.1012 -81.6054 -100.162 -33.7781
-82.4003 -90.8912 22.9304 -81.7518 -100.208 -34.5579
-82.8094 -91.3924 22.7557 -81.8957 -100.25 -35.3449
-83.2193 -91.8937 22.577 -82.0371 -100.287 -36.1392
-83.6298 -92.3952 22.3943 -82.1759 -100.319 -36.9408
-84.041 -92.8969 22.2076 -82.3119 -100.346 -37.7498
-84.4529 -93.3987 22.0168 -82.4451 -100.369 -38.5661
-84.8655 -93.9006 21.8219 -82.5755 -100.386 -39.3899
-85.2787 -94.4025 21.6229 -82.7028 -100.397 -40.221
-85.6925 -94.9046 21.4197 -82.827 -100.403 -41.0596
-86.107 -95.4066 21.2123 -82.948 -100.404 -41.9057
-86.522 -95.9086 21.0006 -83.0658 -100.399 -42.7592
-86.9376 -96.4106 20.7847 -83.1801 -100.388 -43.6203
-87.3538 -96.9125 20.5644 -83.2909 -100.371 -44.4888
-87.7705 -97.4143 20.3398 -83.3981 -100.348 -45.3649
-88.1878 -97.916 20.1108 -83.5016 -100.318 -46.2484
-88.6055 -98.4175 19.8773 -83.6012 -100.282 -47.1395
-89.0238 -98.9188 19.6394 -83.6969 -100.24 -48.0381
-89.4425 -99.4199 19.3969 -83.7885 -100.191 -48.9442
-89.8617 -99.9207 19.1499 -83.8759 -100.134 -49.8579
-90.2813 -100.421 18.8983 -83.959 -100.071 -50.779
-90.7013 -100.921 18.6421 -84.0376 -100.001 -51.7075
-91.1217 -101.421 18.3813 -84.1117 -99.9229 -52.6436
-91.5424 -101.921 18.1157 -84.1811 -99.8374 -53.587
-91.9635 -102.42 17.8454 -84.2456 -99.7442 -54.5378
-92.3848 -102.918 17.5703 -84.3052 -99.6432 -55.496
-92.8065 -103.416 17.2904 -84.3597 -99.5341 -56.4615
-93.2284 -103.913 17.0057 -84.409 -99.4167 -57.4342
-93.6506 -104.41 16.7161 -84.4529 -99.2909 -58.4142
-94.073 -104.906 16.4215 -84.4913 -99.1566 -59.4013
-94.4955 -105.402 16.1221 -84.524 -99.0135 -60.3955
-94.9182 -105.896 15.8176 -84.5509 -98.8614 -61.3968
-95.341 -106.39 15.5081 -84.5719 -98.7002 -62.4049
-95.7639 -106.883 15.1935 -84.5868 -98.5297 -63.42
-96.1869 -107.376 14.8739 -84.5954 -98.3497 -64.4418
-96.6099 -107.867 14.5491 -84.5977 -98.1601 -65.4703
-97.0329 -108.357 14.2192 -84.5934 -97.9606 -66.5054
-97.4558 -108.847 13.8841 -84.5823 -97.7511 -67.5469
-97.8787 -109.335 13.5437 -84.5644 -97.5313 -68.5948
-98.3015 -109.822 13.1981 -84.5395 -97.3012 -69.6489
-98.7241 -110.308 12.8472 -84.5074 -97.0604 -70.7091
-99.1465 -110.792 12.491 -84.4679 -96.8089 -71.7752
-99.5688 -111.276 12.1295 -84.421 -96.5464 -72.8472
-99.9907 -111.758 11.7625 -84.3663 -96.2727 -73.9248
-100.412 -112.239 11.3902 -84.3039 -95.9878 -75.0078
-100.834 -112.718 11.0125 -84.2334 -95.6913 -76.0962
-101.255 -113.195 10.6292 -84.1548 -95.3831 -77.1897
-101.675 -113.672 10.2406 -84.0678 -95.063 -78.2881
-102.095 -114.146 9.84636 -83.9723 -94.7309 -79.3912
-102.515 -114.619 9.44664 -83.8682 -94.3865 -80.4989
-102.934 -115.09 9.04137 -83.7553 -94.0297 -81.6108
-103.353 -115.559 8.63053 -83.6334 -93.6604 -82.7268
-103.77 -116.027 8.2141 -83.5023 -93.2783 -83.8466
-104.188 -116.492 7.79206 -83.3619 -92.8833 -84.97
-104.604 -116.955 7.3644 -83.2121 -92.4752 -86.0967
