100 75 -200 0 0 49
99.9999 75 -199.755 -0.044263 0.00151462 49.023
99.9996 75 -199.51 -0.0885597 0.00300141 49.0461
99.999 75 -199.264 -0.13289 0.00446091 49.0691
99.9982 75.0001 -199.019 -0.177254 0.00589368 49.092
99.9972 75.0001 -198.774 -0.221651 0.00730029 49.115
99.996 75.0001 -198.528 -0.266081 0.0086813 49.1379
99.9946 75.0002 -198.282 -0.310546 0.0100373 49.1608
99.9929 75.0002 -198.036 -0.355043 0.0113687 49.1837
99.991 75.0003 -197.79 -0.399574 0.0126762 49.2065
99.9889 75.0004 -197.544 -0.444138 0.0139604 49.2294
99.9866 75.0004 -197.298 -0.488736 0.0152218 49.2522
99.984 75.0005 -197.052 -0.533367 0.0164608 49.2749
99.9812 75.0006 -196.805 -0.578032 0.0176782 49.2977
99.9782 75.0007 -196.559 -0.622729 0.0188745 49.3204
99.975 75.0008 -196.312 -0.66746 0.0200502 49.3431
99.9716 75.0009 -196.065 -0.712224 0.0212059 49.3658
99.9679 75.001 -195.818 -0.757022 0.0223421 49.3885
99.964 75.0011 -195.571 -0.801852 0.0234595 49.4111
99.9599 75.0012 -195.324 -0.846716 0.0245585 49.4337
99.9555 75.0014 -195.077 -0.891613 0.0256397 49.4563
99.951 75.0015 -194.83 -0.936543 0.0267038 49.4789
99.9462 75.0016 -194.582 -0.981506 0.0277512 49.5014
99.9411 75.0018 -194.335 -1.0265 0.0287826 49.5239
99.9359 75.0019 -194.087 -1.07153 0.0297985 49.5464
99.9304 75.0021 -193.839 -1.11659 0.0307994 49.5689
99.9247 75.0022 -193.591 -1.16169 0.031786 49.5913
99.9188 75.0024 -193.343 -1.20682 0.0327588 49.6137
99.9127 75.0025 -193.095 -1.25198 0.0337184 49.6361
99.9063 75.0027 -192.847 -1.29717 0.0346653 49.6584
99.8997 75.0029 -192.599 -1.3424 0.0356002 49.6808
99.8929 75.0031 -192.35 -1.38766 0.0365236 49.7031
99.8858 75.0033 -192.102 -1.43295 0.037436 49.7254
99.8785 75.0035 -191.853 -1.47828 0.0383381 49.7476
99.871 75.0036 -191.604 -1.52364 0.0392305 49.7699
99.8633 75.0038 -191.355 -1.56903 0.0401136 49.7921
99.8553 75.004 -191.106 -1.61445 0.0409882 49.8142
99.8472 75.0043 -190.857 -1.65991 0.0418548 49.8364
99.8387 75.0045 -190.608 -1.7054 0.0427139 49.8585
99.8301 75.0047 -190.359 -1.75092 0.0435662 49.8806
99.8212 75.0049 -190.109 -1.79647 0.0444123 49.9027
99.8121 75.0051 -189.859 -1.84206 0.0452527 49.9248
99.8028 75.0054 -189.61 -1.88768 0.0460881 49.9468
99.7933 75.0056 -189.36 -1.93333 0.0469189 49.9688
99.7835 75.0058 -189.11 -1.97902 0.0477459 49.9907
99.7735 75.0061 -188.86 -2.02474 0.0485697 50.0127
99.7632 75.0063 -188.61 -2.07049 0.0493908 50.0346
99.7528 75.0066 -188.36 -2.11627 0.0502098 50.0565
99.7421 75.0068 -188.109 -2.16208 0.0510273 50.0784
99.7311 75.0071 -187.859 -2.20793 0.0518441 50.1002
99.72 75.0073 -187.608 -2.25381 0.0526605 50.122
99.7086 75.0076 -187.358 -2.29972 0.0534774 50.1438
99.697 75.0079 -187.107 -2.34566 0.0542953 50.1656
99.6852 75.0081 -186.856 -2.39164 0.0551148 50.1873
99.6731 75.0084 -186.605 -2.43765 0.0559365 50.209
99.6608 75.0087 -186.354 -2.48369 0.0567611 50.2307
99.6482 75.009 -186.103 -2.52976 0.0575891 50.2523
99.6355 75.0093 -185.851 -2.57587 0.0584213 50.274
99.6225 75.0096 -185.6 -2.622 0.0592583 50.2955
99.6093 75.0099 -185.349 -2.66817 0.0601007 50.3171
99.5958 75.0102 -185.097 -2.71437 0.060949 50.3387
99.5821 75.0105 -184.845 -2.76061 0.0618041 50.3602
99.5682 75.0108 -184.593 -2.80687 0.0626665 50.3817
99.554 75.0111 -184.341 -2.85317 0.0635368 50.4031
99.5397 75.0114 -184.089 -2.8995 0.0644158 50.4245
99.5251 75.0117 -183.837 -2.94586 0.0653041 50.4459
99.5102 75.0121 -183.585 -2.99225 0.0662023 50.4673
99.4951 75.0124 -183.332 -3.03867 0.0671111 50.4887
99.4798 75.0127 -183.08 -3.08513 0.0680312 50.51
99.4643 75.0131 -182.827 -3.13161 0.0689632 50.5313
99.4485 75.0134 -182.575 -3.17813 0.0699079 50.5525
99.4325 75.0138 -182.322 -3.22468 0.0708659 50.5738
99.4163 75.0141 -182.069 -3.27126 0.0718378 50.595
99.3998 75.0145 -181.816 -3.31788 0.0728244 50.6162
99.3831 75.0149 -181.563 -3.36452 0.0738264 50.6373
99.3661 75.0152 -181.309 -3.4112 0.0748444 50.6584
99.349 75.0156 -181.056 -3.45791 0.0758792 50.6795
99.3316 75.016 -180.803 -3.50464 0.0769314 50.7006
99.3139 75.0164 -180.549 -3.55141 0.0780019 50.7216
99.296 75.0168 -180.295 -3.59822 0.0790912 50.7426
99.2779 75.0172 -180.042 -3.64505 0.0802001 50.7636
99.2596 75.0176 -179.788 -3.69191 0.0813293 50.7845
99.241 75.018 -179.534 -3.73881 0.0824796 50.8054
99.2222 75.0184 -179.28 -3.78573 0.0836517 50.8263
99.2032 75.0188 -179.026 -3.83269 0.0848463 50.8472
99.1839 75.0193 -178.771 -3.87968 0.0860642 50.868
99.1644 75.0197 -178.517 -3.92669 0.0873061 50.8888
99.1446 75.0201 -178.262 -3.97374 0.0885727 50.9096
99.1246 75.0206 -178.008 -4.02082 0.0898649 50.9303
99.1044 75.021 -177.753 -4.06793 0.0911834 50.951
99.0839 75.0215 -177.498 -4.11507 0.092529 50.9717
99.0633 75.022 -177.243 -4.16225 0.0939024 50.9924
99.0423 75.0224 -176.988 -4.20945 0.0953044 51.013
99.0212 75.0229 -176.733 -4.25668 0.0967359 51.0336
98.9998 75.0234 -176.478 -4.30394 0.0981975 51.0541
98.9781 75.0239 -176.223 -4.35124 0.0996902 51.0747
98.9562 75.0244 -175.967 -4.39856 0.101215 51.0952
98.9341 75.0249 -175.712 -4.44591 0.102772 51.1156
98.9118 75.0254 -175.456 -4.4933 0.104362 51.1361
98.8892 75.0259 -175.2 -4.54071 0.105987 51.1565
98.8664 75.0265 -174.945 -4.58816 0.107647 51.1769
98.8433 75.027 -174.689 -4.63563 0.109343 51.1972
98.82 75.0276 -174.433 -4.68313 0.111076 51.2175
98.7965 75.0281 -174.176 -4.73067 0.112846 51.2378
98.7727 75.0287 -173.92 -4.77823 0.114655 51.2581
98.7487 75.0293 -173.664 -4.82582 0.116503 51.2783
98.7245 75.0299 -173.407 -4.87345 0.118392 51.2985
98.7 75.0305 -173.151 -4.9211 0.120321 51.3186
98.6752 75.0311 -172.894 -4.96878 0.122293 51.3388
98.6503 75.0317 -172.637 -5.01649 0.124308 51.3589
98.6251 75.0323 -172.381 -5.06423 0.126366 51.3789
98.5996 75.033 -172.124 -5.112 0.128469 51.399
98.574 75.0336 -171.867 -5.1598 0.130618 51.419
98.548 75.0343 -171.609 -5.20763 0.132814 51.4389
98.5219 75.0349 -171.352 -5.25548 0.135057 51.4589
98.4955 75.0356 -171.095 -5.30337 0.137348 51.4788
98.4689 75.0363 -170.837 -5.35128 0.139689 51.4986
98.442 75.037 -170.58 -5.39922 0.142081 51.5185
98.4149 75.0377 -170.322 -5.44719 0.144523 51.5383
98.3875 75.0385 -170.065 -5.49519 0.147019 51.5581
98.3599 75.0392 -169.807 -5.54322 0.149567 51.5778
98.3321 75.04 -169.549 -5.59128 0.15217 51.5975
98.304 75.0407 -169.291 -5.63936 0.154829 51.6172
98.2757 75.0415 -169.033 -5.68748 0.157544 51.6368
98.2471 75.0423 -168.774 -5.73562 0.160316 51.6565
98.2183 75.0431 -168.516 -5.78378 0.163147 51.676
98.1893 75.0439 -168.258 -5.83198 0.166037 51.6956
98.16 75.0448 -167.999 -5.8802 0.168989 51.7151
98.1305 75.0456 -167.74 -5.92846 0.172001 51.7346
98.1007 75.0465 -167.482 -5.97674 0.175077 51.754
98.0707 75.0474 -167.223 -6.02504 0.178217 51.7734
98.0405 75.0483 -166.964 -6.07337 0.181421 51.7928
98.01 75.0492 -166.705 -6.12174 0.184692 51.8121
97.9792 75.0501 -166.446 -6.17012 0.18803 51.8315
97.9483 75.0511 -166.187 -6.21854 0.191436 51.8507
97.9171 75.052 -165.927 -6.26698 0.194912 51.87
97.8856 75.053 -165.668 -6.31545 0.198459 51.8892
97.8539 75.054 -165.408 -6.36394 0.202078 51.9083
97.822 75.055 -165.149 -6.41246 0.20577 51.9275
97.7898 75.0561 -164.889 -6.46101 0.209536 51.9466
97.7574 75.0571 -164.629 -6.50958 0.213378 51.9657
97.7247 75.0582 -164.369 -6.55818 0.217297 51.9847
97.6918 75.0593 -164.11 -6.6068 0.221294 52.0037
97.6586 75.0604 -163.849 -6.65545 0.22537 52.0226
97.6252 75.0616 -163.589 -6.70413 0.229527 52.0416
97.5916 75.0627 -163.329 -6.75283 0.233766 52.0605
97.5577 75.0639 -163.069 -6.80156 0.238088 52.0793
97.5236 75.0651 -162.808 -6.85031 0.242495 52.0981
97.4892 75.0663 -162.548 -6.89908 0.246987 52.1169
97.4546 75.0676 -162.287 -6.94788 0.251567 52.1357
97.4197 75.0688 -162.026 -6.99671 0.256236 52.1544
97.3846 75.0701 -161.766 -7.04556 0.260994 52.1731
97.3493 75.0714 -161.505 -7.09443 0.265844 52.1917
97.3137 75.0728 -161.244 -7.14333 0.270787 52.2103
97.2778 75.0742 -160.983 -7.19225 0.275824 52.2289
97.2417 75.0755 -160.721 -7.2412 0.280957 52.2474
97.2054 75.077 -160.46 -7.29017 0.286188 52.2659
97.1688 75.0784 -160.199 -7.33916 0.291517 52.2844
97.132 75.0799 -159.937 -7.38817 0.296946 52.3028
97.095 75.0814 -159.676 -7.43721 0.302477 52.3212
97.0576 75.0829 -159.414 -7.48627 0.308112 52.3395
97.0201 75.0845 -159.152 -7.53536 0.313851 52.3578
96.9823 75.086 -158.89 -7.58446 0.319697 52.3761
96.9442 75.0877 -158.628 -7.63359 0.325651 52.3943
96.906 75.0893 -158.366 -7.68274 0.331715 52.4125
96.8674 75.091 -158.104 -7.73191 0.33789 52.4306
96.8286 75.0927 -157.842 -7.78111 0.344179 52.4488
96.7896 75.0944 -157.58 -7.83032 0.350582 52.4668
96.7503 75.0962 -157.317 -7.87956 0.357102 52.4849
96.7108 75.098 -157.055 -7.92881 0.36374 52.5029
96.671 75.0998 -156.792 -7.97809 0.370498 52.5208
96.631 75.1017 -156.53 -8.02739 0.377378 52.5388
96.5908 75.1036 -156.267 -8.0767 0.384381 52.5566
96.5503 75.1055 -156.004 -8.12604 0.39151 52.5745
96.5095 75.1075 -155.741 -8.1754 0.398766 52.5923
96.4685 75.1095 -155.478 -8.22477 0.406152 52.6101
96.4273 75.1116 -155.215 -8.27417 0.413669 52.6278
96.3858 75.1137 -154.952 -8.32358 0.421319 52.6455
96.344 75.1158 -154.689 -8.37301 0.429104 52.6631
96.302 75.118 -154.425 -8.42246 0.437026 52.6807
96.2598 75.1202 -154.162 -8.47193 0.445087 52.6983
96.2173 75.1224 -153.898 -8.52141 0.453289 52.7158
96.1746 75.1247 -153.635 -8.57092 0.461635 52.7333
96.1316 75.127 -153.371 -8.62044 0.470125 52.7507
96.0884 75.1294 -153.107 -8.66997 0.478764 52.7681
96.0449 75.1318 -152.843 -8.71953 0.487552 52.7855
96.0012 75.1343 -152.579 -8.76909 0.496492 52.8028
95.9572 75.1368 -152.315 -8.81868 0.505586 52.8201
95.913 75.1393 -152.051 -8.86828 0.514836 52.8373
95.8685 75.1419 -151.787 -8.91789 0.524245 52.8545
95.8238 75.1446 -151.523 -8.96752 0.533815 52.8716
95.7789 75.1473 -151.258 -9.01716 0.543549 52.8887
95.7336 75.15 -150.994 -9.06682 0.553448 52.9058
95.6882 75.1528 -150.729 -9.11649 0.563516 52.9228
95.6425 75.1556 -150.465 -9.16618 0.573754 52.9398
95.5965 75.1585 -150.2 -9.21587 0.584166 52.9567
95.5503 75.1615 -149.935 -9.26558 0.594753 52.9736
95.5039 75.1645 -149.67 -9.3153 0.605519 52.9904
95.4572 75.1675 -149.405 -9.36504 0.616466 53.0072
95.4102 75.1707 -149.14 -9.41478 0.627597 53.024
95.363 75.1738 -148.875 -9.46453 0.638914 53.0407
95.3156 75.177 -148.61 -9.5143 0.650421 53.0574
95.2679 75.1803 -148.344 -9.56407 0.66212 53.074
95.2199 75.1837 -148.079 -9.61385 0.674013 53.0906
95.1717 75.1871 -147.813 -9.66365 0.686105 53.1071
95.1233 75.1905 -147.548 -9.71345 0.698397 53.1236
95.0746 75.194 -147.282 -9.76326 0.710893 53.14
95.0257 75.1976 -147.016 -9.81307 0.723596 53.1564
94.9765 75.2013 -146.751 -9.86289 0.736509 53.1727
94.927 75.205 -146.485 -9.91272 0.749635 53.189
94.8773 75.2088 -146.219 -9.96256 0.762977 53.2053
94.8274 75.2126 -145.953 -10.0124 0.776539 53.2215
94.7772 75.2165 -145.686 -10.0622 0.790324 53.2376
94.7268 75.2205 -145.42 -10.1121 0.804335 53.2537
94.6761 75.2246 -145.154 -10.1619 0.818575 53.2698
94.6252 75.2287 -144.888 -10.2118 0.833049 53.2858
94.574 75.2329 -144.621 -10.2617 0.84776 53.3018
94.5225 75.2372 -144.354 -10.3115 0.86271 53.3177
94.4709 75.2416 -144.088 -10.3614 0.877905 53.3335
94.4189 75.246 -143.821 -10.4112 0.893348 53.3493
94.3668 75.2505 -143.554 -10.4611 0.909042 53.3651
94.3143 75.2551 -143.288 -10.511 0.924991 53.3808
94.2616 75.2597 -143.021 -10.5608 0.9412 53.3965
94.2087 75.2645 -142.754 -10.6107 0.957672 53.4121
94.1555 75.2693 -142.486 -10.6605 0.974411 53.4277
94.1021 75.2742 -142.219 -10.7104 0.991422 53.4432
94.0484 75.2792 -141.952 -10.7602 1.00871 53.4586
93.9945 75.2843 -141.685 -10.8101 1.02628 53.474
93.9403 75.2895 -141.417 -10.8599 1.04413 53.4894
93.8859 75.2948 -141.15 -10.9097 1.06227 53.5047
93.8312 75.3001 -140.882 -10.9595 1.0807 53.5199
93.7763 75.3056 -140.615 -11.0093 1.09943 53.5351
93.7211 75.3111 -140.347 -11.0591 1.11847 53.5502
93.6657 75.3168 -140.079 -11.1089 1.13781 53.5653
93.6101 75.3225 -139.811 -11.1587 1.15747 53.5803
93.5541 75.3283 -139.543 -11.2085 1.17744 53.5953
93.498 75.3343 -139.275 -11.2582 1.19774 53.6102
93.4416 75.3403 -139.007 -11.308 1.21836 53.6251
93.3849 75.3465 -138.739 -11.3577 1.23932 53.6399
93.328 75.3527 -138.471 -11.4074 1.26061 53.6546
93.2708 75.3591 -138.202 -11.4571 1.28225 53.6693
93.2134 75.3655 -137.934 -11.5068 1.30424 53.6839
93.1557 75.3721 -137.666 -11.5564 1.32659 53.6985
93.0978 75.3788 -137.397 -11.606 1.34929 53.713
93.0397 75.3856 -137.128 -11.6557 1.37237 53.7275
92.9813 75.3925 -136.86 -11.7052 1.39581 53.7419
92.9226 75.3996 -136.591 -11.7548 1.41964 53.7562
92.8637 75.4067 -136.322 -11.8043 1.44385 53.7705
92.8046 75.414 -136.053 -11.8539 1.46846 53.7847
92.7452 75.4214 -135.784 -11.9033 1.49346 53.7988
92.6856 75.4289 -135.515 -11.9528 1.51887 53.8129
92.6257 75.4366 -135.246 -12.0022 1.5447 53.8269
92.5655 75.4444 -134.977 -12.0516 1.57094 53.8409
92.5051 75.4523 -134.708 -12.101 1.59761 53.8548
92.4445 75.4604 -134.439 -12.1503 1.62472 53.8686
92.3836 75.4686 -134.169 -12.1996 1.65226 53.8824
92.3225 75.4769 -133.9 -12.2488 1.68026 53.8961
92.2612 75.4854 -133.63 -12.298 1.70872 53.9097
92.1995 75.494 -133.361 -12.3472 1.73764 53.9233
92.1377 75.5027 -133.091 -12.3963 1.76703 53.9368
92.0756 75.5116 -132.821 -12.4454 1.79691 53.9502
92.0132 75.5207 -132.551 -12.4944 1.82728 53.9635
91.9506 75.5299 -132.282 -12.5434 1.85814 53.9768
91.8878 75.5393 -132.012 -12.5924 1.88952 53.99
91.8247 75.5488 -131.742 -12.6412 1.92141 54.0032
91.7614 75.5585 -131.472 -12.6901 1.95384 54.0163
91.6978 75.5684 -131.202 -12.7388 1.9868 54.0292
91.634 75.5784 -130.931 -12.7875 2.0203 54.0422
91.5699 75.5886 -130.661 -12.8362 2.05437 54.055
91.5056 75.5989 -130.391 -12.8848 2.089 54.0678
91.4411 75.6095 -130.12 -12.9333 2.12421 54.0805
91.3763 75.6202 -129.85 -12.9818 2.16001 54.0931
91.3113 75.6311 -129.579 -13.0302 2.19641 54.1056
91.246 75.6421 -129.309 -13.0785 2.23342 54.1181
91.1805 75.6534 -129.038 -13.1267 2.27105 54.1305
91.1147 75.6648 -128.768 -13.1749 2.30933 54.1427
91.0487 75.6765 -128.497 -13.223 2.34824 54.155
90.9825 75.6883 -128.226 -13.271 2.38782 54.1671
90.916 75.7004 -127.955 -13.3189 2.42808 54.1791
90.8493 75.7126 -127.684 -13.3667 2.46902 54.1911
90.7824 75.7251 -127.413 -13.4144 2.51066 54.2029
90.7152 75.7377 -127.142 -13.4621 2.55302 54.2147
90.6477 75.7506 -126.871 -13.5096 2.5961 54.2264
90.5801 75.7637 -126.6 -13.557 2.63993 54.238
90.5122 75.777 -126.329 -13.6044 2.68452 54.2495
90.444 75.7905 -126.057 -13.6516 2.72989 54.2609
90.3756 75.8043 -125.786 -13.6987 2.77605 54.2722
90.307 75.8183 -125.515 -13.7457 2.82301 54.2834
90.2382 75.8325 -125.243 -13.7926 2.8708 54.2945
90.1691 75.847 -124.972 -13.8393 2.91943 54.3056
90.0998 75.8617 -124.7 -13.8859 2.96893 54.3165
90.0302 75.8767 -124.429 -13.9324 3.0193 54.3273
89.9605 75.8919 -124.157 -13.9788 3.07057 54.338
89.8905 75.9074 -123.885 -14.025 3.12276 54.3486
89.8202 75.9231 -123.613 -14.071 3.17589 54.359
89.7497 75.9392 -123.342 -14.1169 3.22997 54.3694
89.6791 75.9555 -123.07 -14.1627 3.28504 54.3797
89.6081 75.972 -122.798 -14.2082 3.34111 54.3898
89.537 75.9889 -122.526 -14.2537 3.3982 54.3998
89.4656 76.006 -122.254 -14.2989 3.45635 54.4097
89.394 76.0234 -121.982 -14.344 3.51557 54.4195
89.3221 76.0412 -121.71 -14.3888 3.57588 54.4292
89.2501 76.0592 -121.437 -14.4335 3.63733 54.4387
89.1778 76.0775 -121.165 -14.478 3.69992 54.4481
89.1053 76.0962 -120.893 -14.5223 3.76369 54.4573
89.0326 76.1152 -120.621 -14.5663 3.82867 54.4664
88.9596 76.1345 -120.348 -14.6102 3.89489 54.4754
88.8865 76.1541 -120.076 -14.6538 3.96238 54.4843
88.8131 76.1741 -119.803 -14.6971 4.03116 54.4929
88.7395 76.1944 -119.531 -14.7402 4.10128 54.5015
88.6657 76.2151 -119.258 -14.7831 4.17276 54.5099
88.5917 76.2362 -118.986 -14.8257 4.24565 54.5181
88.5174 76.2576 -118.713 -14.868 4.31997 54.5262
88.443 76.2794 -118.441 -14.9101 4.39577 54.5341
88.3683 76.3016 -118.168 -14.9518 4.47308 54.5418
88.2935 76.3241 -117.895 -14.9932 4.55195 54.5494
88.2184 76.3471 -117.622 -15.0344 4.63241 54.5567
88.1431 76.3704 -117.35 -15.0751 4.71451 54.5639
88.0677 76.3942 -117.077 -15.1156 4.7983 54.5709
87.992 76.4184 -116.804 -15.1557 4.88383 54.5777
87.9161 76.4431 -116.531 -15.1954 4.97113 54.5844
87.84 76.4682 -116.258 -15.2347 5.06027 54.5908
87.7638 76.4937 -115.985 -15.2737 5.15129 54.597
87.6873 76.5197 -115.712 -15.3122 5.24426 54.6029
87.6106 76.5461 -115.439 -15.3502 5.33922 54.6087
87.5338 76.5731 -115.166 -15.3879 5.43624 54.6142
87.4567 76.6005 -114.893 -15.425 5.53538 54.6195
87.3795 76.6284 -114.62 -15.4617 5.63671 54.6245
87.3021 76.6569 -114.347 -15.4979 5.74029 54.6293
87.2246 76.6858 -114.073 -15.5335 5.84619 54.6338
87.1468 76.7153 -113.8 -15.5686 5.9545 54.6381
87.0689 76.7454 -113.527 -15.6031 6.06527 54.642
86.9908 76.776 -113.254 -15.637 6.17861 54.6457
86.9125 76.8072 -112.981 -15.6703 6.29459 54.6491
86.8341 76.839 -112.707 -15.703 6.4133 54.6522
86.7555 76.8713 -112.434 -15.7349 6.53483 54.6549
86.6767 76.9043 -112.161 -15.7662 6.65928 54.6573
86.5978 76.9379 -111.887 -15.7966 6.78676 54.6594
86.5187 76.9722 -111.614 -15.8264 6.91736 54.6611
86.4395 77.0071 -111.341 -15.8552 7.05122 54.6624
86.3602 77.0427 -111.068 -15.8833 7.18843 54.6633
86.2807 77.079 -110.794 -15.9104 7.32914 54.6638
86.2011 77.116 -110.521 -15.9366 7.47347 54.6639
86.1213 77.1537 -110.248 -15.9618 7.62155 54.6636
86.0415 77.1922 -109.974 -15.986 7.77355 54.6627
85.9615 77.2315 -109.701 -16.0091 7.9296 54.6614
85.8814 77.2715 -109.428 -16.031 8.08989 54.6596
85.8012 77.3124 -109.154 -16.0517 8.25457 54.6573
85.7208 77.3541 -108.881 -16.0712 8.42384 54.6544
85.6404 77.3967 -108.608 -16.0893 8.59788 54.651
85.56 77.4401 -108.335 -16.106 8.77692 54.6469
85.4794 77.4844 -108.061 -16.1212 8.96116 54.6422
85.3987 77.5297 -107.788 -16.1348 9.15084 54.6368
85.318 77.576 -107.515 -16.1467 9.34622 54.6307
85.2373 77.6232 -107.242 -16.1569 9.54755 54.6238
85.1565 77.6715 -106.969 -16.1652 9.75512 54.6162
85.0756 77.7208 -106.696 -16.1715 9.96924 54.6077
84.9947 77.7712 -106.423 -16.1757 10.1902 54.5984
84.9139 77.8227 -106.15 -16.1777 10.4184 54.5881
84.833 77.8754 -105.877 -16.1773 10.6543 54.5768
84.7521 77.9293 -105.604 -16.1742 10.8981 54.5645
84.6712 77.9844 -105.331 -16.1685 11.1503 54.551
84.5904 78.0408 -105.058 -16.1599 11.4115 54.5364
84.5096 78.0985 -104.786 -16.1481 11.682 54.5205
84.4289 78.1576 -104.513 -16.1329 11.9625 54.5032
84.3483 78.2182 -104.241 -16.1142 12.2536 54.4844
84.2678 78.2802 -103.968 -16.0915 12.5559 54.4641
84.1874 78.3438 -103.696 -16.0647 12.8701 54.4422
84.1071 78.4089 -103.424 -16.0334 13.1971 54.4184
84.0271 78.4758 -103.152 -15.9971 13.5375 54.3926
83.9472 78.5443 -102.88 -15.9555 13.8924 54.3647
83.8675 78.6147 -102.608 -15.9081 14.2629 54.3346
83.7881 78.687 -102.336 -15.8544 14.6499 54.3019
83.709 78.7613 -102.065 -15.7938 15.0549 54.2665
83.6301 78.8376 -101.794 -15.7255 15.4791 54.2281
83.5517 78.9161 -101.523 -15.649 15.9242 54.1865
83.4737 78.9969 -101.252 -15.5632 16.3919 54.1412
83.3961 79.0801 -100.981 -15.4672 16.8841 54.092
83.319 79.1658 -100.711 -15.3598 17.4032 54.0383
83.2425 79.2542 -100.441 -15.2398 17.9515 53.9798
83.1666 79.3454 -100.171 -15.1055 18.5319 53.9157
83.0914 79.4396 -99.9015 -14.9551 19.1478 53.8454
83.0171 79.537 -99.6324 -14.7866 19.8029 53.7681
82.9436 79.6377 -99.3637 -14.5974 20.5016 53.6828
82.8711 79.7421 -99.0955 -14.3845 21.249 53.5884
82.7998 79.8504 -98.8277 -14.1441 22.0512 53.4835
82.7297 79.9628 -98.5605 -13.8717 22.9154 53.3664
82.6611 80.0797 -98.294 -13.5618 23.8501 53.235
82.5941 80.2015 -98.0281 -13.2075 24.8657 53.0865
82.5291 80.3286 -97.763 -12.7998 25.975 52.9178
82.4662 80.4615 -97.4987 -12.3274 27.1938 52.7244
82.4059 80.6008 -97.2355 -11.7753 28.542 52.5008
82.3485 80.7472 -96.9735 -11.1233 30.0449 52.2392
82.2948 80.9017 -96.7129 -10.3437 31.736 51.9292
82.2453 81.0651 -96.4539 -9.39726 33.6596 51.5559
82.201 81.2389 -96.197 -8.22631 35.8766 51.0974
82.1634 81.4247 -95.9425 -6.74237 38.4732 50.5199
82.1342 81.6247 -95.6912 -4.80219 41.576 49.7685
82.1162 81.842 -95.4441 -2.15677 45.3795 48.7469
82.1141 82.0807 -95.2027 1.66945 50.1983 47.269
82.1357 82.3474 -94.9698 7.71445 56.5653 44.9188
82.1973 82.6521 -94.751 18.7464 65.3442 40.5356
82.3408 83.0113 -94.5596 44.8601 76.1528 29.3802
82.7245 83.4174 -94.4404 108.625 35.6035 -9.06028
83.3714 83.2643 -94.4425 95.8914 -46.5287 3.07952
83.7681 82.986 -94.3825 68.3077 -56.3423 14.944
84.0733 82.6992 -94.2898 55.6335 -56.8658 20.2804
84.3311 82.4153 -94.1786 48.2932 -56.1923 23.3992
84.5594 82.1359 -94.0552 43.4197 -55.3645 25.4915
84.7671 81.8608 -93.9233 39.9013 -54.5838 27.0149
84.9595 81.5894 -93.7848 37.2146 -53.8887 28.1855
85.1399 81.3214 -93.6412 35.0791 -53.2788 29.1202
85.3108 81.0563 -93.4935 33.3301 -52.7446 29.8881
85.4736 80.7937 -93.3422 31.8635 -52.2753 30.5331
85.6297 80.5333 -93.1881 30.6106 -51.8612 31.0845
85.7799 80.2749 -93.0313 29.5237 -51.4942 31.5628
85.9251 80.0182 -92.8724 28.5686 -51.1674 31.9826
86.0658 79.7631 -92.7115 27.7202 -50.8751 32.355
86.2024 79.5093 -92.5488 26.9594 -50.6128 32.6881
86.3355 79.2568 -92.3845 26.2717 -50.3766 32.9884
86.4652 79.0055 -92.2189 25.6455 -50.1632 33.2609
86.592 78.7551 -92.0519 25.0717 -49.97 33.5097
86.716 78.5057 -91.8837 24.5431 -49.7945 33.7379
86.8375 78.2571 -91.7145 24.0535 -49.635 33.9484
86.9566 78.0093 -91.5442 23.598 -49.4896 34.1432
87.0735 77.7622 -91.373 23.1725 -49.3571 34.3242
87.1884 77.5157 -91.201 22.7734 -49.236 34.493
87.3013 77.2698 -91.0281 22.3979 -49.1254 34.651
87.4124 77.0244 -90.8545 22.0434 -49.0242 34.7992
87.5217 76.7795 -90.6801 21.7077 -48.9317 34.9387
87.6295 76.5351 -90.5051 21.3891 -48.8471 35.0702
87.7356 76.291 -90.3294 21.0858 -48.7697 35.1946
87.8403 76.0473 -90.1531 20.7964 -48.699 35.3124
87.9436 75.804 -89.9763 20.5197 -48.6344 35.4242
88.0456 75.561 -89.7989 20.2546 -48.5755 35.5307
88.1462 75.3182 -89.6209 20.0001 -48.5219 35.632
88.2456 75.0757 -89.4425 19.7554 -48.4731 35.7288
88.3438 74.8335 -89.2636 19.5196 -48.4288 35.8213
88.4408 74.5914 -89.0843 19.2921 -48.3888 35.9099
88.5367 74.3496 -88.9045 19.0723 -48.3527 35.9948
88.6315 74.1079 -88.7244 18.8595 -48.3202 36.0763
88.7253 73.8664 -88.5438 18.6534 -48.2912 36.1547
88.8181 73.625 -88.3628 18.4533 -48.2655 36.2301
88.9098 73.3837 -88.1815 18.259 -48.2427 36.3027
89.0006 73.1425 -87.9998 18.07 -48.2228 36.3728
89.0905 72.9015 -87.8177 17.886 -48.2056 36.4405
89.1795 72.6605 -87.6354 17.7067 -48.1909 36.5059
89.2676 72.4196 -87.4527 17.5317 -48.1786 36.5691
89.3548 72.1787 -87.2697 17.3609 -48.1685 36.6304
89.4412 71.9379 -87.0864 17.1939 -48.1606 36.6897
89.5268 71.6971 -86.9028 17.0305 -48.1546 36.7473
89.6115 71.4563 -86.7189 16.8706 -48.1506 36.8032
89.6955 71.2156 -86.5347 16.7139 -48.1483 36.8575
89.7787 70.9748 -86.3503 16.5602 -48.1478 36.9103
89.8611 70.7341 -86.1656 16.4094 -48.1488 36.9616
89.9428 70.4933 -85.9807 16.2613 -48.1515 37.0116
90.0237 70.2526 -85.7955 16.1159 -48.1555 37.0603
90.1039 70.0118 -85.6101 15.9728 -48.161 37.1078
90.1834 69.7709 -85.4244 15.8321 -48.1678 37.1541
90.2623 69.5301 -85.2386 15.6936 -48.1759 37.1993
90.3404 69.2892 -85.0524 15.5572 -48.1851 37.2435
90.4178 69.0482 -84.8661 15.4227 -48.1955 37.2866
90.4946 68.8072 -84.6796 15.2902 -48.207 37.3288
90.5707 68.5662 -84.4928 15.1594 -48.2195 37.3701
90.6462 68.325 -84.3059 15.0304 -48.2331 37.4105
90.721 68.0838 -84.1187 14.9029 -48.2476 37.45
90.7952 67.8425 -83.9314 14.7771 -48.2629 37.4888
90.8688 67.6012 -83.7438 14.6527 -48.2792 37.5268
90.9418 67.3597 -83.5561 14.5297 -48.2963 37.564
91.0141 67.1182 -83.3682 14.4081 -48.3141 37.6006
91.0859 66.8766 -83.1801 14.2878 -48.3327 37.6365
91.157 66.6349 -82.9918 14.1687 -48.3521 37.6717
91.2275 66.3931 -82.8034 14.0508 -48.3721 37.7064
91.2975 66.1512 -82.6148 13.934 -48.3928 37.7404
91.3669 65.9092 -82.426 13.8183 -48.4141 37.7739
91.4357 65.667 -82.237 13.7036 -48.4361 37.8068
91.5039 65.4248 -82.0479 13.5899 -48.4586 37.8392
91.5716 65.1824 -81.8586 13.4771 -48.4816 37.8711
91.6387 64.94 -81.6692 13.3652 -48.5052 37.9025
91.7052 64.6974 -81.4796 13.2542 -48.5293 37.9335
91.7712 64.4547 -81.2899 13.144 -48.5538 37.964
91.8367 64.2118 -81.1 13.0346 -48.5788 37.9941
91.9016 63.9689 -80.9099 12.926 -48.6043 38.0237
91.9659 63.7258 -80.7197 12.818 -48.6302 38.053
92.0298 63.4826 -80.5294 12.7108 -48.6564 38.0818
92.0931 63.2392 -80.3389 12.6042 -48.6831 38.1103
92.1558 62.9957 -80.1483 12.4983 -48.7101 38.1385
92.218 62.7521 -79.9575 12.3929 -48.7374 38.1663
92.2797 62.5084 -79.7666 12.2881 -48.7651 38.1937
92.3409 62.2645 -79.5756 12.1839 -48.7931 38.2209
92.4016 62.0204 -79.3844 12.0802 -48.8214 38.2477
92.4617 61.7763 -79.1931 11.977 -48.85 38.2742
92.5214 61.5319 -79.0017 11.8743 -48.8788 38.3004
92.5805 61.2875 -78.8101 11.772 -48.9079 38.3264
92.6391 61.0429 -78.6184 11.6701 -48.9372 38.352
92.6972 60.7981 -78.4266 11.5687 -48.9667 38.3774
92.7548 60.5532 -78.2346 11.4677 -48.9964 38.4026
92.8118 60.3081 -78.0425 11.367 -49.0264 38.4274
92.8684 60.0629 -77.8503 11.2667 -49.0565 38.4521
92.9245 59.8176 -77.658 11.1667 -49.0868 38.4765
92.9801 59.5721 -77.4656 11.0671 -49.1172 38.5006
93.0352 59.3264 -77.273 10.9677 -49.1478 38.5246
93.0898 59.0806 -77.0803 10.8686 -49.1785 38.5483
93.1439 58.8346 -76.8875 10.7698 -49.2094 38.5717
93.1975 58.5885 -76.6946 10.6713 -49.2404 38.595
93.2506 58.3422 -76.5016 10.573 -49.2714 38.618
93.3032 58.0958 -76.3084 10.4749 -49.3026 38.6409
93.3553 57.8492 -76.1152 10.377 -49.3339 38.6635
93.407 57.6024 -75.9218 10.2793 -49.3652 38.6859
93.4581 57.3555 -75.7283 10.1818 -49.3966 38.7081
93.5088 57.1085 -75.5347 10.0844 -49.428 38.7301
93.559 56.8612 -75.341 9.98722 -49.4595 38.7519
93.6087 56.6139 -75.1472 9.89017 -49.4911 38.7735
93.6579 56.3663 -74.9533 9.79325 -49.5226 38.7949
93.7066 56.1186 -74.7592 9.69644 -49.5542 38.816
93.7548 55.8708 -74.5651 9.59975 -49.5858 38.837
93.8026 55.6228 -74.3709 9.50314 -49.6175 38.8578
93.8499 55.3746 -74.1765 9.40663 -49.6491 38.8783
93.8967 55.1263 -73.9821 9.31019 -49.6807 38.8986
93.943 54.8778 -73.7876 9.21382 -49.7123 38.9188
93.9888 54.6292 -73.5929 9.11751 -49.744 38.9387
94.0342 54.3804 -73.3982 9.02125 -49.7755 38.9583
94.079 54.1314 -73.2033 8.92503 -49.8071 38.9778
94.1234 53.8823 -73.0084 8.82884 -49.8386 38.997
94.1673 53.633 -72.8134 8.73268 -49.8701 39.016
94.2107 53.3836 -72.6182 8.63653 -49.9016 39.0347
94.2537 53.134 -72.423 8.5404 -49.933 39.0532
94.2961 52.8843 -72.2277 8.44428 -49.9644 39.0714
94.3381 52.6344 -72.0323 8.34816 -49.9957 39.0894
94.3796 52.3843 -71.8368 8.25203 -50.027 39.1071
94.4206 52.1341 -71.6412 8.15589 -50.0583 39.1246
94.4612 51.8837 -71.4456 8.05975 -50.0895 39.1418
94.5012 51.6332 -71.2498 7.96358 -50.1206 39.1587
94.5408 51.3825 -71.054 7.86739 -50.1517 39.1753
94.5799 51.1317 -70.858 7.77118 -50.1827 39.1916
94.6185 50.8807 -70.662 7.67495 -50.2137 39.2076
94.6567 50.6295 -70.466 7.57868 -50.2447 39.2233
94.6943 50.3782 -70.2698 7.48239 -50.2756 39.2387
94.7315 50.1268 -70.0736 7.38607 -50.3064 39.2538
94.7682 49.8752 -69.8773 7.28971 -50.3372 39.2685
94.8044 49.6234 -69.6809 7.19333 -50.368 39.2829
94.8401 49.3715 -69.4844 7.09691 -50.3987 39.297
94.8753 49.1194 -69.2879 7.00046 -50.4294 39.3107
94.9101 48.8672 -69.0913 6.90398 -50.4601 39.3241
94.9444 48.6148 -68.8947 6.80747 -50.4907 39.3371
94.9782 48.3623 -68.698 6.71094 -50.5213 39.3497
95.0115 48.1096 -68.5012 6.61438 -50.5519 39.362
95.0443 47.8568 -68.3044 6.5178 -50.5825 39.3739
95.0767 47.6038 -68.1075 6.42119 -50.6131 39.3854
95.1085 47.3506 -67.9105 6.32458 -50.6437 39.3965
95.1399 47.0974 -67.7135 6.22794 -50.6743 39.4072
95.1708 46.8439 -67.5164 6.1313 -50.7049 39.4176
95.2012 46.5903 -67.3193 6.03465 -50.7356 39.4275
95.2312 46.3365 -67.1221 5.938 -50.7663 39.4371
95.2606 46.0826 -66.9249 5.84135 -50.797 39.4463
95.2896 45.8286 -66.7277 5.7447 -50.8278 39.455
95.3181 45.5744 -66.5304 5.64807 -50.8586 39.4634
95.3461 45.32 -66.3331 5.55145 -50.8895 39.4714
95.3736 45.0655 -66.1357 5.45485 -50.9204 39.4789
95.4006 44.8108 -65.9383 5.35828 -50.9514 39.4861
95.4272 44.556 -65.7408 5.26174 -50.9826 39.4929
95.4532 44.301 -65.5433 5.16523 -51.0138 39.4993
95.4788 44.0458 -65.3458 5.06876 -51.0451 39.5053
95.5039 43.7905 -65.1483 4.97233 -51.0765 39.5109
95.5285 43.535 -64.9507 4.87595 -51.108 39.5161
95.5527 43.2794 -64.7531 4.77963 -51.1396 39.5209
95.5763 43.0237 -64.5555 4.68336 -51.1714 39.5254
95.5995 42.7677 -64.3579 4.58715 -51.2033 39.5294
95.6222 42.5116 -64.1602 4.49101 -51.2353 39.5332
95.6444 42.2554 -63.9625 4.39494 -51.2675 39.5365
95.6661 41.9989 -63.7648 4.29895 -51.2998 39.5395
95.6874 41.7424 -63.5671 4.20303 -51.3323 39.5422
95.7082 41.4856 -63.3694 4.10719 -51.3649 39.5445
95.7285 41.2287 -63.1717 4.01143 -51.3977 39.5465
95.7483 40.9716 -62.974 3.91576 -51.4306 39.5481
95.7676 40.7144 -62.7762 3.82018 -51.4638 39.5494
95.7865 40.457 -62.5785 3.72469 -51.497 39.5504
95.8049 40.1994 -62.3807 3.62929 -51.5305 39.5511
95.8228 39.9417 -62.183 3.53399 -51.5641 39.5515
95.8402 39.6838 -61.9852 3.43878 -51.5979 39.5516
95.8572 39.4257 -61.7874 3.34367 -51.6319 39.5514
95.8737 39.1675 -61.5897 3.24866 -51.6661 39.5509
95.8897 38.9091 -61.3919 3.15374 -51.7005 39.5501
95.9052 38.6505 -61.1942 3.05893 -51.735 39.5491
95.9202 38.3917 -60.9964 2.96422 -51.7697 39.5478
95.9348 38.1328 -60.7987 2.86961 -51.8046 39.5463
95.9489 37.8737 -60.601 2.7751 -51.8397 39.5445
95.9626 37.6144 -60.4033 2.68068 -51.875 39.5424
95.9758 37.3549 -60.2056 2.58637 -51.9104 39.5402
95.9884 37.0953 -60.0079 2.49216 -51.9461 39.5377
96.0007 36.8354 -59.8102 2.39805 -51.9819 39.535
96.0124 36.5754 -59.6125 2.30403 -52.0179 39.5321
96.0237 36.3153 -59.4149 2.21011 -52.0541 39.5289
96.0345 36.0549 -59.2172 2.11628 -52.0905 39.5256
96.0449 35.7944 -59.0196 2.02254 -52.127 39.5221
96.0548 35.5336 -58.822 1.9289 -52.1637 39.5183
96.0642 35.2727 -58.6244 1.83535 -52.2006 39.5144
96.0731 35.0116 -58.4269 1.74188 -52.2377 39.5104
96.0816 34.7503 -58.2293 1.6485 -52.275 39.5061
96.0896 34.4889 -58.0318 1.5552 -52.3124 39.5017
96.0971 34.2272 -57.8343 1.46198 -52.35 39.4971
96.1042 33.9654 -57.6368 1.36885 -52.3877 39.4923
96.1108 33.7033 -57.4394 1.27579 -52.4257 39.4875
96.117 33.4411 -57.2419 1.1828 -52.4637 39.4824
96.1227 33.1787 -57.0446 1.08988 -52.502 39.4772
96.1279 32.9161 -56.8472 0.997037 -52.5404 39.4719
96.1326 32.6533 -56.6498 0.904257 -52.579 39.4664
96.1369 32.3903 -56.4525 0.811541 -52.6177 39.4608
96.1407 32.1271 -56.2552 0.718885 -52.6565 39.4551
96.1441 31.8637 -56.058 0.626288 -52.6955 39.4492
96.147 31.6002 -55.8607 0.533747 -52.7347 39.4432
96.1494 31.3364 -55.6635 0.441258 -52.774 39.4371
96.1514 31.0724 -55.4664 0.348818 -52.8135 39.4309
96.1529 30.8083 -55.2692 0.256426 -52.853 39.4246
96.154 30.5439 -55.0721 0.164078 -52.8928 39.4182
96.1546 30.2793 -54.875 0.0717712 -52.9326 39.4116
96.1547 30.0146 -54.678 -0.0204972 -52.9726 39.405
96.1544 29.7496 -54.481 -0.11273 -53.0127 39.3982
96.1536 29.4844 -54.284 -0.20493 -53.053 39.3913
96.1523 29.2191 -54.0871 -0.297101 -53.0933 39.3844
96.1506 28.9535 -53.8902 -0.389244 -53.1338 39.3773
96.1484 28.6877 -53.6933 -0.481363 -53.1744 39.3702
96.1458 28.4218 -53.4965 -0.573461 -53.2151 39.363
96.1427 28.1556 -53.2997 -0.66554 -53.256 39.3556
96.1391 27.8892 -53.1029 -0.757603 -53.2969 39.3482
96.1351 27.6226 -52.9062 -0.849654 -53.338 39.3407
96.1306 27.3558 -52.7095 -0.941694 -53.3792 39.3331
96.1257 27.0888 -52.5129 -1.03373 -53.4204 39.3254
96.1203 26.8216 -52.3163 -1.12575 -53.4618 39.3177
96.1144 26.5542 -52.1197 -1.21778 -53.5033 39.3099
96.1081 26.2866 -51.9232 -1.30981 -53.5448 39.3019
96.1013 26.0188 -51.7267 -1.40183 -53.5865 39.2939
96.0941 25.7507 -51.5302 -1.49387 -53.6283 39.2859
96.0864 25.4825 -51.3338 -1.58591 -53.6701 39.2777
96.0782 25.214 -51.1374 -1.67797 -53.7121 39.2695
96.0696 24.9454 -50.9411 -1.77003 -53.7541 39.2612
96.0605 24.6765 -50.7448 -1.86212 -53.7962 39.2528
96.051 24.4074 -50.5486 -1.95422 -53.8384 39.2443
96.041 24.1381 -50.3524 -2.04634 -53.8807 39.2358
96.0305 23.8686 -50.1562 -2.13848 -53.923 39.2272
96.0196 23.5989 -49.9601 -2.23065 -53.9655 39.2185
96.0082 23.3289 -49.764 -2.32285 -54.008 39.2097
95.9964 23.0588 -49.568 -2.41508 -54.0506 39.2009
95.9841 22.7884 -49.372 -2.50734 -54.0932 39.192
95.9713 22.5179 -49.1761 -2.59963 -54.1359 39.1831
95.9581 22.2471 -48.9802 -2.69196 -54.1787 39.174
95.9444 21.9761 -48.7844 -2.78433 -54.2216 39.1649
95.9302 21.7049 -48.5886 -2.87674 -54.2645 39.1557
95.9156 21.4334 -48.3928 -2.9692 -54.3075 39.1465
95.9005 21.1618 -48.1971 -3.0617 -54.3506 39.1372
95.885 20.8899 -48.0014 -3.15425 -54.3937 39.1278
95.869 20.6178 -47.8058 -3.24684 -54.4369 39.1183
95.8525 20.3455 -47.6102 -3.33949 -54.4801 39.1088
95.8356 20.073 -47.4147 -3.43219 -54.5234 39.0992
95.8182 19.8003 -47.2192 -3.52495 -54.5667 39.0895
95.8004 19.5274 -47.0238 -3.61776 -54.6101 39.0798
95.782 19.2542 -46.8285 -3.71063 -54.6535 39.0699
95.7633 18.9808 -46.6331 -3.80356 -54.697 39.0601
95.744 18.7072 -46.4378 -3.89656 -54.7406 39.0501
95.7243 18.4334 -46.2426 -3.98962 -54.7841 39.0401
95.7041 18.1594 -46.0474 -4.08275 -54.8278 39.03
95.6835 17.8852 -45.8523 -4.17594 -54.8714 39.0198
95.6623 17.6107 -45.6573 -4.26921 -54.9152 39.0096
95.6408 17.336 -45.4622 -4.36254 -54.9589 38.9993
95.6187 17.0611 -45.2673 -4.45595 -55.0027 38.9889
95.5962 16.786 -45.0723 -4.54944 -55.0465 38.9785
95.5732 16.5106 -44.8775 -4.643 -55.0904 38.968
95.5498 16.2351 -44.6827 -4.73664 -55.1343 38.9574
95.5259 15.9593 -44.4879 -4.83036 -55.1783 38.9467
95.5015 15.6833 -44.2932 -4.92416 -55.2223 38.936
95.4766 15.4071 -44.0985 -5.01804 -55.2663 38.9252
95.4513 15.1306 -43.9039 -5.11201 -55.3103 38.9143
95.4255 14.854 -43.7094 -5.20607 -55.3544 38.9034
95.3992 14.5771 -43.5149 -5.30021 -55.3985 38.8923
95.3725 14.3 -43.3205 -5.39444 -55.4426 38.8813
95.3453 14.0227 -43.1261 -5.48876 -55.4868 38.8701
95.3176 13.7451 -42.9318 -5.58318 -55.531 38.8588
95.2895 13.4673 -42.7375 -5.67769 -55.5752 38.8475
95.2608 13.1894 -42.5433 -5.77229 -55.6194 38.8361
95.2317 12.9111 -42.3491 -5.86699 -55.6637 38.8247
95.2022 12.6327 -42.155 -5.96178 -55.708 38.8131
95.1721 12.3541 -41.961 -6.05668 -55.7523 38.8015
95.1416 12.0752 -41.767 -6.15167 -55.7966 38.7898
95.1106 11.7961 -41.5731 -6.24677 -55.8409 38.778
95.0791 11.5168 -41.3793 -6.34197 -55.8853 38.7662
95.0472 11.2373 -41.1855 -6.43727 -55.9297 38.7543
95.0148 10.9575 -40.9917 -6.53268 -55.9741 38.7423
94.9819 10.6775 -40.798 -6.6282 -56.0185 38.7302
94.9485 10.3973 -40.6044 -6.72383 -56.0629 38.718
94.9146 10.1169 -40.4108 -6.81956 -56.1073 38.7058
94.8803 9.83623 -40.2174 -6.9154 -56.1518 38.6935
94.8455 9.55536 -40.0239 -7.01136 -56.1963 38.6811
94.8102 9.27427 -39.8305 -7.10743 -56.2407 38.6686
94.7744 8.99295 -39.6372 -7.20361 -56.2852 38.656
94.7381 8.71142 -39.444 -7.29991 -56.3297 38.6434
94.7014 8.42966 -39.2508 -7.39633 -56.3742 38.6307
94.6642 8.14768 -39.0577 -7.49286 -56.4187 38.6179
94.6265 7.86547 -38.8646 -7.58951 -56.4632 38.605
94.5883 7.58304 -38.6716 -7.68628 -56.5078 38.592
94.5496 7.30039 -38.4787 -7.78318 -56.5523 38.579
94.5104 7.01752 -38.2858 -7.88019 -56.5968 38.5658
94.4708 6.73442 -38.093 -7.97733 -56.6414 38.5526
94.4307 6.45111 -37.9003 -8.07459 -56.6859 38.5393
94.3901 6.16756 -37.7076 -8.17198 -56.7304 38.5259
94.3489 5.8838 -37.515 -8.2695 -56.775 38.5124
94.3074 5.59981 -37.3225 -8.36714 -56.8195 38.4989
94.2653 5.31561 -37.1301 -8.46491 -56.8641 38.4852
94.2227 5.03117 -36.9377 -8.56281 -56.9086 38.4715
94.1796 4.74652 -36.7453 -8.66084 -56.9532 38.4577
94.1361 4.46164 -36.5531 -8.759 -56.9977 38.4438
94.0921 4.17654 -36.3609 -8.8573 -57.0423 38.4298
94.0475 3.89122 -36.1688 -8.95573 -57.0868 38.4157
94.0025 3.60567 -35.9767 -9.05429 -57.1313 38.4015
93.957 3.31991 -35.7848 -9.15299 -57.1759 38.3873
93.911 3.03392 -35.5929 -9.25183 -57.2204 38.3729
93.8645 2.7477 -35.401 -9.3508 -57.2649 38.3585
93.8175 2.46127 -35.2093 -9.44991 -57.3094 38.3439
93.77 2.17461 -35.0176 -9.54917 -57.3539 38.3293
93.722 1.88773 -34.826 -9.64856 -57.3984 38.3146
93.6735 1.60062 -34.6345 -9.74809 -57.4429 38.2998
93.6245 1.3133 -34.443 -9.84777 -57.4873 38.2849
93.575 1.02575 -34.2516 -9.94759 -57.5318 38.2699
93.525 0.73798 -34.0603 -10.0476 -57.5763 38.2548
93.4745 0.449987 -33.8691 -10.1477 -57.6207 38.2396
93.4235 0.161773 -33.6779 -10.2479 -57.6651 38.2243
93.372 -0.126664 -33.4868 -10.3483 -57.7095 38.2089
93.3201 -0.415323 -33.2958 -10.4489 -57.7539 38.1934
93.2676 -0.704204 -33.1049 -10.5496 -57.7983 38.1779
93.2146 -0.993306 -32.914 -10.6504 -57.8427 38.1622
93.1611 -1.28263 -32.7233 -10.7514 -57.8871 38.1464
93.107 -1.57218 -32.5326 -10.8526 -57.9314 38.1306
93.0525 -1.86194 -32.342 -10.9539 -57.9757 38.1146
92.9975 -2.15193 -32.1514 -11.0553 -58.02 38.0986
92.942 -2.44215 -31.961 -11.157 -58.0643 38.0824
92.8859 -2.73258 -31.7706 -11.2587 -58.1086 38.0661
92.8294 -3.02323 -31.5803 -11.3606 -58.1528 38.0498
92.7723 -3.31411 -31.3901 -11.4627 -58.1971 38.0333
92.7148 -3.6052 -31.2 -11.565 -58.2413 38.0168
92.6567 -3.89652 -31.0099 -11.6674 -58.2855 38.0001
92.5981 -4.18806 -30.82 -11.7699 -58.3296 37.9833
92.539 -4.47982 -30.6301 -11.8726 -58.3738 37.9665
92.4794 -4.77179 -30.4403 -11.9755 -58.4179 37.9495
92.4192 -5.06399 -30.2506 -12.0785 -58.462 37.9324
92.3586 -5.35641 -30.061 -12.1817 -58.506 37.9152
92.2974 -5.64905 -29.8715 -12.2851 -58.5501 37.8979
92.2357 -5.94192 -29.682 -12.3886 -58.5941 37.8805
92.1735 -6.235 -29.4927 -12.4923 -58.6381 37.863
92.1108 -6.5283 -29.3034 -12.5962 -58.6821 37.8454
92.0476 -6.82182 -29.1142 -12.7002 -58.726 37.8277
91.9838 -7.11556 -28.9251 -12.8044 -58.7699 37.8099
91.9195 -7.40952 -28.7361 -12.9088 -58.8138 37.792
91.8547 -7.70369 -28.5472 -13.0133 -58.8577 37.7739
91.7894 -7.99809 -28.3584 -13.118 -58.9015 37.7558
91.7235 -8.29271 -28.1696 -13.2229 -58.9453 37.7375
91.6572 -8.58755 -27.981 -13.3279 -58.989 37.7191
91.5903 -8.8826 -27.7924 -13.4332 -59.0328 37.7006
91.5228 -9.17787 -27.604 -13.5385 -59.0764 37.682
91.4549 -9.47336 -27.4156 -13.6441 -59.1201 37.6633
91.3864 -9.76907 -27.2273 -13.7499 -59.1637 37.6445
91.3174 -10.065 -27.0392 -13.8558 -59.2073 37.6256
91.2478 -10.3611 -26.8511 -13.9619 -59.2509 37.6065
91.1777 -10.6575 -26.6631 -14.0681 -59.2944 37.5874
91.1071 -10.9541 -26.4752 -14.1746 -59.3379 37.5681
91.036 -11.2509 -26.2874 -14.2812 -59.3814 37.5487
90.9643 -11.5479 -26.0997 -14.388 -59.4248 37.5292
90.8921 -11.8451 -25.9121 -14.495 -59.4681 37.5096
90.8194 -12.1426 -25.7246 -14.6022 -59.5115 37.4898
90.7461 -12.4403 -25.5372 -14.7095 -59.5548 37.47
90.6723 -12.7381 -25.3499 -14.817 -59.598 37.45
90.5979 -13.0362 -25.1627 -14.9248 -59.6412 37.4299
90.523 -13.3345 -24.9756 -15.0326 -59.6844 37.4097
90.4476 -13.6331 -24.7886 -15.1407 -59.7276 37.3893
90.3716 -13.9318 -24.6017 -15.249 -59.7706 37.3689
90.2951 -14.2308 -24.4149 -15.3575 -59.8137 37.3483
90.2181 -14.53 -24.2283 -15.4661 -59.8567 37.3276
90.1405 -14.8294 -24.0417 -15.5749 -59.8997 37.3068
90.0623 -15.129 -23.8552 -15.6839 -59.9426 37.2858
89.9836 -15.4288 -23.6688 -15.7932 -59.9854 37.2647
89.9044 -15.7288 -23.4825 -15.9025 -60.0283 37.2435
89.8246 -16.0291 -23.2964 -16.0121 -60.071 37.2222
89.7443 -16.3295 -23.1103 -16.1219 -60.1138 37.2008
89.6634 -16.6302 -22.9244 -16.2319 -60.1564 37.1792
89.5819 -16.9311 -22.7385 -16.3421 -60.1991 37.1575
89.4999 -17.2322 -22.5528 -16.4524 -60.2417 37.1357
89.4174 -17.5335 -22.3672 -16.563 -60.2842 37.1137
89.3343 -17.835 -22.1817 -16.6737 -60.3267 37.0916
89.2507 -18.1368 -21.9963 -16.7847 -60.3691 37.0694
89.1665 -18.4387 -21.811 -16.8958 -60.4115 37.0471
89.0817 -18.7409 -21.6258 -17.0071 -60.4538 37.0246
88.9964 -19.0433 -21.4407 -17.1187 -60.4961 37.002
88.9105 -19.3458 -21.2558 -17.2304 -60.5383 36.9793
88.8241 -19.6486 -21.0709 -17.3424 -60.5804 36.9564
88.7371 -19.9516 -20.8862 -17.4545 -60.6225 36.9334
88.6496 -20.2549 -20.7016 -17.5668 -60.6646 36.9103
88.5614 -20.5583 -20.5171 -17.6794 -60.7066 36.887
88.4728 -20.8619 -20.3327 -17.7921 -60.7485 36.8636
88.3835 -21.1658 -20.1485 -17.9051 -60.7904 36.84
88.2937 -21.4698 -19.9643 -18.0182 -60.8322 36.8164
88.2033 -21.7741 -19.7803 -18.1316 -60.874 36.7925
88.1124 -22.0786 -19.5964 -18.2451 -60.9157 36.7686
88.0209 -22.3833 -19.4126 -18.3589 -60.9573 36.7445
87.9288 -22.6881 -19.2289 -18.4729 -60.9989 36.7203
87.8362 -22.9932 -19.0454 -18.587 -61.0404 36.6959
87.7429 -23.2986 -18.862 -18.7014 -61.0818 36.6714
87.6491 -23.6041 -18.6787 -18.816 -61.1232 36.6468
87.5548 -23.9098 -18.4955 -18.9308 -61.1645 36.622
87.4598 -24.2157 -18.3125 -19.0458 -61.2058 36.597
87.3643 -24.5218 -18.1295 -19.1611 -61.247 36.572
87.2682 -24.8282 -17.9468 -19.2765 -61.2881 36.5467
87.1715 -25.1347 -17.7641 -19.3922 -61.3292 36.5214
87.0743 -25.4415 -17.5815 -19.508 -61.3701 36.4959
86.9765 -25.7484 -17.3991 -19.6241 -61.4111 36.4702
86.8781 -26.0556 -17.2168 -19.7404 -61.4519 36.4444
86.7791 -26.3629 -17.0347 -19.8569 -61.4927 36.4185
86.6795 -26.6705 -16.8527 -19.9737 -61.5334 36.3924
86.5793 -26.9783 -16.6708 -20.0906 -61.574 36.3661
86.4786 -27.2863 -16.489 -20.2078 -61.6146 36.3398
86.3772 -27.5944 -16.3074 -20.3251 -61.6551 36.3132
86.2753 -27.9028 -16.1259 -20.4427 -61.6955 36.2865
86.1728 -28.2114 -15.9445 -20.5606 -61.7358 36.2597
86.0697 -28.5202 -15.7633 -20.6786 -61.7761 36.2327
85.966 -28.8291 -15.5822 -20.7969 -61.8163 36.2055
85.8618 -29.1383 -15.4012 -20.9154 -61.8564 36.1782
85.7569 -29.4477 -15.2204 -21.0341 -61.8964 36.1508
85.6514 -29.7573 -15.0397 -21.153 -61.9364 36.1232
85.5454 -30.0671 -14.8592 -21.2721 -61.9763 36.0954
85.4387 -30.377 -14.6787 -21.3915 -62.016 36.0675
85.3314 -30.6872 -14.4985 -21.5111 -62.0558 36.0394
85.2236 -30.9976 -14.3183 -21.631 -62.0954 36.0112
85.1151 -31.3082 -14.1384 -21.751 -62.1349 35.9828
85.0061 -31.619 -13.9585 -21.8713 -62.1744 35.9543
84.8964 -31.9299 -13.7788 -21.9918 -62.2138 35.9256
84.7862 -32.2411 -13.5993 -22.1126 -62.2531 35.8967
84.6753 -32.5525 -13.4199 -22.2335 -62.2923 35.8677
84.5638 -32.864 -13.2406 -22.3547 -62.3314 35.8385
84.4517 -33.1758 -13.0615 -22.4762 -62.3705 35.8091
84.3391 -33.4877 -12.8825 -22.5978 -62.4094 35.7796
84.2258 -33.7999 -12.7037 -22.7197 -62.4483 35.7499
84.1119 -34.1122 -12.525 -22.8419 -62.487 35.7201
83.9973 -34.4247 -12.3465 -22.9642 -62.5257 35.69
83.8822 -34.7375 -12.1681 -23.0868 -62.5643 35.6599
83.7665 -35.0504 -11.9899 -23.2097 -62.6028 35.6295
83.6501 -35.3635 -11.8118 -23.3327 -62.6412 35.599
83.5331 -35.6768 -11.6339 -23.456 -62.6795 35.5683
83.4156 -35.9903 -11.4561 -23.5796 -62.7177 35.5375
83.2974 -36.304 -11.2785 -23.7034 -62.7558 35.5064
83.1785 -36.6178 -11.1011 -23.8274 -62.7938 35.4752
83.0591 -36.9319 -10.9238 -23.9516 -62.8318 35.4439
82.939 -37.2462 -10.7466 -24.0761 -62.8696 35.4123
82.8183 -37.5606 -10.5696 -24.2009 -62.9073 35.3806
82.697 -37.8752 -10.3928 -24.3259 -62.9449 35.3487
82.5751 -38.1901 -10.2161 -24.4511 -62.9824 35.3166
82.4525 -38.5051 -10.0396 -24.5766 -63.0198 35.2844
82.3293 -38.8203 -9.8633 -24.7023 -63.0572 35.252
82.2055 -39.1356 -9.68712 -24.8282 -63.0944 35.2194
82.081 -39.4512 -9.51111 -24.9544 -63.1315 35.1866
81.9559 -39.7669 -9.33526 -25.0809 -63.1685 35.1537
81.8302 -40.0829 -9.15957 -25.2076 -63.2054 35.1205
81.7038 -40.399 -8.98405 -25.3345 -63.2421 35.0872
81.5769 -40.7153 -8.8087 -25.4617 -63.2788 35.0537
81.4492 -41.0318 -8.63352 -25.5892 -63.3154 35.02
81.321 -41.3485 -8.4585 -25.7168 -63.3518 34.9862
81.1921 -41.6653 -8.28365 -25.8448 -63.3882 34.9521
81.0625 -41.9823 -8.10898 -25.973 -63.4244 34.9179
80.9323 -42.2995 -7.93448 -26.1014 -63.4605 34.8835
80.8015 -42.6169 -7.76014 -26.2301 -63.4965 34.8488
80.67 -42.9345 -7.58599 -26.359 -63.5324 34.814
80.5379 -43.2523 -7.412 -26.4882 -63.5682 34.7791
80.4051 -43.5702 -7.2382 -26.6177 -63.6038 34.7439
80.2717 -43.8883 -7.06456 -26.7474 -63.6393 34.7085
80.1377 -44.2066 -6.89111 -26.8774 -63.6748 34.673
80.003 -44.5251 -6.71784 -27.0076 -63.71 34.6372
79.8676 -44.8437 -6.54474 -27.138 -63.7452 34.6013
79.7316 -45.1625 -6.37182 -27.2688 -63.7803 34.5651
79.5949 -45.4815 -6.19909 -27.3998 -63.8152 34.5288
79.4576 -45.8007 -6.02653 -27.531 -63.85 34.4923
79.3196 -46.12 -5.85416 -27.6625 -63.8846 34.4555
79.181 -46.4395 -5.68198 -27.7943 -63.9192 34.4186
79.0417 -46.7592 -5.50998 -27.9263 -63.9536 34.3815
78.9017 -47.079 -5.33816 -28.0586 -63.9879 34.3442
78.7611 -47.3991 -5.16654 -28.1912 -64.022 34.3066
78.6198 -47.7193 -4.9951 -28.324 -64.0561 34.2689
78.4778 -48.0396 -4.82385 -28.4571 -64.09 34.231
78.3352 -48.3602 -4.65279 -28.5904 -64.1237 34.1929
78.1919 -48.6809 -4.48192 -28.724 -64.1573 34.1545
78.048 -49.0017 -4.31124 -28.8579 -64.1908 34.116
77.9033 -49.3228 -4.14076 -28.992 -64.2242 34.0772
77.7581 -49.644 -3.97047 -29.1264 -64.2574 34.0383
77.6121 -49.9653 -3.80038 -29.2611 -64.2904 33.9991
77.4654 -50.2869 -3.63048 -29.3961 -64.3234 33.9597
77.3181 -50.6086 -3.46078 -29.5313 -64.3562 33.9201
77.1701 -50.9304 -3.29128 -29.6668 -64.3888 33.8804
77.0215 -51.2525 -3.12198 -29.8025 -64.4213 33.8403
76.8721 -51.5747 -2.95287 -29.9385 -64.4537 33.8001
76.7221 -51.897 -2.78397 -30.0748 -64.4859 33.7597
76.5714 -52.2195 -2.61528 -30.2114 -64.5179 33.719
76.42 -52.5422 -2.44678 -30.3482 -64.5498 33.6782
76.2679 -52.865 -2.2785 -30.4854 -64.5816 33.6371
76.1151 -53.188 -2.11041 -30.6227 -64.6132 33.5958
75.9616 -53.5111 -1.94254 -30.7604 -64.6447 33.5543
75.8075 -53.8344 -1.77487 -30.8984 -64.676 33.5125
75.6527 -54.1579 -1.60741 -31.0366 -64.7071 33.4705
75.4971 -54.4815 -1.44016 -31.1751 -64.7381 33.4284
75.3409 -54.8053 -1.27313 -31.3138 -64.769 33.386
75.184 -55.1292 -1.10631 -31.4529 -64.7996 33.3433
75.0264 -55.4533 -0.939695 -31.5922 -64.8302 33.3005
74.8681 -55.7775 -0.773301 -31.7318 -64.8605 33.2574
74.7091 -56.1019 -0.607122 -31.8717 -64.8907 33.2141
74.5494 -56.4264 -0.44116 -32.0119 -64.9207 33.1705
74.3889 -56.7511 -0.275417 -32.1523 -64.9506 33.1267
74.2278 -57.0759 -0.109893 -32.2931 -64.9803 33.0827
74.066 -57.4009 0.0554108 -32.4341 -65.0098 33.0385
73.9035 -57.726 0.220492 -32.5754 -65.0392 32.994
73.7403 -58.0513 0.385351 -32.717 -65.0684 32.9493
73.5763 -58.3767 0.549986 -32.8588 -65.0974 32.9044
73.4117 -58.7023 0.714395 -33.001 -65.1262 32.8592
73.2463 -59.028 0.878578 -33.1434 -65.1549 32.8138
73.0802 -59.3538 1.04253 -33.2861 -65.1834 32.7681
72.9134 -59.6798 1.20626 -33.4292 -65.2117 32.7222
72.7459 -60.0059 1.36976 -33.5725 -65.2398 32.6761
72.5777 -60.3322 1.53302 -33.716 -65.2678 32.6297
72.4088 -60.6586 1.69605 -33.8599 -65.2956 32.5831
72.2391 -60.9852 1.85885 -34.0041 -65.3231 32.5363
72.0687 -61.3118 2.02142 -34.1486 -65.3505 32.4891
71.8976 -61.6387 2.18374 -34.2933 -65.3778 32.4418
71.7258 -61.9656 2.34583 -34.4383 -65.4048 32.3942
71.5533 -62.2927 2.50768 -34.5837 -65.4316 32.3463
71.38 -62.6199 2.6693 -34.7293 -65.4583 32.2982
71.206 -62.9473 2.83067 -34.8752 -65.4847 32.2499
71.0312 -63.2748 2.9918 -35.0214 -65.511 32.2013
70.8557 -63.6024 3.15268 -35.168 -65.5371 32.1524
70.6795 -63.9301 3.31332 -35.3148 -65.5629 32.1033
70.5026 -64.258 3.47371 -35.4619 -65.5886 32.0539
70.3249 -64.586 3.63386 -35.6093 -65.6141 32.0043
70.1465 -64.9142 3.79376 -35.757 -65.6394 31.9544
69.9674 -65.2424 3.9534 -35.9049 -65.6644 31.9043
69.7875 -65.5708 4.1128 -36.0532 -65.6893 31.8539
69.6068 -65.8993 4.27194 -36.2018 -65.7139 31.8032
69.4254 -66.228 4.43083 -36.3507 -65.7384 31.7523
69.2433 -66.5567 4.58946 -36.4999 -65.7626 31.7011
69.0604 -66.8856 4.74784 -36.6494 -65.7867 31.6496
68.8768 -67.2146 4.90596 -36.7992 -65.8105 31.5979
68.6924 -67.5437 5.06382 -36.9493 -65.8341 31.5459
68.5073 -67.8729 5.22142 -37.0997 -65.8575 31.4936
68.3214 -68.2023 5.37876 -37.2504 -65.8806 31.4411
68.1348 -68.5317 5.53583 -37.4014 -65.9036 31.3883
67.9474 -68.8613 5.69264 -37.5527 -65.9263 31.3352
67.7593 -69.191 5.84918 -37.7043 -65.9488 31.2818
67.5704 -69.5208 6.00546 -37.8562 -65.9711 31.2282
67.3807 -69.8507 6.16146 -38.0084 -65.9931 31.1743
67.1903 -70.1807 6.3172 -38.161 -66.0149 31.1201
66.9991 -70.5108 6.47266 -38.3138 -66.0365 31.0656
66.8072 -70.8411 6.62786 -38.4669 -66.0579 31.0109
66.6145 -71.1714 6.78277 -38.6204 -66.079 30.9558
66.421 -71.5019 6.93741 -38.7741 -66.0999 30.9005
66.2267 -71.8324 7.09178 -38.9282 -66.1206 30.8449
66.0317 -72.1631 7.24586 -39.0826 -66.141 30.789
65.8359 -72.4938 7.39967 -39.2373 -66.1612 30.7328
65.6393 -72.8247 7.55319 -39.3923 -66.1811 30.6764
65.442 -73.1556 7.70643 -39.5476 -66.2008 30.6196
65.2438 -73.4867 7.85939 -39.7032 -66.2202 30.5626
65.0449 -73.8178 8.01206 -39.8591 -66.2394 30.5052
64.8452 -74.1491 8.16444 -40.0154 -66.2584 30.4476
64.6448 -74.4804 8.31653 -40.1719 -66.2771 30.3896
64.4435 -74.8119 8.46834 -40.3288 -66.2955 30.3314
64.2415 -75.1434 8.61985 -40.486 -66.3137 30.2729
64.0387 -75.475 8.77107 -40.6435 -66.3316 30.214
63.8351 -75.8067 8.92199 -40.8013 -66.3493 30.1549
63.6307 -76.1385 9.07261 -40.9594 -66.3667 30.0955
63.4255 -76.4704 9.22294 -41.1179 -66.3838 30.0357
63.2195 -76.8023 9.37297 -41.2766 -66.4007 29.9757
63.0127 -77.1344 9.5227 -41.4357 -66.4173 29.9153
62.8051 -77.4665 9.67213 -41.5951 -66.4336 29.8547
62.5967 -77.7987 9.82125 -41.7548 -66.4497 29.7937
62.3876 -78.131 9.97006 -41.9149 -66.4655 29.7324
62.1776 -78.4634 10.1186 -42.0752 -66.481 29.6708
61.9668 -78.7958 10.2668 -42.2359 -66.4962 29.6089
61.7552 -79.1283 10.4147 -42.3969 -66.5112 29.5467
61.5428 -79.4609 10.5622 -42.5582 -66.5259 29.4841
61.3297 -79.7936 10.7095 -42.7198 -66.5402 29.4213
61.1156 -80.1263 10.8565 -42.8817 -66.5543 29.3581
60.9008 -80.4591 11.0031 -43.044 -66.5682 29.2946
60.6852 -80.792 11.1494 -43.2066 -66.5817 29.2308
60.4688 -81.1249 11.2954 -43.3695 -66.5949 29.1666
60.2515 -81.458 11.4411 -43.5328 -66.6078 29.1021
60.0334 -81.791 11.5864 -43.6963 -66.6205 29.0373
59.8145 -82.1242 11.7314 -43.8602 -66.6328 28.9722
59.5948 -82.4574 11.8761 -44.0244 -66.6448 28.9067
59.3743 -82.7906 12.0205 -44.1889 -66.6566 28.8409
59.1529 -83.1239 12.1645 -44.3538 -66.668 28.7748
58.9308 -83.4573 12.3083 -44.5189 -66.6791 28.7083
58.7078 -83.7907 12.4516 -44.6844 -66.6899 28.6415
58.4839 -84.1242 12.5947 -44.8503 -66.7004 28.5743
58.2593 -84.4577 12.7374 -45.0164 -66.7106 28.5068
58.0338 -84.7913 12.8797 -45.1829 -66.7204 28.439
57.8074 -85.1249 13.0218 -45.3497 -66.7299 28.3708
57.5803 -85.4586 13.1634 -45.5168 -66.7391 28.3023
57.3523 -85.7923 13.3048 -45.6842 -66.748 28.2334
57.1234 -86.1261 13.4458 -45.852 -66.7566 28.1642
56.8937 -86.4599 13.5864 -46.0201 -66.7648 28.0946
56.6632 -86.7937 13.7267 -46.1886 -66.7727 28.0247
