25 100 -200 0 0 49
24.9999 99.9999 -199.755 -0.0330161 -0.0599473 49.0313
24.9997 99.9994 -199.51 -0.0660666 -0.119949 49.0626
24.9993 99.9987 -199.264 -0.0991516 -0.180006 49.0939
24.9987 99.9976 -199.019 -0.132271 -0.240117 49.1252
24.9979 99.9962 -198.773 -0.165426 -0.300283 49.1564
24.997 99.9946 -198.527 -0.198615 -0.360505 49.1876
24.9959 99.9926 -198.281 -0.231839 -0.420782 49.2187
24.9947 99.9904 -198.035 -0.265098 -0.481114 49.2499
24.9933 99.9878 -197.789 -0.298392 -0.541502 49.281
24.9917 99.985 -197.542 -0.331722 -0.601946 49.3121
24.99 99.9818 -197.296 -0.365087 -0.662445 49.3431
24.9881 99.9784 -197.049 -0.398487 -0.723001 49.3742
24.986 99.9746 -196.802 -0.431923 -0.783613 49.4052
24.9838 99.9705 -196.555 -0.465395 -0.844282 49.4362
24.9813 99.9661 -196.307 -0.498903 -0.905007 49.4671
24.9788 99.9615 -196.06 -0.532446 -0.965789 49.498
24.976 99.9565 -195.812 -0.566026 -1.02663 49.5289
24.9731 99.9512 -195.565 -0.599641 -1.08752 49.5598
24.97 99.9456 -195.317 -0.633293 -1.14848 49.5906
24.9668 99.9397 -195.069 -0.666981 -1.20949 49.6215
24.9634 99.9335 -194.821 -0.700706 -1.27056 49.6522
24.9598 99.927 -194.572 -0.734468 -1.33168 49.683
24.956 99.9202 -194.324 -0.768266 -1.39286 49.7137
24.9521 99.9131 -194.075 -0.802101 -1.45411 49.7444
24.948 99.9057 -193.826 -0.835972 -1.51541 49.7751
24.9437 99.8979 -193.577 -0.869881 -1.57677 49.8058
24.9393 99.8899 -193.328 -0.903827 -1.63818 49.8364
24.9347 99.8815 -193.079 -0.937811 -1.69966 49.867
24.9299 99.8729 -192.83 -0.971831 -1.76119 49.8975
24.925 99.8639 -192.58 -1.00589 -1.82279 49.9281
24.9198 99.8547 -192.33 -1.03999 -1.88444 49.9586
24.9146 99.8451 -192.08 -1.07412 -1.94615 49.9891
24.9091 99.8352 -191.83 -1.10829 -2.00793 50.0195
24.9035 99.825 -191.58 -1.1425 -2.06976 50.05
24.8977 99.8145 -191.33 -1.17675 -2.13165 50.0804
24.8917 99.8037 -191.079 -1.21103 -2.1936 50.1108
24.8856 99.7926 -190.829 -1.24536 -2.25561 50.1411
24.8793 99.7811 -190.578 -1.27972 -2.31769 50.1714
24.8728 99.7694 -190.327 -1.31412 -2.37982 50.2017
24.8661 99.7573 -190.076 -1.34856 -2.44202 50.232
24.8593 99.745 -189.825 -1.38304 -2.50427 50.2622
24.8523 99.7323 -189.573 -1.41756 -2.56659 50.2924
24.8451 99.7193 -189.322 -1.45212 -2.62897 50.3226
24.8378 99.706 -189.07 -1.48671 -2.69141 50.3528
24.8302 99.6924 -188.818 -1.52135 -2.75391 50.3829
24.8226 99.6785 -188.566 -1.55602 -2.81647 50.413
24.8147 99.6642 -188.314 -1.59074 -2.8791 50.4431
24.8066 99.6497 -188.062 -1.62549 -2.94178 50.4731
24.7984 99.6348 -187.81 -1.66028 -3.00454 50.5031
24.79 99.6196 -187.557 -1.69512 -3.06735 50.5331
24.7815 99.6041 -187.304 -1.72999 -3.13022 50.5631
24.7727 99.5883 -187.051 -1.76491 -3.19316 50.593
24.7638 99.5722 -186.798 -1.79986 -3.25617 50.6229
24.7547 99.5558 -186.545 -1.83486 -3.31923 50.6528
24.7455 99.539 -186.292 -1.86989 -3.38236 50.6827
24.736 99.5219 -186.038 -1.90497 -3.44555 50.7125
24.7264 99.5046 -185.785 -1.94008 -3.50881 50.7423
24.7166 99.4869 -185.531 -1.97524 -3.57213 50.772
24.7067 99.4688 -185.277 -2.01044 -3.63552 50.8018
24.6965 99.4505 -185.023 -2.04568 -3.69897 50.8315
24.6862 99.4318 -184.769 -2.08096 -3.76249 50.8612
24.6757 99.4129 -184.514 -2.11629 -3.82607 50.8908
24.6651 99.3936 -184.26 -2.15165 -3.88971 50.9205
24.6542 99.374 -184.005 -2.18706 -3.95342 50.9501
24.6432 99.3541 -183.75 -2.22251 -4.0172 50.9796
24.632 99.3338 -183.495 -2.258 -4.08104 51.0092
24.6206 99.3132 -183.24 -2.29353 -4.14495 51.0387
24.6091 99.2924 -182.985 -2.32911 -4.20892 51.0682
24.5973 99.2712 -182.729 -2.36473 -4.27297 51.0976
24.5854 99.2496 -182.474 -2.40039 -4.33707 51.1271
24.5733 99.2278 -182.218 -2.43609 -4.40125 51.1565
24.561 99.2056 -181.962 -2.47183 -4.46549 51.1858
24.5486 99.1831 -181.706 -2.50762 -4.5298 51.2152
24.536 99.1603 -181.45 -2.54346 -4.59417 51.2445
24.5232 99.1372 -181.194 -2.57933 -4.65862 51.2738
24.5102 99.1137 -180.937 -2.61525 -4.72313 51.303
24.497 99.09 -180.681 -2.65121 -4.78771 51.3323
24.4837 99.0659 -180.424 -2.68722 -4.85236 51.3615
24.4701 99.0414 -180.167 -2.72327 -4.91707 51.3906
24.4564 99.0167 -179.91 -2.75936 -4.98186 51.4198
24.4425 98.9916 -179.653 -2.7955 -5.04671 51.4489
24.4285 98.9662 -179.396 -2.83168 -5.11163 51.478
24.4142 98.9405 -179.138 -2.86791 -5.17663 51.5071
24.3998 98.9144 -178.881 -2.90418 -5.24169 51.5361
24.3852 98.8881 -178.623 -2.9405 -5.30682 51.5651
24.3704 98.8614 -178.365 -2.97686 -5.37202 51.5941
24.3554 98.8344 -178.107 -3.01326 -5.43729 51.623
24.3403 98.807 -177.849 -3.04971 -5.50264 51.6519
24.3249 98.7793 -177.59 -3.08621 -5.56805 51.6808
24.3094 98.7513 -177.332 -3.12275 -5.63353 51.7097
24.2937 98.723 -177.073 -3.15934 -5.69909 51.7385
24.2778 98.6943 -176.815 -3.19597 -5.76471 51.7673
24.2617 98.6653 -176.556 -3.23265 -5.83041 51.7961
24.2455 98.636 -176.297 -3.26938 -5.89618 51.8248
24.229 98.6064 -176.037 -3.30615 -5.96202 51.8536
24.2124 98.5764 -175.778 -3.34297 -6.02793 51.8822
24.1956 98.5461 -175.519 -3.37983 -6.09392 51.9109
24.1786 98.5155 -175.259 -3.41674 -6.15998 51.9395
24.1614 98.4845 -174.999 -3.4537 -6.22611 51.9681
24.1441 98.4532 -174.739 -3.4907 -6.29232 51.9967
24.1265 98.4216 -174.479 -3.52775 -6.35859 52.0252
24.1088 98.3896 -174.219 -3.56485 -6.42495 52.0537
24.0909 98.3573 -173.959 -3.602 -6.49137 52.0822
24.0728 98.3247 -173.698 -3.63919 -6.55787 52.1107
24.0545 98.2918 -173.438 -3.67644 -6.62445 52.1391
24.036 98.2585 -173.177 -3.71372 -6.69109 52.1675
24.0174 98.2248 -172.916 -3.75106 -6.75782 52.1959
23.9985 98.1909 -172.655 -3.78845 -6.82462 52.2242
23.9795 98.1566 -172.394 -3.82588 -6.89149 52.2525
23.9603 98.122 -172.132 -3.86336 -6.95844 52.2808
23.9408 98.087 -171.871 -3.9009 -7.02546 52.309
23.9212 98.0517 -171.609 -3.93848 -7.09257 52.3372
23.9015 98.0161 -171.347 -3.97611 -7.15974 52.3654
23.8815 97.9801 -171.086 -4.01378 -7.227 52.3936
23.8613 97.9438 -170.823 -4.05151 -7.29433 52.4217
23.841 97.9072 -170.561 -4.08929 -7.36173 52.4498
23.8204 97.8702 -170.299 -4.12712 -7.42922 52.4779
23.7997 97.8329 -170.037 -4.16499 -7.49678 52.5059
23.7788 97.7952 -169.774 -4.20292 -7.56442 52.5339
23.7577 97.7572 -169.511 -4.2409 -7.63214 52.5619
23.7364 97.7189 -169.248 -4.27892 -7.69994 52.5899
23.7149 97.6802 -168.985 -4.317 -7.76781 52.6178
23.6932 97.6412 -168.722 -4.35513 -7.83577 52.6457
23.6713 97.6019 -168.459 -4.39331 -7.9038 52.6735
23.6493 97.5622 -168.195 -4.43154 -7.97191 52.7014
23.627 97.5222 -167.932 -4.46982 -8.0401 52.7292
23.6046 97.4818 -167.668 -4.50815 -8.10837 52.7569
23.5819 97.4411 -167.404 -4.54654 -8.17673 52.7847
23.5591 97.4 -167.14 -4.58497 -8.24516 52.8124
23.5361 97.3586 -166.876 -4.62346 -8.31367 52.84
23.5129 97.3169 -166.612 -4.662 -8.38226 52.8677
23.4895 97.2748 -166.347 -4.70059 -8.45094 52.8953
23.4659 97.2324 -166.083 -4.73924 -8.51969 52.9229
23.4421 97.1896 -165.818 -4.77793 -8.58853 52.9504
23.4181 97.1465 -165.553 -4.81668 -8.65745 52.978
23.3939 97.103 -165.288 -4.85549 -8.72646 53.0055
23.3695 97.0592 -165.023 -4.89434 -8.79554 53.0329
23.345 97.0151 -164.758 -4.93325 -8.86471 53.0604
23.3202 96.9706 -164.493 -4.97221 -8.93396 53.0878
23.2952 96.9257 -164.227 -5.01123 -9.00329 53.1151
23.2701 96.8806 -163.962 -5.0503 -9.07271 53.1425
23.2447 96.835 -163.696 -5.08942 -9.14221 53.1698
23.2192 96.7891 -163.43 -5.1286 -9.2118 53.197
23.1934 96.7429 -163.164 -5.16783 -9.28147 53.2243
23.1675 96.6963 -162.898 -5.20712 -9.35122 53.2515
23.1414 96.6494 -162.631 -5.24646 -9.42106 53.2787
23.115 96.6021 -162.365 -5.28585 -9.49099 53.3058
23.0885 96.5545 -162.098 -5.32531 -9.561 53.333
23.0618 96.5065 -161.832 -5.36481 -9.6311 53.36
23.0349 96.4582 -161.565 -5.40437 -9.70128 53.3871
23.0077 96.4095 -161.298 -5.44399 -9.77155 53.4141
22.9804 96.3604 -161.031 -5.48366 -9.84191 53.4411
22.9529 96.3111 -160.763 -5.52339 -9.91235 53.4681
22.9252 96.2613 -160.496 -5.56318 -9.98288 53.495
22.8973 96.2112 -160.228 -5.60302 -10.0535 53.5219
22.8692 96.1608 -159.961 -5.64292 -10.1242 53.5488
22.8408 96.11 -159.693 -5.68287 -10.195 53.5756
22.8123 96.0588 -159.425 -5.72288 -10.2659 53.6024
22.7836 96.0073 -159.157 -5.76295 -10.3369 53.6292
22.7547 95.9555 -158.889 -5.80308 -10.4079 53.6559
22.7256 95.9033 -158.62 -5.84326 -10.4791 53.6826
22.6963 95.8507 -158.352 -5.8835 -10.5503 53.7093
22.6668 95.7978 -158.083 -5.9238 -10.6217 53.7359
22.637 95.7445 -157.814 -5.96416 -10.6931 53.7625
22.6071 95.6908 -157.546 -6.00457 -10.7646 53.7891
22.577 95.6368 -157.277 -6.04505 -10.8362 53.8156
22.5467 95.5825 -157.007 -6.08558 -10.9079 53.8422
22.5161 95.5277 -156.738 -6.12617 -10.9797 53.8686
22.4854 95.4727 -156.469 -6.16682 -11.0516 53.8951
22.4545 95.4172 -156.199 -6.20753 -11.1235 53.9215
22.4233 95.3614 -155.929 -6.2483 -11.1956 53.9479
22.392 95.3053 -155.66 -6.28913 -11.2678 53.9742
22.3604 95.2487 -155.39 -6.33001 -11.34 54.0005
22.3287 95.1919 -155.12 -6.37096 -11.4123 54.0268
22.2967 95.1346 -154.849 -6.41197 -11.4848 54.053
22.2646 95.077 -154.579 -6.45304 -11.5573 54.0793
22.2322 95.0191 -154.309 -6.49417 -11.63 54.1054
22.1996 94.9607 -154.038 -6.53535 -11.7027 54.1316
22.1668 94.902 -153.767 -6.57661 -11.7755 54.1577
22.1339 94.843 -153.496 -6.61792 -11.8484 54.1838
22.1007 94.7835 -153.226 -6.65929 -11.9214 54.2098
22.0673 94.7238 -152.954 -6.70072 -11.9945 54.2358
22.0337 94.6636 -152.683 -6.74222 -12.0677 54.2618
21.9998 94.6031 -152.412 -6.78378 -12.141 54.2878
21.9658 94.5422 -152.14 -6.8254 -12.2144 54.3137
21.9316 94.4809 -151.869 -6.86708 -12.2879 54.3395
21.8971 94.4193 -151.597 -6.90883 -12.3615 54.3654
21.8625 94.3573 -151.325 -6.95063 -12.4352 54.3912
21.8276 94.295 -151.053 -6.9925 -12.509 54.417
21.7926 94.2322 -150.781 -7.03444 -12.5829 54.4427
21.7573 94.1691 -150.509 -7.07644 -12.6569 54.4684
21.7218 94.1057 -150.236 -7.1185 -12.731 54.4941
21.6861 94.0418 -149.964 -7.16062 -12.8052 54.5197
21.6502 93.9776 -149.691 -7.20281 -12.8795 54.5453
21.6141 93.913 -149.418 -7.24506 -12.9538 54.5709
21.5778 93.8481 -149.145 -7.28738 -13.0283 54.5964
21.5412 93.7827 -148.872 -7.32976 -13.1029 54.6219
21.5045 93.717 -148.599 -7.37221 -13.1776 54.6473
21.4675 93.651 -148.326 -7.41472 -13.2524 54.6728
21.4303 93.5845 -148.052 -7.45729 -13.3273 54.6982
21.3929 93.5177 -147.779 -7.49994 -13.4023 54.7235
21.3553 93.4505 -147.505 -7.54264 -13.4774 54.7488
21.3175 93.3829 -147.231 -7.58542 -13.5527 54.7741
21.2795 93.315 -146.957 -7.62826 -13.628 54.7994
21.2412 93.2466 -146.683 -7.67116 -13.7034 54.8246
21.2027 93.1779 -146.409 -7.71413 -13.7789 54.8498
21.1641 93.1088 -146.135 -7.75717 -13.8546 54.8749
21.1252 93.0394 -145.86 -7.80028 -13.9303 54.9
21.0861 92.9695 -145.586 -7.84345 -14.0061 54.9251
21.0467 92.8993 -145.311 -7.88669 -14.0821 54.9501
21.0072 92.8287 -145.036 -7.93 -14.1581 54.9751
20.9674 92.7577 -144.761 -7.97337 -14.2343 55.0001
20.9275 92.6864 -144.486 -8.01681 -14.3106 55.025
20.8873 92.6146 -144.211 -8.06032 -14.387 55.0499
20.8469 92.5425 -143.936 -8.1039 -14.4635 55.0747
20.8062 92.47 -143.66 -8.14755 -14.5401 55.0995
20.7654 92.3971 -143.385 -8.19126 -14.6168 55.1243
20.7243 92.3238 -143.109 -8.23505 -14.6936 55.1491
20.683 92.2502 -142.833 -8.2789 -14.7705 55.1738
20.6415 92.1761 -142.557 -8.32283 -14.8475 55.1984
20.5998 92.1017 -142.281 -8.36682 -14.9247 55.2231
20.5579 92.0269 -142.005 -8.41088 -15.002 55.2477
20.5157 91.9517 -141.729 -8.45502 -15.0793 55.2722
20.4733 91.8761 -141.452 -8.49922 -15.1568 55.2967
20.4307 91.8001 -141.176 -8.54349 -15.2344 55.3212
20.3879 91.7237 -140.899 -8.58784 -15.3121 55.3457
20.3448 91.647 -140.622 -8.63225 -15.3899 55.3701
20.3016 91.5698 -140.345 -8.67674 -15.4679 55.3944
20.2581 91.4923 -140.068 -8.7213 -15.5459 55.4188
20.2143 91.4144 -139.791 -8.76592 -15.6241 55.4431
20.1704 91.3361 -139.514 -8.81062 -15.7024 55.4673
20.1262 91.2574 -139.237 -8.8554 -15.7808 55.4915
20.0818 91.1783 -138.959 -8.90024 -15.8593 55.5157
20.0372 91.0988 -138.681 -8.94516 -15.9379 55.5399
19.9924 91.0189 -138.404 -8.99015 -16.0167 55.564
19.9473 90.9386 -138.126 -9.03521 -16.0955 55.588
19.902 90.8579 -137.848 -9.08035 -16.1745 55.6121
19.8565 90.7769 -137.57 -9.12556 -16.2536 55.6361
19.8108 90.6954 -137.291 -9.17084 -16.3328 55.66
19.7648 90.6135 -137.013 -9.21619 -16.4122 55.6839
19.7186 90.5313 -136.735 -9.26162 -16.4916 55.7078
19.6722 90.4486 -136.456 -9.30713 -16.5712 55.7316
19.6256 90.3656 -136.177 -9.35271 -16.6509 55.7554
19.5787 90.2821 -135.898 -9.39836 -16.7308 55.7792
19.5316 90.1982 -135.619 -9.44409 -16.8107 55.8029
19.4842 90.114 -135.34 -9.48989 -16.8908 55.8266
19.4367 90.0293 -135.061 -9.53577 -16.9709 55.8502
19.3889 89.9443 -134.782 -9.58173 -17.0513 55.8738
19.3409 89.8588 -134.502 -9.62776 -17.1317 55.8974
19.2926 89.773 -134.223 -9.67386 -17.2123 55.9209
19.2441 89.6867 -133.943 -9.72004 -17.2929 55.9444
19.1954 89.6 -133.663 -9.7663 -17.3737 55.9679
19.1464 89.513 -133.384 -9.81264 -17.4547 55.9913
19.0973 89.4255 -133.104 -9.85905 -17.5357 56.0147
19.0479 89.3376 -132.823 -9.90554 -17.6169 56.038
18.9982 89.2493 -132.543 -9.95211 -17.6982 56.0613
18.9483 89.1606 -132.263 -9.99875 -17.7797 56.0845
18.8982 89.0715 -131.982 -10.0455 -17.8613 56.1077
18.8479 88.982 -131.702 -10.0923 -17.943 56.1309
18.7973 88.8921 -131.421 -10.1392 -18.0248 56.154
18.7465 88.8018 -131.14 -10.1861 -18.1067 56.1771
18.6954 88.711 -130.859 -10.2332 -18.1888 56.2002
18.6442 88.6199 -130.578 -10.2803 -18.271 56.2232
18.5926 88.5283 -130.297 -10.3275 -18.3534 56.2462
18.5409 88.4363 -130.016 -10.3747 -18.4359 56.2691
18.4889 88.344 -129.734 -10.4221 -18.5185 56.292
18.4367 88.2512 -129.453 -10.4695 -18.6012 56.3149
18.3842 88.1579 -129.171 -10.5171 -18.6841 56.3377
18.3315 88.0643 -128.889 -10.5647 -18.7671 56.3605
18.2786 87.9703 -128.608 -10.6123 -18.8503 56.3832
18.2254 87.8758 -128.326 -10.6601 -18.9336 56.4059
18.172 87.7809 -128.044 -10.7079 -19.017 56.4285
18.1183 87.6856 -127.761 -10.7559 -19.1006 56.4512
18.0644 87.5899 -127.479 -10.8039 -19.1843 56.4737
18.0103 87.4938 -127.197 -10.852 -19.2681 56.4963
17.9559 87.3973 -126.914 -10.9001 -19.3521 56.5188
17.9013 87.3003 -126.631 -10.9484 -19.4362 56.5412
17.8464 87.2029 -126.349 -10.9967 -19.5205 56.5636
17.7913 87.1051 -126.066 -11.0451 -19.6048 56.586
17.7359 87.0068 -125.783 -11.0936 -19.6894 56.6084
17.6803 86.9082 -125.5 -11.1422 -19.7741 56.6306
17.6245 86.8091 -125.216 -11.1909 -19.8589 56.6529
17.5684 86.7096 -124.933 -11.2397 -19.9439 56.6751
17.5121 86.6097 -124.65 -11.2885 -20.029 56.6973
17.4556 86.5093 -124.366 -11.3375 -20.1142 56.7194
17.3987 86.4085 -124.083 -11.3865 -20.1996 56.7415
17.3417 86.3073 -123.799 -11.4356 -20.2852 56.7636
17.2844 86.2057 -123.515 -11.4848 -20.3709 56.7856
17.2268 86.1036 -123.231 -11.534 -20.4567 56.8075
17.169 86.0011 -122.947 -11.5834 -20.5427 56.8295
17.111 85.8982 -122.663 -11.6329 -20.6289 56.8514
17.0527 85.7948 -122.378 -11.6824 -20.7152 56.8732
16.9942 85.691 -122.094 -11.732 -20.8016 56.895
16.9354 85.5868 -121.809 -11.7818 -20.8882 56.9168
16.8764 85.4821 -121.525 -11.8316 -20.975 56.9385
16.8171 85.377 -121.24 -11.8815 -21.0619 56.9602
16.7576 85.2715 -120.955 -11.9314 -21.1489 56.9818
16.6978 85.1656 -120.67 -11.9815 -21.2361 57.0034
16.6377 85.0592 -120.385 -12.0317 -21.3235 57.025
16.5775 84.9523 -120.1 -12.082 -21.411 57.0465
16.5169 84.845 -119.815 -12.1323 -21.4987 57.068
16.4561 84.7373 -119.529 -12.1828 -21.5866 57.0894
16.3951 84.6292 -119.244 -12.2333 -21.6746 57.1108
16.3338 84.5206 -118.958 -12.2839 -21.7628 57.1321
16.2722 84.4116 -118.672 -12.3346 -21.8511 57.1535
16.2104 84.3021 -118.387 -12.3855 -21.9396 57.1747
16.1484 84.1922 -118.101 -12.4364 -22.0283 57.1959
16.0861 84.0818 -117.815 -12.4874 -22.1171 57.2171
16.0235 83.971 -117.528 -12.5385 -22.2061 57.2382
15.9607 83.8597 -117.242 -12.5896 -22.2953 57.2593
15.8976 83.748 -116.956 -12.6409 -22.3846 57.2804
15.8343 83.6359 -116.669 -12.6923 -22.4741 57.3014
15.7707 83.5233 -116.383 -12.7438 -22.5638 57.3223
15.7069 83.4103 -116.096 -12.7954 -22.6536 57.3432
15.6427 83.2968 -115.809 -12.847 -22.7437 57.3641
15.5784 83.1828 -115.523 -12.8988 -22.8338 57.3849
15.5138 83.0684 -115.236 -12.9506 -22.9242 57.4057
15.4489 82.9536 -114.949 -13.0026 -23.0148 57.4264
15.3837 82.8383 -114.661 -13.0546 -23.1055 57.447
15.3183 82.7225 -114.374 -13.1068 -23.1964 57.4677
15.2527 82.6063 -114.087 -13.159 -23.2874 57.4883
15.1867 82.4896 -113.799 -13.2113 -23.3787 57.5088
15.1206 82.3725 -113.512 -13.2638 -23.4701 57.5293
15.0541 82.2549 -113.224 -13.3163 -23.5618 57.5497
14.9874 82.1369 -112.936 -13.3689 -23.6536 57.5701
14.9204 82.0184 -112.648 -13.4216 -23.7456 57.5904
14.8532 81.8994 -112.36 -13.4744 -23.8377 57.6107
14.7857 81.78 -112.072 -13.5274 -23.9301 57.631
14.7179 81.6601 -111.784 -13.5804 -24.0226 57.6511
14.6499 81.5398 -111.496 -13.6335 -24.1154 57.6713
14.5816 81.419 -111.207 -13.6867 -24.2083 57.6914
14.513 81.2977 -110.919 -13.74 -24.3014 57.7114
14.4442 81.176 -110.63 -13.7933 -24.3947 57.7314
14.3751 81.0538 -110.341 -13.8468 -24.4882 57.7513
14.3057 80.9311 -110.053 -13.9004 -24.5819 57.7712
14.2361 80.808 -109.764 -13.9541 -24.6758 57.791
14.1662 80.6843 -109.475 -14.0079 -24.7699 57.8108
14.096 80.5603 -109.186 -14.0617 -24.8642 57.8305
14.0255 80.4357 -108.896 -14.1157 -24.9587 57.8502
13.9548 80.3107 -108.607 -14.1697 -25.0534 57.8698
13.8838 80.1852 -108.318 -14.2239 -25.1483 57.8893
13.8126 80.0592 -108.028 -14.2781 -25.2434 57.9088
13.7411 79.9327 -107.739 -14.3325 -25.3387 57.9283
13.6693 79.8058 -107.449 -14.3869 -25.4342 57.9477
13.5972 79.6784 -107.159 -14.4414 -25.5299 57.967
13.5248 79.5505 -106.869 -14.4961 -25.6258 57.9863
13.4522 79.4221 -106.579 -14.5508 -25.722 58.0055
13.3793 79.2933 -106.289 -14.6056 -25.8183 58.0247
13.3062 79.1639 -105.999 -14.6605 -25.9149 58.0438
13.2327 79.0341 -105.709 -14.7155 -26.0117 58.0628
13.159 78.9038 -105.418 -14.7706 -26.1087 58.0818
13.085 78.773 -105.128 -14.8258 -26.2059 58.1007
13.0108 78.6418 -104.837 -14.881 -26.3033 58.1196
12.9362 78.51 -104.547 -14.9364 -26.401 58.1384
12.8614 78.3778 -104.256 -14.9918 -26.4989 58.1571
12.7863 78.245 -103.965 -15.0474 -26.597 58.1758
12.7109 78.1118 -103.674 -15.103 -26.6953 58.1944
12.6353 77.9781 -103.383 -15.1587 -26.7939 58.2129
12.5593 77.8439 -103.092 -15.2145 -26.8927 58.2314
12.4831 77.7091 -102.801 -15.2704 -26.9917 58.2498
12.4066 77.5739 -102.51 -15.3264 -27.091 58.2681
12.3299 77.4382 -102.218 -15.3824 -27.1905 58.2864
12.2528 77.302 -101.927 -15.4386 -27.2902 58.3046
12.1755 77.1653 -101.635 -15.4948 -27.3902 58.3227
12.0979 77.0281 -101.343 -15.5511 -27.4904 58.3408
12.02 76.8904 -101.052 -15.6075 -27.5908 58.3588
11.9418 76.7522 -100.76 -15.664 -27.6915 58.3767
11.8633 76.6135 -100.468 -15.7206 -27.7925 58.3946
11.7846 76.4743 -100.176 -15.7772 -27.8937 58.4123
11.7056 76.3346 -99.8838 -15.8339 -27.9951 58.43
11.6262 76.1943 -99.5916 -15.8907 -28.0968 58.4476
11.5466 76.0536 -99.2993 -15.9476 -28.1988 58.4652
11.4668 75.9124 -99.0069 -16.0045 -28.301 58.4826
11.3866 75.7706 -98.7145 -16.0616 -28.4035 58.5
11.3062 75.6283 -98.4219 -16.1186 -28.5062 58.5173
11.2254 75.4855 -98.1293 -16.1758 -28.6092 58.5345
11.1444 75.3422 -97.8366 -16.233 -28.7124 58.5517
11.0631 75.1984 -97.5438 -16.2904 -28.816 58.5687
10.9815 75.0541 -97.2509 -16.3477 -28.9197 58.5856
10.8996 74.9092 -96.9579 -16.4052 -29.0238 58.6025
10.8174 74.7638 -96.6649 -16.4627 -29.1281 58.6193
10.735 74.6179 -96.3718 -16.5202 -29.2328 58.636
10.6522 74.4715 -96.0785 -16.5779 -29.3376 58.6525
10.5692 74.3246 -95.7852 -16.6356 -29.4428 58.669
10.4859 74.1771 -95.4918 -16.6933 -29.5483 58.6854
10.4023 74.0291 -95.1984 -16.7511 -29.654 58.7017
10.3184 73.8805 -94.9048 -16.809 -29.76 58.7179
10.2342 73.7315 -94.6112 -16.8669 -29.8663 58.734
10.1497 73.5819 -94.3175 -16.9249 -29.9729 58.7499
10.0649 73.4317 -94.0237 -16.9829 -30.0798 58.7658
9.97987 73.2811 -93.7298 -17.041 -30.187 58.7815
9.89452 73.1299 -93.4359 -17.0991 -30.2945 58.7972
9.80888 72.9781 -93.1419 -17.1573 -30.4023 58.8127
9.72295 72.8258 -92.8478 -17.2155 -30.5104 58.8281
9.63673 72.673 -92.5536 -17.2738 -30.6188 58.8434
9.55021 72.5197 -92.2593 -17.3321 -30.7275 58.8585
9.46341 72.3657 -91.965 -17.3904 -30.8365 58.8735
9.37631 72.2113 -91.6706 -17.4488 -30.9459 58.8884
9.28892 72.0563 -91.3761 -17.5072 -31.0555 58.9032
9.20124 71.9007 -91.0816 -17.5656 -31.1655 58.9178
9.11326 71.7446 -90.7869 -17.6241 -31.2757 58.9322
9.025 71.588 -90.4922 -17.6826 -31.3864 58.9466
8.93644 71.4308 -90.1975 -17.7412 -31.4973 58.9607
8.84758 71.273 -89.9026 -17.7997 -31.6085 58.9747
8.75844 71.1147 -89.6077 -17.8583 -31.7201 58.9886
8.669 70.9558 -89.3127 -17.9169 -31.832 59.0023
8.57927 70.7964 -89.0177 -17.9756 -31.9443 59.0158
8.48925 70.6364 -88.7226 -18.0343 -32.0569 59.0292
8.39893 70.4758 -88.4274 -18.0929 -32.1698 59.0423
8.30832 70.3147 -88.1322 -18.1516 -32.283 59.0553
8.21741 70.153 -87.8368 -18.2104 -32.3966 59.0681
8.12621 69.9907 -87.5415 -18.2691 -32.5105 59.0807
8.03472 69.8279 -87.246 -18.3279 -32.6248 59.0932
7.94293 69.6644 -86.9505 -18.3866 -32.7394 59.1054
7.85085 69.5005 -86.655 -18.4454 -32.8544 59.1174
7.75848 69.3359 -86.3594 -18.5042 -32.9697 59.1291
7.66581 69.1708 -86.0637 -18.5631 -33.0853 59.1407
7.57285 69.0051 -85.768 -18.6219 -33.2013 59.152
7.47959 68.8388 -85.4722 -18.6807 -33.3177 59.1631
7.38604 68.6719 -85.1763 -18.7396 -33.4344 59.174
7.2922 68.5044 -84.8804 -18.7984 -33.5514 59.1846
7.19806 68.3364 -84.5845 -18.8573 -33.6688 59.1949
7.10362 68.1677 -84.2885 -18.9162 -33.7865 59.205
7.0089 67.9985 -83.9924 -18.9751 -33.9046 59.2148
6.91387 67.8287 -83.6963 -19.0341 -34.0231 59.2244
6.81856 67.6583 -83.4002 -19.093 -34.1418 59.2337
6.72294 67.4873 -83.104 -19.152 -34.2609 59.2426
6.62704 67.3157 -82.8078 -19.211 -34.3804 59.2513
6.53083 67.1435 -82.5115 -19.27 -34.5002 59.2597
6.43434 66.9707 -82.2152 -19.329 -34.6203 59.2677
6.33754 66.7972 -81.9188 -19.3881 -34.7408 59.2755
6.24046 66.6232 -81.6224 -19.4471 -34.8616 59.2829
6.14307 66.4486 -81.326 -19.5063 -34.9828 59.29
6.04539 66.2734 -81.0295 -19.5654 -35.1042 59.2967
5.94742 66.0976 -80.733 -19.6246 -35.226 59.3031
5.84915 65.9212 -80.4365 -19.6839 -35.3481 59.3091
5.75058 65.7441 -80.1399 -19.7432 -35.4705 59.3148
5.65172 65.5664 -79.8433 -19.8025 -35.5933 59.3201
5.55255 65.3882 -79.5467 -19.8619 -35.7163 59.3251
5.4531 65.2093 -79.2501 -19.9214 -35.8397 59.3296
5.35334 65.0298 -78.9534 -19.9809 -35.9633 59.3338
5.25329 64.8497 -78.6567 -20.0405 -36.0872 59.3376
5.15294 64.6689 -78.36 -20.1002 -36.2114 59.3409
5.05228 64.4875 -78.0633 -20.16 -36.3359 59.3439
4.95134 64.3055 -77.7666 -20.2199 -36.4607 59.3465
4.85009 64.1229 -77.4699 -20.2798 -36.5858 59.3486
4.74854 63.9397 -77.1731 -20.3399 -36.7111 59.3504
4.64669 63.7558 -76.8764 -20.4001 -36.8366 59.3517
4.54454 63.5713 -76.5796 -20.4604 -36.9624 59.3526
4.44208 63.3862 -76.2828 -20.5208 -37.0885 59.3531
4.33933 63.2004 -75.9861 -20.5813 -37.2148 59.3531
4.23627 63.014 -75.6893 -20.642 -37.3413 59.3528
4.13291 62.827 -75.3925 -20.7029 -37.468 59.3519
4.02924 62.6394 -75.0958 -20.7639 -37.595 59.3507
3.92527 62.4511 -74.799 -20.825 -37.7221 59.349
3.82099 62.2621 -74.5023 -20.8863 -37.8495 59.3469
3.71641 62.0726 -74.2056 -20.9478 -37.977 59.3444
3.61151 61.8824 -73.9089 -21.0095 -38.1048 59.3414
3.50631 61.6915 -73.6122 -21.0714 -38.2327 59.338
3.4008 61.5 -73.3155 -21.1335 -38.3608 59.3342
3.29498 61.3079 -73.0188 -21.1958 -38.4891 59.3299
3.18884 61.1152 -72.7222 -21.2583 -38.6175 59.3252
3.08239 60.9217 -72.4256 -21.321 -38.7461 59.3201
2.97563 60.7277 -72.129 -21.3839 -38.8748 59.3146
2.86855 60.533 -71.8324 -21.4471 -39.0037 59.3087
2.76116 60.3377 -71.5359 -21.5105 -39.1328 59.3023
2.65345 60.1417 -71.2394 -21.5742 -39.2619 59.2956
2.54542 59.945 -70.9429 -21.6381 -39.3912 59.2884
2.43707 59.7478 -70.6465 -21.7023 -39.5207 59.2808
2.32839 59.5498 -70.3501 -21.7667 -39.6502 59.2729
2.2194 59.3513 -70.0538 -21.8314 -39.7799 59.2645
2.11008 59.152 -69.7575 -21.8964 -39.9097 59.2558
2.00043 58.9522 -69.4612 -21.9617 -40.0396 59.2466
1.89046 58.7516 -69.165 -22.0272 -40.1696 59.2372
1.78016 58.5505 -68.8689 -22.093 -40.2998 59.2273
1.66953 58.3486 -68.5727 -22.1591 -40.43 59.217
1.55857 58.1462 -68.2767 -22.2255 -40.5604 59.2065
1.44728 57.943 -67.9807 -22.2922 -40.6908 59.1955
1.33565 57.7393 -67.6847 -22.3592 -40.8214 59.1842
1.22368 57.5348 -67.3888 -22.4266 -40.9521 59.1726
1.11138 57.3297 -67.093 -22.4942 -41.0828 59.1606
0.998742 57.124 -66.7972 -22.5621 -41.2137 59.1483
0.885762 56.9176 -66.5015 -22.6303 -41.3447 59.1356
0.772439 56.7105 -66.2059 -22.6989 -41.4758 59.1226
0.658773 56.5028 -65.9103 -22.7678 -41.607 59.1093
0.544761 56.2945 -65.6148 -22.8369 -41.7383 59.0957
0.430403 56.0855 -65.3193 -22.9064 -41.8698 59.0818
0.315696 55.8758 -65.024 -22.9763 -42.0013 59.0675
0.20064 55.6654 -64.7287 -23.0464 -42.1329 59.053
0.0852323 55.4545 -64.4334 -23.1169 -42.2647 59.0381
-0.0305286 55.2428 -64.1383 -23.1876 -42.3966 59.023
-0.146644 55.0305 -63.8432 -23.2588 -42.5286 59.0076
-0.263116 54.8175 -63.5482 -23.3302 -42.6607 58.9918
-0.379946 54.6039 -63.2533 -23.4019 -42.793 58.9758
-0.497136 54.3896 -62.9584 -23.474 -42.9254 58.9595
-0.614687 54.1746 -62.6637 -23.5464 -43.0579 58.943
-0.7326 53.959 -62.369 -23.6191 -43.1906 58.9261
-0.850878 53.7427 -62.0744 -23.6922 -43.3234 58.9089
-0.969522 53.5258 -61.7799 -23.7656 -43.4563 58.8915
-1.08853 53.3082 -61.4855 -23.8393 -43.5894 58.8738
-1.20792 53.0899 -61.1912 -23.9133 -43.7226 58.8559
-1.32767 52.8709 -60.897 -23.9876 -43.856 58.8376
-1.44779 52.6513 -60.6028 -24.0623 -43.9896 58.8191
-1.56829 52.431 -60.3088 -24.1373 -44.1233 58.8004
-1.68916 52.2101 -60.0148 -24.2126 -44.2571 58.7813
-1.81042 51.9885 -59.7209 -24.2882 -44.3912 58.762
-1.93205 51.7662 -59.4272 -24.3642 -44.5254 58.7424
-2.05406 51.5432 -59.1335 -24.4405 -44.6598 58.7226
-2.17645 51.3196 -58.84 -24.517 -44.7944 58.7024
-2.29923 51.0953 -58.5465 -24.594 -44.9291 58.682
-2.42239 50.8703 -58.2531 -24.6712 -45.0641 58.6614
-2.54594 50.6446 -57.9599 -24.7487 -45.1992 58.6405
-2.66988 50.4183 -57.6667 -24.8266 -45.3346 58.6193
-2.79421 50.1913 -57.3737 -24.9048 -45.4701 58.5978
-2.91893 49.9636 -57.0808 -24.9833 -45.6059 58.5761
-3.04404 49.7352 -56.7879 -25.0621 -45.7418 58.5541
-3.16955 49.5062 -56.4952 -25.1413 -45.878 58.5318
-3.29545 49.2764 -56.2026 -25.2207 -46.0144 58.5092
-3.42176 49.046 -55.9101 -25.3005 -46.151 58.4864
-3.54846 48.8149 -55.6178 -25.3806 -46.2879 58.4633
-3.67556 48.5831 -55.3255 -25.461 -46.4249 58.4399
-3.80307 48.3507 -55.0334 -25.5417 -46.5623 58.4162
-3.93098 48.1175 -54.7413 -25.6227 -46.6998 58.3923
-4.05929 47.8837 -54.4494 -25.7041 -46.8376 58.3681
-4.18802 47.6492 -54.1576 -25.7857 -46.9756 58.3435
-4.31715 47.4139 -53.866 -25.8677 -47.1139 58.3187
-4.4467 47.178 -53.5745 -25.95 -47.2525 58.2936
-4.57665 46.9414 -53.2831 -26.0326 -47.3913 58.2683
-4.70702 46.7041 -52.9918 -26.1155 -47.5303 58.2426
-4.83781 46.4661 -52.7006 -26.1987 -47.6697 58.2166
-4.96901 46.2274 -52.4096 -26.2822 -47.8093 58.1903
-5.10063 45.988 -52.1187 -26.3661 -47.9491 58.1638
-5.23267 45.7479 -51.828 -26.4503 -48.0893 58.1369
-5.36513 45.5071 -51.5374 -26.5347 -48.2297 58.1097
-5.49802 45.2656 -51.2469 -26.6195 -48.3704 58.0822
-5.63133 45.0234 -50.9565 -26.7046 -48.5114 58.0544
-5.76506 44.7805 -50.6663 -26.7901 -48.6527 58.0263
-5.89923 44.5369 -50.3763 -26.8758 -48.7943 57.9979
-6.03382 44.2926 -50.0864 -26.9619 -48.9362 57.9691
-6.16885 44.0475 -49.7966 -27.0482 -49.0784 57.9401
-6.3043 43.8018 -49.507 -27.1349 -49.2209 57.9107
-6.4402 43.5553 -49.2175 -27.2219 -49.3637 57.881
-6.57652 43.3081 -48.9281 -27.3093 -49.5068 57.8509
-6.71329 43.0602 -48.639 -27.3969 -49.6502 57.8206
-6.85049 42.8116 -48.3499 -27.4848 -49.794 57.7899
-6.98814 42.5623 -48.0611 -27.5731 -49.9381 57.7588
-7.12622 42.3123 -47.7723 -27.6617 -50.0825 57.7274
-7.26475 42.0615 -47.4838 -27.7506 -50.2272 57.6957
-7.40373 41.81 -47.1954 -27.8399 -50.3723 57.6636
-7.54315 41.5578 -46.9072 -27.9294 -50.5177 57.6312
-7.68302 41.3048 -46.6191 -28.0193 -50.6634 57.5985
-7.82335 41.0511 -46.3312 -28.1095 -50.8095 57.5653
-7.96412 40.7967 -46.0434 -28.2 -50.9559 57.5318
-8.10535 40.5416 -45.7559 -28.2909 -51.1027 57.498
-8.24703 40.2857 -45.4684 -28.3821 -51.2498 57.4638
-8.38917 40.0291 -45.1812 -28.4736 -51.3973 57.4292
-8.53176 39.7717 -44.8942 -28.5654 -51.5452 57.3942
-8.67482 39.5136 -44.6073 -28.6576 -51.6934 57.3589
-8.81834 39.2548 -44.3206 -28.75 -51.842 57.3232
-8.96232 38.9952 -44.034 -28.8429 -51.9909 57.2871
-9.10677 38.7349 -43.7477 -28.936 -52.1402 57.2507
-9.25168 38.4738 -43.4615 -29.0295 -52.2899 57.2138
-9.39706 38.212 -43.1756 -29.1233 -52.44 57.1766
-9.54291 37.9494 -42.8898 -29.2175 -52.5904 57.1389
-9.68924 37.6861 -42.6042 -29.312 -52.7412 57.1009
-9.83603 37.422 -42.3188 -29.4068 -52.8925 57.0625
-9.9833 37.1571 -42.0335 -29.5019 -53.0441 57.0236
-10.1311 36.8915 -41.7485 -29.5974 -53.1961 56.9844
-10.2793 36.6252 -41.4637 -29.6933 -53.3485 56.9447
-10.428 36.3581 -41.1791 -29.7895 -53.5012 56.9047
-10.5772 36.0902 -40.8946 -29.886 -53.6544 56.8642
-10.7268 35.8215 -40.6104 -29.9829 -53.808 56.8233
-10.877 35.5521 -40.3264 -30.0801 -53.962 56.7819
-11.0276 35.2819 -40.0426 -30.1777 -54.1165 56.7402
-11.1788 35.0109 -39.759 -30.2756 -54.2713 56.698
-11.3304 34.7392 -39.4756 -30.3738 -54.4265 56.6553
-11.4825 34.4667 -39.1925 -30.4724 -54.5822 56.6122
-11.6351 34.1934 -38.9095 -30.5714 -54.7383 56.5687
-11.7882 33.9193 -38.6268 -30.6707 -54.8948 56.5248
-11.9418 33.6444 -38.3443 -30.7704 -55.0517 56.4803
-12.0959 33.3688 -38.062 -30.8704 -55.2091 56.4355
-12.2505 33.0923 -37.7799 -30.9708 -55.3669 56.3901
-12.4056 32.8151 -37.4981 -31.0716 -55.5251 56.3443
-12.5613 32.5371 -37.2165 -31.1727 -55.6838 56.2981
-12.7174 32.2582 -36.9351 -31.2742 -55.8429 56.2513
-12.874 31.9786 -36.6539 -31.376 -56.0025 56.2041
-13.0311 31.6982 -36.373 -31.4782 -56.1625 56.1564
-13.1888 31.417 -36.0924 -31.5808 -56.3229 56.1082
-13.3469 31.135 -35.812 -31.6837 -56.4839 56.0596
-13.5056 30.8522 -35.5318 -31.787 -56.6452 56.0104
-13.6648 30.5685 -35.2519 -31.8907 -56.807 55.9607
-13.8245 30.2841 -34.9722 -31.9948 -56.9693 55.9106
-13.9848 29.9988 -34.6928 -32.0992 -57.1321 55.8599
-14.1455 29.7128 -34.4136 -32.204 -57.2953 55.8087
-14.3068 29.4259 -34.1347 -32.3092 -57.459 55.757
-14.4686 29.1382 -33.856 -32.4148 -57.6232 55.7048
-14.6309 28.8497 -33.5776 -32.5207 -57.7878 55.6521
-14.7938 28.5603 -33.2995 -32.6271 -57.9529 55.5988
-14.9572 28.2701 -33.0216 -32.7338 -58.1185 55.545
-15.1212 27.9791 -32.744 -32.8409 -58.2846 55.4907
-15.2856 27.6873 -32.4667 -32.9484 -58.4512 55.4358
-15.4506 27.3946 -32.1897 -33.0563 -58.6182 55.3803
-15.6162 27.1011 -31.9129 -33.1646 -58.7858 55.3244
-15.7823 26.8068 -31.6364 -33.2733 -58.9538 55.2678
-15.9489 26.5116 -31.3602 -33.3824 -59.1224 55.2107
-16.1161 26.2155 -31.0843 -33.4919 -59.2914 55.153
-16.2838 25.9187 -30.8087 -33.6018 -59.461 55.0947
-16.4521 25.6209 -30.5334 -33.7121 -59.631 55.0359
-16.621 25.3223 -30.2584 -33.8228 -59.8016 54.9765
-16.7904 25.0229 -29.9836 -33.9339 -59.9727 54.9165
-16.9603 24.7226 -29.7092 -34.0454 -60.1443 54.8559
-17.1308 24.4215 -29.4351 -34.1573 -60.3164 54.7946
-17.3019 24.1195 -29.1612 -34.2697 -60.489 54.7328
-17.4735 23.8166 -28.8877 -34.3824 -60.6622 54.6704
-17.6457 23.5128 -28.6145 -34.4956 -60.8359 54.6073
-17.8185 23.2082 -28.3417 -34.6092 -61.0101 54.5436
-17.9918 22.9027 -28.0691 -34.7232 -61.1848 54.4793
-18.1657 22.5964 -27.7969 -34.8377 -61.3601 54.4144
-18.3402 22.2891 -27.525 -34.9525 -61.5359 54.3488
-18.5152 21.981 -27.2534 -35.0678 -61.7123 54.2825
-18.6908 21.672 -26.9821 -35.1836 -61.8892 54.2156
-18.8671 21.3621 -26.7112 -35.2997 -62.0666 54.148
-19.0438 21.0513 -26.4407 -35.4163 -62.2446 54.0798
-19.2212 20.7397 -26.1704 -35.5334 -62.4232 54.0109
-19.3992 20.4271 -25.9005 -35.6508 -62.6023 53.9413
-19.5777 20.1136 -25.631 -35.7688 -62.7819 53.871
-19.7569 19.7993 -25.3618 -35.8871 -62.9622 53.8
-19.9366 19.484 -25.093 -36.0059 -63.143 53.7283
-20.1169 19.1679 -24.8245 -36.1252 -63.3243 53.6559
-20.2978 18.8508 -24.5565 -36.2449 -63.5062 53.5828
-20.4794 18.5328 -24.2887 -36.3651 -63.6887 53.5089
-20.6615 18.2139 -24.0214 -36.4857 -63.8718 53.4343
-20.8442 17.8941 -23.7544 -36.6068 -64.0554 53.359
-21.0276 17.5733 -23.4878 -36.7283 -64.2397 53.283
-21.2115 17.2517 -23.2215 -36.8503 -64.4245 53.2061
-21.3961 16.9291 -22.9557 -36.9728 -64.6099 53.1286
-21.5812 16.6056 -22.6903 -37.0957 -64.7959 53.0502
-21.767 16.2811 -22.4252 -37.2192 -64.9825 52.9711
-21.9534 15.9558 -22.1606 -37.343 -65.1696 52.8912
-22.1405 15.6294 -21.8963 -37.4674 -65.3574 52.8104
-22.3281 15.3022 -21.6324 -37.5922 -65.5458 52.7289
-22.5164 14.974 -21.369 -37.7176 -65.7348 52.6466
-22.7053 14.6448 -21.106 -37.8434 -65.9244 52.5635
-22.8948 14.3147 -20.8434 -37.9697 -66.1146 52.4795
-23.085 13.9837 -20.5812 -38.0964 -66.3054 52.3947
-23.2758 13.6517 -20.3194 -38.2237 -66.4968 52.309
-23.4672 13.3187 -20.0581 -38.3515 -66.6888 52.2225
-23.6593 12.9848 -19.7972 -38.4797 -66.8815 52.1351
-23.852 12.6499 -19.5367 -38.6085 -67.0748 52.0469
-24.0454 12.314 -19.2767 -38.7378 -67.2687 51.9578
-24.2394 11.9772 -19.0172 -38.8675 -67.4633 51.8678
-24.4341 11.6394 -18.7581 -38.9978 -67.6585 51.7768
-24.6294 11.3006 -18.4994 -39.1286 -67.8543 51.685
-24.8253 10.9609 -18.2412 -39.2599 -68.0507 51.5923
-25.022 10.6201 -17.9835 -39.3917 -68.2478 51.4986
-25.2193 10.2784 -17.7262 -39.524 -68.4456 51.404
-25.4172 9.93567 -17.4694 -39.6569 -68.644 51.3084
-25.6158 9.59195 -17.2131 -39.7903 -68.843 51.2119
-25.8151 9.24724 -16.9573 -39.9242 -69.0427 51.1144
-26.0151 8.90152 -16.702 -40.0586 -69.2431 51.0159
-26.2157 8.55481 -16.4472 -40.1936 -69.4441 50.9165
-26.417 8.20708 -16.1928 -40.3291 -69.6458 50.816
-26.619 7.85835 -15.939 -40.4651 -69.8481 50.7145
-26.8217 7.5086 -15.6857 -40.6017 -70.0511 50.612
-27.025 7.15784 -15.4329 -40.7388 -70.2548 50.5085
-27.229 6.80605 -15.1806 -40.8765 -70.4592 50.4039
-27.4338 6.45324 -14.9288 -41.0147 -70.6642 50.2983
-27.6392 6.09941 -14.6776 -41.1535 -70.8699 50.1916
-27.8453 5.74455 -14.4269 -41.2928 -71.0763 50.0838
-28.0521 5.38865 -14.1768 -41.4327 -71.2834 49.9749
-28.2596 5.03171 -13.9272 -41.5731 -71.4912 49.8649
-28.4679 4.67373 -13.6781 -41.7141 -71.6997 49.7538
-28.6768 4.31471 -13.4296 -41.8557 -71.9088 49.6416
-28.8864 3.95465 -13.1817 -41.9978 -72.1187 49.5282
-29.0968 3.59353 -12.9344 -42.1406 -72.3292 49.4136
-29.3078 3.23135 -12.6876 -42.2839 -72.5405 49.2979
-29.5196 2.86812 -12.4414 -42.4277 -72.7525 49.1811
-29.7321 2.50383 -12.1958 -42.5722 -72.9651 49.063
-29.9453 2.13847 -11.9507 -42.7172 -73.1785 48.9437
-30.1593 1.77204 -11.7063 -42.8629 -73.3926 48.8232
-30.3739 1.40454 -11.4625 -43.0091 -73.6074 48.7015
-30.5894 1.03597 -11.2193 -43.1559 -73.823 48.5785
-30.8055 0.666314 -10.9767 -43.3033 -74.0392 48.4542
-31.0224 0.295576 -10.7348 -43.4513 -74.2562 48.3287
-31.24 -0.0762485 -10.4934 -43.5999 -74.4739 48.2019
-31.4584 -0.449163 -10.2527 -43.7491 -74.6923 48.0737
-31.6775 -0.823172 -10.0127 -43.899 -74.9115 47.9443
-31.8974 -1.19828 -9.7733 -44.0494 -75.1314 47.8135
-32.118 -1.57449 -9.53457 -44.2005 -75.352 47.6813
-32.3394 -1.9518 -9.29649 -44.3522 -75.5734 47.5478
-32.5615 -2.33022 -9.05909 -44.5045 -75.7956 47.4129
-32.7844 -2.70976 -8.82236 -44.6574 -76.0184 47.2766
-33.0081 -3.09041 -8.58632 -44.8109 -76.242 47.1389
-33.2325 -3.47218 -8.35097 -44.9651 -76.4664 46.9998
-33.4577 -3.85507 -8.11632 -45.1199 -76.6915 46.8592
-33.6837 -4.23909 -7.88238 -45.2754 -76.9174 46.7171
-33.9105 -4.62424 -7.64915 -45.4315 -77.144 46.5736
-34.1381 -5.01053 -7.41664 -45.5882 -77.3714 46.4285
-34.3664 -5.39796 -7.18487 -45.7456 -77.5996 46.282
-34.5955 -5.78653 -6.95382 -45.9036 -77.8285 46.1339
-34.8254 -6.17624 -6.72353 -46.0623 -78.0581 45.9842
-35.0561 -6.56711 -6.49398 -46.2217 -78.2886 45.833
-35.2876 -6.95913 -6.2652 -46.3817 -78.5198 45.6802
-35.5199 -7.35231 -6.03718 -46.5423 -78.7518 45.5257
-35.7531 -7.74665 -5.80994 -46.7037 -78.9845 45.3697
-35.987 -8.14215 -5.58348 -46.8657 -79.2181 45.212
-36.2217 -8.53883 -5.35782 -47.0283 -79.4524 45.0526
-36.4573 -8.93668 -5.13296 -47.1917 -79.6875 44.8915
-36.6936 -9.3357 -4.9089 -47.3557 -79.9234 44.7288
-36.9308 -9.73591 -4.68567 -47.5204 -80.16 44.5643
-37.1688 -10.1373 -4.46326 -47.6858 -80.3974 44.398
-37.4077 -10.5399 -4.24169 -47.8519 -80.6357 44.23
-37.6474 -10.9437 -4.02096 -48.0186 -80.8747 44.0602
-37.8879 -11.3486 -3.80109 -48.1861 -81.1145 43.8886
-38.1292 -11.7548 -3.58208 -48.3542 -81.3551 43.7151
-38.3714 -12.1622 -3.36394 -48.5231 -81.5964 43.5398
-38.6145 -12.5708 -3.14668 -48.6926 -81.8386 43.3626
-38.8583 -12.9806 -2.93031 -48.8629 -82.0816 43.1835
-39.1031 -13.3916 -2.71484 -49.0338 -82.3253 43.0024
-39.3487 -13.8038 -2.50029 -49.2055 -82.5699 42.8194
-39.5951 -14.2173 -2.28665 -49.3779 -82.8152 42.6345
-39.8425 -14.632 -2.07394 -49.551 -83.0613 42.4475
-40.0906 -15.0479 -1.86217 -49.7248 -83.3083 42.2585
-40.3397 -15.4651 -1.65136 -49.8993 -83.556 42.0675
-40.5896 -15.8835 -1.4415 -50.0746 -83.8045 41.8744
-40.8405 -16.3031 -1.23261 -50.2506 -84.0539 41.6792
-41.0921 -16.724 -1.02471 -50.4273 -84.304 41.4819
-41.3447 -17.1461 -0.817793 -50.6048 -84.5549 41.2824
-41.5982 -17.5695 -0.611883 -50.7829 -84.8066 41.0807
-41.8526 -17.9942 -0.406986 -50.9619 -85.0591 40.8768
-42.1078 -18.4201 -0.203114 -51.1415 -85.3124 40.6707
-42.364 -18.8473 -0.000278558 -51.3219 -85.5665 40.4624
-42.621 -19.2758 0.20151 -51.503 -85.8214 40.2517
-42.879 -19.7056 0.402239 -51.6849 -86.0771 40.0387
-43.1379 -20.1366 0.601897 -51.8676 -86.3336 39.8234
-43.3977 -20.5689 0.800473 -52.0509 -86.5909 39.6057
-43.6584 -21.0025 0.997954 -52.2351 -86.8489 39.3856
-43.92 -21.4374 1.19433 -52.42 -87.1078 39.163
-44.1826 -21.8736 1.38958 -52.6056 -87.3674 38.938
-44.4461 -22.3111 1.58371 -52.792 -87.6278 38.7105
-44.7105 -22.7498 1.77669 -52.9791 -87.8891 38.4804
-44.9759 -23.1899 1.96851 -53.1671 -88.151 38.2478
-45.2422 -23.6314 2.15917 -53.3557 -88.4138 38.0126
-45.5094 -24.0741 2.34864 -53.5452 -88.6774 37.7747
-45.7776 -24.5181 2.53691 -53.7354 -88.9417 37.5342
-46.0468 -24.9635 2.72398 -53.9264 -89.2067 37.2909
-46.3169 -25.4102 2.90982 -54.1181 -89.4726 37.045
-46.588 -25.8582 3.09443 -54.3106 -89.7392 36.7962
-46.86 -26.3076 3.27778 -54.5039 -90.0066 36.5447
-47.133 -26.7583 3.45988 -54.698 -90.2747 36.2903
-47.407 -27.2103 3.64069 -54.8928 -90.5436 36.033
-47.6819 -27.6637 3.82021 -55.0884 -90.8132 35.7729
-47.9579 -28.1185 3.99842 -55.2847 -91.0835 35.5097
-48.2348 -28.5746 4.1753 -55.4819 -91.3546 35.2436
-48.5127 -29.032 4.35085 -55.6798 -91.6265 34.9744
-48.7916 -29.4908 4.52505 -55.8785 -91.899 34.7021
-49.0715 -29.951 4.69787 -56.0779 -92.1723 34.4268
-49.3524 -30.4126 4.86931 -56.2781 -92.4462 34.1483
-49.6343 -30.8755 5.03936 -56.4791 -92.7209 33.8666
-49.9172 -31.3398 5.20798 -56.6809 -92.9963 33.5816
-50.2011 -31.8054 5.37517 -56.8835 -93.2723 33.2934
-50.486 -32.2725 5.54091 -57.0868 -93.5491 33.0018
-50.7719 -32.7409 5.70519 -57.2908 -93.8265 32.7069
-51.0589 -33.2108 5.86798 -57.4957 -94.1046 32.4085
-51.3469 -33.682 6.02927 -57.7013 -94.3833 32.1067
-51.6359 -34.1546 6.18905 -57.9077 -94.6627 31.8014
-51.926 -34.6286 6.34729 -58.1148 -94.9427 31.4925
-52.2171 -35.104 6.50397 -58.3227 -95.2233 31.1801
-52.5092 -35.5808 6.65909 -58.5313 -95.5046 30.864
-52.8024 -36.0591 6.81261 -58.7407 -95.7864 30.5442
-53.0966 -36.5387 6.96453 -58.9509 -96.0689 30.2206
-53.3919 -37.0197 7.11482 -59.1618 -96.3519 29.8933
-53.6882 -37.5022 7.26346 -59.3734 -96.6355 29.5621
-53.9856 -37.9861 7.41044 -59.5858 -96.9196 29.227
-54.2841 -38.4714 7.55573 -59.7989 -97.2043 28.8879
-54.5836 -38.9581 7.69932 -60.0128 -97.4895 28.5449
-54.8842 -39.4463 7.84118 -60.2273 -97.7752 28.1977
-55.1859 -39.9359 7.98129 -60.4426 -98.0614 27.8465
-55.4886 -40.4269 8.11964 -60.6586 -98.3481 27.4911
-55.7925 -40.9194 8.25621 -60.8754 -98.6353 27.1315
-56.0974 -41.4133 8.39096 -61.0928 -98.9229 26.7676
-56.4034 -41.9086 8.52388 -61.3109 -99.2109 26.3994
-56.7105 -42.4054 8.65495 -61.5297 -99.4993 26.0267
-57.0187 -42.9036 8.78415 -61.7492 -99.7881 25.6496
-57.328 -43.4033 8.91145 -61.9694 -100.077 25.268
-57.6384 -43.9044 9.03683 -62.1903 -100.367 24.8819
-57.9499 -44.4069 9.16027 -62.4118 -100.657 24.491
-58.2625 -44.9109 9.28174 -62.6339 -100.947 24.0955
-58.5762 -45.4164 9.40122 -62.8567 -101.237 23.6952
-58.8911 -45.9233 9.51869 -63.0801 -101.528 23.2901
-59.207 -46.4317 9.63412 -63.3042 -101.819 22.8801
-59.5241 -46.9415 9.74749 -63.5288 -102.11 22.4651
-59.8423 -47.4528 9.85877 -63.7541 -102.401 22.0451
-60.1617 -47.9655 9.96794 -63.9799 -102.692 21.62
-60.4821 -48.4797 10.075 -64.2063 -102.984 21.1897
-60.8037 -48.9954 10.1798 -64.4333 -103.275 20.7542
-61.1265 -49.5125 10.2825 -64.6608 -103.567 20.3134
-61.4503 -50.031 10.383 -64.8888 -103.859 19.8672
-61.7753 -50.5511 10.4812 -65.1174 -104.15 19.4156
-62.1015 -51.0725 10.5771 -65.3465 -104.442 18.9584
-62.4288 -51.5955 10.6708 -65.576 -104.733 18.4957
-62.7573 -52.1199 10.7621 -65.806 -105.025 18.0273
-63.0869 -52.6457 10.851 -66.0365 -105.316 17.5531
-63.4176 -53.173 10.9376 -66.2674 -105.607 17.0732
-63.7495 -53.7018 11.0218 -66.4987 -105.898 16.5873
-64.0826 -54.232 11.1035 -66.7304 -106.188 16.0955
-64.4169 -54.7637 11.1827 -66.9624 -106.479 15.5976
-64.7522 -55.2968 11.2595 -67.1948 -106.768 15.0935
-65.0888 -55.8314 11.3337 -67.4276 -107.058 14.5833
-65.4265 -56.3674 11.4053 -67.6606 -107.347 14.0668
-65.7654 -56.9048 11.4743 -67.8939 -107.635 13.5439
-66.1055 -57.4437 11.5407 -68.1275 -107.923 13.0145
-66.4467 -57.9841 11.6045 -68.3613 -108.21 12.4786
-66.7891 -58.5258 11.6655 -68.5953 -108.497 11.936
-67.1326 -59.069 11.7238 -68.8294 -108.783 11.3868
-67.4774 -59.6137 11.7794 -69.0637 -109.068 10.8307
-67.8233 -60.1597 11.8321 -69.2981 -109.352 10.2678
-68.1704 -60.7072 11.8821 -69.5326 -109.635 9.6979
-68.5186 -61.2561 11.9291 -69.7671 -109.917 9.12094
-68.868 -61.8063 11.9733 -70.0016 -110.198 8.53683
-69.2186 -62.358 12.0145 -70.2361 -110.479 7.94548
-69.5704 -62.9111 12.0527 -70.4705 -110.757 7.34681
-69.9233 -63.4656 12.0879 -70.7049 -111.035 6.74072
-70.2774 -64.0215 12.1201 -70.939 -111.311 6.12712
-70.6327 -64.5787 12.1492 -71.173 -111.586 5.50593
-70.9892 -65.1374 12.1752 -71.4068 -111.86 4.87704
-71.3468 -65.6973 12.198 -71.6403 -112.132 4.24038
-71.7056 -66.2587 12.2176 -71.8735 -112.402 3.59583
-72.0655 -66.8214 12.2339 -72.1063 -112.67 2.94333
-72.4266 -67.3854 12.247 -72.3387 -112.937 2.28276
-72.7889 -67.9507 12.2568 -72.5706 -113.202 1.61404
-73.1523 -68.5174 12.2632 -72.802 -113.464 0.937073
-73.5169 -69.0854 12.2661 -73.0329 -113.725 0.251768
-73.8827 -69.6546 12.2657 -73.2631 -113.983 -0.441968
-74.2496 -70.2252 12.2617 -73.4926 -114.239 -1.14423
-74.6176 -70.797 12.2542 -73.7214 -114.493 -1.85511
-74.9868 -71.3701 12.2432 -73.9494 -114.744 -2.5747
-75.3571 -71.9445 12.2285 -74.1765 -114.993 -3.3031
-75.7285 -72.5201 12.2101 -74.4027 -115.238 -4.04039
-76.1011 -73.0969 12.1881 -74.6278 -115.481 -4.78667
-76.4748 -73.6749 12.1623 -74.8519 -115.721 -5.54203
-76.8496 -74.2541 12.1326 -75.0749 -115.957 -6.30655
-77.2256 -74.8345 12.0992 -75.2966 -116.191 -7.08034
-77.6026 -75.416 12.0618 -75.517 -116.421 -7.86347
-77.9807 -75.9987 12.0206 -75.7361 -116.647 -8.65604
-78.36 -76.5825 11.9753 -75.9537 -116.87 -9.45812
-78.7403 -77.1674 11.926 -76.1697 -117.089 -10.2698
-79.1217 -77.7534 11.8726 -76.3841 -117.304 -11.0912
-79.5041 -78.3404 11.8151 -76.5969 -117.515 -11.9224
-79.8876 -78.9285 11.7534 -76.8077 -117.722 -12.7634
-80.2722 -79.5176 11.6874 -77.0167 -117.924 -13.6143
-80.6578 -80.1077 11.6172 -77.2237 -118.121 -14.4753
-81.0444 -80.6988 11.5427 -77.4286 -118.314 -15.3463
-81.4321 -81.2909 11.4637 -77.6313 -118.502 -16.2275
-81.8207 -81.8839 11.3804 -77.8317 -118.685 -17.119
-82.2104 -82.4777 11.2925 -78.0296 -118.862 -18.0207
-82.601 -83.0725 11.2002 -78.225 -119.034 -18.9327
-82.9927 -83.6681 11.1032 -78.4178 -119.201 -19.8552
-83.3852 -84.2645 11.0016 -78.6078 -119.361 -20.7882
-83.7787 -84.8617 10.8953 -78.795 -119.516 -21.7317
-84.1732 -85.4596 10.7843 -78.9791 -119.664 -22.6858
-84.5685 -86.0583 10.6685 -79.1601 -119.806 -23.6505
-84.9648 -86.6577 10.5478 -79.3378 -119.941 -24.6259
-85.3619 -87.2577 10.4222 -79.5121 -120.069 -25.612
-85.7599 -87.8584 10.2917 -79.6829 -120.19 -26.6088
-86.1587 -88.4596 10.1561 -79.85 -120.304 -27.6165
-86.5584 -89.0614 10.0155 -80.0133 -120.41 -28.6348
-86.9589 -89.6637 9.86977 -80.1727 -120.509 -29.664
-87.3601 -90.2665 9.71886 -80.3279 -120.599 -30.7041
-87.7621 -90.8697 9.56272 -80.4788 -120.681 -31.7549
-88.1649 -91.4733 9.40131 -80.6254 -120.755 -32.8166
-88.5684 -92.0773 9.23455 -80.7673 -120.82 -33.8891
-88.9726 -92.6815 9.06241 -80.9045 -120.876 -34.9723
-89.3774 -93.286 8.88483 -81.0369 -120.923 -36.0664
-89.783 -93.8908 8.70174 -81.1641 -120.96 -37.1712
-90.1891 -94.4956 8.51311 -81.2861 -120.987 -38.2867
-90.5958 -95.1006 8.31887 -81.4026 -121.005 -39.4128
-91.0031 -95.7057 8.11898 -81.5136 -121.012 -40.5496
-91.411 -96.3108 7.91337 -81.6187 -121.008 -41.6969
-91.8193 -96.9158 7.70201 -81.7179 -120.994 -42.8546
-92.2281 -97.5207 7.48482 -81.811 -120.968 -44.0227
-92.6374 -98.1255 7.26178 -81.8977 -120.931 -45.2011
-93.0471 -98.73 7.03281 -81.9779 -120.883 -46.3896
-93.4572 -99.3343 6.79788 -82.0514 -120.822 -47.5883
-93.8676 -99.9382 6.55692 -82.1179 -120.749 -48.7968
-94.2784 -100.542 6.3099 -82.1773 -120.664 -50.0151
-94.6894 -101.145 6.05677 -82.2294 -120.565 -51.243
-95.1007 -101.747 5.79747 -82.274 -120.454 -52.4804
-95.5121 -102.349 5.53196 -82.3108 -120.329 -53.7271
-95.9238 -102.951 5.2602 -82.3397 -120.19 -54.9828
-96.3355 -103.551 4.98213 -82.3605 -120.037 -56.2475
-96.7474 -104.151 4.69772 -82.373 -119.87 -57.5208
-97.1593 -104.75 4.40692 -82.3769 -119.689 -58.8026
-97.5711 -105.348 4.10969 -82.372 -119.492 -60.0925
-97.983 -105.945 3.80599 -82.3582 -119.281 -61.3904
-98.3947 -106.541 3.49578 -82.3352 -119.053 -62.6959
-98.8063 -107.135 3.17902 -82.3028 -118.811 -64.0087
-99.2178 -107.729 2.85569 -82.2609 -118.552 -65.3286
-99.6289 -108.321 2.52573 -82.2091 -118.276 -66.6553
-100.04 -108.912 2.18913 -82.1474 -117.985 -67.9883
-100.45 -109.501 1.84585 -82.0754 -117.676 -69.3273
-100.861 -110.088 1.49585 -81.9931 -117.35 -70.6721
-101.27 -110.674 1.13912 -81.9002 -117.007 -72.022
-101.68 -111.258 0.775628 -81.7965 -116.647 -73.3769
-102.088 -111.841 0.405349 -81.6818 -116.268 -74.7362
-102.496 -112.421 0.0282626 -81.556 -115.872 -76.0995
-102.904 -112.999 -0.35565 -81.4188 -115.457 -77.4664
-103.311 -113.576 -0.746405 -81.2701 -115.024 -78.8363
-103.717 -114.15 -1.14402 -81.1097 -114.572 -80.2089
-104.122 -114.721 -1.5485 -80.9375 -114.101 -81.5836
-104.526 -115.291 -1.95986 -80.7532 -113.611 -82.9599
-104.929 -115.858 -2.3781 -80.5568 -113.102 -84.3373
-105.332 -116.422 -2.80323 -80.3481 -112.574 -85.7152
-105.733 -116.983 -3.23526 -80.1269 -112.026 -87.0932
-106.133 -117.542 -3.67417 -79.8931 -111.459 -88.4705
-106.532 -118.098 -4.11997 -79.6467 -110.872 -89.8466
-106.929 -118.651 -4.57264 -79.3874 -110.266 -91.221
-107.326 -119.201 -5.03218 -79.1152 -109.639 -92.593
-107.72 -119.747 -5.49857 -78.83 -108.992 -93.9621
-108.114 -120.29 -5.9718 -78.5318 -108.326 -95.3275
-108.506 -120.83 -6.45185 -78.2204 -107.64 -96.6887
-108.896 -121.367 -6.93869 -77.8957 -106.933 -98.0449
-109.285 -121.9 -7.4323 -77.5578 -106.207 -99.3957
-109.672 -122.429 -7.93265 -77.2066 -105.461 -100.74
-110.057 -122.954 -8.43971 -76.8421 -104.695 -102.078
-110.44 -123.476 -8.95343 -76.4643 -103.91 -103.408
-110.821 -123.993 -9.47379 -76.0732 -103.105 -104.73
-111.201 -124.507 -10.0007 -75.6687 -102.28 -106.043
-111.578 -125.016 -10.5342 -75.251 -101.436 -107.347
-111.953 -125.521 -11.0742 -74.82 -100.573 -108.64
-112.326 -126.022 -11.6206 -74.3759 -99.6906 -109.922
-112.697 -126.518 -12.1734 -73.9187 -98.7897 -111.193
-113.065 -127.01 -12.7326 -73.4485 -97.8703 -112.452
-113.431 -127.497 -13.2979 -72.9653 -96.9326 -113.697
-113.795 -127.979 -13.8695 -72.4694 -95.9769 -114.929
-114.156 -128.457 -14.4472 -71.9609 -95.0036 -116.147
-114.515 -128.929 -15.031 -71.4398 -94.0129 -117.35
-114.871 -129.397 -15.6207 -70.9064 -93.0052 -118.538
-115.224 -129.859 -16.2164 -70.3608 -91.9808 -119.709
-115.574 -130.317 -16.8178 -69.8032 -90.9402 -120.864
-115.922 -130.769 -17.425 -69.2338 -89.8838 -122.002
-116.267 -131.215 -18.0379 -68.6529 -88.8119 -123.121
-116.608 -131.657 -18.6562 -68.0607 -87.725 -124.223
-116.947 -132.093 -19.2801 -67.4573 -86.6236 -125.305
-117.283 -132.523 -19.9093 -66.8431 -85.5081 -126.368
-117.616 -132.948 -20.5438 -66.2183 -84.3791 -127.411
-117.945 -133.367 -21.1834 -65.5832 -83.237 -128.433
-118.271 -133.78 -21.8281 -64.9381 -82.0824 -129.435
-118.594 -134.188 -22.4777 -64.2833 -80.9158 -130.415
-118.914 -134.589 -23.1322 -63.6191 -79.7378 -131.374
-119.231 -134.985 -23.7915 -62.9459 -78.5489 -132.31
-119.544 -135.375 -24.4553 -62.2638 -77.3496 -133.224
-119.853 -135.758 -25.1237 -61.5733 -76.1406 -134.115
-120.159 -136.136 -25.7965 -60.8748 -74.9224 -134.983
-120.462 -136.508 -26.4735 -60.1685 -73.6956 -135.827
-120.761 -136.873 -27.1548 -59.4548 -72.4609 -136.648
-121.057 -137.232 -27.84 -58.7341 -71.2188 -137.444
-121.348 -137.585 -28.5292 -58.0068 -69.9698 -138.217
-121.637 -137.932 -29.2222 -57.2732 -68.7148 -138.965
-121.921 -138.272 -29.9188 -56.5336 -67.4541 -139.688
-122.202 -138.607 -30.6191 -55.7885 -66.1885 -140.388
-122.479 -138.934 -31.3227 -55.0383 -64.9185 -141.062
-122.752 -139.256 -32.0297 -54.2832 -63.6448 -141.711
-123.022 -139.571 -32.7398 -53.5237 -62.3679 -142.336
-123.288 -139.879 -33.453 -52.7602 -61.0885 -142.936
-123.549 -140.182 -34.1692 -51.993 -59.807 -143.511
-123.808 -140.477 -34.8881 -51.2225 -58.5242 -144.06
-124.062 -140.767 -35.6098 -50.4491 -57.2406 -144.586
-124.312 -141.05 -36.334 -49.6732 -55.9567 -145.086
-124.558 -141.326 -37.0606 -48.895 -54.673 -145.562
-124.801 -141.597 -37.7896 -48.115 -53.3903 -146.013
-125.04 -141.86 -38.5208 -47.3335 -52.1089 -146.44
-125.274 -142.118 -39.254 -46.5509 -50.8294 -146.843
-125.505 -142.369 -39.9892 -45.7675 -49.5523 -147.221
-125.732 -142.613 -40.7262 -44.9837 -48.2781 -147.576
-125.955 -142.851 -41.465 -44.1998 -47.0074 -147.907
-126.174 -143.083 -42.2053 -43.416 -45.7405 -148.215
-126.389 -143.309 -42.9471 -42.6328 -44.4779 -148.5
-126.6 -143.528 -43.6903 -41.8505 -43.2202 -148.761
-126.808 -143.741 -44.4347 -41.0692 -41.9676 -149.001
-127.011 -143.948 -45.1803 -40.2894 -40.7206 -149.218
-127.21 -144.148 -45.9269 -39.5114 -39.4797 -149.412
-127.406 -144.343 -46.6744 -38.7353 -38.2452 -149.586
-127.598 -144.531 -47.4227 -37.9615 -37.0174 -149.738
-127.786 -144.713 -48.1718 -37.1903 -35.7968 -149.869
-127.97 -144.889 -48.9214 -36.4218 -34.5837 -149.979
-128.15 -145.059 -49.6716 -35.6563 -33.3783 -150.069
-128.326 -145.222 -50.4221 -34.8942 -32.1811 -150.139
-128.499 -145.38 -51.173 -34.1354 -30.9922 -150.19
-128.668 -145.532 -51.924 -33.3804 -29.812 -150.221
-128.833 -145.678 -52.6752 -32.6293 -28.6407 -150.234
-128.994 -145.819 -53.4263 -31.8823 -27.4785 -150.228
-129.151 -145.953 -54.1774 -31.1396 -26.3258 -150.204
-129.305 -146.082 -54.9284 -30.4014 -25.1826 -150.163
-129.456 -146.205 -55.6791 -29.6678 -24.0493 -150.105
-129.602 -146.322 -56.4294 -28.939 -22.926 -150.03
-129.745 -146.434 -57.1794 -28.2152 -21.8128 -149.938
-129.884 -146.541 -57.9288 -27.4965 -20.71 -149.831
-130.02 -146.641 -58.6777 -26.783 -19.6177 -149.708
-130.152 -146.737 -59.4259 -26.0749 -18.5359 -149.57
