50 100 -200 0 0 49
49.9999 99.9999 -199.755 -0.0288085 -0.0516585 49.0271
49.9997 99.9995 -199.51 -0.0576497 -0.10336 49.0542
49.9994 99.9988 -199.264 -0.0865235 -0.155103 49.0813
49.9988 99.9979 -199.019 -0.11543 -0.20689 49.1083
49.9982 99.9968 -198.773 -0.144369 -0.258719 49.1353
49.9974 99.9953 -198.528 -0.173342 -0.310592 49.1623
49.9965 99.9937 -198.282 -0.202347 -0.362507 49.1893
49.9954 99.9917 -198.036 -0.231385 -0.414466 49.2162
49.9942 99.9895 -197.79 -0.260457 -0.466467 49.2431
49.9928 99.9871 -197.543 -0.289561 -0.518512 49.27
49.9913 99.9843 -197.297 -0.318699 -0.570601 49.2969
49.9896 99.9813 -197.05 -0.347871 -0.622733 49.3237
49.9878 99.9781 -196.804 -0.377076 -0.674908 49.3505
49.9858 99.9746 -196.557 -0.406314 -0.727128 49.3773
49.9837 99.9708 -196.31 -0.435586 -0.779391 49.4041
49.9815 99.9668 -196.063 -0.464891 -0.831698 49.4308
49.9791 99.9625 -195.816 -0.494231 -0.884049 49.4575
49.9765 99.958 -195.568 -0.523604 -0.936444 49.4842
49.9738 99.9532 -195.321 -0.553011 -0.988883 49.5109
49.971 99.9481 -195.073 -0.582452 -1.04137 49.5375
49.968 99.9427 -194.825 -0.611928 -1.09389 49.5641
49.9649 99.9371 -194.577 -0.641437 -1.14647 49.5907
49.9616 99.9313 -194.329 -0.670981 -1.19908 49.6172
49.9582 99.9251 -194.081 -0.700559 -1.25174 49.6438
49.9546 99.9188 -193.833 -0.730171 -1.30445 49.6703
49.9509 99.9121 -193.585 -0.759818 -1.3572 49.6967
49.947 99.9052 -193.336 -0.7895 -1.41 49.7232
49.943 99.898 -193.087 -0.819216 -1.46284 49.7496
49.9388 99.8906 -192.838 -0.848967 -1.51572 49.776
49.9345 99.8828 -192.59 -0.878753 -1.56866 49.8024
49.93 99.8749 -192.34 -0.908574 -1.62163 49.8288
49.9254 99.8666 -192.091 -0.938429 -1.67465 49.8551
49.9206 99.8581 -191.842 -0.96832 -1.72772 49.8814
49.9157 99.8494 -191.592 -0.998246 -1.78084 49.9076
49.9106 99.8403 -191.343 -1.02821 -1.83399 49.9339
49.9054 99.831 -191.093 -1.0582 -1.8872 49.9601
49.9001 99.8214 -190.843 -1.08824 -1.94045 49.9863
49.8945 99.8116 -190.593 -1.1183 -1.99375 50.0125
49.8889 99.8015 -190.343 -1.14841 -2.04709 50.0386
49.8831 99.7911 -190.093 -1.17855 -2.10048 50.0647
49.8771 99.7805 -189.842 -1.20872 -2.15392 50.0908
49.871 99.7696 -189.592 -1.23893 -2.2074 50.1169
49.8647 99.7584 -189.341 -1.26918 -2.26093 50.1429
49.8583 99.747 -189.091 -1.29946 -2.3145 50.1689
49.8517 99.7353 -188.84 -1.32978 -2.36812 50.1949
49.845 99.7233 -188.589 -1.36014 -2.42179 50.2209
49.8381 99.7111 -188.337 -1.39053 -2.47551 50.2468
49.8311 99.6986 -188.086 -1.42096 -2.52927 50.2727
49.8239 99.6858 -187.835 -1.45142 -2.58308 50.2986
49.8166 99.6727 -187.583 -1.48192 -2.63694 50.3244
49.8091 99.6594 -187.331 -1.51246 -2.69084 50.3503
49.8014 99.6458 -187.08 -1.54303 -2.7448 50.3761
49.7936 99.632 -186.828 -1.57365 -2.7988 50.4018
49.7857 99.6178 -186.576 -1.60429 -2.85284 50.4276
49.7776 99.6034 -186.323 -1.63498 -2.90694 50.4533
49.7693 99.5888 -186.071 -1.6657 -2.96108 50.479
49.7609 99.5738 -185.819 -1.69646 -3.01528 50.5047
49.7524 99.5586 -185.566 -1.72726 -3.06952 50.5303
49.7437 99.5431 -185.313 -1.7581 -3.1238 50.5559
49.7348 99.5274 -185.06 -1.78897 -3.17814 50.5815
49.7258 99.5113 -184.807 -1.81988 -3.23253 50.6071
49.7166 99.495 -184.554 -1.85083 -3.28696 50.6326
49.7073 99.4785 -184.301 -1.88181 -3.34144 50.6581
49.6978 99.4616 -184.048 -1.91284 -3.39597 50.6836
49.6881 99.4445 -183.794 -1.9439 -3.45055 50.7091
49.6783 99.4271 -183.541 -1.975 -3.50518 50.7345
49.6684 99.4095 -183.287 -2.00614 -3.55986 50.7599
49.6583 99.3915 -183.033 -2.03731 -3.61459 50.7853
49.648 99.3733 -182.779 -2.06853 -3.66937 50.8106
49.6376 99.3548 -182.525 -2.09978 -3.7242 50.8359
49.627 99.3361 -182.271 -2.13108 -3.77907 50.8612
49.6163 99.317 -182.016 -2.16241 -3.834 50.8865
49.6054 99.2977 -181.762 -2.19378 -3.88898 50.9117
49.5944 99.2781 -181.507 -2.22519 -3.944 50.9369
49.5831 99.2583 -181.253 -2.25663 -3.99908 50.9621
49.5718 99.2382 -180.998 -2.28812 -4.05421 50.9873
49.5603 99.2177 -180.743 -2.31965 -4.10938 51.0124
49.5486 99.1971 -180.488 -2.35121 -4.16461 51.0375
49.5368 99.1761 -180.232 -2.38282 -4.21989 51.0626
49.5248 99.1549 -179.977 -2.41446 -4.27522 51.0877
49.5126 99.1333 -179.721 -2.44615 -4.3306 51.1127
49.5003 99.1116 -179.466 -2.47787 -4.38603 51.1377
49.4878 99.0895 -179.21 -2.50964 -4.44151 51.1626
49.4752 99.0671 -178.954 -2.54144 -4.49705 51.1876
49.4624 99.0445 -178.698 -2.57329 -4.55263 51.2125
49.4495 99.0216 -178.442 -2.60517 -4.60827 51.2374
49.4364 98.9984 -178.186 -2.6371 -4.66395 51.2622
49.4231 98.975 -177.929 -2.66906 -4.71969 51.2871
49.4097 98.9512 -177.673 -2.70107 -4.77549 51.3119
49.3961 98.9272 -177.416 -2.73312 -4.83133 51.3366
49.3823 98.9029 -177.16 -2.7652 -4.88723 51.3614
49.3684 98.8783 -176.903 -2.79733 -4.94317 51.3861
49.3544 98.8535 -176.646 -2.8295 -4.99917 51.4108
49.3401 98.8284 -176.389 -2.86171 -5.05523 51.4355
49.3258 98.8029 -176.131 -2.89397 -5.11133 51.4601
49.3112 98.7772 -175.874 -2.92626 -5.16749 51.4847
49.2965 98.7513 -175.616 -2.95859 -5.2237 51.5093
49.2816 98.725 -175.359 -2.99097 -5.27997 51.5339
49.2666 98.6985 -175.101 -3.02339 -5.33628 51.5584
49.2514 98.6716 -174.843 -3.05585 -5.39266 51.5829
49.236 98.6445 -174.585 -3.08835 -5.44908 51.6073
49.2205 98.6172 -174.327 -3.12089 -5.50556 51.6318
49.2048 98.5895 -174.069 -3.15348 -5.56209 51.6562
49.189 98.5615 -173.811 -3.18611 -5.61867 51.6806
49.173 98.5333 -173.552 -3.21878 -5.67531 51.7049
49.1568 98.5048 -173.294 -3.25149 -5.73201 51.7293
49.1404 98.476 -173.035 -3.28425 -5.78876 51.7536
49.1239 98.4469 -172.776 -3.31705 -5.84556 51.7779
49.1073 98.4175 -172.517 -3.34989 -5.90241 51.8021
49.0904 98.3879 -172.258 -3.38277 -5.95933 51.8263
49.0734 98.3579 -171.999 -3.4157 -6.01629 51.8505
49.0563 98.3277 -171.74 -3.44867 -6.07331 51.8747
49.039 98.2972 -171.48 -3.48168 -6.13039 51.8988
49.0215 98.2664 -171.221 -3.51474 -6.18752 51.9229
49.0038 98.2353 -170.961 -3.54784 -6.24471 51.947
48.986 98.204 -170.701 -3.58099 -6.30195 51.971
48.968 98.1723 -170.441 -3.61418 -6.35925 51.995
48.9498 98.1404 -170.181 -3.64741 -6.4166 52.019
48.9315 98.1081 -169.921 -3.68068 -6.47401 52.043
48.913 98.0756 -169.661 -3.71401 -6.53148 52.0669
48.8944 98.0428 -169.4 -3.74737 -6.589 52.0908
48.8756 98.0097 -169.14 -3.78078 -6.64658 52.1147
48.8566 97.9764 -168.879 -3.81423 -6.70422 52.1385
48.8374 97.9427 -168.618 -3.84773 -6.76191 52.1624
48.8181 97.9087 -168.358 -3.88128 -6.81966 52.1861
48.7986 97.8745 -168.097 -3.91486 -6.87746 52.2099
48.7789 97.84 -167.835 -3.9485 -6.93532 52.2336
48.7591 97.8051 -167.574 -3.98218 -6.99324 52.2573
48.7391 97.77 -167.313 -4.0159 -7.05122 52.281
48.719 97.7346 -167.051 -4.04967 -7.10926 52.3046
48.6986 97.6989 -166.79 -4.08349 -7.16735 52.3283
48.6781 97.663 -166.528 -4.11735 -7.2255 52.3518
48.6575 97.6267 -166.266 -4.15125 -7.28371 52.3754
48.6366 97.5901 -166.004 -4.18521 -7.34198 52.3989
48.6156 97.5533 -165.742 -4.2192 -7.4003 52.4224
48.5944 97.5161 -165.48 -4.25325 -7.45869 52.4459
48.5731 97.4787 -165.218 -4.28734 -7.51713 52.4693
48.5516 97.4409 -164.955 -4.32148 -7.57563 52.4927
48.5299 97.4029 -164.693 -4.35566 -7.63419 52.5161
48.508 97.3646 -164.43 -4.38989 -7.69281 52.5395
48.486 97.326 -164.168 -4.42417 -7.75149 52.5628
48.4638 97.2871 -163.905 -4.4585 -7.81023 52.5861
48.4414 97.2479 -163.642 -4.49287 -7.86903 52.6093
48.4188 97.2084 -163.379 -4.52729 -7.92788 52.6326
48.3961 97.1686 -163.115 -4.56176 -7.9868 52.6558
48.3732 97.1285 -162.852 -4.59627 -8.04578 52.6789
48.3501 97.0882 -162.589 -4.63084 -8.10482 52.7021
48.3269 97.0475 -162.325 -4.66545 -8.16392 52.7252
48.3035 97.0065 -162.061 -4.7001 -8.22308 52.7483
48.2799 96.9652 -161.797 -4.73481 -8.2823 52.7713
48.2561 96.9237 -161.534 -4.76957 -8.34158 52.7943
48.2322 96.8818 -161.27 -4.80437 -8.40092 52.8173
48.2081 96.8397 -161.005 -4.83922 -8.46032 52.8403
48.1838 96.7972 -160.741 -4.87412 -8.51979 52.8632
48.1594 96.7545 -160.477 -4.90907 -8.57932 52.8861
48.1347 96.7114 -160.212 -4.94407 -8.6389 52.909
48.1099 96.6681 -159.948 -4.97912 -8.69855 52.9318
48.0849 96.6245 -159.683 -5.01421 -8.75827 52.9546
48.0598 96.5805 -159.418 -5.04936 -8.81804 52.9774
48.0344 96.5363 -159.153 -5.08455 -8.87788 53.0002
48.0089 96.4917 -158.888 -5.1198 -8.93778 53.0229
47.9832 96.4469 -158.623 -5.1551 -8.99774 53.0456
47.9574 96.4018 -158.358 -5.19044 -9.05777 53.0682
47.9313 96.3563 -158.092 -5.22584 -9.11786 53.0909
47.9051 96.3106 -157.827 -5.26128 -9.17801 53.1134
47.8787 96.2645 -157.561 -5.29678 -9.23823 53.136
47.8521 96.2182 -157.295 -5.33232 -9.29851 53.1585
47.8254 96.1716 -157.03 -5.36792 -9.35885 53.181
47.7985 96.1246 -156.764 -5.40357 -9.41926 53.2035
47.7714 96.0774 -156.498 -5.43927 -9.47973 53.226
47.7441 96.0298 -156.231 -5.47502 -9.54027 53.2484
47.7166 95.982 -155.965 -5.51082 -9.60087 53.2707
47.689 95.9338 -155.699 -5.54667 -9.66154 53.2931
47.6611 95.8853 -155.432 -5.58258 -9.72227 53.3154
47.6331 95.8366 -155.165 -5.61853 -9.78306 53.3377
47.605 95.7875 -154.899 -5.65454 -9.84393 53.3599
47.5766 95.7381 -154.632 -5.6906 -9.90485 53.3822
47.5481 95.6885 -154.365 -5.72672 -9.96585 53.4044
47.5193 95.6385 -154.098 -5.76288 -10.0269 53.4265
47.4904 95.5882 -153.831 -5.7991 -10.088 53.4486
47.4613 95.5376 -153.563 -5.83537 -10.1492 53.4707
47.4321 95.4867 -153.296 -5.87169 -10.2105 53.4928
47.4026 95.4355 -153.028 -5.90807 -10.2718 53.5148
47.373 95.384 -152.761 -5.9445 -10.3332 53.5368
47.3432 95.3322 -152.493 -5.98098 -10.3947 53.5588
47.3132 95.28 -152.225 -6.01751 -10.4562 53.5808
47.283 95.2276 -151.957 -6.0541 -10.5178 53.6027
47.2526 95.1749 -151.689 -6.09075 -10.5794 53.6245
47.2221 95.1218 -151.421 -6.12744 -10.6412 53.6464
47.1914 95.0684 -151.153 -6.1642 -10.703 53.6682
47.1605 95.0148 -150.884 -6.201 -10.7648 53.69
47.1294 94.9608 -150.616 -6.23786 -10.8268 53.7117
47.0981 94.9065 -150.347 -6.27477 -10.8888 53.7334
47.0666 94.8519 -150.078 -6.31174 -10.9508 53.7551
47.035 94.797 -149.81 -6.34877 -11.013 53.7768
47.0031 94.7418 -149.541 -6.38585 -11.0752 53.7984
46.9711 94.6862 -149.272 -6.42298 -11.1375 53.82
46.9389 94.6304 -149.002 -6.46017 -11.1998 53.8415
46.9065 94.5742 -148.733 -6.49741 -11.2623 53.863
46.8739 94.5178 -148.464 -6.53471 -11.3247 53.8845
46.8411 94.461 -148.194 -6.57207 -11.3873 53.906
46.8082 94.4039 -147.925 -6.60948 -11.4499 53.9274
46.7751 94.3465 -147.655 -6.64695 -11.5126 53.9488
46.7417 94.2888 -147.385 -6.68447 -11.5754 53.9701
46.7082 94.2307 -147.115 -6.72206 -11.6383 53.9915
46.6745 94.1724 -146.845 -6.75969 -11.7012 54.0128
46.6406 94.1137 -146.575 -6.79739 -11.7642 54.034
46.6065 94.0548 -146.305 -6.83514 -11.8272 54.0552
46.5723 93.9955 -146.035 -6.87295 -11.8904 54.0764
46.5378 93.9359 -145.764 -6.91081 -11.9536 54.0976
46.5032 93.8759 -145.494 -6.94874 -12.0168 54.1187
46.4683 93.8157 -145.223 -6.98672 -12.0802 54.1398
46.4333 93.7551 -144.952 -7.02476 -12.1436 54.1609
46.3981 93.6942 -144.681 -7.06285 -12.2071 54.1819
46.3627 93.6331 -144.411 -7.10101 -12.2707 54.2029
46.3271 93.5715 -144.139 -7.13922 -12.3343 54.2239
46.2913 93.5097 -143.868 -7.17749 -12.3981 54.2448
46.2553 93.4476 -143.597 -7.21582 -12.4619 54.2657
46.2191 93.3851 -143.326 -7.25421 -12.5257 54.2866
46.1827 93.3223 -143.054 -7.29266 -12.5897 54.3074
46.1462 93.2592 -142.783 -7.33116 -12.6537 54.3282
46.1094 93.1958 -142.511 -7.36973 -12.7178 54.3489
46.0725 93.132 -142.239 -7.40836 -12.7819 54.3697
46.0353 93.0679 -141.967 -7.44704 -12.8462 54.3904
45.998 93.0036 -141.695 -7.48579 -12.9105 54.411
45.9605 92.9388 -141.423 -7.52459 -12.9749 54.4317
45.9228 92.8738 -141.151 -7.56346 -13.0394 54.4523
45.8849 92.8084 -140.879 -7.60238 -13.1039 54.4728
45.8467 92.7428 -140.606 -7.64137 -13.1686 54.4933
45.8084 92.6768 -140.334 -7.68041 -13.2333 54.5138
45.7699 92.6104 -140.061 -7.71952 -13.298 54.5343
45.7312 92.5438 -139.788 -7.75869 -13.3629 54.5547
45.6924 92.4768 -139.515 -7.79792 -13.4278 54.5751
45.6533 92.4095 -139.243 -7.83721 -13.4929 54.5955
45.614 92.3419 -138.969 -7.87656 -13.5579 54.6158
45.5745 92.2739 -138.696 -7.91598 -13.6231 54.6361
45.5348 92.2056 -138.423 -7.95545 -13.6884 54.6563
45.4949 92.137 -138.15 -7.99499 -13.7537 54.6766
45.4549 92.0681 -137.876 -8.03459 -13.8191 54.6968
45.4146 91.9989 -137.603 -8.07426 -13.8846 54.7169
45.3741 91.9293 -137.329 -8.11398 -13.9502 54.737
45.3335 91.8593 -137.055 -8.15377 -14.0158 54.7571
45.2926 91.7891 -136.782 -8.19362 -14.0816 54.7772
45.2515 91.7185 -136.508 -8.23354 -14.1474 54.7972
45.2103 91.6476 -136.234 -8.27352 -14.2133 54.8172
45.1688 91.5764 -135.96 -8.31356 -14.2792 54.8371
45.1271 91.5048 -135.685 -8.35366 -14.3453 54.8571
45.0853 91.4329 -135.411 -8.39383 -14.4114 54.8769
45.0432 91.3607 -135.137 -8.43407 -14.4777 54.8968
45.0009 91.2882 -134.862 -8.47437 -14.544 54.9166
44.9584 91.2153 -134.587 -8.51473 -14.6104 54.9364
44.9158 91.1421 -134.313 -8.55516 -14.6768 54.9561
44.8729 91.0685 -134.038 -8.59565 -14.7434 54.9759
44.8298 90.9946 -133.763 -8.63621 -14.81 54.9955
44.7865 90.9204 -133.488 -8.67683 -14.8768 55.0152
44.743 90.8459 -133.213 -8.71752 -14.9436 55.0348
44.6993 90.771 -132.937 -8.75827 -15.0105 55.0544
44.6555 90.6958 -132.662 -8.79909 -15.0774 55.0739
44.6114 90.6202 -132.387 -8.83998 -15.1445 55.0934
44.5671 90.5443 -132.111 -8.88093 -15.2117 55.1129
44.5225 90.4681 -131.836 -8.92195 -15.2789 55.1323
44.4778 90.3915 -131.56 -8.96304 -15.3462 55.1518
44.4329 90.3146 -131.284 -9.00419 -15.4136 55.1711
44.3878 90.2374 -131.008 -9.04541 -15.4811 55.1905
44.3425 90.1598 -130.732 -9.0867 -15.5487 55.2098
44.2969 90.0819 -130.456 -9.12805 -15.6164 55.2291
44.2512 90.0037 -130.18 -9.16947 -15.6842 55.2483
44.2052 89.9251 -129.904 -9.21096 -15.752 55.2675
44.1591 89.8461 -129.627 -9.25252 -15.8199 55.2867
44.1127 89.7669 -129.351 -9.29415 -15.888 55.3058
44.0661 89.6873 -129.074 -9.33585 -15.9561 55.3249
44.0193 89.6073 -128.797 -9.37761 -16.0243 55.344
43.9724 89.527 -128.521 -9.41945 -16.0926 55.363
43.9252 89.4464 -128.244 -9.46135 -16.161 55.382
43.8777 89.3654 -127.967 -9.50333 -16.2295 55.401
43.8301 89.2841 -127.69 -9.54537 -16.2981 55.42
43.7823 89.2024 -127.413 -9.58748 -16.3667 55.4389
43.7342 89.1204 -127.135 -9.62967 -16.4355 55.4577
43.686 89.0381 -126.858 -9.67192 -16.5043 55.4766
43.6375 88.9554 -126.581 -9.71425 -16.5733 55.4954
43.5889 88.8723 -126.303 -9.75665 -16.6423 55.5142
43.54 88.7889 -126.026 -9.79911 -16.7115 55.5329
43.4909 88.7052 -125.748 -9.84165 -16.7807 55.5516
43.4415 88.6211 -125.47 -9.88427 -16.85 55.5703
43.392 88.5367 -125.192 -9.92695 -16.9195 55.5889
43.3423 88.4519 -124.914 -9.96971 -16.989 55.6076
43.2923 88.3668 -124.636 -10.0125 -17.0586 55.6261
43.2422 88.2814 -124.358 -10.0554 -17.1283 55.6447
43.1918 88.1955 -124.08 -10.0984 -17.1981 55.6632
43.1412 88.1094 -123.801 -10.1415 -17.268 55.6817
43.0904 88.0229 -123.523 -10.1846 -17.338 55.7001
43.0393 87.936 -123.244 -10.2278 -17.4081 55.7185
42.9881 87.8488 -122.966 -10.2711 -17.4783 55.7369
42.9366 87.7612 -122.687 -10.3144 -17.5487 55.7553
42.8849 87.6733 -122.408 -10.3578 -17.6191 55.7736
42.833 87.585 -122.129 -10.4013 -17.6896 55.7919
42.7809 87.4964 -121.85 -10.4449 -17.7602 55.8102
42.7286 87.4074 -121.571 -10.4886 -17.8309 55.8284
42.676 87.3181 -121.292 -10.5323 -17.9017 55.8466
42.6233 87.2284 -121.013 -10.5761 -17.9727 55.8648
42.5703 87.1384 -120.733 -10.62 -18.0437 55.8829
42.5171 87.048 -120.454 -10.6639 -18.1148 55.901
42.4636 86.9572 -120.174 -10.708 -18.1861 55.9191
42.41 86.8661 -119.895 -10.7521 -18.2574 55.9371
42.3561 86.7746 -119.615 -10.7963 -18.3289 55.9551
42.302 86.6828 -119.335 -10.8406 -18.4005 55.9731
42.2477 86.5906 -119.055 -10.8849 -18.4721 55.991
42.1932 86.4981 -118.775 -10.9294 -18.5439 56.009
42.1384 86.4052 -118.495 -10.9739 -18.6158 56.0268
42.0834 86.3119 -118.215 -11.0185 -18.6878 56.0447
42.0282 86.2183 -117.935 -11.0631 -18.7599 56.0625
41.9728 86.1243 -117.654 -11.1079 -18.8322 56.0803
41.9171 86.03 -117.374 -11.1527 -18.9045 56.0981
41.8613 85.9353 -117.093 -11.1976 -18.977 56.1158
41.8052 85.8402 -116.813 -11.2426 -19.0496 56.1335
41.7488 85.7448 -116.532 -11.2877 -19.1222 56.1511
41.6923 85.649 -116.251 -11.3329 -19.195 56.1688
41.6355 85.5528 -115.97 -11.3781 -19.268 56.1864
41.5785 85.4563 -115.689 -11.4234 -19.341 56.204
41.5213 85.3594 -115.408 -11.4688 -19.4142 56.2215
41.4638 85.2622 -115.127 -11.5143 -19.4875 56.239
41.4061 85.1646 -114.846 -11.5599 -19.5609 56.2565
41.3482 85.0666 -114.564 -11.6056 -19.6344 56.2739
41.2901 84.9682 -114.283 -11.6513 -19.708 56.2914
41.2317 84.8695 -114.002 -11.6971 -19.7818 56.3088
41.1731 84.7704 -113.72 -11.743 -19.8557 56.3261
41.1143 84.6709 -113.438 -11.789 -19.9297 56.3434
41.0552 84.5711 -113.157 -11.8351 -20.0038 56.3607
40.9959 84.4709 -112.875 -11.8812 -20.0781 56.378
40.9364 84.3703 -112.593 -11.9275 -20.1525 56.3953
40.8767 84.2694 -112.311 -11.9738 -20.227 56.4125
40.8167 84.1681 -112.029 -12.0202 -20.3017 56.4296
40.7565 84.0664 -111.746 -12.0667 -20.3765 56.4468
40.696 83.9643 -111.464 -12.1132 -20.4514 56.4639
40.6353 83.8618 -111.182 -12.1599 -20.5265 56.481
40.5744 83.759 -110.899 -12.2066 -20.6017 56.4981
40.5133 83.6558 -110.617 -12.2535 -20.677 56.5151
40.4519 83.5523 -110.334 -12.3004 -20.7524 56.5321
40.3903 83.4483 -110.051 -12.3474 -20.828 56.5491
40.3284 83.344 -109.769 -12.3945 -20.9038 56.5661
40.2663 83.2393 -109.486 -12.4416 -20.9797 56.583
40.204 83.1342 -109.203 -12.4889 -21.0557 56.5999
40.1414 83.0287 -108.92 -12.5362 -21.1318 56.6167
40.0786 82.9229 -108.637 -12.5837 -21.2082 56.6336
40.0156 82.8166 -108.353 -12.6312 -21.2846 56.6504
39.9523 82.71 -108.07 -12.6788 -21.3612 56.6672
39.8888 82.603 -107.787 -12.7265 -21.438 56.6839
39.825 82.4956 -107.503 -12.7742 -21.5149 56.7007
39.7611 82.3879 -107.22 -12.8221 -21.5919 56.7174
39.6968 82.2797 -106.936 -12.87 -21.6691 56.7341
39.6324 82.1712 -106.652 -12.9181 -21.7465 56.7507
39.5676 82.0622 -106.369 -12.9662 -21.824 56.7673
39.5027 81.9529 -106.085 -13.0144 -21.9017 56.7839
39.4375 81.8432 -105.801 -13.0627 -21.9795 56.8005
39.3721 81.7331 -105.517 -13.1111 -22.0575 56.817
39.3064 81.6227 -105.233 -13.1596 -22.1357 56.8336
39.2405 81.5118 -104.948 -13.2081 -22.214 56.8501
39.1743 81.4005 -104.664 -13.2568 -22.2925 56.8665
39.1079 81.2889 -104.38 -13.3055 -22.3711 56.883
39.0413 81.1768 -104.095 -13.3543 -22.45 56.8994
38.9744 81.0644 -103.811 -13.4032 -22.529 56.9158
38.9072 80.9515 -103.526 -13.4522 -22.6082 56.9322
38.8398 80.8383 -103.241 -13.5013 -22.6875 56.9485
38.7722 80.7246 -102.957 -13.5505 -22.7671 56.9648
38.7043 80.6106 -102.672 -13.5997 -22.8468 56.9811
38.6362 80.4962 -102.387 -13.6491 -22.9267 56.9974
38.5678 80.3813 -102.102 -13.6985 -23.0068 57.0136
38.4992 80.2661 -101.817 -13.7481 -23.0871 57.0298
38.4304 80.1505 -101.532 -13.7977 -23.1675 57.046
38.3612 80.0344 -101.246 -13.8474 -23.2482 57.0622
38.2919 79.918 -100.961 -13.8972 -23.3291 57.0783
38.2223 79.8011 -100.675 -13.947 -23.4101 57.0944
38.1524 79.6839 -100.39 -13.997 -23.4914 57.1105
38.0823 79.5662 -100.104 -14.0471 -23.5729 57.1266
38.0119 79.4482 -99.8187 -14.0972 -23.6545 57.1426
37.9413 79.3297 -99.5329 -14.1475 -23.7364 57.1586
37.8705 79.2108 -99.2471 -14.1978 -23.8185 57.1746
37.7994 79.0915 -98.9612 -14.2482 -23.9008 57.1906
37.728 78.9718 -98.6752 -14.2987 -23.9834 57.2065
37.6564 78.8517 -98.3891 -14.3493 -24.0661 57.2224
37.5845 78.7311 -98.103 -14.4 -24.1491 57.2383
37.5124 78.6102 -97.8167 -14.4508 -24.2323 57.2541
37.44 78.4888 -97.5304 -14.5016 -24.3158 57.2699
37.3674 78.367 -97.244 -14.5526 -24.3994 57.2857
37.2945 78.2448 -96.9576 -14.6036 -24.4834 57.3014
37.2213 78.1222 -96.671 -14.6547 -24.5675 57.3172
37.1479 77.9991 -96.3844 -14.706 -24.6519 57.3328
37.0743 77.8757 -96.0977 -14.7573 -24.7366 57.3485
37.0003 77.7518 -95.8109 -14.8087 -24.8215 57.3641
36.9262 77.6274 -95.5241 -14.8601 -24.9067 57.3797
36.8517 77.5027 -95.2371 -14.9117 -24.9921 57.3952
36.7771 77.3775 -94.9501 -14.9634 -25.0778 57.4107
36.7021 77.2519 -94.663 -15.0151 -25.1638 57.4261
36.6269 77.1259 -94.3759 -15.067 -25.25 57.4415
36.5514 76.9994 -94.0886 -15.1189 -25.3366 57.4569
36.4757 76.8725 -93.8013 -15.171 -25.4234 57.4722
36.3997 76.7452 -93.5139 -15.2231 -25.5105 57.4874
36.3235 76.6174 -93.2264 -15.2753 -25.5978 57.5026
36.247 76.4892 -92.9389 -15.3276 -25.6855 57.5177
36.1702 76.3606 -92.6512 -15.38 -25.7735 57.5328
36.0932 76.2315 -92.3635 -15.4325 -25.8618 57.5478
36.0159 76.1019 -92.0758 -15.485 -25.9504 57.5628
35.9383 75.972 -91.7879 -15.5377 -26.0393 57.5777
35.8605 75.8415 -91.5 -15.5904 -26.1285 57.5925
35.7824 75.7107 -91.212 -15.6433 -26.218 57.6072
35.7041 75.5794 -90.9239 -15.6962 -26.3079 57.6218
35.6255 75.4476 -90.6358 -15.7492 -26.3981 57.6364
35.5466 75.3154 -90.3475 -15.8024 -26.4886 57.6508
35.4674 75.1827 -90.0593 -15.8556 -26.5795 57.6652
35.388 75.0496 -89.7709 -15.9089 -26.6707 57.6795
35.3083 74.916 -89.4825 -15.9623 -26.7622 57.6936
35.2284 74.782 -89.194 -16.0158 -26.8541 57.7077
35.1482 74.6475 -88.9054 -16.0694 -26.9463 57.7216
35.0677 74.5125 -88.6167 -16.123 -27.0389 57.7354
34.987 74.3771 -88.328 -16.1768 -27.1319 57.7491
34.9059 74.2412 -88.0392 -16.2307 -27.2252 57.7626
34.8247 74.1048 -87.7504 -16.2846 -27.3188 57.776
34.7431 73.968 -87.4615 -16.3387 -27.4129 57.7892
34.6613 73.8307 -87.1725 -16.3928 -27.5073 57.8023
34.5792 73.6929 -86.8835 -16.4471 -27.602 57.8152
34.4968 73.5547 -86.5944 -16.5014 -27.6972 57.8279
34.4142 73.4159 -86.3052 -16.5558 -27.7927 57.8405
34.3312 73.2767 -86.0159 -16.6104 -27.8885 57.8528
34.2481 73.1371 -85.7267 -16.665 -27.9848 57.8649
34.1646 72.9969 -85.4373 -16.7197 -28.0814 57.8769
34.0809 72.8562 -85.1479 -16.7745 -28.1784 57.8885
33.9968 72.7151 -84.8584 -16.8294 -28.2757 57.9
33.9126 72.5735 -84.5689 -16.8845 -28.3734 57.9112
33.828 72.4314 -84.2793 -16.9396 -28.4715 57.9222
33.7432 72.2888 -83.9897 -16.9948 -28.5699 57.9329
33.6581 72.1457 -83.7 -17.0501 -28.6686 57.9433
33.5727 72.0021 -83.4102 -17.1055 -28.7678 57.9535
33.487 71.858 -83.1204 -17.161 -28.8672 57.9633
33.4011 71.7134 -82.8306 -17.2166 -28.967 57.9729
33.3148 71.5683 -82.5407 -17.2723 -29.0671 57.9821
33.2283 71.4227 -82.2508 -17.3281 -29.1676 57.9911
33.1415 71.2767 -81.9608 -17.384 -29.2684 57.9997
33.0545 71.1301 -81.6708 -17.44 -29.3694 58.0079
32.9671 70.983 -81.3807 -17.4961 -29.4708 58.0158
32.8795 70.8354 -81.0906 -17.5523 -29.5725 58.0233
32.7916 70.6872 -80.8005 -17.6087 -29.6744 58.0305
32.7034 70.5386 -80.5103 -17.6651 -29.7766 58.0373
32.615 70.3895 -80.2201 -17.7216 -29.879 58.0437
32.5262 70.2398 -79.9299 -17.7782 -29.9817 58.0497
32.4372 70.0897 -79.6396 -17.8349 -30.0847 58.0553
32.3479 69.939 -79.3493 -17.8917 -30.1878 58.0605
32.2583 69.7878 -79.059 -17.9486 -30.2911 58.0653
32.1684 69.6361 -78.7687 -18.0056 -30.3947 58.0697
32.0782 69.4838 -78.4783 -18.0627 -30.4984 58.0737
31.9878 69.3311 -78.1879 -18.1199 -30.6022 58.0772
31.897 69.1778 -77.8975 -18.1772 -30.7062 58.0803
31.806 69.024 -77.6071 -18.2346 -30.8104 58.083
31.7147 68.8697 -77.3167 -18.2921 -30.9146 58.0853
31.6231 68.7149 -77.0263 -18.3497 -31.019 58.0871
31.5312 68.5595 -76.7358 -18.4074 -31.1234 58.0885
31.439 68.4036 -76.4454 -18.4652 -31.2279 58.0895
31.3465 68.2472 -76.1549 -18.5231 -31.3324 58.09
31.2538 68.0903 -75.8645 -18.581 -31.437 58.0902
31.1607 67.9329 -75.574 -18.6391 -31.5416 58.0899
31.0674 67.7749 -75.2836 -18.6973 -31.6463 58.0891
30.9737 67.6164 -74.9932 -18.7555 -31.7509 58.088
30.8798 67.4574 -74.7027 -18.8139 -31.8555 58.0865
30.7856 67.2979 -74.4123 -18.8723 -31.96 58.0845
30.6911 67.1378 -74.1219 -18.9308 -32.0646 58.0821
30.5963 66.9772 -73.8315 -18.9894 -32.169 58.0794
30.5012 66.8161 -73.5411 -19.0481 -32.2734 58.0763
30.4058 66.6545 -73.2507 -19.1069 -32.3778 58.0727
30.3101 66.4923 -72.9604 -19.1657 -32.482 58.0689
30.2142 66.3297 -72.67 -19.2247 -32.5861 58.0646
30.1179 66.1665 -72.3797 -19.2837 -32.6902 58.06
30.0213 66.0028 -72.0894 -19.3428 -32.7941 58.055
29.9245 65.8385 -71.7992 -19.402 -32.8979 58.0497
29.8273 65.6738 -71.5089 -19.4613 -33.0016 58.0441
29.7298 65.5085 -71.2187 -19.5206 -33.1051 58.0381
29.6321 65.3427 -70.9285 -19.5801 -33.2085 58.0319
29.534 65.1764 -70.6384 -19.6396 -33.3118 58.0253
29.4357 65.0096 -70.3483 -19.6991 -33.4149 58.0184
29.3371 64.8423 -70.0582 -19.7588 -33.5179 58.0112
29.2381 64.6744 -69.7682 -19.8185 -33.6207 58.0038
29.1389 64.5061 -69.4782 -19.8783 -33.7233 57.996
29.0393 64.3372 -69.1882 -19.9382 -33.8258 57.988
28.9395 64.1678 -68.8983 -19.9981 -33.9282 57.9798
28.8393 63.9979 -68.6084 -20.0582 -34.0303 57.9713
28.7389 63.8275 -68.3186 -20.1182 -34.1324 57.9625
28.6382 63.6566 -68.0288 -20.1784 -34.2342 57.9535
28.5371 63.4852 -67.739 -20.2386 -34.3359 57.9443
28.4358 63.3132 -67.4493 -20.2989 -34.4375 57.9348
28.3341 63.1408 -67.1597 -20.3593 -34.5389 57.9251
28.2322 62.9678 -66.8701 -20.4198 -34.6401 57.9152
28.1299 62.7944 -66.5805 -20.4803 -34.7412 57.9051
28.0274 62.6204 -66.291 -20.5409 -34.8422 57.8948
27.9245 62.446 -66.0016 -20.6015 -34.943 57.8843
27.8214 62.271 -65.7122 -20.6622 -35.0437 57.8736
27.7179 62.0955 -65.4229 -20.723 -35.1442 57.8627
27.6141 61.9196 -65.1336 -20.7839 -35.2446 57.8516
27.5101 61.7431 -64.8443 -20.8449 -35.3449 57.8403
27.4057 61.5661 -64.5552 -20.9059 -35.4451 57.8288
27.301 61.3886 -64.2661 -20.967 -35.5451 57.8171
27.196 61.2107 -63.977 -21.0281 -35.645 57.8053
27.0907 61.0322 -63.688 -21.0894 -35.7448 57.7933
26.9851 60.8532 -63.3991 -21.1507 -35.8445 57.7811
26.8792 60.6737 -63.1102 -21.2121 -35.9441 57.7687
26.773 60.4938 -62.8214 -21.2735 -36.0436 57.7561
26.6665 60.3133 -62.5326 -21.3351 -36.1431 57.7434
26.5597 60.1323 -62.2439 -21.3967 -36.2424 57.7305
26.4525 59.9509 -61.9553 -21.4584 -36.3416 57.7174
26.3451 59.7689 -61.6668 -21.5202 -36.4408 57.7041
26.2373 59.5865 -61.3783 -21.5821 -36.5399 57.6906
26.1293 59.4035 -61.0899 -21.644 -36.639 57.677
26.0209 59.2201 -60.8015 -21.7061 -36.738 57.6632
25.9122 59.0361 -60.5132 -21.7682 -36.8369 57.6492
25.8032 58.8517 -60.225 -21.8305 -36.9358 57.6351
25.6939 58.6668 -59.9369 -21.8928 -37.0346 57.6207
25.5843 58.4814 -59.6488 -21.9552 -37.1334 57.6062
25.4743 58.2955 -59.3608 -22.0177 -37.2322 57.5915
25.3641 58.109 -59.0729 -22.0804 -37.3309 57.5766
25.2535 57.9221 -58.785 -22.1431 -37.4296 57.5615
25.1427 57.7348 -58.4973 -22.2059 -37.5283 57.5462
25.0315 57.5469 -58.2096 -22.2689 -37.627 57.5307
24.92 57.3585 -57.922 -22.332 -37.7256 57.515
24.8082 57.1696 -57.6344 -22.3951 -37.8243 57.4992
24.696 56.9802 -57.347 -22.4584 -37.923 57.4831
24.5836 56.7904 -57.0596 -22.5218 -38.0216 57.4668
24.4708 56.6 -56.7723 -22.5854 -38.1203 57.4503
24.3577 56.4092 -56.4851 -22.649 -38.219 57.4337
24.2443 56.2178 -56.198 -22.7128 -38.3177 57.4168
24.1306 56.026 -55.9109 -22.7768 -38.4164 57.3997
24.0165 55.8337 -55.624 -22.8408 -38.5152 57.3824
23.9022 55.6408 -55.3371 -22.905 -38.614 57.3648
23.7875 55.4475 -55.0503 -22.9694 -38.7128 57.3471
23.6725 55.2537 -54.7636 -23.0339 -38.8117 57.3291
23.5572 55.0594 -54.477 -23.0986 -38.9107 57.311
23.4415 54.8646 -54.1905 -23.1634 -39.0096 57.2926
23.3255 54.6693 -53.9041 -23.2283 -39.1087 57.2739
23.2092 54.4735 -53.6178 -23.2935 -39.2078 57.2551
23.0926 54.2772 -53.3316 -23.3587 -39.3069 57.236
22.9756 54.0805 -53.0454 -23.4242 -39.4062 57.2167
22.8584 53.8832 -52.7594 -23.4899 -39.5055 57.1971
22.7407 53.6854 -52.4735 -23.5557 -39.6048 57.1774
22.6228 53.4871 -52.1876 -23.6217 -39.7043 57.1574
22.5045 53.2884 -51.9019 -23.6878 -39.8038 57.1371
22.3859 53.0891 -51.6162 -23.7542 -39.9035 57.1166
22.267 52.8893 -51.3307 -23.8208 -40.0032 57.0959
22.1477 52.6891 -51.0453 -23.8875 -40.103 57.0749
22.0281 52.4883 -50.76 -23.9545 -40.203 57.0537
21.9082 52.287 -50.4748 -24.0217 -40.303 57.0323
21.7879 52.0853 -50.1896 -24.0891 -40.4031 57.0106
21.6673 51.883 -49.9046 -24.1566 -40.5034 56.9886
21.5463 51.6802 -49.6198 -24.2244 -40.6037 56.9664
21.425 51.477 -49.335 -24.2925 -40.7042 56.944
21.3034 51.2732 -49.0503 -24.3607 -40.8048 56.9213
21.1814 51.0689 -48.7658 -24.4292 -40.9056 56.8984
21.0591 50.8641 -48.4813 -24.4979 -41.0064 56.8752
20.9364 50.6589 -48.197 -24.5669 -41.1074 56.8518
20.8134 50.4531 -47.9128 -24.636 -41.2085 56.8281
20.6901 50.2468 -47.6287 -24.7055 -41.3098 56.8041
20.5664 50.04 -47.3448 -24.7751 -41.4112 56.7799
20.4423 49.8327 -47.0609 -24.845 -41.5128 56.7555
20.3179 49.6248 -46.7772 -24.9152 -41.6145 56.7308
20.1932 49.4165 -46.4936 -24.9856 -41.7164 56.7058
20.0681 49.2077 -46.2102 -25.0563 -41.8184 56.6806
19.9426 48.9983 -45.9268 -25.1273 -41.9205 56.6552
19.8168 48.7885 -45.6436 -25.1985 -42.0229 56.6295
19.6906 48.5781 -45.3605 -25.2699 -42.1254 56.6035
19.5641 48.3672 -45.0776 -25.3417 -42.228 56.5773
19.4372 48.1558 -44.7948 -25.4137 -42.3309 56.5508
19.31 47.9439 -44.5121 -25.4859 -42.4339 56.524
19.1824 47.7315 -44.2295 -25.5585 -42.537 56.497
19.0544 47.5185 -43.9471 -25.6313 -42.6404 56.4698
18.926 47.3051 -43.6648 -25.7045 -42.7439 56.4423
18.7973 47.0911 -43.3827 -25.7778 -42.8476 56.4145
18.6683 46.8766 -43.1007 -25.8515 -42.9515 56.3865
18.5388 46.6616 -42.8188 -25.9255 -43.0556 56.3582
18.409 46.446 -42.5371 -25.9997 -43.1599 56.3296
18.2788 46.23 -42.2555 -26.0743 -43.2643 56.3008
18.1483 46.0134 -41.9741 -26.1491 -43.369 56.2718
18.0173 45.7963 -41.6928 -26.2242 -43.4738 56.2424
17.886 45.5787 -41.4117 -26.2997 -43.5788 56.2129
17.7543 45.3605 -41.1307 -26.3754 -43.6841 56.183
17.6223 45.1418 -40.8498 -26.4514 -43.7895 56.1529
17.4898 44.9226 -40.5691 -26.5277 -43.8952 56.1226
17.357 44.7029 -40.2886 -26.6043 -44.001 56.0919
17.2238 44.4826 -40.0082 -26.6812 -44.107 56.0611
17.0902 44.2618 -39.728 -26.7584 -44.2133 56.0299
16.9562 44.0405 -39.4479 -26.8359 -44.3198 55.9985
16.8218 43.8186 -39.168 -26.9138 -44.4264 55.9669
16.6871 43.5962 -38.8882 -26.9919 -44.5333 55.9349
16.5519 43.3733 -38.6087 -27.0703 -44.6404 55.9028
16.4164 43.1498 -38.3292 -27.149 -44.7478 55.8703
16.2804 42.9258 -38.0499 -27.2281 -44.8553 55.8376
16.1441 42.7012 -37.7708 -27.3074 -44.963 55.8046
16.0073 42.4762 -37.4919 -27.3871 -45.071 55.7714
15.8702 42.2505 -37.2131 -27.467 -45.1792 55.7379
15.7327 42.0244 -36.9345 -27.5473 -45.2876 55.7041
15.5947 41.7977 -36.6561 -27.6279 -45.3963 55.6701
15.4564 41.5704 -36.3778 -27.7088 -45.5051 55.6358
15.3176 41.3426 -36.0997 -27.79 -45.6142 55.6013
15.1785 41.1143 -35.8218 -27.8715 -45.7235 55.5664
15.0389 40.8854 -35.5441 -27.9534 -45.8331 55.5313
14.899 40.6559 -35.2665 -28.0355 -45.9429 55.496
14.7586 40.4259 -34.9891 -28.118 -46.0529 55.4603
14.6178 40.1954 -34.7119 -28.2007 -46.1631 55.4244
14.4766 39.9643 -34.4349 -28.2838 -46.2736 55.3882
14.3349 39.7327 -34.158 -28.3672 -46.3843 55.3517
14.1929 39.5005 -33.8813 -28.4509 -46.4952 55.315
14.0504 39.2677 -33.6049 -28.535 -46.6064 55.278
13.9075 39.0344 -33.3286 -28.6193 -46.7178 55.2407
13.7642 38.8005 -33.0525 -28.704 -46.8295 55.2031
13.6205 38.5661 -32.7765 -28.7889 -46.9414 55.1653
13.4764 38.3311 -32.5008 -28.8742 -47.0535 55.1271
13.3318 38.0956 -32.2253 -28.9599 -47.1659 55.0887
13.1868 37.8595 -31.9499 -29.0458 -47.2785 55.05
13.0413 37.6228 -31.6748 -29.132 -47.3914 55.011
12.8954 37.3855 -31.3998 -29.2186 -47.5045 54.9717
12.7491 37.1477 -31.125 -29.3055 -47.6179 54.9322
12.6024 36.9094 -30.8505 -29.3927 -47.7315 54.8923
12.4552 36.6704 -30.5761 -29.4802 -47.8453 54.8522
12.3076 36.4309 -30.302 -29.568 -47.9594 54.8117
12.1595 36.1908 -30.028 -29.6562 -48.0738 54.771
12.011 35.9502 -29.7542 -29.7447 -48.1884 54.7299
11.8621 35.7089 -29.4807 -29.8335 -48.3033 54.6886
11.7127 35.4671 -29.2074 -29.9226 -48.4184 54.6469
11.5628 35.2248 -28.9342 -30.012 -48.5337 54.605
11.4126 34.9818 -28.6613 -30.1018 -48.6493 54.5627
11.2618 34.7383 -28.3886 -30.1919 -48.7652 54.5202
11.1106 34.4942 -28.1161 -30.2823 -48.8813 54.4773
10.959 34.2495 -27.8438 -30.373 -48.9977 54.4341
10.8069 34.0042 -27.5718 -30.464 -49.1143 54.3906
10.6544 33.7583 -27.2999 -30.5554 -49.2312 54.3468
10.5014 33.5119 -27.0283 -30.6471 -49.3484 54.3026
10.3479 33.2648 -26.7569 -30.7391 -49.4658 54.2582
10.194 33.0172 -26.4857 -30.8314 -49.5835 54.2134
10.0396 32.769 -26.2148 -30.9241 -49.7014 54.1683
9.88473 32.5202 -25.944 -31.0171 -49.8196 54.1228
9.72941 32.2708 -25.6735 -31.1104 -49.9381 54.0771
9.57362 32.0208 -25.4033 -31.204 -50.0568 54.0309
9.41737 31.7702 -25.1332 -31.298 -50.1758 53.9845
9.26064 31.5191 -24.8634 -31.3923 -50.295 53.9377
9.10344 31.2673 -24.5938 -31.4869 -50.4146 53.8906
8.94577 31.0149 -24.3245 -31.5819 -50.5344 53.8431
8.78763 30.7619 -24.0554 -31.6771 -50.6544 53.7953
8.629 30.5084 -23.7866 -31.7728 -50.7748 53.7471
8.4699 30.2542 -23.5179 -31.8687 -50.8954 53.6986
8.31031 29.9994 -23.2496 -31.9649 -51.0162 53.6497
8.15025 29.744 -22.9814 -32.0615 -51.1374 53.6005
7.9897 29.488 -22.7136 -32.1585 -51.2588 53.5509
7.82866 29.2314 -22.4459 -32.2557 -51.3805 53.501
7.66714 28.9742 -22.1786 -32.3533 -51.5024 53.4506
7.50513 28.7164 -21.9114 -32.4512 -51.6247 53.4
7.34263 28.458 -21.6446 -32.5495 -51.7472 53.3489
7.17964 28.1989 -21.3779 -32.6481 -51.87 53.2975
7.01615 27.9393 -21.1116 -32.747 -51.993 53.2456
6.85217 27.679 -20.8455 -32.8463 -52.1164 53.1934
6.68769 27.4181 -20.5797 -32.9459 -52.24 53.1409
6.52271 27.1566 -20.3141 -33.0458 -52.3639 53.0879
6.35723 26.8945 -20.0488 -33.1461 -52.4881 53.0345
6.19125 26.6317 -19.7837 -33.2467 -52.6126 52.9808
6.02476 26.3684 -19.519 -33.3477 -52.7373 52.9266
5.85777 26.1044 -19.2545 -33.449 -52.8623 52.8721
5.69027 25.8397 -18.9902 -33.5506 -52.9876 52.8171
5.52226 25.5745 -18.7263 -33.6526 -53.1132 52.7617
5.35375 25.3086 -18.4626 -33.7549 -53.2391 52.706
5.18472 25.0421 -18.1992 -33.8575 -53.3653 52.6498
5.01517 24.7749 -17.9361 -33.9606 -53.4918 52.5932
4.84511 24.5072 -17.6733 -34.0639 -53.6185 52.5361
4.67453 24.2388 -17.4108 -34.1676 -53.7456 52.4787
4.50343 23.9697 -17.1485 -34.2717 -53.8729 52.4208
4.33182 23.7 -16.8866 -34.3761 -54.0005 52.3625
4.15967 23.4297 -16.6249 -34.4808 -54.1284 52.3037
3.98701 23.1588 -16.3635 -34.5859 -54.2566 52.2445
3.81381 22.8871 -16.1024 -34.6913 -54.3851 52.1849
3.64009 22.6149 -15.8417 -34.7971 -54.5139 52.1248
3.46584 22.342 -15.5812 -34.9033 -54.643 52.0643
3.29106 22.0685 -15.321 -35.0098 -54.7724 52.0033
3.11575 21.7943 -15.0612 -35.1166 -54.902 51.9419
2.93989 21.5195 -14.8016 -35.2239 -55.032 51.88
2.76351 21.244 -14.5424 -35.3314 -55.1623 51.8176
2.58658 20.9678 -14.2834 -35.4394 -55.2929 51.7548
2.40911 20.691 -14.0248 -35.5476 -55.4237 51.6915
2.2311 20.4136 -13.7665 -35.6563 -55.5549 51.6277
2.05255 20.1355 -13.5085 -35.7653 -55.6864 51.5634
1.87345 19.8567 -13.2509 -35.8747 -55.8182 51.4987
1.6938 19.5773 -12.9936 -35.9844 -55.9502 51.4334
1.51361 19.2972 -12.7365 -36.0945 -56.0826 51.3677
1.33286 19.0165 -12.4799 -36.205 -56.2153 51.3015
1.15156 18.7351 -12.2235 -36.3158 -56.3483 51.2347
0.969701 18.453 -11.9675 -36.427 -56.4816 51.1675
0.787288 18.1703 -11.7119 -36.5385 -56.6152 51.0998
0.604316 17.8868 -11.4565 -36.6505 -56.7491 51.0315
0.420783 17.6028 -11.2015 -36.7628 -56.8834 50.9627
0.236688 17.318 -10.9469 -36.8755 -57.0179 50.8934
0.0520286 17.0326 -10.6926 -36.9885 -57.1527 50.8236
-0.133197 16.7465 -10.4387 -37.1019 -57.2879 50.7532
-0.318991 16.4597 -10.1851 -37.2157 -57.4234 50.6823
-0.505354 16.1722 -9.93184 -37.3299 -57.5591 50.6109
-0.69229 15.8841 -9.67897 -37.4445 -57.6952 50.5389
-0.879799 15.5953 -9.42645 -37.5594 -57.8317 50.4663
-1.06788 15.3058 -9.1743 -37.6747 -57.9684 50.3932
-1.25655 15.0156 -8.92252 -37.7904 -58.1054 50.3196
-1.44579 14.7247 -8.67111 -37.9065 -58.2428 50.2454
-1.63561 14.4332 -8.42007 -38.023 -58.3805 50.1706
-1.82602 14.1409 -8.1694 -38.1398 -58.5185 50.0952
-2.01701 13.848 -7.91912 -38.2571 -58.6568 50.0193
-2.20859 13.5544 -7.66921 -38.3747 -58.7954 49.9427
-2.40076 13.26 -7.41969 -38.4927 -58.9344 49.8656
-2.59352 12.965 -7.17055 -38.6111 -59.0736 49.7879
-2.78687 12.6693 -6.92181 -38.7299 -59.2132 49.7096
-2.98082 12.3729 -6.67346 -38.8491 -59.3532 49.6307
-3.17536 12.0758 -6.4255 -38.9687 -59.4934 49.5511
-3.3705 11.778 -6.17795 -39.0887 -59.634 49.471
-3.56625 11.4794 -5.93079 -39.2091 -59.7749 49.3902
-3.76259 11.1802 -5.68404 -39.3298 -59.9161 49.3088
-3.95954 10.8803 -5.4377 -39.451 -60.0577 49.2268
-4.1571 10.5796 -5.19178 -39.5726 -60.1995 49.1442
-4.35527 10.2783 -4.94626 -39.6946 -60.3418 49.0609
-4.55405 9.97622 -4.70117 -39.817 -60.4843 48.9769
-4.75344 9.67344 -4.45649 -39.9398 -60.6272 48.8923
-4.95345 9.36994 -4.21224 -40.063 -60.7703 48.8071
-5.15407 9.06573 -3.96842 -40.1866 -60.9139 48.7211
-5.35531 8.76081 -3.72503 -40.3106 -61.0577 48.6345
-5.55718 8.45516 -3.48208 -40.435 -61.2019 48.5473
-5.75966 8.14879 -3.23956 -40.5599 -61.3464 48.4593
-5.96277 7.84169 -2.99748 -40.6851 -61.4913 48.3707
-6.16651 7.53387 -2.75585 -40.8108 -61.6365 48.2814
-6.37088 7.22533 -2.51467 -40.9369 -61.782 48.1913
-6.57588 6.91605 -2.27394 -41.0634 -61.9279 48.1006
-6.78152 6.60605 -2.03366 -41.1903 -62.0741 48.0091
-6.98779 6.29531 -1.79385 -41.3177 -62.2206 47.917
-7.19469 5.98384 -1.55449 -41.4455 -62.3675 47.8241
-7.40224 5.67164 -1.31561 -41.5737 -62.5147 47.7305
-7.61043 5.35869 -1.07719 -41.7023 -62.6622 47.6361
-7.81926 5.04501 -0.839245 -41.8313 -62.8101 47.541
-8.02874 4.73059 -0.601779 -41.9608 -62.9584 47.4452
-8.23887 4.41543 -0.364794 -42.0907 -63.1069 47.3485
-8.44965 4.09952 -0.128293 -42.2211 -63.2558 47.2512
-8.66108 3.78287 0.107718 -42.3518 -63.4051 47.153
-8.87317 3.46547 0.343237 -42.483 -63.5547 47.0541
-9.08591 3.14733 0.578259 -42.6147 -63.7046 46.9544
-9.29932 2.82843 0.812781 -42.7468 -63.8549 46.8539
-9.51338 2.50878 1.0468 -42.8793 -64.0055 46.7526
-9.72811 2.18837 1.28031 -43.0123 -64.1564 46.6505
-9.9435 1.86721 1.5133 -43.1457 -64.3078 46.5476
-10.1596 1.54529 1.74578 -43.2795 -64.4594 46.4439
-10.3763 1.22262 1.97774 -43.4138 -64.6114 46.3394
-10.5937 0.89918 2.20918 -43.5485 -64.7637 46.234
-10.8118 0.57498 2.44008 -43.6837 -64.9164 46.1278
-11.0305 0.250016 2.67046 -43.8194 -65.0694 46.0207
-11.25 -0.0757143 2.90029 -43.9555 -65.2228 45.9128
-11.4701 -0.402212 3.12958 -44.092 -65.3765 45.804
-11.6909 -0.72948 3.35833 -44.229 -65.5306 45.6943
-11.9124 -1.05752 3.58653 -44.3664 -65.685 45.5838
-12.1346 -1.38633 3.81417 -44.5043 -65.8397 45.4724
-12.3574 -1.71592 4.04125 -44.6427 -65.9948 45.36
-12.581 -2.04628 4.26777 -44.7815 -66.1503 45.2468
-12.8052 -2.37742 4.49372 -44.9208 -66.3061 45.1327
-13.0302 -2.70934 4.7191 -45.0606 -66.4622 45.0176
-13.2559 -3.04204 4.94389 -45.2008 -66.6187 44.9017
-13.4822 -3.37553 5.16811 -45.3415 -66.7756 44.7847
-13.7093 -3.7098 5.39174 -45.4826 -66.9327 44.6669
-13.937 -4.04485 5.61478 -45.6242 -67.0903 44.5481
-14.1655 -4.3807 5.83722 -45.7663 -67.2482 44.4283
-14.3947 -4.71734 6.05906 -45.9089 -67.4064 44.3076
-14.6246 -5.05476 6.2803 -46.0519 -67.565 44.1859
-14.8552 -5.39299 6.50092 -46.1954 -67.7239 44.0632
-15.0866 -5.732 6.72093 -46.3394 -67.8831 43.9395
-15.3186 -6.07182 6.94032 -46.4839 -68.0428 43.8148
-15.5514 -6.41243 7.15908 -46.6288 -68.2027 43.6891
-15.7849 -6.75384 7.37721 -46.7743 -68.363 43.5623
-16.0191 -7.09606 7.5947 -46.9202 -68.5237 43.4345
-16.2541 -7.43908 7.81155 -47.0666 -68.6847 43.3057
-16.4898 -7.78291 8.02776 -47.2134 -68.846 43.1759
-16.7262 -8.12754 8.24331 -47.3608 -69.0077 43.0449
-16.9634 -8.47298 8.45821 -47.5087 -69.1697 42.9129
-17.2013 -8.81924 8.67244 -47.657 -69.3321 42.7799
-17.44 -9.16631 8.88601 -47.8058 -69.4948 42.6457
-17.6794 -9.51419 9.0989 -47.9552 -69.6579 42.5104
-17.9195 -9.86289 9.31111 -48.105 -69.8213 42.3741
-18.1604 -10.2124 9.52264 -48.2553 -69.985 42.2366
-18.4021 -10.5627 9.73348 -48.4061 -70.1491 42.0979
-18.6445 -10.9139 9.94362 -48.5574 -70.3136 41.9582
-18.8877 -11.2659 10.1531 -48.7092 -70.4783 41.8172
-19.1316 -11.6187 10.3618 -48.8615 -70.6434 41.6752
-19.3763 -11.9723 10.5698 -49.0144 -70.8089 41.5319
-19.6217 -12.3268 10.7771 -49.1677 -70.9747 41.3875
-19.868 -12.6821 10.9837 -49.3215 -71.1408 41.2418
-20.1149 -13.0382 11.1895 -49.4758 -71.3072 41.095
-20.3627 -13.3951 11.3946 -49.6306 -71.474 40.9469
-20.6112 -13.7529 11.599 -49.786 -71.6412 40.7976
-20.8606 -14.1115 11.8026 -49.9418 -71.8086 40.6471
-21.1107 -14.471 12.0055 -50.0982 -71.9764 40.4953
-21.3616 -14.8313 12.2076 -50.2551 -72.1445 40.3423
-21.6132 -15.1924 12.4089 -50.4124 -72.313 40.1879
-21.8657 -15.5544 12.6094 -50.5703 -72.4817 40.0323
-22.1189 -15.9173 12.8092 -50.7288 -72.6508 39.8754
-22.373 -16.2809 13.0082 -50.8877 -72.8202 39.7172
-22.6278 -16.6455 13.2064 -51.0471 -72.99 39.5577
-22.8834 -17.0108 13.4038 -51.2071 -73.1601 39.3968
-23.1399 -17.3771 13.6004 -51.3676 -73.3304 39.2345
-23.3971 -17.7441 13.7961 -51.5286 -73.5011 39.0709
-23.6552 -18.1121 13.9911 -51.6901 -73.6722 38.906
-23.914 -18.4809 14.1852 -51.8521 -73.8435 38.7396
-24.1737 -18.8505 14.3785 -52.0147 -74.0151 38.5719
-24.4342 -19.221 14.5709 -52.1778 -74.1871 38.4027
-24.6955 -19.5924 14.7625 -52.3414 -74.3594 38.2321
-24.9576 -19.9646 14.9532 -52.5056 -74.5319 38.06
-25.2205 -20.3377 15.1431 -52.6702 -74.7048 37.8865
-25.4843 -20.7117 15.3321 -52.8354 -74.878 37.7116
-25.7489 -21.0865 15.5202 -53.0012 -75.0515 37.5351
-26.0143 -21.4622 15.7074 -53.1674 -75.2252 37.3572
-26.2805 -21.8387 15.8938 -53.3342 -75.3993 37.1777
-26.5476 -22.2162 16.0792 -53.5015 -75.5736 36.9967
-26.8156 -22.5945 16.2637 -53.6693 -75.7483 36.8142
-27.0843 -22.9737 16.4474 -53.8377 -75.9232 36.6301
-27.3539 -23.3537 16.63 -54.0066 -76.0984 36.4444
-27.6244 -23.7346 16.8118 -54.176 -76.2739 36.2572
-27.8957 -24.1164 16.9926 -54.346 -76.4497 36.0684
-28.1679 -24.4991 17.1725 -54.5165 -76.6257 35.8779
-28.4409 -24.8827 17.3514 -54.6875 -76.802 35.6858
-28.7147 -25.2672 17.5293 -54.8591 -76.9786 35.4921
-28.9895 -25.6525 17.7063 -55.0312 -77.1555 35.2966
-29.265 -26.0387 17.8823 -55.2038 -77.3326 35.0996
-29.5415 -26.4258 18.0573 -55.3769 -77.5099 34.9008
-29.8188 -26.8138 18.2313 -55.5506 -77.6875 34.7003
-30.097 -27.2027 18.4043 -55.7248 -77.8654 34.498
-30.3761 -27.5925 18.5763 -55.8996 -78.0435 34.2941
-30.656 -27.9831 18.7473 -56.0749 -78.2218 34.0883
-30.9368 -28.3747 18.9172 -56.2507 -78.4004 33.8808
-31.2185 -28.7671 19.0861 -56.427 -78.5792 33.6715
-31.5011 -29.1605 19.2539 -56.6039 -78.7582 33.4604
-31.7845 -29.5547 19.4207 -56.7813 -78.9375 33.2474
-32.0689 -29.9498 19.5864 -56.9593 -79.117 33.0326
-32.3541 -30.3459 19.751 -57.1377 -79.2966 32.8159
-32.6403 -30.7428 19.9145 -57.3167 -79.4765 32.5973
-32.9273 -31.1406 20.077 -57.4962 -79.6566 32.3768
-33.2152 -31.5394 20.2383 -57.6763 -79.8369 32.1544
-33.5041 -31.939 20.3985 -57.8568 -80.0174 31.93
-33.7938 -32.3396 20.5576 -58.0379 -80.1981 31.7037
-34.0844 -32.741 20.7155 -58.2196 -80.3789 31.4754
-34.376 -33.1433 20.8723 -58.4017 -80.5599 31.2451
-34.6685 -33.5466 21.028 -58.5843 -80.7411 31.0127
-34.9618 -33.9508 21.1825 -58.7675 -80.9224 30.7784
-35.2561 -34.3558 21.3358 -58.9512 -81.1039 30.5419
-35.5514 -34.7618 21.4879 -59.1354 -81.2856 30.3034
-35.8475 -35.1687 21.6388 -59.3202 -81.4674 30.0628
-36.1446 -35.5765 21.7885 -59.5054 -81.6493 29.82
-36.4425 -35.9852 21.937 -59.6911 -81.8314 29.5751
-36.7415 -36.3948 22.0843 -59.8774 -82.0135 29.328
-37.0413 -36.8053 22.2303 -60.0642 -82.1958 29.0788
-37.3421 -37.2167 22.3751 -60.2514 -82.3782 28.8273
-37.6438 -37.6291 22.5186 -60.4392 -82.5607 28.5736
-37.9465 -38.0423 22.6608 -60.6275 -82.7432 28.3177
-38.2501 -38.4565 22.8017 -60.8162 -82.9259 28.0594
-38.5547 -38.8716 22.9414 -61.0055 -83.1086 27.7989
-38.8602 -39.2876 23.0797 -61.1952 -83.2914 27.536
-39.1666 -39.7045 23.2167 -61.3854 -83.4743 27.2708
-39.474 -40.1224 23.3524 -61.5761 -83.6571 27.0032
-39.7824 -40.5411 23.4868 -61.7673 -83.8401 26.7333
-40.0917 -40.9608 23.6198 -61.959 -84.023 26.4609
-40.402 -41.3813 23.7514 -62.1512 -84.206 26.186
-40.7132 -41.8028 23.8816 -62.3438 -84.389 25.9087
-41.0254 -42.2252 24.0105 -62.5368 -84.5719 25.629
-41.3386 -42.6485 24.1379 -62.7304 -84.7549 25.3467
-41.6527 -43.0728 24.2639 -62.9244 -84.9378 25.0618
-41.9678 -43.4979 24.3885 -63.1188 -85.1207 24.7744
-42.2839 -43.924 24.5117 -63.3137 -85.3035 24.4844
-42.601 -44.3509 24.6334 -63.509 -85.4863 24.1918
-42.919 -44.7788 24.7536 -63.7048 -85.669 23.8965
-43.238 -45.2076 24.8723 -63.901 -85.8517 23.5986
-43.558 -45.6374 24.9896 -64.0977 -86.0342 23.298
-43.879 -46.068 25.1053 -64.2947 -86.2167 22.9946
-44.2009 -46.4995 25.2195 -64.4922 -86.399 22.6885
-44.5239 -46.932 25.3322 -64.69 -86.5811 22.3796
-44.8478 -47.3653 25.4433 -64.8883 -86.7632 22.0679
-45.1728 -47.7996 25.5529 -65.087 -86.945 21.7534
-45.4987 -48.2348 25.6609 -65.2861 -87.1267 21.4361
-45.8256 -48.6709 25.7672 -65.4855 -87.3082 21.1158
-46.1536 -49.1079 25.872 -65.6853 -87.4895 20.7926
-46.4825 -49.5458 25.9752 -65.8855 -87.6706 20.4665
-46.8124 -49.9846 26.0767 -66.0861 -87.8514 20.1374
-47.1434 -50.4243 26.1765 -66.287 -88.032 19.8052
-47.4753 -50.8649 26.2747 -66.4882 -88.2124 19.4701
-47.8082 -51.3064 26.3712 -66.6898 -88.3924 19.1319
-48.1422 -51.7488 26.4661 -66.8918 -88.5721 18.7906
-48.4772 -52.1921 26.5592 -67.094 -88.7515 18.4461
-48.8131 -52.6363 26.6505 -67.2965 -88.9306 18.0985
-49.1501 -53.0814 26.7401 -67.4994 -89.1093 17.7478
-49.4881 -53.5274 26.828 -67.7025 -89.2877 17.3938
-49.8272 -53.9743 26.9141 -67.9059 -89.4657 17.0365
-50.1672 -54.4221 26.9984 -68.1096 -89.6432 16.676
-50.5082 -54.8707 27.0808 -68.3136 -89.8203 16.3122
-50.8503 -55.3203 27.1615 -68.5178 -89.997 15.945
-51.1934 -55.7707 27.2403 -68.7222 -90.1732 15.5744
-51.5376 -56.222 27.3172 -68.9269 -90.3489 15.2005
-51.8827 -56.6742 27.3923 -69.1317 -90.5241 14.8231
-52.2289 -57.1273 27.4655 -69.3368 -90.6987 14.4422
-52.5761 -57.5812 27.5367 -69.5421 -90.8728 14.0578
-52.9243 -58.036 27.606 -69.7475 -91.0463 13.6699
-53.2735 -58.4917 27.6734 -69.9531 -91.2192 13.2784
-53.6238 -58.9482 27.7388 -70.1589 -91.3915 12.8833
-53.9751 -59.4056 27.8022 -70.3648 -91.5631 12.4845
-54.3275 -59.8638 27.8637 -70.5708 -91.734 12.0821
-54.6808 -60.3229 27.9231 -70.7769 -91.9042 11.6759
-55.0352 -60.7829 27.9804 -70.9831 -92.0737 11.266
-55.3907 -61.2436 28.0357 -71.1894 -92.2424 10.8524
-55.7471 -61.7053 28.0889 -71.3957 -92.4104 10.4349
-56.1046 -62.1677 28.1401 -71.6021 -92.5775 10.0136
-56.4632 -62.6311 28.1891 -71.8085 -92.7438 9.58836
-56.8227 -63.0952 28.236 -72.0149 -92.9092 9.15923
-57.1833 -63.5601 28.2807 -72.2213 -93.0737 8.72614
-57.5449 -64.0259 28.3232 -72.4277 -93.2372 8.28906
-57.9076 -64.4925 28.3636 -72.634 -93.3998 7.84796
-58.2713 -64.9599 28.4017 -72.8403 -93.5614 7.40279
-58.636 -65.4281 28.4376 -73.0465 -93.722 6.95352
-59.0017 -65.8971 28.4712 -73.2525 -93.8815 6.50012
-59.3685 -66.3669 28.5026 -73.4585 -94.0399 6.04255
-59.7363 -66.8375 28.5317 -73.6643 -94.1972 5.58078
-60.1052 -67.3089 28.5584 -73.8699 -94.3533 5.11476
-60.475 -67.7811 28.5828 -74.0753 -94.5082 4.64446
-60.8459 -68.254 28.6048 -74.2805 -94.6619 4.16984
-61.2178 -68.7277 28.6245 -74.4855 -94.8143 3.69088
-61.5908 -69.2021 28.6417 -74.6902 -94.9653 3.20752
-61.9647 -69.6773 28.6566 -74.8946 -95.115 2.71974
-62.3397 -70.1533 28.6689 -75.0987 -95.2633 2.2275
-62.7157 -70.63 28.6788 -75.3025 -95.4102 1.73077
-63.0927 -71.1074 28.6862 -75.5059 -95.5556 1.2295
-63.4708 -71.5855 28.6911 -75.7089 -95.6994 0.723658
-63.8498 -72.0644 28.6935 -75.9114 -95.8417 0.213214
-64.2299 -72.544 28.6933 -76.1136 -95.9824 -0.301872
-64.611 -73.0242 28.6905 -76.3152 -96.1215 -0.821636
-64.993 -73.5052 28.6851 -76.5163 -96.2588 -1.34611
-65.3761 -73.9868 28.677 -76.7169 -96.3944 -1.87534
-65.7602 -74.4691 28.6663 -76.9169 -96.5282 -2.40935
-66.1453 -74.9521 28.6529 -77.1163 -96.6601 -2.94818
-66.5314 -75.4357 28.6368 -77.3151 -96.7901 -3.49186
-66.9184 -75.92 28.618 -77.5131 -96.9182 -4.04043
-67.3065 -76.4049 28.5964 -77.7105 -97.0443 -4.59392
-67.6956 -76.8904 28.572 -77.9071 -97.1683 -5.15238
-68.0856 -77.3766 28.5449 -78.103 -97.2903 -5.71582
-68.4766 -77.8633 28.5149 -78.298 -97.41 -6.28428
-68.8686 -78.3507 28.482 -78.4922 -97.5276 -6.85781
-69.2615 -78.8386 28.4463 -78.6854 -97.6429 -7.43642
-69.6554 -79.3271 28.4077 -78.8778 -97.7558 -8.02016
-70.0503 -79.8162 28.3661 -79.0691 -97.8664 -8.60905
-70.4461 -80.3058 28.3216 -79.2595 -97.9745 -9.20313
-70.8429 -80.7959 28.2741 -79.4487 -98.0801 -9.80242
-71.2406 -81.2866 28.2236 -79.6369 -98.1831 -10.407
-71.6392 -81.7777 28.17 -79.8239 -98.2835 -11.0168
-72.0388 -82.2694 28.1134 -80.0098 -98.3812 -11.6319
-72.4393 -82.7616 28.0537 -80.1944 -98.4761 -12.2523
-72.8408 -83.2542 27.9909 -80.3777 -98.5681 -12.8781
-73.2431 -83.7472 27.9249 -80.5596 -98.6573 -13.5093
-73.6464 -84.2407 27.8558 -80.7402 -98.7435 -14.1459
-74.0505 -84.7347 27.7834 -80.9193 -98.8267 -14.788
-74.4556 -85.229 27.7079 -81.097 -98.9067 -15.4355
-74.8615 -85.7237 27.6291 -81.2731 -98.9836 -16.0884
-75.2683 -86.2188 27.547 -81.4476 -99.0572 -16.7469
-75.676 -86.7143 27.4616 -81.6205 -99.1274 -17.4109
-76.0845 -87.2101 27.3729 -81.7916 -99.1943 -18.0805
-76.4939 -87.7063 27.2808 -81.961 -99.2576 -18.7556
-76.9041 -88.2027 27.1853 -82.1286 -99.3174 -19.4363
-77.3152 -88.6994 27.0864 -82.2943 -99.3736 -20.1226
-77.7271 -89.1964 26.9841 -82.458 -99.426 -20.8145
-78.1398 -89.6937 26.8783 -82.6198 -99.4746 -21.5121
-78.5533 -90.1912 26.769 -82.7795 -99.5194 -22.2152
-78.9676 -90.6889 26.6561 -82.937 -99.5601 -22.9241
-79.3826 -91.1868 26.5397 -83.0924 -99.5968 -23.6385
-79.7985 -91.6849 26.4198 -83.2455 -99.6294 -24.3587
-80.2151 -92.1831 26.2961 -83.3963 -99.6577 -25.0845
-80.6324 -92.6814 26.1689 -83.5447 -99.6817 -25.816
-81.0505 -93.1799 26.038 -83.6906 -99.7013 -26.5531
-81.4693 -93.6784 25.9034 -83.834 -99.7164 -27.296
-81.8889 -94.1771 25.765 -83.9747 -99.7269 -28.0445
-82.3091 -94.6757 25.6229 -84.1128 -99.7327 -28.7987
-82.73 -95.1744 25.477 -84.2482 -99.7337 -29.5585
-83.1516 -95.6731 25.3273 -84.3807 -99.7299 -30.324
-83.5738 -96.1717 25.1738 -84.5103 -99.7211 -31.0952
-83.9967 -96.6703 25.0164 -84.6369 -99.7072 -31.8719
-84.4202 -97.1688 24.8551 -84.7605 -99.6882 -32.6543
-84.8443 -97.6671 24.6898 -84.8809 -99.6639 -33.4423
-85.269 -98.1654 24.5206 -84.998 -99.6342 -34.2359
-85.6943 -98.6635 24.3475 -85.1119 -99.599 -35.035
-86.1201 -99.1614 24.1703 -85.2224 -99.5584 -35.8397
-86.5465 -99.6591 23.9891 -85.3294 -99.512 -36.6499
-86.9734 -100.157 23.8038 -85.4329 -99.4599 -37.4655
-87.4008 -100.654 23.6144 -85.5327 -99.4019 -38.2866
-87.8287 -101.151 23.4209 -85.6287 -99.3379 -39.113
-88.2571 -101.647 23.2233 -85.7209 -99.2678 -39.9449
-88.6859 -102.143 23.0215 -85.8093 -99.1916 -40.782
-89.1152 -102.639 22.8155 -85.8936 -99.109 -41.6244
-89.5449 -103.134 22.6052 -85.9738 -99.0201 -42.4721
-89.9749 -103.629 22.3907 -86.0498 -98.9247 -43.3249
-90.4054 -104.124 22.172 -86.1216 -98.8226 -44.1828
-90.8362 -104.617 21.9489 -86.1889 -98.7139 -45.0458
-91.2673 -105.111 21.7215 -86.2518 -98.5983 -45.9137
-91.6987 -105.603 21.4898 -86.3101 -98.4758 -46.7866
-92.1304 -106.095 21.2537 -86.3638 -98.3462 -47.6643
-92.5623 -106.587 21.0131 -86.4127 -98.2095 -48.5467
-92.9945 -107.078 20.7682 -86.4567 -98.0656 -49.4339
-93.4269 -107.567 20.5188 -86.4958 -97.9143 -50.3256
-93.8594 -108.057 20.2649 -86.5298 -97.7555 -51.2219
