0 0 50 0 0 -49
-0.000146086 -0.000123395 49.7548 -0.058511 -0.0494332 -49.086
-0.000585176 -0.000494405 49.5091 -0.117202 -0.0990469 -49.1722
-0.00131817 -0.00111394 49.2631 -0.176075 -0.148842 -49.2584
-0.00234599 -0.0019829 49.0166 -0.235129 -0.19882 -49.3447
-0.00366953 -0.00310221 48.7696 -0.294366 -0.24898 -49.4312
-0.00528972 -0.00447278 48.5222 -0.353788 -0.299325 -49.5177
-0.00720747 -0.00609553 48.2744 -0.413394 -0.349855 -49.6043
-0.00942372 -0.00797141 48.0262 -0.473186 -0.400571 -49.691
-0.0119394 -0.0101013 47.7775 -0.533164 -0.451474 -49.7779
-0.0147554 -0.0124862 47.5284 -0.593331 -0.502565 -49.8648
-0.0178728 -0.0151271 47.2789 -0.653686 -0.553845 -49.9518
-0.0212924 -0.0180248 47.0289 -0.714231 -0.605315 -50.0389
-0.0250152 -0.0211803 46.7785 -0.774967 -0.656975 -50.1262
-0.0290421 -0.0245946 46.5276 -0.835895 -0.708828 -50.2135
-0.0333742 -0.0282686 46.2764 -0.897015 -0.760873 -50.3009
-0.0380123 -0.0322034 46.0246 -0.958329 -0.813111 -50.3884
-0.0429575 -0.0363998 45.7725 -1.01984 -0.865545 -50.476
-0.0482108 -0.0408589 45.5199 -1.08154 -0.918174 -50.5638
-0.053773 -0.0455816 45.2668 -1.14344 -0.971 -50.6516
-0.0596453 -0.050569 45.0134 -1.20554 -1.02402 -50.7395
-0.0658285 -0.0558219 44.7594 -1.26784 -1.07725 -50.8276
-0.0723238 -0.0613415 44.5051 -1.33034 -1.13067 -50.9157
-0.079132 -0.0671287 44.2503 -1.39304 -1.18429 -51.0039
-0.0862543 -0.0731845 43.995 -1.45594 -1.23812 -51.0923
-0.0936915 -0.07951 43.7394 -1.51905 -1.29215 -51.1807
-0.101445 -0.0861061 43.4832 -1.58236 -1.34638 -51.2693
-0.109515 -0.0929738 43.2267 -1.64587 -1.40082 -51.3579
-0.117904 -0.100114 42.9697 -1.70959 -1.45546 -51.4467
-0.126611 -0.107528 42.7122 -1.77352 -1.51031 -51.5355
-0.135639 -0.115217 42.4543 -1.83766 -1.56537 -51.6245
-0.144988 -0.123182 42.196 -1.90201 -1.62064 -51.7136
-0.154659 -0.131424 41.9372 -1.96657 -1.67612 -51.8027
-0.164654 -0.139944 41.6779 -2.03134 -1.73181 -51.892
-0.174972 -0.148742 41.4182 -2.09632 -1.78771 -51.9814
-0.185617 -0.157821 41.1581 -2.16152 -1.84383 -52.0709
-0.196588 -0.167181 40.8975 -2.22693 -1.90017 -52.1605
-0.207886 -0.176822 40.6365 -2.29257 -1.95672 -52.2502
-0.219513 -0.186748 40.375 -2.35841 -2.01348 -52.34
-0.23147 -0.196957 40.1131 -2.42448 -2.07047 -52.43
-0.243758 -0.207453 39.8507 -2.49077 -2.12768 -52.52
-0.256378 -0.218234 39.5879 -2.55728 -2.1851 -52.6101
-0.269331 -0.229304 39.3246 -2.62402 -2.24275 -52.7004
-0.282618 -0.240662 39.0609 -2.69097 -2.30063 -52.7908
-0.296241 -0.25231 38.7967 -2.75816 -2.35872 -52.8812
-0.3102 -0.264249 38.5321 -2.82557 -2.41705 -52.9718
-0.324497 -0.276481 38.267 -2.89321 -2.4756 -53.0625
-0.339132 -0.289005 38.0015 -2.96107 -2.53438 -53.1533
-0.354108 -0.301824 37.7355 -3.02917 -2.59339 -53.2442
-0.369424 -0.314939 37.469 -3.0975 -2.65263 -53.3352
-0.385083 -0.328351 37.2021 -3.16606 -2.7121 -53.4264
-0.401085 -0.34206 36.9348 -3.23486 -2.77181 -53.5176
-0.417431 -0.356069 36.6669 -3.30389 -2.83175 -53.609
-0.434124 -0.370378 36.3987 -3.37316 -2.89192 -53.7004
-0.451163 -0.384988 36.1299 -3.44267 -2.95234 -53.792
-0.468551 -0.399901 35.8607 -3.51242 -3.01299 -53.8837
-0.486287 -0.415118 35.5911 -3.5824 -3.07389 -53.9755
-0.504375 -0.43064 35.321 -3.65263 -3.13502 -54.0674
-0.522814 -0.446469 35.0504 -3.72311 -3.1964 -54.1595
-0.541606 -0.462604 34.7794 -3.79383 -3.25803 -54.2516
-0.560752 -0.479049 34.5079 -3.8648 -3.31989 -54.3439
-0.580254 -0.495803 34.236 -3.93601 -3.38201 -54.4362
-0.600112 -0.512869 33.9635 -4.00747 -3.44438 -54.5287
-0.620329 -0.530247 33.6907 -4.07919 -3.50699 -54.6213
-0.640904 -0.547939 33.4173 -4.15116 -3.56986 -54.7141
-0.66184 -0.565946 33.1435 -4.22338 -3.63298 -54.8069
-0.683138 -0.584269 32.8693 -4.29585 -3.69635 -54.8998
-0.704799 -0.602909 32.5945 -4.36859 -3.75998 -54.9929
-0.726824 -0.621869 32.3193 -4.44158 -3.82387 -55.0861
-0.749215 -0.641148 32.0437 -4.51483 -3.88801 -55.1794
-0.771973 -0.660749 31.7675 -4.58834 -3.95242 -55.2728
-0.795098 -0.680672 31.4909 -4.66212 -4.01708 -55.3664
-0.818594 -0.70092 31.2139 -4.73616 -4.08202 -55.46
-0.84246 -0.721493 30.9363 -4.81046 -4.14721 -55.5538
-0.866698 -0.742392 30.6583 -4.88504 -4.21267 -55.6477
-0.89131 -0.76362 30.3799 -4.95988 -4.27841 -55.7417
-0.916297 -0.785176 30.1009 -5.03499 -4.34441 -55.8358
-0.94166 -0.807064 29.8215 -5.11037 -4.41068 -55.9301
-0.967401 -0.829283 29.5416 -5.18603 -4.47722 -56.0244
-0.993521 -0.851836 29.2613 -5.26197 -4.54404 -56.1189
-1.02002 -0.874724 28.9804 -5.33818 -4.61114 -56.2135
-1.0469 -0.897948 28.6991 -5.41467 -4.67851 -56.3083
-1.07417 -0.921509 28.4173 -5.49144 -4.74617 -56.4031
-1.10182 -0.945409 28.1351 -5.56849 -4.8141 -56.4981
-1.12985 -0.96965 27.8524 -5.64583 -4.88232 -56.5932
-1.15828 -0.994233 27.5692 -5.72345 -4.95082 -56.6884
-1.18709 -1.01916 27.2855 -5.80136 -5.01961 -56.7837
-1.21629 -1.04443 27.0013 -5.87956 -5.08868 -56.8792
-1.24588 -1.07005 26.7167 -5.95804 -5.15805 -56.9748
-1.27587 -1.09601 26.4316 -6.03683 -5.22771 -57.0705
-1.30625 -1.12232 26.146 -6.1159 -5.29766 -57.1663
-1.33703 -1.14899 25.8599 -6.19527 -5.36791 -57.2623
-1.3682 -1.176 25.5734 -6.27494 -5.43845 -57.3583
-1.39978 -1.20337 25.2863 -6.35491 -5.5093 -57.4545
-1.43175 -1.23109 24.9988 -6.43518 -5.58044 -57.5509
-1.46413 -1.25918 24.7108 -6.51575 -5.65189 -57.6473
-1.49691 -1.28761 24.4223 -6.59663 -5.72364 -57.7439
-1.5301 -1.31641 24.1334 -6.67782 -5.79569 -57.8406
-1.56369 -1.34557 23.8439 -6.75931 -5.86806 -57.9374
-1.59769 -1.37509 23.554 -6.84112 -5.94074 -58.0344
-1.6321 -1.40498 23.2636 -6.92324 -6.01373 -58.1314
-1.66692 -1.43523 22.9727 -7.00567 -6.08703 -58.2286
-1.70216 -1.46585 22.6813 -7.08842 -6.16065 -58.326
-1.73781 -1.49684 22.3894 -7.17149 -6.23458 -58.4234
-1.77387 -1.52819 22.0971 -7.25488 -6.30884 -58.521
-1.81036 -1.55992 21.8042 -7.3386 -6.38342 -58.6187
-1.84726 -1.59203 21.5109 -7.42263 -6.45833 -58.7166
-1.88458 -1.62451 21.2171 -7.507 -6.53356 -58.8145
-1.92233 -1.65736 20.9227 -7.59169 -6.60912 -58.9126
-1.9605 -1.6906 20.6279 -7.67671 -6.68501 -59.0108
-1.9991 -1.72421 20.3326 -7.76207 -6.76123 -59.1092
-2.03812 -1.75821 20.0368 -7.84776 -6.83779 -59.2077
-2.07757 -1.79259 19.7406 -7.93379 -6.91468 -59.3063
-2.11746 -1.82736 19.4438 -8.02016 -6.99192 -59.405
-2.15778 -1.86251 19.1465 -8.10688 -7.06949 -59.5039
-2.19853 -1.89805 18.8487 -8.19393 -7.14741 -59.6029
-2.23971 -1.93399 18.5505 -8.28133 -7.22568 -59.702
-2.28134 -1.97031 18.2517 -8.36908 -7.30429 -59.8013
-2.32341 -2.00703 17.9525 -8.45718 -7.38326 -59.9007
-2.36591 -2.04414 17.6527 -8.54563 -7.46258 -60.0002
-2.40886 -2.08166 17.3525 -8.63444 -7.54225 -60.0998
-2.45226 -2.11957 17.0517 -8.72361 -7.62228 -60.1996
-2.4961 -2.15788 16.7505 -8.81313 -7.70267 -60.2995
-2.54039 -2.19659 16.4487 -8.90302 -7.78342 -60.3996
-2.58513 -2.23571 16.1465 -8.99327 -7.86454 -60.4997
-2.63032 -2.27524 15.8437 -9.08389 -7.94603 -60.6001
-2.67597 -2.31517 15.5405 -9.17488 -8.02788 -60.7005
-2.72207 -2.35552 15.2367 -9.26624 -8.11011 -60.8011
-2.76863 -2.39627 14.9325 -9.35797 -8.19271 -60.9018
-2.81565 -2.43744 14.6277 -9.45008 -8.27569 -61.0026
-2.86313 -2.47903 14.3224 -9.54257 -8.35905 -61.1036
-2.91108 -2.52104 14.0167 -9.63544 -8.4428 -61.2047
-2.95949 -2.56346 13.7104 -9.7287 -8.52692 -61.3059
-3.00836 -2.6063 13.4036 -9.82234 -8.61144 -61.4073
-3.05771 -2.64957 13.0963 -9.91637 -8.69634 -61.5088
-3.10753 -2.69327 12.7885 -10.0108 -8.78164 -61.6104
-3.15782 -2.73739 12.4802 -10.1056 -8.86734 -61.7122
-3.20858 -2.78194 12.1714 -10.2008 -8.95343 -61.8141
-3.25983 -2.82692 11.8621 -10.2964 -9.03992 -61.9161
-3.31155 -2.87234 11.5522 -10.3925 -9.12682 -62.0183
-3.36375 -2.91819 11.2419 -10.4889 -9.21413 -62.1206
-3.41644 -2.96448 10.931 -10.5857 -9.30184 -62.2231
-3.46961 -3.01121 10.6197 -10.683 -9.38997 -62.3256
-3.52327 -3.05838 10.3078 -10.7806 -9.47851 -62.4283
-3.57741 -3.106 9.99537 -10.8787 -9.56748 -62.5312
-3.63205 -3.15406 9.68246 -10.9772 -9.65686 -62.6342
-3.68719 -3.20257 9.36903 -11.0761 -9.74667 -62.7373
-3.74281 -3.25152 9.05508 -11.1754 -9.8369 -62.8405
-3.79894 -3.30093 8.74062 -11.2752 -9.92757 -62.9439
-3.85557 -3.3508 8.42564 -11.3754 -10.0187 -63.0474
-3.91269 -3.40112 8.11015 -11.476 -10.1102 -63.1511
-3.97033 -3.4519 7.79413 -11.5771 -10.2022 -63.2549
-4.02847 -3.50314 7.4776 -11.6786 -10.2946 -63.3588
-4.08711 -3.55485 7.16055 -11.7806 -10.3875 -63.4629
-4.14627 -3.60702 6.84297 -11.883 -10.4808 -63.5671
-4.20594 -3.65966 6.52487 -11.9858 -10.5745 -63.6714
-4.26613 -3.71276 6.20626 -12.0891 -10.6688 -63.7759
-4.32684 -3.76634 5.88712 -12.1929 -10.7635 -63.8805
-4.38806 -3.8204 5.56745 -12.2971 -10.8586 -63.9852
-4.44981 -3.87493 5.24726 -12.4018 -10.9542 -64.0901
-4.51208 -3.92994 4.92655 -12.507 -11.0503 -64.1951
-4.57488 -3.98543 4.60531 -12.6126 -11.1468 -64.3002
-4.6382 -4.04141 4.28355 -12.7187 -11.2439 -64.4055
-4.70206 -4.09787 3.96126 -12.8252 -11.3414 -64.5109
-4.76646 -4.15482 3.63844 -12.9323 -11.4394 -64.6165
-4.83139 -4.21227 3.31509 -13.0398 -11.5379 -64.7222
-4.89685 -4.2702 2.99122 -13.1478 -11.6368 -64.828
-4.96286 -4.32863 2.66681 -13.2563 -11.7363 -64.9339
-5.02942 -4.38756 2.34188 -13.3653 -11.8363 -65.04
-5.09652 -4.447 2.01641 -13.4748 -11.9367 -65.1462
-5.16417 -4.50693 1.69042 -13.5848 -12.0377 -65.2526
-5.23237 -4.56737 1.36389 -13.6953 -12.1392 -65.3591
-5.30112 -4.62832 1.03682 -13.8063 -12.2412 -65.4657
-5.37043 -4.68979 0.709229 -13.9179 -12.3437 -65.5725
-5.4403 -4.75176 0.381099 -14.0299 -12.4467 -65.6794
-5.51073 -4.81425 0.0524352 -14.1424 -12.5503 -65.7864
-5.58172 -4.87726 -0.276764 -14.2555 -12.6544 -65.8935
-5.65328 -4.9408 -0.6065 -14.3691 -12.759 -66.0008
-5.72541 -5.00485 -0.936773 -14.4833 -12.8641 -66.1083
-5.79812 -5.06944 -1.26758 -14.5979 -12.9698 -66.2158
-5.87139 -5.13455 -1.59893 -14.7132 -13.0761 -66.3235
-5.94525 -5.2002 -1.93082 -14.8289 -13.1829 -66.4313
-6.01968 -5.26638 -2.26324 -14.9452 -13.2902 -66.5393
-6.0947 -5.3331 -2.59621 -15.0621 -13.3982 -66.6474
-6.1703 -5.40036 -2.92972 -15.1795 -13.5066 -66.7556
-6.2465 -5.46817 -3.26377 -15.2975 -13.6157 -66.8639
-6.32328 -5.53652 -3.59836 -15.416 -13.7253 -66.9724
-6.40066 -5.60542 -3.93349 -15.5351 -13.8355 -67.081
-6.47863 -5.67487 -4.26917 -15.6548 -13.9462 -67.1897
-6.5572 -5.74488 -4.60539 -15.775 -14.0576 -67.2986
-6.63638 -5.81545 -4.94215 -15.8959 -14.1695 -67.4076
-6.71616 -5.88658 -5.27946 -16.0173 -14.2821 -67.5167
-6.79655 -5.95827 -5.61732 -16.1393 -14.3952 -67.6259
-6.87756 -6.03053 -5.95572 -16.2619 -14.509 -67.7353
-6.95917 -6.10336 -6.29467 -16.3851 -14.6233 -67.8448
-7.04141 -6.17677 -6.63417 -16.5089 -14.7383 -67.9544
-7.12426 -6.25074 -6.97422 -16.6333 -14.8539 -68.0642
-7.20774 -6.3253 -7.31481 -16.7584 -14.9701 -68.1741
-7.29185 -6.40045 -7.65596 -16.884 -15.0869 -68.2841
-7.37658 -6.47617 -7.99765 -17.0103 -15.2044 -68.3942
-7.46195 -6.55249 -8.3399 -17.1372 -15.3225 -68.5044
-7.54795 -6.6294 -8.6827 -17.2648 -15.4413 -68.6148
-7.6346 -6.7069 -9.02605 -17.393 -15.5607 -68.7253
-7.72188 -6.78501 -9.36995 -17.5218 -15.6808 -68.8359
-7.80982 -6.86371 -9.71441 -17.6513 -15.8015 -68.9466
-7.8984 -6.94302 -10.0594 -17.7814 -15.9229 -69.0574
-7.98763 -7.02294 -10.405 -17.9122 -16.045 -69.1684
-8.07752 -7.10347 -10.7511 -18.0436 -16.1677 -69.2795
-8.16807 -7.18462 -11.0978 -18.1758 -16.2912 -69.3907
-8.25928 -7.26638 -11.445 -18.3086 -16.4153 -69.502
-8.35115 -7.34877 -11.7928 -18.442 -16.5401 -69.6134
-8.4437 -7.43178 -12.1411 -18.5762 -16.6656 -69.725
-8.53691 -7.51543 -12.49 -18.7111 -16.7918 -69.8366
-8.63081 -7.5997 -12.8395 -18.8466 -16.9188 -69.9484
-8.72538 -7.68461 -13.1895 -18.9829 -17.0464 -70.0602
-8.82064 -7.77017 -13.5401 -19.1199 -17.1748 -70.1722
-8.91658 -7.85636 -13.8913 -19.2576 -17.3039 -70.2843
-9.01321 -7.94321 -14.243 -19.396 -17.4338 -70.3965
-9.11054 -8.0307 -14.5952 -19.5351 -17.5644 -70.5088
-9.20856 -8.11885 -14.948 -19.675 -17.6957 -70.6212
-9.30729 -8.20766 -15.3014 -19.8156 -17.8278 -70.7337
-9.40672 -8.29713 -15.6554 -19.957 -17.9607 -70.8463
-9.50686 -8.38726 -16.0099 -20.0991 -18.0943 -70.959
-9.60771 -8.47807 -16.365 -20.242 -18.2287 -71.0718
-9.70928 -8.56955 -16.7206 -20.3857 -18.3639 -71.1847
-9.81157 -8.66171 -17.0768 -20.5301 -18.4999 -71.2977
-9.91458 -8.75455 -17.4336 -20.6753 -18.6367 -71.4108
-10.0183 -8.84808 -17.7909 -20.8212 -18.7743 -71.524
-10.1228 -8.9423 -18.1488 -20.968 -18.9127 -71.6373
-10.228 -9.03721 -18.5073 -21.1156 -19.0519 -71.7507
-10.334 -9.13281 -18.8663 -21.264 -19.192 -71.8641
-10.4406 -9.22913 -19.2259 -21.4132 -19.3329 -71.9777
-10.5481 -9.32614 -19.5861 -21.5632 -19.4746 -72.0913
-10.6563 -9.42387 -19.9469 -21.714 -19.6172 -72.205
-10.7652 -9.52232 -20.3082 -21.8657 -19.7606 -72.3188
-10.8749 -9.62148 -20.67 -22.0182 -19.9049 -72.4326
-10.9854 -9.72136 -21.0325 -22.1716 -20.0501 -72.5466
-11.0966 -9.82198 -21.3955 -22.3258 -20.1961 -72.6606
-11.2087 -9.92333 -21.7591 -22.4809 -20.343 -72.7747
-11.3215 -10.0254 -22.1233 -22.6369 -20.4909 -72.8888
-11.435 -10.1282 -22.488 -22.7937 -20.6396 -73.003
-11.5494 -10.2318 -22.8533 -22.9514 -20.7893 -73.1173
-11.6645 -10.3361 -23.2192 -23.1101 -20.9398 -73.2317
-11.7805 -10.4412 -23.5856 -23.2696 -21.0913 -73.3461
-11.8972 -10.547 -23.9526 -23.43 -21.2438 -73.4605
-12.0148 -10.6536 -24.3202 -23.5914 -21.3972 -73.5751
-12.1332 -10.761 -24.6884 -23.7537 -21.5515 -73.6896
-12.2523 -10.8692 -25.0571 -23.9169 -21.7068 -73.8042
-12.3723 -10.9781 -25.4264 -24.0811 -21.8631 -73.9189
-12.4931 -11.0878 -25.7963 -24.2463 -22.0204 -74.0336
-12.6148 -11.1983 -26.1667 -24.4124 -22.1786 -74.1484
-12.7373 -11.3096 -26.5378 -24.5794 -22.3379 -74.2632
-12.8606 -11.4217 -26.9094 -24.7475 -22.4981 -74.378
-12.9847 -11.5346 -27.2816 -24.9165 -22.6594 -74.4928
-13.1098 -11.6483 -27.6543 -25.0866 -22.8218 -74.6077
-13.2356 -11.7628 -28.0276 -25.2576 -22.9851 -74.7226
-13.3623 -11.8781 -28.4015 -25.4297 -23.1496 -74.8375
-13.4899 -11.9943 -28.776 -25.6028 -23.315 -74.9525
-13.6184 -12.1113 -29.1511 -25.777 -23.4816 -75.0674
-13.7477 -12.2291 -29.5267 -25.9522 -23.6492 -75.1824
-13.8779 -12.3478 -29.9029 -26.1284 -23.818 -75.2974
-14.009 -12.4673 -30.2797 -26.3058 -23.9878 -75.4124
-14.1409 -12.5876 -30.657 -26.4842 -24.1587 -75.5273
-14.2738 -12.7089 -31.0349 -26.6637 -24.3308 -75.6423
-14.4076 -12.8309 -31.4134 -26.8443 -24.504 -75.7572
-14.5422 -12.9539 -31.7925 -27.026 -24.6784 -75.8722
-14.6778 -13.0777 -32.1721 -27.2088 -24.8539 -75.9871
-14.8143 -13.2024 -32.5524 -27.3928 -25.0306 -76.102
-14.9518 -13.328 -32.9332 -27.5779 -25.2084 -76.2169
-15.0901 -13.4545 -33.3145 -27.7641 -25.3875 -76.3317
-15.2294 -13.5819 -33.6965 -27.9516 -25.5677 -76.4465
-15.3696 -13.7102 -34.079 -28.1402 -25.7492 -76.5613
-15.5108 -13.8394 -34.4621 -28.33 -25.9319 -76.676
-15.6529 -13.9695 -34.8458 -28.521 -26.1159 -76.7906
-15.796 -14.1006 -35.23 -28.7132 -26.3011 -76.9052
-15.9401 -14.2325 -35.6148 -28.9067 -26.4876 -77.0198
-16.0851 -14.3654 -36.0002 -29.1014 -26.6754 -77.1342
-16.2311 -14.4993 -36.3862 -29.2973 -26.8644 -77.2486
-16.3781 -14.6341 -36.7727 -29.4945 -27.0548 -77.3629
-16.526 -14.7698 -37.1598 -29.693 -27.2465 -77.4771
-16.675 -14.9065 -37.5475 -29.8928 -27.4395 -77.5913
-16.825 -15.0442 -37.9357 -30.0939 -27.6339 -77.7053
-16.9759 -15.1829 -38.3245 -30.2963 -27.8296 -77.8192
-17.1279 -15.3225 -38.7139 -30.5001 -28.0267 -77.933
-17.2809 -15.4631 -39.1038 -30.7052 -28.2252 -78.0467
-17.435 -15.6048 -39.4944 -30.9116 -28.4252 -78.1602
-17.59 -15.7474 -39.8854 -31.1194 -28.6265 -78.2737
-17.7462 -15.891 -40.2771 -31.3287 -28.8293 -78.3869
-17.9033 -16.0357 -40.6693 -31.5393 -29.0335 -78.5001
-18.0616 -16.1814 -41.0621 -31.7513 -29.2392 -78.613
-18.2208 -16.3281 -41.4554 -31.9648 -29.4464 -78.7258
-18.3812 -16.4758 -41.8494 -32.1797 -29.655 -78.8385
-18.5426 -16.6246 -42.2438 -32.3961 -29.8652 -78.9509
-18.7052 -16.7745 -42.6389 -32.614 -30.0769 -79.0632
-18.8688 -16.9254 -43.0345 -32.8334 -30.2902 -79.1753
-19.0335 -17.0774 -43.4306 -33.0543 -30.505 -79.2871
-19.1993 -17.2305 -43.8273 -33.2767 -30.7215 -79.3988
-19.3663 -17.3846 -44.2246 -33.5007 -30.9395 -79.5102
-19.5343 -17.5398 -44.6224 -33.7262 -31.1591 -79.6214
-19.7035 -17.6962 -45.0208 -33.9533 -31.3804 -79.7323
-19.8739 -17.8537 -45.4198 -34.182 -31.6033 -79.843
-20.0453 -18.0122 -45.8193 -34.4124 -31.8278 -79.9535
-20.218 -18.1719 -46.2193 -34.6443 -32.0541 -80.0636
-20.3918 -18.3328 -46.6199 -34.8779 -32.2821 -80.1735
-20.5668 -18.4948 -47.021 -35.1132 -32.5118 -80.2831
-20.7429 -18.6579 -47.4227 -35.3502 -32.7432 -80.3924
-20.9203 -18.8222 -47.825 -35.5888 -32.9764 -80.5013
-21.0988 -18.9877 -48.2277 -35.8292 -33.2114 -80.6099
-21.2786 -19.1543 -48.6311 -36.0713 -33.4482 -80.7182
-21.4595 -19.3221 -49.0349 -36.3152 -33.6868 -80.8262
-21.6417 -19.4912 -49.4393 -36.5609 -33.9273 -80.9337
-21.8251 -19.6614 -49.8442 -36.8083 -34.1696 -81.0409
-22.0098 -19.8329 -50.2497 -37.0576 -34.4138 -81.1477
-22.1957 -20.0055 -50.6557 -37.3087 -34.6599 -81.2541
-22.3829 -20.1795 -51.0623 -37.5617 -34.9079 -81.36
-22.5713 -20.3546 -51.4693 -37.8166 -35.1579 -81.4655
-22.7611 -20.531 -51.8769 -38.0733 -35.4099 -81.5706
-22.9521 -20.7087 -52.285 -38.332 -35.6638 -81.6752
-23.1444 -20.8877 -52.6937 -38.5926 -35.9198 -81.7793
-23.338 -21.0679 -53.1028 -38.8551 -36.1778 -81.8829
-23.5329 -21.2495 -53.5125 -39.1197 -36.4379 -81.986
-23.7292 -21.4323 -53.9227 -39.3862 -36.7001 -82.0886
-23.9268 -21.6165 -54.3334 -39.6548 -36.9644 -82.1906
-24.1257 -21.8019 -54.7446 -39.9254 -37.2308 -82.292
-24.326 -21.9888 -55.1563 -40.1981 -37.4994 -82.3928
-24.5277 -22.1769 -55.5685 -40.4729 -37.7702 -82.493
-24.7308 -22.3665 -55.9812 -40.7498 -38.0432 -82.5926
-24.9352 -22.5574 -56.3944 -41.0289 -38.3185 -82.6915
-25.1411 -22.7497 -56.8081 -41.3102 -38.596 -82.7898
-25.3483 -22.9433 -57.2223 -41.5936 -38.8759 -82.8874
-25.557 -23.1384 -57.637 -41.8793 -39.158 -82.9842
-25.7671 -23.3349 -58.0522 -42.1672 -39.4426 -83.0803
-25.9787 -23.5328 -58.4678 -42.4573 -39.7295 -83.1756
-26.1917 -23.7322 -58.8839 -42.7498 -40.0188 -83.2702
-26.4062 -23.933 -59.3005 -43.0446 -40.3106 -83.3639
-26.6221 -24.1353 -59.7176 -43.3418 -40.6048 -83.4568
-26.8396 -24.3391 -60.1351 -43.6413 -40.9016 -83.5489
-27.0585 -24.5443 -60.5531 -43.9433 -41.2009 -83.64
-27.279 -24.7511 -60.9715 -44.2477 -41.5028 -83.7302
-27.501 -24.9594 -61.3904 -44.5546 -41.8072 -83.8195
-27.7246 -25.1692 -61.8097 -44.8639 -42.1143 -83.9078
-27.9497 -25.3805 -62.2294 -45.1758 -42.4241 -83.9951
-28.1763 -25.5934 -62.6496 -45.4903 -42.7366 -84.0814
-28.4046 -25.8079 -63.0703 -45.8074 -43.0518 -84.1666
-28.6344 -26.0239 -63.4913 -46.127 -43.3698 -84.2507
-28.8658 -26.2416 -63.9128 -46.4494 -43.6906 -84.3336
-29.0989 -26.4608 -64.3346 -46.7744 -44.0142 -84.4154
-29.3336 -26.6817 -64.7569 -47.1021 -44.3408 -84.496
-29.5699 -26.9042 -65.1796 -47.4326 -44.6702 -84.5754
-29.8079 -27.1284 -65.6027 -47.7659 -45.0026 -84.6535
-30.0476 -27.3543 -66.0261 -48.102 -45.338 -84.7302
-30.2889 -27.5818 -66.45 -48.441 -45.6764 -84.8056
-30.532 -27.811 -66.8742 -48.7828 -46.0179 -84.8797
-30.7768 -28.042 -67.2988 -49.1276 -46.3625 -84.9523
-31.0233 -28.2746 -67.7237 -49.4754 -46.7103 -85.0234
-31.2715 -28.5091 -68.149 -49.8261 -47.0612 -85.093
-31.5215 -28.7453 -68.5746 -50.1799 -47.4154 -85.161
-31.7733 -28.9832 -69.0006 -50.5368 -47.7729 -85.2274
-32.0269 -29.223 -69.4269 -50.8968 -48.1337 -85.2922
-32.2823 -29.4646 -69.8535 -51.26 -48.4979 -85.3552
-32.5395 -29.708 -70.2805 -51.6263 -48.8655 -85.4165
-32.7985 -29.9532 -70.7077 -51.9959 -49.2365 -85.476
-33.0594 -30.2003 -71.1352 -52.3688 -49.611 -85.5336
-33.3222 -30.4493 -71.563 -52.745 -49.9891 -85.5893
-33.5869 -30.7002 -71.9911 -53.1246 -50.3709 -85.643
-33.8535 -30.953 -72.4195 -53.5075 -50.7562 -85.6947
-34.122 -31.2078 -72.8481 -53.894 -51.1453 -85.7443
-34.3924 -31.4645 -73.2769 -54.2839 -51.5381 -85.7917
-34.6648 -31.7232 -73.706 -54.6773 -51.9347 -85.8369
-34.9392 -31.9838 -74.1353 -55.0744 -52.3351 -85.8799
-35.2156 -32.2465 -74.5648 -55.4751 -52.7395 -85.9205
-35.4939 -32.5112 -74.9945 -55.8794 -53.1478 -85.9586
-35.7744 -32.778 -75.4244 -56.2875 -53.5601 -85.9943
-36.0568 -33.0468 -75.8544 -56.6994 -53.9765 -86.0274
-36.3413 -33.3178 -76.2846 -57.1151 -54.397 -86.0579
-36.628 -33.5908 -76.715 -57.5346 -54.8217 -86.0856
-36.9167 -33.866 -77.1455 -57.9581 -55.2507 -86.1106
-37.2075 -34.1433 -77.5761 -58.3856 -55.6839 -86.1326
-37.5005 -34.4228 -78.0068 -58.8171 -56.1215 -86.1517
-37.7957 -34.7045 -78.4376 -59.2526 -56.5635 -86.1678
-38.0931 -34.9885 -78.8685 -59.6923 -57.0099 -86.1807
-38.3926 -35.2746 -79.2994 -60.1362 -57.461 -86.1903
-38.6944 -35.5631 -79.7304 -60.5843 -57.9166 -86.1966
-38.9985 -35.8538 -80.1614 -61.0368 -58.3769 -86.1995
-39.3048 -36.1468 -80.5924 -61.4935 -58.8419 -86.1989
-39.6134 -36.4422 -81.0234 -61.9547 -59.3117 -86.1946
-39.9244 -36.7399 -81.4543 -62.4204 -59.7863 -86.1865
-40.2376 -37.0401 -81.8852 -62.8905 -60.2659 -86.1746
-40.5533 -37.3426 -82.3161 -63.3653 -60.7505 -86.1587
-40.8713 -37.6476 -82.7468 -63.8446 -61.2402 -86.1387
-41.1917 -37.955 -83.1775 -64.3287 -61.735 -86.1145
-41.5146 -38.2649 -83.608 -64.8176 -62.2349 -86.0859
-41.8399 -38.5774 -84.0383 -65.3112 -62.7402 -86.0529
-42.1677 -38.8923 -84.4685 -65.8098 -63.2508 -86.0152
-42.498 -39.2099 -84.8985 -66.3133 -63.7669 -85.9728
-42.8308 -39.53 -85.3282 -66.8217 -64.2884 -85.9254
-43.1662 -39.8527 -85.7577 -67.3353 -64.8155 -85.8731
-43.5042 -40.1781 -86.187 -67.854 -65.3483 -85.8155
-43.8447 -40.5062 -86.6159 -68.3779 -65.8868 -85.7526
-44.1879 -40.837 -87.0445 -68.907 -66.4311 -85.6841
-44.5338 -41.1705 -87.4727 -69.4415 -66.9812 -85.61
-44.8824 -41.5068 -87.9006 -69.9813 -67.5373 -85.53
-45.2336 -41.8459 -88.328 -70.5266 -68.0995 -85.4439
-45.5876 -42.1878 -88.755 -71.0774 -68.6678 -85.3517
-45.9444 -42.5326 -89.1815 -71.6338 -69.2422 -85.253
-46.304 -42.8802 -89.6075 -72.1959 -69.823 -85.1476
-46.6663 -43.2308 -90.033 -72.7636 -70.4101 -85.0355
-47.0316 -43.5843 -90.4579 -73.3372 -71.0036 -84.9163
-47.3997 -43.9409 -90.8822 -73.9166 -71.6037 -84.7899
-47.7708 -44.3004 -91.3058 -74.5019 -72.2104 -84.656
-48.1447 -44.663 -91.7287 -75.0931 -72.8237 -84.5144
-48.5217 -45.0286 -92.1509 -75.6905 -73.4439 -84.3649
-48.9016 -45.3974 -92.5724 -76.2939 -74.0709 -84.2071
-49.2846 -45.7693 -92.993 -76.9035 -74.7048 -84.0409
-49.6707 -46.1444 -93.4128 -77.5193 -75.3457 -83.866
-50.0598 -46.5228 -93.8317 -78.1414 -75.9938 -83.6821
-50.4521 -46.9044 -94.2496 -78.7699 -76.649 -83.489
-50.8475 -47.2893 -94.6666 -79.4048 -77.3115 -83.2863
-51.2461 -47.6775 -95.0825 -80.0462 -77.9813 -83.0737
-51.648 -48.0691 -95.4973 -80.6941 -78.6585 -82.851
-52.0531 -48.4641 -95.911 -81.3486 -79.3433 -82.6178
-52.4615 -48.8625 -96.3235 -82.0098 -80.0356 -82.3738
-52.8732 -49.2644 -96.7347 -82.6776 -80.7356 -82.1186
-53.2882 -49.6699 -97.1447 -83.3523 -81.4433 -81.8519
-53.7067 -50.0789 -97.5532 -84.0337 -82.1588 -81.5734
-54.1286 -50.4915 -97.9604 -84.7219 -82.8822 -81.2826
-54.5539 -50.9077 -98.3661 -85.417 -83.6135 -80.9792
-54.9827 -51.3276 -98.7702 -86.1191 -84.3528 -80.6627
-55.4151 -51.7512 -99.1727 -86.8281 -85.1002 -80.3328
-55.851 -52.1786 -99.5735 -87.5441 -85.8557 -79.989
-56.2905 -52.6098 -99.9726 -88.2671 -86.6194 -79.6309
-56.7337 -53.0448 -100.37 -88.9972 -87.3914 -79.2581
-57.1805 -53.4837 -100.765 -89.7343 -88.1716 -78.87
-57.631 -53.9265 -101.159 -90.4785 -88.9601 -78.4663
-58.0853 -54.3733 -101.55 -91.2298 -89.757 -78.0463
-58.5433 -54.8241 -101.939 -91.9882 -90.5623 -77.6096
-59.0052 -55.2789 -102.326 -92.7536 -91.376 -77.1556
-59.4709 -55.7378 -102.711 -93.5261 -92.1981 -76.6839
-59.9404 -56.2009 -103.093 -94.3056 -93.0287 -76.1938
-60.4139 -56.6681 -103.472 -95.0922 -93.8678 -75.6848
-60.8914 -57.1396 -103.85 -95.8857 -94.7152 -75.1563
-61.3728 -57.6153 -104.224 -96.6861 -95.5711 -74.6076
-61.8582 -58.0953 -104.596 -97.4934 -96.4355 -74.0382
-62.3477 -58.5796 -104.964 -98.3074 -97.3081 -73.4473
-62.8413 -59.0683 -105.33 -99.1282 -98.1891 -72.8344
-63.339 -59.5615 -105.693 -99.9556 -99.0784 -72.1987
-63.8408 -60.0591 -106.052 -100.789 -99.9758 -71.5396
-64.3469 -60.5613 -106.408 -101.63 -100.881 -70.8563
-64.8571 -61.0679 -106.761 -102.476 -101.795 -70.1481
-65.3716 -61.5792 -107.11 -103.329 -102.716 -69.4142
-65.8904 -62.0951 -107.455 -104.187 -103.646 -68.6539
-66.4135 -62.6157 -107.796 -105.051 -104.582 -67.8663
-66.9409 -63.1409 -108.133 -105.921 -105.526 -67.0507
-67.4727 -63.6709 -108.467 -106.795 -106.478 -66.2062
-68.0089 -64.2057 -108.796 -107.675 -107.436 -65.332
-68.5495 -64.7453 -109.12 -108.56 -108.401 -64.4272
-69.0945 -65.2897 -109.44 -109.449 -109.373 -63.491
-69.6439 -65.839 -109.755 -110.341 -110.351 -62.5224
-70.1979 -66.3932 -110.065 -111.238 -111.334 -61.5205
-70.7563 -66.9523 -110.37 -112.138 -112.323 -60.4845
-71.3193 -67.5164 -110.67 -113.041 -113.317 -59.4133
-71.8867 -68.0855 -110.964 -113.946 -114.316 -58.3061
-72.4587 -68.6596 -111.253 -114.853 -115.319 -57.1619
-73.0353 -69.2387 -111.536 -115.761 -116.326 -55.9797
-73.6163 -69.8228 -111.813 -116.67 -117.336 -54.7586
-74.2019 -70.4121 -112.083 -117.579 -118.349 -53.4976
-74.7921 -71.0063 -112.348 -118.488 -119.363 -52.1958
-75.3868 -71.6057 -112.605 -119.396 -120.379 -50.8521
-75.9861 -72.2101 -112.856 -120.302 -121.396 -49.4657
-76.5898 -72.8196 -113.1 -121.205 -122.412 -48.0355
-77.1981 -73.4342 -113.337 -122.104 -123.428 -46.5607
-77.8109 -74.0539 -113.566 -122.999 -124.441 -45.0403
-78.4281 -74.6786 -113.787 -123.889 -125.452 -43.4735
-79.0498 -75.3084 -114 -124.772 -126.459 -41.8593
-79.6758 -75.9432 -114.206 -125.648 -127.462 -40.197
-80.3062 -76.583 -114.402 -126.516 -128.458 -38.4857
-80.941 -77.2278 -114.59 -127.374 -129.448 -36.7248
-81.58 -77.8775 -114.77 -128.221 -130.429 -34.9134
-82.2232 -78.5321 -114.94 -129.056 -131.401 -33.051
-82.8705 -79.1915 -115.1 -129.877 -132.362 -31.1369
-83.5219 -79.8557 -115.251 -130.684 -133.311 -29.1707
-84.1774 -80.5246 -115.392 -131.475 -134.246 -27.1519
-84.8367 -81.1982 -115.523 -132.248 -135.166 -25.0802
-85.4998 -81.8763 -115.643 -133.001 -136.07 -22.9553
-86.1667 -82.5588 -115.752 -133.734 -136.955 -20.7771
-86.8372 -83.2458 -115.85 -134.445 -137.82 -18.5456
-87.5111 -83.937 -115.938 -135.132 -138.663 -16.2607
-88.1885 -84.6324 -116.013 -135.793 -139.483 -13.9228
-88.8691 -85.3319 -116.077 -136.426 -140.278 -11.5322
-89.5527 -86.0352 -116.128 -137.031 -141.046 -9.08942
-90.2394 -86.7423 -116.168 -137.604 -141.784 -6.59504
-90.9288 -87.453 -116.194 -138.145 -142.492 -4.04989
-91.6208 -88.1672 -116.208 -138.651 -143.166 -1.45496
-92.3153 -88.8847 -116.209 -139.12 -143.806 1.1886
-93.012 -89.6053 -116.196 -139.552 -144.409 3.87947
-93.7108 -90.3288 -116.17 -139.944 -144.974 6.61613
-94.4114 -91.055 -116.13 -140.294 -145.498 9.39687
-95.1137 -91.7838 -116.076 -140.6 -145.979 12.2198
-95.8174 -92.5148 -116.008 -140.862 -146.416 15.0829
-96.5223 -93.2479 -115.925 -141.077 -146.807 17.9837
-97.2282 -93.9829 -115.828 -141.244 -147.15 20.92
-97.9348 -94.7194 -115.716 -141.361 -147.444 23.8889
-98.6418 -95.4573 -115.589 -141.427 -147.686 26.8877
-99.349 -96.1963 -115.447 -141.441 -147.876 29.9134
-100.056 -96.9361 -115.29 -141.402 -148.012 32.9628
-100.763 -97.6764 -115.118 -141.308 -148.093 36.0325
-101.469 -98.417 -114.93 -141.159 -148.117 39.1191
-102.175 -99.1576 -114.727 -140.953 -148.084 42.2189
-102.879 -99.8978 -114.508 -140.691 -147.993 45.3282
-103.582 -100.637 -114.273 -140.372 -147.843 48.4433
-104.283 -101.376 -114.023 -139.996 -147.634 51.5602
-104.982 -102.114 -113.758 -139.562 -147.364 54.6749
-105.678 -102.85 -113.477 -139.071 -147.035 57.7834
-106.372 -103.584 -113.18 -138.523 -146.647 60.8817
-107.063 -104.316 -112.868 -137.918 -146.198 63.9657
-107.751 -105.046 -112.54 -137.257 -145.69 67.0315
-108.436 -105.773 -112.197 -136.54 -145.124 70.0751
-109.117 -106.497 -111.84 -135.77 -144.499 73.0925
-109.794 -107.218 -111.467 -134.945 -143.818 76.0801
-110.466 -107.936 -111.079 -134.069 -143.081 79.0339
-111.134 -108.649 -110.676 -133.143 -142.288 81.9506
-111.798 -109.358 -110.259 -132.167 -141.443 84.8267
-112.456 -110.064 -109.828 -131.143 -140.546 87.6588
-113.109 -110.764 -109.383 -130.075 -139.599 90.4438
-113.757 -111.46 -108.924 -128.962 -138.603 93.1789
-114.399 -112.15 -108.451 -127.808 -137.562 95.8614
-115.035 -112.835 -107.965 -126.615 -136.476 98.4887
-115.665 -113.515 -107.466 -125.384 -135.348 101.058
-116.289 -114.189 -106.954 -124.117 -134.179 103.569
-116.906 -114.857 -106.43 -122.818 -132.974 106.018
-117.517 -115.518 -105.894 -121.488 -131.732 108.403
-118.121 -116.174 -105.346 -120.13 -130.458 110.725
-118.718 -116.823 -104.787 -118.746 -129.152 112.981
-119.309 -117.465 -104.217 -117.338 -127.818 115.17
-119.892 -118.101 -103.635 -115.909 -126.458 117.292
-120.468 -118.73 -103.044 -114.461 -125.074 119.346
-121.036 -119.352 -102.442 -112.995 -123.669 121.331
-121.598 -119.967 -101.83 -111.515 -122.244 123.249
-122.151 -120.574 -101.209 -110.022 -120.802 125.098
-122.698 -121.175 -100.579 -108.519 -119.345 126.879
-123.237 -121.768 -99.9406 -107.007 -117.876 128.592
-123.768 -122.354 -99.2934 -105.489 -116.395 130.238
-124.292 -122.932 -98.6382 -103.965 -114.905 131.817
-124.808 -123.503 -97.9753 -102.439 -113.409 133.33
-125.316 -124.066 -97.3049 -100.911 -111.907 134.779
-125.817 -124.622 -96.6275 -99.3842 -110.402 136.163
-126.31 -125.17 -95.9433 -97.8587 -108.895 137.484
-126.795 -125.711 -95.2526 -96.3364 -107.388 138.744
-127.273 -126.244 -94.5558 -94.8188 -105.882 139.943
-127.743 -126.769 -93.8532 -93.3071 -104.379 141.083
-128.206 -127.288 -93.145 -91.8024 -102.88 142.165
-128.661 -127.798 -92.4315 -90.306 -101.386 143.191
-129.109 -128.301 -91.7131 -88.8188 -99.8979 144.161
-129.55 -128.797 -90.9899 -87.3417 -98.4175 145.078
-129.983 -129.286 -90.2623 -85.8757 -96.9456 145.943
-130.408 -129.767 -89.5305 -84.4215 -95.483 146.757
-130.827 -130.24 -88.7947 -82.9799 -94.0305 147.522
-131.238 -130.707 -88.0553 -81.5516 -92.589 148.24
-131.642 -131.166 -87.3123 -80.1371 -91.1592 148.911
-132.04 -131.619 -86.5662 -78.7369 -89.7417 149.537
-132.43 -132.064 -85.817 -77.3517 -88.337 150.121
-132.813 -132.502 -85.0649 -75.9817 -86.9458 150.663
-133.19 -132.933 -84.3103 -74.6273 -85.5684 151.164
-133.559 -133.358 -83.5533 -73.289 -84.2054 151.627
-133.923 -133.775 -82.7941 -71.9669 -82.857 152.052
-134.279 -134.186 -82.0328 -70.6612 -81.5237 152.442
-134.629 -134.591 -81.2696 -69.3723 -80.2056 152.796
-134.973 -134.988 -80.5048 -68.1001 -78.903 153.117
-135.31 -135.38 -79.7385 -66.845 -77.6161 153.406
-135.641 -135.764 -78.9707 -65.6068 -76.345 153.664
-135.966 -136.143 -78.2018 -64.3857 -75.09 153.893
-136.285 -136.515 -77.4318 -63.1817 -73.851 154.093
-136.598 -136.882 -76.6609 -61.9949 -72.6282 154.265
-136.905 -137.242 -75.8892 -60.825 -71.4215 154.412
-137.206 -137.596 -75.1168 -59.6723 -70.2311 154.533
-137.502 -137.944 -74.3438 -58.5365 -69.0569 154.63
-137.792 -138.286 -73.5705 -57.4175 -67.8988 154.704
-138.076 -138.623 -72.7968 -56.3153 -66.7568 154.756
-138.355 -138.954 -72.0229 -55.2298 -65.6309 154.787
-138.628 -139.279 -71.2489 -54.1608 -64.521 154.797
-138.896 -139.599 -70.4749 -53.1082 -63.4269 154.789
-139.159 -139.914 -69.701 -52.0718 -62.3485 154.761
-139.417 -140.223 -68.9273 -51.0514 -61.2858 154.716
-139.67 -140.526 -68.1539 -50.0469 -60.2386 154.655
-139.918 -140.825 -67.3808 -49.0581 -59.2067 154.577
-140.16 -141.118 -66.6081 -48.0849 -58.19 154.483
-140.398 -141.407 -65.8359 -47.1269 -57.1884 154.375
-140.632 -141.69 -65.0643 -46.184 -56.2016 154.253
-140.86 -141.969 -64.2934 -45.2561 -55.2295 154.117
-141.084 -142.243 -63.5232 -44.3428 -54.272 153.969
-141.304 -142.512 -62.7537 -43.4441 -53.3287 153.809
-141.519 -142.776 -61.9851 -42.5596 -52.3996 153.637
-141.729 -143.036 -61.2173 -41.6892 -51.4845 153.454
-141.936 -143.291 -60.4505 -40.8326 -50.5831 153.26
-142.138 -143.541 -59.6847 -39.9897 -49.6953 153.057
-142.336 -143.788 -58.92 -39.1601 -48.8209 152.844
-142.529 -144.03 -58.1563 -38.3438 -47.9596 152.622
-142.719 -144.267 -57.3937 -37.5405 -47.1113 152.391
-142.905 -144.501 -56.6324 -36.7499 -46.2758 152.153
-143.086 -144.73 -55.8722 -35.9719 -45.4529 151.906
-143.264 -144.955 -55.1133 -35.2062 -44.6424 151.653
-143.439 -145.176 -54.3557 -34.4526 -43.844 151.392
-143.609 -145.394 -53.5994 -33.711 -43.0577 151.125
-143.776 -145.607 -52.8444 -32.981 -42.2831 150.851
-143.939 -145.817 -52.0909 -32.2626 -41.5201 150.572
-144.098 -146.022 -51.3387 -31.5555 -40.7686 150.287
-144.254 -146.224 -50.588 -30.8595 -40.0282 149.997
-144.407 -146.423 -49.8387 -30.1743 -39.2989 149.701
-144.556 -146.617 -49.091 -29.4999 -38.5804 149.401
-144.702 -146.808 -48.3447 -28.836 -37.8726 149.097
-144.844 -146.996 -47.6 -28.1824 -37.1753 148.789
-144.984 -147.18 -46.8568 -27.5389 -36.4882 148.476
-145.12 -147.361 -46.1152 -26.9054 -35.8113 148.16
-145.253 -147.538 -45.3752 -26.2817 -35.1443 147.84
-145.383 -147.712 -44.6368 -25.6675 -34.4871 147.518
-145.509 -147.883 -43.9001 -25.0627 -33.8394 147.192
-145.633 -148.051 -43.1649 -24.4672 -33.2012 146.863
-145.754 -148.215 -42.4314 -23.8808 -32.5723 146.532
-145.872 -148.376 -41.6996 -23.3032 -31.9524 146.198
-145.987 -148.535 -40.9695 -22.7344 -31.3415 145.862
-146.099 -148.69 -40.241 -22.1741 -30.7394 145.523
-146.209 -148.842 -39.5142 -21.6223 -30.1458 145.183
-146.316 -148.991 -38.7892 -21.0787 -29.5608 144.841
-146.42 -149.138 -38.0658 -20.5433 -28.9841 144.497
-146.521 -149.281 -37.3442 -20.0157 -28.4155 144.152
-146.62 -149.422 -36.6243 -19.496 -27.855 143.805
-146.716 -149.56 -35.9061 -18.984 -27.3024 143.457
-146.81 -149.695 -35.1897 -18.4795 -26.7575 143.108
-146.901 -149.827 -34.4751 -17.9823 -26.2202 142.757
-146.989 -149.957 -33.7621 -17.4924 -25.6904 142.406
-147.076 -150.084 -33.051 -17.0096 -25.168 142.054
-147.16 -150.209 -32.3416 -16.5338 -24.6527 141.701
-147.241 -150.331 -31.634 -16.0649 -24.1446 141.348
-147.32 -150.45 -30.9281 -15.6027 -23.6434 140.994
-147.397 -150.567 -30.224 -15.1471 -23.149 140.64
-147.472 -150.682 -29.5217 -14.698 -22.6614 140.285
-147.544 -150.794 -28.8212 -14.2552 -22.1803 139.93
-147.614 -150.903 -28.1224 -13.8187 -21.7057 139.574
-147.682 -151.011 -27.4254 -13.3884 -21.2376 139.219
-147.748 -151.116 -26.7302 -12.964 -20.7756 138.864
-147.812 -151.219 -26.0368 -12.5456 -20.3199 138.508
-147.874 -151.319 -25.3452 -12.133 -19.8701 138.152
-147.933 -151.417 -24.6553 -11.7261 -19.4263 137.797
-147.991 -151.513 -23.9672 -11.3249 -18.9884 137.442
-148.046 -151.607 -23.2809 -10.9291 -18.5561 137.087
-148.1 -151.699 -22.5963 -10.5387 -18.1296 136.732
-148.152 -151.788 -21.9135 -10.1537 -17.7085 136.378
-148.202 -151.876 -21.2325 -9.77383 -17.2929 136.024
-148.25 -151.961 -20.5533 -9.39912 -16.8827 135.67
-148.296 -152.045 -19.8758 -9.02944 -16.4777 135.317
-148.34 -152.126 -19.2001 -8.66472 -16.0779 134.964
-148.382 -152.205 -18.5262 -8.30485 -15.6831 134.612
-148.423 -152.283 -17.854 -7.94976 -15.2934 134.261
-148.462 -152.358 -17.1836 -7.59936 -14.9086 133.91
-148.499 -152.432 -16.5149 -7.25358 -14.5286 133.559
-148.534 -152.504 -15.848 -6.91232 -14.1534 133.21
-148.568 -152.574 -15.1828 -6.57552 -13.7828 132.861
-148.6 -152.642 -14.5194 -6.2431 -13.4169 132.513
-148.63 -152.708 -13.8577 -5.91498 -13.0554 132.165
-148.659 -152.772 -13.1977 -5.59109 -12.6984 131.819
-148.686 -152.835 -12.5395 -5.27136 -12.3458 131.473
-148.712 -152.896 -11.883 -4.95572 -11.9975 131.128
-148.736 -152.955 -11.2282 -4.64409 -11.6534 130.784
-148.758 -153.012 -10.5752 -4.33642 -11.3134 130.441
-148.779 -153.068 -9.92381 -4.03263 -10.9776 130.098
-148.799 -153.122 -9.27418 -3.73266 -10.6457 129.757
-148.817 -153.174 -8.62625 -3.43645 -10.3179 129.416
-148.833 -153.225 -7.98002 -3.14393 -9.9939 129.077
-148.848 -153.274 -7.33548 -2.85504 -9.67377 128.738
-148.862 -153.322 -6.69264 -2.56973 -9.35741 128.4
-148.874 -153.368 -6.05148 -2.28793 -9.04477 128.064
-148.884 -153.412 -5.412 -2.00959 -8.73578 127.728
-148.894 -153.455 -4.7742 -1.73465 -8.43039 127.393
-148.902 -153.497 -4.13807 -1.46306 -8.12854 127.06
-148.908 -153.536 -3.5036 -1.19476 -7.83017 126.727
-148.914 -153.575 -2.87079 -0.929699 -7.53524 126.396
-148.918 -153.612 -2.23964 -0.667824 -7.24368 126.065
-148.92 -153.647 -1.61014 -0.409085 -6.95545 125.736
-148.922 -153.681 -0.982286 -0.153433 -6.67049 125.407
-148.922 -153.714 -0.356069 0.0991819 -6.38875 125.08
-148.921 -153.745 0.268515 0.348807 -6.11019 124.754
-148.918 -153.775 0.89147 0.595491 -5.83475 124.429
-148.915 -153.804 1.5128 0.839278 -5.56239 124.105
-148.91 -153.831 2.13252 1.08021 -5.29306 123.782
-148.904 -153.856 2.75062 1.31834 -5.02672 123.46
-148.897 -153.881 3.36711 1.55371 -4.76331 123.139
-148.889 -153.904 3.98201 1.78635 -4.50281 122.82
-148.879 -153.926 4.59531 2.01632 -4.24515 122.501
-148.868 -153.947 5.20702 2.24365 -3.99031 122.184
-148.857 -153.966 5.81715 2.46838 -3.73823 121.867
-148.844 -153.984 6.42569 2.69056 -3.48888 121.552
-148.83 -154.001 7.03267 2.91021 -3.24222 121.238
-148.815 -154.016 7.63807 3.12739 -2.99821 120.925
-148.798 -154.031 8.24192 3.34212 -2.7568 120.613
-148.781 -154.044 8.84421 3.55444 -2.51797 120.303
-148.763 -154.056 9.44494 3.76439 -2.28167 119.993
-148.744 -154.067 10.0441 3.97201 -2.04787 119.685
-148.723 -154.076 10.6418 4.17733 -1.81653 119.377
-148.702 -154.085 11.2379 4.38037 -1.58762 119.071
-148.679 -154.092 11.8325 4.58119 -1.3611 118.766
-148.656 -154.099 12.4256 4.7798 -1.13694 118.462
-148.632 -154.104 13.0171 4.97624 -0.915097 118.159
-148.606 -154.108 13.6072 5.17055 -0.695549 117.857
-148.58 -154.111 14.1957 5.36275 -0.47826 117.557
-148.553 -154.112 14.7827 5.55287 -0.263198 117.257
-148.524 -154.113 15.3683 5.74095 -0.0503327 116.959
-148.495 -154.113 15.9523 5.92701 0.160367 116.661
-148.465 -154.112 16.5349 6.11108 0.368931 116.365
-148.434 -154.109 17.116 6.29319 0.57539 116.07
-148.402 -154.106 17.6956 6.47337 0.779771 115.776
-148.369 -154.101 18.2737 6.65164 0.982103 115.483
-148.336 -154.096 18.8504 6.82803 1.18241 115.191
-148.301 -154.09 19.4256 7.00258 1.38073 114.901
-148.266 -154.082 19.9994 7.17529 1.57709 114.611
-148.229 -154.074 20.5718 7.34621 1.7715 114.323
-148.192 -154.065 21.1426 7.51535 1.964 114.035
-148.154 -154.054 21.7121 7.68273 2.15461 113.749
-148.115 -154.043 22.2801 7.84839 2.34336 113.463
-148.076 -154.031 22.8467 8.01235 2.53027 113.179
-148.035 -154.018 23.4119 8.17463 2.71536 112.896
-147.994 -154.004 23.9757 8.33525 2.89867 112.614
-147.952 -153.989 24.5381 8.49423 3.08021 112.333
-147.909 -153.973 25.099 8.6516 3.26001 112.053
-147.865 -153.956 25.6586 8.80738 3.43809 111.774
-147.821 -153.938 26.2168 8.96159 3.61447 111.496
-147.776 -153.92 26.7735 9.11425 3.78918 111.219
-147.73 -153.901 27.329 9.26538 3.96223 110.943
-147.683 -153.88 27.883 9.415 4.13365 110.668
-147.636 -153.859 28.4356 9.56313 4.30346 110.395
-147.587 -153.837 28.9869 9.7098 4.47167 110.122
-147.538 -153.815 29.5369 9.85501 4.63832 109.85
-147.489 -153.791 30.0854 9.9988 4.80341 109.579
-147.438 -153.766 30.6326 10.1412 4.96697 109.31
-147.387 -153.741 31.1785 10.2821 5.12902 109.041
-147.336 -153.715 31.7231 10.4218 5.28958 108.773
-147.283 -153.688 32.2663 10.56 5.44866 108.507
-147.23 -153.661 32.8081 10.6969 5.60629 108.241
-147.176 -153.632 33.3487 10.8325 5.76248 107.976
-147.122 -153.603 33.8879 10.9668 5.91725 107.712
-147.067 -153.573 34.4258 11.0997 6.07061 107.45
-147.011 -153.542 34.9624 11.2314 6.22259 107.188
-146.954 -153.511 35.4977 11.3619 6.3732 106.927
-146.897 -153.479 36.0316 11.4911 6.52246 106.667
-146.839 -153.446 36.5643 11.6191 6.67039 106.408
-146.781 -153.412 37.0957 11.7459 6.81699 106.15
-146.722 -153.377 37.6258 11.8714 6.9623 105.893
-146.662 -153.342 38.1547 11.9958 7.10631 105.637
-146.602 -153.306 38.6822 12.1191 7.24905 105.382
-146.541 -153.27 39.2085 12.2411 7.39054 105.128
-146.48 -153.233 39.7335 12.3621 7.53078 104.874
-146.417 -153.195 40.2572 12.4819 7.6698 104.622
-146.355 -153.156 40.7797 12.6006 7.8076 104.371
-146.291 -153.116 41.3009 12.7182 7.9442 104.12
-146.228 -153.076 41.8209 12.8347 8.07962 103.87
-146.163 -153.036 42.3396 12.9502 8.21387 103.622
-146.098 -152.994 42.8571 13.0646 8.34696 103.374
-146.032 -152.952 43.3734 13.1779 8.47891 103.127
-145.966 -152.909 43.8884 13.2902 8.60973 102.881
-145.9 -152.866 44.4022 13.4015 8.73943 102.636
-145.832 -152.822 44.9147 13.5118 8.86802 102.391
-145.764 -152.777 45.4261 13.6211 8.99553 102.148
-145.696 -152.732 45.9362 13.7294 9.12195 101.905
-145.627 -152.686 46.4451 13.8367 9.24731 101.664
-145.558 -152.64 46.9529 13.9431 9.37161 101.423
-145.488 -152.592 47.4594 14.0485 9.49487 101.183
-145.417 -152.545 47.9647 14.153 9.6171 100.944
-145.346 -152.496 48.4688 14.2565 9.73831 100.706
-145.275 -152.447 48.9717 14.3592 9.85851 100.468
-145.203 -152.398 49.4735 14.4609 9.97771 100.232
-145.13 -152.348 49.9741 14.5617 10.0959 99.9958
-145.057 -152.297 50.4735 14.6616 10.2132 99.7609
-144.983 -152.245 50.9717 14.7607 10.3294 99.5268
-144.909 -152.193 51.4687 14.8589 10.4448 99.2935
-144.835 -152.141 51.9646 14.9562 10.5591 99.061
-144.76 -152.088 52.4593 15.0527 10.6726 98.8293
-144.684 -152.034 52.9529 15.1484 10.7851 98.5984
-144.608 -151.98 53.4453 15.2432 10.8967 98.3683
-144.532 -151.925 53.9366 15.3372 11.0074 98.139
-144.455 -151.87 54.4267 15.4304 11.1172 97.9105
-144.378 -151.814 54.9157 15.5228 11.2262 97.6828
-144.3 -151.758 55.4035 15.6144 11.3342 97.4559
-144.221 -151.701 55.8902 15.7052 11.4414 97.2297
-144.143 -151.643 56.3758 15.7953 11.5478 97.0043
-144.063 -151.585 56.8603 15.8845 11.6532 96.7797
-143.984 -151.527 57.3436 15.9731 11.7579 96.5559
-143.904 -151.468 57.8258 16.0608 11.8617 96.3327
-143.823 -151.408 58.307 16.1479 11.9647 96.1104
-143.742 -151.348 58.787 16.2341 12.0669 95.8888
-143.661 -151.287 59.2658 16.3197 12.1683 95.6679
-143.579 -151.226 59.7436 16.4046 12.2689 95.4478
-143.497 -151.165 60.2203 16.4887 12.3687 95.2284
-143.414 -151.103 60.6959 16.5721 12.4677 95.0098
-143.331 -151.04 61.1704 16.6549 12.566 94.7919
-143.248 -150.977 61.6438 16.7369 12.6635 94.5747
-143.164 -150.913 62.1162 16.8183 12.7602 94.3582
-143.079 -150.849 62.5874 16.899 12.8562 94.1424
-142.995 -150.785 63.0576 16.9791 12.9514 93.9274
-142.91 -150.72 63.5267 17.0584 13.046 93.713
-142.824 -150.654 63.9947 17.1372 13.1398 93.4994
-142.738 -150.588 64.4617 17.2152 13.2328 93.2864
-142.652 -150.522 64.9276 17.2927 13.3252 93.0742
-142.565 -150.455 65.3924 17.3695 13.4169 92.8626
-142.478 -150.388 65.8562 17.4457 13.5078 92.6517
-142.391 -150.32 66.3189 17.5212 13.5981 92.4415
-142.303 -150.252 66.7806 17.5962 13.6877 92.232
-142.215 -150.183 67.2413 17.6705 13.7767 92.0232
-142.126 -150.114 67.7009 17.7443 13.8649 91.815
-142.037 -150.045 68.1594 17.8174 13.9525 91.6075
-141.948 -149.975 68.6169 17.89 14.0394 91.4006
-141.859 -149.904 69.0734 17.962 14.1257 91.1944
-141.769 -149.833 69.5289 18.0334 14.2114 90.9889
-141.678 -149.762 69.9833 18.1042 14.2964 90.784
-141.588 -149.69 70.4367 18.1745 14.3808 90.5798
-141.496 -149.618 70.8891 18.2442 14.4645 90.3762
-141.405 -149.546 71.3405 18.3133 14.5476 90.1733
-141.313 -149.473 71.7908 18.382 14.6302 89.9709
-141.221 -149.399 72.2402 18.45 14.7121 89.7693
-141.129 -149.326 72.6885 18.5176 14.7934 89.5682
-141.036 -149.252 73.1359 18.5846 14.8741 89.3678
-140.943 -149.177 73.5822 18.651 14.9543 89.168
-140.85 -149.102 74.0275 18.717 15.0338 88.9688
-140.756 -149.027 74.4719 18.7824 15.1128 88.7702
-140.662 -148.951 74.9152 18.8474 15.1912 88.5723
-140.567 -148.875 75.3576 18.9118 15.269 88.3749
-140.473 -148.798 75.799 18.9757 15.3463 88.1781
-140.378 -148.721 76.2394 19.0391 15.423 87.982
-140.282 -148.644 76.6788 19.1021 15.4991 87.7864
-140.187 -148.566 77.1173 19.1645 15.5747 87.5915
-140.091 -148.488 77.5547 19.2265 15.6498 87.3971
-139.994 -148.41 77.9912 19.288 15.7243 87.2033
-139.898 -148.331 78.4268 19.349 15.7983 87.0101
-139.801 -148.252 78.8613 19.4095 15.8718 86.8175
-139.704 -148.172 79.2949 19.4696 15.9448 86.6254
-139.606 -148.092 79.7276 19.5293 16.0172 86.4339
-139.508 -148.012 80.1593 19.5884 16.0891 86.243
-139.41 -147.931 80.59 19.6471 16.1605 86.0527
-139.312 -147.85 81.0198 19.7054 16.2315 85.8629
-139.213 -147.769 81.4486 19.7633 16.3019 85.6737
-139.114 -147.687 81.8765 19.8207 16.3718 85.485
-139.015 -147.605 82.3035 19.8776 16.4412 85.2969
-138.915 -147.523 82.7295 19.9342 16.5102 85.1094
-138.816 -147.44 83.1546 19.9903 16.5786 84.9224
-138.716 -147.357 83.5787 20.046 16.6466 84.7359
-138.615 -147.274 84.0019 20.1012 16.7141 84.55
-138.515 -147.19 84.4242 20.1561 16.7812 84.3646
-138.414 -147.106 84.8456 20.2105 16.8478 84.1797
-138.312 -147.022 85.266 20.2646 16.9139 83.9954
-138.211 -146.937 85.6855 20.3182 16.9795 83.8116
-138.109 -146.852 86.1041 20.3715 17.0448 83.6283
-138.007 -146.766 86.5218 20.4243 17.1095 83.4456
-137.905 -146.681 86.9386 20.4768 17.1738 83.2634
-137.802 -146.595 87.3545 20.5288 17.2377 83.0817
-137.7 -146.508 87.7694 20.5805 17.3012 82.9005
-137.597 -146.422 88.1835 20.6318 17.3642 82.7198
-137.493 -146.335 88.5966 20.6827 17.4268 82.5396
-137.39 -146.247 89.0089 20.7333 17.4889 82.3599
-137.286 -146.16 89.4202 20.7835 17.5507 82.1807
-137.182 -146.072 89.8307 20.8333 17.612 82.0021
-137.078 -145.984 90.2402 20.8827 17.6729 81.8239
-136.973 -145.895 90.6489 20.9318 17.7334 81.6462
-136.868 -145.806 91.0567 20.9806 17.7935 81.469
-136.763 -145.717 91.4636 21.029 17.8531 81.2923
-136.658 -145.628 91.8696 21.077 17.9124 81.1161
-136.553 -145.538 92.2748 21.1247 17.9713 80.9404
-136.447 -145.448 92.679 21.172 18.0298 80.7651
-136.341 -145.358 93.0824 21.219 18.0879 80.5903
-136.235 -145.267 93.4849 21.2657 18.1456 80.416
-136.128 -145.176 93.8866 21.312 18.2029 80.2422
-136.022 -145.085 94.2873 21.358 18.2599 80.0688
-135.915 -144.994 94.6873 21.4036 18.3165 79.8959
-135.808 -144.902 95.0863 21.449 18.3727 79.7235
-135.7 -144.81 95.4845 21.494 18.4285 79.5515
-135.593 -144.718 95.8818 21.5387 18.4839 79.38
-135.485 -144.625 96.2783 21.5831 18.539 79.2089
-135.377 -144.532 96.6739 21.6271 18.5938 79.0383
-135.269 -144.439 97.0687 21.6709 18.6481 78.8681
-135.16 -144.346 97.4626 21.7143 18.7022 78.6984
-135.051 -144.252 97.8557 21.7574 18.7558 78.5291
-134.942 -144.158 98.2479 21.8003 18.8091 78.3603
-134.833 -144.064 98.6393 21.8428 18.8621 78.1919
-134.724 -143.97 99.0298 21.885 18.9147 78.024
-134.615 -143.875 99.4195 21.9269 18.967 77.8565
-134.505 -143.78 99.8084 21.9686 19.0189 77.6894
-134.395 -143.685 100.196 22.0099 19.0705 77.5227
-134.285 -143.589 100.584 22.051 19.1218 77.3565
-134.174 -143.494 100.97 22.0917 19.1727 77.1907
-134.064 -143.398 101.355 22.1322 19.2234 77.0253
-133.953 -143.301 101.74 22.1724 19.2736 76.8604
-133.842 -143.205 102.124 22.2123 19.3236 76.6959
-133.731 -143.108 102.507 22.252 19.3733 76.5317
-133.62 -143.011 102.889 22.2913 19.4226 76.368
-133.508 -142.914 103.271 22.3304 19.4716 76.2047
-133.396 -142.816 103.651 22.3693 19.5203 76.0418
-133.284 -142.719 104.031 22.4078 19.5687 75.8794
-133.172 -142.621 104.41 22.4461 19.6168 75.7173
-133.06 -142.523 104.788 22.4841 19.6645 75.5556
-132.947 -142.424 105.166 22.5219 19.712 75.3943
-132.835 -142.325 105.542 22.5594 19.7592 75.2334
-132.722 -142.227 105.918 22.5967 19.806 75.073
-132.609 -142.127 106.293 22.6337 19.8526 74.9129
-132.495 -142.028 106.667 22.6704 19.8989 74.7532
-132.382 -141.928 107.041 22.7069 19.9449 74.5939
-132.268 -141.829 107.413 22.7431 19.9906 74.4349
-132.154 -141.728 107.785 22.7791 20.036 74.2764
-132.04 -141.628 108.156 22.8149 20.0811 74.1182
-131.926 -141.528 108.526 22.8504 20.126 73.9604
-131.812 -141.427 108.896 22.8857 20.1706 73.803
-131.697 -141.326 109.264 22.9207 20.2149 73.646
-131.583 -141.225 109.632 22.9555 20.2589 73.4893
-131.468 -141.123 109.999 22.9901 20.3026 73.333
-131.353 -141.022 110.365 23.0244 20.3461 73.1771
-131.238 -140.92 110.731 23.0585 20.3893 73.0216
-131.122 -140.818 111.096 23.0924 20.4322 72.8664
-131.007 -140.716 111.46 23.126 20.4749 72.7115
-130.891 -140.613 111.823 23.1594 20.5173 72.5571
-130.775 -140.51 112.185 23.1926 20.5594 72.403
-130.659 -140.408 112.547 23.2256 20.6013 72.2492
-130.543 -140.304 112.908 23.2583 20.643 72.0958
-130.427 -140.201 113.268 23.2909 20.6843 71.9427
-130.31 -140.098 113.627 23.3232 20.7255 71.79
-130.193 -139.994 113.986 23.3553 20.7663 71.6377
-130.076 -139.89 114.343 23.3871 20.8069 71.4857
-129.959 -139.786 114.7 23.4188 20.8473 71.334
-129.842 -139.681 115.057 23.4503 20.8874 71.1827
-129.725 -139.577 115.412 23.4815 20.9273 71.0317
-129.607 -139.472 115.767 23.5126 20.967 70.8811
-129.49 -139.367 116.121 23.5434 21.0063 70.7307
-129.372 -139.262 116.474 23.574 21.0455 70.5808
-129.254 -139.157 116.827 23.6045 21.0844 70.4311
-129.136 -139.051 117.179 23.6347 21.1231 70.2818
-129.018 -138.946 117.53 23.6647 21.1616 70.1328
-128.899 -138.84 117.88 23.6945 21.1998 69.9841
-128.781 -138.734 118.23 23.7242 21.2378 69.8358
-128.662 -138.627 118.578 23.7536 21.2755 69.6878
-128.543 -138.521 118.926 23.7829 21.3131 69.5401
-128.424 -138.414 119.274 23.8119 21.3504 69.3927
-128.305 -138.307 119.62 23.8408 21.3875 69.2456
-128.186 -138.2 119.966 23.8694 21.4243 69.0988
-128.066 -138.093 120.311 23.8979 21.461 68.9524
-127.947 -137.986 120.656 23.9262 21.4974 68.8063
-127.827 -137.878 120.999 23.9543 21.5336 68.6604
-127.707 -137.77 121.342 23.9822 21.5696 68.5149
-127.587 -137.662 121.685 24.01 21.6054 68.3697
-127.467 -137.554 122.026 24.0375 21.6409 68.2248
-127.347 -137.446 122.367 24.0649 21.6763 68.0802
-127.227 -137.337 122.707 24.0921 21.7114 67.9358
-127.106 -137.229 123.046 24.1191 21.7464 67.7918
-126.985 -137.12 123.385 24.1459 21.7811 67.6481
-126.865 -137.011 123.723 24.1726 21.8156 67.5047
-126.744 -136.902 124.06 24.199 21.8499 67.3615
-126.623 -136.793 124.396 24.2253 21.8841 67.2187
-126.501 -136.683 124.732 24.2515 21.918 67.0761
-126.38 -136.573 125.067 24.2774 21.9517 66.9339
-126.259 -136.463 125.401 24.3032 21.9852 66.7919
-126.137 -136.353 125.735 24.3288 22.0185 66.6502
-126.015 -136.243 126.068 24.3543 22.0516 66.5087
-125.893 -136.133 126.4 24.3796 22.0846 66.3676
-125.772 -136.022 126.732 24.4047 22.1173 66.2267
-125.649 -135.912 127.062 24.4296 22.1498 66.0861
-125.527 -135.801 127.392 24.4544 22.1822 65.9458
-125.405 -135.69 127.722 24.479 22.2144 65.8058
-125.282 -135.579 128.05 24.5034 22.2463 65.666
-125.16 -135.468 128.378 24.5277 22.2781 65.5265
-125.037 -135.356 128.706 24.5518 22.3097 65.3872
-124.914 -135.244 129.032 24.5758 22.3411 65.2483
-124.791 -135.133 129.358 24.5996 22.3723 65.1096
-124.668 -135.021 129.683 24.6232 22.4034 64.9711
-124.545 -134.909 130.008 24.6467 22.4343 64.8329
-124.422 -134.796 130.332 24.67 22.4649 64.695
-124.298 -134.684 130.655 24.6932 22.4954 64.5573
-124.175 -134.571 130.977 24.7162 22.5258 64.4199
-124.051 -134.459 131.299 24.7391 22.5559 64.2828
-123.928 -134.346 131.62 24.7617 22.5859 64.1458
-123.804 -134.233 131.94 24.7843 22.6157 64.0092
-123.68 -134.12 132.26 24.8067 22.6453 63.8728
-123.556 -134.006 132.579 24.8289 22.6747 63.7366
-123.431 -133.893 132.898 24.851 22.704 63.6007
-123.307 -133.779 133.215 24.8729 22.7331 63.4651
-123.183 -133.666 133.532 24.8947 22.7621 63.3296
-123.058 -133.552 133.849 24.9163 22.7908 63.1945
-122.934 -133.438 134.164 24.9378 22.8194 63.0595
-122.809 -133.324 134.479 24.9591 22.8478 62.9248
-122.684 -133.209 134.793 24.9802 22.8761 62.7904
-122.559 -133.095 135.107 25.0013 22.9042 62.6562
-122.434 -132.98 135.42 25.0221 22.9321 62.5222
-122.309 -132.865 135.732 25.0428 22.9599 62.3884
-122.184 -132.751 136.044 25.0634 22.9875 62.2549
-122.058 -132.636 136.355 25.0838 23.0149 62.1216
-121.933 -132.52 136.665 25.1041 23.0422 61.9886
-121.807 -132.405 136.975 25.1243 23.0693 61.8558
-121.681 -132.29 137.284 25.1442 23.0962 61.7232
-121.556 -132.174 137.592 25.1641 23.123 61.5908
-121.43 -132.059 137.9 25.1838 23.1497 61.4586
-121.304 -131.943 138.206 25.2033 23.1761 61.3267
-121.178 -131.827 138.513 25.2227 23.2024 61.195
-121.052 -131.711 138.818 25.242 23.2286 61.0635
-120.925 -131.594 139.123 25.2611 23.2546 60.9323
-120.799 -131.478 139.428 25.2801 23.2805 60.8012
-120.673 -131.362 139.731 25.2989 23.3061 60.6704
-120.546 -131.245 140.034 25.3176 23.3317 60.5398
-120.419 -131.128 140.337 25.3361 23.3571 60.4094
