75 25 50 0 0 -49
74.9998 25 49.7549 -0.0648248 -0.0185128 -49.0404
74.9994 24.9998 49.5096 -0.12973 -0.0370777 -49.0808
74.9985 24.9996 49.2641 -0.194715 -0.0556949 -49.1212
74.9974 24.9993 49.0184 -0.259781 -0.0743644 -49.1615
74.9959 24.9988 48.7725 -0.324927 -0.0930864 -49.2019
74.9942 24.9983 48.5264 -0.390156 -0.111861 -49.2423
74.992 24.9977 48.2801 -0.455465 -0.130688 -49.2827
74.9896 24.997 48.0335 -0.520857 -0.149569 -49.323
74.9868 24.9962 47.7868 -0.586331 -0.168502 -49.3634
74.9837 24.9953 47.5399 -0.651888 -0.187488 -49.4038
74.9803 24.9944 47.2928 -0.717527 -0.206528 -49.4441
74.9766 24.9933 47.0455 -0.78325 -0.225621 -49.4845
74.9725 24.9921 46.7979 -0.849057 -0.244767 -49.5248
74.9681 24.9908 46.5502 -0.914947 -0.263967 -49.5652
74.9633 24.9895 46.3023 -0.980922 -0.283221 -49.6055
74.9583 24.988 46.0542 -1.04698 -0.302529 -49.6459
74.9529 24.9864 45.8058 -1.11313 -0.321891 -49.6862
74.9471 24.9848 45.5573 -1.17936 -0.341306 -49.7265
74.9411 24.983 45.3086 -1.24567 -0.360777 -49.7669
74.9347 24.9812 45.0596 -1.31207 -0.380301 -49.8072
74.9279 24.9792 44.8105 -1.37856 -0.39988 -49.8475
74.9209 24.9772 44.5611 -1.44513 -0.419514 -49.8878
74.9135 24.975 44.3116 -1.5118 -0.439203 -49.9282
74.9058 24.9728 44.0619 -1.57854 -0.458946 -49.9685
74.8977 24.9704 43.8119 -1.64538 -0.478745 -50.0088
74.8893 24.968 43.5618 -1.7123 -0.498598 -50.0491
74.8806 24.9654 43.3114 -1.77932 -0.518507 -50.0894
74.8715 24.9628 43.0609 -1.84642 -0.538472 -50.1296
74.8621 24.9601 42.8101 -1.91361 -0.558492 -50.1699
74.8524 24.9572 42.5592 -1.98089 -0.578568 -50.2102
74.8423 24.9543 42.308 -2.04826 -0.598699 -50.2505
74.8319 24.9512 42.0567 -2.11572 -0.618887 -50.2907
74.8212 24.9481 41.8051 -2.18326 -0.639131 -50.331
74.8101 24.9448 41.5534 -2.25091 -0.659431 -50.3713
74.7986 24.9415 41.3014 -2.31864 -0.679787 -50.4115
74.7869 24.938 41.0493 -2.38646 -0.7002 -50.4518
74.7748 24.9345 40.7969 -2.45437 -0.72067 -50.492
74.7623 24.9308 40.5443 -2.52238 -0.741196 -50.5322
74.7496 24.9271 40.2916 -2.59048 -0.76178 -50.5725
74.7364 24.9232 40.0386 -2.65867 -0.78242 -50.6127
74.723 24.9193 39.7854 -2.72696 -0.803118 -50.6529
74.7092 24.9152 39.5321 -2.79534 -0.823873 -50.6931
74.695 24.911 39.2785 -2.86381 -0.844685 -50.7333
74.6805 24.9067 39.0247 -2.93237 -0.865556 -50.7735
74.6657 24.9024 38.7708 -3.00104 -0.886483 -50.8137
74.6505 24.8979 38.5166 -3.06979 -0.907469 -50.8539
74.635 24.8933 38.2622 -3.13864 -0.928513 -50.8941
74.6191 24.8886 38.0077 -3.20759 -0.949615 -50.9342
74.6029 24.8838 37.7529 -3.27663 -0.970775 -50.9744
74.5864 24.8789 37.4979 -3.34577 -0.991994 -51.0146
74.5695 24.8739 37.2427 -3.41501 -1.01327 -51.0547
74.5522 24.8687 36.9874 -3.48434 -1.03461 -51.0948
74.5346 24.8635 36.7318 -3.55377 -1.056 -51.135
74.5167 24.8582 36.476 -3.6233 -1.07746 -51.1751
74.4984 24.8527 36.22 -3.69293 -1.09897 -51.2152
74.4797 24.8472 35.9639 -3.76265 -1.12054 -51.2553
74.4608 24.8415 35.7075 -3.83248 -1.14218 -51.2954
74.4414 24.8358 35.4509 -3.9024 -1.16387 -51.3355
74.4217 24.8299 35.1941 -3.97242 -1.18562 -51.3756
74.4017 24.8239 34.9372 -4.04255 -1.20743 -51.4157
74.3813 24.8178 34.68 -4.11277 -1.2293 -51.4557
74.3606 24.8116 34.4226 -4.18309 -1.25123 -51.4958
74.3395 24.8053 34.165 -4.25352 -1.27322 -51.5359
74.318 24.7989 33.9072 -4.32405 -1.29528 -51.5759
74.2962 24.7924 33.6493 -4.39467 -1.31739 -51.6159
74.2741 24.7857 33.3911 -4.4654 -1.33956 -51.6559
74.2516 24.779 33.1327 -4.53624 -1.3618 -51.696
74.2287 24.7721 32.8741 -4.60717 -1.38409 -51.736
74.2055 24.7651 32.6153 -4.67821 -1.40645 -51.776
74.1819 24.758 32.3564 -4.74935 -1.42887 -51.8159
74.158 24.7508 32.0972 -4.8206 -1.45135 -51.8559
74.1337 24.7435 31.8378 -4.89195 -1.47389 -51.8959
74.1091 24.7361 31.5782 -4.96341 -1.49649 -51.9358
74.0841 24.7286 31.3184 -5.03497 -1.51916 -51.9758
74.0588 24.7209 31.0585 -5.10664 -1.54189 -52.0157
74.033 24.7131 30.7983 -5.17841 -1.56468 -52.0556
74.007 24.7053 30.5379 -5.25029 -1.58753 -52.0956
73.9805 24.6973 30.2773 -5.32227 -1.61044 -52.1355
73.9537 24.6892 30.0166 -5.39437 -1.63342 -52.1754
73.9266 24.6809 29.7556 -5.46657 -1.65646 -52.2152
73.8991 24.6726 29.4944 -5.53887 -1.67957 -52.2551
73.8712 24.6641 29.233 -5.61129 -1.70273 -52.295
73.843 24.6556 28.9715 -5.68381 -1.72596 -52.3348
73.8144 24.6469 28.7097 -5.75645 -1.74926 -52.3746
73.7854 24.6381 28.4477 -5.82919 -1.77261 -52.4145
73.7561 24.6291 28.1855 -5.90204 -1.79603 -52.4543
73.7264 24.6201 27.9232 -5.97501 -1.81952 -52.4941
73.6963 24.611 27.6606 -6.04808 -1.84307 -52.5339
73.6659 24.6017 27.3978 -6.12126 -1.86668 -52.5736
73.6351 24.5923 27.1349 -6.19456 -1.89036 -52.6134
73.604 24.5828 26.8717 -6.26797 -1.9141 -52.6531
73.5724 24.5731 26.6083 -6.34149 -1.93791 -52.6929
73.5405 24.5634 26.3448 -6.41512 -1.96178 -52.7326
73.5083 24.5535 26.081 -6.48886 -1.98572 -52.7723
73.4757 24.5435 25.817 -6.56272 -2.00972 -52.812
73.4427 24.5334 25.5529 -6.63669 -2.03379 -52.8517
73.4093 24.5232 25.2885 -6.71078 -2.05792 -52.8914
73.3755 24.5129 25.024 -6.78498 -2.08212 -52.931
73.3414 24.5024 24.7592 -6.85929 -2.10639 -52.9706
73.307 24.4918 24.4943 -6.93372 -2.13072 -53.0103
73.2721 24.4811 24.2291 -7.00827 -2.15511 -53.0499
73.2369 24.4702 23.9638 -7.08293 -2.17958 -53.0895
73.2013 24.4593 23.6982 -7.15771 -2.20411 -53.1291
73.1653 24.4482 23.4325 -7.23261 -2.2287 -53.1686
73.1289 24.437 23.1665 -7.30762 -2.25337 -53.2082
73.0922 24.4257 22.9004 -7.38275 -2.2781 -53.2477
73.0551 24.4142 22.634 -7.458 -2.3029 -53.2872
73.0176 24.4026 22.3675 -7.53336 -2.32776 -53.3267
72.9798 24.3909 22.1008 -7.60885 -2.35269 -53.3662
72.9415 24.3791 21.8338 -7.68445 -2.37769 -53.4057
72.9029 24.3672 21.5667 -7.76018 -2.40276 -53.4452
72.8639 24.3551 21.2994 -7.83602 -2.4279 -53.4846
72.8246 24.3429 21.0319 -7.91199 -2.4531 -53.524
72.7848 24.3305 20.7642 -7.98807 -2.47838 -53.5634
72.7447 24.3181 20.4962 -8.06428 -2.50372 -53.6028
72.7042 24.3055 20.2281 -8.14061 -2.52913 -53.6422
72.6633 24.2928 19.9598 -8.21706 -2.55461 -53.6816
72.622 24.28 19.6913 -8.29364 -2.58015 -53.7209
72.5804 24.267 19.4226 -8.37033 -2.60577 -53.7602
72.5383 24.2539 19.1537 -8.44715 -2.63146 -53.7995
72.4959 24.2407 18.8846 -8.5241 -2.65721 -53.8388
72.4531 24.2273 18.6153 -8.60117 -2.68304 -53.8781
72.4099 24.2139 18.3458 -8.67836 -2.70893 -53.9173
72.3663 24.2002 18.0761 -8.75568 -2.7349 -53.9565
72.3223 24.1865 17.8063 -8.83312 -2.76094 -53.9957
72.278 24.1726 17.5362 -8.91069 -2.78704 -54.0349
72.2332 24.1586 17.2659 -8.98839 -2.81322 -54.0741
72.1881 24.1445 16.9954 -9.06621 -2.83946 -54.1133
72.1425 24.1302 16.7248 -9.14416 -2.86578 -54.1524
72.0966 24.1158 16.4539 -9.22224 -2.89217 -54.1915
72.0503 24.1013 16.1829 -9.30045 -2.91863 -54.2306
72.0036 24.0867 15.9116 -9.37878 -2.94516 -54.2697
71.9565 24.0719 15.6402 -9.45724 -2.97177 -54.3087
71.9091 24.0569 15.3685 -9.53584 -2.99844 -54.3477
71.8612 24.0419 15.0967 -9.61456 -3.02519 -54.3867
71.8129 24.0267 14.8247 -9.69341 -3.05201 -54.4257
71.7642 24.0114 14.5524 -9.7724 -3.0789 -54.4647
71.7152 23.9959 14.28 -9.85151 -3.10586 -54.5036
71.6657 23.9803 14.0074 -9.93076 -3.1329 -54.5425
71.6159 23.9646 13.7346 -10.0101 -3.16001 -54.5814
71.5656 23.9487 13.4616 -10.0896 -3.18719 -54.6203
71.515 23.9327 13.1884 -10.1693 -3.21445 -54.6592
71.4639 23.9166 12.915 -10.2491 -3.24178 -54.698
71.4125 23.9003 12.6414 -10.329 -3.26918 -54.7368
71.3606 23.8839 12.3676 -10.409 -3.29666 -54.7756
71.3084 23.8673 12.0937 -10.4892 -3.3242 -54.8143
71.2557 23.8506 11.8195 -10.5695 -3.35183 -54.8531
71.2027 23.8338 11.5451 -10.65 -3.37953 -54.8918
71.1492 23.8168 11.2706 -10.7305 -3.4073 -54.9304
71.0954 23.7997 10.9958 -10.8113 -3.43515 -54.9691
71.0411 23.7825 10.7209 -10.8921 -3.46307 -55.0077
70.9865 23.7651 10.4457 -10.9731 -3.49106 -55.0463
70.9314 23.7476 10.1704 -11.0543 -3.51914 -55.0849
70.8759 23.7299 9.89489 -11.1355 -3.54728 -55.1235
70.8201 23.7121 9.61917 -11.2169 -3.57551 -55.162
70.7638 23.6941 9.34327 -11.2985 -3.6038 -55.2005
70.7071 23.6761 9.06717 -11.3802 -3.63218 -55.239
70.65 23.6578 8.79088 -11.462 -3.66063 -55.2774
70.5924 23.6395 8.51439 -11.544 -3.68915 -55.3159
70.5345 23.6209 8.23772 -11.6261 -3.71776 -55.3542
70.4762 23.6023 7.96085 -11.7083 -3.74644 -55.3926
70.4174 23.5835 7.68379 -11.7907 -3.77519 -55.4309
70.3583 23.5645 7.40654 -11.8733 -3.80402 -55.4693
70.2987 23.5454 7.1291 -11.9559 -3.83293 -55.5075
70.2387 23.5262 6.85146 -12.0388 -3.86192 -55.5458
70.1783 23.5068 6.57364 -12.1217 -3.89099 -55.584
70.1175 23.4873 6.29562 -12.2048 -3.92013 -55.6222
70.0563 23.4676 6.01742 -12.2881 -3.94935 -55.6604
69.9946 23.4478 5.73902 -12.3715 -3.97864 -55.6985
69.9326 23.4278 5.46043 -12.455 -4.00802 -55.7366
69.8701 23.4077 5.18165 -12.5387 -4.03747 -55.7747
69.8072 23.3874 4.90268 -12.6226 -4.06701 -55.8127
69.7438 23.367 4.62353 -12.7065 -4.09662 -55.8507
69.6801 23.3465 4.34418 -12.7907 -4.12631 -55.8887
69.6159 23.3258 4.06464 -12.875 -4.15608 -55.9266
69.5513 23.3049 3.78491 -12.9594 -4.18593 -55.9645
69.4863 23.2839 3.50499 -13.044 -4.21585 -56.0024
69.4209 23.2628 3.22489 -13.1287 -4.24586 -56.0402
69.3551 23.2415 2.94459 -13.2136 -4.27595 -56.078
69.2888 23.22 2.6641 -13.2986 -4.30612 -56.1158
69.2221 23.1984 2.38343 -13.3838 -4.33636 -56.1536
69.1549 23.1766 2.10257 -13.4691 -4.36669 -56.1913
69.0874 23.1547 1.82152 -13.5546 -4.3971 -56.2289
69.0194 23.1327 1.54028 -13.6402 -4.42759 -56.2666
68.951 23.1105 1.25885 -13.726 -4.45816 -56.3042
68.8821 23.0881 0.977237 -13.8119 -4.48881 -56.3417
68.8129 23.0656 0.695434 -13.898 -4.51954 -56.3793
68.7432 23.0429 0.413443 -13.9842 -4.55035 -56.4168
68.673 23.0201 0.131266 -14.0706 -4.58125 -56.4542
68.6024 22.9971 -0.151099 -14.1572 -4.61222 -56.4916
68.5314 22.9739 -0.433651 -14.2439 -4.64328 -56.529
68.46 22.9506 -0.71639 -14.3307 -4.67442 -56.5663
68.3881 22.9272 -0.999315 -14.4178 -4.70565 -56.6036
68.3158 22.9036 -1.28243 -14.5049 -4.73695 -56.6409
68.2431 22.8798 -1.56572 -14.5923 -4.76834 -56.6781
68.1699 22.8559 -1.84921 -14.6798 -4.79981 -56.7153
68.0963 22.8318 -2.13288 -14.7674 -4.83136 -56.7525
68.0222 22.8076 -2.41673 -14.8552 -4.863 -56.7896
67.9477 22.7832 -2.70077 -14.9432 -4.89472 -56.8266
67.8728 22.7586 -2.985 -15.0313 -4.92652 -56.8636
67.7974 22.7339 -3.26941 -15.1196 -4.95841 -56.9006
67.7216 22.7091 -3.55401 -15.208 -4.99038 -56.9376
67.6453 22.684 -3.83879 -15.2966 -5.02243 -56.9744
67.5686 22.6588 -4.12375 -15.3854 -5.05457 -57.0113
67.4915 22.6335 -4.4089 -15.4743 -5.0868 -57.0481
67.4139 22.608 -4.69423 -15.5634 -5.1191 -57.0849
67.3359 22.5823 -4.97975 -15.6527 -5.1515 -57.1216
67.2574 22.5565 -5.26545 -15.7421 -5.18397 -57.1583
67.1784 22.5305 -5.55133 -15.8317 -5.21654 -57.1949
67.099 22.5043 -5.8374 -15.9214 -5.24918 -57.2315
67.0192 22.478 -6.12365 -16.0114 -5.28192 -57.268
66.9389 22.4515 -6.41008 -16.1014 -5.31474 -57.3045
66.8582 22.4248 -6.69669 -16.1917 -5.34764 -57.3409
66.777 22.398 -6.98349 -16.2821 -5.38063 -57.3773
66.6954 22.371 -7.27047 -16.3727 -5.41371 -57.4137
66.6133 22.3439 -7.55763 -16.4634 -5.44687 -57.45
66.5307 22.3165 -7.84497 -16.5543 -5.48012 -57.4862
66.4477 22.2891 -8.13249 -16.6454 -5.51345 -57.5224
66.3643 22.2614 -8.42019 -16.7366 -5.54687 -57.5586
66.2804 22.2336 -8.70808 -16.8281 -5.58038 -57.5947
66.196 22.2056 -8.99614 -16.9197 -5.61398 -57.6307
66.1112 22.1774 -9.28438 -17.0114 -5.64766 -57.6667
66.0259 22.1491 -9.57281 -17.1033 -5.68143 -57.7027
65.9402 22.1206 -9.86141 -17.1954 -5.71529 -57.7386
65.8539 22.092 -10.1502 -17.2877 -5.74923 -57.7744
65.7673 22.0631 -10.4392 -17.3802 -5.78327 -57.8102
65.6801 22.0341 -10.7283 -17.4728 -5.81739 -57.846
65.5925 22.005 -11.0176 -17.5656 -5.8516 -57.8816
65.5045 21.9756 -11.3071 -17.6585 -5.88589 -57.9173
65.416 21.9461 -11.5968 -17.7517 -5.92028 -57.9529
65.327 21.9164 -11.8866 -17.845 -5.95475 -57.9884
65.2375 21.8866 -12.1767 -17.9385 -5.98932 -58.0238
65.1476 21.8565 -12.4669 -18.0321 -6.02397 -58.0592
65.0572 21.8263 -12.7573 -18.126 -6.05871 -58.0946
64.9663 21.7959 -13.0478 -18.22 -6.09354 -58.1299
64.875 21.7654 -13.3386 -18.3142 -6.12846 -58.1651
64.7832 21.7347 -13.6295 -18.4086 -6.16347 -58.2003
64.6909 21.7037 -13.9206 -18.5031 -6.19857 -58.2354
64.5982 21.6727 -14.2118 -18.5978 -6.23376 -58.2704
64.5049 21.6414 -14.5033 -18.6928 -6.26903 -58.3054
64.4112 21.61 -14.7949 -18.7878 -6.3044 -58.3404
64.317 21.5784 -15.0867 -18.8831 -6.33986 -58.3752
64.2224 21.5466 -15.3786 -18.9786 -6.37541 -58.41
64.1273 21.5146 -15.6708 -19.0742 -6.41105 -58.4448
64.0317 21.4825 -15.9631 -19.17 -6.44678 -58.4794
63.9356 21.4501 -16.2556 -19.266 -6.4826 -58.5141
63.839 21.4176 -16.5482 -19.3622 -6.51851 -58.5486
63.7419 21.385 -16.8411 -19.4585 -6.55451 -58.5831
63.6444 21.3521 -17.1341 -19.5551 -6.5906 -58.6175
63.5464 21.3191 -17.4272 -19.6518 -6.62679 -58.6519
63.4479 21.2858 -17.7206 -19.7487 -6.66306 -58.6861
63.3489 21.2524 -18.0141 -19.8458 -6.69943 -58.7204
63.2494 21.2188 -18.3078 -19.9431 -6.73589 -58.7545
63.1495 21.1851 -18.6016 -20.0405 -6.77244 -58.7886
63.049 21.1511 -18.8957 -20.1382 -6.80908 -58.8226
62.9481 21.117 -19.1899 -20.236 -6.84582 -58.8565
62.8467 21.0827 -19.4842 -20.3341 -6.88264 -58.8904
62.7447 21.0481 -19.7788 -20.4323 -6.91956 -58.9242
62.6423 21.0135 -20.0735 -20.5307 -6.95657 -58.9579
62.5394 20.9786 -20.3684 -20.6293 -6.99367 -58.9916
62.436 20.9435 -20.6634 -20.728 -7.03087 -59.0251
62.3322 20.9083 -20.9586 -20.827 -7.06815 -59.0586
62.2278 20.8728 -21.254 -20.9262 -7.10553 -59.0921
62.1229 20.8372 -21.5495 -21.0255 -7.14301 -59.1254
62.0175 20.8014 -21.8452 -21.1251 -7.18057 -59.1587
61.9116 20.7654 -22.1411 -21.2248 -7.21823 -59.1919
61.8053 20.7292 -22.4372 -21.3247 -7.25598 -59.225
61.6984 20.6929 -22.7334 -21.4249 -7.29383 -59.258
61.591 20.6563 -23.0297 -21.5252 -7.33176 -59.291
61.4831 20.6195 -23.3263 -21.6257 -7.36979 -59.3238
61.3748 20.5826 -23.623 -21.7264 -7.40792 -59.3566
61.2659 20.5455 -23.9198 -21.8273 -7.44614 -59.3894
61.1565 20.5081 -24.2169 -21.9284 -7.48445 -59.422
61.0466 20.4706 -24.5141 -22.0297 -7.52285 -59.4545
60.9362 20.4329 -24.8114 -22.1311 -7.56135 -59.487
60.8253 20.395 -25.1089 -22.2328 -7.59994 -59.5194
60.7139 20.3569 -25.4066 -22.3347 -7.63863 -59.5517
60.6019 20.3186 -25.7045 -22.4368 -7.6774 -59.5839
60.4895 20.2801 -26.0025 -22.539 -7.71628 -59.616
60.3766 20.2414 -26.3006 -22.6415 -7.75524 -59.648
60.2631 20.2026 -26.5989 -22.7442 -7.7943 -59.6799
60.1491 20.1635 -26.8974 -22.847 -7.83346 -59.7118
60.0346 20.1242 -27.1961 -22.9501 -7.87271 -59.7435
59.9196 20.0848 -27.4948 -23.0534 -7.91205 -59.7752
59.8041 20.0451 -27.7938 -23.1568 -7.95149 -59.8068
59.688 20.0053 -28.0929 -23.2605 -7.99102 -59.8383
59.5715 19.9652 -28.3922 -23.3644 -8.03064 -59.8696
59.4544 19.925 -28.6916 -23.4685 -8.07036 -59.9009
59.3368 19.8845 -28.9912 -23.5727 -8.11017 -59.9321
59.2187 19.8439 -29.2909 -23.6772 -8.15008 -59.9632
59.1 19.803 -29.5908 -23.7819 -8.19008 -59.9942
58.9808 19.762 -29.8909 -23.8868 -8.23018 -60.0251
58.8612 19.7207 -30.1911 -23.9919 -8.27036 -60.0559
58.7409 19.6793 -30.4914 -24.0972 -8.31065 -60.0866
58.6202 19.6376 -30.7919 -24.2027 -8.35102 -60.1172
58.4989 19.5957 -31.0926 -24.3084 -8.3915 -60.1477
58.3771 19.5537 -31.3934 -24.4143 -8.43206 -60.1781
58.2548 19.5114 -31.6944 -24.5204 -8.47272 -60.2084
58.1319 19.469 -31.9955 -24.6268 -8.51347 -60.2386
58.0085 19.4263 -32.2968 -24.7333 -8.55432 -60.2687
57.8846 19.3834 -32.5982 -24.84 -8.59526 -60.2987
57.7601 19.3403 -32.8998 -24.947 -8.63629 -60.3285
57.6351 19.297 -33.2015 -25.0542 -8.67742 -60.3583
57.5095 19.2536 -33.5034 -25.1615 -8.71864 -60.388
57.3835 19.2099 -33.8054 -25.2691 -8.75996 -60.4175
57.2569 19.166 -34.1075 -25.3769 -8.80137 -60.4469
57.1297 19.1218 -34.4098 -25.4849 -8.84287 -60.4762
57.002 19.0775 -34.7123 -25.5931 -8.88446 -60.5055
56.8738 19.033 -35.0149 -25.7015 -8.92615 -60.5345
56.745 18.9883 -35.3176 -25.8101 -8.96793 -60.5635
56.6157 18.9433 -35.6205 -25.919 -9.00981 -60.5924
56.4858 18.8982 -35.9236 -26.028 -9.05178 -60.6211
56.3554 18.8528 -36.2267 -26.1373 -9.09384 -60.6497
56.2244 18.8072 -36.5301 -26.2468 -9.13599 -60.6782
56.0929 18.7614 -36.8335 -26.3564 -9.17824 -60.7066
55.9609 18.7155 -37.1371 -26.4663 -9.22058 -60.7349
55.8283 18.6692 -37.4409 -26.5764 -9.26301 -60.763
55.6951 18.6228 -37.7448 -26.6868 -9.30554 -60.7911
55.5614 18.5762 -38.0488 -26.7973 -9.34816 -60.8189
55.4271 18.5293 -38.3529 -26.908 -9.39087 -60.8467
55.2923 18.4823 -38.6573 -27.019 -9.43367 -60.8743
55.1569 18.435 -38.9617 -27.1302 -9.47657 -60.9019
55.021 18.3875 -39.2663 -27.2416 -9.51956 -60.9292
54.8845 18.3398 -39.571 -27.3532 -9.56264 -60.9565
54.7475 18.2919 -39.8758 -27.465 -9.60581 -60.9836
54.6099 18.2437 -40.1808 -27.577 -9.64908 -61.0106
54.4717 18.1954 -40.4859 -27.6892 -9.69243 -61.0374
54.333 18.1468 -40.7912 -27.8017 -9.73588 -61.0641
54.1937 18.098 -41.0966 -27.9144 -9.77942 -61.0907
54.0538 18.049 -41.4021 -28.0272 -9.82306 -61.1171
53.9134 17.9998 -41.7078 -28.1403 -9.86678 -61.1434
53.7724 17.9504 -42.0135 -28.2536 -9.9106 -61.1696
53.6309 17.9007 -42.3195 -28.3672 -9.95451 -61.1956
53.4888 17.8508 -42.6255 -28.4809 -9.99851 -61.2215
53.3461 17.8007 -42.9317 -28.5949 -10.0426 -61.2472
53.2028 17.7504 -43.238 -28.709 -10.0868 -61.2728
53.059 17.6998 -43.5444 -28.8234 -10.131 -61.2982
52.9146 17.6491 -43.851 -28.938 -10.1754 -61.3235
52.7696 17.5981 -44.1576 -29.0528 -10.2199 -61.3486
52.624 17.5469 -44.4644 -29.1679 -10.2644 -61.3736
52.4779 17.4954 -44.7714 -29.2831 -10.309 -61.3984
52.3312 17.4438 -45.0784 -29.3986 -10.3538 -61.4231
52.1839 17.3919 -45.3856 -29.5142 -10.3986 -61.4476
52.0361 17.3398 -45.6929 -29.6301 -10.4435 -61.4719
51.8876 17.2875 -46.0003 -29.7463 -10.4885 -61.4961
51.7386 17.2349 -46.3079 -29.8626 -10.5336 -61.5201
51.589 17.1821 -46.6155 -29.9791 -10.5788 -61.544
51.4388 17.1291 -46.9233 -30.0959 -10.624 -61.5677
51.288 17.0759 -47.2312 -30.2128 -10.6694 -61.5912
51.1367 17.0224 -47.5392 -30.33 -10.7148 -61.6146
50.9847 16.9688 -47.8473 -30.4474 -10.7604 -61.6378
50.8322 16.9148 -48.1556 -30.5651 -10.806 -61.6608
50.6791 16.8607 -48.464 -30.6829 -10.8517 -61.6837
50.5254 16.8063 -48.7724 -30.8009 -10.8975 -61.7063
50.3711 16.7517 -49.081 -30.9192 -10.9434 -61.7289
50.2162 16.6969 -49.3897 -31.0377 -10.9894 -61.7512
50.0607 16.6418 -49.6985 -31.1564 -11.0354 -61.7733
49.9046 16.5865 -50.0075 -31.2753 -11.0816 -61.7953
49.748 16.531 -50.3165 -31.3944 -11.1278 -61.8171
49.5907 16.4753 -50.6256 -31.5138 -11.1741 -61.8387
49.4328 16.4193 -50.9349 -31.6333 -11.2206 -61.8601
49.2743 16.3631 -51.2442 -31.7531 -11.2671 -61.8813
49.1153 16.3066 -51.5537 -31.8731 -11.3137 -61.9024
48.9556 16.2499 -51.8633 -31.9933 -11.3603 -61.9232
48.7953 16.193 -52.1729 -32.1137 -11.4071 -61.9438
48.6345 16.1358 -52.4827 -32.2343 -11.454 -61.9643
48.473 16.0785 -52.7926 -32.3552 -11.5009 -61.9846
48.3109 16.0208 -53.1025 -32.4762 -11.5479 -62.0046
48.1482 15.963 -53.4126 -32.5975 -11.595 -62.0245
47.985 15.9049 -53.7228 -32.719 -11.6422 -62.0441
47.8211 15.8466 -54.0331 -32.8407 -11.6895 -62.0636
47.6565 15.788 -54.3434 -32.9626 -11.7369 -62.0828
47.4914 15.7292 -54.6539 -33.0847 -11.7844 -62.1019
47.3257 15.6701 -54.9644 -33.207 -11.8319 -62.1207
47.1594 15.6109 -55.2751 -33.3296 -11.8795 -62.1393
46.9924 15.5514 -55.5858 -33.4523 -11.9273 -62.1577
46.8248 15.4916 -55.8967 -33.5753 -11.9751 -62.1759
46.6566 15.4316 -56.2076 -33.6985 -12.0229 -62.1938
46.4878 15.3714 -56.5186 -33.8219 -12.0709 -62.2116
46.3184 15.3109 -56.8297 -33.9455 -12.119 -62.2291
46.1484 15.2502 -57.1409 -34.0693 -12.1671 -62.2464
45.9777 15.1892 -57.4522 -34.1933 -12.2153 -62.2634
45.8065 15.128 -57.7635 -34.3175 -12.2636 -62.2803
45.6346 15.0666 -58.075 -34.442 -12.312 -62.2969
45.462 15.0049 -58.3865 -34.5666 -12.3605 -62.3132
45.2889 14.943 -58.6981 -34.6914 -12.4091 -62.3294
45.1151 14.8808 -59.0098 -34.8165 -12.4577 -62.3453
44.9407 14.8184 -59.3216 -34.9418 -12.5065 -62.3609
44.7657 14.7557 -59.6334 -35.0672 -12.5553 -62.3763
44.5901 14.6929 -59.9453 -35.1929 -12.6042 -62.3915
44.4138 14.6297 -60.2573 -35.3188 -12.6532 -62.4064
44.2369 14.5663 -60.5694 -35.4449 -12.7022 -62.4211
44.0593 14.5027 -60.8815 -35.5711 -12.7514 -62.4355
43.8812 14.4388 -61.1938 -35.6976 -12.8006 -62.4496
43.7023 14.3747 -61.506 -35.8243 -12.8499 -62.4635
43.5229 14.3103 -61.8184 -35.9512 -12.8994 -62.4772
43.3428 14.2457 -62.1308 -36.0783 -12.9488 -62.4906
43.1621 14.1808 -62.4433 -36.2056 -12.9984 -62.5037
42.9808 14.1157 -62.7558 -36.3331 -13.0481 -62.5165
42.7988 14.0503 -63.0685 -36.4607 -13.0978 -62.5291
42.6162 13.9847 -63.3811 -36.5886 -13.1476 -62.5414
42.4329 13.9189 -63.6939 -36.7167 -13.1975 -62.5535
42.249 13.8528 -64.0067 -36.845 -13.2475 -62.5652
42.0645 13.7864 -64.3195 -36.9734 -13.2976 -62.5767
41.8793 13.7198 -64.6324 -37.1021 -13.3478 -62.5879
41.6934 13.6529 -64.9454 -37.231 -13.398 -62.5988
41.507 13.5858 -65.2584 -37.36 -13.4483 -62.6094
41.3198 13.5184 -65.5715 -37.4893 -13.4987 -62.6198
41.1321 13.4508 -65.8846 -37.6187 -13.5492 -62.6298
40.9436 13.3829 -66.1978 -37.7483 -13.5998 -62.6396
40.7546 13.3148 -66.511 -37.8781 -13.6505 -62.649
40.5649 13.2464 -66.8243 -38.0081 -13.7012 -62.6582
40.3745 13.1778 -67.1376 -38.1383 -13.7521 -62.667
40.1835 13.1089 -67.451 -38.2687 -13.803 -62.6756
39.9918 13.0398 -67.7644 -38.3992 -13.854 -62.6838
39.7995 12.9704 -68.0778 -38.53 -13.9051 -62.6918
39.6065 12.9007 -68.3913 -38.6609 -13.9563 -62.6994
39.4129 12.8308 -68.7048 -38.792 -14.0075 -62.7067
39.2186 12.7606 -69.0184 -38.9232 -14.0589 -62.7137
39.0236 12.6902 -69.3319 -39.0547 -14.1103 -62.7203
38.828 12.6195 -69.6456 -39.1863 -14.1618 -62.7267
38.6318 12.5486 -69.9592 -39.3181 -14.2134 -62.7327
38.4349 12.4774 -70.2729 -39.4501 -14.2651 -62.7384
38.2373 12.406 -70.5866 -39.5823 -14.3169 -62.7437
38.039 12.3342 -70.9003 -39.7146 -14.3688 -62.7487
37.8401 12.2623 -71.2141 -39.8471 -14.4207 -62.7534
37.6406 12.19 -71.5279 -39.9797 -14.4728 -62.7577
37.4403 12.1175 -71.8417 -40.1126 -14.5249 -62.7617
37.2394 12.0448 -72.1555 -40.2456 -14.5771 -62.7654
37.0379 11.9718 -72.4693 -40.3787 -14.6294 -62.7687
36.8357 11.8985 -72.7832 -40.512 -14.6818 -62.7716
36.6328 11.825 -73.097 -40.6455 -14.7343 -62.7742
36.4292 11.7512 -73.4109 -40.7792 -14.7869 -62.7764
36.225 11.6771 -73.7248 -40.913 -14.8395 -62.7783
36.0201 11.6028 -74.0387 -41.0469 -14.8923 -62.7798
35.8145 11.5282 -74.3526 -41.181 -14.9451 -62.781
35.6083 11.4533 -74.6665 -41.3153 -14.9981 -62.7817
35.4013 11.3782 -74.9804 -41.4497 -15.0511 -62.7821
35.1938 11.3028 -75.2943 -41.5842 -15.1043 -62.7822
34.9855 11.2271 -75.6082 -41.7189 -15.1575 -62.7818
34.7766 11.1512 -75.9222 -41.8538 -15.2108 -62.7811
34.567 11.075 -76.2361 -41.9888 -15.2642 -62.78
34.3567 10.9986 -76.55 -42.1239 -15.3177 -62.7785
34.1457 10.9219 -76.8638 -42.2591 -15.3713 -62.7766
33.9341 10.8449 -77.1777 -42.3945 -15.425 -62.7743
33.7218 10.7676 -77.4916 -42.5301 -15.4788 -62.7716
33.5088 10.6901 -77.8054 -42.6657 -15.5327 -62.7686
33.2951 10.6123 -78.1193 -42.8015 -15.5867 -62.7651
33.0808 10.5342 -78.4331 -42.9374 -15.6408 -62.7612
32.8657 10.4559 -78.7469 -43.0734 -15.6949 -62.757
32.65 10.3773 -79.0607 -43.2096 -15.7492 -62.7523
32.4336 10.2984 -79.3744 -43.3459 -15.8036 -62.7472
32.2166 10.2192 -79.6881 -43.4823 -15.8581 -62.7416
31.9988 10.1398 -80.0018 -43.6188 -15.9127 -62.7357
31.7804 10.0601 -80.3155 -43.7554 -15.9674 -62.7294
31.5613 9.98014 -80.6291 -43.8921 -16.0222 -62.7226
31.3415 9.89989 -80.9427 -44.0289 -16.0771 -62.7154
31.121 9.81937 -81.2563 -44.1658 -16.1321 -62.7077
30.8998 9.73857 -81.5698 -44.3029 -16.1872 -62.6997
30.6779 9.6575 -81.8833 -44.44 -16.2424 -62.6912
30.4554 9.57615 -82.1967 -44.5772 -16.2978 -62.6822
30.2322 9.49452 -82.5101 -44.7145 -16.3532 -62.6728
30.0083 9.41262 -82.8234 -44.8519 -16.4088 -62.663
29.7837 9.33044 -83.1367 -44.9894 -16.4644 -62.6527
29.5584 9.24798 -83.45 -45.1269 -16.5202 -62.642
29.3324 9.16524 -83.7632 -45.2645 -16.5761 -62.6308
29.1057 9.08222 -84.0763 -45.4022 -16.6321 -62.6192
28.8784 8.99892 -84.3893 -45.54 -16.6882 -62.6071
28.6503 8.91534 -84.7024 -45.6778 -16.7444 -62.5945
28.4216 8.83148 -85.0153 -45.8157 -16.8008 -62.5815
28.1922 8.74733 -85.3282 -45.9537 -16.8572 -62.568
27.962 8.66291 -85.641 -46.0917 -16.9138 -62.554
27.7312 8.5782 -85.9537 -46.2298 -16.9705 -62.5396
27.4997 8.4932 -86.2664 -46.3679 -17.0274 -62.5247
27.2676 8.40793 -86.579 -46.506 -17.0843 -62.5093
27.0347 8.32236 -86.8915 -46.6442 -17.1414 -62.4934
26.8011 8.23651 -87.2039 -46.7825 -17.1986 -62.477
26.5669 8.15038 -87.5162 -46.9207 -17.2559 -62.4602
26.3319 8.06396 -87.8285 -47.059 -17.3134 -62.4428
26.0963 7.97725 -88.1407 -47.1973 -17.371 -62.425
25.8599 7.89025 -88.4528 -47.3357 -17.4287 -62.4066
25.6229 7.80296 -88.7647 -47.474 -17.4866 -62.3878
25.3852 7.71539 -89.0766 -47.6124 -17.5446 -62.3684
25.1468 7.62752 -89.3884 -47.7508 -17.6027 -62.3485
24.9077 7.53936 -89.7001 -47.8891 -17.661 -62.3282
24.6679 7.45091 -90.0117 -48.0275 -17.7194 -62.3073
24.4274 7.36217 -90.3232 -48.1658 -17.778 -62.2859
24.1862 7.27313 -90.6346 -48.3042 -17.8367 -62.2639
23.9444 7.1838 -90.9458 -48.4425 -17.8956 -62.2415
23.7018 7.09418 -91.257 -48.5808 -17.9546 -62.2185
23.4586 7.00426 -91.568 -48.7191 -18.0137 -62.195
23.2146 6.91405 -91.8789 -48.8574 -18.073 -62.1709
22.97 6.82353 -92.1897 -48.9956 -18.1325 -62.1463
22.7247 6.73272 -92.5004 -49.1337 -18.1921 -62.1212
22.4786 6.64162 -92.8109 -49.2719 -18.2519 -62.0955
22.2319 6.55021 -93.1214 -49.41 -18.3119 -62.0693
21.9845 6.4585 -93.4316 -49.548 -18.372 -62.0426
21.7365 6.36649 -93.7418 -49.6859 -18.4323 -62.0152
21.4877 6.27418 -94.0518 -49.8238 -18.4927 -61.9874
21.2382 6.18157 -94.3617 -49.9617 -18.5533 -61.9589
20.9881 6.08865 -94.6714 -50.0994 -18.6141 -61.9299
20.7372 5.99543 -94.981 -50.2371 -18.6751 -61.9004
20.4857 5.9019 -95.2904 -50.3746 -18.7363 -61.8702
20.2335 5.80807 -95.5997 -50.5121 -18.7976 -61.8395
19.9806 5.71393 -95.9088 -50.6495 -18.8592 -61.8082
19.727 5.61948 -96.2178 -50.7868 -18.9209 -61.7764
19.4727 5.52472 -96.5266 -50.924 -18.9828 -61.7439
19.2177 5.42966 -96.8352 -51.061 -19.0449 -61.7109
18.9621 5.33428 -97.1437 -51.198 -19.1073 -61.6772
18.7058 5.23859 -97.452 -51.3348 -19.1698 -61.643
18.4487 5.14258 -97.7601 -51.4715 -19.2325 -61.6082
18.191 5.04627 -98.0681 -51.608 -19.2955 -61.5728
17.9327 4.94963 -98.3758 -51.7444 -19.3587 -61.5368
17.6736 4.85268 -98.6834 -51.8807 -19.422 -61.5001
17.4139 4.75542 -98.9908 -52.0168 -19.4857 -61.4629
17.1534 4.65783 -99.2981 -52.1527 -19.5495 -61.425
16.8923 4.55993 -99.6051 -52.2885 -19.6136 -61.3866
16.6306 4.4617 -99.9119 -52.4241 -19.6779 -61.3475
16.3681 4.36315 -100.219 -52.5595 -19.7424 -61.3078
16.105 4.26428 -100.525 -52.6948 -19.8072 -61.2674
15.8411 4.16508 -100.831 -52.8299 -19.8723 -61.2265
15.5767 4.06556 -101.137 -52.9647 -19.9376 -61.1849
15.3115 3.96571 -101.443 -53.0994 -20.0031 -61.1426
15.0457 3.86553 -101.749 -53.2339 -20.069 -61.0997
14.7792 3.76503 -102.054 -53.3681 -20.1351 -61.0562
14.512 3.66419 -102.359 -53.5022 -20.2014 -61.012
14.2441 3.56302 -102.664 -53.636 -20.2681 -60.9672
13.9756 3.46151 -102.969 -53.7696 -20.335 -60.9217
13.7064 3.35967 -103.273 -53.903 -20.4023 -60.8755
13.4366 3.25749 -103.578 -54.0362 -20.4698 -60.8287
13.1661 3.15498 -103.882 -54.1691 -20.5376 -60.7813
12.8949 3.05212 -104.186 -54.3017 -20.6058 -60.7331
12.6231 2.94892 -104.489 -54.4341 -20.6742 -60.6843
12.3506 2.84538 -104.792 -54.5663 -20.743 -60.6348
12.0774 2.7415 -105.095 -54.6981 -20.8121 -60.5846
11.8036 2.63727 -105.398 -54.8298 -20.8815 -60.5338
11.5291 2.53269 -105.701 -54.9611 -20.9513 -60.4822
11.254 2.42776 -106.003 -55.0922 -21.0214 -60.43
10.9782 2.32248 -106.305 -55.223 -21.0919 -60.3771
10.7017 2.21684 -106.607 -55.3535 -21.1627 -60.3235
10.4246 2.11086 -106.908 -55.4837 -21.2339 -60.2691
10.1469 2.00451 -107.209 -55.6136 -21.3055 -60.2141
9.86851 1.89781 -107.51 -55.7433 -21.3774 -60.1584
9.58947 1.79074 -107.811 -55.8726 -21.4498 -60.1019
9.30979 1.68331 -108.111 -56.0016 -21.5225 -60.0448
9.02946 1.57552 -108.412 -56.1303 -21.5956 -59.9869
8.74849 1.46736 -108.711 -56.2587 -21.6691 -59.9283
8.46687 1.35884 -109.011 -56.3868 -21.7431 -59.869
8.18462 1.24994 -109.31 -56.5145 -21.8174 -59.8089
7.90173 1.14067 -109.609 -56.6419 -21.8922 -59.7481
7.6182 1.03102 -109.907 -56.769 -21.9674 -59.6866
7.33404 0.920997 -110.206 -56.8958 -22.0431 -59.6244
7.04925 0.810595 -110.504 -57.0222 -22.1192 -59.5614
6.76382 0.699811 -110.801 -57.1483 -22.1958 -59.4976
6.47776 0.588643 -111.099 -57.274 -22.2728 -59.4331
6.19108 0.477088 -111.396 -57.3994 -22.3504 -59.3679
5.90377 0.365145 -111.692 -57.5245 -22.4284 -59.3019
5.61584 0.25281 -111.989 -57.6492 -22.5068 -59.2352
5.32728 0.140082 -112.285 -57.7735 -22.5858 -59.1676
5.03811 0.0269575 -112.58 -57.8975 -22.6653 -59.0994
4.74831 -0.0865657 -112.876 -58.0211 -22.7453 -59.0303
4.4579 -0.20049 -113.171 -58.1444 -22.8259 -58.9605
4.16687 -0.314818 -113.465 -58.2673 -22.9069 -58.8899
3.87523 -0.429553 -113.76 -58.3899 -22.9885 -58.8185
3.58297 -0.544698 -114.054 -58.5121 -23.0706 -58.7463
3.29011 -0.660254 -114.347 -58.6339 -23.1533 -58.6734
2.99663 -0.776225 -114.64 -58.7553 -23.2366 -58.5997
2.70256 -0.892614 -114.933 -58.8764 -23.3204 -58.5251
2.40787 -1.00942 -115.226 -58.9972 -23.4048 -58.4498
2.11259 -1.12666 -115.518 -59.1175 -23.4898 -58.3737
1.8167 -1.24431 -115.809 -59.2375 -23.5753 -58.2968
1.52022 -1.3624 -116.101 -59.3571 -23.6615 -58.219
1.22313 -1.48092 -116.391 -59.4764 -23.7483 -58.1405
0.925455 -1.59988 -116.682 -59.5952 -23.8357 -58.0611
0.627184 -1.71928 -116.972 -59.7137 -23.9237 -57.981
0.328321 -1.83911 -117.262 -59.8319 -24.0124 -57.9
0.0288681 -1.95939 -117.551 -59.9497 -24.1017 -57.8182
-0.271172 -2.08012 -117.84 -60.0671 -24.1916 -57.7356
-0.571799 -2.2013 -118.128 -60.1841 -24.2822 -57.6521
-0.87301 -2.32294 -118.416 -60.3008 -24.3735 -57.5678
-1.1748 -2.44503 -118.704 -60.4171 -24.4654 -57.4827
-1.47718 -2.56759 -118.991 -60.533 -24.558 -57.3967
-1.78013 -2.69061 -119.278 -60.6486 -24.6513 -57.3099
-2.08366 -2.81409 -119.564 -60.7639 -24.7453 -57.2223
-2.38776 -2.93805 -119.85 -60.8787 -24.84 -57.1338
-2.69244 -3.06249 -120.136 -60.9933 -24.9353 -57.0445
-2.99769 -3.1874 -120.421 -61.1074 -25.0314 -56.9543
-3.30351 -3.3128 -120.705 -61.2212 -25.1282 -56.8632
-3.6099 -3.43868 -120.989 -61.3347 -25.2258 -56.7713
-3.91686 -3.56505 -121.273 -61.4478 -25.324 -56.6785
-4.22438 -3.69191 -121.556 -61.5606 -25.4231 -56.5849
-4.53246 -3.81927 -121.839 -61.6731 -25.5228 -56.4904
-4.8411 -3.94714 -122.121 -61.7852 -25.6233 -56.395
-5.15031 -4.0755 -122.403 -61.897 -25.7245 -56.2987
-5.46007 -4.20438 -122.684 -62.0084 -25.8265 -56.2016
-5.77039 -4.33376 -122.965 -62.1196 -25.9293 -56.1036
-6.08126 -4.46366 -123.245 -62.2304 -26.0329 -56.0046
-6.39268 -4.59408 -123.525 -62.3408 -26.1372 -55.9049
-6.70466 -4.72503 -123.804 -62.451 -26.2423 -55.8042
-7.01719 -4.8565 -124.083 -62.5609 -26.3482 -55.7026
-7.33027 -4.98851 -124.361 -62.6704 -26.4549 -55.6001
-7.64389 -5.12104 -124.639 -62.7797 -26.5623 -55.4967
-7.95806 -5.25412 -124.916 -62.8886 -26.6706 -55.3924
-8.27277 -5.38775 -125.193 -62.9973 -26.7797 -55.2872
-8.58803 -5.52191 -125.469 -63.1057 -26.8895 -55.1811
-8.90382 -5.65664 -125.745 -63.2138 -27.0002 -55.0741
-9.22016 -5.79191 -126.02 -63.3216 -27.1117 -54.9661
-9.53703 -5.92775 -126.294 -63.4291 -27.224 -54.8573
-9.85444 -6.06415 -126.568 -63.5364 -27.3372 -54.7475
-10.1724 -6.20111 -126.842 -63.6434 -27.4511 -54.6368
-10.4909 -6.33865 -127.115 -63.7501 -27.5659 -54.5251
-10.8099 -6.47677 -127.387 -63.8566 -27.6815 -54.4126
-11.1294 -6.61546 -127.659 -63.9628 -27.7979 -54.299
-11.4495 -6.75474 -127.93 -64.0688 -27.9152 -54.1846
-11.7701 -6.89461 -128.201 -64.1746 -28.0333 -54.0692
-12.0912 -7.03507 -128.471 -64.2801 -28.1522 -53.9528
-12.4129 -7.17613 -128.74 -64.3853 -28.272 -53.8355
-12.7351 -7.31779 -129.009 -64.4904 -28.3925 -53.7173
-13.0578 -7.46005 -129.277 -64.5952 -28.514 -53.5981
-13.381 -7.60292 -129.545 -64.6998 -28.6362 -53.4779
-13.7048 -7.74641 -129.812 -64.8042 -28.7593 -53.3568
-14.0291 -7.89051 -130.079 -64.9084 -28.8833 -53.2347
-14.3539 -8.03524 -130.345 -65.0123 -29.008 -53.1116
-14.6792 -8.18059 -130.61 -65.1161 -29.1337 -52.9876
-15.005 -8.32657 -130.874 -65.2197 -29.2601 -52.8626
-15.3314 -8.47318 -131.138 -65.3231 -29.3874 -52.7366
-15.6583 -8.62044 -131.402 -65.4263 -29.5155 -52.6096
-15.9856 -8.76833 -131.665 -65.5293 -29.6444 -52.4816
-16.3135 -8.91688 -131.927 -65.6322 -29.7742 -52.3527
-16.642 -9.06607 -132.188 -65.7349 -29.9048 -52.2227
-16.9709 -9.21592 -132.449 -65.8374 -30.0362 -52.0918
-17.3003 -9.36643 -132.709 -65.9398 -30.1685 -51.9598
-17.6303 -9.5176 -132.968 -66.042 -30.3015 -51.8269
-17.9607 -9.66944 -133.227 -66.144 -30.4354 -51.6929
-18.2917 -9.82195 -133.485 -66.2459 -30.5702 -51.5579
-18.6232 -9.97514 -133.743 -66.3476 -30.7057 -51.4219
-18.9552 -10.129 -134 -66.4492 -30.842 -51.2849
-19.2877 -10.2836 -134.256 -66.5507 -30.9792 -51.1469
-19.6207 -10.4388 -134.511 -66.652 -31.1171 -51.0079
-19.9542 -10.5947 -134.766 -66.7532 -31.2559 -50.8678
-20.2882 -10.7514 -135.02 -66.8543 -31.3954 -50.7267
-20.6227 -10.9087 -135.273 -66.9553 -31.5358 -50.5845
-20.9578 -11.0667 -135.526 -67.0561 -31.6769 -50.4413
-21.2933 -11.2254 -135.777 -67.1568 -31.8188 -50.2971
-21.6293 -11.3849 -136.029 -67.2574 -31.9615 -50.1518
-21.9659 -11.5451 -136.279 -67.3579 -32.105 -50.0055
-22.3029 -11.7059 -136.529 -67.4582 -32.2492 -49.8581
-22.6404 -11.8675 -136.778 -67.5585 -32.3942 -49.7097
-22.9785 -12.0299 -137.026 -67.6587 -32.54 -49.5602
-23.317 -12.1929 -137.273 -67.7587 -32.6866 -49.4096
-23.6561 -12.3567 -137.52 -67.8587 -32.8338 -49.258
-23.9956 -12.5213 -137.766 -67.9585 -32.9819 -49.1053
-24.3356 -12.6866 -138.011 -68.0583 -33.1306 -48.9515
-24.6762 -12.8526 -138.255 -68.1579 -33.2801 -48.7967
-25.0172 -13.0194 -138.499 -68.2575 -33.4304 -48.6408
-25.3587 -13.1869 -138.742 -68.357 -33.5813 -48.4837
-25.7008 -13.3552 -138.984 -68.4564 -33.733 -48.3256
-26.0433 -13.5242 -139.225 -68.5557 -33.8854 -48.1664
-26.3863 -13.694 -139.465 -68.6549 -34.0385 -48.0061
-26.7298 -13.8646 -139.705 -68.754 -34.1923 -47.8447
-27.0739 -14.0359 -139.944 -68.8531 -34.3468 -47.6822
-27.4184 -14.2081 -140.182 -68.952 -34.502 -47.5186
-27.7634 -14.381 -140.419 -69.0509 -34.6578 -47.3539
-28.1089 -14.5546 -140.655 -69.1497 -34.8143 -47.1881
-28.4549 -14.7291 -140.891 -69.2484 -34.9715 -47.0211
-28.8013 -14.9044 -141.126 -69.347 -35.1294 -46.8531
-29.1483 -15.0804 -141.359 -69.4455 -35.2879 -46.6839
-29.4958 -15.2572 -141.592 -69.544 -35.447 -46.5136
-29.8438 -15.4349 -141.825 -69.6424 -35.6068 -46.3421
-30.1922 -15.6133 -142.056 -69.7406 -35.7673 -46.1695
-30.5412 -15.7925 -142.286 -69.8388 -35.9283 -45.9958
-30.8906 -15.9726 -142.516 -69.9369 -36.09 -45.8209
-31.2405 -16.1534 -142.744 -70.0349 -36.2523 -45.6449
-31.5909 -16.3351 -142.972 -70.1329 -36.4152 -45.4677
-31.9418 -16.5176 -143.199 -70.2307 -36.5786 -45.2894
-32.2932 -16.7009 -143.425 -70.3284 -36.7427 -45.11
-32.6451 -16.885 -143.65 -70.4261 -36.9074 -44.9293
-32.9975 -17.07 -143.874 -70.5236 -37.0726 -44.7475
-33.3504 -17.2557 -144.098 -70.6211 -37.2384 -44.5645
-33.7037 -17.4423 -144.32 -70.7184 -37.4048 -44.3804
-34.0575 -17.6298 -144.542 -70.8157 -37.5717 -44.1951
-34.4119 -17.8181 -144.762 -70.9128 -37.7392 -44.0086
-34.7667 -18.0072 -144.982 -71.0098 -37.9072 -43.8209
-35.1219 -18.1971 -145.2 -71.1068 -38.0757 -43.6321
-35.4777 -18.3879 -145.418 -71.2036 -38.2448 -43.442
-35.834 -18.5796 -145.635 -71.3003 -38.4144 -43.2508
-36.1907 -18.7721 -145.85 -71.3968 -38.5845 -43.0584
-36.5479 -18.9654 -146.065 -71.4933 -38.7551 -42.8647
-36.9056 -19.1596 -146.279 -71.5896 -38.9261 -42.6699
-37.2638 -19.3547 -146.492 -71.6858 -39.0977 -42.4739
-37.6225 -19.5506 -146.704 -71.7819 -39.2698 -42.2766
-37.9816 -19.7474 -146.915 -71.8778 -39.4423 -42.0782
-38.3413 -19.945 -147.125 -71.9736 -39.6154 -41.8785
-38.7014 -20.1435 -147.334 -72.0692 -39.7888 -41.6776
-39.062 -20.3429 -147.541 -72.1647 -39.9628 -41.4755
-39.423 -20.5432 -147.748 -72.26 -40.1371 -41.2722
-39.7846 -20.7443 -147.954 -72.3552 -40.3119 -41.0677
-40.1466 -20.9463 -148.159 -72.4502 -40.4872 -40.8619
-40.5091 -21.1492 -148.363 -72.5451 -40.6628 -40.6548
-40.872 -21.3529 -148.565 -72.6397 -40.8389 -40.4466
-41.2354 -21.5575 -148.767 -72.7342 -41.0154 -40.2371
-41.5993 -21.7631 -148.968 -72.8285 -41.1923 -40.0264
-41.9637 -21.9695 -149.167 -72.9226 -41.3696 -39.8144
-42.3286 -22.1768 -149.366 -73.0166 -41.5473 -39.6012
-42.6939 -22.3849 -149.563 -73.1103 -41.7254 -39.3867
-43.0597 -22.594 -149.76 -73.2038 -41.9039 -39.171
-43.4259 -22.804 -149.955 -73.2971 -42.0827 -38.954
-43.7926 -23.0148 -150.149 -73.3901 -42.2619 -38.7357
-44.1598 -23.2266 -150.343 -73.483 -42.4414 -38.5162
-44.5275 -23.4393 -150.535 -73.5756 -42.6213 -38.2954
-44.8956 -23.6528 -150.726 -73.668 -42.8016 -38.0734
-45.2641 -23.8673 -150.915 -73.7601 -42.9821 -37.8501
-45.6332 -24.0826 -151.104 -73.8519 -43.163 -37.6255
-46.0027 -24.2989 -151.292 -73.9435 -43.3443 -37.3997
-46.3726 -24.5161 -151.478 -74.0349 -43.5258 -37.1726
-46.743 -24.7342 -151.663 -74.1259 -43.7076 -36.9442
-47.1138 -24.9532 -151.847 -74.2167 -43.8898 -36.7145
-47.4852 -25.1731 -152.03 -74.3071 -44.0723 -36.4835
-47.8569 -25.3939 -152.212 -74.3973 -44.255 -36.2513
-48.2291 -25.6156 -152.393 -74.4871 -44.438 -36.0177
-48.6018 -25.8383 -152.572 -74.5767 -44.6213 -35.7829
-48.9749 -26.0618 -152.751 -74.6659 -44.8049 -35.5468
-49.3484 -26.2863 -152.928 -74.7547 -44.9887 -35.3094
-49.7224 -26.5117 -153.104 -74.8433 -45.1728 -35.0707
-50.0969 -26.738 -153.279 -74.9314 -45.3571 -34.8308
-50.4717 -26.9653 -153.452 -75.0192 -45.5417 -34.5895
-50.8471 -27.1935 -153.625 -75.1066 -45.7265 -34.3469
-51.2228 -27.4226 -153.796 -75.1936 -45.9115 -34.103
-51.599 -27.6526 -153.966 -75.2802 -46.0968 -33.8579
-51.9756 -27.8835 -154.134 -75.3665 -46.2822 -33.6114
-52.3526 -28.1154 -154.302 -75.4523 -46.4679 -33.3636
-52.7301 -28.3482 -154.468 -75.5376 -46.6538 -33.1146
-53.108 -28.5819 -154.633 -75.6226 -46.8398 -32.8642
-53.4863 -28.8166 -154.797 -75.707 -47.0261 -32.6125
-53.8651 -29.0522 -154.959 -75.791 -47.2125 -32.3595
-54.2443 -29.2887 -155.12 -75.8746 -47.3991 -32.1053
-54.6238 -29.5262 -155.28 -75.9576 -47.5858 -31.8497
-55.0038 -29.7646 -155.439 -76.0402 -47.7727 -31.5928
-55.3842 -30.0039 -155.596 -76.1223 -47.9597 -31.3346
-55.765 -30.2442 -155.752 -76.2038 -48.1469 -31.0751
-56.1463 -30.4854 -155.907 -76.2848 -48.3341 -30.8143
-56.5279 -30.7275 -156.06 -76.3652 -48.5215 -30.5522
-56.9099 -30.9706 -156.212 -76.4451 -48.709 -30.2888
-57.2923 -31.2146 -156.363 -76.5245 -48.8966 -30.0241
-57.6752 -31.4596 -156.512 -76.6032 -49.0843 -29.7581
-58.0584 -31.7055 -156.661 -76.6814 -49.2721 -29.4908
-58.442 -31.9523 -156.807 -76.7589 -49.4599 -29.2222
-58.826 -32.2001 -156.953 -76.8359 -49.6478 -28.9523
-59.2103 -32.4488 -157.097 -76.9122 -49.8357 -28.6812
-59.5951 -32.6984 -157.24 -76.9878 -50.0237 -28.4087
-59.9802 -32.949 -157.381 -77.0629 -50.2117 -28.1349
-60.3657 -33.2005 -157.521 -77.1372 -50.3997 -27.8598
-60.7516 -33.453 -157.66 -77.2109 -50.5877 -27.5834
-61.1378 -33.7064 -157.797 -77.2838 -50.7757 -27.3057
-61.5244 -33.9608 -157.933 -77.3561 -50.9637 -27.0268
-61.9114 -34.2161 -158.067 -77.4277 -51.1517 -26.7465
-62.2987 -34.4723 -158.2 -77.4985 -51.3396 -26.465
-62.6863 -34.7295 -158.332 -77.5686 -51.5275 -26.1822
-63.0744 -34.9876 -158.462 -77.6379 -51.7153 -25.8981
-63.4627 -35.2466 -158.591 -77.7065 -51.9031 -25.6127
-63.8514 -35.5066 -158.718 -77.7743 -52.0907 -25.326
-64.2405 -35.7675 -158.844 -77.8413 -52.2783 -25.0381
-64.6298 -36.0294 -158.968 -77.9076 -52.4657 -24.7489
-65.0195 -36.2922 -159.091 -77.973 -52.6531 -24.4584
-65.4096 -36.5559 -159.213 -78.0376 -52.8402 -24.1666
-65.7999 -36.8206 -159.333 -78.1013 -53.0273 -23.8736
-66.1906 -37.0862 -159.452 -78.1643 -53.2142 -23.5793
-66.5815 -37.3527 -159.569 -78.2263 -53.4009 -23.2837
-66.9728 -37.6202 -159.685 -78.2876 -53.5874 -22.9869
-67.3644 -37.8886 -159.799 -78.3479 -53.7737 -22.6888
-67.7563 -38.1579 -159.912 -78.4074 -53.9598 -22.3895
-68.1485 -38.4282 -160.023 -78.4659 -54.1457 -22.0889
-68.541 -38.6994 -160.132 -78.5236 -54.3313 -21.787
-68.9337 -38.9715 -160.241 -78.5803 -54.5167 -21.4839
-69.3268 -39.2446 -160.347 -78.6362 -54.7018 -21.1796
-69.7201 -39.5185 -160.452 -78.6911 -54.8867 -20.8739
-70.1137 -39.7934 -160.556 -78.745 -55.0713 -20.5671
-70.5075 -40.0692 -160.658 -78.7981 -55.2555 -20.259
-70.9016 -40.346 -160.759 -78.8501 -55.4395 -19.9497
-71.296 -40.6236 -160.858 -78.9012 -55.6231 -19.6391
-71.6907 -40.9022 -160.955 -78.9513 -55.8064 -19.3273
-72.0855 -41.1817 -161.051 -79.0005 -55.9893 -19.0143
-72.4807 -41.4621 -161.145 -79.0486 -56.1719 -18.7001
-72.876 -41.7434 -161.238 -79.0958 -56.354 -18.3846
-73.2716 -42.0256 -161.329 -79.1419 -56.5358 -18.0679
-73.6674 -42.3088 -161.419 -79.187 -56.7172 -17.7499
-74.0635 -42.5928 -161.506 -79.2312 -56.8982 -17.4308
-74.4597 -42.8778 -161.593 -79.2742 -57.0788 -17.1104
-74.8562 -43.1636 -161.678 -79.3163 -57.2589 -16.7889
-75.2529 -43.4503 -161.761 -79.3573 -57.4386 -16.4661
-75.6498 -43.738 -161.842 -79.3972 -57.6178 -16.1421
-76.0469 -44.0265 -161.922 -79.4361 -57.7966 -15.8169
-76.4442 -44.316 -162 -79.4739 -57.9748 -15.4905
-76.8416 -44.6063 -162.077 -79.5107 -58.1526 -15.1629
-77.2393 -44.8975 -162.152 -79.5463 -58.3299 -14.8342
-77.6371 -45.1896 -162.225 -79.5809 -58.5066 -14.5042
-78.0351 -45.4825 -162.297 -79.6144 -58.6828 -14.173
-78.4332 -45.7764 -162.367 -79.6468 -58.8585 -13.8407
-78.8315 -46.0711 -162.435 -79.678 -59.0337 -13.5072
-79.23 -46.3667 -162.502 -79.7082 -59.2082 -13.1725
-79.6286 -46.6632 -162.567 -79.7372 -59.3822 -12.8366
-80.0274 -46.9606 -162.631 -79.7651 -59.5557 -12.4995
-80.4263 -47.2588 -162.692 -79.7919 -59.7285 -12.1613
-80.8253 -47.5578 -162.752 -79.8176 -59.9007 -11.8219
-81.2244 -47.8578 -162.81 -79.842 -60.0724 -11.4814
-81.6237 -48.1586 -162.867 -79.8654 -60.2434 -11.1397
-82.0231 -48.4602 -162.922 -79.8875 -60.4137 -10.7968
-82.4226 -48.7627 -162.975 -79.9085 -60.5835 -10.4528
-82.8222 -49.0661 -163.026 -79.9284 -60.7525 -10.1077
-83.2219 -49.3702 -163.076 -79.947 -60.921 -9.76138
-83.6216 -49.6753 -163.124 -79.9645 -61.0887 -9.41395
-84.0215 -49.9811 -163.17 -79.9807 -61.2558 -9.0654
-84.4214 -50.2878 -163.215 -79.9958 -61.4221 -8.71571
-84.8215 -50.5953 -163.257 -80.0096 -61.5878 -8.3649
-85.2215 -50.9037 -163.298 -80.0223 -61.7528 -8.01298
-85.6217 -51.2129 -163.337 -80.0337 -61.917 -7.65994
-86.0219 -51.5229 -163.375 -80.0439 -62.0806 -7.30579
-86.4221 -51.8337 -163.411 -80.0528 -62.2433 -6.95053
-86.8224 -52.1453 -163.444 -80.0606 -62.4054 -6.59418
-87.2227 -52.4577 -163.476 -80.067 -62.5667 -6.23673
-87.6231 -52.771 -163.507 -80.0722 -62.7272 -5.87819
-88.0234 -53.085 -163.535 -80.0762 -62.8869 -5.51857
-88.4238 -53.3998 -163.562 -80.0789 -63.0459 -5.15788
-88.8242 -53.7155 -163.587 -80.0803 -63.2041 -4.7961
-89.2246 -54.0319 -163.61 -80.0804 -63.3614 -4.43326
-89.625 -54.3491 -163.631 -80.0793 -63.518 -4.06936
-90.0254 -54.6671 -163.651 -80.0768 -63.6738 -3.70441
-90.4258 -54.9858 -163.668 -80.073 -63.8287 -3.3384
-90.8261 -55.3053 -163.684 -80.068 -63.9827 -2.97135
-91.2265 -55.6256 -163.698 -80.0616 -64.136 -2.60326
-91.6268 -55.9467 -163.71 -80.0539 -64.2884 -2.23415
-92.027 -56.2685 -163.72 -80.0449 -64.4399 -1.864
-92.4272 -56.5911 -163.729 -80.0346 -64.5905 -1.49284
-92.8274 -56.9144 -163.735 -80.0229 -64.7403 -1.12067
-93.2274 -57.2385 -163.74 -80.0098 -64.8892 -0.747494
-93.6275 -57.5633 -163.743 -79.9954 -65.0372 -0.373319
-94.0274 -57.8889 -163.744 -79.9797 -65.1842 0.00184625
-94.4272 -58.2152 -163.743 -79.9626 -65.3304 0.377995
-94.827 -58.5422 -163.74 -79.9441 -65.4756 0.75512
-95.2267 -58.8699 -163.735 -79.9242 -65.6199 1.13321
-95.6263 -59.1984 -163.728 -79.9029 -65.7633 1.51227
-96.0257 -59.5276 -163.72 -79.8803 -65.9057 1.89228
-96.4251 -59.8574 -163.71 -79.8563 -66.0472 2.27324
-96.8243 -60.188 -163.697 -79.8308 -66.1876 2.65513
-97.2234 -60.5193 -163.683 -79.8039 -66.3272 3.03795
-97.6223 -60.8513 -163.667 -79.7757 -66.4657 3.4217
-98.0211 -61.184 -163.649 -79.746 -66.6032 3.80636
-98.4198 -61.5173 -163.629 -79.7148 -66.7398 4.19192
-98.8183 -61.8514 -163.607 -79.6823 -66.8753 4.57839
-99.2166 -62.1861 -163.583 -79.6483 -67.0098 4.96574
-99.6147 -62.5215 -163.557 -79.6128 -67.1433 5.35397
-100.013 -62.8575 -163.529 -79.5759 -67.2757 5.74307
-100.411 -63.1942 -163.5 -79.5375 -67.4071 6.13303
-100.808 -63.5316 -163.468 -79.4977 -67.5375 6.52385
-101.205 -63.8696 -163.435 -79.4564 -67.6668 6.91551
-101.603 -64.2083 -163.399 -79.4136 -67.795 7.308
-102 -64.5476 -163.361 -79.3693 -67.9221 7.70132
-102.396 -64.8875 -163.322 -79.3235 -68.0482 8.09546
-102.793 -65.228 -163.281 -79.2763 -68.1731 8.4904
-103.189 -65.5692 -163.237 -79.2275 -68.297 8.88613
-103.585 -65.911 -163.192 -79.1772 -68.4197 9.28265
-103.981 -66.2534 -163.144 -79.1254 -68.5414 9.67995
-104.376 -66.5964 -163.095 -79.0721 -68.6619 10.078
-104.772 -66.94 -163.043 -79.0173 -68.7812 10.4768
-105.167 -67.2842 -162.99 -78.961 -68.8994 10.8764
-105.561 -67.629 -162.935 -78.9031 -69.0165 11.2767
-105.956 -67.9744 -162.877 -78.8436 -69.1324 11.6777
-106.35 -68.3204 -162.818 -78.7827 -69.2471 12.0794
-106.743 -68.6669 -162.757 -78.7201 -69.3607 12.4819
-107.137 -69.014 -162.693 -78.656 -69.4731 12.885
-107.53 -69.3616 -162.628 -78.5904 -69.5843 13.2888
-107.923 -69.7098 -162.56 -78.5232 -69.6942 13.6933
-108.315 -70.0586 -162.491 -78.4544 -69.803 14.0984
-108.707 -70.4078 -162.419 -78.3841 -69.9105 14.5042
-109.099 -70.7577 -162.346 -78.3121 -70.0169 14.9106
-109.49 -71.108 -162.27 -78.2386 -70.122 15.3176
-109.881 -71.4589 -162.193 -78.1635 -70.2258 15.7253
-110.272 -71.8103 -162.113 -78.0868 -70.3284 16.1335
-110.662 -72.1622 -162.031 -78.0085 -70.4297 16.5423
-111.052 -72.5146 -161.947 -77.9286 -70.5298 16.9517
-111.442 -72.8675 -161.862 -77.8471 -70.6286 17.3617
-111.831 -73.2209 -161.774 -77.764 -70.7261 17.7722
-112.219 -73.5747 -161.684 -77.6792 -70.8224 18.1832
-112.607 -73.9291 -161.592 -77.5929 -70.9173 18.5948
-112.995 -74.2839 -161.498 -77.5049 -71.0109 19.0069
-113.382 -74.6392 -161.402 -77.4153 -71.1032 19.4195
-113.769 -74.9949 -161.304 -77.3241 -71.1942 19.8326
-114.156 -75.3511 -161.204 -77.2312 -71.2839 20.2461
-114.542 -75.7078 -161.101 -77.1367 -71.3722 20.6601
-114.927 -76.0649 -160.997 -77.0406 -71.4592 21.0745
-115.312 -76.4224 -160.891 -76.9428 -71.5449 21.4894
-115.696 -76.7803 -160.782 -76.8434 -71.6291 21.9047
-116.08 -77.1387 -160.672 -76.7423 -71.712 22.3204
-116.464 -77.4974 -160.559 -76.6396 -71.7936 22.7365
-116.847 -77.8566 -160.444 -76.5352 -71.8738 23.153
-117.229 -78.2162 -160.327 -76.4291 -71.9525 23.5698
-117.611 -78.5761 -160.209 -76.3214 -72.0299 23.987
-117.992 -78.9365 -160.088 -76.2121 -72.1059 24.4046
-118.373 -79.2972 -159.964 -76.101 -72.1805 24.8224
-118.753 -79.6583 -159.839 -75.9883 -72.2536 25.2406
-119.133 -80.0197 -159.712 -75.874 -72.3254 25.659
-119.512 -80.3815 -159.583 -75.7579 -72.3957 26.0778
-119.891 -80.7437 -159.451 -75.6402 -72.4646 26.4967
-120.269 -81.1062 -159.318 -75.5208 -72.532 26.916
-120.646 -81.469 -159.182 -75.3997 -72.598 27.3355
-121.023 -81.8321 -159.044 -75.277 -72.6625 27.7552
-121.399 -82.1956 -158.905 -75.1525 -72.7256 28.1751
-121.774 -82.5594 -158.763 -75.0264 -72.7872 28.5952
-122.149 -82.9235 -158.619 -74.8986 -72.8473 29.0155
-122.523 -83.2879 -158.473 -74.7691 -72.906 29.4359
-122.897 -83.6526 -158.324 -74.6379 -72.9631 29.8565
-123.27 -84.0175 -158.174 -74.5051 -73.0188 30.2772
-123.642 -84.3827 -158.022 -74.3705 -73.073 30.698
-124.013 -84.7482 -157.867 -74.2343 -73.1256 31.1189
-124.384 -85.114 -157.71 -74.0964 -73.1768 31.54
-124.754 -85.48 -157.552 -73.9567 -73.2264 31.961
-125.124 -85.8463 -157.391 -73.8154 -73.2745 32.3822
-125.492 -86.2128 -157.228 -73.6724 -73.3211 32.8033
-125.86 -86.5795 -157.063 -73.5278 -73.3662 33.2245
-126.228 -86.9464 -156.896 -73.3814 -73.4097 33.6457
-126.594 -87.3136 -156.726 -73.2333 -73.4516 34.0669
-126.96 -87.6809 -156.555 -73.0835 -73.4921 34.488
-127.325 -88.0485 -156.381 -72.9321 -73.5309 34.9092
-127.689 -88.4162 -156.206 -72.779 -73.5682 35.3302
-128.053 -88.7842 -156.028 -72.6241 -73.6039 35.7512
-128.415 -89.1523 -155.848 -72.4676 -73.6381 36.1721
-128.777 -89.5206 -155.666 -72.3094 -73.6707 36.5929
-129.139 -89.889 -155.482 -72.1495 -73.7017 37.0135
-129.499 -90.2576 -155.296 -71.988 -73.7311 37.434
-129.858 -90.6263 -155.108 -71.8247 -73.7589 37.8544
-130.217 -90.9952 -154.918 -71.6598 -73.7851 38.2746
-130.575 -91.3642 -154.725 -71.4932 -73.8098 38.6946
-130.932 -91.7333 -154.531 -71.3249 -73.8328 39.1144
-131.288 -92.1025 -154.334 -71.1549 -73.8542 39.534
-131.644 -92.4718 -154.135 -70.9833 -73.874 39.9533
-131.998 -92.8412 -153.935 -70.81 -73.8922 40.3724
-132.352 -93.2107 -153.732 -70.635 -73.9088 40.7912
-132.704 -93.5803 -153.527 -70.4583 -73.9237 41.2097
-133.056 -93.95 -153.32 -70.28 -73.937 41.6279
-133.407 -94.3197 -153.11 -70.1 -73.9487 42.0458
-133.757 -94.6895 -152.899 -69.9184 -73.9587 42.4633
-134.106 -95.0593 -152.686 -69.7351 -73.9671 42.8805
-134.455 -95.4291 -152.47 -69.5502 -73.9739 43.2973
-134.802 -95.799 -152.253 -69.3636 -73.979 43.7137
-135.148 -96.1689 -152.033 -69.1753 -73.9825 44.1297
-135.494 -96.5388 -151.811 -68.9855 -73.9843 44.5453
-135.838 -96.9088 -151.588 -68.7939 -73.9845 44.9605
-136.182 -97.2787 -151.362 -68.6008 -73.983 45.3752
-136.524 -97.6486 -151.134 -68.406 -73.9798 45.7894
-136.866 -98.0185 -150.904 -68.2096 -73.975 46.2031
-137.206 -98.3883 -150.672 -68.0115 -73.9685 46.6163
-137.546 -98.7582 -150.438 -67.8119 -73.9603 47.029
-137.884 -99.128 -150.202 -67.6106 -73.9505 47.4411
-138.222 -99.4977 -149.963 -67.4077 -73.939 47.8527
-138.558 -99.8673 -149.723 -67.2032 -73.9258 48.2637
-138.894 -100.237 -149.481 -66.9972 -73.911 48.6741
-139.228 -100.606 -149.236 -66.7895 -73.8944 49.0839
-139.562 -100.976 -148.99 -66.5802 -73.8762 49.4931
-139.894 -101.345 -148.741 -66.3694 -73.8563 49.9016
-140.226 -101.714 -148.491 -66.1569 -73.8347 50.3095
-140.556 -102.084 -148.238 -65.9429 -73.8114 50.7167
-140.885 -102.453 -147.984 -65.7273 -73.7865 51.1232
-141.213 -102.821 -147.727 -65.5102 -73.7598 51.5289
-141.54 -103.19 -147.468 -65.2915 -73.7315 51.934
-141.866 -103.559 -147.208 -65.0712 -73.7015 52.3383
-142.191 -103.927 -146.945 -64.8495 -73.6698 52.7418
-142.515 -104.295 -146.68 -64.6261 -73.6363 53.1446
-142.837 -104.664 -146.414 -64.4013 -73.6012 53.5465
-143.159 -105.031 -146.145 -64.1749 -73.5645 53.9477
-143.479 -105.399 -145.874 -63.947 -73.526 54.348
-143.798 -105.767 -145.601 -63.7176 -73.4858 54.7474
-144.116 -106.134 -145.327 -63.4867 -73.4439 55.146
-144.433 -106.501 -145.05 -63.2543 -73.4003 55.5437
-144.749 -106.868 -144.771 -63.0204 -73.3551 55.9405
-145.063 -107.235 -144.491 -62.785 -73.3081 56.3364
-145.376 -107.601 -144.208 -62.5481 -73.2595 56.7314
-145.689 -107.967 -143.923 -62.3098 -73.2091 57.1254
-145.999 -108.333 -143.637 -62.07 -73.1571 57.5185
-146.309 -108.699 -143.348 -61.8288 -73.1033 57.9106
-146.618 -109.064 -143.058 -61.5861 -73.0479 58.3017
-146.925 -109.429 -142.765 -61.342 -72.9908 58.6917
-147.231 -109.794 -142.471 -61.0964 -72.932 59.0808
-147.536 -110.159 -142.174 -60.8495 -72.8715 59.4688
-147.84 -110.523 -141.876 -60.6011 -72.8094 59.8557
-148.142 -110.887 -141.576 -60.3513 -72.7455 60.2416
-148.443 -111.25 -141.274 -60.1002 -72.68 60.6264
-148.743 -111.614 -140.969 -59.8476 -72.6127 61.01
-149.042 -111.976 -140.663 -59.5937 -72.5438 61.3926
-149.339 -112.339 -140.356 -59.3384 -72.4732 61.774
-149.635 -112.701 -140.046 -59.0818 -72.401 62.1542
-149.93 -113.063 -139.734 -58.8238 -72.3271 62.5333
-150.223 -113.424 -139.42 -58.5645 -72.2515 62.9112
-150.515 -113.786 -139.105 -58.3038 -72.1742 63.2878
-150.806 -114.146 -138.787 -58.0418 -72.0952 63.6633
-151.096 -114.506 -138.468 -57.7786 -72.0146 64.0376
-151.384 -114.866 -138.147 -57.514 -71.9324 64.4105
-151.671 -115.226 -137.824 -57.2481 -71.8484 64.7823
-151.957 -115.585 -137.499 -56.981 -71.7628 65.1527
-152.241 -115.943 -137.173 -56.7125 -71.6756 65.5219
-152.524 -116.302 -136.844 -56.4429 -71.5867 65.8897
