25 25 0 0 0 -49
24.9998 24.9998 -0.245129 -0.0754519 -0.0710989 -49.0517
24.9992 24.9993 -0.490517 -0.151064 -0.142355 -49.1033
24.9983 24.9984 -0.736162 -0.226836 -0.213769 -49.1549
24.997 24.9972 -0.982065 -0.302769 -0.285341 -49.2064
24.9953 24.9955 -1.22823 -0.378864 -0.357072 -49.2579
24.9932 24.9936 -1.47464 -0.455122 -0.428962 -49.3094
24.9907 24.9913 -1.72132 -0.531541 -0.501012 -49.3608
24.9879 24.9886 -1.96825 -0.608125 -0.573222 -49.4121
24.9846 24.9855 -2.21544 -0.684872 -0.645593 -49.4635
24.981 24.9821 -2.46289 -0.761783 -0.718126 -49.5147
24.977 24.9783 -2.71059 -0.83886 -0.790821 -49.5659
24.9726 24.9742 -2.95855 -0.916102 -0.863679 -49.6171
24.9679 24.9697 -3.20676 -0.99351 -0.936699 -49.6682
24.9627 24.9648 -3.45523 -1.07108 -1.00988 -49.7193
24.9572 24.9596 -3.70395 -1.14883 -1.08323 -49.7704
24.9512 24.954 -3.95293 -1.22674 -1.15675 -49.8214
24.9449 24.948 -4.20217 -1.30482 -1.23043 -49.8723
24.9382 24.9417 -4.45165 -1.38306 -1.30427 -49.9232
24.9311 24.935 -4.7014 -1.46148 -1.37828 -49.974
24.9235 24.9279 -4.9514 -1.54007 -1.45246 -50.0248
24.9157 24.9205 -5.20165 -1.61883 -1.52681 -50.0756
24.9074 24.9127 -5.45215 -1.69776 -1.60132 -50.1263
24.8987 24.9045 -5.70291 -1.77686 -1.67601 -50.1769
24.8896 24.8959 -5.95392 -1.85613 -1.75086 -50.2275
24.8801 24.887 -6.20518 -1.93558 -1.82589 -50.2781
24.8702 24.8776 -6.4567 -2.0152 -1.90108 -50.3285
24.86 24.8679 -6.70847 -2.095 -1.97645 -50.379
24.8493 24.8579 -6.96049 -2.17497 -2.05199 -50.4294
24.8382 24.8474 -7.21276 -2.25511 -2.1277 -50.4797
24.8267 24.8366 -7.46529 -2.33544 -2.20358 -50.53
24.8149 24.8254 -7.71806 -2.41594 -2.27964 -50.5802
24.8026 24.8138 -7.97109 -2.49661 -2.35587 -50.6304
24.7899 24.8018 -8.22437 -2.57747 -2.43228 -50.6806
24.7768 24.7895 -8.47789 -2.65851 -2.50886 -50.7306
24.7633 24.7767 -8.73167 -2.73972 -2.58562 -50.7806
24.7494 24.7636 -8.9857 -2.82111 -2.66256 -50.8306
24.7351 24.7501 -9.23998 -2.90269 -2.73967 -50.8805
24.7204 24.7362 -9.49451 -2.98445 -2.81696 -50.9304
24.7053 24.7219 -9.74928 -3.06638 -2.89443 -50.9802
24.6897 24.7073 -10.0043 -3.14851 -2.97208 -51.0299
24.6738 24.6922 -10.2596 -3.23081 -3.04991 -51.0796
24.6574 24.6768 -10.5151 -3.3133 -3.12793 -51.1292
24.6406 24.6609 -10.7709 -3.39597 -3.20612 -51.1788
24.6234 24.6447 -11.0269 -3.47883 -3.28449 -51.2283
24.6058 24.6281 -11.2832 -3.56188 -3.36305 -51.2778
24.5878 24.6111 -11.5397 -3.64511 -3.44179 -51.3272
24.5694 24.5937 -11.7964 -3.72853 -3.52072 -51.3765
24.5505 24.5759 -12.0534 -3.81213 -3.59983 -51.4258
24.5313 24.5577 -12.3107 -3.89593 -3.67913 -51.475
24.5116 24.5391 -12.5682 -3.97992 -3.75861 -51.5242
24.4915 24.5201 -12.8259 -4.06409 -3.83828 -51.5733
24.4709 24.5007 -13.0839 -4.14846 -3.91813 -51.6224
24.45 24.4809 -13.3422 -4.23302 -3.99818 -51.6713
24.4286 24.4607 -13.6006 -4.31777 -4.07841 -51.7202
24.4068 24.4401 -13.8594 -4.40271 -4.15884 -51.7691
24.3846 24.4191 -14.1183 -4.48785 -4.23945 -51.8179
24.3619 24.3977 -14.3775 -4.57318 -4.32025 -51.8666
24.3389 24.3759 -14.637 -4.6587 -4.40125 -51.9153
24.3153 24.3537 -14.8967 -4.74442 -4.48244 -51.9639
24.2914 24.3311 -15.1566 -4.83034 -4.56382 -52.0124
24.267 24.3081 -15.4168 -4.91646 -4.6454 -52.0609
24.2422 24.2847 -15.6772 -5.00277 -4.72717 -52.1093
24.217 24.2608 -15.9379 -5.08928 -4.80913 -52.1577
24.1914 24.2366 -16.1988 -5.17599 -4.89129 -52.2059
24.1653 24.2119 -16.46 -5.26291 -4.97365 -52.2541
24.1387 24.1868 -16.7214 -5.35002 -5.05621 -52.3023
24.1118 24.1613 -16.983 -5.43733 -5.13896 -52.3504
24.0843 24.1354 -17.2449 -5.52485 -5.22192 -52.3984
24.0565 24.1091 -17.507 -5.61257 -5.30507 -52.4463
24.0282 24.0824 -17.7693 -5.70049 -5.38842 -52.4942
23.9995 24.0552 -18.0319 -5.78862 -5.47198 -52.542
23.9703 24.0277 -18.2947 -5.87695 -5.55573 -52.5897
23.9407 23.9997 -18.5578 -5.96549 -5.63969 -52.6373
23.9107 23.9713 -18.8211 -6.05424 -5.72386 -52.6849
23.8802 23.9424 -19.0847 -6.14319 -5.80822 -52.7324
23.8492 23.9132 -19.3484 -6.23235 -5.8928 -52.7799
23.8179 23.8835 -19.6125 -6.32173 -5.97758 -52.8272
23.786 23.8534 -19.8767 -6.41131 -6.06256 -52.8745
23.7538 23.8229 -20.1412 -6.5011 -6.14775 -52.9217
23.721 23.7919 -20.4059 -6.5911 -6.23315 -52.9689
23.6878 23.7606 -20.6709 -6.68132 -6.31877 -53.0159
23.6542 23.7287 -20.9361 -6.77175 -6.40458 -53.0629
23.6201 23.6965 -21.2015 -6.86239 -6.49062 -53.1098
23.5856 23.6638 -21.4672 -6.95325 -6.57686 -53.1567
23.5506 23.6307 -21.7331 -7.04433 -6.66331 -53.2034
23.5151 23.5972 -21.9992 -7.13562 -6.74998 -53.2501
23.4792 23.5632 -22.2656 -7.22713 -6.83686 -53.2967
23.4429 23.5288 -22.5322 -7.31885 -6.92396 -53.3432
23.406 23.494 -22.799 -7.4108 -7.01127 -53.3897
23.3688 23.4587 -23.0661 -7.50296 -7.0988 -53.436
23.331 23.423 -23.3334 -7.59535 -7.18654 -53.4823
23.2928 23.3869 -23.6009 -7.68796 -7.27451 -53.5285
23.2541 23.3503 -23.8687 -7.78078 -7.36269 -53.5746
23.215 23.3132 -24.1367 -7.87384 -7.45109 -53.6206
23.1754 23.2758 -24.4049 -7.96711 -7.53972 -53.6666
23.1353 23.2378 -24.6733 -8.06062 -7.62856 -53.7124
23.0948 23.1995 -24.942 -8.15434 -7.71763 -53.7582
23.0538 23.1607 -25.2109 -8.2483 -7.80692 -53.8039
23.0123 23.1214 -25.48 -8.34248 -7.89643 -53.8495
22.9704 23.0817 -25.7494 -8.43689 -7.98617 -53.895
22.9279 23.0415 -26.019 -8.53153 -8.07614 -53.9404
22.885 23.0009 -26.2888 -8.62639 -8.16633 -53.9858
22.8417 22.9599 -26.5588 -8.72149 -8.25675 -54.031
22.7978 22.9184 -26.8291 -8.81683 -8.3474 -54.0762
22.7535 22.8764 -27.0996 -8.91239 -8.43828 -54.1212
22.7087 22.834 -27.3703 -9.00819 -8.52939 -54.1662
22.6634 22.7911 -27.6413 -9.10422 -8.62073 -54.2111
22.6177 22.7478 -27.9124 -9.20049 -8.7123 -54.2559
22.5714 22.704 -28.1838 -9.29699 -8.8041 -54.3006
22.5247 22.6597 -28.4554 -9.39373 -8.89614 -54.3451
22.4775 22.615 -28.7273 -9.49072 -8.98842 -54.3896
22.4298 22.5698 -28.9993 -9.58793 -9.08093 -54.434
22.3816 22.5242 -29.2716 -9.68539 -9.17368 -54.4783
22.3329 22.4781 -29.5441 -9.78309 -9.26666 -54.5226
22.2838 22.4315 -29.8168 -9.88104 -9.35989 -54.5667
22.2341 22.3845 -30.0898 -9.97922 -9.45335 -54.6107
22.184 22.337 -30.3629 -10.0777 -9.54706 -54.6546
22.1333 22.289 -30.6363 -10.1763 -9.641 -54.6984
22.0822 22.2406 -30.9099 -10.2752 -9.73519 -54.7421
22.0306 22.1917 -31.1838 -10.3744 -9.82963 -54.7857
21.9785 22.1423 -31.4578 -10.4738 -9.9243 -54.8292
21.9259 22.0924 -31.732 -10.5735 -10.0192 -54.8726
21.8727 22.0421 -32.0065 -10.6734 -10.1144 -54.9158
21.8191 21.9913 -32.2812 -10.7736 -10.2098 -54.959
21.765 21.94 -32.5561 -10.874 -10.3055 -55.0021
21.7104 21.8883 -32.8312 -10.9747 -10.4014 -55.0451
21.6553 21.836 -33.1066 -11.0756 -10.4976 -55.0879
21.5996 21.7833 -33.3821 -11.1768 -10.594 -55.1307
21.5435 21.7301 -33.6579 -11.2782 -10.6907 -55.1733
21.4868 21.6764 -33.9338 -11.3799 -10.7876 -55.2158
21.4297 21.6222 -34.21 -11.4818 -10.8848 -55.2582
21.372 21.5675 -34.4864 -11.584 -10.9822 -55.3005
21.3138 21.5124 -34.763 -11.6865 -11.0799 -55.3427
21.2552 21.4567 -35.0398 -11.7892 -11.1778 -55.3847
21.196 21.4006 -35.3169 -11.8922 -11.2761 -55.4267
21.1362 21.344 -35.5941 -11.9955 -11.3745 -55.4685
21.076 21.2868 -35.8716 -12.099 -11.4733 -55.5102
21.0152 21.2292 -36.1492 -12.2028 -11.5723 -55.5518
20.954 21.1711 -36.4271 -12.3068 -11.6715 -55.5933
20.8922 21.1125 -36.7051 -12.4111 -11.771 -55.6346
20.8299 21.0534 -36.9834 -12.5157 -11.8708 -55.6758
20.767 20.9938 -37.2619 -12.6206 -11.9709 -55.7169
20.7037 20.9337 -37.5406 -12.7257 -12.0712 -55.7579
20.6398 20.8731 -37.8195 -12.8311 -12.1718 -55.7987
20.5753 20.812 -38.0986 -12.9367 -12.2727 -55.8394
20.5104 20.7504 -38.3779 -13.0427 -12.3738 -55.88
20.4449 20.6882 -38.6574 -13.1489 -12.4752 -55.9205
20.3789 20.6256 -38.9371 -13.2554 -12.5769 -55.9608
20.3124 20.5625 -39.217 -13.3622 -12.6788 -56.001
20.2453 20.4988 -39.4971 -13.4692 -12.781 -56.0411
20.1777 20.4347 -39.7774 -13.5765 -12.8836 -56.081
20.1095 20.37 -40.0579 -13.6841 -12.9863 -56.1208
20.0408 20.3048 -40.3386 -13.792 -13.0894 -56.1604
19.9716 20.2391 -40.6195 -13.9002 -13.1927 -56.2
19.9018 20.1729 -40.9006 -14.0086 -13.2964 -56.2393
19.8315 20.1061 -41.1819 -14.1174 -13.4003 -56.2786
19.7607 20.0389 -41.4634 -14.2264 -13.5045 -56.3177
19.6893 19.9711 -41.7451 -14.3357 -13.6089 -56.3566
19.6173 19.9028 -42.027 -14.4453 -13.7137 -56.3954
19.5448 19.834 -42.309 -14.5552 -13.8188 -56.4341
19.4717 19.7646 -42.5913 -14.6654 -13.9241 -56.4726
19.3981 19.6947 -42.8738 -14.7759 -14.0297 -56.511
19.324 19.6243 -43.1564 -14.8867 -14.1357 -56.5492
19.2493 19.5534 -43.4392 -14.9977 -14.2419 -56.5873
19.174 19.4819 -43.7223 -15.1091 -14.3484 -56.6252
19.0982 19.4099 -44.0055 -15.2207 -14.4552 -56.663
19.0218 19.3373 -44.2889 -15.3327 -14.5623 -56.7006
18.9449 19.2642 -44.5725 -15.4449 -14.6697 -56.738
18.8674 19.1906 -44.8563 -15.5575 -14.7774 -56.7753
18.7893 19.1165 -45.1403 -15.6704 -14.8854 -56.8125
18.7107 19.0418 -45.4244 -15.7835 -14.9937 -56.8494
18.6314 18.9665 -45.7087 -15.897 -15.1023 -56.8863
18.5517 18.8908 -45.9933 -16.0108 -15.2112 -56.9229
18.4713 18.8144 -46.278 -16.1248 -15.3204 -56.9594
18.3904 18.7375 -46.5629 -16.2392 -15.4299 -56.9957
18.3089 18.6601 -46.8479 -16.3539 -15.5397 -57.0319
18.2269 18.5822 -47.1332 -16.4689 -15.6499 -57.0679
18.1443 18.5036 -47.4186 -16.5843 -15.7603 -57.1037
18.061 18.4245 -47.7042 -16.6999 -15.8711 -57.1393
17.9773 18.3449 -47.99 -16.8158 -15.9822 -57.1748
17.8929 18.2647 -48.276 -16.9321 -16.0935 -57.2101
17.8079 18.184 -48.5621 -17.0487 -16.2052 -57.2452
17.7224 18.1027 -48.8484 -17.1656 -16.3173 -57.2802
17.6363 18.0208 -49.1349 -17.2828 -16.4296 -57.3149
17.5496 17.9384 -49.4216 -17.4004 -16.5423 -57.3495
17.4623 17.8554 -49.7084 -17.5182 -16.6553 -57.3839
17.3744 17.7718 -49.9954 -17.6364 -16.7686 -57.4181
17.2859 17.6877 -50.2826 -17.755 -16.8822 -57.4521
17.1968 17.603 -50.5699 -17.8738 -16.9962 -57.486
17.1072 17.5177 -50.8574 -17.993 -17.1104 -57.5196
17.0169 17.4319 -51.1451 -18.1125 -17.2251 -57.5531
16.9261 17.3455 -51.433 -18.2323 -17.34 -57.5864
16.8346 17.2585 -51.721 -18.3525 -17.4553 -57.6194
16.7425 17.1709 -52.0092 -18.473 -17.5709 -57.6523
16.6499 17.0828 -52.2975 -18.5938 -17.6868 -57.685
16.5566 16.9941 -52.586 -18.715 -17.8031 -57.7174
16.4627 16.9048 -52.8747 -18.8365 -17.9197 -57.7497
16.3682 16.8149 -53.1635 -18.9584 -18.0367 -57.7818
16.2731 16.7244 -53.4525 -19.0806 -18.154 -57.8136
16.1774 16.6333 -53.7417 -19.2031 -18.2717 -57.8453
16.0811 16.5417 -54.031 -19.326 -18.3896 -57.8767
15.9842 16.4494 -54.3204 -19.4492 -18.508 -57.9079
15.8866 16.3566 -54.61 -19.5728 -18.6267 -57.9389
15.7884 16.2632 -54.8998 -19.6967 -18.7457 -57.9697
15.6896 16.1691 -55.1897 -19.821 -18.8651 -58.0003
15.5902 16.0745 -55.4798 -19.9456 -18.9848 -58.0307
15.4902 15.9793 -55.77 -20.0706 -19.1049 -58.0608
15.3895 15.8835 -56.0604 -20.1959 -19.2253 -58.0907
15.2882 15.787 -56.3509 -20.3216 -19.3461 -58.1204
15.1863 15.69 -56.6416 -20.4477 -19.4673 -58.1499
15.0837 15.5924 -56.9324 -20.5741 -19.5888 -58.1791
14.9806 15.4941 -57.2234 -20.7009 -19.7107 -58.2081
14.8767 15.3953 -57.5145 -20.828 -19.8329 -58.2368
14.7723 15.2958 -57.8058 -20.9555 -19.9555 -58.2653
14.6672 15.1957 -58.0972 -21.0834 -20.0785 -58.2936
14.5614 15.095 -58.3887 -21.2116 -20.2018 -58.3217
14.4551 14.9937 -58.6804 -21.3402 -20.3255 -58.3495
14.348 14.8917 -58.9722 -21.4692 -20.4496 -58.377
14.2404 14.7892 -59.2642 -21.5985 -20.5741 -58.4043
14.1321 14.686 -59.5563 -21.7282 -20.6989 -58.4313
14.0231 14.5822 -59.8485 -21.8583 -20.8241 -58.4581
13.9135 14.4778 -60.1408 -21.9888 -20.9497 -58.4847
13.8032 14.3727 -60.4333 -22.1197 -21.0757 -58.5109
13.6923 14.267 -60.7259 -22.2509 -21.202 -58.537
13.5807 14.1607 -61.0187 -22.3825 -21.3288 -58.5627
13.4685 14.0537 -61.3116 -22.5145 -21.4559 -58.5882
13.3555 13.9461 -61.6046 -22.6469 -21.5834 -58.6134
13.242 13.8379 -61.8977 -22.7797 -21.7113 -58.6384
13.1278 13.729 -62.191 -22.9128 -21.8395 -58.663
13.0129 13.6195 -62.4843 -23.0464 -21.9682 -58.6874
12.8973 13.5093 -62.7778 -23.1803 -22.0973 -58.7116
12.7811 13.3985 -63.0715 -23.3146 -22.2268 -58.7354
12.6641 13.2871 -63.3652 -23.4494 -22.3566 -58.7589
12.5466 13.175 -63.659 -23.5845 -22.4869 -58.7822
12.4283 13.0622 -63.953 -23.72 -22.6176 -58.8052
12.3094 12.9488 -64.2471 -23.856 -22.7486 -58.8279
12.1897 12.8347 -64.5413 -23.9923 -22.8801 -58.8503
12.0694 12.72 -64.8356 -24.1291 -23.012 -58.8723
11.9484 12.6046 -65.13 -24.2662 -23.1443 -58.8941
11.8268 12.4885 -65.4245 -24.4038 -23.277 -58.9156
11.7044 12.3718 -65.7192 -24.5417 -23.4101 -58.9368
11.5814 12.2544 -66.0139 -24.6801 -23.5436 -58.9576
11.4576 12.1364 -66.3087 -24.8189 -23.6776 -58.9782
11.3332 12.0177 -66.6037 -24.9581 -23.8119 -58.9984
11.208 11.8983 -66.8987 -25.0978 -23.9467 -59.0183
11.0822 11.7782 -67.1939 -25.2378 -24.0819 -59.0379
10.9556 11.6574 -67.4891 -25.3783 -24.2176 -59.0572
10.8284 11.536 -67.7844 -25.5192 -24.3536 -59.0761
10.7005 11.4139 -68.0799 -25.6605 -24.4901 -59.0947
10.5718 11.2911 -68.3754 -25.8023 -24.627 -59.113
10.4424 11.1676 -68.671 -25.9445 -24.7644 -59.1309
10.3124 11.0435 -68.9667 -26.0871 -24.9022 -59.1485
10.1816 10.9186 -69.2625 -26.2301 -25.0404 -59.1658
10.0501 10.7931 -69.5584 -26.3736 -25.1791 -59.1826
9.91783 10.6668 -69.8543 -26.5175 -25.3182 -59.1992
9.78488 10.5399 -70.1503 -26.6619 -25.4577 -59.2154
9.65121 10.4122 -70.4465 -26.8067 -25.5977 -59.2312
9.51681 10.2839 -70.7427 -26.9519 -25.7381 -59.2467
9.38169 10.1549 -71.0389 -27.0976 -25.879 -59.2617
9.24583 10.0251 -71.3353 -27.2438 -26.0204 -59.2765
9.10925 9.89466 -71.6317 -27.3904 -26.1622 -59.2908
8.97193 9.76349 -71.9282 -27.5374 -26.3044 -59.3048
8.83388 9.63162 -72.2247 -27.6849 -26.4471 -59.3184
8.69508 9.49902 -72.5214 -27.8329 -26.5903 -59.3316
8.55555 9.36571 -72.8181 -27.9813 -26.7339 -59.3444
8.41527 9.23168 -73.1148 -28.1302 -26.878 -59.3568
8.27424 9.09693 -73.4116 -28.2795 -27.0225 -59.3688
8.13247 8.96146 -73.7085 -28.4293 -27.1676 -59.3805
7.98995 8.82526 -74.0054 -28.5796 -27.3131 -59.3917
7.84668 8.68833 -74.3024 -28.7304 -27.459 -59.4025
7.70265 8.55067 -74.5995 -28.8816 -27.6055 -59.4129
7.55786 8.41227 -74.8965 -29.0333 -27.7524 -59.4228
7.41231 8.27314 -75.1937 -29.1855 -27.8998 -59.4324
7.26601 8.13328 -75.4909 -29.3381 -28.0477 -59.4415
7.11893 7.99267 -75.7881 -29.4912 -28.196 -59.4502
6.97109 7.85132 -76.0854 -29.6449 -28.3449 -59.4585
6.82248 7.70922 -76.3827 -29.799 -28.4942 -59.4663
6.6731 7.56637 -76.68 -29.9536 -28.644 -59.4737
6.52295 7.42278 -76.9774 -30.1087 -28.7944 -59.4806
6.37202 7.27843 -77.2748 -30.2642 -28.9452 -59.4871
6.22031 7.13333 -77.5723 -30.4203 -29.0965 -59.4931
6.06781 6.98747 -77.8698 -30.5769 -29.2483 -59.4987
5.91454 6.84084 -78.1673 -30.734 -29.4006 -59.5038
5.76047 6.69346 -78.4648 -30.8916 -29.5535 -59.5084
5.60562 6.54531 -78.7624 -31.0497 -29.7068 -59.5125
5.44998 6.39639 -79.0599 -31.2083 -29.8606 -59.5162
5.29354 6.2467 -79.3575 -31.3674 -30.015 -59.5194
5.1363 6.09624 -79.6551 -31.527 -30.1698 -59.5221
4.97827 5.945 -79.9527 -31.6872 -30.3252 -59.5243
4.81943 5.79299 -80.2504 -31.8479 -30.4811 -59.526
4.65979 5.64019 -80.548 -32.0091 -30.6375 -59.5272
4.49934 5.48661 -80.8456 -32.1708 -30.7945 -59.5278
4.33808 5.33225 -81.1433 -32.3331 -30.952 -59.528
4.17601 5.17709 -81.4409 -32.4958 -31.11 -59.5276
4.01312 5.02115 -81.7386 -32.6592 -31.2685 -59.5268
3.84942 4.86441 -82.0362 -32.823 -31.4276 -59.5254
3.68489 4.70687 -82.3338 -32.9875 -31.5872 -59.5234
3.51954 4.54854 -82.6314 -33.1524 -31.7473 -59.5209
3.35337 4.3894 -82.929 -33.3179 -31.908 -59.5179
3.18636 4.22946 -83.2266 -33.484 -32.0692 -59.5143
3.01853 4.06871 -83.5242 -33.6506 -32.231 -59.5102
2.84986 3.90715 -83.8217 -33.8177 -32.3933 -59.5055
2.68035 3.74477 -84.1192 -33.9855 -32.5562 -59.5002
2.51 3.58159 -84.4167 -34.1538 -32.7197 -59.4944
2.33881 3.41758 -84.7142 -34.3226 -32.8837 -59.488
2.16678 3.25275 -85.0116 -34.492 -33.0482 -59.481
1.99389 3.0871 -85.309 -34.662 -33.2133 -59.4734
1.82016 2.92062 -85.6063 -34.8326 -33.379 -59.4652
1.64557 2.75331 -85.9036 -35.0037 -33.5453 -59.4564
1.47012 2.58516 -86.2009 -35.1755 -33.7121 -59.447
1.29381 2.41618 -86.4981 -35.3478 -33.8795 -59.437
1.11664 2.24637 -86.7952 -35.5207 -34.0475 -59.4264
0.938607 2.07571 -87.0924 -35.6941 -34.216 -59.4152
0.759701 1.90421 -87.3894 -35.8682 -34.3852 -59.4033
0.579925 1.73186 -87.6864 -36.0429 -34.5549 -59.3908
0.399273 1.55866 -87.9833 -36.2181 -34.7252 -59.3776
0.217743 1.38461 -88.2802 -36.394 -34.8961 -59.3638
0.0353329 1.2097 -88.5769 -36.5704 -35.0676 -59.3494
-0.147961 1.03393 -88.8737 -36.7475 -35.2397 -59.3343
-0.332142 0.857302 -89.1703 -36.9252 -35.4123 -59.3185
-0.517213 0.679808 -89.4668 -37.1034 -35.5856 -59.3021
-0.703177 0.501446 -89.7633 -37.2823 -35.7595 -59.2849
-0.890036 0.322213 -90.0597 -37.4618 -35.934 -59.2671
-1.07779 0.142106 -90.356 -37.642 -36.1091 -59.2486
-1.26646 -0.038878 -90.6522 -37.8227 -36.2848 -59.2294
-1.45602 -0.220742 -90.9483 -38.0041 -36.4612 -59.2094
-1.6465 -0.40349 -91.2443 -38.1861 -36.6381 -59.1888
-1.83788 -0.587123 -91.5402 -38.3687 -36.8157 -59.1674
-2.03018 -0.771647 -91.8359 -38.5519 -36.9939 -59.1453
-2.2234 -0.957063 -92.1316 -38.7358 -37.1727 -59.1225
-2.41754 -1.14337 -92.4272 -38.9203 -37.3522 -59.0989
-2.61261 -1.33058 -92.7226 -39.1055 -37.5323 -59.0745
-2.8086 -1.5187 -93.0179 -39.2913 -37.713 -59.0494
-3.00552 -1.70771 -93.3131 -39.4778 -37.8944 -59.0236
-3.20337 -1.89764 -93.6081 -39.6649 -38.0764 -58.9969
-3.40217 -2.08848 -93.9031 -39.8526 -38.2591 -58.9695
-3.6019 -2.28023 -94.1978 -40.041 -38.4424 -58.9412
-3.80258 -2.4729 -94.4925 -40.2301 -38.6263 -58.9122
-4.0042 -2.66649 -94.787 -40.4198 -38.8109 -58.8824
-4.20678 -2.86101 -95.0813 -40.6102 -38.9962 -58.8517
-4.4103 -3.05646 -95.3755 -40.8013 -39.1821 -58.8202
-4.61479 -3.25283 -95.6695 -40.993 -39.3687 -58.7879
-4.82023 -3.45014 -95.9634 -41.1854 -39.556 -58.7547
-5.02664 -3.64839 -96.257 -41.3785 -39.7439 -58.7207
-5.23402 -3.84758 -96.5506 -41.5723 -39.9325 -58.6858
-5.44237 -4.04772 -96.8439 -41.7667 -40.1218 -58.65
-5.65169 -4.2488 -97.1371 -41.9618 -40.3117 -58.6134
-5.86198 -4.45083 -97.43 -42.1576 -40.5024 -58.5759
-6.07326 -4.65382 -97.7228 -42.3541 -40.6937 -58.5374
-6.28553 -4.85777 -98.0154 -42.5513 -40.8857 -58.4981
-6.49878 -5.06268 -98.3078 -42.7492 -41.0784 -58.4579
-6.71302 -5.26855 -98.6 -42.9478 -41.2718 -58.4167
-6.92825 -5.4754 -98.892 -43.1471 -41.4659 -58.3745
-7.14449 -5.68321 -99.1837 -43.3471 -41.6607 -58.3315
-7.36173 -5.892 -99.4753 -43.5479 -41.8562 -58.2874
-7.57997 -6.10178 -99.7666 -43.7493 -42.0524 -58.2424
-7.79922 -6.31253 -100.058 -43.9514 -42.2493 -58.1965
-8.01948 -6.52427 -100.349 -44.1543 -42.447 -58.1495
-8.24076 -6.737 -100.639 -44.3579 -42.6453 -58.1015
-8.46306 -6.95072 -100.93 -44.5622 -42.8444 -58.0525
-8.68638 -7.16544 -101.22 -44.7673 -43.0442 -58.0025
-8.91073 -7.38116 -101.51 -44.973 -43.2447 -57.9515
-9.13611 -7.59789 -101.799 -45.1795 -43.4459 -57.8994
-9.36253 -7.81562 -102.089 -45.3868 -43.6479 -57.8463
-9.58998 -8.03437 -102.378 -45.5948 -43.8506 -57.7921
-9.81848 -8.25413 -102.667 -45.8035 -44.0541 -57.7368
-10.048 -8.47491 -102.955 -46.013 -44.2583 -57.6805
-10.2786 -8.69671 -103.243 -46.2232 -44.4632 -57.623
-10.5102 -8.91954 -103.531 -46.4342 -44.6689 -57.5644
-10.7429 -9.1434 -103.819 -46.6459 -44.8754 -57.5047
-10.9767 -9.36829 -104.106 -46.8584 -45.0826 -57.4438
-11.2115 -9.59423 -104.393 -47.0717 -45.2905 -57.3818
-11.4474 -9.8212 -104.68 -47.2857 -45.4992 -57.3187
-11.6844 -10.0492 -104.967 -47.5005 -45.7087 -57.2544
-11.9224 -10.2783 -105.253 -47.7161 -45.919 -57.1888
-12.1616 -10.5084 -105.538 -47.9325 -46.13 -57.1221
-12.4018 -10.7396 -105.824 -48.1496 -46.3418 -57.0542
-12.643 -10.9718 -106.109 -48.3675 -46.5544 -56.985
-12.8854 -11.2051 -106.394 -48.5862 -46.7677 -56.9146
-13.1289 -11.4395 -106.678 -48.8057 -46.9818 -56.8429
-13.3735 -11.6749 -106.962 -49.0259 -47.1968 -56.77
-13.6192 -11.9115 -107.246 -49.247 -47.4125 -56.6958
-13.866 -12.1491 -107.529 -49.4689 -47.629 -56.6202
-14.1139 -12.3878 -107.812 -49.6915 -47.8463 -56.5434
-14.3629 -12.6275 -108.095 -49.915 -48.0644 -56.4653
-14.613 -12.8684 -108.377 -50.1393 -48.2833 -56.3857
-14.8643 -13.1104 -108.658 -50.3643 -48.503 -56.3049
-15.1167 -13.3534 -108.94 -50.5902 -48.7235 -56.2227
-15.3702 -13.5976 -109.221 -50.8169 -48.9448 -56.139
-15.6248 -13.8429 -109.501 -51.0445 -49.1669 -56.054
-15.8806 -14.0893 -109.781 -51.2728 -49.3899 -55.9676
-16.1375 -14.3368 -110.061 -51.502 -49.6136 -55.8797
-16.3956 -14.5854 -110.34 -51.732 -49.8382 -55.7904
-16.6549 -14.8352 -110.619 -51.9628 -50.0636 -55.6996
-16.9153 -15.086 -110.897 -52.1944 -50.2899 -55.6073
-17.1768 -15.3381 -111.175 -52.4269 -50.517 -55.5135
-17.4395 -15.5912 -111.452 -52.6603 -50.7449 -55.4182
-17.7034 -15.8455 -111.729 -52.8944 -50.9736 -55.3214
-17.9685 -16.1009 -112.005 -53.1294 -51.2032 -55.223
-18.2347 -16.3575 -112.281 -53.3653 -51.4336 -55.1231
-18.5021 -16.6153 -112.557 -53.602 -51.6649 -55.0215
-18.7707 -16.8742 -112.831 -53.8395 -51.897 -54.9184
-19.0405 -17.1343 -113.106 -54.078 -52.13 -54.8136
-19.3115 -17.3955 -113.38 -54.3172 -52.3638 -54.7072
-19.5837 -17.6579 -113.653 -54.5573 -52.5984 -54.5991
-19.8571 -17.9215 -113.926 -54.7983 -52.834 -54.4893
-20.1317 -18.1862 -114.198 -55.0402 -53.0704 -54.3778
-20.4075 -18.4522 -114.469 -55.2829 -53.3076 -54.2646
-20.6845 -18.7193 -114.74 -55.5265 -53.5457 -54.1497
-20.9627 -18.9876 -115.011 -55.7709 -53.7847 -54.033
-21.2422 -19.2572 -115.281 -56.0162 -54.0245 -53.9145
-21.5229 -19.5279 -115.55 -56.2624 -54.2653 -53.7943
-21.8048 -19.7998 -115.819 -56.5095 -54.5068 -53.6722
-22.088 -20.0729 -116.087 -56.7574 -54.7493 -53.5482
-22.3724 -20.3473 -116.354 -57.0063 -54.9926 -53.4224
-22.6581 -20.6229 -116.621 -57.256 -55.2369 -53.2947
-22.945 -20.8997 -116.887 -57.5066 -55.482 -53.1651
-23.2331 -21.1777 -117.153 -57.758 -55.7279 -53.0335
-23.5226 -21.4569 -117.417 -58.0104 -55.9748 -52.9
-23.8132 -21.7374 -117.682 -58.2637 -56.2226 -52.7646
-24.1052 -22.0192 -117.945 -58.5178 -56.4712 -52.6271
-24.3984 -22.3021 -118.208 -58.7728 -56.7207 -52.4876
-24.6929 -22.5864 -118.47 -59.0288 -56.9711 -52.346
-24.9887 -22.8719 -118.731 -59.2856 -57.2224 -52.2024
-25.2858 -23.1586 -118.992 -59.5433 -57.4746 -52.0567
-25.5841 -23.4466 -119.252 -59.8019 -57.7277 -51.9088
-25.8838 -23.7359 -119.511 -60.0615 -57.9817 -51.7588
-26.1848 -24.0264 -119.769 -60.3219 -58.2366 -51.6067
-26.487 -24.3182 -120.027 -60.5832 -58.4924 -51.4523
-26.7906 -24.6113 -120.284 -60.8454 -58.749 -51.2957
-27.0955 -24.9057 -120.54 -61.1085 -59.0066 -51.1368
-27.4017 -25.2014 -120.795 -61.3726 -59.2651 -50.9757
-27.7092 -25.4984 -121.05 -61.6375 -59.5244 -50.8123
-28.018 -25.7967 -121.303 -61.9033 -59.7847 -50.6465
-28.3282 -26.0962 -121.556 -62.17 -60.0458 -50.4784
-28.6397 -26.3971 -121.808 -62.4377 -60.3079 -50.3079
-28.9526 -26.6993 -122.059 -62.7062 -60.5709 -50.135
-29.2668 -27.0028 -122.31 -62.9756 -60.8347 -49.9596
-29.5824 -27.3077 -122.559 -63.246 -61.0995 -49.7817
-29.8993 -27.6138 -122.807 -63.5172 -61.3651 -49.6013
-30.2175 -27.9213 -123.055 -63.7893 -61.6317 -49.4184
-30.5372 -28.2301 -123.302 -64.0624 -61.8991 -49.233
-30.8582 -28.5403 -123.547 -64.3363 -62.1674 -49.0449
-31.1805 -28.8518 -123.792 -64.6112 -62.4367 -48.8542
-31.5043 -29.1647 -124.036 -64.8869 -62.7068 -48.6608
-31.8294 -29.4789 -124.279 -65.1635 -62.9778 -48.4648
-32.1559 -29.7944 -124.521 -65.4411 -63.2497 -48.266
-32.4838 -30.1114 -124.761 -65.7195 -63.5225 -48.0645
-32.8131 -30.4297 -125.001 -65.9988 -63.7961 -47.8601
-33.1438 -30.7493 -125.24 -66.279 -64.0707 -47.653
-33.4759 -31.0704 -125.478 -66.5601 -64.3461 -47.443
-33.8094 -31.3928 -125.714 -66.842 -64.6224 -47.23
-34.1443 -31.7166 -125.95 -67.1249 -64.8996 -47.0142
-34.4806 -32.0418 -126.185 -67.4086 -65.1776 -46.7954
-34.8184 -32.3684 -126.418 -67.6932 -65.4565 -46.5736
-35.1576 -32.6963 -126.65 -67.9787 -65.7363 -46.3487
-35.4982 -33.0257 -126.881 -68.265 -66.0169 -46.1208
-35.8402 -33.3565 -127.111 -68.5522 -66.2984 -45.8897
-36.1837 -33.6887 -127.34 -68.8403 -66.5808 -45.6555
-36.5286 -34.0223 -127.568 -69.1292 -66.8639 -45.4181
-36.875 -34.3574 -127.794 -69.419 -67.148 -45.1775
-37.2228 -34.6938 -128.02 -69.7096 -67.4328 -44.9336
-37.5721 -35.0317 -128.244 -70.001 -67.7185 -44.6864
-37.9228 -35.371 -128.467 -70.2933 -68.005 -44.4359
-38.275 -35.7117 -128.688 -70.5864 -68.2923 -44.1819
-38.6287 -36.0539 -128.908 -70.8804 -68.5805 -43.9246
-38.9838 -36.3975 -129.127 -71.1751 -68.8694 -43.6637
-39.3404 -36.7426 -129.345 -71.4707 -69.1591 -43.3994
-39.6985 -37.0891 -129.561 -71.767 -69.4496 -43.1315
-40.0581 -37.4371 -129.776 -72.0642 -69.7409 -42.86
-40.4192 -37.7865 -129.99 -72.3621 -70.033 -42.5848
-40.7817 -38.1374 -130.202 -72.6609 -70.3258 -42.3059
-41.1458 -38.4898 -130.413 -72.9604 -70.6194 -42.0233
-41.5113 -38.8436 -130.622 -73.2606 -70.9138 -41.737
-41.8784 -39.1989 -130.83 -73.5616 -71.2088 -41.4468
-42.2469 -39.5557 -131.037 -73.8634 -71.5046 -41.1527
-42.617 -39.914 -131.242 -74.1659 -71.8011 -40.8547
-42.9886 -40.2737 -131.446 -74.4691 -72.0983 -40.5527
-43.3617 -40.635 -131.648 -74.773 -72.3962 -40.2467
-43.7363 -40.9977 -131.848 -75.0776 -72.6947 -39.9367
-44.1125 -41.3619 -132.047 -75.3829 -72.9939 -39.6225
-44.4902 -41.7276 -132.244 -75.6889 -73.2938 -39.3042
-44.8694 -42.0948 -132.44 -75.9955 -73.5943 -38.9816
-45.2501 -42.4636 -132.634 -76.3028 -73.8954 -38.6548
-45.6324 -42.8338 -132.826 -76.6108 -74.1972 -38.3237
-46.0162 -43.2055 -133.017 -76.9193 -74.4995 -37.9881
-46.4016 -43.5788 -133.206 -77.2284 -74.8024 -37.6482
-46.7885 -43.9536 -133.394 -77.5382 -75.1058 -37.3038
-47.177 -44.3298 -133.579 -77.8485 -75.4098 -36.9548
-47.567 -44.7077 -133.763 -78.1594 -75.7143 -36.6013
-47.9586 -45.087 -133.945 -78.4708 -76.0193 -36.2431
-48.3517 -45.4678 -134.126 -78.7827 -76.3248 -35.8802
-48.7464 -45.8502 -134.304 -79.0951 -76.6307 -35.5125
-49.1427 -46.2341 -134.481 -79.4081 -76.9371 -35.1401
-49.5405 -46.6196 -134.656 -79.7214 -77.2439 -34.7627
-49.9399 -47.0066 -134.828 -80.0353 -77.5511 -34.3805
-50.3408 -47.3951 -134.999 -80.3495 -77.8587 -33.9932
-50.7434 -47.7852 -135.168 -80.6641 -78.1666 -33.6009
-51.1475 -48.1768 -135.335 -80.9791 -78.4748 -33.2035
-51.5532 -48.5699 -135.5 -81.2945 -78.7833 -32.8009
-51.9604 -48.9646 -135.663 -81.6102 -79.0921 -32.3931
-52.3693 -49.3608 -135.824 -81.9262 -79.4011 -31.98
-52.7797 -49.7586 -135.983 -82.2425 -79.7104 -31.5616
-53.1917 -50.1579 -136.14 -82.559 -80.0198 -31.1377
-53.6053 -50.5588 -136.295 -82.8757 -80.3294 -30.7083
-54.0204 -50.9612 -136.447 -83.1927 -80.6391 -30.2734
-54.4372 -51.3652 -136.597 -83.5098 -80.9488 -29.8329
-54.8555 -51.7707 -136.745 -83.827 -81.2587 -29.3867
-55.2755 -52.1778 -136.891 -84.1443 -81.5685 -28.9348
-55.697 -52.5864 -137.035 -84.4617 -81.8783 -28.4771
-56.1201 -52.9966 -137.176 -84.7791 -82.1881 -28.0135
-56.5448 -53.4083 -137.315 -85.0965 -82.4977 -27.5439
-56.9711 -53.8215 -137.451 -85.4139 -82.8073 -27.0684
-57.3989 -54.2364 -137.586 -85.7312 -83.1166 -26.5867
-57.8284 -54.6527 -137.717 -86.0484 -83.4257 -26.0989
-58.2594 -55.0706 -137.847 -86.3654 -83.7346 -25.6049
-58.692 -55.4901 -137.973 -86.6823 -84.0431 -25.1046
-59.1262 -55.911 -138.098 -86.9989 -84.3513 -24.598
-59.562 -56.3336 -138.219 -87.3152 -84.6591 -24.0849
-59.9994 -56.7576 -138.338 -87.6312 -84.9664 -23.5653
-60.4383 -57.1832 -138.455 -87.9468 -85.2732 -23.0392
-60.8788 -57.6104 -138.569 -88.262 -85.5795 -22.5064
-61.3209 -58.039 -138.68 -88.5767 -85.8851 -21.9669
-61.7646 -58.4692 -138.788 -88.8909 -86.1901 -21.4206
-62.2099 -58.9009 -138.894 -89.2046 -86.4943 -20.8674
-62.6567 -59.3341 -138.997 -89.5176 -86.7978 -20.3073
-63.105 -59.7689 -139.097 -89.8299 -87.1003 -19.7403
-63.555 -60.2051 -139.195 -90.1415 -87.402 -19.1661
-64.0064 -60.6429 -139.289 -90.4523 -87.7027 -18.5847
-64.4595 -61.0822 -139.38 -90.7623 -88.0024 -17.9962
-64.9141 -61.5229 -139.469 -91.0713 -88.3009 -17.4003
-65.3702 -61.9652 -139.554 -91.3794 -88.5982 -16.7971
-65.8279 -62.4089 -139.637 -91.6864 -88.8943 -16.1864
-66.2871 -62.8541 -139.716 -91.9922 -89.1891 -15.5682
-66.7478 -63.3008 -139.793 -92.2969 -89.4824 -14.9423
-67.21 -63.7489 -139.866 -92.6003 -89.7742 -14.3088
-67.6738 -64.1985 -139.936 -92.9024 -90.0644 -13.6676
-68.1391 -64.6496 -140.002 -93.2031 -90.353 -13.0185
-68.6058 -65.1021 -140.066 -93.5023 -90.6399 -12.3615
-69.0741 -65.556 -140.126 -93.7999 -90.9249 -11.6965
-69.5438 -66.0113 -140.183 -94.0959 -91.2079 -11.0235
-70.015 -66.4681 -140.236 -94.3901 -91.4889 -10.3423
-70.4877 -66.9262 -140.286 -94.6825 -91.7678 -9.653
-70.9619 -67.3857 -140.333 -94.9729 -92.0445 -8.95539
-71.4375 -67.8466 -140.376 -95.2614 -92.3189 -8.24944
-71.9145 -68.3089 -140.415 -95.5477 -92.5908 -7.53507
-72.3929 -68.7725 -140.451 -95.8318 -92.8601 -6.81222
-72.8728 -69.2375 -140.483 -96.1135 -93.1268 -6.08081
-73.3541 -69.7038 -140.512 -96.3929 -93.3908 -5.34077
-73.8367 -70.1714 -140.537 -96.6696 -93.6518 -4.59204
-74.3208 -70.6403 -140.558 -96.9438 -93.9099 -3.83455
-74.8062 -71.1105 -140.575 -97.2151 -94.1648 -3.06823
-75.2929 -71.582 -140.589 -97.4836 -94.4164 -2.29302
-75.781 -72.0547 -140.598 -97.749 -94.6647 -1.50884
-76.2704 -72.5286 -140.604 -98.0112 -94.9094 -0.715653
-76.7611 -73.0037 -140.605 -98.2702 -95.1505 0.0866196
-77.2531 -73.4801 -140.603 -98.5257 -95.3878 0.898031
-77.7464 -73.9576 -140.596 -98.7777 -95.6211 1.71864
-78.2409 -74.4363 -140.586 -99.0259 -95.8504 2.5485
-78.7366 -74.9161 -140.571 -99.2702 -96.0754 3.38766
-79.2336 -75.397 -140.552 -99.5105 -96.296 4.23617
-79.7317 -75.8791 -140.528 -99.7465 -96.5121 5.09408
-80.2311 -76.3622 -140.501 -99.9782 -96.7235 5.96144
-80.7315 -76.8463 -140.469 -100.205 -96.9301 6.83828
-81.2331 -77.3314 -140.432 -100.428 -97.1316 7.72464
-81.7358 -77.8176 -140.391 -100.645 -97.328 8.62055
-82.2396 -78.3047 -140.346 -100.857 -97.519 9.52604
-82.7444 -78.7928 -140.296 -101.064 -97.7046 10.4411
-83.2502 -79.2818 -140.242 -101.266 -97.8844 11.3659
-83.757 -79.7716 -140.183 -101.461 -98.0584 12.3002
-84.2648 -80.2623 -140.119 -101.651 -98.2264 13.2442
-84.7735 -80.7539 -140.05 -101.834 -98.3882 14.1979
-85.2832 -81.2462 -139.977 -102.011 -98.5437 15.1612
-85.7937 -81.7393 -139.898 -102.181 -98.6927 16.1341
-86.305 -82.2331 -139.815 -102.345 -98.8349 17.1166
-86.8171 -82.7276 -139.727 -102.5 -98.9704 18.1087
-87.33 -83.2228 -139.634 -102.649 -99.0989 19.1104
-87.8436 -83.7186 -139.536 -102.789 -99.2202 20.1215
-88.3579 -84.215 -139.433 -102.922 -99.3343 21.1421
-88.8728 -84.7119 -139.325 -103.046 -99.4409 22.172
-89.3883 -85.2094 -139.211 -103.161 -99.54 23.2112
-89.9044 -85.7073 -139.093 -103.268 -99.6314 24.2596
-90.421 -86.2057 -138.969 -103.365 -99.715 25.3171
-90.9381 -86.7044 -138.839 -103.452 -99.7908 26.3835
-91.4555 -87.2035 -138.705 -103.53 -99.8587 27.4588
-91.9733 -87.703 -138.565 -103.597 -99.9185 28.5428
-92.4915 -88.2027 -138.419 -103.654 -99.9703 29.6353
-93.0099 -88.7027 -138.268 -103.7 -100.014 30.7361
-93.5285 -89.2028 -138.112 -103.735 -100.049 31.8451
-94.0472 -89.7031 -137.95 -103.758 -100.077 32.9621
-94.566 -90.2036 -137.782 -103.77 -100.096 34.0868
-95.0849 -90.7041 -137.609 -103.77 -100.108 35.219
-95.6037 -91.2046 -137.43 -103.757 -100.111 36.3586
-96.1224 -91.7052 -137.246 -103.732 -100.106 37.5051
-96.641 -92.2057 -137.055 -103.695 -100.094 38.6584
-97.1594 -92.7061 -136.859 -103.644 -100.074 39.8183
-97.6774 -93.2064 -136.657 -103.581 -100.046 40.9843
-98.1951 -93.7065 -136.449 -103.505 -100.011 42.1563
-98.7125 -94.2065 -136.235 -103.415 -99.969 43.334
-99.2293 -94.7062 -136.016 -103.313 -99.9195 44.5171
-99.7455 -95.2056 -135.79 -103.197 -99.8631 45.7053
-100.261 -95.7048 -135.559 -103.068 -99.7998 46.8983
-100.776 -96.2036 -135.321 -102.926 -99.7299 48.0959
-101.29 -96.7021 -135.078 -102.771 -99.6534 49.2979
-101.804 -97.2001 -134.828 -102.603 -99.5706 50.504
-102.316 -97.6978 -134.573 -102.423 -99.4814 51.7139
-102.828 -98.1949 -134.311 -102.229 -99.386 52.9274
-103.339 -98.6916 -134.043 -102.023 -99.2844 54.1443
-103.848 -99.1878 -133.77 -101.806 -99.1768 55.3645
-104.357 -99.6834 -133.49 -101.576 -99.063 56.5876
-104.864 -100.178 -133.204 -101.334 -98.9431 57.8136
-105.37 -100.673 -132.912 -101.08 -98.817 59.0423
-105.875 -101.167 -132.613 -100.816 -98.6848 60.2736
-106.378 -101.66 -132.309 -100.54 -98.5461 61.5071
-106.88 -102.152 -131.998 -100.253 -98.4011 62.743
-107.381 -102.644 -131.681 -99.955 -98.2494 63.9809
-107.88 -103.135 -131.358 -99.6466 -98.091 65.2208
-108.377 -103.625 -131.029 -99.3278 -97.9256 66.4625
-108.873 -104.114 -130.694 -98.9986 -97.753 67.7058
-109.367 -104.602 -130.352 -98.6592 -97.573 68.9507
-109.859 -105.089 -130.004 -98.3096 -97.3854 70.197
-110.35 -105.576 -129.65 -97.95 -97.19 71.4445
-110.839 -106.061 -129.29 -97.5804 -96.9864 72.6931
-111.326 -106.546 -128.923 -97.2008 -96.7744 73.9426
-111.811 -107.029 -128.55 -96.8113 -96.5538 75.1928
-112.294 -107.511 -128.171 -96.4119 -96.3244 76.4435
-112.775 -107.992 -127.786 -96.0025 -96.0858 77.6945
-113.254 -108.472 -127.394 -95.5832 -95.8378 78.9457
-113.731 -108.951 -126.997 -95.1539 -95.5802 80.1967
-114.205 -109.428 -126.592 -94.7146 -95.3128 81.4474
-114.678 -109.904 -126.182 -94.2653 -95.0352 82.6974
-115.148 -110.378 -125.766 -93.8058 -94.7474 83.9467
-115.616 -110.851 -125.343 -93.3362 -94.4491 85.1947
-116.081 -111.323 -124.914 -92.8563 -94.14 86.4414
-116.545 -111.793 -124.478 -92.3661 -93.8201 87.6863
-117.005 -112.261 -124.037 -91.8657 -93.4892 88.9293
-117.463 -112.728 -123.589 -91.3548 -93.147 90.1699
-117.919 -113.193 -123.135 -90.8334 -92.7934 91.4079
-118.372 -113.656 -122.675 -90.3015 -92.4284 92.6429
-118.822 -114.117 -122.209 -89.7591 -92.0517 93.8746
-119.269 -114.576 -121.736 -89.206 -91.6633 95.1026
-119.714 -115.034 -121.258 -88.6423 -91.2631 96.3266
-120.156 -115.489 -120.773 -88.0679 -90.851 97.5463
-120.594 -115.942 -120.282 -87.4828 -90.4268 98.7613
-121.03 -116.393 -119.785 -86.887 -89.9906 99.9711
-121.463 -116.842 -119.282 -86.2804 -89.5424 101.176
-121.893 -117.289 -118.774 -85.6631 -89.082 102.374
-122.32 -117.733 -118.259 -85.035 -88.6094 103.566
-122.744 -118.175 -117.738 -84.3963 -88.1247 104.752
-123.164 -118.614 -117.211 -83.7468 -87.6278 105.931
-123.581 -119.051 -116.679 -83.0866 -87.1187 107.102
-123.995 -119.485 -116.14 -82.4158 -86.5975 108.266
-124.405 -119.917 -115.596 -81.7344 -86.0642 109.421
-124.812 -120.346 -115.046 -81.0425 -85.5189 110.568
-125.216 -120.772 -114.49 -80.3402 -84.9616 111.707
-125.615 -121.196 -113.929 -79.6275 -84.3923 112.835
-126.012 -121.616 -113.362 -78.9045 -83.8111 113.955
-126.405 -122.034 -112.789 -78.1713 -83.2182 115.064
-126.794 -122.448 -112.211 -77.428 -82.6136 116.163
-127.179 -122.86 -111.628 -76.6748 -81.9974 117.251
-127.56 -123.268 -111.039 -75.9118 -81.3698 118.327
-127.938 -123.674 -110.444 -75.139 -80.7309 119.393
-128.312 -124.076 -109.845 -74.3568 -80.0807 120.446
-128.682 -124.474 -109.24 -73.5651 -79.4195 121.488
-129.047 -124.87 -108.63 -72.7641 -78.7474 122.517
-129.409 -125.262 -108.015 -71.9541 -78.0646 123.533
-129.767 -125.65 -107.395 -71.1352 -77.3712 124.535
-130.121 -126.036 -106.769 -70.3076 -76.6673 125.524
-130.47 -126.417 -106.139 -69.4715 -75.9533 126.5
-130.815 -126.795 -105.504 -68.6271 -75.2293 127.461
-131.156 -127.169 -104.865 -67.7745 -74.4955 128.408
-131.493 -127.54 -104.22 -66.9141 -73.752 129.34
-131.825 -127.907 -103.571 -66.046 -72.9991 130.257
-132.153 -128.27 -102.918 -65.1704 -72.2371 131.159
-132.477 -128.629 -102.26 -64.2876 -71.4661 132.045
-132.796 -128.985 -101.597 -63.3978 -70.6863 132.916
-133.111 -129.336 -100.931 -62.5013 -69.8981 133.771
-133.421 -129.684 -100.26 -61.5983 -69.1016 134.609
-133.727 -130.027 -99.5845 -60.689 -68.2972 135.431
-134.028 -130.367 -98.9053 -59.7738 -67.4849 136.236
-134.325 -130.702 -98.2222 -58.8528 -66.6652 137.024
-134.617 -131.033 -97.5351 -57.9263 -65.8382 137.796
-134.904 -131.36 -96.8442 -56.9947 -65.0043 138.55
-135.187 -131.683 -96.1496 -56.0581 -64.1636 139.287
-135.465 -132.002 -95.4513 -55.1168 -63.3165 140.006
-135.738 -132.317 -94.7495 -54.1711 -62.4632 140.707
-136.006 -132.627 -94.0443 -53.2213 -61.6039 141.391
-136.27 -132.933 -93.3356 -52.2677 -60.7391 142.057
-136.529 -133.234 -92.6237 -51.3105 -59.8689 142.705
-136.783 -133.531 -91.9086 -50.35 -58.9936 143.335
-137.033 -133.824 -91.1903 -49.3864 -58.1135 143.947
-137.277 -134.112 -90.4691 -48.4202 -57.2289 144.54
-137.517 -134.396 -89.7449 -47.4514 -56.34 145.115
-137.752 -134.676 -89.0179 -46.4805 -55.4471 145.672
-137.982 -134.951 -88.2882 -45.5076 -54.5506 146.211
-138.207 -135.221 -87.5558 -44.5331 -53.6506 146.731
-138.427 -135.487 -86.8209 -43.5573 -52.7475 147.233
-138.642 -135.749 -86.0835 -42.5803 -51.8415 147.716
-138.853 -136.006 -85.3437 -41.6025 -50.933 148.181
-139.058 -136.258 -84.6017 -40.6241 -50.0221 148.628
-139.259 -136.506 -83.8575 -39.6454 -49.1091 149.056
-139.455 -136.749 -83.1111 -38.6667 -48.1944 149.467
-139.646 -136.988 -82.3628 -37.6882 -47.2781 149.859
-139.832 -137.222 -81.6125 -36.7101 -46.3606 150.232
-140.013 -137.452 -80.8605 -35.7328 -45.4421 150.588
-140.189 -137.676 -80.1067 -34.7564 -44.5228 150.926
-140.36 -137.897 -79.3512 -33.7812 -43.603 151.246
-140.527 -138.112 -78.5942 -32.8075 -42.683 151.548
-140.688 -138.324 -77.8357 -31.8354 -41.763 151.832
-140.845 -138.53 -77.0759 -30.8653 -40.8432 152.099
-140.997 -138.732 -76.3147 -29.8972 -39.9239 152.349
-141.144 -138.929 -75.5524 -28.9316 -39.0054 152.581
-141.286 -139.122 -74.7889 -27.9684 -38.0877 152.796
-141.424 -139.31 -74.0244 -27.0081 -37.1712 152.993
-141.556 -139.494 -73.259 -26.0507 -36.2561 153.174
-141.684 -139.673 -72.4927 -25.0966 -35.3426 153.339
-141.807 -139.847 -71.7256 -24.1458 -34.4309 153.487
-141.926 -140.017 -70.9578 -23.1985 -33.5212 153.618
-142.039 -140.182 -70.1894 -22.255 -32.6137 153.733
-142.148 -140.343 -69.4205 -21.3155 -31.7086 153.832
-142.253 -140.5 -68.6511 -20.38 -30.8061 153.916
-142.352 -140.651 -67.8813 -19.4489 -29.9064 153.983
-142.447 -140.799 -67.1113 -18.5221 -29.0097 154.036
-142.537 -140.941 -66.341 -17.6 -28.1161 154.073
-142.623 -141.08 -65.5705 -16.6826 -27.2258 154.095
-142.704 -141.214 -64.8 -15.7701 -26.3389 154.102
-142.781 -141.343 -64.0295 -14.8626 -25.4557 154.095
-142.853 -141.468 -63.2591 -13.9603 -24.5763 154.073
-142.92 -141.589 -62.4888 -13.0633 -23.7008 154.037
-142.983 -141.705 -61.7187 -12.1718 -22.8294 153.987
-143.042 -141.817 -60.9489 -11.2857 -21.9622 153.923
-143.096 -141.925 -60.1795 -10.4054 -21.0993 153.846
-143.146 -142.028 -59.4104 -9.53077 -20.2409 153.755
-143.192 -142.127 -58.6419 -8.66204 -19.3871 153.652
-143.233 -142.222 -57.8739 -7.7993 -18.538 153.535
-143.27 -142.313 -57.1066 -6.94261 -17.6937 153.406
-143.302 -142.399 -56.3399 -6.09209 -16.8544 153.264
-143.33 -142.481 -55.5739 -5.2478 -16.0201 153.111
-143.355 -142.559 -54.8088 -4.40984 -15.191 152.945
-143.375 -142.633 -54.0445 -3.57826 -14.367 152.767
-143.39 -142.703 -53.2811 -2.75315 -13.5484 152.578
-143.402 -142.769 -52.5187 -1.93457 -12.7352 152.378
-143.41 -142.83 -51.7573 -1.12258 -11.9275 152.167
-143.413 -142.888 -50.997 -0.317237 -11.1253 151.945
-143.413 -142.941 -50.2378 0.481408 -10.3287 151.712
-143.409 -142.991 -49.4799 1.27331 -9.53789 151.469
-143.4 -143.037 -48.7231 2.05841 -8.75279 151.216
-143.388 -143.079 -47.9677 2.83669 -7.97351 150.953
-143.372 -143.117 -47.2136 3.6081 -7.2001 150.68
-143.352 -143.151 -46.4609 4.37261 -6.43261 150.398
-143.328 -143.181 -45.7096 5.1302 -5.67109 150.106
-143.301 -143.207 -44.9598 5.88083 -4.91559 149.806
-143.269 -143.23 -44.2116 6.62449 -4.16613 149.496
-143.234 -143.249 -43.4649 7.36116 -3.42276 149.178
-143.196 -143.264 -42.7198 8.09082 -2.68551 148.851
-143.153 -143.276 -41.9764 8.81346 -1.9544 148.517
-143.108 -143.284 -41.2346 9.52907 -1.22947 148.174
-143.058 -143.288 -40.4946 10.2377 -0.510744 147.823
-143.005 -143.289 -39.7564 10.9392 0.201768 147.465
-142.949 -143.286 -39.02 11.6337 0.908047 147.099
-142.889 -143.28 -38.2854 12.3212 1.60808 146.727
-142.825 -143.27 -37.5527 13.0016 2.30185 146.347
-142.759 -143.257 -36.8219 13.6751 2.98935 145.96
-142.689 -143.24 -36.0931 14.3415 3.67058 145.567
-142.615 -143.22 -35.3663 15.0009 4.34553 145.167
-142.539 -143.197 -34.6414 15.6534 5.01421 144.761
-142.459 -143.17 -33.9186 16.2989 5.6766 144.349
-142.376 -143.14 -33.1979 16.9374 6.33273 143.931
-142.289 -143.107 -32.4793 17.5691 6.98259 143.507
-142.2 -143.07 -31.7629 18.1938 7.62619 143.077
-142.108 -143.03 -31.0486 18.8116 8.26354 142.642
-142.012 -142.988 -30.3364 19.4226 8.89465 142.202
-141.913 -142.941 -29.6265 20.0268 9.51954 141.757
-141.812 -142.892 -28.9189 20.6242 10.1382 141.307
-141.707 -142.84 -28.2135 21.2148 10.7507 140.852
-141.6 -142.785 -27.5104 21.7987 11.357 140.393
-141.489 -142.727 -26.8095 22.376 11.9572 139.929
-141.376 -142.665 -26.1111 22.9465 12.5513 139.461
-141.26 -142.601 -25.4149 23.5105 13.1392 138.988
-141.141 -142.534 -24.7212 24.0678 13.7211 138.512
-141.019 -142.464 -24.0298 24.6186 14.2969 138.032
-140.894 -142.391 -23.3409 25.163 14.8666 137.548
-140.767 -142.315 -22.6543 25.7008 15.4304 137.06
-140.637 -142.237 -21.9703 26.2322 15.9882 136.569
-140.505 -142.155 -21.2886 26.7573 16.5401 136.075
-140.37 -142.071 -20.6095 27.276 17.0861 135.577
-140.232 -141.984 -19.9329 27.7885 17.6262 135.077
-140.092 -141.895 -19.2587 28.2946 18.1604 134.573
-139.949 -141.803 -18.5871 28.7946 18.6889 134.067
-139.804 -141.708 -17.9181 29.2885 19.2116 133.557
-139.656 -141.611 -17.2516 29.7762 19.7285 133.046
-139.506 -141.511 -16.5876 30.2579 20.2398 132.531
-139.354 -141.408 -15.9262 30.7335 20.7454 132.015
-139.199 -141.303 -15.2675 31.2032 21.2453 131.496
-139.042 -141.196 -14.6113 31.667 21.7397 130.975
-138.882 -141.086 -13.9577 32.1249 22.2286 130.452
-138.721 -140.974 -13.3068 32.577 22.7119 129.926
-138.557 -140.859 -12.6585 33.0234 23.1898 129.399
-138.39 -140.742 -12.0128 33.464 23.6622 128.871
-138.222 -140.622 -11.3697 33.8989 24.1293 128.34
-138.051 -140.5 -10.7294 34.3283 24.591 127.808
-137.879 -140.376 -10.0917 34.752 25.0475 127.275
-137.704 -140.25 -9.45663 35.1703 25.4986 126.74
-137.527 -140.121 -8.82427 35.5831 25.9446 126.203
-137.348 -139.99 -8.1946 35.9904 26.3854 125.666
-137.167 -139.857 -7.56761 36.3924 26.821 125.127
-136.984 -139.722 -6.94333 36.7891 27.2516 124.587
-136.799 -139.585 -6.32174 37.1805 27.6771 124.047
-136.612 -139.445 -5.70286 37.5667 28.0976 123.505
-136.423 -139.304 -5.08669 37.9477 28.5131 122.962
-136.233 -139.16 -4.47323 38.3237 28.9238 122.419
-136.04 -139.015 -3.8625 38.6945 29.3295 121.875
-135.846 -138.867 -3.25448 39.0604 29.7304 121.33
-135.65 -138.717 -2.64919 39.4212 30.1266 120.785
-135.452 -138.566 -2.04663 39.7772 30.5179 120.239
-135.252 -138.412 -1.4468 40.1283 30.9046 119.693
-135.05 -138.257 -0.849697 40.4746 31.2866 119.147
-134.847 -138.099 -0.25533 40.8161 31.6641 118.6
-134.642 -137.94 0.336301 41.1529 32.0369 118.053
-134.436 -137.779 0.925195 41.485 32.4052 117.505
-134.227 -137.616 1.51135 41.8125 32.769 116.958
-134.017 -137.451 2.09477 42.1354 33.1284 116.41
-133.806 -137.285 2.67545 42.4538 33.4833 115.862
-133.593 -137.116 3.25339 42.7678 33.8339 115.315
-133.378 -136.946 3.8286 43.0772 34.1802 114.767
-133.162 -136.775 4.40106 43.3823 34.5222 114.219
-132.944 -136.601 4.97079 43.6831 34.86 113.672
-132.725 -136.426 5.53778 43.9796 35.1935 113.125
-132.505 -136.249 6.10203 44.2718 35.523 112.578
-132.283 -136.071 6.66355 44.5599 35.8483 112.031
-132.059 -135.891 7.22234 44.8437 36.1695 111.484
-131.834 -135.709 7.7784 45.1235 36.4867 110.938
-131.608 -135.526 8.33172 45.3992 36.7999 110.393
-131.38 -135.341 8.88232 45.6709 37.1092 109.847
-131.151 -135.155 9.4302 45.9386 37.4145 109.303
-130.921 -134.967 9.97535 46.2024 37.716 108.758
-130.689 -134.778 10.5178 46.4622 38.0136 108.215
-130.456 -134.587 11.0575 46.7183 38.3075 107.671
-130.222 -134.395 11.5945 46.9705 38.5975 107.129
-129.986 -134.201 12.1288 47.219 38.8839 106.587
-129.75 -134.006 12.6604 47.4637 39.1666 106.046
-129.512 -133.809 13.1892 47.7048 39.4457 105.505
-129.273 -133.611 13.7154 47.9422 39.7211 104.966
-129.032 -133.412 14.2389 48.176 39.993 104.426
-128.791 -133.211 14.7597 48.4063 40.2614 103.888
-128.548 -133.009 15.2778 48.6331 40.5262 103.351
-128.305 -132.806 15.7932 48.8563 40.7876 102.814
-128.06 -132.601 16.3059 49.0762 41.0456 102.278
-127.814 -132.396 16.816 49.2926 41.3002 101.744
-127.567 -132.188 17.3234 49.5057 41.5515 101.21
-127.319 -131.98 17.8281 49.7154 41.7994 100.677
-127.07 -131.77 18.3301 49.9219 42.044 100.144
-126.819 -131.56 18.8295 50.1251 42.2855 99.6133
-126.568 -131.348 19.3263 50.3251 42.5237 99.0832
-126.316 -131.134 19.8203 50.5219 42.7587 98.5541
-126.063 -130.92 20.3118 50.7156 42.9906 98.026
-125.809 -130.704 20.8006 50.9062 43.2193 97.499
-125.554 -130.488 21.2868 51.0937 43.445 96.973
-125.298 -130.27 21.7703 51.2781 43.6677 96.4482
-125.041 -130.051 22.2513 51.4596 43.8873 95.9244
-124.784 -129.831 22.7296 51.6381 44.104 95.4017
-124.525 -129.61 23.2053 51.8137 44.3177 94.8802
-124.265 -129.388 23.6784 51.9864 44.5285 94.3597
-124.005 -129.165 24.1489 52.1562 44.7364 93.8405
-123.744 -128.941 24.6168 52.3231 44.9415 93.3224
-123.482 -128.715 25.0821 52.4873 45.1437 92.8055
-123.219 -128.489 25.5448 52.6487 45.3431 92.2898
-122.955 -128.262 26.005 52.8073 45.5398 91.7753
-122.691 -128.034 26.4626 52.9633 45.7337 91.262
-122.426 -127.805 26.9176 53.1166 45.9249 90.75
-122.16 -127.575 27.3701 53.2672 46.1135 90.2392
-121.893 -127.343 27.82 53.4152 46.2994 89.7296
-121.626 -127.112 28.2674 53.5606 46.4826 89.2213
-121.357 -126.879 28.7122 53.7035 46.6633 88.7143
-121.089 -126.645 29.1545 53.8439 46.8414 88.2085
-120.819 -126.41 29.5943 53.9817 47.017 87.704
-120.549 -126.175 30.0316 54.1171 47.1901 87.2008
-120.278 -125.938 30.4663 54.25 47.3607 86.6989
-120.006 -125.701 30.8986 54.3805 47.5288 86.1984
-119.734 -125.463 31.3283 54.5087 47.6945 85.6991
-119.461 -125.224 31.7555 54.6345 47.8578 85.2011
-119.188 -124.984 32.1803 54.7579 48.0187 84.7045
-118.914 -124.744 32.6026 54.879 48.1772 84.2092
-118.639 -124.503 33.0224 54.9979 48.3334 83.7153
-118.364 -124.261 33.4397 55.1145 48.4873 83.2226
-118.088 -124.018 33.8546 55.2289 48.639 82.7314
-117.811 -123.774 34.2671 55.341 48.7884 82.2414
-117.534 -123.53 34.677 55.451 48.9355 81.7529
-117.257 -123.285 35.0846 55.5589 49.0804 81.2657
-116.979 -123.039 35.4897 55.6646 49.2232 80.7798
-116.7 -122.793 35.8924 55.7682 49.3638 80.2953
-116.421 -122.546 36.2926 55.8697 49.5022 79.8122
-116.141 -122.298 36.6905 55.9692 49.6386 79.3305
-115.861 -122.049 37.0859 56.0666 49.7728 78.8501
-115.581 -121.8 37.479 56.162 49.905 78.3711
-115.3 -121.55 37.8697 56.2555 50.0351 77.8935
-115.018 -121.3 38.2579 56.3469 50.1632 77.4173
-114.736 -121.048 38.6438 56.4365 50.2893 76.9425
-114.454 -120.797 39.0274 56.5241 50.4134 76.469
-114.171 -120.544 39.4085 56.6098 50.5355 75.9969
-113.888 -120.291 39.7873 56.6936 50.6557 75.5262
-113.604 -120.038 40.1638 56.7756 50.774 75.0569
-113.32 -119.784 40.5379 56.8557 50.8904 74.589
-113.036 -119.529 40.9097 56.934 51.0049 74.1225
-112.751 -119.274 41.2791 57.0105 51.1175 73.6574
-112.465 -119.018 41.6462 57.0853 51.2283 73.1937
-112.18 -118.761 42.0111 57.1582 51.3372 72.7313
-111.894 -118.504 42.3736 57.2295 51.4444 72.2703
-111.608 -118.247 42.7338 57.299 51.5497 71.8108
-111.321 -117.989 43.0917 57.3669 51.6533 71.3526
-111.034 -117.73 43.4473 57.433 51.7552 70.8958
-110.747 -117.471 43.8006 57.4975 51.8553 70.4404
-110.459 -117.212 44.1517 57.5604 51.9537 69.9864
-110.171 -116.952 44.5005 57.6216 52.0504 69.5338
-109.883 -116.691 44.847 57.6812 52.1454 69.0826
-109.594 -116.43 45.1913 57.7393 52.2388 68.6327
-109.305 -116.169 45.5333 57.7957 52.3305 68.1842
-109.016 -115.907 45.8732 57.8506 52.4206 67.7372
-108.727 -115.645 46.2107 57.904 52.5091 67.2915
-108.437 -115.382 46.5461 57.9559 52.596 66.8471
-108.147 -115.119 46.8792 58.0063 52.6813 66.4042
-107.857 -114.855 47.2101 58.0552 52.7651 65.9626
-107.567 -114.591 47.5388 58.1026 52.8473 65.5224
-107.276 -114.327 47.8653 58.1485 52.928 65.0836
-106.985 -114.062 48.1897 58.1931 53.0072 64.6462
-106.694 -113.796 48.5118 58.2362 53.0848 64.2101
-106.403 -113.531 48.8318 58.2779 53.161 63.7754
-106.111 -113.265 49.1495 58.3182 53.2358 63.3421
-105.82 -112.999 49.4652 58.3571 53.3091 62.9101
-105.528 -112.732 49.7786 58.3947 53.3809 62.4795
-105.236 -112.465 50.09 58.431 53.4513 62.0502
-104.943 -112.197 50.3991 58.4659 53.5204 61.6223
-104.651 -111.93 50.7062 58.4995 53.588 61.1958
-104.358 -111.661 51.0111 58.5318 53.6542 60.7706
-104.066 -111.393 51.3139 58.5629 53.7191 60.3468
-103.773 -111.124 51.6146 58.5926 53.7827 59.9243
-103.48 -110.855 51.9131 58.6211 53.8449 59.5031
-103.187 -110.586 52.2096 58.6484 53.9057 59.0833
-102.893 -110.316 52.504 58.6744 53.9653 58.6649
-102.6 -110.046 52.7962 58.6992 54.0236 58.2477
-102.306 -109.776 53.0864 58.7228 54.0806 57.8319
-102.013 -109.505 53.3746 58.7453 54.1363 57.4175
-101.719 -109.234 53.6606 58.7665 54.1907 57.0044
-101.425 -108.963 53.9446 58.7866 54.244 56.5925
-101.131 -108.692 54.2265 58.8056 54.2959 56.1821
-100.837 -108.42 54.5064 58.8234 54.3467 55.7729
-100.543 -108.149 54.7843 58.8401 54.3963 55.3651
-100.248 -107.876 55.0601 58.8557 54.4446 54.9585
-99.9542 -107.604 55.3339 58.8701 54.4918 54.5533
-99.6598 -107.332 55.6056 58.8835 54.5378 54.1494
-99.3653 -107.059 55.8754 58.8959 54.5826 53.7468
-99.0708 -106.786 56.1431 58.9071 54.6263 53.3455
-98.7763 -106.512 56.4088 58.9173 54.6689 52.9455
-98.4817 -106.239 56.6725 58.9265 54.7103 52.5468
-98.187 -105.965 56.9343 58.9347 54.7507 52.1495
-97.8923 -105.692 57.194 58.9418 54.7899 51.7534
-97.5976 -105.417 57.4518 58.9479 54.828 51.3586
-97.3028 -105.143 57.7076 58.9531 54.8651 50.965
-97.0081 -104.869 57.9615 58.9572 54.901 50.5728
-96.7133 -104.594 58.2133 58.9604 54.9359 50.1819
-96.4184 -104.319 58.4633 58.9627 54.9698 49.7922
-96.1236 -104.045 58.7113 58.964 55.0026 49.4038
-95.8288 -103.769 58.9573 58.9643 55.0344 49.0167
-95.534 -103.494 59.2014 58.9638 55.0652 48.6309
-95.2392 -103.219 59.4436 58.9623 55.095 48.2463
-94.9444 -102.943 59.6839 58.9599 55.1238 47.863
-94.6496 -102.668 59.9223 58.9566 55.1516 47.481
-94.3548 -102.392 60.1587 58.9524 55.1784 47.1003
-94.06 -102.116 60.3933 58.9474 55.2042 46.7208
-93.7653 -101.84 60.6259 58.9415 55.2291 46.3425
-93.4706 -101.563 60.8567 58.9348 55.253 45.9656
-93.176 -101.287 61.0856 58.9272 55.276 45.5899
-92.8814 -101.011 61.3126 58.9188 55.2981 45.2154
-92.5868 -100.734 61.5377 58.9095 55.3192 44.8422
-92.2923 -100.458 61.761 58.8995 55.3395 44.4703
-91.9978 -100.181 61.9824 58.8886 55.3588 44.0996
-91.7034 -99.9039 62.202 58.877 55.3772 43.7302
-91.409 -99.627 62.4197 58.8646 55.3948 43.362
-91.1147 -99.35 62.6356 58.8514 55.4114 42.9951
-90.8205 -99.0729 62.8497 58.8374 55.4272 42.6294
-90.5264 -98.7957 63.0619 58.8227 55.4422 42.265
-90.2323 -98.5185 63.2723 58.8073 55.4563 41.9019
-89.9383 -98.2412 63.4809 58.7911 55.4695 41.5399
-89.6444 -97.9638 63.6877 58.7742 55.4819 41.1793
-89.3505 -97.6863 63.8927 58.7566 55.4935 40.8199
-89.0568 -97.4088 64.0959 58.7383 55.5043 40.4617
-88.7632 -97.1313 64.2973 58.7193 55.5142 40.1048
-88.4696 -96.8537 64.497 58.6996 55.5234 39.7491
-88.1762 -96.5761 64.6948 58.6792 55.5317 39.3947
-87.8828 -96.2984 64.8909 58.6581 55.5393 39.0416
-87.5896 -96.0207 65.0852 58.6365 55.5461 38.6897
-87.2965 -95.7429 65.2778 58.6141 55.5521 38.3391
-87.0034 -95.4651 65.4686 58.5911 55.5574 37.9897
-86.7105 -95.1873 65.6577 58.5675 55.5619 37.6416
-86.4178 -94.9095 65.845 58.5433 55.5657 37.2947
-86.1251 -94.6317 66.0307 58.5184 55.5687 36.9492
-85.8326 -94.3538 66.2145 58.493 55.5709 36.6049
-85.5402 -94.076 66.3967 58.467 55.5725 36.2619
-85.2479 -93.7981 66.5772 58.4403 55.5733 35.9202
-84.9558 -93.5202 66.7559 58.4132 55.5734 35.5797
