75 50 50 0 0 -49
74.9998 49.9999 49.7549 -0.0835653 -0.0336725 -49.0333
74.9992 49.9997 49.5097 -0.167286 -0.0673677 -49.0665
74.9981 49.9992 49.2642 -0.251163 -0.101086 -49.0998
74.9967 49.9987 49.0187 -0.335198 -0.134826 -49.133
74.9948 49.9979 48.7729 -0.419391 -0.16859 -49.1663
74.9925 49.997 48.527 -0.503742 -0.202376 -49.1995
74.9897 49.9959 48.2809 -0.588255 -0.236185 -49.2327
74.9866 49.9946 48.0347 -0.672928 -0.270017 -49.2659
74.983 49.9932 47.7883 -0.757763 -0.303872 -49.2992
74.979 49.9916 47.5417 -0.842762 -0.33775 -49.3324
74.9746 49.9898 47.2949 -0.927924 -0.371651 -49.3655
74.9697 49.9879 47.048 -1.01325 -0.405574 -49.3987
74.9644 49.9857 46.8009 -1.09875 -0.43952 -49.4319
74.9587 49.9835 46.5537 -1.18441 -0.47349 -49.4651
74.9526 49.981 46.3063 -1.27024 -0.507482 -49.4982
74.946 49.9784 46.0587 -1.35623 -0.541497 -49.5314
74.939 49.9756 45.811 -1.4424 -0.575534 -49.5645
74.9316 49.9726 45.5631 -1.52874 -0.609595 -49.5976
74.9237 49.9695 45.315 -1.61526 -0.643678 -49.6308
74.9155 49.9662 45.0668 -1.70194 -0.677785 -49.6639
74.9067 49.9627 44.8184 -1.7888 -0.711914 -49.697
74.8976 49.9591 44.5698 -1.87584 -0.746066 -49.7301
74.888 49.9553 44.3211 -1.96305 -0.78024 -49.7632
74.8779 49.9513 44.0722 -2.05044 -0.814438 -49.7963
74.8675 49.9471 43.8231 -2.13801 -0.848658 -49.8294
74.8566 49.9428 43.5739 -2.22576 -0.8829 -49.8624
74.8452 49.9383 43.3245 -2.31369 -0.917166 -49.8955
74.8334 49.9336 43.0749 -2.40181 -0.951454 -49.9286
74.8212 49.9288 42.8252 -2.4901 -0.985764 -49.9616
74.8085 49.9238 42.5753 -2.57859 -1.0201 -49.9946
74.7954 49.9186 42.3252 -2.66725 -1.05445 -50.0277
74.7818 49.9132 42.075 -2.75611 -1.08883 -50.0607
74.7678 49.9077 41.8246 -2.84515 -1.12323 -50.0937
74.7534 49.902 41.5741 -2.93439 -1.15765 -50.1267
74.7385 49.8961 41.3234 -3.02381 -1.1921 -50.1597
74.7232 49.8901 41.0725 -3.11343 -1.22656 -50.1927
74.7074 49.8838 40.8214 -3.20324 -1.26105 -50.2257
74.6911 49.8774 40.5702 -3.29324 -1.29557 -50.2587
74.6744 49.8709 40.3188 -3.38344 -1.3301 -50.2917
74.6573 49.8641 40.0673 -3.47384 -1.36465 -50.3247
74.6397 49.8572 39.8156 -3.56444 -1.39923 -50.3576
74.6216 49.8502 39.5637 -3.65523 -1.43383 -50.3906
74.6031 49.8429 39.3117 -3.74623 -1.46845 -50.4235
74.5842 49.8355 39.0595 -3.83743 -1.50309 -50.4565
74.5648 49.8279 38.8071 -3.92884 -1.53775 -50.4894
74.5449 49.8201 38.5546 -4.02045 -1.57244 -50.5223
74.5246 49.8121 38.3019 -4.11227 -1.60714 -50.5552
74.5038 49.804 38.049 -4.20429 -1.64187 -50.5882
74.4825 49.7957 37.796 -4.29653 -1.67662 -50.6211
74.4608 49.7873 37.5428 -4.38897 -1.71139 -50.654
74.4386 49.7786 37.2895 -4.48163 -1.74618 -50.6869
74.416 49.7698 37.036 -4.57451 -1.78099 -50.7198
74.3929 49.7608 36.7823 -4.66759 -1.81582 -50.7526
74.3693 49.7516 36.5284 -4.7609 -1.85067 -50.7855
74.3453 49.7423 36.2744 -4.85442 -1.88554 -50.8184
74.3208 49.7328 36.0202 -4.94817 -1.92043 -50.8512
74.2958 49.7231 35.7659 -5.04214 -1.95534 -50.8841
74.2703 49.7132 35.5114 -5.13633 -1.99027 -50.917
74.2444 49.7032 35.2567 -5.23074 -2.02522 -50.9498
74.218 49.693 35.0019 -5.32538 -2.06019 -50.9826
74.1912 49.6826 34.7469 -5.42025 -2.09518 -51.0155
74.1638 49.672 34.4918 -5.51535 -2.13019 -51.0483
74.136 49.6613 34.2364 -5.61068 -2.16521 -51.0811
74.1077 49.6504 33.9809 -5.70624 -2.20026 -51.1139
74.079 49.6393 33.7253 -5.80204 -2.23532 -51.1468
74.0497 49.628 33.4695 -5.89808 -2.2704 -51.1796
74.02 49.6166 33.2135 -5.99435 -2.3055 -51.2124
73.9898 49.605 32.9573 -6.09087 -2.34062 -51.2452
73.9591 49.5932 32.701 -6.18762 -2.37576 -51.2779
73.9279 49.5812 32.4446 -6.28462 -2.41091 -51.3107
73.8962 49.5691 32.1879 -6.38187 -2.44608 -51.3435
73.8641 49.5567 31.9311 -6.47936 -2.48127 -51.3763
73.8314 49.5442 31.6742 -6.5771 -2.51647 -51.409
73.7983 49.5316 31.417 -6.67509 -2.55169 -51.4418
73.7647 49.5187 31.1597 -6.77334 -2.58692 -51.4746
73.7306 49.5057 30.9023 -6.87184 -2.62217 -51.5073
73.696 49.4925 30.6447 -6.9706 -2.65744 -51.5401
73.6609 49.4791 30.3869 -7.06961 -2.69272 -51.5728
73.6253 49.4656 30.1289 -7.16889 -2.72802 -51.6056
73.5892 49.4519 29.8708 -7.26843 -2.76333 -51.6383
73.5526 49.4379 29.6126 -7.36824 -2.79866 -51.671
73.5155 49.4239 29.3541 -7.46831 -2.834 -51.7038
73.4779 49.4096 29.0955 -7.56865 -2.86935 -51.7365
73.4398 49.3952 28.8368 -7.66927 -2.90472 -51.7692
73.4012 49.3806 28.5778 -7.77016 -2.94009 -51.8019
73.3621 49.3658 28.3187 -7.87132 -2.97549 -51.8346
73.3225 49.3508 28.0595 -7.97276 -3.01089 -51.8673
73.2824 49.3357 27.8001 -8.07448 -3.0463 -51.9
73.2417 49.3203 27.5405 -8.17649 -3.08173 -51.9327
73.2006 49.3048 27.2807 -8.27878 -3.11717 -51.9654
73.159 49.2892 27.0208 -8.38135 -3.15262 -51.9981
73.1168 49.2733 26.7607 -8.48422 -3.18807 -52.0308
73.0741 49.2573 26.5005 -8.58738 -3.22354 -52.0635
73.0309 49.2411 26.2401 -8.69083 -3.25902 -52.0962
72.9872 49.2247 25.9795 -8.79458 -3.2945 -52.1289
72.943 49.2081 25.7188 -8.89863 -3.33 -52.1615
72.8982 49.1914 25.4579 -9.00298 -3.3655 -52.1942
72.8529 49.1745 25.1969 -9.10764 -3.40101 -52.2269
72.8071 49.1574 24.9357 -9.2126 -3.43652 -52.2596
72.7608 49.1401 24.6743 -9.31787 -3.47204 -52.2922
72.714 49.1227 24.4127 -9.42346 -3.50757 -52.3249
72.6666 49.105 24.151 -9.52936 -3.5431 -52.3575
72.6187 49.0872 23.8892 -9.63558 -3.57864 -52.3902
72.5702 49.0693 23.6271 -9.74211 -3.61418 -52.4229
72.5212 49.0511 23.3649 -9.84898 -3.64972 -52.4555
72.4717 49.0328 23.1026 -9.95617 -3.68526 -52.4882
72.4217 49.0142 22.84 -10.0637 -3.72081 -52.5208
72.3711 48.9956 22.5774 -10.1715 -3.75636 -52.5535
72.32 48.9767 22.3145 -10.2797 -3.79191 -52.5861
72.2683 48.9576 22.0515 -10.3882 -3.82746 -52.6188
72.2161 48.9384 21.7883 -10.4971 -3.86301 -52.6515
72.1633 48.919 21.525 -10.6063 -3.89855 -52.6841
72.11 48.8994 21.2615 -10.7159 -3.9341 -52.7168
72.0562 48.8797 20.9978 -10.8258 -3.96964 -52.7494
72.0018 48.8597 20.734 -10.9361 -4.00518 -52.7821
71.9468 48.8396 20.47 -11.0467 -4.04071 -52.8147
71.8913 48.8193 20.2058 -11.1577 -4.07624 -52.8474
71.8352 48.7988 19.9415 -11.269 -4.11176 -52.88
71.7786 48.7782 19.677 -11.3807 -4.14727 -52.9127
71.7214 48.7574 19.4124 -11.4928 -4.18278 -52.9453
71.6637 48.7364 19.1476 -11.6053 -4.21827 -52.978
71.6054 48.7152 18.8826 -11.7181 -4.25376 -53.0106
71.5465 48.6938 18.6175 -11.8313 -4.28924 -53.0433
71.4871 48.6723 18.3522 -11.945 -4.3247 -53.076
71.427 48.6506 18.0867 -12.059 -4.36015 -53.1086
71.3665 48.6287 17.8211 -12.1734 -4.39559 -53.1413
71.3053 48.6066 17.5553 -12.2881 -4.43101 -53.1739
71.2436 48.5844 17.2893 -12.4033 -4.46641 -53.2066
71.1813 48.562 17.0232 -12.5189 -4.5018 -53.2393
71.1184 48.5394 16.7569 -12.6349 -4.53717 -53.272
71.0549 48.5166 16.4905 -12.7514 -4.57252 -53.3046
70.9909 48.4936 16.2239 -12.8682 -4.60785 -53.3373
70.9263 48.4705 15.9571 -12.9855 -4.64316 -53.37
70.861 48.4472 15.6902 -13.1032 -4.67844 -53.4027
70.7952 48.4237 15.4231 -13.2213 -4.7137 -53.4354
70.7288 48.4001 15.1558 -13.3399 -4.74893 -53.4681
70.6618 48.3762 14.8884 -13.4589 -4.78414 -53.5008
70.5942 48.3522 14.6208 -13.5783 -4.81932 -53.5335
70.526 48.3281 14.3531 -13.6982 -4.85446 -53.5663
70.4572 48.3037 14.0852 -13.8186 -4.88958 -53.599
70.3879 48.2792 13.8171 -13.9394 -4.92466 -53.6317
70.3179 48.2544 13.5488 -14.0607 -4.9597 -53.6645
70.2472 48.2296 13.2804 -14.1824 -4.99471 -53.6972
70.176 48.2045 13.0119 -14.3047 -5.02968 -53.73
70.1042 48.1793 12.7431 -14.4274 -5.06461 -53.7627
70.0318 48.1539 12.4742 -14.5506 -5.0995 -53.7955
69.9587 48.1283 12.2052 -14.6743 -5.13435 -53.8283
69.885 48.1025 11.9359 -14.7985 -5.16915 -53.8611
69.8107 48.0766 11.6666 -14.9232 -5.2039 -53.8939
69.7358 48.0505 11.397 -15.0484 -5.23861 -53.9267
69.6602 48.0242 11.1273 -15.1741 -5.27326 -53.9595
69.584 47.9977 10.8574 -15.3003 -5.30786 -53.9923
69.5072 47.9711 10.5874 -15.4271 -5.3424 -54.0252
69.4298 47.9443 10.3172 -15.5544 -5.37689 -54.0581
69.3517 47.9173 10.0468 -15.6823 -5.41131 -54.0909
69.2729 47.8902 9.77624 -15.8107 -5.44568 -54.1238
69.1936 47.8629 9.50554 -15.9396 -5.47998 -54.1567
69.1136 47.8354 9.23467 -16.0691 -5.51421 -54.1896
69.0329 47.8077 8.96364 -16.1992 -5.54837 -54.2225
68.9516 47.7799 8.69244 -16.3299 -5.58246 -54.2555
68.8696 47.7519 8.42108 -16.4611 -5.61648 -54.2884
68.7869 47.7237 8.14956 -16.5929 -5.65042 -54.3214
68.7037 47.6954 7.87787 -16.7254 -5.68428 -54.3544
68.6197 47.6669 7.60601 -16.8584 -5.71805 -54.3874
68.5351 47.6382 7.33399 -16.9921 -5.75174 -54.4205
68.4498 47.6094 7.0618 -17.1263 -5.78534 -54.4535
68.3638 47.5804 6.78945 -17.2612 -5.81885 -54.4866
68.2772 47.5512 6.51693 -17.3968 -5.85226 -54.5197
68.1898 47.5219 6.24425 -17.533 -5.88557 -54.5528
68.1018 47.4923 5.9714 -17.6698 -5.91878 -54.5859
68.0131 47.4627 5.69839 -17.8073 -5.95189 -54.6191
67.9238 47.4328 5.42521 -17.9455 -5.98488 -54.6522
67.8337 47.4028 5.15186 -18.0843 -6.01777 -54.6854
67.7429 47.3726 4.87835 -18.2239 -6.05053 -54.7187
67.6515 47.3423 4.60467 -18.3642 -6.08318 -54.7519
67.5593 47.3118 4.33083 -18.5051 -6.1157 -54.7852
67.4664 47.2812 4.05682 -18.6468 -6.14809 -54.8185
67.3728 47.2503 3.78264 -18.7893 -6.18034 -54.8519
67.2785 47.2193 3.5083 -18.9324 -6.21246 -54.8852
67.1835 47.1882 3.23379 -19.0764 -6.24444 -54.9186
67.0877 47.1569 2.95911 -19.2211 -6.27626 -54.9521
66.9913 47.1254 2.68426 -19.3666 -6.30794 -54.9856
66.8941 47.0938 2.40925 -19.5128 -6.33946 -55.0191
66.7961 47.062 2.13407 -19.6599 -6.37081 -55.0526
66.6975 47.0301 1.85872 -19.8078 -6.402 -55.0862
66.5981 46.998 1.5832 -19.9565 -6.43301 -55.1198
66.4979 46.9658 1.30752 -20.106 -6.46385 -55.1535
66.397 46.9334 1.03166 -20.2565 -6.4945 -55.1872
66.2954 46.9008 0.75564 -20.4077 -6.52496 -55.2209
66.1929 46.8681 0.47945 -20.5599 -6.55522 -55.2547
66.0898 46.8353 0.20309 -20.7129 -6.58527 -55.2885
65.9858 46.8023 -0.0734398 -20.8669 -6.61512 -55.3224
65.8811 46.7691 -0.350139 -21.0218 -6.64474 -55.3563
65.7756 46.7358 -0.627007 -21.1776 -6.67414 -55.3903
65.6693 46.7024 -0.904046 -21.3344 -6.70331 -55.4244
65.5622 46.6688 -1.18126 -21.4922 -6.73224 -55.4584
65.4544 46.6351 -1.45863 -21.6509 -6.76092 -55.4926
65.3457 46.6012 -1.73619 -21.8107 -6.78935 -55.5268
65.2363 46.5672 -2.01391 -21.9715 -6.8175 -55.5611
65.126 46.533 -2.2918 -22.1333 -6.84539 -55.5954
65.015 46.4987 -2.56987 -22.2962 -6.87299 -55.6298
64.9031 46.4643 -2.8481 -22.4602 -6.9003 -55.6642
64.7904 46.4297 -3.12651 -22.6252 -6.9273 -55.6988
64.6768 46.395 -3.4051 -22.7914 -6.954 -55.7334
64.5624 46.3602 -3.68385 -22.9588 -6.98037 -55.768
64.4472 46.3252 -3.96278 -23.1273 -7.0064 -55.8028
64.3312 46.2901 -4.24188 -23.297 -7.03209 -55.8376
64.2143 46.2549 -4.52116 -23.4679 -7.05743 -55.8725
64.0965 46.2195 -4.80061 -23.6401 -7.08239 -55.9075
63.9779 46.1841 -5.08024 -23.8135 -7.10697 -55.9426
63.8584 46.1485 -5.36005 -23.9881 -7.13116 -55.9778
63.738 46.1128 -5.64002 -24.1641 -7.15493 -56.013
63.6167 46.0769 -5.92018 -24.3415 -7.17829 -56.0484
63.4946 46.041 -6.20051 -24.5202 -7.2012 -56.0839
63.3715 46.0049 -6.48103 -24.7003 -7.22367 -56.1194
63.2476 45.9687 -6.76171 -24.8818 -7.24566 -56.1551
63.1227 45.9324 -7.04258 -25.0648 -7.26716 -56.1909
62.9969 45.8961 -7.32363 -25.2492 -7.28817 -56.2268
62.8702 45.8596 -7.60486 -25.4352 -7.30865 -56.2629
62.7426 45.823 -7.88627 -25.6227 -7.32859 -56.299
62.614 45.7863 -8.16785 -25.8118 -7.34797 -56.3353
62.4845 45.7495 -8.44963 -26.0025 -7.36677 -56.3718
62.354 45.7126 -8.73158 -26.1949 -7.38497 -56.4083
62.2225 45.6756 -9.01372 -26.389 -7.40254 -56.4451
62.0901 45.6386 -9.29604 -26.5848 -7.41947 -56.4819
61.9567 45.6014 -9.57854 -26.7824 -7.43573 -56.519
61.8223 45.5642 -9.86123 -26.9818 -7.45128 -56.5562
61.6868 45.5269 -10.1441 -27.1831 -7.46612 -56.5936
61.5504 45.4896 -10.4272 -27.3863 -7.48021 -56.6311
61.413 45.4521 -10.7104 -27.5915 -7.49351 -56.6688
61.2745 45.4146 -10.9939 -27.7987 -7.50601 -56.7068
61.135 45.3771 -11.2775 -28.0079 -7.51766 -56.7449
60.9944 45.3394 -11.5613 -28.2193 -7.52844 -56.7833
60.8528 45.3018 -11.8453 -28.4328 -7.5383 -56.8218
60.7101 45.2641 -12.1296 -28.6485 -7.54722 -56.8606
60.5663 45.2263 -12.414 -28.8666 -7.55516 -56.8996
60.4214 45.1885 -12.6986 -29.087 -7.56207 -56.9389
60.2755 45.1507 -12.9834 -29.3098 -7.56791 -56.9785
60.1283 45.1128 -13.2684 -29.5351 -7.57263 -57.0183
59.9801 45.0749 -13.5536 -29.763 -7.5762 -57.0584
59.8307 45.0371 -13.8389 -29.9935 -7.57856 -57.0987
59.6802 44.9992 -14.1245 -30.2267 -7.57966 -57.1394
59.5285 44.9613 -14.4104 -30.4628 -7.57944 -57.1805
59.3756 44.9234 -14.6964 -30.7017 -7.57784 -57.2218
59.2214 44.8855 -14.9826 -30.9435 -7.57481 -57.2635
59.0661 44.8476 -15.269 -31.1885 -7.57028 -57.3056
58.9096 44.8098 -15.5557 -31.4366 -7.56418 -57.3481
58.7518 44.772 -15.8425 -31.6879 -7.55644 -57.3909
58.5927 44.7342 -16.1296 -31.9427 -7.54698 -57.4342
58.4323 44.6965 -16.4169 -32.2009 -7.53572 -57.478
58.2707 44.6588 -16.7044 -32.4627 -7.52257 -57.5222
58.1077 44.6213 -16.9921 -32.7283 -7.50745 -57.5669
57.9434 44.5838 -17.28 -32.9977 -7.49025 -57.6122
57.7777 44.5463 -17.5682 -33.2712 -7.47087 -57.658
57.6107 44.509 -17.8566 -33.5488 -7.4492 -57.7043
57.4423 44.4719 -18.1453 -33.8306 -7.42513 -57.7513
57.2724 44.4348 -18.4342 -34.117 -7.39852 -57.7989
57.1011 44.3979 -18.7233 -34.408 -7.36924 -57.8472
56.9283 44.3611 -19.0127 -34.7038 -7.33715 -57.8962
56.7541 44.3245 -19.3023 -35.0046 -7.30209 -57.946
56.5783 44.2881 -19.5921 -35.3107 -7.2639 -57.9965
56.401 44.2518 -19.8823 -35.6222 -7.2224 -58.048
56.2221 44.2158 -20.1726 -35.9393 -7.1774 -58.1003
56.0416 44.1801 -20.4633 -36.2624 -7.1287 -58.1535
55.8594 44.1445 -20.7542 -36.5916 -7.07606 -58.2078
55.6757 44.1093 -21.0454 -36.9273 -7.01926 -58.2632
55.4902 44.0743 -21.3368 -37.2698 -6.95803 -58.3197
55.303 44.0397 -21.6286 -37.6193 -6.89209 -58.3775
55.114 44.0054 -21.9206 -37.9762 -6.82114 -58.4365
54.9232 43.9715 -22.213 -38.3409 -6.74484 -58.497
54.7306 43.9379 -22.5056 -38.7138 -6.66284 -58.559
54.5361 43.9048 -22.7986 -39.0953 -6.57473 -58.6226
54.3397 43.8722 -23.0919 -39.4858 -6.4801 -58.6879
54.1412 43.84 -23.3855 -39.8858 -6.37845 -58.7551
53.9408 43.8084 -23.6795 -40.2959 -6.26928 -58.8242
53.7383 43.7773 -23.9738 -40.7166 -6.15201 -58.8956
53.5337 43.7468 -24.2685 -41.1485 -6.02602 -58.9693
53.3268 43.717 -24.5635 -41.5924 -5.89059 -59.0455
53.1177 43.6879 -24.859 -42.0489 -5.74496 -59.1245
52.9063 43.6596 -25.1548 -42.5189 -5.58826 -59.2065
52.6926 43.632 -25.4511 -43.0031 -5.41952 -59.2918
52.4763 43.6053 -25.7478 -43.5027 -5.23766 -59.3806
52.2576 43.5796 -26.0449 -44.0185 -5.04147 -59.4734
52.0362 43.5549 -26.3426 -44.5519 -4.82958 -59.5705
51.8121 43.5313 -26.6407 -45.1039 -4.60043 -59.6724
51.5851 43.5089 -26.9393 -45.6762 -4.35224 -59.7795
51.3553 43.4877 -27.2385 -46.2701 -4.08301 -59.8925
51.1225 43.468 -27.5383 -46.8875 -3.7904 -60.012
50.8865 43.4498 -27.8387 -47.5303 -3.47174 -60.1388
50.6472 43.4332 -28.1398 -48.2007 -3.12391 -60.2739
50.4045 43.4185 -28.4416 -48.9011 -2.74329 -60.4182
50.1582 43.4057 -28.7441 -49.6342 -2.32561 -60.573
49.9082 43.3952 -29.0474 -50.4033 -1.8658 -60.7398
49.6542 43.387 -29.3516 -51.2118 -1.35784 -60.9205
49.3961 43.3815 -29.6567 -52.0638 -0.794488 -61.1171
49.1336 43.379 -29.9629 -52.9638 -0.166926 -61.3322
48.8665 43.3797 -30.2702 -53.9172 0.53564 -61.5692
48.5945 43.3842 -30.5788 -54.93 1.3266 -61.8319
48.3173 43.3929 -30.8888 -56.0092 2.22277 -62.1255
48.0345 43.4063 -31.2003 -57.1625 3.24557 -62.4564
47.7457 43.4251 -31.5136 -58.3991 4.4227 -62.8331
47.4505 43.4503 -31.8289 -59.7288 5.7906 -63.2665
47.1485 43.4827 -32.1466 -61.1623 7.39823 -63.7717
46.839 43.5239 -32.4671 -62.71 9.31279 -64.3693
46.5215 43.5754 -32.7909 -64.3798 11.629 -65.0882
46.1953 43.6396 -33.1187 -66.1718 14.4841 -65.9708
45.8598 43.7195 -33.4516 -68.0651 18.0836 -67.0804
45.5146 43.8194 -33.7908 -69.9861 22.7458 -68.5151
45.1598 43.9455 -34.1386 -71.7271 28.9776 -70.4311
44.7969 44.1071 -34.4979 -72.7253 37.5888 -73.0774
44.4315 44.3184 -34.8739 -71.4622 49.7404 -76.8131
44.0798 44.6005 -35.2744 -64.1306 66.107 -81.8907
43.7859 44.9753 -35.7095 -44.7646 82.5707 -87.4419
43.6323 45.4236 -36.1789 -14.8746 87.9564 -91.2036
43.6469 45.8459 -36.6524 12.0861 77.5949 -90.9537
43.758 46.1876 -37.106 26.0607 61.9096 -87.6547
43.9079 46.4576 -37.5379 31.3472 49.0404 -84.1559
44.0708 46.6741 -37.9526 32.8598 39.5839 -81.2947
44.2358 46.8513 -38.354 32.8185 32.5862 -79.0534
44.3983 46.9987 -38.7452 32.1276 27.2502 -77.2852
44.5566 47.123 -39.1284 31.1698 23.0538 -75.8642
44.7097 47.2288 -39.505 30.1161 19.663 -74.7
44.8575 47.3193 -39.8762 29.0459 16.8597 -73.7288
44.9999 47.3971 -40.2429 27.9962 14.4971 -72.9061
45.1373 47.4641 -40.6058 26.9839 12.4734 -72.1997
45.2696 47.5217 -40.9654 26.0159 10.716 -71.586
45.3973 47.5711 -41.3221 25.0938 9.17154 -71.0475
45.5205 47.6133 -41.6762 24.2167 7.80038 -70.5707
45.6394 47.6491 -42.0281 23.3826 6.57213 -70.1455
45.7543 47.679 -42.3779 22.5888 5.46323 -69.7635
45.8652 47.7037 -42.7259 21.8324 4.45509 -69.4184
45.9725 47.7235 -43.0723 21.1108 3.53287 -69.1048
46.0763 47.7389 -43.4171 20.4212 2.68453 -68.8186
46.1767 47.7503 -43.7606 19.7613 1.90026 -68.5562
46.2739 47.7579 -44.1028 19.1286 1.17191 -68.3147
46.368 47.762 -44.4439 18.5212 0.492714 -68.0917
46.4591 47.7628 -44.7839 17.9372 -0.143044 -67.885
46.5473 47.7606 -45.1228 17.3749 -0.740194 -67.6928
46.6328 47.7554 -45.4609 16.8326 -1.30286 -67.5137
46.7157 47.7475 -45.7981 16.309 -1.83459 -67.3464
46.7959 47.7371 -46.1344 15.8028 -2.33845 -67.1897
46.8737 47.7241 -46.47 15.3128 -2.81709 -67.0425
46.949 47.7089 -46.8049 14.838 -3.27284 -66.9042
47.022 47.6914 -47.1391 14.3773 -3.70774 -66.7738
47.0928 47.6718 -47.4727 13.9299 -4.12358 -66.6507
47.1613 47.6502 -47.8057 13.4949 -4.52197 -66.5343
47.2277 47.6266 -48.1381 13.0717 -4.9043 -66.4241
47.2921 47.6011 -48.47 12.6595 -5.27185 -66.3195
47.3543 47.5739 -48.8014 12.2577 -5.62574 -66.2202
47.4146 47.5449 -49.1323 11.8657 -5.96698 -66.1258
47.473 47.5142 -49.4627 11.483 -6.29649 -66.0359
47.5295 47.4819 -49.7927 11.1091 -6.61509 -65.9502
47.5841 47.448 -50.1222 10.7435 -6.92352 -65.8684
47.6369 47.4127 -50.4514 10.3858 -7.22247 -65.7902
47.6879 47.3758 -50.7802 10.0355 -7.51255 -65.7154
47.7372 47.3375 -51.1086 9.69241 -7.79432 -65.6438
47.7849 47.2979 -51.4366 9.35608 -8.0683 -65.5753
47.8308 47.2568 -51.7644 9.02621 -8.33496 -65.5095
47.8751 47.2145 -52.0918 8.70249 -8.59473 -65.4463
47.9178 47.1709 -52.4188 8.38465 -8.84801 -65.3856
47.959 47.126 -52.7456 8.07243 -9.09517 -65.3273
47.9986 47.0799 -53.0721 7.76557 -9.33654 -65.2711
48.0366 47.0327 -53.3984 7.46385 -9.57245 -65.2171
48.0732 46.9842 -53.7243 7.16705 -9.80317 -65.165
48.1083 46.9346 -54.05 6.87497 -10.029 -65.1147
48.1419 46.8839 -54.3755 6.58741 -10.2501 -65.0662
48.1742 46.8321 -54.7007 6.30419 -10.4669 -65.0193
48.205 46.7793 -55.0257 6.02514 -10.6794 -64.9741
48.2344 46.7253 -55.3505 5.75009 -10.8879 -64.9303
48.2625 46.6704 -55.675 5.4789 -11.0926 -64.8879
48.2892 46.6144 -55.9994 5.21143 -11.2937 -64.8469
48.3146 46.5574 -56.3235 4.94752 -11.4912 -64.8071
48.3387 46.4995 -56.6475 4.68706 -11.6855 -64.7686
48.3615 46.4406 -56.9712 4.42992 -11.8766 -64.7312
48.383 46.3807 -57.2948 4.17598 -12.0647 -64.6949
48.4032 46.3199 -57.6182 3.92513 -12.2498 -64.6596
48.4222 46.2582 -57.9414 3.67727 -12.4322 -64.6254
48.44 46.1956 -58.2645 3.4323 -12.6119 -64.5921
48.4566 46.1321 -58.5874 3.19011 -12.789 -64.5597
48.4719 46.0677 -58.9101 2.95063 -12.9636 -64.5282
48.4861 46.0025 -59.2327 2.71375 -13.1359 -64.4974
48.4991 45.9364 -59.5551 2.47941 -13.306 -64.4675
48.5109 45.8694 -59.8773 2.24751 -13.4738 -64.4383
48.5215 45.8016 -60.1995 2.01798 -13.6395 -64.4099
48.5311 45.733 -60.5215 1.79076 -13.8032 -64.3821
48.5394 45.6636 -60.8433 1.56577 -13.965 -64.3549
48.5467 45.5934 -61.165 1.34294 -14.1249 -64.3284
48.5529 45.5224 -61.4866 1.12222 -14.2829 -64.3024
48.5579 45.4505 -61.8081 0.903534 -14.4392 -64.2771
48.5619 45.378 -62.1294 0.686834 -14.5938 -64.2522
48.5648 45.3046 -62.4506 0.47206 -14.7467 -64.2279
48.5666 45.2305 -62.7717 0.25916 -14.8981 -64.204
48.5674 45.1556 -63.0926 0.0480819 -15.0479 -64.1806
48.5671 45.08 -63.4135 -0.161224 -15.1962 -64.1577
48.5658 45.0037 -63.7342 -0.368806 -15.3431 -64.1352
48.5634 44.9266 -64.0548 -0.574709 -15.4887 -64.113
48.56 44.8488 -64.3754 -0.778977 -15.6328 -64.0913
48.5556 44.7703 -64.6958 -0.981653 -15.7757 -64.0699
48.5502 44.691 -65.0161 -1.18278 -15.9173 -64.0488
48.5438 44.6111 -65.3363 -1.38239 -16.0576 -64.0281
48.5364 44.5304 -65.6564 -1.58053 -16.1968 -64.0077
48.528 44.4491 -65.9764 -1.77723 -16.3348 -63.9875
48.5186 44.3671 -66.2962 -1.97253 -16.4716 -63.9677
48.5083 44.2844 -66.616 -2.16646 -16.6074 -63.9481
48.497 44.201 -66.9357 -2.35905 -16.7421 -63.9287
48.4847 44.117 -67.2553 -2.55034 -16.8758 -63.9096
48.4715 44.0323 -67.5748 -2.74036 -17.0085 -63.8906
48.4573 43.9469 -67.8942 -2.92914 -17.1402 -63.8719
48.4422 43.8609 -68.2136 -3.1167 -17.2709 -63.8534
48.4261 43.7742 -68.5328 -3.30308 -17.4007 -63.835
48.4092 43.6869 -68.8519 -3.4883 -17.5296 -63.8168
48.3913 43.5989 -69.171 -3.67239 -17.6576 -63.7987
48.3724 43.5103 -69.4899 -3.85537 -17.7848 -63.7807
48.3527 43.421 -69.8088 -4.03727 -17.9111 -63.7629
48.3321 43.3312 -70.1276 -4.21811 -18.0367 -63.7452
48.3105 43.2407 -70.4462 -4.39792 -18.1614 -63.7276
48.2881 43.1496 -70.7648 -4.57671 -18.2853 -63.71
48.2648 43.0578 -71.0833 -4.75452 -18.4085 -63.6926
48.2405 42.9655 -71.4018 -4.93136 -18.531 -63.6752
48.2154 42.8725 -71.7201 -5.10725 -18.6527 -63.6578
48.1895 42.7789 -72.0383 -5.28222 -18.7738 -63.6405
48.1626 42.6848 -72.3565 -5.45628 -18.8942 -63.6232
48.1349 42.59 -72.6746 -5.62946 -19.0139 -63.606
48.1063 42.4946 -72.9926 -5.80176 -19.1329 -63.5887
48.0769 42.3987 -73.3105 -5.97322 -19.2513 -63.5715
48.0466 42.3021 -73.6283 -6.14385 -19.3691 -63.5542
48.0155 42.205 -73.946 -6.31367 -19.4863 -63.5369
47.9835 42.1073 -74.2637 -6.48269 -19.603 -63.5196
47.9506 42.009 -74.5812 -6.65093 -19.719 -63.5023
47.917 41.9101 -74.8987 -6.81841 -19.8345 -63.4849
47.8825 41.8106 -75.2161 -6.98515 -19.9494 -63.4675
47.8471 41.7106 -75.5334 -7.15116 -20.0638 -63.45
47.8109 41.61 -75.8506 -7.31646 -20.1777 -63.4324
47.774 41.5088 -76.1677 -7.48106 -20.2911 -63.4147
47.7361 41.4071 -76.4847 -7.64498 -20.404 -63.397
47.6975 41.3048 -76.8017 -7.80823 -20.5165 -63.3792
47.6581 41.2019 -77.1185 -7.97083 -20.6284 -63.3613
47.6178 41.0985 -77.4353 -8.13279 -20.7399 -63.3432
47.5767 40.9945 -77.752 -8.29413 -20.851 -63.3251
47.5349 40.89 -78.0686 -8.45486 -20.9617 -63.3068
47.4922 40.7849 -78.385 -8.615 -21.0719 -63.2884
47.4487 40.6792 -78.7014 -8.77455 -21.1817 -63.2698
47.4044 40.5731 -79.0177 -8.93354 -21.2912 -63.2512
47.3594 40.4663 -79.334 -9.09197 -21.4002 -63.2323
47.3135 40.3591 -79.6501 -9.24986 -21.5089 -63.2134
47.2669 40.2512 -79.9661 -9.40722 -21.6173 -63.1942
47.2195 40.1429 -80.282 -9.56406 -21.7253 -63.1749
47.1712 40.034 -80.5979 -9.7204 -21.8329 -63.1555
47.1223 39.9246 -80.9136 -9.87625 -21.9402 -63.1358
47.0725 39.8146 -81.2292 -10.0316 -22.0473 -63.116
47.0219 39.7041 -81.5447 -10.1865 -22.154 -63.096
46.9706 39.5931 -81.8602 -10.341 -22.2604 -63.0758
46.9185 39.4815 -82.1755 -10.495 -22.3665 -63.0554
46.8657 39.3694 -82.4907 -10.6485 -22.4724 -63.0349
46.812 39.2568 -82.8059 -10.8017 -22.578 -63.0141
46.7577 39.1436 -83.1209 -10.9544 -22.6834 -62.9931
46.7025 39.0299 -83.4358 -11.1067 -22.7885 -62.972
46.6466 38.9157 -83.7506 -11.2587 -22.8934 -62.9506
46.5899 38.801 -84.0653 -11.4102 -22.998 -62.929
46.5325 38.6857 -84.3799 -11.5614 -23.1025 -62.9073
46.4743 38.57 -84.6944 -11.7122 -23.2067 -62.8853
46.4154 38.4537 -85.0088 -11.8627 -23.3107 -62.8631
46.3557 38.3369 -85.323 -12.0128 -23.4146 -62.8406
46.2952 38.2195 -85.6372 -12.1626 -23.5182 -62.818
46.2341 38.1017 -85.9512 -12.3121 -23.6217 -62.7952
46.1721 37.9833 -86.2651 -12.4613 -23.7251 -62.7721
46.1094 37.8644 -86.5789 -12.6101 -23.8282 -62.7488
46.046 37.745 -86.8926 -12.7587 -23.9312 -62.7253
45.9819 37.6251 -87.2062 -12.907 -24.0341 -62.7016
45.917 37.5047 -87.5196 -13.0549 -24.1369 -62.6776
45.8513 37.3837 -87.833 -13.2026 -24.2395 -62.6535
45.7849 37.2623 -88.1462 -13.3501 -24.342 -62.6291
45.7178 37.1403 -88.4592 -13.4973 -24.4444 -62.6045
45.65 37.0179 -88.7722 -13.6442 -24.5466 -62.5796
45.5814 36.8949 -89.085 -13.7909 -24.6488 -62.5546
45.5121 36.7714 -89.3978 -13.9373 -24.7509 -62.5293
45.442 36.6474 -89.7103 -14.0835 -24.8529 -62.5038
45.3712 36.5228 -90.0228 -14.2295 -24.9548 -62.4781
45.2997 36.3978 -90.3351 -14.3753 -25.0566 -62.4522
45.2275 36.2723 -90.6473 -14.5209 -25.1584 -62.426
45.1545 36.1462 -90.9594 -14.6662 -25.26 -62.3997
45.0808 36.0197 -91.2713 -14.8113 -25.3617 -62.3731
45.0064 35.8926 -91.5831 -14.9563 -25.4632 -62.3463
44.9312 35.765 -91.8948 -15.101 -25.5647 -62.3193
44.8554 35.637 -92.2063 -15.2456 -25.6662 -62.2921
44.7788 35.5084 -92.5177 -15.39 -25.7676 -62.2646
44.7015 35.3793 -92.829 -15.5342 -25.8689 -62.237
44.6235 35.2497 -93.1401 -15.6782 -25.9703 -62.2091
44.5447 35.1196 -93.4511 -15.8221 -26.0716 -62.181
44.4652 34.989 -93.7619 -15.9658 -26.1728 -62.1527
44.385 34.8579 -94.0726 -16.1093 -26.274 -62.1243
44.3041 34.7262 -94.3831 -16.2527 -26.3752 -62.0956
44.2225 34.5941 -94.6936 -16.3959 -26.4764 -62.0666
44.1402 34.4615 -95.0038 -16.539 -26.5776 -62.0375
44.0571 34.3283 -95.3139 -16.6819 -26.6787 -62.0082
43.9734 34.1947 -95.6239 -16.8247 -26.7798 -61.9787
43.8889 34.0605 -95.9337 -16.9674 -26.8809 -61.9489
43.8037 33.9259 -96.2434 -17.1099 -26.982 -61.919
43.7178 33.7907 -96.5529 -17.2523 -27.0831 -61.8888
43.6312 33.655 -96.8623 -17.3945 -27.1842 -61.8585
43.5438 33.5189 -97.1715 -17.5366 -27.2853 -61.8279
43.4558 33.3822 -97.4806 -17.6786 -27.3863 -61.7971
43.3671 33.245 -97.7895 -17.8205 -27.4874 -61.7662
43.2776 33.1073 -98.0982 -17.9623 -27.5885 -61.735
43.1874 32.9691 -98.4068 -18.1039 -27.6896 -61.7036
43.0966 32.8304 -98.7153 -18.2454 -27.7906 -61.672
43.005 32.6912 -99.0235 -18.3868 -27.8917 -61.6403
42.9127 32.5515 -99.3317 -18.5281 -27.9928 -61.6083
42.8197 32.4113 -99.6396 -18.6693 -28.0939 -61.5761
42.726 32.2706 -99.9474 -18.8104 -28.195 -61.5437
42.6316 32.1293 -100.255 -18.9514 -28.2961 -61.5111
42.5365 31.9876 -100.563 -19.0923 -28.3972 -61.4783
42.4407 31.8454 -100.87 -19.2331 -28.4983 -61.4453
42.3442 31.7026 -101.177 -19.3737 -28.5995 -61.4121
42.247 31.5594 -101.484 -19.5143 -28.7006 -61.3787
42.149 31.4156 -101.791 -19.6548 -28.8018 -61.3451
42.0504 31.2713 -102.097 -19.7952 -28.903 -61.3113
41.9511 31.1266 -102.404 -19.9355 -29.0042 -61.2772
41.8511 30.9813 -102.71 -20.0757 -29.1054 -61.243
41.7503 30.8355 -103.016 -20.2158 -29.2066 -61.2085
41.6489 30.6892 -103.322 -20.3559 -29.3078 -61.1739
41.5468 30.5424 -103.628 -20.4958 -29.4091 -61.139
41.4439 30.3951 -103.934 -20.6357 -29.5103 -61.104
41.3404 30.2473 -104.239 -20.7755 -29.6116 -61.0687
41.2362 30.099 -104.544 -20.9152 -29.7129 -61.0332
41.1313 29.9502 -104.849 -21.0548 -29.8142 -60.9975
41.0256 29.8009 -105.154 -21.1943 -29.9155 -60.9616
40.9193 29.6511 -105.459 -21.3338 -30.0169 -60.9254
40.8123 29.5007 -105.764 -21.4732 -30.1183 -60.8891
40.7046 29.3499 -106.068 -21.6125 -30.2196 -60.8525
40.5962 29.1985 -106.372 -21.7517 -30.321 -60.8157
40.4871 29.0467 -106.676 -21.8909 -30.4225 -60.7787
40.3773 28.8943 -106.98 -22.0299 -30.5239 -60.7415
40.2668 28.7414 -107.284 -22.169 -30.6253 -60.7041
40.1556 28.588 -107.587 -22.3079 -30.7268 -60.6664
40.0437 28.4342 -107.89 -22.4468 -30.8283 -60.6285
39.9311 28.2798 -108.193 -22.5856 -30.9298 -60.5904
39.8178 28.1249 -108.496 -22.7243 -31.0313 -60.5521
39.7039 27.9695 -108.799 -22.863 -31.1329 -60.5135
39.5892 27.8135 -109.101 -23.0016 -31.2345 -60.4747
39.4739 27.6571 -109.404 -23.1401 -31.336 -60.4357
39.3578 27.5002 -109.706 -23.2786 -31.4376 -60.3964
39.2411 27.3427 -110.007 -23.417 -31.5393 -60.3569
39.1236 27.1848 -110.309 -23.5553 -31.6409 -60.3172
39.0055 27.0263 -110.611 -23.6936 -31.7425 -60.2772
38.8867 26.8674 -110.912 -23.8318 -31.8442 -60.2371
38.7672 26.7079 -111.213 -23.97 -31.9459 -60.1966
38.647 26.5479 -111.514 -24.1081 -32.0476 -60.1559
38.5261 26.3874 -111.815 -24.2461 -32.1493 -60.115
38.4046 26.2264 -112.115 -24.3841 -32.2511 -60.0739
38.2823 26.0649 -112.415 -24.522 -32.3529 -60.0324
38.1593 25.9029 -112.715 -24.6599 -32.4546 -59.9908
38.0357 25.7403 -113.015 -24.7977 -32.5564 -59.9489
37.9114 25.5773 -113.315 -24.9355 -32.6582 -59.9067
37.7863 25.4138 -113.614 -25.0732 -32.7601 -59.8643
37.6606 25.2497 -113.914 -25.2108 -32.8619 -59.8217
37.5342 25.0851 -114.213 -25.3484 -32.9638 -59.7788
37.4071 24.9201 -114.511 -25.4859 -33.0657 -59.7356
37.2794 24.7545 -114.81 -25.6234 -33.1675 -59.6921
37.1509 24.5884 -115.108 -25.7609 -33.2695 -59.6485
37.0218 24.4218 -115.406 -25.8983 -33.3714 -59.6045
36.8919 24.2547 -115.704 -26.0356 -33.4733 -59.5603
36.7614 24.0871 -116.002 -26.1729 -33.5753 -59.5158
36.6302 23.9189 -116.299 -26.3101 -33.6773 -59.471
36.4983 23.7503 -116.597 -26.4473 -33.7792 -59.426
36.3657 23.5811 -116.894 -26.5844 -33.8813 -59.3807
36.2325 23.4115 -117.19 -26.7215 -33.9833 -59.3352
36.0985 23.2413 -117.487 -26.8586 -34.0853 -59.2893
35.9639 23.0706 -117.783 -26.9956 -34.1874 -59.2432
35.8286 22.8994 -118.079 -27.1326 -34.2894 -59.1968
35.6926 22.7277 -118.375 -27.2695 -34.3915 -59.1501
35.5559 22.5555 -118.671 -27.4063 -34.4936 -59.1031
35.4185 22.3828 -118.966 -27.5432 -34.5957 -59.0559
35.2804 22.2096 -119.262 -27.6799 -34.6978 -59.0084
35.1417 22.0358 -119.556 -27.8167 -34.7999 -58.9605
35.0023 21.8616 -119.851 -27.9534 -34.9021 -58.9124
34.8622 21.6868 -120.146 -28.09 -35.0042 -58.864
34.7214 21.5115 -120.44 -28.2266 -35.1064 -58.8153
34.5799 21.3357 -120.734 -28.3632 -35.2086 -58.7663
34.4377 21.1594 -121.027 -28.4998 -35.3108 -58.7171
34.2949 20.9826 -121.321 -28.6362 -35.413 -58.6675
34.1514 20.8053 -121.614 -28.7727 -35.5152 -58.6176
34.0072 20.6275 -121.907 -28.9091 -35.6175 -58.5674
33.8623 20.4491 -122.2 -29.0455 -35.7197 -58.5169
33.7167 20.2703 -122.492 -29.1818 -35.822 -58.4661
33.5705 20.0909 -122.784 -29.3181 -35.9243 -58.415
33.4235 19.911 -123.076 -29.4544 -36.0265 -58.3636
33.2759 19.7306 -123.368 -29.5906 -36.1288 -58.3119
33.1276 19.5497 -123.66 -29.7268 -36.2311 -58.2598
32.9787 19.3683 -123.951 -29.863 -36.3335 -58.2075
32.829 19.1864 -124.242 -29.9991 -36.4358 -58.1548
32.6787 19.004 -124.532 -30.1352 -36.5381 -58.1018
32.5277 18.821 -124.823 -30.2712 -36.6405 -58.0485
32.376 18.6376 -125.113 -30.4072 -36.7428 -57.9949
32.2236 18.4536 -125.403 -30.5432 -36.8452 -57.9409
32.0705 18.2691 -125.692 -30.6792 -36.9476 -57.8866
31.9168 18.0841 -125.981 -30.8151 -37.05 -57.832
31.7624 17.8986 -126.27 -30.951 -37.1524 -57.7771
31.6073 17.7126 -126.559 -31.0868 -37.2548 -57.7218
31.4515 17.5261 -126.848 -31.2226 -37.3572 -57.6662
31.2951 17.339 -127.136 -31.3584 -37.4596 -57.6103
31.1379 17.1515 -127.424 -31.4942 -37.5621 -57.554
30.9801 16.9634 -127.711 -31.6299 -37.6645 -57.4974
30.8216 16.7748 -127.999 -31.7656 -37.767 -57.4405
30.6625 16.5857 -128.286 -31.9013 -37.8694 -57.3832
30.5026 16.3961 -128.573 -32.0369 -37.9719 -57.3256
30.3421 16.206 -128.859 -32.1725 -38.0744 -57.2676
30.1809 16.0154 -129.145 -32.3081 -38.1769 -57.2093
30.019 15.8243 -129.431 -32.4436 -38.2793 -57.1506
29.8565 15.6326 -129.717 -32.5791 -38.3818 -57.0916
29.6932 15.4404 -130.002 -32.7146 -38.4843 -57.0322
29.5293 15.2478 -130.287 -32.85 -38.5868 -56.9725
29.3647 15.0546 -130.572 -32.9854 -38.6894 -56.9124
29.1995 14.8609 -130.856 -33.1208 -38.7919 -56.852
29.0335 14.6666 -131.14 -33.2562 -38.8944 -56.7912
28.8669 14.4719 -131.424 -33.3915 -38.9969 -56.73
28.6996 14.2767 -131.708 -33.5268 -39.0994 -56.6685
28.5316 14.0809 -131.991 -33.6621 -39.202 -56.6066
28.363 13.8847 -132.274 -33.7973 -39.3045 -56.5444
28.1937 13.6879 -132.556 -33.9326 -39.4071 -56.4818
28.0237 13.4906 -132.839 -34.0677 -39.5096 -56.4188
27.853 13.2928 -133.12 -34.2029 -39.6121 -56.3554
27.6816 13.0945 -133.402 -34.338 -39.7147 -56.2917
27.5096 12.8956 -133.683 -34.4731 -39.8172 -56.2276
27.3369 12.6963 -133.964 -34.6082 -39.9198 -56.1631
27.1635 12.4964 -134.245 -34.7433 -40.0223 -56.0983
26.9895 12.2961 -134.525 -34.8783 -40.1249 -56.033
26.8148 12.0952 -134.805 -35.0133 -40.2274 -55.9674
26.6394 11.8938 -135.085 -35.1482 -40.33 -55.9014
26.4633 11.6919 -135.364 -35.2832 -40.4325 -55.835
26.2865 11.4895 -135.643 -35.4181 -40.5351 -55.7683
26.1091 11.2865 -135.922 -35.5529 -40.6376 -55.7011
25.931 11.0831 -136.2 -35.6878 -40.7402 -55.6336
25.7522 10.8791 -136.478 -35.8226 -40.8427 -55.5656
25.5728 10.6747 -136.756 -35.9574 -40.9453 -55.4973
25.3926 10.4697 -137.033 -36.0922 -41.0478 -55.4286
25.2119 10.2642 -137.31 -36.2269 -41.1503 -55.3595
25.0304 10.0582 -137.587 -36.3616 -41.2529 -55.2899
24.8482 9.85166 -137.863 -36.4963 -41.3554 -55.22
24.6654 9.64463 -138.139 -36.6309 -41.4579 -55.1497
24.4819 9.43708 -138.415 -36.7655 -41.5604 -55.079
24.2978 9.22902 -138.69 -36.9001 -41.6629 -55.0079
24.1129 9.02045 -138.965 -37.0347 -41.7654 -54.9363
23.9274 8.81137 -139.239 -37.1692 -41.8679 -54.8644
23.7412 8.60178 -139.513 -37.3037 -41.9704 -54.792
23.5544 8.39167 -139.787 -37.4382 -42.0729 -54.7193
23.3669 8.18105 -140.061 -37.5726 -42.1753 -54.6461
23.1787 7.96991 -140.334 -37.707 -42.2778 -54.5725
22.9898 7.75827 -140.606 -37.8414 -42.3802 -54.4985
22.8002 7.54611 -140.879 -37.9757 -42.4827 -54.4241
22.61 7.33344 -141.151 -38.1101 -42.5851 -54.3492
22.4191 7.12026 -141.422 -38.2443 -42.6875 -54.274
22.2276 6.90657 -141.693 -38.3786 -42.7899 -54.1983
22.0354 6.69236 -141.964 -38.5128 -42.8923 -54.1222
21.8425 6.47765 -142.235 -38.647 -42.9947 -54.0456
21.6489 6.26242 -142.505 -38.7811 -43.097 -53.9687
21.4547 6.04668 -142.774 -38.9153 -43.1994 -53.8913
21.2597 5.83042 -143.044 -39.0494 -43.3017 -53.8134
21.0642 5.61366 -143.312 -39.1834 -43.404 -53.7352
20.8679 5.39638 -143.581 -39.3174 -43.5063 -53.6565
20.671 5.1786 -143.849 -39.4514 -43.6086 -53.5774
20.4734 4.9603 -144.117 -39.5854 -43.7108 -53.4978
20.2751 4.74149 -144.384 -39.7193 -43.8131 -53.4178
20.0762 4.52217 -144.651 -39.8532 -43.9153 -53.3373
19.8766 4.30233 -144.917 -39.987 -44.0175 -53.2564
19.6763 4.08199 -145.183 -40.1208 -44.1197 -53.1751
19.4754 3.86114 -145.449 -40.2546 -44.2219 -53.0933
19.2738 3.63977 -145.714 -40.3883 -44.324 -53.0111
19.0715 3.4179 -145.979 -40.522 -44.4261 -52.9284
18.8686 3.19551 -146.244 -40.6557 -44.5282 -52.8453
18.665 2.97262 -146.508 -40.7893 -44.6303 -52.7617
18.4607 2.74921 -146.771 -40.9229 -44.7323 -52.6777
18.2557 2.52529 -147.034 -41.0564 -44.8343 -52.5932
18.0501 2.30087 -147.297 -41.1899 -44.9363 -52.5082
17.8438 2.07593 -147.559 -41.3234 -45.0383 -52.4228
17.6369 1.85048 -147.821 -41.4568 -45.1402 -52.337
17.4293 1.62453 -148.083 -41.5901 -45.2421 -52.2506
17.221 1.39806 -148.344 -41.7235 -45.344 -52.1638
17.012 1.17109 -148.605 -41.8568 -45.4458 -52.0766
16.8024 0.943606 -148.865 -41.99 -45.5477 -51.9888
16.5921 0.715613 -149.124 -42.1232 -45.6494 -51.9006
16.3812 0.487112 -149.384 -42.2563 -45.7512 -51.812
16.1696 0.258101 -149.643 -42.3895 -45.8529 -51.7228
15.9573 0.0285828 -149.901 -42.5225 -45.9546 -51.6332
15.7443 -0.201444 -150.159 -42.6555 -46.0562 -51.5432
15.5307 -0.431979 -150.416 -42.7885 -46.1578 -51.4526
15.3165 -0.663022 -150.673 -42.9214 -46.2594 -51.3616
15.1015 -0.894573 -150.93 -43.0543 -46.3609 -51.27
14.8859 -1.12663 -151.186 -43.1871 -46.4624 -51.178
14.6697 -1.3592 -151.442 -43.3199 -46.5639 -51.0856
14.4527 -1.59227 -151.697 -43.4526 -46.6653 -50.9926
14.2351 -1.82585 -151.952 -43.5852 -46.7667 -50.8992
14.0169 -2.05994 -152.206 -43.7178 -46.868 -50.8052
13.798 -2.29453 -152.46 -43.8504 -46.9693 -50.7108
13.5784 -2.52963 -152.713 -43.9829 -47.0705 -50.6159
13.3581 -2.76523 -152.966 -44.1153 -47.1717 -50.5205
13.1372 -3.00135 -153.218 -44.2477 -47.2728 -50.4246
12.9157 -3.23796 -153.47 -44.38 -47.3739 -50.3282
12.6934 -3.47508 -153.722 -44.5123 -47.475 -50.2313
12.4705 -3.71271 -153.972 -44.6445 -47.576 -50.1339
12.247 -3.95084 -154.223 -44.7767 -47.6769 -50.036
12.0228 -4.18948 -154.473 -44.9088 -47.7778 -49.9376
11.7979 -4.42862 -154.722 -45.0408 -47.8787 -49.8387
11.5724 -4.66827 -154.971 -45.1728 -47.9795 -49.7393
11.3462 -4.90842 -155.22 -45.3047 -48.0802 -49.6394
11.1193 -5.14907 -155.468 -45.4365 -48.1809 -49.539
10.8918 -5.39022 -155.715 -45.5683 -48.2815 -49.4381
10.6636 -5.63188 -155.962 -45.7 -48.3821 -49.3367
10.4348 -5.87405 -156.208 -45.8316 -48.4826 -49.2347
10.2053 -6.11671 -156.454 -45.9632 -48.583 -49.1323
9.97517 -6.35987 -156.7 -46.0947 -48.6834 -49.0293
9.74437 -6.60354 -156.945 -46.2261 -48.7837 -48.9259
9.51291 -6.84771 -157.189 -46.3575 -48.884 -48.8219
9.28079 -7.09238 -157.433 -46.4887 -48.9842 -48.7173
9.04802 -7.33755 -157.676 -46.6199 -49.0843 -48.6123
8.8146 -7.58322 -157.919 -46.7511 -49.1843 -48.5068
8.58051 -7.8294 -158.161 -46.8821 -49.2843 -48.4007
8.34578 -8.07607 -158.403 -47.0131 -49.3842 -48.2941
8.11038 -8.32324 -158.644 -47.144 -49.4841 -48.1869
7.87434 -8.57091 -158.885 -47.2748 -49.5839 -48.0793
7.63764 -8.81908 -159.125 -47.4056 -49.6836 -47.9711
7.40028 -9.06774 -159.365 -47.5362 -49.7832 -47.8624
7.16228 -9.31691 -159.604 -47.6668 -49.8827 -47.7532
6.92362 -9.56657 -159.842 -47.7973 -49.9822 -47.6434
6.6843 -9.81673 -160.08 -47.9277 -50.0816 -47.5331
6.44434 -10.0674 -160.317 -48.058 -50.1809 -47.4222
6.20372 -10.3185 -160.554 -48.1882 -50.2802 -47.3109
5.96246 -10.5702 -160.79 -48.3184 -50.3793 -47.1989
5.72054 -10.8223 -161.026 -48.4484 -50.4784 -47.0865
5.47798 -11.075 -161.261 -48.5784 -50.5773 -46.9735
5.23476 -11.3281 -161.496 -48.7082 -50.6762 -46.8599
4.99089 -11.5817 -161.73 -48.838 -50.775 -46.7459
4.74638 -11.8359 -161.963 -48.9676 -50.8738 -46.6312
4.50122 -12.0905 -162.196 -49.0972 -50.9724 -46.5161
4.25541 -12.3456 -162.429 -49.2267 -51.0709 -46.4003
4.00895 -12.6012 -162.66 -49.3561 -51.1694 -46.2841
3.76185 -12.8573 -162.891 -49.4853 -51.2677 -46.1673
3.5141 -13.1139 -163.122 -49.6145 -51.366 -46.0499
3.26571 -13.3709 -163.352 -49.7435 -51.4641 -45.932
3.01667 -13.6285 -163.581 -49.8725 -51.5622 -45.8135
2.76698 -13.8866 -163.81 -50.0013 -51.6601 -45.6945
2.51665 -14.1451 -164.038 -50.1301 -51.758 -45.5749
2.26568 -14.4041 -164.266 -50.2587 -51.8557 -45.4547
2.01407 -14.6637 -164.493 -50.3872 -51.9533 -45.334
1.76181 -14.9237 -164.719 -50.5156 -52.0509 -45.2128
1.50891 -15.1842 -164.945 -50.6439 -52.1483 -45.091
1.25537 -15.4451 -165.17 -50.7721 -52.2456 -44.9686
1.00119 -15.7066 -165.395 -50.9001 -52.3428 -44.8456
0.746373 -15.9686 -165.618 -51.028 -52.4399 -44.7221
0.490914 -16.231 -165.842 -51.1558 -52.5369 -44.5981
0.234816 -16.4939 -166.064 -51.2835 -52.6337 -44.4734
-0.0219204 -16.7574 -166.287 -51.4111 -52.7305 -44.3482
-0.279294 -17.0212 -166.508 -51.5385 -52.8271 -44.2225
-0.537305 -17.2856 -166.729 -51.6658 -52.9236 -44.0961
-0.795951 -17.5505 -166.949 -51.793 -53.0199 -43.9692
-1.05523 -17.8158 -167.168 -51.92 -53.1162 -43.8417
-1.31515 -18.0816 -167.387 -52.0469 -53.2123 -43.7137
-1.5757 -18.3479 -167.606 -52.1737 -53.3083 -43.585
-1.83689 -18.6147 -167.823 -52.3004 -53.4042 -43.4558
-2.0987 -18.882 -168.04 -52.4269 -53.4999 -43.326
-2.36115 -19.1497 -168.256 -52.5532 -53.5955 -43.1957
-2.62424 -19.4179 -168.472 -52.6794 -53.6909 -43.0647
-2.88795 -19.6866 -168.687 -52.8055 -53.7863 -42.9332
-3.15229 -19.9558 -168.901 -52.9314 -53.8815 -42.8011
-3.41726 -20.2254 -169.115 -53.0572 -53.9765 -42.6684
-3.68286 -20.4956 -169.328 -53.1828 -54.0714 -42.5352
-3.94909 -20.7662 -169.54 -53.3083 -54.1662 -42.4013
-4.21594 -21.0372 -169.752 -53.4337 -54.2608 -42.2669
-4.48342 -21.3088 -169.963 -53.5588 -54.3552 -42.1319
-4.75153 -21.5808 -170.173 -53.6839 -54.4496 -41.9963
-5.02026 -21.8533 -170.383 -53.8087 -54.5437 -41.8601
-5.28962 -22.1262 -170.592 -53.9334 -54.6377 -41.7233
-5.5596 -22.3996 -170.8 -54.058 -54.7316 -41.586
-5.8302 -22.6735 -171.008 -54.1823 -54.8253 -41.448
-6.10142 -22.9479 -171.215 -54.3066 -54.9188 -41.3095
-6.37326 -23.2227 -171.421 -54.4306 -55.0122 -41.1704
-6.64572 -23.498 -171.627 -54.5545 -55.1054 -41.0306
-6.9188 -23.7738 -171.831 -54.6782 -55.1984 -40.8903
-7.1925 -24.05 -172.035 -54.8017 -55.2913 -40.7494
-7.46682 -24.3267 -172.239 -54.9251 -55.384 -40.6079
-7.74175 -24.6038 -172.441 -55.0483 -55.4766 -40.4658
-8.0173 -24.8815 -172.643 -55.1713 -55.5689 -40.3231
-8.29347 -25.1595 -172.845 -55.2941 -55.6611 -40.1799
-8.57024 -25.4381 -173.045 -55.4167 -55.7531 -40.036
-8.84763 -25.7171 -173.245 -55.5392 -55.845 -39.8915
-9.12563 -25.9965 -173.444 -55.6615 -55.9366 -39.7464
-9.40425 -26.2764 -173.643 -55.7835 -56.0281 -39.6007
-9.68347 -26.5568 -173.84 -55.9054 -56.1194 -39.4545
-9.9633 -26.8376 -174.037 -56.0271 -56.2105 -39.3076
-10.2437 -27.1189 -174.233 -56.1486 -56.3014 -39.1601
-10.5248 -27.4006 -174.429 -56.2699 -56.3921 -39.0121
-10.8064 -27.6828 -174.623 -56.391 -56.4826 -38.8634
-11.0887 -27.9655 -174.817 -56.5119 -56.5729 -38.7141
-11.3716 -28.2485 -175.011 -56.6327 -56.663 -38.5642
-11.655 -28.5321 -175.203 -56.7532 -56.753 -38.4137
-11.9391 -28.8161 -175.395 -56.8734 -56.8427 -38.2626
-12.2238 -29.1005 -175.586 -56.9935 -56.9322 -38.1109
-12.509 -29.3854 -175.776 -57.1134 -57.0215 -37.9587
-12.7949 -29.6707 -175.965 -57.2331 -57.1106 -37.8058
-13.0814 -29.9565 -176.154 -57.3525 -57.1995 -37.6522
-13.3684 -30.2427 -176.342 -57.4717 -57.2882 -37.4981
-13.6561 -30.5294 -176.529 -57.5907 -57.3766 -37.3434
-13.9443 -30.8165 -176.715 -57.7095 -57.4649 -37.1881
-14.2332 -31.104 -176.901 -57.8281 -57.5529 -37.0322
-14.5226 -31.392 -177.085 -57.9464 -57.6407 -36.8756
-14.8126 -31.6804 -177.269 -58.0645 -57.7283 -36.7185
-15.1032 -31.9693 -177.453 -58.1824 -57.8156 -36.5607
-15.3944 -32.2586 -177.635 -58.3001 -57.9027 -36.4024
-15.6862 -32.5483 -177.817 -58.4175 -57.9896 -36.2434
-15.9786 -32.8385 -177.997 -58.5346 -58.0763 -36.0838
-16.2716 -33.1291 -178.178 -58.6516 -58.1627 -35.9236
-16.5651 -33.4201 -178.357 -58.7683 -58.2489 -35.7628
-16.8593 -33.7116 -178.535 -58.8847 -58.3348 -35.6014
-17.154 -34.0035 -178.713 -59.0009 -58.4205 -35.4394
-17.4493 -34.2958 -178.89 -59.1169 -58.506 -35.2768
-17.7452 -34.5885 -179.066 -59.2326 -58.5912 -35.1136
-18.0416 -34.8817 -179.241 -59.3481 -58.6761 -34.9497
-18.3386 -35.1753 -179.415 -59.4633 -58.7608 -34.7853
-18.6362 -35.4693 -179.589 -59.5782 -58.8453 -34.6202
-18.9344 -35.7637 -179.761 -59.6929 -58.9294 -34.4546
-19.2332 -36.0586 -179.933 -59.8073 -59.0134 -34.2883
-19.5325 -36.3539 -180.104 -59.9215 -59.097 -34.1214
-19.8324 -36.6496 -180.274 -60.0354 -59.1805 -33.9539
-20.1328 -36.9457 -180.444 -60.149 -59.2636 -33.7858
-20.4339 -37.2422 -180.612 -60.2624 -59.3465 -33.6171
-20.7355 -37.5391 -180.78 -60.3755 -59.4291 -33.4478
-21.0376 -37.8365 -180.947 -60.4883 -59.5114 -33.2778
-21.3403 -38.1343 -181.113 -60.6008 -59.5934 -33.1073
-21.6436 -38.4324 -181.278 -60.7131 -59.6752 -32.9362
-21.9475 -38.731 -181.442 -60.8251 -59.7567 -32.7644
-22.2519 -39.03 -181.605 -60.9368 -59.8379 -32.592
-22.5568 -39.3294 -181.768 -61.0482 -59.9188 -32.4191
-22.8624 -39.6292 -181.93 -61.1593 -59.9995 -32.2455
-23.1684 -39.9294 -182.09 -61.2701 -60.0798 -32.0713
-23.4751 -40.23 -182.25 -61.3807 -60.1599 -31.8965
-23.7822 -40.531 -182.409 -61.4909 -60.2396 -31.7211
-24.09 -40.8324 -182.567 -61.6008 -60.3191 -31.5451
-24.3982 -41.1342 -182.725 -61.7105 -60.3982 -31.3685
-24.7071 -41.4364 -182.881 -61.8198 -60.4771 -31.1913
-25.0164 -41.7389 -183.037 -61.9289 -60.5557 -31.0135
-25.3264 -42.0419 -183.191 -62.0376 -60.6339 -30.8351
-25.6368 -42.3453 -183.345 -62.146 -60.7118 -30.6561
-25.9478 -42.649 -183.498 -62.2541 -60.7895 -30.4765
-26.2594 -42.9532 -183.65 -62.3619 -60.8668 -30.2962
-26.5714 -43.2577 -183.801 -62.4694 -60.9438 -30.1154
-26.8841 -43.5626 -183.951 -62.5765 -61.0205 -29.934
-27.1972 -43.8679 -184.1 -62.6834 -61.0968 -29.752
-27.5109 -44.1736 -184.248 -62.7899 -61.1728 -29.5693
-27.8251 -44.4796 -184.396 -62.8961 -61.2485 -29.3861
-28.1398 -44.7861 -184.542 -63.0019 -61.3239 -29.2023
-28.4551 -45.0929 -184.688 -63.1075 -61.399 -29.0179
-28.7709 -45.4001 -184.832 -63.2127 -61.4737 -28.8328
-29.0872 -45.7076 -184.976 -63.3175 -61.5481 -28.6472
-29.4041 -46.0155 -185.119 -63.422 -61.6221 -28.461
-29.7215 -46.3238 -185.261 -63.5262 -61.6958 -28.2742
-30.0394 -46.6325 -185.402 -63.63 -61.7692 -28.0868
-30.3578 -46.9415 -185.542 -63.7335 -61.8422 -27.8989
-30.6767 -47.2509 -185.681 -63.8367 -61.9148 -27.7103
-30.9961 -47.5607 -185.819 -63.9395 -61.9871 -27.5211
-31.3161 -47.8708 -185.956 -64.0419 -62.0591 -27.3314
-31.6366 -48.1813 -186.092 -64.144 -62.1307 -27.141
-31.9575 -48.4921 -186.227 -64.2457 -62.2019 -26.9501
-32.279 -48.8033 -186.362 -64.3471 -62.2728 -26.7586
-32.601 -49.1148 -186.495 -64.4481 -62.3433 -26.5665
-32.9235 -49.4267 -186.627 -64.5487 -62.4135 -26.3738
-33.2465 -49.7389 -186.759 -64.649 -62.4833 -26.1805
-33.57 -50.0515 -186.889 -64.7489 -62.5527 -25.9867
-33.894 -50.3645 -187.019 -64.8484 -62.6218 -25.7923
-34.2185 -50.6778 -187.147 -64.9475 -62.6904 -25.5973
-34.5434 -50.9914 -187.274 -65.0463 -62.7587 -25.4017
-34.8689 -51.3053 -187.401 -65.1447 -62.8266 -25.2055
-35.1949 -51.6196 -187.527 -65.2427 -62.8942 -25.0088
-35.5213 -51.9343 -187.651 -65.3403 -62.9613 -24.8115
-35.8483 -52.2493 -187.775 -65.4375 -63.0281 -24.6136
-36.1757 -52.5646 -187.897 -65.5344 -63.0945 -24.4152
-36.5036 -52.8802 -188.019 -65.6308 -63.1604 -24.2162
-36.832 -53.1962 -188.139 -65.7269 -63.226 -24.0166
-37.1609 -53.5125 -188.259 -65.8225 -63.2912 -23.8164
-37.4903 -53.8291 -188.378 -65.9178 -63.356 -23.6157
-37.8201 -54.146 -188.495 -66.0126 -63.4204 -23.4144
-38.1504 -54.4633 -188.612 -66.1071 -63.4844 -23.2126
-38.4811 -54.7809 -188.727 -66.2011 -63.548 -23.0102
-38.8124 -55.0988 -188.842 -66.2947 -63.6112 -22.8073
-39.1441 -55.417 -188.955 -66.3879 -63.6739 -22.6038
-39.4763 -55.7355 -189.068 -66.4807 -63.7363 -22.3997
-39.8089 -56.0543 -189.179 -66.5731 -63.7982 -22.1951
-40.142 -56.3735 -189.29 -66.6651 -63.8597 -21.9899
-40.4756 -56.6929 -189.399 -66.7566 -63.9208 -21.7842
-40.8096 -57.0127 -189.508 -66.8477 -63.9815 -21.5779
-41.144 -57.3328 -189.615 -66.9384 -64.0418 -21.3711
-41.4789 -57.6531 -189.721 -67.0286 -64.1016 -21.1638
-41.8143 -57.9738 -189.827 -67.1184 -64.161 -20.9559
-42.1501 -58.2947 -189.931 -67.2078 -64.2199 -20.7475
-42.4864 -58.616 -190.034 -67.2967 -64.2785 -20.5385
-42.8231 -58.9375 -190.136 -67.3852 -64.3366 -20.329
-43.1602 -59.2593 -190.237 -67.4733 -64.3942 -20.119
-43.4978 -59.5814 -190.337 -67.5609 -64.4514 -19.9084
-43.8359 -59.9038 -190.436 -67.6481 -64.5082 -19.6973
-44.1743 -60.2265 -190.534 -67.7348 -64.5645 -19.4857
-44.5132 -60.5495 -190.631 -67.821 -64.6204 -19.2736
-44.8525 -60.8727 -190.727 -67.9068 -64.6759 -19.0609
-45.1923 -61.1962 -190.822 -67.9922 -64.7308 -18.8477
-45.5324 -61.52 -190.916 -68.077 -64.7854 -18.6341
-45.873 -61.8441 -191.008 -68.1614 -64.8394 -18.4198
-46.2141 -62.1684 -191.1 -68.2454 -64.893 -18.2051
-46.5555 -62.493 -191.19 -68.3289 -64.9462 -17.9899
-46.8973 -62.8179 -191.28 -68.4119 -64.9989 -17.7741
-47.2396 -63.143 -191.368 -68.4944 -65.0511 -17.5579
-47.5823 -63.4684 -191.455 -68.5764 -65.1028 -17.3411
-47.9254 -63.794 -191.542 -68.658 -65.1541 -17.1239
-48.2689 -64.1199 -191.627 -68.7391 -65.2049 -16.9062
-48.6128 -64.4461 -191.711 -68.8197 -65.2552 -16.6879
-48.9571 -64.7725 -191.793 -68.8998 -65.3051 -16.4692
-49.3018 -65.0991 -191.875 -68.9795 -65.3545 -16.25
-49.6469 -65.426 -191.956 -69.0586 -65.4034 -16.0303
-49.9923 -65.7532 -192.036 -69.1373 -65.4518 -15.8101
-50.3382 -66.0806 -192.114 -69.2154 -65.4997 -15.5894
-50.6845 -66.4082 -192.191 -69.2931 -65.5472 -15.3682
-51.0312 -66.736 -192.268 -69.3702 -65.5941 -15.1466
-51.3782 -67.0641 -192.343 -69.4469 -65.6406 -14.9245
-51.7256 -67.3924 -192.417 -69.523 -65.6866 -14.7019
-52.0734 -67.721 -192.49 -69.5986 -65.732 -14.4789
-52.4216 -68.0498 -192.562 -69.6738 -65.777 -14.2554
-52.7702 -68.3788 -192.632 -69.7484 -65.8215 -14.0314
-53.1191 -68.708 -192.702 -69.8225 -65.8655 -13.807
-53.4684 -69.0374 -192.771 -69.896 -65.9089 -13.5822
-53.8181 -69.3671 -192.838 -69.9691 -65.9519 -13.3568
-54.1681 -69.6969 -192.904 -70.0416 -65.9944 -13.1311
-54.5185 -70.027 -192.969 -70.1136 -66.0363 -12.9048
-54.8692 -70.3573 -193.033 -70.1851 -66.0777 -12.6782
-55.2203 -70.6878 -193.096 -70.256 -66.1187 -12.4511
-55.5718 -71.0185 -193.158 -70.3265 -66.1591 -12.2235
-55.9236 -71.3494 -193.218 -70.3963 -66.199 -11.9956
-56.2757 -71.6805 -193.278 -70.4657 -66.2383 -11.7672
-56.6282 -72.0118 -193.336 -70.5345 -66.2772 -11.5383
-56.9811 -72.3432 -193.393 -70.6028 -66.3155 -11.3091
-57.3343 -72.6749 -193.449 -70.6705 -66.3533 -11.0794
-57.6878 -73.0068 -193.504 -70.7376 -66.3906 -10.8493
-58.0416 -73.3388 -193.557 -70.8043 -66.4273 -10.6188
-58.3958 -73.671 -193.61 -70.8703 -66.4635 -10.3879
-58.7503 -74.0035 -193.661 -70.9359 -66.4992 -10.1566
-59.1052 -74.336 -193.712 -71.0008 -66.5344 -9.92492
-59.4604 -74.6688 -193.761 -71.0652 -66.569 -9.69281
-59.8158 -75.0017 -193.809 -71.1291 -66.6031 -9.46031
-60.1716 -75.3348 -193.855 -71.1924 -66.6366 -9.22741
-60.5278 -75.6681 -193.901 -71.2551 -66.6696 -8.99413
-60.8842 -76.0015 -193.945 -71.3172 -66.702 -8.76046
-61.2409 -76.3351 -193.988 -71.3788 -66.734 -8.52642
-61.598 -76.6689 -194.03 -71.4398 -66.7653 -8.29199
-61.9553 -77.0028 -194.071 -71.5003 -66.7961 -8.0572
-62.313 -77.3368 -194.111 -71.5601 -66.8264 -7.82203
-62.6709 -77.671 -194.15 -71.6194 -66.8561 -7.5865
-63.0292 -78.0054 -194.187 -71.6782 -66.8853 -7.35061
-63.3877 -78.3399 -194.223 -71.7363 -66.9139 -7.11437
-63.7465 -78.6745 -194.258 -71.7938 -66.9419 -6.87776
-64.1057 -79.0093 -194.292 -71.8508 -66.9694 -6.64081
-64.4651 -79.3442 -194.324 -71.9072 -66.9963 -6.40352
-64.8247 -79.6793 -194.356 -71.963 -67.0227 -6.16588
-65.1847 -80.0144 -194.386 -72.0182 -67.0485 -5.92791
-65.5449 -80.3497 -194.415 -72.0728 -67.0738 -5.6896
-65.9054 -80.6852 -194.443 -72.1268 -67.0984 -5.45096
-66.2662 -81.0207 -194.47 -72.1802 -67.1225 -5.212
-66.6272 -81.3564 -194.495 -72.233 -67.1461 -4.97272
-66.9885 -81.6922 -194.519 -72.2852 -67.1691 -4.73312
-67.3501 -82.0281 -194.542 -72.3368 -67.1915 -4.49321
-67.7119 -82.3641 -194.564 -72.3878 -67.2133 -4.25299
-68.0739 -82.7002 -194.585 -72.4382 -67.2346 -4.01246
-68.4363 -83.0364 -194.604 -72.488 -67.2552 -3.77164
-68.7988 -83.3728 -194.623 -72.5372 -67.2753 -3.53052
-69.1616 -83.7092 -194.64 -72.5857 -67.2949 -3.28911
-69.5247 -84.0457 -194.656 -72.6337 -67.3138 -3.04741
-69.888 -84.3823 -194.67 -72.681 -67.3322 -2.80542
-70.2515 -84.719 -194.684 -72.7278 -67.35 -2.56316
-70.6152 -85.0558 -194.696 -72.7739 -67.3672 -2.32063
-70.9792 -85.3927 -194.707 -72.8193 -67.3838 -2.07783
-71.3434 -85.7297 -194.717 -72.8642 -67.3999 -1.83476
-71.7079 -86.0667 -194.725 -72.9084 -67.4153 -1.59143
-72.0725 -86.4038 -194.733 -72.9521 -67.4302 -1.34784
-72.4374 -86.741 -194.739 -72.995 -67.4444 -1.104
-72.8025 -87.0783 -194.744 -73.0374 -67.4581 -0.85992
-73.1678 -87.4156 -194.747 -73.0791 -67.4712 -0.615592
-73.5333 -87.753 -194.75 -73.1202 -67.4837 -0.371027
-73.899 -88.0904 -194.751 -73.1607 -67.4956 -0.126229
-74.2649 -88.4279 -194.751 -73.2005 -67.507 0.118799
-74.631 -88.7655 -194.75 -73.2397 -67.5177 0.364051
-74.9973 -89.1031 -194.747 -73.2782 -67.5278 0.609522
-75.3637 -89.4408 -194.744 -73.3162 -67.5374 0.855208
-75.7304 -89.7785 -194.739 -73.3534 -67.5463 1.1011
-76.0973 -90.1162 -194.733 -73.3901 -67.5546 1.34721
-76.4643 -90.454 -194.725 -73.426 -67.5624 1.59351
-76.8315 -90.7919 -194.717 -73.4614 -67.5695 1.84001
-77.1989 -91.1297 -194.707 -73.4961 -67.576 2.0867
-77.5665 -91.4676 -194.696 -73.5301 -67.582 2.33357
-77.9342 -91.8056 -194.684 -73.5635 -67.5873 2.58063
-78.3021 -92.1435 -194.67 -73.5963 -67.5921 2.82786
-78.6702 -92.4815 -194.655 -73.6284 -67.5962 3.07527
-79.0384 -92.8195 -194.639 -73.6598 -67.5997 3.32284
-79.4068 -93.1575 -194.622 -73.6906 -67.6026 3.57058
-79.7753 -93.4955 -194.604 -73.7208 -67.605 3.81847
-80.144 -93.8335 -194.584 -73.7503 -67.6067 4.06652
