75 100 50 0 0 -49
74.9999 99.9999 49.755 -0.0333236 -0.0435503 -49.0196
74.9997 99.9996 49.5098 -0.0666945 -0.0871603 -49.0391
74.9992 99.999 49.2646 -0.100113 -0.13083 -49.0586
74.9987 99.9983 49.0192 -0.133578 -0.17456 -49.0782
74.9979 99.9973 48.7738 -0.167091 -0.21835 -49.0977
74.997 99.9961 48.5282 -0.200652 -0.2622 -49.1172
74.9959 99.9947 48.2826 -0.23426 -0.30611 -49.1366
74.9947 99.993 48.0369 -0.267916 -0.35008 -49.1561
74.9932 99.9912 47.791 -0.30162 -0.394111 -49.1756
74.9916 99.9891 47.5451 -0.335372 -0.438202 -49.195
74.9899 99.9868 47.2991 -0.369172 -0.482353 -49.2144
74.9879 99.9842 47.053 -0.403019 -0.526566 -49.2338
74.9858 99.9815 46.8068 -0.436915 -0.570838 -49.2532
74.9836 99.9785 46.5604 -0.470859 -0.615172 -49.2726
74.9811 99.9754 46.314 -0.504851 -0.659566 -49.292
74.9785 99.9719 46.0675 -0.538892 -0.704022 -49.3113
74.9757 99.9683 45.8209 -0.572981 -0.748538 -49.3307
74.9728 99.9645 45.5742 -0.607118 -0.793115 -49.35
74.9697 99.9604 45.3274 -0.641304 -0.837754 -49.3693
74.9664 99.9561 45.0805 -0.675539 -0.882454 -49.3886
74.9629 99.9516 44.8335 -0.709822 -0.927215 -49.4079
74.9593 99.9468 44.5864 -0.744154 -0.972037 -49.4271
74.9555 99.9418 44.3393 -0.778535 -1.01692 -49.4464
74.9515 99.9366 44.092 -0.812965 -1.06187 -49.4656
74.9474 99.9312 43.8446 -0.847444 -1.10687 -49.4848
74.943 99.9256 43.5971 -0.881973 -1.15194 -49.5041
74.9385 99.9197 43.3496 -0.91655 -1.19707 -49.5232
74.9339 99.9136 43.1019 -0.951177 -1.24227 -49.5424
74.929 99.9073 42.8541 -0.985853 -1.28752 -49.5616
74.924 99.9007 42.6063 -1.02058 -1.33284 -49.5807
74.9188 99.8939 42.3583 -1.05535 -1.37822 -49.5999
74.9134 99.8869 42.1103 -1.09018 -1.42366 -49.619
74.9079 99.8797 41.8621 -1.12505 -1.46916 -49.6381
74.9022 99.8722 41.6139 -1.15998 -1.51473 -49.6572
74.8963 99.8646 41.3656 -1.19495 -1.56036 -49.6762
74.8902 99.8566 41.1171 -1.22997 -1.60605 -49.6953
74.884 99.8485 40.8686 -1.26505 -1.6518 -49.7143
74.8776 99.8401 40.62 -1.30017 -1.69762 -49.7334
74.871 99.8315 40.3713 -1.33535 -1.7435 -49.7524
74.8642 99.8227 40.1225 -1.37057 -1.78944 -49.7714
74.8573 99.8136 39.8736 -1.40585 -1.83545 -49.7903
74.8502 99.8043 39.6246 -1.44117 -1.88152 -49.8093
74.8429 99.7948 39.3755 -1.47655 -1.92765 -49.8283
74.8354 99.7851 39.1263 -1.51197 -1.97384 -49.8472
74.8278 99.7751 38.877 -1.54745 -2.0201 -49.8661
74.8199 99.7649 38.6276 -1.58298 -2.06642 -49.885
74.8119 99.7544 38.3782 -1.61856 -2.11281 -49.9039
74.8038 99.7437 38.1286 -1.65419 -2.15926 -49.9228
74.7954 99.7328 37.8789 -1.68987 -2.20577 -49.9416
74.7869 99.7217 37.6292 -1.7256 -2.25235 -49.9605
74.7781 99.7103 37.3793 -1.76138 -2.29899 -49.9793
74.7692 99.6987 37.1294 -1.79721 -2.34569 -49.9981
74.7602 99.6868 36.8793 -1.8331 -2.39246 -50.0169
74.7509 99.6748 36.6292 -1.86904 -2.4393 -50.0356
74.7415 99.6624 36.379 -1.90502 -2.48619 -50.0544
74.7319 99.6499 36.1287 -1.94106 -2.53316 -50.0731
74.7221 99.6371 35.8783 -1.97716 -2.58018 -50.0919
74.7121 99.6241 35.6277 -2.0133 -2.62727 -50.1106
74.7019 99.6108 35.3771 -2.04949 -2.67443 -50.1293
74.6916 99.5974 35.1265 -2.08574 -2.72165 -50.1479
74.6811 99.5836 34.8757 -2.12204 -2.76893 -50.1666
74.6704 99.5697 34.6248 -2.15839 -2.81628 -50.1852
74.6595 99.5555 34.3738 -2.1948 -2.8637 -50.2038
74.6484 99.541 34.1228 -2.23125 -2.91118 -50.2225
74.6372 99.5264 33.8716 -2.26776 -2.95872 -50.241
74.6258 99.5114 33.6203 -2.30432 -3.00633 -50.2596
74.6141 99.4963 33.369 -2.34093 -3.05401 -50.2782
74.6023 99.4809 33.1176 -2.3776 -3.10175 -50.2967
74.5904 99.4653 32.866 -2.41432 -3.14956 -50.3152
74.5782 99.4494 32.6144 -2.45109 -3.19743 -50.3337
74.5659 99.4333 32.3627 -2.48791 -3.24537 -50.3522
74.5533 99.4169 32.1109 -2.52479 -3.29337 -50.3707
74.5406 99.4004 31.859 -2.56172 -3.34144 -50.3892
74.5277 99.3835 31.607 -2.59871 -3.38958 -50.4076
74.5146 99.3665 31.3549 -2.63574 -3.43778 -50.426
74.5014 99.3492 31.1027 -2.67283 -3.48605 -50.4444
74.4879 99.3316 30.8505 -2.70998 -3.53438 -50.4628
74.4743 99.3138 30.5981 -2.74717 -3.58278 -50.4812
74.4604 99.2958 30.3457 -2.78442 -3.63125 -50.4995
74.4464 99.2775 30.0931 -2.82173 -3.67978 -50.5178
74.4322 99.259 29.8405 -2.85909 -3.72839 -50.5361
74.4178 99.2402 29.5877 -2.8965 -3.77705 -50.5544
74.4032 99.2212 29.3349 -2.93397 -3.82579 -50.5727
74.3885 99.202 29.082 -2.97149 -3.87459 -50.591
74.3735 99.1825 28.829 -3.00906 -3.92346 -50.6092
74.3584 99.1627 28.5759 -3.04669 -3.97239 -50.6274
74.3431 99.1427 28.3227 -3.08437 -4.02139 -50.6456
74.3275 99.1225 28.0695 -3.12211 -4.07046 -50.6638
74.3118 99.102 27.8161 -3.1599 -4.1196 -50.682
74.2959 99.0813 27.5627 -3.19775 -4.16881 -50.7002
74.2799 99.0603 27.3091 -3.23565 -4.21808 -50.7183
74.2636 99.0391 27.0555 -3.27361 -4.26742 -50.7364
74.2471 99.0177 26.8017 -3.31162 -4.31683 -50.7545
74.2305 98.996 26.5479 -3.34968 -4.3663 -50.7726
74.2136 98.974 26.294 -3.3878 -4.41584 -50.7906
74.1966 98.9518 26.04 -3.42598 -4.46546 -50.8087
74.1794 98.9294 25.7859 -3.46421 -4.51514 -50.8267
74.162 98.9067 25.5318 -3.5025 -4.56488 -50.8447
74.1443 98.8837 25.2775 -3.54084 -4.6147 -50.8627
74.1265 98.8605 25.0231 -3.57924 -4.66459 -50.8806
74.1086 98.8371 24.7687 -3.61769 -4.71454 -50.8986
74.0904 98.8134 24.5141 -3.6562 -4.76456 -50.9165
74.072 98.7894 24.2595 -3.69477 -4.81465 -50.9344
74.0534 98.7652 24.0048 -3.73339 -4.86481 -50.9523
74.0347 98.7408 23.75 -3.77206 -4.91504 -50.9702
74.0157 98.7161 23.4951 -3.8108 -4.96534 -50.988
73.9965 98.6911 23.2401 -3.84959 -5.0157 -51.0059
73.9772 98.6659 22.985 -3.88843 -5.06614 -51.0237
73.9577 98.6405 22.7299 -3.92734 -5.11665 -51.0415
73.9379 98.6147 22.4746 -3.96629 -5.16722 -51.0592
73.918 98.5888 22.2193 -4.00531 -5.21787 -51.077
73.8979 98.5626 21.9639 -4.04438 -5.26858 -51.0947
73.8776 98.5361 21.7083 -4.08351 -5.31936 -51.1124
73.857 98.5094 21.4527 -4.1227 -5.37022 -51.1301
73.8363 98.4824 21.197 -4.16194 -5.42114 -51.1478
73.8154 98.4552 20.9412 -4.20124 -5.47213 -51.1655
73.7943 98.4277 20.6854 -4.24059 -5.5232 -51.1831
73.773 98.3999 20.4294 -4.28001 -5.57433 -51.2007
73.7515 98.3719 20.1734 -4.31948 -5.62553 -51.2183
73.7298 98.3437 19.9172 -4.35901 -5.67681 -51.2359
73.7079 98.3152 19.661 -4.3986 -5.72815 -51.2534
73.6858 98.2864 19.4047 -4.43824 -5.77957 -51.271
73.6635 98.2574 19.1483 -4.47794 -5.83105 -51.2885
73.6411 98.2281 18.8918 -4.5177 -5.88261 -51.306
73.6184 98.1985 18.6352 -4.55752 -5.93424 -51.3234
73.5955 98.1687 18.3786 -4.59739 -5.98594 -51.3409
73.5724 98.1387 18.1218 -4.63733 -6.03771 -51.3583
73.5491 98.1084 17.865 -4.67732 -6.08955 -51.3757
73.5256 98.0778 17.6081 -4.71737 -6.14146 -51.3931
73.5019 98.0469 17.3511 -4.75748 -6.19344 -51.4105
73.478 98.0158 17.094 -4.79765 -6.2455 -51.4278
73.454 97.9845 16.8368 -4.83787 -6.29763 -51.4452
73.4297 97.9529 16.5795 -4.87816 -6.34983 -51.4625
73.4052 97.921 16.3222 -4.9185 -6.4021 -51.4798
73.3805 97.8889 16.0647 -4.9589 -6.45444 -51.497
73.3556 97.8564 15.8072 -4.99936 -6.50685 -51.5143
73.3305 97.8238 15.5496 -5.03989 -6.55934 -51.5315
73.3052 97.7909 15.2919 -5.08047 -6.6119 -51.5487
73.2797 97.7577 15.0341 -5.1211 -6.66453 -51.5659
73.254 97.7242 14.7762 -5.1618 -6.71723 -51.583
73.2281 97.6905 14.5183 -5.20256 -6.77 -51.6002
73.202 97.6565 14.2602 -5.24338 -6.82285 -51.6173
73.1756 97.6223 14.0021 -5.28426 -6.87577 -51.6344
73.1491 97.5878 13.7439 -5.32519 -6.92877 -51.6514
73.1224 97.553 13.4856 -5.36619 -6.98183 -51.6685
73.0954 97.5179 13.2272 -5.40725 -7.03497 -51.6855
73.0683 97.4826 12.9687 -5.44837 -7.08818 -51.7025
73.041 97.4471 12.7102 -5.48954 -7.14147 -51.7195
73.0134 97.4112 12.4515 -5.53078 -7.19483 -51.7365
72.9857 97.3751 12.1928 -5.57208 -7.24826 -51.7534
72.9577 97.3387 11.934 -5.61344 -7.30176 -51.7703
72.9295 97.3021 11.6751 -5.65486 -7.35534 -51.7872
72.9011 97.2652 11.4161 -5.69634 -7.409 -51.8041
72.8726 97.228 11.1571 -5.73788 -7.46272 -51.821
72.8438 97.1905 10.8979 -5.77948 -7.51652 -51.8378
72.8148 97.1528 10.6387 -5.82115 -7.5704 -51.8546
72.7856 97.1148 10.3794 -5.86287 -7.62435 -51.8714
72.7561 97.0766 10.12 -5.90466 -7.67837 -51.8881
72.7265 97.0381 9.86048 -5.9465 -7.73247 -51.9049
72.6967 96.9993 9.60092 -5.98841 -7.78664 -51.9216
72.6666 96.9602 9.34127 -6.03038 -7.84088 -51.9383
72.6364 96.9209 9.08153 -6.07241 -7.8952 -51.955
72.6059 96.8812 8.82172 -6.11451 -7.9496 -51.9716
72.5752 96.8414 8.56182 -6.15666 -8.00407 -51.9882
72.5443 96.8012 8.30184 -6.19888 -8.05861 -52.0048
72.5132 96.7608 8.04177 -6.24116 -8.11323 -52.0214
72.4819 96.7201 7.78162 -6.2835 -8.16793 -52.038
72.4504 96.6791 7.52139 -6.3259 -8.2227 -52.0545
72.4187 96.6378 7.26108 -6.36837 -8.27754 -52.071
72.3867 96.5963 7.00068 -6.4109 -8.33246 -52.0875
72.3546 96.5545 6.7402 -6.45349 -8.38746 -52.104
72.3222 96.5124 6.47964 -6.49614 -8.44253 -52.1204
72.2896 96.4701 6.219 -6.53886 -8.49767 -52.1368
72.2568 96.4275 5.95827 -6.58164 -8.5529 -52.1532
72.2238 96.3846 5.69747 -6.62448 -8.6082 -52.1696
72.1905 96.3414 5.43658 -6.66739 -8.66357 -52.1859
72.1571 96.2979 5.17561 -6.71035 -8.71902 -52.2022
72.1234 96.2542 4.91455 -6.75339 -8.77455 -52.2185
72.0896 96.2102 4.65342 -6.79648 -8.83015 -52.2348
72.0555 96.1659 4.39221 -6.83964 -8.88583 -52.251
72.0212 96.1213 4.13091 -6.88286 -8.94159 -52.2673
71.9867 96.0765 3.86953 -6.92615 -8.99742 -52.2835
71.9519 96.0313 3.60808 -6.9695 -9.05333 -52.2996
71.917 95.9859 3.34654 -7.01291 -9.10932 -52.3158
71.8818 95.9403 3.08492 -7.05639 -9.16538 -52.3319
71.8464 95.8943 2.82322 -7.09993 -9.22152 -52.348
71.8108 95.848 2.56144 -7.14354 -9.27773 -52.3641
71.775 95.8015 2.29958 -7.18721 -9.33403 -52.3802
71.7389 95.7547 2.03764 -7.23094 -9.3904 -52.3962
71.7026 95.7076 1.77562 -7.27474 -9.44685 -52.4122
71.6662 95.6602 1.51351 -7.31861 -9.50338 -52.4282
71.6295 95.6126 1.25133 -7.36254 -9.55998 -52.4441
71.5925 95.5646 0.989073 -7.40653 -9.61666 -52.4601
71.5554 95.5164 0.726733 -7.45059 -9.67342 -52.476
71.518 95.4679 0.464313 -7.49471 -9.73026 -52.4918
71.4804 95.4191 0.201815 -7.5389 -9.78717 -52.5077
71.4426 95.37 -0.0607634 -7.58316 -9.84417 -52.5235
71.4046 95.3207 -0.323421 -7.62748 -9.90124 -52.5393
71.3664 95.271 -0.586157 -7.67186 -9.95839 -52.5551
71.3279 95.2211 -0.848972 -7.71631 -10.0156 -52.5709
71.2892 95.1709 -1.11187 -7.76083 -10.0729 -52.5866
71.2503 95.1203 -1.37484 -7.80541 -10.1303 -52.6023
71.2112 95.0696 -1.63789 -7.85006 -10.1878 -52.618
71.1718 95.0185 -1.90102 -7.89477 -10.2453 -52.6336
71.1322 94.9671 -2.16422 -7.93955 -10.3029 -52.6492
71.0924 94.9154 -2.42751 -7.9844 -10.3606 -52.6648
71.0524 94.8635 -2.69087 -8.02931 -10.4184 -52.6804
71.0121 94.8113 -2.95431 -8.07429 -10.4763 -52.696
70.9716 94.7587 -3.21783 -8.11933 -10.5342 -52.7115
70.9309 94.7059 -3.48143 -8.16444 -10.5922 -52.727
70.89 94.6528 -3.7451 -8.20962 -10.6503 -52.7424
70.8488 94.5994 -4.00885 -8.25487 -10.7085 -52.7579
70.8074 94.5457 -4.27268 -8.30018 -10.7668 -52.7733
70.7658 94.4917 -4.53659 -8.34556 -10.8251 -52.7887
70.724 94.4375 -4.80057 -8.391 -10.8835 -52.8041
70.6819 94.3829 -5.06463 -8.43652 -10.942 -52.8194
70.6396 94.3281 -5.32876 -8.4821 -11.0006 -52.8347
70.5971 94.2729 -5.59297 -8.52774 -11.0592 -52.85
70.5543 94.2175 -5.85726 -8.57346 -11.118 -52.8652
70.5113 94.1617 -6.12163 -8.61924 -11.1768 -52.8805
70.4681 94.1057 -6.38607 -8.66509 -11.2357 -52.8957
70.4247 94.0494 -6.65058 -8.71101 -11.2947 -52.9109
70.381 93.9927 -6.91517 -8.757 -11.3537 -52.926
70.3371 93.9358 -7.17984 -8.80305 -11.4129 -52.9411
70.293 93.8786 -7.44459 -8.84917 -11.4721 -52.9562
70.2486 93.8211 -7.7094 -8.89536 -11.5314 -52.9713
70.204 93.7633 -7.9743 -8.94162 -11.5908 -52.9863
70.1592 93.7052 -8.23927 -8.98795 -11.6502 -53.0014
70.1142 93.6468 -8.50431 -9.03434 -11.7098 -53.0164
70.0689 93.5881 -8.76943 -9.08081 -11.7694 -53.0313
70.0234 93.5291 -9.03463 -9.12734 -11.8291 -53.0462
69.9776 93.4698 -9.29989 -9.17394 -11.8889 -53.0612
69.9316 93.4102 -9.56524 -9.22061 -11.9487 -53.076
69.8854 93.3503 -9.83065 -9.26735 -12.0087 -53.0909
69.8389 93.2901 -10.0961 -9.31416 -12.0687 -53.1057
69.7923 93.2296 -10.3617 -9.36103 -12.1288 -53.1205
69.7453 93.1688 -10.6274 -9.40798 -12.189 -53.1353
69.6982 93.1077 -10.8931 -9.45499 -12.2493 -53.15
69.6508 93.0464 -11.1589 -9.50208 -12.3097 -53.1647
69.6032 92.9847 -11.4247 -9.54923 -12.3701 -53.1794
69.5553 92.9227 -11.6906 -9.59646 -12.4306 -53.1941
69.5072 92.8603 -11.9567 -9.64375 -12.4913 -53.2087
69.4589 92.7977 -12.2227 -9.69111 -12.5519 -53.2233
69.4103 92.7348 -12.4889 -9.73854 -12.6127 -53.2379
69.3615 92.6716 -12.7551 -9.78605 -12.6736 -53.2524
69.3124 92.6081 -13.0214 -9.83362 -12.7345 -53.267
69.2631 92.5443 -13.2878 -9.88126 -12.7955 -53.2815
69.2136 92.4801 -13.5542 -9.92898 -12.8566 -53.2959
69.1638 92.4157 -13.8207 -9.97676 -12.9178 -53.3104
69.1138 92.351 -14.0873 -10.0246 -12.9791 -53.3248
69.0636 92.2859 -14.354 -10.0725 -13.0404 -53.3391
69.0131 92.2206 -14.6207 -10.1205 -13.1019 -53.3535
68.9624 92.1549 -14.8875 -10.1686 -13.1634 -53.3678
68.9114 92.0889 -15.1544 -10.2167 -13.225 -53.3821
68.8602 92.0226 -15.4213 -10.2649 -13.2867 -53.3964
68.8088 91.9561 -15.6884 -10.3132 -13.3485 -53.4106
68.7571 91.8892 -15.9555 -10.3616 -13.4103 -53.4248
68.7052 91.8219 -16.2226 -10.41 -13.4723 -53.439
68.653 91.7544 -16.4898 -10.4585 -13.5343 -53.4532
68.6006 91.6866 -16.7571 -10.507 -13.5964 -53.4673
68.5479 91.6185 -17.0245 -10.5557 -13.6586 -53.4814
68.495 91.55 -17.292 -10.6044 -13.7208 -53.4954
68.4419 91.4813 -17.5595 -10.6531 -13.7832 -53.5095
68.3885 91.4122 -17.827 -10.702 -13.8456 -53.5235
68.3349 91.3428 -18.0947 -10.7509 -13.9082 -53.5375
68.281 91.2731 -18.3624 -10.7999 -13.9708 -53.5514
68.2269 91.2031 -18.6302 -10.849 -14.0335 -53.5654
68.1725 91.1328 -18.8981 -10.8981 -14.0963 -53.5793
68.1179 91.0621 -19.166 -10.9473 -14.1591 -53.5931
68.063 90.9912 -19.434 -10.9966 -14.2221 -53.607
68.0079 90.9199 -19.7021 -11.0459 -14.2851 -53.6208
67.9526 90.8483 -19.9702 -11.0953 -14.3482 -53.6346
67.897 90.7764 -20.2384 -11.1448 -14.4114 -53.6483
67.8411 90.7042 -20.5067 -11.1944 -14.4747 -53.662
67.785 90.6317 -20.775 -11.244 -14.5381 -53.6757
67.7287 90.5588 -21.0435 -11.2937 -14.6016 -53.6894
67.6721 90.4857 -21.3119 -11.3435 -14.6651 -53.7031
67.6152 90.4122 -21.5805 -11.3934 -14.7288 -53.7167
67.5581 90.3384 -21.8491 -11.4433 -14.7925 -53.7303
67.5008 90.2643 -22.1178 -11.4933 -14.8563 -53.7438
67.4432 90.1898 -22.3865 -11.5434 -14.9202 -53.7573
67.3854 90.1151 -22.6554 -11.5935 -14.9842 -53.7708
67.3273 90.04 -22.9243 -11.6437 -15.0482 -53.7843
67.2689 89.9646 -23.1932 -11.694 -15.1124 -53.7978
67.2103 89.8889 -23.4622 -11.7444 -15.1766 -53.8112
67.1515 89.8128 -23.7313 -11.7948 -15.2409 -53.8246
67.0924 89.7364 -24.0005 -11.8453 -15.3053 -53.8379
67.033 89.6598 -24.2697 -11.8959 -15.3698 -53.8513
66.9734 89.5827 -24.539 -11.9465 -15.4344 -53.8646
66.9136 89.5054 -24.8083 -11.9973 -15.4991 -53.8778
66.8535 89.4278 -25.0778 -12.0481 -15.5638 -53.8911
66.7931 89.3498 -25.3473 -12.0989 -15.6287 -53.9043
66.7325 89.2715 -25.6168 -12.1499 -15.6936 -53.9175
66.6716 89.1928 -25.8864 -12.2009 -15.7586 -53.9307
66.6105 89.1139 -26.1561 -12.252 -15.8237 -53.9438
66.5491 89.0346 -26.4259 -12.3032 -15.8889 -53.9569
66.4874 88.955 -26.6957 -12.3544 -15.9541 -53.97
66.4255 88.8751 -26.9656 -12.4057 -16.0195 -53.9831
66.3634 88.7948 -27.2355 -12.4571 -16.085 -53.9961
66.301 88.7142 -27.5055 -12.5085 -16.1505 -54.0091
66.2383 88.6333 -27.7756 -12.5601 -16.2161 -54.0221
66.1754 88.5521 -28.0458 -12.6117 -16.2818 -54.0351
66.1122 88.4705 -28.316 -12.6633 -16.3476 -54.048
66.0487 88.3886 -28.5862 -12.7151 -16.4135 -54.0609
65.985 88.3063 -28.8566 -12.7669 -16.4795 -54.0738
65.9211 88.2238 -29.127 -12.8188 -16.5455 -54.0866
65.8568 88.1409 -29.3974 -12.8708 -16.6117 -54.0994
65.7923 88.0577 -29.668 -12.9228 -16.6779 -54.1123
65.7276 87.9741 -29.9386 -12.9749 -16.7442 -54.125
65.6626 87.8902 -30.2092 -13.0271 -16.8106 -54.1378
65.5973 87.806 -30.4799 -13.0793 -16.8771 -54.1505
65.5318 87.7215 -30.7507 -13.1317 -16.9437 -54.1632
65.466 87.6366 -31.0216 -13.184 -17.0104 -54.1759
65.4 87.5513 -31.2925 -13.2365 -17.0771 -54.1886
65.3337 87.4658 -31.5635 -13.2891 -17.144 -54.2012
65.2671 87.3799 -31.8345 -13.3417 -17.2109 -54.2138
65.2002 87.2937 -32.1056 -13.3943 -17.2779 -54.2264
65.1331 87.2071 -32.3768 -13.4471 -17.345 -54.239
65.0658 87.1202 -32.648 -13.4999 -17.4122 -54.2515
64.9981 87.033 -32.9193 -13.5528 -17.4795 -54.264
64.9302 86.9454 -33.1906 -13.6058 -17.5468 -54.2765
64.8621 86.8575 -33.462 -13.6588 -17.6143 -54.289
64.7936 86.7693 -33.7335 -13.7119 -17.6818 -54.3015
64.725 86.6807 -34.005 -13.7651 -17.7495 -54.3139
64.656 86.5918 -34.2766 -13.8183 -17.8172 -54.3263
64.5868 86.5025 -34.5483 -13.8716 -17.885 -54.3387
64.5173 86.413 -34.82 -13.925 -17.9529 -54.3511
64.4475 86.323 -35.0918 -13.9784 -18.0209 -54.3635
64.3775 86.2327 -35.3637 -14.0319 -18.0889 -54.3758
64.3072 86.1421 -35.6356 -14.0855 -18.1571 -54.3881
64.2366 86.0512 -35.9076 -14.1392 -18.2253 -54.4004
64.1658 85.9599 -36.1796 -14.1929 -18.2937 -54.4127
64.0947 85.8682 -36.4517 -14.2467 -18.3621 -54.425
64.0233 85.7763 -36.7238 -14.3005 -18.4306 -54.4372
63.9517 85.6839 -36.9961 -14.3544 -18.4992 -54.4495
63.8798 85.5913 -37.2683 -14.4084 -18.5678 -54.4617
63.8076 85.4983 -37.5407 -14.4624 -18.6366 -54.4739
63.7352 85.4049 -37.8131 -14.5165 -18.7055 -54.4861
63.6625 85.3112 -38.0855 -14.5707 -18.7744 -54.4982
63.5895 85.2172 -38.3581 -14.6249 -18.8434 -54.5104
63.5162 85.1228 -38.6306 -14.6792 -18.9125 -54.5225
63.4427 85.028 -38.9033 -14.7336 -18.9817 -54.5347
63.3689 84.9329 -39.176 -14.788 -19.051 -54.5468
63.2948 84.8375 -39.4487 -14.8425 -19.1204 -54.5589
63.2205 84.7417 -39.7216 -14.897 -19.1899 -54.571
63.1458 84.6456 -39.9945 -14.9516 -19.2594 -54.5831
63.0709 84.5492 -40.2674 -15.0063 -19.329 -54.5951
62.9958 84.4523 -40.5404 -15.061 -19.3988 -54.6072
62.9203 84.3552 -40.8135 -15.1157 -19.4686 -54.6192
62.8446 84.2576 -41.0866 -15.1706 -19.5385 -54.6313
62.7686 84.1598 -41.3598 -15.2255 -19.6084 -54.6433
62.6924 84.0616 -41.633 -15.2804 -19.6785 -54.6554
62.6158 83.963 -41.9063 -15.3354 -19.7487 -54.6674
62.539 83.8641 -42.1797 -15.3904 -19.8189 -54.6794
62.4619 83.7648 -42.4531 -15.4456 -19.8892 -54.6914
62.3845 83.6652 -42.7266 -15.5007 -19.9596 -54.7034
62.3069 83.5652 -43.0002 -15.5559 -20.0301 -54.7154
62.229 83.4649 -43.2738 -15.6112 -20.1007 -54.7275
62.1508 83.3642 -43.5474 -15.6665 -20.1714 -54.7395
62.0723 83.2632 -43.8212 -15.7218 -20.2421 -54.7515
61.9936 83.1618 -44.095 -15.7772 -20.3129 -54.7635
61.9146 83.06 -44.3688 -15.8327 -20.3839 -54.7755
61.8353 82.9579 -44.6427 -15.8881 -20.4549 -54.7875
61.7557 82.8555 -44.9167 -15.9437 -20.526 -54.7995
61.6758 82.7527 -45.1907 -15.9993 -20.5971 -54.8116
61.5957 82.6495 -45.4648 -16.0549 -20.6684 -54.8236
61.5153 82.546 -45.7389 -16.1105 -20.7397 -54.8356
61.4346 82.4421 -46.0131 -16.1662 -20.8111 -54.8477
61.3536 82.3379 -46.2874 -16.2219 -20.8826 -54.8597
61.2724 82.2333 -46.5617 -16.2777 -20.9542 -54.8718
61.1908 82.1283 -46.8361 -16.3335 -21.0259 -54.8839
61.109 82.023 -47.1106 -16.3893 -21.0976 -54.896
61.0269 81.9174 -47.3851 -16.4451 -21.1695 -54.9081
60.9446 81.8113 -47.6597 -16.501 -21.2414 -54.9202
60.8619 81.705 -47.9343 -16.5569 -21.3134 -54.9323
60.779 81.5982 -48.209 -16.6128 -21.3854 -54.9445
60.6958 81.4911 -48.4837 -16.6688 -21.4576 -54.9567
60.6123 81.3836 -48.7586 -16.7247 -21.5298 -54.9689
60.5286 81.2758 -49.0334 -16.7807 -21.6021 -54.9811
60.4445 81.1676 -49.3084 -16.8367 -21.6745 -54.9934
60.3602 81.0591 -49.5834 -16.8927 -21.747 -55.0056
60.2756 80.9501 -49.8584 -16.9487 -21.8195 -55.0179
60.1907 80.8409 -50.1335 -17.0047 -21.8921 -55.0303
60.1055 80.7312 -50.4087 -17.0607 -21.9648 -55.0426
60.0201 80.6212 -50.684 -17.1168 -22.0376 -55.055
59.9344 80.5108 -50.9593 -17.1728 -22.1104 -55.0675
59.8484 80.4001 -51.2346 -17.2288 -22.1833 -55.0799
59.7621 80.289 -51.5101 -17.2848 -22.2563 -55.0924
59.6755 80.1776 -51.7856 -17.3408 -22.3294 -55.105
59.5887 80.0657 -52.0611 -17.3967 -22.4025 -55.1176
59.5015 79.9535 -52.3367 -17.4527 -22.4757 -55.1302
59.4141 79.841 -52.6124 -17.5086 -22.549 -55.1429
59.3265 79.728 -52.8882 -17.5645 -22.6223 -55.1556
59.2385 79.6147 -53.164 -17.6204 -22.6957 -55.1684
59.1503 79.5011 -53.4399 -17.6762 -22.7692 -55.1812
59.0617 79.387 -53.7158 -17.7319 -22.8428 -55.1941
58.9729 79.2727 -53.9918 -17.7877 -22.9164 -55.207
58.8839 79.1579 -54.2679 -17.8434 -22.99 -55.22
58.7945 79.0428 -54.544 -17.899 -23.0638 -55.2331
58.7049 78.9272 -54.8202 -17.9545 -23.1376 -55.2462
58.615 78.8114 -55.0965 -18.01 -23.2114 -55.2593
58.5248 78.6951 -55.3728 -18.0654 -23.2853 -55.2726
58.4343 78.5785 -55.6492 -18.1208 -23.3593 -55.2859
58.3436 78.4615 -55.9257 -18.176 -23.4333 -55.2992
58.2525 78.3442 -56.2022 -18.2312 -23.5074 -55.3127
58.1613 78.2265 -56.4788 -18.2862 -23.5815 -55.3262
58.0697 78.1084 -56.7554 -18.3411 -23.6557 -55.3397
57.9778 77.9899 -57.0322 -18.396 -23.7299 -55.3534
57.8857 77.8711 -57.309 -18.4507 -23.8042 -55.3671
57.7933 77.7519 -57.5858 -18.5052 -23.8785 -55.3809
57.7007 77.6323 -57.8628 -18.5597 -23.9528 -55.3948
57.6077 77.5123 -58.1398 -18.6139 -24.0272 -55.4088
57.5145 77.392 -58.4169 -18.6681 -24.1016 -55.4228
57.4211 77.2713 -58.694 -18.722 -24.1761 -55.4369
57.3273 77.1503 -58.9712 -18.7758 -24.2506 -55.4511
57.2333 77.0288 -59.2485 -18.8294 -24.3251 -55.4654
57.139 76.907 -59.5259 -18.8828 -24.3997 -55.4798
57.0445 76.7848 -59.8033 -18.9359 -24.4742 -55.4942
56.9497 76.6623 -60.0808 -18.9889 -24.5488 -55.5088
56.8546 76.5393 -60.3584 -19.0416 -24.6234 -55.5234
56.7593 76.416 -60.6361 -19.0941 -24.6981 -55.5381
56.6637 76.2924 -60.9138 -19.1463 -24.7727 -55.5528
56.5678 76.1683 -61.1916 -19.1983 -24.8474 -55.5677
56.4717 76.0439 -61.4695 -19.25 -24.922 -55.5826
56.3753 75.9191 -61.7474 -19.3013 -24.9966 -55.5975
56.2787 75.7939 -62.0255 -19.3524 -25.0713 -55.6126
56.1818 75.6684 -62.3036 -19.4032 -25.1459 -55.6277
56.0846 75.5425 -62.5817 -19.4536 -25.2205 -55.6428
55.9872 75.4162 -62.86 -19.5036 -25.2952 -55.6581
55.8896 75.2895 -63.1383 -19.5533 -25.3697 -55.6733
55.7917 75.1625 -63.4167 -19.6026 -25.4443 -55.6886
55.6936 75.0351 -63.6952 -19.6515 -25.5188 -55.7039
55.5952 74.9073 -63.9738 -19.7 -25.5933 -55.7193
55.4966 74.7791 -64.2524 -19.7481 -25.6678 -55.7346
55.3977 74.6506 -64.5311 -19.7957 -25.7422 -55.7499
55.2986 74.5217 -64.8099 -19.8429 -25.8166 -55.7653
55.1993 74.3924 -65.0888 -19.8896 -25.8909 -55.7806
55.0997 74.2628 -65.3677 -19.9358 -25.9652 -55.7958
54.9999 74.1328 -65.6467 -19.9814 -26.0393 -55.8111
54.8999 74.0024 -65.9258 -20.0266 -26.1135 -55.8262
54.7997 73.8717 -66.205 -20.0712 -26.1875 -55.8412
54.6992 73.7405 -66.4842 -20.1153 -26.2615 -55.8561
54.5985 73.609 -66.7635 -20.1588 -26.3354 -55.8709
54.4976 73.4772 -67.0429 -20.2018 -26.4092 -55.8856
54.3965 73.3449 -67.3224 -20.2442 -26.4829 -55.9
54.2952 73.2124 -67.6019 -20.2859 -26.5565 -55.9142
54.1936 73.0794 -67.8815 -20.3271 -26.63 -55.9282
54.0919 72.9461 -68.1612 -20.3676 -26.7034 -55.942
53.99 72.8124 -68.441 -20.4076 -26.7767 -55.9554
53.8878 72.6783 -68.7208 -20.4469 -26.8499 -55.9685
53.7855 72.5439 -69.0006 -20.4856 -26.923 -55.9812
53.683 72.4091 -69.2806 -20.5237 -26.996 -55.9936
53.5803 72.2739 -69.5606 -20.5612 -27.0688 -56.0055
53.4774 72.1384 -69.8406 -20.5981 -27.1416 -56.0169
53.3743 72.0025 -70.1207 -20.6343 -27.2142 -56.0279
53.271 71.8662 -70.4009 -20.67 -27.2867 -56.0382
53.1676 71.7296 -70.6811 -20.7051 -27.3591 -56.0481
53.064 71.5926 -70.9614 -20.7397 -27.4314 -56.0572
52.9602 71.4553 -71.2417 -20.7737 -27.5036 -56.0658
52.8562 71.3176 -71.5221 -20.8072 -27.5757 -56.0736
52.7521 71.1795 -71.8024 -20.8403 -27.6477 -56.0807
52.6478 71.0411 -72.0829 -20.8729 -27.7196 -56.087
52.5434 70.9023 -72.3633 -20.9051 -27.7914 -56.0925
52.4388 70.7632 -72.6438 -20.9369 -27.8631 -56.0972
52.334 70.6237 -72.9243 -20.9684 -27.9348 -56.101
52.2291 70.4839 -73.2048 -20.9996 -28.0064 -56.1038
52.124 70.3437 -73.4853 -21.0305 -28.0779 -56.1058
52.0188 70.2031 -73.7658 -21.0613 -28.1495 -56.1068
51.9134 70.0622 -74.0464 -21.0919 -28.221 -56.1069
51.8079 69.9209 -74.3269 -21.1224 -28.2925 -56.1059
51.7022 69.7792 -74.6074 -21.1529 -28.364 -56.104
51.5963 69.6372 -74.888 -21.1835 -28.4355 -56.1011
51.4904 69.4949 -75.1685 -21.2141 -28.5071 -56.0971
51.3842 69.3522 -75.4489 -21.2448 -28.5787 -56.0921
51.2779 69.2091 -75.7294 -21.2758 -28.6504 -56.0861
51.1715 69.0657 -76.0098 -21.3069 -28.7221 -56.0791
51.0648 68.9219 -76.2902 -21.3384 -28.7939 -56.0711
50.9581 68.7777 -76.5705 -21.3703 -28.8659 -56.0621
50.8511 68.6332 -76.8508 -21.4025 -28.938 -56.0521
50.744 68.4883 -77.131 -21.4352 -29.0102 -56.0412
50.6368 68.3431 -77.4112 -21.4685 -29.0825 -56.0294
50.5294 68.1975 -77.6913 -21.5022 -29.1551 -56.0166
50.4218 68.0516 -77.9714 -21.5366 -29.2278 -56.003
50.314 67.9052 -78.2513 -21.5716 -29.3007 -55.9886
50.2061 67.7586 -78.5312 -21.6073 -29.3738 -55.9733
50.0979 67.6115 -78.8111 -21.6436 -29.4471 -55.9573
49.9896 67.4641 -79.0908 -21.6807 -29.5206 -55.9405
49.8811 67.3163 -79.3705 -21.7186 -29.5943 -55.923
49.7724 67.1681 -79.65 -21.7572 -29.6683 -55.9049
49.6635 67.0196 -79.9295 -21.7967 -29.7426 -55.8861
49.5545 66.8707 -80.2089 -21.8369 -29.8171 -55.8667
49.4452 66.7214 -80.4882 -21.878 -29.8918 -55.8468
49.3357 66.5718 -80.7674 -21.9199 -29.9668 -55.8263
49.226 66.4218 -81.0464 -21.9626 -30.0421 -55.8054
49.1161 66.2714 -81.3254 -22.0062 -30.1176 -55.784
49.0059 66.1206 -81.6043 -22.0506 -30.1934 -55.7622
48.8956 65.9694 -81.883 -22.0959 -30.2695 -55.74
48.785 65.8179 -82.1617 -22.142 -30.3459 -55.7175
48.6741 65.666 -82.4402 -22.1889 -30.4225 -55.6946
48.5631 65.5137 -82.7186 -22.2367 -30.4994 -55.6715
48.4518 65.361 -82.9969 -22.2853 -30.5766 -55.6481
48.3402 65.2079 -83.2751 -22.3347 -30.654 -55.6244
48.2284 65.0544 -83.5532 -22.385 -30.7317 -55.6005
48.1164 64.9006 -83.8311 -22.436 -30.8097 -55.5765
48.0041 64.7464 -84.1089 -22.4877 -30.8879 -55.5522
47.8915 64.5917 -84.3866 -22.5403 -30.9664 -55.5278
47.7787 64.4367 -84.6642 -22.5936 -31.0452 -55.5033
47.6656 64.2813 -84.9417 -22.6476 -31.1242 -55.4786
47.5522 64.1254 -85.219 -22.7023 -31.2035 -55.4539
47.4385 63.9692 -85.4962 -22.7577 -31.283 -55.429
47.3246 63.8126 -85.7733 -22.8139 -31.3628 -55.4041
47.2104 63.6556 -86.0502 -22.8706 -31.4428 -55.3791
47.0959 63.4982 -86.3271 -22.9281 -31.523 -55.354
46.9811 63.3404 -86.6038 -22.9862 -31.6035 -55.3289
46.866 63.1822 -86.8804 -23.0448 -31.6842 -55.3038
46.7507 63.0235 -87.1568 -23.1041 -31.7651 -55.2786
46.635 62.8645 -87.4332 -23.164 -31.8463 -55.2534
46.519 62.7051 -87.7094 -23.2245 -31.9277 -55.2282
46.4027 62.5452 -87.9854 -23.2855 -32.0093 -55.203
46.2862 62.385 -88.2614 -23.3471 -32.0911 -55.1777
46.1693 62.2243 -88.5372 -23.4092 -32.1731 -55.1525
46.0521 62.0632 -88.8129 -23.4718 -32.2553 -55.1272
45.9346 61.9018 -89.0885 -23.5349 -32.3377 -55.102
45.8167 61.7399 -89.3639 -23.5984 -32.4203 -55.0767
45.6986 61.5776 -89.6393 -23.6625 -32.5032 -55.0514
45.5801 61.4148 -89.9144 -23.727 -32.5862 -55.0262
45.4613 61.2517 -90.1895 -23.792 -32.6693 -55.0009
45.3422 61.0881 -90.4645 -23.8574 -32.7527 -54.9756
45.2227 60.9242 -90.7393 -23.9232 -32.8363 -54.9504
45.1029 60.7598 -91.014 -23.9895 -32.92 -54.9251
44.9828 60.595 -91.2885 -24.0561 -33.0039 -54.8998
44.8624 60.4297 -91.563 -24.1232 -33.088 -54.8745
44.7416 60.2641 -91.8373 -24.1906 -33.1722 -54.8492
44.6205 60.098 -92.1114 -24.2584 -33.2566 -54.8239
44.499 59.9315 -92.3855 -24.3266 -33.3412 -54.7986
44.3772 59.7646 -92.6594 -24.3951 -33.4259 -54.7733
44.2551 59.5973 -92.9332 -24.4639 -33.5108 -54.7479
44.1326 59.4295 -93.2069 -24.5331 -33.5959 -54.7225
44.0097 59.2613 -93.4805 -24.6026 -33.6811 -54.6971
43.8865 59.0927 -93.7539 -24.6725 -33.7664 -54.6717
43.763 58.9236 -94.0272 -24.7426 -33.8519 -54.6462
43.6391 58.7542 -94.3003 -24.8131 -33.9376 -54.6208
43.5149 58.5843 -94.5734 -24.8838 -34.0233 -54.5952
43.3903 58.4139 -94.8463 -24.9549 -34.1093 -54.5697
43.2653 58.2432 -95.1191 -25.0262 -34.1953 -54.5441
43.14 58.072 -95.3917 -25.0978 -34.2816 -54.5184
43.0144 57.9004 -95.6643 -25.1697 -34.3679 -54.4927
42.8883 57.7283 -95.9367 -25.2419 -34.4544 -54.467
42.7619 57.5558 -96.2089 -25.3143 -34.541 -54.4411
42.6352 57.3829 -96.4811 -25.3869 -34.6277 -54.4153
42.5081 57.2095 -96.7531 -25.4598 -34.7146 -54.3893
42.3806 57.0357 -97.025 -25.533 -34.8016 -54.3633
42.2527 56.8615 -97.2967 -25.6064 -34.8887 -54.3372
42.1245 56.6869 -97.5683 -25.68 -34.976 -54.3111
41.9959 56.5118 -97.8398 -25.7539 -35.0633 -54.2848
41.867 56.3362 -98.1112 -25.828 -35.1508 -54.2585
41.7377 56.1603 -98.3824 -25.9023 -35.2385 -54.2321
41.608 55.9838 -98.6535 -25.9768 -35.3262 -54.2056
41.4779 55.807 -98.9245 -26.0515 -35.414 -54.179
41.3474 55.6297 -99.1953 -26.1265 -35.502 -54.1523
41.2166 55.452 -99.466 -26.2016 -35.5901 -54.1255
41.0854 55.2738 -99.7366 -26.277 -35.6783 -54.0986
40.9539 55.0952 -100.007 -26.3526 -35.7666 -54.0715
40.8219 54.9161 -100.277 -26.4283 -35.8551 -54.0444
40.6896 54.7366 -100.547 -26.5043 -35.9436 -54.0171
40.5569 54.5567 -100.817 -26.5804 -36.0323 -53.9898
40.4238 54.3763 -101.087 -26.6568 -36.1211 -53.9623
40.2903 54.1955 -101.357 -26.7333 -36.2099 -53.9346
40.1564 54.0142 -101.627 -26.81 -36.2989 -53.9069
40.0222 53.8325 -101.896 -26.8869 -36.388 -53.879
39.8876 53.6503 -102.165 -26.964 -36.4773 -53.8509
39.7526 53.4677 -102.435 -27.0412 -36.5666 -53.8228
39.6172 53.2847 -102.704 -27.1186 -36.656 -53.7944
39.4814 53.1012 -102.973 -27.1962 -36.7455 -53.766
39.3452 52.9172 -103.241 -27.274 -36.8352 -53.7374
39.2086 52.7328 -103.51 -27.352 -36.9249 -53.7086
39.0717 52.548 -103.778 -27.4301 -37.0148 -53.6797
38.9343 52.3627 -104.047 -27.5084 -37.1048 -53.6506
38.7966 52.1769 -104.315 -27.5868 -37.1948 -53.6214
38.6585 51.9907 -104.583 -27.6654 -37.285 -53.592
38.5199 51.8041 -104.851 -27.7442 -37.3753 -53.5624
38.381 51.617 -105.119 -27.8231 -37.4656 -53.5327
38.2417 51.4294 -105.386 -27.9022 -37.5561 -53.5028
38.102 51.2414 -105.654 -27.9815 -37.6467 -53.4727
37.9619 51.0529 -105.921 -28.0609 -37.7374 -53.4424
37.8214 50.864 -106.188 -28.1405 -37.8282 -53.412
37.6805 50.6747 -106.455 -28.2202 -37.919 -53.3813
37.5392 50.4848 -106.722 -28.3001 -38.01 -53.3505
37.3975 50.2946 -106.989 -28.3802 -38.1011 -53.3195
37.2554 50.1038 -107.255 -28.4604 -38.1923 -53.2884
37.1129 49.9126 -107.521 -28.5407 -38.2836 -53.257
36.97 49.721 -107.788 -28.6212 -38.375 -53.2254
36.8267 49.5289 -108.054 -28.7019 -38.4664 -53.1936
36.683 49.3363 -108.32 -28.7827 -38.558 -53.1617
36.5388 49.1433 -108.585 -28.8636 -38.6497 -53.1295
36.3943 48.9498 -108.851 -28.9447 -38.7415 -53.0971
36.2494 48.7559 -109.116 -29.0259 -38.8333 -53.0646
36.1041 48.5615 -109.381 -29.1073 -38.9253 -53.0318
35.9583 48.3666 -109.647 -29.1888 -39.0174 -52.9988
35.8122 48.1713 -109.911 -29.2705 -39.1095 -52.9656
35.6656 47.9756 -110.176 -29.3523 -39.2018 -52.9322
35.5187 47.7793 -110.441 -29.4343 -39.2941 -52.8985
35.3713 47.5826 -110.705 -29.5164 -39.3866 -52.8647
35.2235 47.3854 -110.969 -29.5987 -39.4791 -52.8306
35.0753 47.1878 -111.234 -29.681 -39.5718 -52.7963
34.9267 46.9897 -111.497 -29.7636 -39.6645 -52.7617
34.7777 46.7912 -111.761 -29.8462 -39.7573 -52.727
34.6282 46.5922 -112.025 -29.929 -39.8503 -52.692
34.4784 46.3927 -112.288 -30.012 -39.9433 -52.6568
34.3281 46.1927 -112.551 -30.0951 -40.0364 -52.6213
34.1774 45.9923 -112.814 -30.1783 -40.1296 -52.5856
34.0263 45.7914 -113.077 -30.2617 -40.2229 -52.5497
33.8748 45.5901 -113.34 -30.3452 -40.3163 -52.5135
33.7229 45.3883 -113.602 -30.4288 -40.4098 -52.4771
33.5705 45.186 -113.865 -30.5126 -40.5033 -52.4405
33.4177 44.9832 -114.127 -30.5965 -40.597 -52.4036
33.2645 44.78 -114.389 -30.6805 -40.6907 -52.3664
33.1109 44.5763 -114.65 -30.7647 -40.7846 -52.329
32.9569 44.3722 -114.912 -30.849 -40.8785 -52.2914
32.8024 44.1675 -115.173 -30.9334 -40.9726 -52.2535
32.6476 43.9624 -115.434 -31.018 -41.0667 -52.2153
32.4923 43.7569 -115.695 -31.1027 -41.1609 -52.1769
32.3365 43.5508 -115.956 -31.1876 -41.2552 -52.1383
32.1804 43.3443 -116.217 -31.2725 -41.3496 -52.0993
32.0238 43.1373 -116.477 -31.3576 -41.4441 -52.0601
31.8668 42.9299 -116.737 -31.4429 -41.5387 -52.0207
31.7094 42.722 -116.997 -31.5283 -41.6333 -51.9809
31.5515 42.5136 -117.257 -31.6138 -41.7281 -51.9409
31.3933 42.3047 -117.517 -31.6994 -41.8229 -51.9007
31.2345 42.0953 -117.776 -31.7851 -41.9178 -51.8601
31.0754 41.8855 -118.035 -31.871 -42.0129 -51.8193
30.9158 41.6752 -118.294 -31.9571 -42.108 -51.7782
30.7558 41.4644 -118.553 -32.0432 -42.2032 -51.7369
30.5954 41.2532 -118.812 -32.1295 -42.2984 -51.6952
30.4345 41.0414 -119.07 -32.2159 -42.3938 -51.6533
30.2732 40.8292 -119.328 -32.3024 -42.4893 -51.6111
30.1115 40.6165 -119.586 -32.3891 -42.5848 -51.5686
29.9493 40.4034 -119.844 -32.4759 -42.6804 -51.5258
29.7868 40.1897 -120.101 -32.5628 -42.7761 -51.4827
29.6237 39.9756 -120.359 -32.6499 -42.8719 -51.4394
29.4603 39.761 -120.616 -32.737 -42.9678 -51.3957
29.2964 39.5459 -120.873 -32.8243 -43.0638 -51.3518
29.132 39.3304 -121.129 -32.9118 -43.1599 -51.3075
28.9672 39.1143 -121.386 -32.9993 -43.256 -51.263
28.802 38.8978 -121.642 -33.087 -43.3522 -51.2181
28.6364 38.6808 -121.898 -33.1748 -43.4485 -51.173
28.4703 38.4633 -122.154 -33.2627 -43.5449 -51.1275
28.3037 38.2454 -122.409 -33.3508 -43.6414 -51.0818
28.1368 38.0269 -122.665 -33.439 -43.738 -51.0357
27.9693 37.808 -122.92 -33.5273 -43.8346 -50.9893
27.8015 37.5886 -123.174 -33.6157 -43.9314 -50.9427
27.6332 37.3687 -123.429 -33.7042 -44.0282 -50.8957
27.4645 37.1483 -123.683 -33.7929 -44.1251 -50.8484
27.2953 36.9274 -123.938 -33.8817 -44.222 -50.8007
27.1256 36.7061 -124.191 -33.9706 -44.3191 -50.7528
26.9556 36.4842 -124.445 -34.0597 -44.4163 -50.7045
26.785 36.2619 -124.698 -34.1488 -44.5135 -50.656
26.6141 36.0391 -124.952 -34.2381 -44.6108 -50.6071
26.4427 35.8158 -125.205 -34.3275 -44.7082 -50.5578
26.2708 35.592 -125.457 -34.4171 -44.8056 -50.5083
26.0985 35.3678 -125.71 -34.5067 -44.9032 -50.4584
25.9257 35.143 -125.962 -34.5965 -45.0008 -50.4082
25.7525 34.9177 -126.214 -34.6864 -45.0985 -50.3577
25.5789 34.692 -126.465 -34.7764 -45.1963 -50.3068
25.4048 34.4658 -126.717 -34.8665 -45.2942 -50.2556
25.2302 34.2391 -126.968 -34.9568 -45.3921 -50.204
25.0552 34.0119 -127.219 -35.0471 -45.4901 -50.1521
24.8797 33.7842 -127.469 -35.1376 -45.5882 -50.0999
24.7038 33.556 -127.72 -35.2282 -45.6864 -50.0473
24.5274 33.3273 -127.97 -35.319 -45.7847 -49.9944
24.3506 33.0981 -128.22 -35.4098 -45.883 -49.9412
24.1734 32.8685 -128.469 -35.5008 -45.9814 -49.8876
23.9956 32.6383 -128.719 -35.5919 -46.0799 -49.8336
23.8174 32.4077 -128.968 -35.6831 -46.1784 -49.7793
23.6388 32.1765 -129.216 -35.7744 -46.2771 -49.7246
23.4597 31.9449 -129.465 -35.8658 -46.3758 -49.6696
23.2801 31.7128 -129.713 -35.9574 -46.4746 -49.6143
23.1001 31.4802 -129.961 -36.049 -46.5734 -49.5585
22.9196 31.247 -130.209 -36.1408 -46.6723 -49.5024
22.7387 31.0134 -130.456 -36.2327 -46.7714 -49.446
22.5573 30.7793 -130.703 -36.3247 -46.8704 -49.3892
22.3755 30.5447 -130.95 -36.4169 -46.9696 -49.332
22.1931 30.3096 -131.196 -36.5091 -47.0688 -49.2744
22.0104 30.074 -131.443 -36.6015 -47.1681 -49.2165
21.8271 29.838 -131.689 -36.6939 -47.2675 -49.1582
21.6434 29.6014 -131.934 -36.7865 -47.3669 -49.0996
21.4593 29.3643 -132.18 -36.8792 -47.4664 -49.0405
21.2746 29.1267 -132.425 -36.972 -47.566 -48.9811
21.0895 28.8886 -132.669 -37.0649 -47.6656 -48.9213
20.904 28.65 -132.914 -37.158 -47.7653 -48.8612
20.718 28.411 -133.158 -37.2511 -47.8651 -48.8006
20.5315 28.1714 -133.402 -37.3444 -47.965 -48.7397
20.3445 27.9313 -133.645 -37.4377 -48.0649 -48.6784
20.1571 27.6908 -133.889 -37.5312 -48.1649 -48.6167
19.9692 27.4497 -134.132 -37.6248 -48.2649 -48.5546
19.7809 27.2081 -134.374 -37.7185 -48.365 -48.4921
19.592 26.966 -134.617 -37.8123 -48.4652 -48.4292
19.4027 26.7234 -134.859 -37.9062 -48.5655 -48.3659
19.213 26.4804 -135.1 -38.0002 -48.6658 -48.3022
19.0227 26.2368 -135.342 -38.0944 -48.7662 -48.2382
18.832 25.9927 -135.583 -38.1886 -48.8666 -48.1737
18.6408 25.7481 -135.823 -38.283 -48.9671 -48.1088
18.4492 25.503 -136.064 -38.3774 -49.0677 -48.0436
18.2571 25.2574 -136.304 -38.472 -49.1683 -47.9779
18.0645 25.0114 -136.543 -38.5666 -49.269 -47.9118
17.8714 24.7648 -136.783 -38.6614 -49.3697 -47.8453
17.6779 24.5177 -137.022 -38.7563 -49.4705 -47.7784
17.4838 24.2701 -137.261 -38.8513 -49.5714 -47.7111
17.2893 24.0219 -137.499 -38.9464 -49.6723 -47.6433
17.0944 23.7733 -137.737 -39.0415 -49.7733 -47.5752
16.8989 23.5242 -137.975 -39.1368 -49.8744 -47.5066
16.703 23.2746 -138.212 -39.2322 -49.9755 -47.4376
16.5066 23.0245 -138.449 -39.3277 -50.0766 -47.3682
16.3097 22.7738 -138.686 -39.4233 -50.1778 -47.2983
16.1124 22.5227 -138.922 -39.519 -50.2791 -47.2281
15.9145 22.271 -139.158 -39.6148 -50.3804 -47.1574
15.7162 22.0189 -139.394 -39.7107 -50.4818 -47.0863
15.5174 21.7662 -139.629 -39.8067 -50.5832 -47.0147
15.3182 21.513 -139.864 -39.9028 -50.6847 -46.9427
15.1184 21.2594 -140.098 -39.999 -50.7862 -46.8703
14.9182 21.0052 -140.333 -40.0953 -50.8878 -46.7974
14.7175 20.7505 -140.566 -40.1917 -50.9894 -46.7241
14.5163 20.4953 -140.8 -40.2882 -51.0911 -46.6504
14.3146 20.2396 -141.033 -40.3848 -51.1929 -46.5762
14.1124 19.9834 -141.266 -40.4815 -51.2946 -46.5016
13.9098 19.7266 -141.498 -40.5782 -51.3965 -46.4265
13.7066 19.4694 -141.73 -40.6751 -51.4983 -46.3509
13.503 19.2117 -141.961 -40.7721 -51.6002 -46.275
13.2989 18.9534 -142.193 -40.8691 -51.7022 -46.1985
13.0943 18.6946 -142.423 -40.9663 -51.8042 -46.1216
12.8892 18.4354 -142.654 -41.0635 -51.9063 -46.0443
12.6837 18.1756 -142.884 -41.1609 -52.0083 -45.9665
12.4776 17.9153 -143.113 -41.2583 -52.1105 -45.8882
12.2711 17.6545 -143.343 -41.3558 -52.2126 -45.8095
12.0641 17.3931 -143.572 -41.4534 -52.3149 -45.7303
11.8566 17.1313 -143.8 -41.5511 -52.4171 -45.6506
11.6486 16.869 -144.028 -41.6489 -52.5194 -45.5705
11.4401 16.6061 -144.256 -41.7468 -52.6217 -45.4899
11.2311 16.3428 -144.483 -41.8448 -52.7241 -45.4089
11.0216 16.0789 -144.71 -41.9428 -52.8265 -45.3273
10.8117 15.8145 -144.936 -42.041 -52.9289 -45.2453
10.6012 15.5496 -145.162 -42.1392 -53.0314 -45.1628
10.3903 15.2842 -145.388 -42.2375 -53.1339 -45.0798
10.1789 15.0183 -145.613 -42.3359 -53.2364 -44.9963
9.96693 14.7518 -145.838 -42.4344 -53.339 -44.9124
9.75451 14.4849 -146.062 -42.5329 -53.4416 -44.828
9.5416 14.2174 -146.286 -42.6316 -53.5442 -44.743
9.32819 13.9494 -146.51 -42.7303 -53.6468 -44.6576
9.1143 13.6809 -146.733 -42.8291 -53.7495 -44.5717
8.8999 13.4119 -146.955 -42.928 -53.8522 -44.4853
8.68502 13.1424 -147.178 -43.027 -53.9549 -44.3984
8.46963 12.8724 -147.399 -43.126 -54.0577 -44.311
8.25376 12.6018 -147.621 -43.2251 -54.1605 -44.2231
8.03738 12.3308 -147.842 -43.3243 -54.2633 -44.1347
7.82051 12.0592 -148.062 -43.4236 -54.3661 -44.0458
7.60315 11.7871 -148.282 -43.523 -54.4689 -43.9564
7.38529 11.5145 -148.502 -43.6224 -54.5718 -43.8665
7.16692 11.2414 -148.721 -43.7219 -54.6746 -43.7761
6.94807 10.9678 -148.939 -43.8215 -54.7775 -43.6851
6.72871 10.6936 -149.157 -43.9211 -54.8804 -43.5937
6.50886 10.419 -149.375 -44.0208 -54.9834 -43.5017
6.2885 10.1438 -149.593 -44.1206 -55.0863 -43.4092
6.06765 9.8681 -149.809 -44.2205 -55.1892 -43.3162
5.8463 9.5919 -150.026 -44.3204 -55.2922 -43.2227
5.62445 9.31518 -150.242 -44.4204 -55.3951 -43.1286
5.4021 9.03795 -150.457 -44.5205 -55.4981 -43.0341
5.17924 8.7602 -150.672 -44.6206 -55.6011 -42.939
4.95589 8.48194 -150.886 -44.7208 -55.7041 -42.8433
4.73204 8.20316 -151.1 -44.8211 -55.8071 -42.7471
4.50768 7.92387 -151.314 -44.9214 -55.9101 -42.6504
4.28282 7.64406 -151.527 -45.0218 -56.0131 -42.5532
4.05746 7.36374 -151.739 -45.1222 -56.116 -42.4554
3.8316 7.0829 -151.951 -45.2228 -56.219 -42.3571
3.60524 6.80155 -152.163 -45.3233 -56.322 -42.2582
3.37837 6.51968 -152.374 -45.424 -56.425 -42.1588
3.151 6.2373 -152.585 -45.5247 -56.528 -42.0588
2.92312 5.9544 -152.795 -45.6254 -56.631 -41.9583
2.69474 5.67099 -153.004 -45.7262 -56.734 -41.8573
2.46586 5.38706 -153.213 -45.8271 -56.8369 -41.7557
2.23647 5.10262 -153.422 -45.928 -56.9399 -41.6535
2.00658 4.81766 -153.63 -46.029 -57.0428 -41.5508
1.77618 4.53219 -153.837 -46.13 -57.1458 -41.4475
1.54528 4.24621 -154.044 -46.2311 -57.2487 -41.3437
1.31387 3.95971 -154.251 -46.3322 -57.3516 -41.2393
1.08196 3.67269 -154.457 -46.4334 -57.4545 -41.1343
0.849538 3.38516 -154.662 -46.5347 -57.5573 -41.0287
0.616612 3.09712 -154.867 -46.6359 -57.6602 -40.9226
0.38318 2.80856 -155.071 -46.7373 -57.763 -40.816
0.14924 2.51949 -155.275 -46.8386 -57.8658 -40.7087
-0.085206 2.2299 -155.478 -46.9401 -57.9686 -40.6009
-0.32016 1.9398 -155.681 -47.0415 -58.0714 -40.4925
-0.555621 1.64919 -155.883 -47.143 -58.1741 -40.3835
-0.791589 1.35806 -156.085 -47.2446 -58.2768 -40.2739
-1.02807 1.06642 -156.286 -47.3462 -58.3795 -40.1638
-1.26505 0.774267 -156.486 -47.4478 -58.4821 -40.053
-1.50254 0.481601 -156.686 -47.5494 -58.5847 -39.9417
-1.74054 0.188421 -156.886 -47.6511 -58.6873 -39.8298
-1.97905 -0.105272 -157.085 -47.7529 -58.7898 -39.7173
-2.21807 -0.399477 -157.283 -47.8547 -58.8923 -39.6042
-2.4576 -0.694195 -157.481 -47.9565 -58.9948 -39.4905
-2.69764 -0.989424 -157.678 -48.0583 -59.0972 -39.3762
-2.93818 -1.28517 -157.875 -48.1602 -59.1996 -39.2613
-3.17924 -1.58142 -158.071 -48.2621 -59.3019 -39.1458
-3.4208 -1.87818 -158.266 -48.364 -59.4042 -39.0298
-3.66288 -2.17546 -158.461 -48.466 -59.5064 -38.9131
-3.90546 -2.47325 -158.655 -48.568 -59.6086 -38.7957
-4.14856 -2.77155 -158.849 -48.67 -59.7108 -38.6778
-4.39216 -3.07036 -159.042 -48.772 -59.8129 -38.5593
-4.63628 -3.36967 -159.234 -48.8741 -59.9149 -38.4402
-4.8809 -3.6695 -159.426 -48.9762 -60.0169 -38.3204
-5.12604 -3.96984 -159.618 -49.0783 -60.1188 -38.2
-5.37168 -4.27069 -159.808 -49.1804 -60.2206 -38.079
-5.61784 -4.57205 -159.998 -49.2825 -60.3224 -37.9574
-5.86451 -4.87391 -160.188 -49.3847 -60.4241 -37.8352
-6.11169 -5.17629 -160.377 -49.4868 -60.5258 -37.7123
-6.35937 -5.47917 -160.565 -49.589 -60.6274 -37.5888
-6.60757 -5.78256 -160.753 -49.6912 -60.7289 -37.4647
-6.85629 -6.08646 -160.94 -49.7934 -60.8304 -37.3399
-7.10551 -6.39087 -161.126 -49.8956 -60.9318 -37.2145
-7.35524 -6.69578 -161.312 -49.9979 -61.0331 -37.0885
-7.60549 -7.0012 -161.497 -50.1001 -61.1343 -36.9618
-7.85624 -7.30712 -161.681 -50.2023 -61.2355 -36.8345
-8.10751 -7.61355 -161.865 -50.3046 -61.3365 -36.7066
-8.35929 -7.92048 -162.048 -50.4068 -61.4375 -36.578
-8.61158 -8.22792 -162.231 -50.5091 -61.5384 -36.4488
-8.86438 -8.53587 -162.413 -50.6113 -61.6393 -36.3189
-9.11769 -8.84432 -162.594 -50.7136 -61.74 -36.1884
-9.37151 -9.15327 -162.775 -50.8158 -61.8406 -36.0572
-9.62585 -9.46272 -162.955 -50.918 -61.9412 -35.9254
-9.88069 -9.77268 -163.134 -51.0203 -62.0416 -35.7929
-10.136 -10.0831 -163.313 -51.1225 -62.142 -35.6597
-10.3919 -10.3941 -163.491 -51.2247 -62.2422 -35.5259
-10.6483 -10.7056 -163.668 -51.3269 -62.3424 -35.3915
-10.9052 -11.0175 -163.845 -51.4291 -62.4425 -35.2564
-11.1626 -11.33 -164.021 -51.5313 -62.5424 -35.1206
-11.4205 -11.6429 -164.196 -51.6334 -62.6422 -34.9841
-11.6789 -11.9564 -164.37 -51.7356 -62.742 -34.847
-11.9379 -12.2704 -164.544 -51.8377 -62.8416 -34.7092
-12.1973 -12.5848 -164.717 -51.9398 -62.9411 -34.5707
-12.4572 -12.8998 -164.89 -52.0419 -63.0405 -34.4316
-12.7177 -13.2152 -165.062 -52.1439 -63.1398 -34.2918
-12.9787 -13.5312 -165.233 -52.246 -63.2389 -34.1513
-13.2402 -13.8476 -165.403 -52.348 -63.338 -34.0101
-13.5022 -14.1646 -165.573 -52.4499 -63.4369 -33.8683
-13.7647 -14.482 -165.742 -52.5519 -63.5356 -33.7258
-14.0277 -14.7999 -165.91 -52.6538 -63.6343 -33.5825
-14.2912 -15.1183 -166.078 -52.7557 -63.7328 -33.4386
-14.5552 -15.4372 -166.245 -52.8575 -63.8312 -33.2941
-14.8198 -15.7566 -166.411 -52.9593 -63.9294 -33.1488
-15.0848 -16.0765 -166.576 -53.0611 -64.0276 -33.0028
-15.3504 -16.3969 -166.741 -53.1628 -64.1255 -32.8561
-15.6165 -16.7178 -166.905 -53.2645 -64.2233 -32.7088
-15.883 -17.0391 -167.068 -53.3661 -64.321 -32.5607
-16.1501 -17.361 -167.23 -53.4677 -64.4186 -32.412
-16.4177 -17.6833 -167.392 -53.5692 -64.5159 -32.2625
-16.6858 -18.0061 -167.553 -53.6707 -64.6132 -32.1124
-16.9544 -18.3295 -167.713 -53.7721 -64.7102 -31.9615
-17.2235 -18.6533 -167.873 -53.8735 -64.8071 -31.81
-17.4932 -18.9775 -168.031 -53.9748 -64.9039 -31.6577
-17.7633 -19.3023 -168.189 -54.0761 -65.0005 -31.5047
-18.0339 -19.6275 -168.346 -54.1773 -65.0969 -31.351
-18.3051 -19.9533 -168.503 -54.2784 -65.1932 -31.1966
-18.5767 -20.2795 -168.658 -54.3795 -65.2892 -31.0415
-18.8488 -20.6061 -168.813 -54.4805 -65.3852 -30.8857
-19.1215 -20.9333 -168.967 -54.5815 -65.4809 -30.7292
-19.3947 -21.261 -169.12 -54.6823 -65.5764 -30.5719
-19.6683 -21.5891 -169.273 -54.7831 -65.6718 -30.4139
-19.9425 -21.9177 -169.424 -54.8838 -65.767 -30.2552
-20.2172 -22.2467 -169.575 -54.9845 -65.862 -30.0958
-20.4923 -22.5763 -169.725 -55.085 -65.9568 -29.9357
-20.768 -22.9063 -169.875 -55.1855 -66.0515 -29.7748
-21.0442 -23.2368 -170.023 -55.2859 -66.1459 -29.6132
-21.3209 -23.5678 -170.171 -55.3862 -66.2401 -29.4509
-21.5981 -23.8992 -170.318 -55.4865 -66.3342 -29.2878
-21.8757 -24.2311 -170.464 -55.5866 -66.428 -29.124
-22.1539 -24.5635 -170.609 -55.6866 -66.5216 -28.9595
-22.4326 -24.8963 -170.753 -55.7866 -66.615 -28.7943
-22.7118 -25.2296 -170.897 -55.8864 -66.7082 -28.6283
-22.9915 -25.5634 -171.04 -55.9862 -66.8012 -28.4615
-23.2716 -25.8976 -171.181 -56.0858 -66.894 -28.2941
-23.5523 -26.2323 -171.323 -56.1854 -66.9865 -28.1259
-23.8335 -26.5675 -171.463 -56.2848 -67.0789 -27.9569
-24.1152 -26.9031 -171.602 -56.3841 -67.171 -27.7873
-24.3973 -27.2392 -171.741 -56.4833 -67.2629 -27.6168
-24.68 -27.5758 -171.878 -56.5824 -67.3545 -27.4457
-24.9632 -27.9128 -172.015 -56.6814 -67.4459 -27.2737
-25.2468 -28.2502 -172.151 -56.7803 -67.5371 -27.1011
-25.531 -28.5881 -172.286 -56.879 -67.628 -26.9277
-25.8156 -28.9265 -172.42 -56.9777 -67.7187 -26.7535
-26.1007 -29.2653 -172.554 -57.0762 -67.8092 -26.5786
-26.3864 -29.6046 -172.686 -57.1745 -67.8993 -26.4029
-26.6725 -29.9443 -172.818 -57.2728 -67.9893 -26.2265
-26.9591 -30.2845 -172.948 -57.3709 -68.079 -26.0493
-27.2462 -30.6251 -173.078 -57.4689 -68.1684 -25.8714
-27.5338 -30.9662 -173.207 -57.5667 -68.2576 -25.6927
-27.8219 -31.3077 -173.335 -57.6644 -68.3465 -25.5133
-28.1104 -31.6496 -173.462 -57.7619 -68.4351 -25.3331
-28.3995 -31.992 -173.588 -57.8593 -68.5235 -25.1522
-28.689 -32.3349 -173.714 -57.9566 -68.6116 -24.9704
-28.979 -32.6781 -173.838 -58.0537 -68.6994 -24.788
-29.2696 -33.0219 -173.962 -58.1506 -68.7869 -24.6047
-29.5605 -33.366 -174.084 -58.2474 -68.8742 -24.4207
-29.852 -33.7106 -174.206 -58.344 -68.9611 -24.236
-30.144 -34.0556 -174.327 -58.4405 -69.0478 -24.0504
-30.4364 -34.4011 -174.446 -58.5368 -69.1342 -23.8641
-30.7294 -34.747 -174.565 -58.633 -69.2203 -23.6771
-31.0228 -35.0933 -174.683 -58.7289 -69.3061 -23.4893
-31.3166 -35.44 -174.8 -58.8247 -69.3916 -23.3007
-31.611 -35.7872 -174.916 -58.9203 -69.4767 -23.1113
-31.9058 -36.1348 -175.031 -59.0158 -69.5616 -22.9212
-32.2012 -36.4828 -175.145 -59.111 -69.6462 -22.7303
-32.497 -36.8313 -175.258 -59.2061 -69.7304 -22.5386
-32.7932 -37.1801 -175.371 -59.301 -69.8143 -22.3462
-33.09 -37.5294 -175.482 -59.3957 -69.8979 -22.153
-33.3872 -37.8791 -175.592 -59.4902 -69.9812 -21.959
-33.6849 -38.2292 -175.702 -59.5845 -70.0641 -21.7642
-33.983 -38.5797 -175.81 -59.6786 -70.1467 -21.5687
-34.2816 -38.9307 -175.917 -59.7725 -70.229 -21.3724
-34.5807 -39.282 -176.024 -59.8662 -70.3109 -21.1753
-34.8803 -39.6338 -176.129 -59.9596 -70.3925 -20.9774
-35.1803 -39.9859 -176.233 -60.0529 -70.4738 -20.7788
-35.4808 -40.3385 -176.337 -60.146 -70.5546 -20.5794
-35.7818 -40.6915 -176.439 -60.2388 -70.6352 -20.3792
-36.0832 -41.0449 -176.541 -60.3314 -70.7154 -20.1783
-36.3851 -41.3986 -176.641 -60.4238 -70.7952 -19.9766
-36.6875 -41.7528 -176.74 -60.516 -70.8746 -19.774
-36.9903 -42.1074 -176.839 -60.608 -70.9537 -19.5708
-37.2935 -42.4624 -176.936 -60.6997 -71.0324 -19.3667
-37.5973 -42.8177 -177.032 -60.7911 -71.1108 -19.1619
-37.9015 -43.1735 -177.128 -60.8824 -71.1887 -18.9563
-38.2061 -43.5296 -177.222 -60.9734 -71.2663 -18.7499
-38.5112 -43.8861 -177.315 -61.0641 -71.3435 -18.5427
-38.8167 -44.243 -177.407 -61.1546 -71.4203 -18.3348
-39.1227 -44.6003 -177.498 -61.2449 -71.4967 -18.126
-39.4292 -44.958 -177.589 -61.3349 -71.5727 -17.9165
-39.7361 -45.3161 -177.678 -61.4246 -71.6483 -17.7063
-40.0434 -45.6745 -177.766 -61.5141 -71.7236 -17.4952
-40.3512 -46.0333 -177.853 -61.6033 -71.7984 -17.2834
-40.6595 -46.3925 -177.938 -61.6922 -71.8727 -17.0708
-40.9681 -46.752 -178.023 -61.7809 -71.9467 -16.8574
-41.2773 -47.1119 -178.107 -61.8693 -72.0203 -16.6432
-41.5868 -47.4722 -178.19 -61.9574 -72.0934 -16.4283
-41.8968 -47.8329 -178.271 -62.0452 -72.1661 -16.2126
-42.2073 -48.1939 -178.352 -62.1328 -72.2384 -15.9961
-42.5182 -48.5552 -178.431 -62.22 -72.3102 -15.7788
-42.8295 -48.917 -178.51 -62.307 -72.3816 -15.5608
-43.1412 -49.2791 -178.587 -62.3937 -72.4526 -15.342
-43.4534 -49.6415 -178.663 -62.48 -72.5231 -15.1224
-43.766 -50.0043 -178.738 -62.5661 -72.5932 -14.9021
-44.0791 -50.3674 -178.812 -62.6519 -72.6628 -14.6809
-44.3926 -50.7309 -178.885 -62.7373 -72.732 -14.459
-44.7065 -51.0947 -178.957 -62.8225 -72.8007 -14.2364
-45.0208 -51.4589 -179.027 -62.9073 -72.8689 -14.0129
-45.3355 -51.8234 -179.097 -62.9918 -72.9367 -13.7887
-45.6507 -52.1883 -179.165 -63.076 -73.004 -13.5637
-45.9663 -52.5535 -179.232 -63.1599 -73.0708 -13.338
-46.2823 -52.919 -179.299 -63.2434 -73.1371 -13.1115
-46.5987 -53.2848 -179.364 -63.3266 -73.203 -12.8842
-46.9156 -53.651 -179.427 -63.4094 -73.2684 -12.6562
-47.2328 -54.0175 -179.49 -63.4919 -73.3332 -12.4274
-47.5505 -54.3844 -179.552 -63.5741 -73.3976 -12.1978
-47.8685 -54.7515 -179.612 -63.6559 -73.4615 -11.9675
-48.187 -55.119 -179.671 -63.7374 -73.5249 -11.7364
-48.5059 -55.4868 -179.729 -63.8185 -73.5878 -11.5045
-48.8252 -55.8548 -179.786 -63.8993 -73.6501 -11.2719
-49.1449 -56.2233 -179.842 -63.9797 -73.712 -11.0386
-49.465 -56.592 -179.897 -64.0597 -73.7733 -10.8045
-49.7855 -56.961 -179.95 -64.1394 -73.8341 -10.5696
-50.1064 -57.3303 -180.002 -64.2187 -73.8944 -10.334
-50.4277 -57.6999 -180.054 -64.2976 -73.9542 -10.0976
-50.7494 -58.0698 -180.103 -64.3761 -74.0134 -9.86046
-51.0715 -58.4401 -180.152 -64.4542 -74.0721 -9.62259
-51.3939 -58.8106 -180.2 -64.532 -74.1302 -9.38397
-51.7168 -59.1814 -180.246 -64.6093 -74.1878 -9.1446
-52.04 -59.5524 -180.291 -64.6863 -74.2449 -8.90449
-52.3636 -59.9238 -180.335 -64.7629 -74.3014 -8.66364
-52.6876 -60.2955 -180.378 -64.839 -74.3573 -8.42205
-53.012 -60.6674 -180.419 -64.9148 -74.4127 -8.17973
-53.3368 -61.0396 -180.46 -64.9901 -74.4675 -7.93666
-53.6619 -61.4121 -180.499 -65.065 -74.5217 -7.69287
-53.9874 -61.7848 -180.536 -65.1395 -74.5754 -7.44834
-54.3133 -62.1578 -180.573 -65.2136 -74.6285 -7.20308
-54.6396 -62.5311 -180.609 -65.2873 -74.681 -6.95709
-54.9662 -62.9046 -180.643 -65.3605 -74.7329 -6.71038
-55.2932 -63.2784 -180.676 -65.4333 -74.7842 -6.46294
-55.6205 -63.6525 -180.707 -65.5057 -74.8349 -6.21478
-55.9482 -64.0268 -180.738 -65.5776 -74.8851 -5.9659
-56.2763 -64.4013 -180.767 -65.6491 -74.9346 -5.7163
-56.6047 -64.7761 -180.795 -65.7201 -74.9836 -5.46599
-56.9335 -65.1511 -180.822 -65.7906 -75.0319 -5.21497
-57.2626 -65.5264 -180.847 -65.8608 -75.0796 -4.96324
-57.5921 -65.9019 -180.871 -65.9304 -75.1267 -4.7108
-57.9219 -66.2777 -180.894 -65.9996 -75.1732 -4.45766
-58.2521 -66.6537 -180.916 -66.0683 -75.219 -4.20381
-58.5826 -67.0299 -180.936 -66.1365 -75.2643 -3.94927
-58.9135 -67.4063 -180.955 -66.2043 -75.3089 -3.69402
-59.2447 -67.783 -180.973 -66.2716 -75.3528 -3.43809
-59.5762 -68.1598 -180.99 -66.3384 -75.3961 -3.18146
-59.908 -68.5369 -181.005 -66.4047 -75.4388 -2.92415
-60.2402 -68.9142 -181.019 -66.4705 -75.4808 -2.66615
