75 25 0 0 0 -49
74.9998 24.9999 -0.245076 -0.0705235 -0.0434657 -49.0304
74.9993 24.9996 -0.490304 -0.141147 -0.0869997 -49.0607
74.9984 24.999 -0.735683 -0.211871 -0.130602 -49.091
74.9972 24.9983 -0.981214 -0.282696 -0.174273 -49.1212
74.9956 24.9973 -1.2269 -0.353622 -0.218013 -49.1514
74.9936 24.9961 -1.47273 -0.424649 -0.261821 -49.1815
74.9913 24.9947 -1.71871 -0.495777 -0.305698 -49.2116
74.9887 24.993 -1.96484 -0.567006 -0.349645 -49.2416
74.9857 24.9912 -2.21113 -0.638337 -0.39366 -49.2716
74.9823 24.9891 -2.45756 -0.70977 -0.437745 -49.3015
74.9786 24.9868 -2.70414 -0.781305 -0.4819 -49.3313
74.9745 24.9843 -2.95087 -0.852943 -0.526124 -49.3611
74.97 24.9815 -3.19775 -0.924683 -0.570418 -49.3909
74.9652 24.9786 -3.44478 -0.996526 -0.614782 -49.4206
74.9601 24.9754 -3.69196 -1.06847 -0.659215 -49.4502
74.9546 24.972 -3.93928 -1.14052 -0.703719 -49.4798
74.9487 24.9683 -4.18676 -1.21267 -0.748294 -49.5094
74.9424 24.9645 -4.43438 -1.28493 -0.792939 -49.5388
74.9358 24.9604 -4.68214 -1.35729 -0.837654 -49.5683
74.9289 24.9561 -4.93006 -1.42975 -0.88244 -49.5976
74.9215 24.9516 -5.17812 -1.50232 -0.927297 -49.6269
74.9138 24.9468 -5.42633 -1.57499 -0.972225 -49.6562
74.9058 24.9419 -5.67468 -1.64777 -1.01722 -49.6854
74.8974 24.9367 -5.92318 -1.72065 -1.06229 -49.7145
74.8886 24.9312 -6.17183 -1.79364 -1.10744 -49.7436
74.8794 24.9256 -6.42062 -1.86673 -1.15265 -49.7726
74.8699 24.9197 -6.66955 -1.93993 -1.19794 -49.8016
74.86 24.9136 -6.91863 -2.01323 -1.24329 -49.8305
74.8498 24.9073 -7.16786 -2.08664 -1.28872 -49.8594
74.8391 24.9007 -7.41723 -2.16016 -1.33422 -49.8882
74.8282 24.8939 -7.66674 -2.23378 -1.3798 -49.9169
74.8168 24.8869 -7.9164 -2.30751 -1.42544 -49.9456
74.8051 24.8797 -8.1662 -2.38135 -1.47116 -49.9742
74.793 24.8722 -8.41614 -2.45529 -1.51695 -50.0028
74.7805 24.8645 -8.66623 -2.52934 -1.56282 -50.0313
74.7677 24.8566 -8.91645 -2.6035 -1.60876 -50.0598
74.7545 24.8484 -9.16682 -2.67776 -1.65477 -50.0881
74.7409 24.84 -9.41733 -2.75214 -1.70085 -50.1165
74.727 24.8314 -9.66799 -2.82662 -1.74701 -50.1447
74.7127 24.8226 -9.91878 -2.90121 -1.79324 -50.173
74.698 24.8135 -10.1697 -2.97591 -1.83955 -50.2011
74.6829 24.8042 -10.4208 -3.05072 -1.88592 -50.2292
74.6675 24.7946 -10.672 -3.12563 -1.93238 -50.2572
74.6516 24.7849 -10.9234 -3.20066 -1.97891 -50.2852
74.6355 24.7748 -11.1749 -3.2758 -2.02551 -50.3131
74.6189 24.7646 -11.4265 -3.35104 -2.07218 -50.3409
74.6019 24.7541 -11.6783 -3.4264 -2.11894 -50.3687
74.5846 24.7434 -11.9302 -3.50187 -2.16576 -50.3964
74.5669 24.7325 -12.1822 -3.57744 -2.21266 -50.4241
74.5488 24.7213 -12.4344 -3.65313 -2.25964 -50.4517
74.5304 24.7099 -12.6868 -3.72893 -2.30669 -50.4792
74.5116 24.6982 -12.9392 -3.80484 -2.35382 -50.5067
74.4923 24.6863 -13.1918 -3.88086 -2.40102 -50.5341
74.4728 24.6742 -13.4446 -3.95699 -2.4483 -50.5614
74.4528 24.6618 -13.6974 -4.03324 -2.49565 -50.5887
74.4324 24.6492 -13.9504 -4.1096 -2.54309 -50.6159
74.4117 24.6364 -14.2036 -4.18607 -2.59059 -50.6431
74.3906 24.6233 -14.4569 -4.26265 -2.63818 -50.6701
74.3691 24.61 -14.7103 -4.33934 -2.68584 -50.6972
74.3472 24.5965 -14.9638 -4.41615 -2.73357 -50.7241
74.3249 24.5827 -15.2175 -4.49307 -2.78139 -50.751
74.3022 24.5687 -15.4714 -4.57011 -2.82928 -50.7778
74.2792 24.5544 -15.7253 -4.64726 -2.87725 -50.8046
74.2558 24.5399 -15.9794 -4.72452 -2.92529 -50.8313
74.2319 24.5251 -16.2336 -4.8019 -2.97342 -50.8579
74.2077 24.5102 -16.488 -4.87939 -3.02162 -50.8844
74.1831 24.4949 -16.7425 -4.957 -3.06989 -50.9109
74.1582 24.4795 -16.9971 -5.03472 -3.11825 -50.9373
74.1328 24.4638 -17.2518 -5.11256 -3.16669 -50.9637
74.107 24.4478 -17.5067 -5.19051 -3.2152 -50.99
74.0809 24.4316 -17.7617 -5.26858 -3.26379 -51.0162
74.0544 24.4152 -18.0169 -5.34676 -3.31246 -51.0423
74.0274 24.3985 -18.2722 -5.42507 -3.36121 -51.0684
74.0001 24.3815 -18.5276 -5.50348 -3.41004 -51.0944
73.9724 24.3644 -18.7831 -5.58202 -3.45895 -51.1204
73.9443 24.347 -19.0388 -5.66067 -3.50794 -51.1462
73.9158 24.3293 -19.2946 -5.73944 -3.557 -51.172
73.8869 24.3114 -19.5505 -5.81832 -3.60615 -51.1978
73.8576 24.2932 -19.8065 -5.89733 -3.65537 -51.2234
73.8279 24.2748 -20.0627 -5.97645 -3.70468 -51.249
73.7978 24.2562 -20.319 -6.05569 -3.75407 -51.2745
73.7674 24.2373 -20.5755 -6.13505 -3.80353 -51.2999
73.7365 24.2182 -20.832 -6.21452 -3.85308 -51.3253
73.7052 24.1988 -21.0887 -6.29412 -3.90271 -51.3506
73.6735 24.1791 -21.3455 -6.37384 -3.95242 -51.3758
73.6415 24.1592 -21.6025 -6.45367 -4.00221 -51.401
73.609 24.1391 -21.8596 -6.53363 -4.05208 -51.4261
73.5761 24.1187 -22.1167 -6.6137 -4.10203 -51.4511
73.5429 24.0981 -22.3741 -6.6939 -4.15207 -51.476
73.5092 24.0772 -22.6315 -6.77421 -4.20218 -51.5009
73.4751 24.0561 -22.8891 -6.85465 -4.25238 -51.5256
73.4407 24.0347 -23.1468 -6.93521 -4.30266 -51.5504
73.4058 24.013 -23.4046 -7.01589 -4.35302 -51.575
73.3705 23.9911 -23.6625 -7.09669 -4.40347 -51.5995
73.3348 23.969 -23.9206 -7.17761 -4.45399 -51.624
73.2987 23.9466 -24.1788 -7.25865 -4.5046 -51.6484
73.2622 23.924 -24.4371 -7.33982 -4.5553 -51.6727
73.2253 23.9011 -24.6955 -7.42111 -4.60607 -51.697
73.188 23.8779 -24.954 -7.50252 -4.65693 -51.7212
73.1503 23.8545 -25.2127 -7.58406 -4.70787 -51.7453
73.1122 23.8308 -25.4715 -7.66572 -4.7589 -51.7693
73.0736 23.8069 -25.7304 -7.7475 -4.81001 -51.7932
73.0347 23.7827 -25.9894 -7.82941 -4.8612 -51.8171
72.9953 23.7583 -26.2486 -7.91144 -4.91248 -51.8409
72.9556 23.7336 -26.5078 -7.99359 -4.96384 -51.8646
72.9154 23.7086 -26.7672 -8.07587 -5.01529 -51.8882
72.8748 23.6834 -27.0267 -8.15828 -5.06682 -51.9117
72.8338 23.658 -27.2863 -8.24081 -5.11844 -51.9352
72.7924 23.6323 -27.5461 -8.32346 -5.17014 -51.9586
72.7506 23.6063 -27.8059 -8.40624 -5.22193 -51.9819
72.7084 23.58 -28.0659 -8.48915 -5.2738 -52.0051
72.6657 23.5535 -28.326 -8.57218 -5.32576 -52.0282
72.6226 23.5268 -28.5862 -8.65534 -5.3778 -52.0513
72.5791 23.4998 -28.8465 -8.73863 -5.42993 -52.0742
72.5352 23.4725 -29.1069 -8.82204 -5.48214 -52.0971
72.4909 23.4449 -29.3674 -8.90558 -5.53445 -52.1199
72.4462 23.4171 -29.6281 -8.98925 -5.58683 -52.1427
72.401 23.3891 -29.8889 -9.07305 -5.63931 -52.1653
72.3555 23.3607 -30.1497 -9.15698 -5.69187 -52.1878
72.3095 23.3321 -30.4107 -9.24103 -5.74452 -52.2103
72.263 23.3033 -30.6718 -9.32521 -5.79726 -52.2327
72.2162 23.2742 -30.9331 -9.40952 -5.85008 -52.255
72.169 23.2448 -31.1944 -9.49396 -5.90299 -52.2772
72.1213 23.2151 -31.4558 -9.57853 -5.95599 -52.2993
72.0732 23.1852 -31.7174 -9.66323 -6.00907 -52.3214
72.0246 23.1551 -31.9791 -9.74806 -6.06225 -52.3433
71.9757 23.1246 -32.2408 -9.83302 -6.11551 -52.3652
71.9263 23.0939 -32.5027 -9.91811 -6.16886 -52.387
71.8765 23.0629 -32.7647 -10.0033 -6.2223 -52.4086
71.8263 23.0317 -33.0268 -10.0887 -6.27583 -52.4302
71.7756 23.0002 -33.289 -10.1742 -6.32945 -52.4517
71.7245 22.9684 -33.5513 -10.2598 -6.38316 -52.4732
71.673 22.9363 -33.8137 -10.3455 -6.43695 -52.4945
71.6211 22.904 -34.0763 -10.4314 -6.49084 -52.5157
71.5687 22.8714 -34.3389 -10.5174 -6.54481 -52.5369
71.5159 22.8386 -34.6016 -10.6036 -6.59888 -52.5579
71.4627 22.8054 -34.8645 -10.6899 -6.65303 -52.5789
71.409 22.772 -35.1274 -10.7763 -6.70728 -52.5998
71.3549 22.7384 -35.3905 -10.8628 -6.76162 -52.6205
71.3004 22.7044 -35.6536 -10.9495 -6.81604 -52.6412
71.2454 22.6702 -35.9169 -11.0363 -6.87056 -52.6618
71.19 22.6357 -36.1802 -11.1233 -6.92517 -52.6823
71.1342 22.601 -36.4437 -11.2103 -6.97987 -52.7027
71.0779 22.5659 -36.7073 -11.2976 -7.03466 -52.723
71.0212 22.5306 -36.9709 -11.3849 -7.08955 -52.7432
70.9641 22.495 -37.2347 -11.4724 -7.14452 -52.7633
70.9065 22.4592 -37.4986 -11.56 -7.19959 -52.7834
70.8485 22.423 -37.7625 -11.6478 -7.25475 -52.8033
70.79 22.3866 -38.0266 -11.7357 -7.31 -52.8231
70.7311 22.3499 -38.2908 -11.8237 -7.36534 -52.8428
70.6718 22.313 -38.555 -11.9119 -7.42078 -52.8625
70.612 22.2757 -38.8194 -12.0002 -7.47631 -52.882
70.5518 22.2382 -39.0838 -12.0886 -7.53193 -52.9014
70.4911 22.2004 -39.3484 -12.1772 -7.58765 -52.9208
70.43 22.1623 -39.613 -12.266 -7.64346 -52.94
70.3684 22.124 -39.8778 -12.3548 -7.69936 -52.9591
70.3064 22.0853 -40.1426 -12.4438 -7.75535 -52.9782
70.244 22.0464 -40.4076 -12.533 -7.81145 -52.9971
70.1811 22.0072 -40.6726 -12.6222 -7.86763 -53.0159
70.1178 21.9677 -40.9377 -12.7117 -7.92391 -53.0347
70.054 21.928 -41.203 -12.8012 -7.98028 -53.0533
69.9898 21.8879 -41.4683 -12.8909 -8.03675 -53.0718
69.9251 21.8476 -41.7337 -12.9807 -8.09332 -53.0902
69.86 21.807 -41.9992 -13.0707 -8.14998 -53.1085
69.7944 21.7661 -42.2648 -13.1608 -8.20673 -53.1268
69.7284 21.7249 -42.5304 -13.2511 -8.26358 -53.1449
69.6619 21.6835 -42.7962 -13.3415 -8.32052 -53.1629
69.5949 21.6417 -43.0621 -13.4321 -8.37757 -53.1807
69.5275 21.5997 -43.328 -13.5227 -8.4347 -53.1985
69.4597 21.5574 -43.5941 -13.6136 -8.49194 -53.2162
69.3914 21.5148 -43.8602 -13.7046 -8.54927 -53.2338
69.3227 21.4719 -44.1264 -13.7957 -8.60669 -53.2512
69.2535 21.4287 -44.3927 -13.8869 -8.66422 -53.2686
69.1838 21.3852 -44.6591 -13.9783 -8.72184 -53.2858
69.1137 21.3415 -44.9255 -14.0699 -8.77956 -53.303
69.0431 21.2974 -45.1921 -14.1616 -8.83737 -53.32
68.9721 21.2531 -45.4587 -14.2534 -8.89529 -53.3369
68.9006 21.2085 -45.7255 -14.3454 -8.9533 -53.3537
68.8286 21.1636 -45.9923 -14.4375 -9.0114 -53.3704
68.7562 21.1184 -46.2592 -14.5298 -9.06961 -53.3869
68.6833 21.0729 -46.5262 -14.6222 -9.12792 -53.4034
68.61 21.0271 -46.7932 -14.7148 -9.18632 -53.4197
68.5362 20.981 -47.0604 -14.8075 -9.24482 -53.436
68.4619 20.9347 -47.3276 -14.9003 -9.30343 -53.4521
68.3872 20.888 -47.5949 -14.9933 -9.36213 -53.4681
68.312 20.841 -47.8623 -15.0865 -9.42093 -53.484
68.2363 20.7938 -48.1297 -15.1798 -9.47983 -53.4997
68.1602 20.7462 -48.3973 -15.2732 -9.53882 -53.5154
68.0836 20.6984 -48.6649 -15.3668 -9.59792 -53.5309
68.0065 20.6503 -48.9326 -15.4606 -9.65712 -53.5463
67.929 20.6018 -49.2003 -15.5544 -9.71642 -53.5616
67.8509 20.5531 -49.4682 -15.6485 -9.77582 -53.5768
67.7725 20.5041 -49.7361 -15.7427 -9.83532 -53.5918
67.6935 20.4547 -50.0041 -15.837 -9.89492 -53.6068
67.6141 20.4051 -50.2722 -15.9315 -9.95463 -53.6216
67.5342 20.3552 -50.5403 -16.0261 -10.0144 -53.6363
67.4538 20.305 -50.8085 -16.1209 -10.0743 -53.6508
67.373 20.2544 -51.0768 -16.2159 -10.1343 -53.6653
67.2917 20.2036 -51.3452 -16.3109 -10.1944 -53.6796
67.2099 20.1525 -51.6136 -16.4062 -10.2547 -53.6938
67.1276 20.1011 -51.8821 -16.5016 -10.315 -53.7078
67.0449 20.0494 -52.1507 -16.5971 -10.3754 -53.7218
66.9616 19.9973 -52.4193 -16.6928 -10.4359 -53.7356
66.8779 19.945 -52.688 -16.7887 -10.4965 -53.7493
66.7938 19.8924 -52.9568 -16.8847 -10.5572 -53.7628
66.7091 19.8394 -53.2257 -16.9808 -10.6181 -53.7762
66.6239 19.7862 -53.4946 -17.0771 -10.679 -53.7895
66.5383 19.7326 -53.7636 -17.1736 -10.74 -53.8027
66.4522 19.6788 -54.0326 -17.2702 -10.8012 -53.8157
66.3656 19.6246 -54.3017 -17.367 -10.8624 -53.8286
66.2785 19.5702 -54.5709 -17.4639 -10.9238 -53.8414
66.191 19.5154 -54.8401 -17.561 -10.9852 -53.854
66.1029 19.4603 -55.1094 -17.6582 -11.0468 -53.8665
66.0144 19.4049 -55.3788 -17.7556 -11.1084 -53.8789
65.9254 19.3492 -55.6482 -17.8531 -11.1702 -53.8911
65.8359 19.2932 -55.9177 -17.9508 -11.232 -53.9032
65.7459 19.2369 -56.1873 -18.0487 -11.294 -53.9152
65.6554 19.1803 -56.4569 -18.1467 -11.3561 -53.927
65.5644 19.1233 -56.7265 -18.2449 -11.4183 -53.9387
65.4729 19.0661 -56.9963 -18.3432 -11.4806 -53.9503
65.381 19.0085 -57.266 -18.4417 -11.543 -53.9617
65.2885 18.9507 -57.5359 -18.5403 -11.6055 -53.9729
65.1956 18.8925 -57.8058 -18.6391 -11.6681 -53.984
65.1021 18.834 -58.0757 -18.7381 -11.7308 -53.995
65.0082 18.7752 -58.3457 -18.8372 -11.7936 -54.0059
64.9137 18.716 -58.6158 -18.9365 -11.8565 -54.0166
64.8188 18.6566 -58.8859 -19.0359 -11.9196 -54.0271
64.7234 18.5968 -59.156 -19.1355 -11.9827 -54.0375
64.6275 18.5368 -59.4263 -19.2353 -12.046 -54.0478
64.531 18.4764 -59.6965 -19.3352 -12.1093 -54.0579
64.4341 18.4157 -59.9668 -19.4353 -12.1728 -54.0678
64.3367 18.3547 -60.2372 -19.5355 -12.2364 -54.0776
64.2388 18.2933 -60.5076 -19.6359 -12.3001 -54.0873
64.1403 18.2317 -60.7781 -19.7365 -12.3639 -54.0968
64.0414 18.1697 -61.0486 -19.8372 -12.4278 -54.1062
63.942 18.1074 -61.3191 -19.9381 -12.4918 -54.1154
63.842 18.0448 -61.5897 -20.0391 -12.5559 -54.1244
63.7416 17.9818 -61.8604 -20.1403 -12.6201 -54.1333
63.6406 17.9186 -62.1311 -20.2417 -12.6844 -54.1421
63.5391 17.855 -62.4018 -20.3432 -12.7489 -54.1507
63.4372 17.7911 -62.6726 -20.4449 -12.8134 -54.1591
63.3347 17.7268 -62.9434 -20.5468 -12.8781 -54.1674
63.2317 17.6623 -63.2142 -20.6488 -12.9429 -54.1755
63.1282 17.5974 -63.4851 -20.751 -13.0078 -54.1835
63.0242 17.5322 -63.7561 -20.8533 -13.0728 -54.1913
62.9197 17.4667 -64.0271 -20.9559 -13.1379 -54.1989
62.8146 17.4008 -64.2981 -21.0585 -13.2031 -54.2064
62.7091 17.3347 -64.5691 -21.1614 -13.2684 -54.2137
62.603 17.2682 -64.8402 -21.2644 -13.3339 -54.2208
62.4964 17.2013 -65.1113 -21.3676 -13.3994 -54.2278
62.3893 17.1342 -65.3825 -21.4709 -13.4651 -54.2346
62.2817 17.0667 -65.6537 -21.5744 -13.5309 -54.2413
62.1736 16.9989 -65.9249 -21.6781 -13.5968 -54.2478
62.065 16.9307 -66.1962 -21.782 -13.6628 -54.2541
61.9558 16.8622 -66.4674 -21.886 -13.7289 -54.2602
61.8461 16.7934 -66.7388 -21.9902 -13.7951 -54.2662
61.7359 16.7243 -67.0101 -22.0945 -13.8615 -54.272
61.6251 16.6548 -67.2815 -22.199 -13.9279 -54.2776
61.5139 16.585 -67.5529 -22.3037 -13.9945 -54.2831
61.4021 16.5149 -67.8243 -22.4086 -14.0612 -54.2883
61.2898 16.4444 -68.0958 -22.5136 -14.128 -54.2934
61.177 16.3736 -68.3672 -22.6188 -14.1949 -54.2984
61.0636 16.3024 -68.6387 -22.7242 -14.2619 -54.3031
60.9497 16.231 -68.9103 -22.8297 -14.3291 -54.3077
60.8353 16.1591 -69.1818 -22.9354 -14.3963 -54.312
60.7204 16.087 -69.4534 -23.0413 -14.4637 -54.3162
60.6049 16.0145 -69.725 -23.1473 -14.5312 -54.3203
60.4889 15.9417 -69.9966 -23.2535 -14.5988 -54.3241
60.3724 15.8685 -70.2682 -23.3599 -14.6665 -54.3277
60.2553 15.795 -70.5399 -23.4665 -14.7344 -54.3312
60.1377 15.7212 -70.8115 -23.5732 -14.8023 -54.3345
60.0196 15.647 -71.0832 -23.6802 -14.8704 -54.3376
59.9009 15.5725 -71.3549 -23.7872 -14.9386 -54.3405
59.7817 15.4976 -71.6266 -23.8945 -15.0069 -54.3432
59.662 15.4224 -71.8983 -24.0019 -15.0753 -54.3457
59.5417 15.3469 -72.1701 -24.1095 -15.1438 -54.348
59.4209 15.271 -72.4418 -24.2173 -15.2125 -54.3501
59.2995 15.1947 -72.7136 -24.3253 -15.2813 -54.352
59.1776 15.1182 -72.9853 -24.4334 -15.3502 -54.3538
59.0552 15.0412 -73.2571 -24.5417 -15.4192 -54.3553
58.9322 14.964 -73.5289 -24.6502 -15.4883 -54.3566
58.8087 14.8863 -73.8007 -24.7589 -15.5576 -54.3578
58.6846 14.8084 -74.0725 -24.8677 -15.6269 -54.3587
58.56 14.7301 -74.3443 -24.9767 -15.6964 -54.3594
58.4348 14.6514 -74.6161 -25.0859 -15.766 -54.3599
58.3091 14.5724 -74.8879 -25.1953 -15.8358 -54.3602
58.1829 14.4931 -75.1597 -25.3048 -15.9056 -54.3603
58.0561 14.4134 -75.4315 -25.4146 -15.9756 -54.3602
57.9287 14.3333 -75.7033 -25.5245 -16.0457 -54.3599
57.8008 14.2529 -75.9751 -25.6346 -16.1159 -54.3594
57.6724 14.1721 -76.2469 -25.7449 -16.1862 -54.3586
57.5434 14.091 -76.5187 -25.8553 -16.2567 -54.3577
57.4138 14.0096 -76.7904 -25.9659 -16.3273 -54.3565
57.2837 13.9278 -77.0622 -26.0768 -16.398 -54.3551
57.1531 13.8456 -77.334 -26.1877 -16.4688 -54.3535
57.0219 13.7631 -77.6058 -26.2989 -16.5398 -54.3517
56.8901 13.6802 -77.8775 -26.4103 -16.6108 -54.3497
56.7578 13.597 -78.1493 -26.5218 -16.682 -54.3474
56.6249 13.5134 -78.421 -26.6336 -16.7534 -54.3449
56.4914 13.4294 -78.6927 -26.7455 -16.8248 -54.3422
56.3574 13.3451 -78.9644 -26.8576 -16.8964 -54.3393
56.2228 13.2605 -79.2361 -26.9699 -16.9681 -54.3361
56.0877 13.1755 -79.5078 -27.0824 -17.0399 -54.3327
55.952 13.0901 -79.7794 -27.195 -17.1119 -54.3291
55.8158 13.0043 -80.0511 -27.3079 -17.1839 -54.3252
55.6789 12.9182 -80.3227 -27.4209 -17.2561 -54.3211
55.5416 12.8318 -80.5943 -27.5341 -17.3285 -54.3168
55.4036 12.745 -80.8658 -27.6475 -17.4009 -54.3122
55.2651 12.6578 -81.1374 -27.7611 -17.4735 -54.3074
55.126 12.5702 -81.4089 -27.8749 -17.5462 -54.3024
54.9863 12.4823 -81.6804 -27.9889 -17.6191 -54.2971
54.8461 12.394 -81.9519 -28.103 -17.692 -54.2916
54.7053 12.3054 -82.2233 -28.2174 -17.7651 -54.2859
54.5639 12.2164 -82.4947 -28.332 -17.8384 -54.2799
54.422 12.127 -82.7661 -28.4467 -17.9117 -54.2736
54.2795 12.0373 -83.0375 -28.5616 -17.9852 -54.2671
54.1364 11.9471 -83.3088 -28.6767 -18.0589 -54.2604
53.9927 11.8567 -83.5801 -28.792 -18.1326 -54.2534
53.8484 11.7658 -83.8513 -28.9076 -18.2065 -54.2462
53.7036 11.6746 -84.1225 -29.0232 -18.2805 -54.2387
53.5582 11.583 -84.3937 -29.1391 -18.3547 -54.2309
53.4122 11.4911 -84.6649 -29.2552 -18.429 -54.2229
53.2657 11.3987 -84.9359 -29.3715 -18.5034 -54.2147
53.1185 11.306 -85.207 -29.488 -18.578 -54.2062
52.9708 11.2129 -85.478 -29.6046 -18.6527 -54.1974
52.8225 11.1195 -85.749 -29.7215 -18.7275 -54.1884
52.6736 11.0257 -86.0199 -29.8385 -18.8025 -54.1791
52.5241 10.9315 -86.2908 -29.9558 -18.8776 -54.1695
52.374 10.8369 -86.5616 -30.0732 -18.9528 -54.1597
52.2233 10.7419 -86.8324 -30.1909 -19.0282 -54.1496
52.0721 10.6466 -87.1031 -30.3087 -19.1038 -54.1392
51.9203 10.5509 -87.3738 -30.4268 -19.1794 -54.1286
51.7678 10.4548 -87.6444 -30.545 -19.2552 -54.1177
51.6148 10.3584 -87.9149 -30.6634 -19.3312 -54.1065
51.4612 10.2615 -88.1854 -30.7821 -19.4073 -54.095
51.307 10.1643 -88.4559 -30.9009 -19.4835 -54.0833
51.1522 10.0667 -88.7263 -31.0199 -19.5599 -54.0713
50.9968 9.96868 -88.9966 -31.1392 -19.6364 -54.059
50.8408 9.87031 -89.2669 -31.2586 -19.713 -54.0464
50.6842 9.77155 -89.5371 -31.3782 -19.7898 -54.0336
50.527 9.67241 -89.8072 -31.4981 -19.8668 -54.0204
50.3692 9.57288 -90.0773 -31.6181 -19.9439 -54.007
50.2108 9.47297 -90.3473 -31.7384 -20.0211 -53.9933
50.0518 9.37267 -90.6172 -31.8588 -20.0985 -53.9793
49.8922 9.27199 -90.8871 -31.9794 -20.1761 -53.965
49.732 9.17091 -91.1568 -32.1003 -20.2537 -53.9504
49.5712 9.06945 -91.4266 -32.2214 -20.3316 -53.9355
49.4098 8.9676 -91.6962 -32.3426 -20.4096 -53.9203
49.2478 8.86535 -91.9658 -32.4641 -20.4877 -53.9048
49.0852 8.76272 -92.2352 -32.5857 -20.566 -53.889
48.922 8.6597 -92.5047 -32.7076 -20.6444 -53.873
48.7581 8.55628 -92.774 -32.8297 -20.723 -53.8566
48.5937 8.45247 -93.0432 -32.952 -20.8018 -53.8399
48.4286 8.34826 -93.3124 -33.0745 -20.8807 -53.8229
48.2629 8.24366 -93.5814 -33.1972 -20.9597 -53.8056
48.0966 8.13866 -93.8504 -33.3201 -21.0389 -53.788
47.9297 8.03327 -94.1193 -33.4432 -21.1183 -53.77
47.7622 7.92748 -94.3881 -33.5666 -21.1978 -53.7518
47.594 7.82129 -94.6568 -33.6901 -21.2775 -53.7333
47.4253 7.71471 -94.9255 -33.8139 -21.3573 -53.7144
47.2559 7.60772 -95.194 -33.9378 -21.4373 -53.6952
47.0859 7.50033 -95.4624 -34.062 -21.5175 -53.6757
46.9153 7.39254 -95.7307 -34.1864 -21.5978 -53.6559
46.744 7.28435 -95.999 -34.311 -21.6783 -53.6357
46.5722 7.17576 -96.2671 -34.4358 -21.7589 -53.6152
46.3997 7.06677 -96.5351 -34.5609 -21.8397 -53.5944
46.2266 6.95736 -96.803 -34.6861 -21.9207 -53.5733
46.0528 6.84756 -97.0709 -34.8116 -22.0018 -53.5519
45.8784 6.73735 -97.3386 -34.9373 -22.0831 -53.5301
45.7034 6.62673 -97.6062 -35.0631 -22.1646 -53.5079
45.5278 6.5157 -97.8736 -35.1893 -22.2462 -53.4855
45.3516 6.40427 -98.141 -35.3156 -22.328 -53.4627
45.1747 6.29242 -98.4083 -35.4421 -22.4099 -53.4396
44.9971 6.18017 -98.6754 -35.5689 -22.4921 -53.4161
44.819 6.0675 -98.9424 -35.6959 -22.5744 -53.3923
44.6402 5.95442 -99.2093 -35.823 -22.6568 -53.3681
44.4607 5.84093 -99.4761 -35.9505 -22.7395 -53.3436
44.2807 5.72703 -99.7428 -36.0781 -22.8223 -53.3188
44.1 5.61271 -100.009 -36.206 -22.9053 -53.2936
43.9186 5.49798 -100.276 -36.334 -22.9884 -53.268
43.7366 5.38283 -100.542 -36.4623 -23.0717 -53.2421
43.554 5.26726 -100.808 -36.5908 -23.1552 -53.2159
43.3707 5.15127 -101.074 -36.7196 -23.2389 -53.1893
43.1868 5.03487 -101.34 -36.8486 -23.3228 -53.1623
43.0022 4.91805 -101.606 -36.9777 -23.4068 -53.135
42.817 4.8008 -101.871 -37.1072 -23.491 -53.1073
42.6312 4.68314 -102.137 -37.2368 -23.5754 -53.0793
42.4446 4.56505 -102.402 -37.3666 -23.6599 -53.0508
42.2575 4.44654 -102.667 -37.4967 -23.7447 -53.0221
42.0697 4.3276 -102.932 -37.627 -23.8296 -52.9929
41.8812 4.20824 -103.197 -37.7576 -23.9147 -52.9634
41.6921 4.08846 -103.462 -37.8883 -23.9999 -52.9335
41.5023 3.96824 -103.727 -38.0193 -24.0854 -52.9033
41.3119 3.8476 -103.991 -38.1505 -24.171 -52.8726
41.1208 3.72653 -104.255 -38.282 -24.2569 -52.8416
40.9291 3.60503 -104.519 -38.4137 -24.3429 -52.8103
40.7367 3.48311 -104.783 -38.5456 -24.4291 -52.7785
40.5436 3.36074 -105.047 -38.6777 -24.5154 -52.7463
40.3499 3.23795 -105.311 -38.81 -24.602 -52.7138
40.1555 3.11472 -105.574 -38.9426 -24.6887 -52.6809
39.9605 2.99106 -105.838 -39.0755 -24.7757 -52.6476
39.7648 2.86697 -106.101 -39.2085 -24.8628 -52.6139
39.5684 2.74244 -106.364 -39.3418 -24.9501 -52.5798
39.3714 2.61747 -106.627 -39.4753 -25.0376 -52.5453
39.1737 2.49206 -106.889 -39.609 -25.1252 -52.5105
38.9753 2.36622 -107.152 -39.743 -25.2131 -52.4752
38.7762 2.23993 -107.414 -39.8772 -25.3012 -52.4395
38.5765 2.1132 -107.676 -40.0117 -25.3894 -52.4034
38.3761 1.98604 -107.938 -40.1463 -25.4779 -52.367
38.175 1.85843 -108.2 -40.2812 -25.5665 -52.3301
37.9733 1.73037 -108.461 -40.4164 -25.6553 -52.2928
37.7709 1.60187 -108.723 -40.5518 -25.7443 -52.2551
37.5678 1.47293 -108.984 -40.6874 -25.8335 -52.217
37.364 1.34354 -109.245 -40.8232 -25.923 -52.1785
37.1595 1.2137 -109.506 -40.9593 -26.0125 -52.1396
36.9544 1.08341 -109.766 -41.0956 -26.1023 -52.1002
36.7486 0.952676 -110.027 -41.2322 -26.1923 -52.0604
36.5421 0.821489 -110.287 -41.3689 -26.2825 -52.0203
36.3349 0.689851 -110.547 -41.506 -26.3729 -51.9796
36.127 0.55776 -110.807 -41.6432 -26.4635 -51.9386
35.9185 0.425216 -111.066 -41.7807 -26.5542 -51.8971
35.7092 0.292218 -111.326 -41.9185 -26.6452 -51.8553
35.4993 0.158764 -111.585 -42.0564 -26.7364 -51.8129
35.2887 0.0248544 -111.844 -42.1947 -26.8277 -51.7702
35.0773 -0.109513 -112.103 -42.3331 -26.9193 -51.727
34.8653 -0.244339 -112.361 -42.4718 -27.0111 -51.6834
34.6526 -0.379623 -112.619 -42.6107 -27.103 -51.6393
34.4392 -0.515369 -112.877 -42.7499 -27.1952 -51.5948
34.2251 -0.651575 -113.135 -42.8893 -27.2876 -51.5498
34.0103 -0.788244 -113.393 -43.0289 -27.3801 -51.5044
33.7948 -0.925377 -113.65 -43.1688 -27.4729 -51.4586
33.5786 -1.06297 -113.908 -43.3089 -27.5659 -51.4123
33.3617 -1.20104 -114.165 -43.4493 -27.6591 -51.3655
33.1441 -1.33956 -114.421 -43.5899 -27.7524 -51.3183
32.9258 -1.47856 -114.678 -43.7307 -27.846 -51.2707
32.7068 -1.61802 -114.934 -43.8718 -27.9398 -51.2225
32.4871 -1.75796 -115.19 -44.0131 -28.0338 -51.174
32.2667 -1.89836 -115.446 -44.1547 -28.128 -51.1249
32.0456 -2.03924 -115.701 -44.2965 -28.2224 -51.0754
31.8237 -2.18059 -115.956 -44.4386 -28.317 -51.0254
31.6012 -2.32241 -116.211 -44.5808 -28.4118 -50.9749
31.3779 -2.4647 -116.466 -44.7234 -28.5068 -50.924
31.154 -2.60748 -116.721 -44.8661 -28.6021 -50.8726
30.9293 -2.75072 -116.975 -45.0092 -28.6975 -50.8207
30.7039 -2.89445 -117.229 -45.1524 -28.7931 -50.7683
30.4777 -3.03865 -117.483 -45.2959 -28.889 -50.7155
30.2509 -3.18334 -117.736 -45.4396 -28.985 -50.6621
30.0233 -3.3285 -117.989 -45.5836 -29.0813 -50.6083
29.7951 -3.47415 -118.242 -45.7278 -29.1778 -50.554
29.5661 -3.62028 -118.495 -45.8723 -29.2744 -50.4992
29.3363 -3.7669 -118.747 -46.017 -29.3713 -50.4438
29.1059 -3.91399 -118.999 -46.1619 -29.4684 -50.388
28.8747 -4.06158 -119.251 -46.3071 -29.5657 -50.3317
28.6428 -4.20965 -119.502 -46.4525 -29.6632 -50.2749
28.4102 -4.35821 -119.754 -46.5982 -29.761 -50.2176
28.1768 -4.50726 -120.005 -46.7441 -29.8589 -50.1597
27.9428 -4.6568 -120.255 -46.8902 -29.9571 -50.1014
27.7079 -4.80683 -120.506 -47.0366 -30.0554 -50.0425
27.4724 -4.95735 -120.756 -47.1833 -30.154 -49.9831
27.2361 -5.10837 -121.006 -47.3301 -30.2528 -49.9232
26.9991 -5.25988 -121.255 -47.4773 -30.3518 -49.8628
26.7613 -5.41189 -121.504 -47.6246 -30.451 -49.8018
26.5228 -5.56439 -121.753 -47.7722 -30.5504 -49.7404
26.2836 -5.71739 -122.002 -47.92 -30.6501 -49.6783
26.0436 -5.87089 -122.25 -48.0681 -30.7499 -49.6158
25.8029 -6.02489 -122.498 -48.2164 -30.85 -49.5527
25.5615 -6.17939 -122.745 -48.365 -30.9502 -49.4891
25.3193 -6.33439 -122.993 -48.5138 -31.0507 -49.4249
25.0763 -6.4899 -123.24 -48.6628 -31.1514 -49.3602
24.8327 -6.64591 -123.486 -48.8121 -31.2524 -49.2949
24.5882 -6.80242 -123.733 -48.9616 -31.3535 -49.2291
24.343 -6.95944 -123.978 -49.1114 -31.4548 -49.1627
24.0971 -7.11697 -124.224 -49.2614 -31.5564 -49.0957
23.8504 -7.27501 -124.469 -49.4116 -31.6582 -49.0282
23.603 -7.43355 -124.714 -49.5621 -31.7602 -48.9602
23.3548 -7.59261 -124.959 -49.7128 -31.8624 -48.8915
23.1059 -7.75218 -125.203 -49.8637 -31.9648 -48.8223
22.8562 -7.91226 -125.447 -50.0149 -32.0675 -48.7525
22.6057 -8.07285 -125.691 -50.1663 -32.1703 -48.6822
22.3545 -8.23396 -125.934 -50.318 -32.2734 -48.6112
22.1025 -8.39558 -126.177 -50.4699 -32.3767 -48.5397
21.8498 -8.55773 -126.419 -50.622 -32.4802 -48.4676
21.5963 -8.72039 -126.662 -50.7744 -32.5839 -48.3948
21.3421 -8.88356 -126.903 -50.927 -32.6879 -48.3215
21.087 -9.04726 -127.145 -51.0798 -32.792 -48.2476
20.8313 -9.21149 -127.386 -51.2329 -32.8964 -48.1731
20.5747 -9.37623 -127.627 -51.3862 -33.001 -48.098
20.3174 -9.5415 -127.867 -51.5397 -33.1058 -48.0223
20.0593 -9.70729 -128.107 -51.6935 -33.2109 -47.946
19.8005 -9.8736 -128.346 -51.8475 -33.3161 -47.869
19.5408 -10.0404 -128.585 -52.0018 -33.4216 -47.7915
19.2805 -10.2078 -128.824 -52.1562 -33.5273 -47.7133
19.0193 -10.3757 -129.063 -52.3109 -33.6332 -47.6345
18.7573 -10.5442 -129.301 -52.4659 -33.7393 -47.555
18.4946 -10.7131 -129.538 -52.621 -33.8457 -47.475
18.2311 -10.8826 -129.775 -52.7764 -33.9522 -47.3943
17.9669 -11.0526 -130.012 -52.932 -34.059 -47.3129
17.7018 -11.2232 -130.248 -53.0879 -34.166 -47.2309
17.436 -11.3943 -130.484 -53.244 -34.2732 -47.1483
17.1694 -11.5659 -130.72 -53.4003 -34.3806 -47.065
16.902 -11.7381 -130.955 -53.5568 -34.4883 -46.981
16.6338 -11.9108 -131.19 -53.7135 -34.5962 -46.8964
16.3648 -12.0841 -131.424 -53.8705 -34.7043 -46.8112
16.0951 -12.2579 -131.658 -54.0277 -34.8126 -46.7252
15.8246 -12.4322 -131.891 -54.1851 -34.9211 -46.6386
15.5532 -12.6071 -132.124 -54.3428 -35.0299 -46.5513
15.2811 -12.7825 -132.357 -54.5006 -35.1388 -46.4634
15.0082 -12.9585 -132.589 -54.6587 -35.248 -46.3747
14.7346 -13.135 -132.821 -54.817 -35.3574 -46.2854
14.4601 -13.312 -133.052 -54.9756 -35.467 -46.1954
14.1848 -13.4896 -133.283 -55.1343 -35.5769 -46.1047
13.9087 -13.6678 -133.513 -55.2933 -35.6869 -46.0133
13.6319 -13.8465 -133.743 -55.4525 -35.7972 -45.9211
13.3542 -14.0258 -133.972 -55.6119 -35.9077 -45.8283
13.0757 -14.2056 -134.201 -55.7715 -36.0184 -45.7348
12.7965 -14.386 -134.429 -55.9313 -36.1293 -45.6405
12.5164 -14.5669 -134.657 -56.0913 -36.2405 -45.5456
12.2356 -14.7484 -134.885 -56.2516 -36.3519 -45.4499
11.9539 -14.9304 -135.112 -56.412 -36.4634 -45.3535
11.6715 -15.113 -135.338 -56.5727 -36.5752 -45.2563
11.3882 -15.2961 -135.564 -56.7336 -36.6873 -45.1584
11.1041 -15.4799 -135.79 -56.8946 -36.7995 -45.0598
10.8192 -15.6641 -136.015 -57.0559 -36.9119 -44.9604
10.5336 -15.849 -136.24 -57.2174 -37.0246 -44.8603
10.2471 -16.0344 -136.464 -57.3791 -37.1375 -44.7594
9.95977 -16.2204 -136.687 -57.541 -37.2506 -44.6578
9.67166 -16.4069 -136.91 -57.7031 -37.3639 -44.5554
9.38274 -16.594 -137.133 -57.8654 -37.4774 -44.4522
9.09301 -16.7817 -137.355 -58.0279 -37.5912 -44.3483
8.80246 -16.9699 -137.576 -58.1906 -37.7051 -44.2436
8.5111 -17.1587 -137.797 -58.3535 -37.8193 -44.1381
8.21893 -17.3481 -138.018 -58.5166 -37.9337 -44.0318
7.92593 -17.5381 -138.237 -58.6799 -38.0483 -43.9247
7.63213 -17.7286 -138.457 -58.8433 -38.1631 -43.8169
7.3375 -17.9197 -138.676 -59.007 -38.2781 -43.7082
7.04206 -18.1114 -138.894 -59.1709 -38.3933 -43.5987
6.74579 -18.3036 -139.112 -59.3349 -38.5087 -43.4884
6.44871 -18.4964 -139.329 -59.4991 -38.6244 -43.3773
6.1508 -18.6899 -139.545 -59.6635 -38.7403 -43.2654
5.85207 -18.8838 -139.761 -59.8281 -38.8563 -43.1527
5.55252 -19.0784 -139.977 -59.9929 -38.9726 -43.0391
5.25214 -19.2736 -140.192 -60.1579 -39.0891 -42.9247
4.95094 -19.4693 -140.406 -60.323 -39.2058 -42.8095
4.64891 -19.6656 -140.62 -60.4883 -39.3227 -42.6934
4.34606 -19.8625 -140.833 -60.6538 -39.4398 -42.5764
4.04238 -20.06 -141.046 -60.8195 -39.5571 -42.4586
3.73786 -20.2581 -141.258 -60.9853 -39.6747 -42.34
3.43252 -20.4568 -141.469 -61.1513 -39.7924 -42.2204
3.12635 -20.656 -141.68 -61.3175 -39.9103 -42.1
2.81935 -20.8559 -141.89 -61.4838 -40.0284 -41.9788
2.51151 -21.0563 -142.1 -61.6503 -40.1468 -41.8566
2.20285 -21.2573 -142.309 -61.817 -40.2653 -41.7336
1.89334 -21.459 -142.517 -61.9838 -40.384 -41.6097
1.58301 -21.6612 -142.725 -62.1508 -40.503 -41.4848
1.27184 -21.864 -142.932 -62.318 -40.6221 -41.3591
0.959828 -22.0674 -143.138 -62.4853 -40.7415 -41.2325
0.646983 -22.2714 -143.344 -62.6527 -40.861 -41.1049
0.333301 -22.476 -143.549 -62.8204 -40.9807 -40.9764
0.0187797 -22.6812 -143.754 -62.9881 -41.1006 -40.8471
-0.29658 -22.887 -143.958 -63.156 -41.2207 -40.7167
-0.61278 -23.0934 -144.161 -63.3241 -41.341 -40.5855
-0.929821 -23.3004 -144.364 -63.4923 -41.4615 -40.4533
-1.2477 -23.508 -144.566 -63.6606 -41.5822 -40.3201
-1.56643 -23.7163 -144.767 -63.8291 -41.7031 -40.186
-1.88599 -23.9251 -144.967 -63.9977 -41.8242 -40.051
-2.2064 -24.1345 -145.167 -64.1665 -41.9454 -39.9149
-2.52766 -24.3445 -145.367 -64.3354 -42.0669 -39.7779
-2.84976 -24.5552 -145.565 -64.5044 -42.1885 -39.64
-3.1727 -24.7664 -145.763 -64.6735 -42.3103 -39.501
-3.49649 -24.9783 -145.96 -64.8428 -42.4323 -39.3611
-3.82113 -25.1907 -146.157 -65.0122 -42.5545 -39.2201
-4.14661 -25.4038 -146.352 -65.1817 -42.6768 -39.0782
-4.47295 -25.6175 -146.547 -65.3514 -42.7994 -38.9353
-4.80013 -25.8318 -146.742 -65.5211 -42.9221 -38.7913
-5.12816 -26.0467 -146.935 -65.691 -43.045 -38.6463
-5.45704 -26.2623 -147.128 -65.861 -43.168 -38.5003
-5.78677 -26.4784 -147.32 -66.0311 -43.2912 -38.3533
-6.11735 -26.6952 -147.512 -66.2013 -43.4146 -38.2053
-6.44878 -26.9125 -147.702 -66.3716 -43.5382 -38.0562
-6.78106 -27.1305 -147.892 -66.542 -43.662 -37.906
-7.1142 -27.3492 -148.081 -66.7125 -43.7859 -37.7548
-7.44819 -27.5684 -148.27 -66.8831 -43.9099 -37.6025
-7.78303 -27.7883 -148.457 -67.0538 -44.0342 -37.4492
-8.11873 -28.0087 -148.644 -67.2246 -44.1586 -37.2948
-8.45528 -28.2298 -148.83 -67.3955 -44.2831 -37.1393
-8.79268 -28.4516 -149.016 -67.5665 -44.4079 -36.9827
-9.13094 -28.6739 -149.2 -67.7375 -44.5327 -36.825
-9.47006 -28.8969 -149.384 -67.9087 -44.6578 -36.6662
-9.81003 -29.1205 -149.567 -68.0799 -44.7829 -36.5064
-10.1509 -29.3447 -149.749 -68.2512 -44.9083 -36.3454
-10.4925 -29.5696 -149.93 -68.4225 -45.0338 -36.1832
-10.8351 -29.7951 -150.111 -68.594 -45.1594 -36.02
-11.1785 -30.0212 -150.291 -68.7655 -45.2852 -35.8556
-11.5227 -30.2479 -150.469 -68.937 -45.4111 -35.6901
-11.8678 -30.4753 -150.647 -69.1086 -45.5372 -35.5234
-12.2138 -30.7033 -150.825 -69.2803 -45.6634 -35.3556
-12.5607 -30.9319 -151.001 -69.452 -45.7897 -35.1866
-12.9083 -31.1612 -151.177 -69.6238 -45.9162 -35.0165
-13.2569 -31.3911 -151.351 -69.7956 -46.0428 -34.8452
-13.6063 -31.6216 -151.525 -69.9675 -46.1695 -34.6727
-13.9566 -31.8528 -151.698 -70.1394 -46.2964 -34.499
-14.3077 -32.0846 -151.87 -70.3114 -46.4234 -34.3241
-14.6597 -32.317 -152.041 -70.4833 -46.5505 -34.148
-15.0125 -32.5501 -152.211 -70.6554 -46.6778 -33.9707
-15.3662 -32.7838 -152.381 -70.8274 -46.8051 -33.7922
-15.7208 -33.0181 -152.549 -70.9995 -46.9326 -33.6125
-16.0762 -33.2531 -152.717 -71.1715 -47.0602 -33.4315
-16.4325 -33.4887 -152.884 -71.3436 -47.1879 -33.2493
-16.7897 -33.725 -153.049 -71.5157 -47.3158 -33.0658
-17.1477 -33.9619 -153.214 -71.6879 -47.4437 -32.8811
-17.5065 -34.1994 -153.378 -71.86 -47.5717 -32.6952
-17.8663 -34.4376 -153.541 -72.0321 -47.6999 -32.508
-18.2269 -34.6764 -153.703 -72.2042 -47.8281 -32.3195
-18.5883 -34.9159 -153.865 -72.3764 -47.9564 -32.1297
-18.9506 -35.156 -154.025 -72.5485 -48.0849 -31.9386
-19.3138 -35.3967 -154.184 -72.7206 -48.2134 -31.7462
-19.6778 -35.6381 -154.342 -72.8926 -48.342 -31.5526
-20.0427 -35.8802 -154.499 -73.0647 -48.4707 -31.3576
-20.4085 -36.1228 -154.656 -73.2367 -48.5995 -31.1613
-20.7751 -36.3662 -154.811 -73.4087 -48.7284 -30.9637
-21.1426 -36.6101 -154.965 -73.5806 -48.8573 -30.7647
-21.5109 -36.8547 -155.119 -73.7526 -48.9863 -30.5644
-21.8801 -37.1 -155.271 -73.9244 -49.1154 -30.3627
-22.2501 -37.3459 -155.422 -74.0963 -49.2446 -30.1597
-22.621 -37.5924 -155.573 -74.268 -49.3738 -29.9554
-22.9928 -37.8396 -155.722 -74.4397 -49.5031 -29.7496
-23.3654 -38.0875 -155.87 -74.6114 -49.6325 -29.5425
-23.7389 -38.3359 -156.017 -74.783 -49.7619 -29.334
-24.1133 -38.5851 -156.163 -74.9545 -49.8913 -29.1241
-24.4885 -38.8349 -156.309 -75.1259 -50.0208 -28.9128
-24.8645 -39.0853 -156.453 -75.2972 -50.1504 -28.7001
-25.2414 -39.3364 -156.596 -75.4685 -50.28 -28.4859
-25.6192 -39.5881 -156.737 -75.6397 -50.4096 -28.2704
-25.9978 -39.8405 -156.878 -75.8107 -50.5393 -28.0534
-26.3773 -40.0935 -157.018 -75.9817 -50.669 -27.835
-26.7577 -40.3471 -157.157 -76.1526 -50.7987 -27.6151
-27.1388 -40.6015 -157.294 -76.3233 -50.9285 -27.3937
-27.5209 -40.8564 -157.431 -76.4939 -51.0583 -27.1709
-27.9038 -41.112 -157.566 -76.6644 -51.1881 -26.9466
-28.2875 -41.3683 -157.7 -76.8348 -51.3179 -26.7209
-28.6721 -41.6252 -157.833 -77.005 -51.4477 -26.4936
-29.0576 -41.8828 -157.965 -77.1751 -51.5775 -26.2649
-29.4439 -42.141 -158.096 -77.3451 -51.7073 -26.0346
-29.831 -42.3999 -158.225 -77.5149 -51.8371 -25.8028
-30.219 -42.6594 -158.354 -77.6845 -51.967 -25.5696
-30.6079 -42.9195 -158.481 -77.854 -52.0968 -25.3347
-30.9976 -43.1803 -158.607 -78.0233 -52.2265 -25.0984
-31.3881 -43.4418 -158.732 -78.1924 -52.3563 -24.8605
-31.7795 -43.7039 -158.856 -78.3613 -52.4861 -24.621
-32.1717 -43.9666 -158.978 -78.5301 -52.6158 -24.38
-32.5648 -44.23 -159.099 -78.6986 -52.7454 -24.1374
-32.9587 -44.4941 -159.22 -78.867 -52.8751 -23.8932
-33.3535 -44.7588 -159.338 -79.0351 -53.0047 -23.6474
-33.7491 -45.0241 -159.456 -79.203 -53.1342 -23.4001
-34.1455 -45.2901 -159.572 -79.3707 -53.2637 -23.1511
-34.5428 -45.5568 -159.688 -79.5382 -53.3931 -22.9006
-34.9409 -45.8241 -159.801 -79.7054 -53.5225 -22.6484
-35.3398 -46.092 -159.914 -79.8724 -53.6518 -22.3945
-35.7396 -46.3606 -160.025 -80.0391 -53.7811 -22.1391
-36.1402 -46.6298 -160.135 -80.2056 -53.9102 -21.882
-36.5417 -46.8997 -160.244 -80.3718 -54.0393 -21.6232
-36.9439 -47.1702 -160.352 -80.5377 -54.1683 -21.3628
-37.347 -47.4414 -160.458 -80.7034 -54.2972 -21.1007
-37.751 -47.7132 -160.563 -80.8687 -54.4259 -20.8369
-38.1557 -47.9856 -160.666 -81.0338 -54.5546 -20.5715
-38.5613 -48.2587 -160.768 -81.1985 -54.6832 -20.3043
-38.9677 -48.5325 -160.869 -81.363 -54.8116 -20.0355
-39.3749 -48.8068 -160.969 -81.5271 -54.94 -19.7649
-39.783 -49.0819 -161.067 -81.6909 -55.0682 -19.4926
-40.1918 -49.3575 -161.164 -81.8544 -55.1962 -19.2186
-40.6015 -49.6338 -161.259 -82.0175 -55.3241 -18.9428
-41.012 -49.9108 -161.353 -82.1802 -55.4519 -18.6653
-41.4233 -50.1883 -161.446 -82.3426 -55.5795 -18.3861
-41.8354 -50.4666 -161.537 -82.5047 -55.707 -18.105
-42.2484 -50.7454 -161.627 -82.6663 -55.8343 -17.8222
-42.6621 -51.0249 -161.715 -82.8276 -55.9614 -17.5377
-43.0766 -51.305 -161.802 -82.9884 -56.0883 -17.2513
-43.492 -51.5858 -161.888 -83.1489 -56.2151 -16.9631
-43.9081 -51.8672 -161.972 -83.3089 -56.3417 -16.6732
-44.3251 -52.1492 -162.054 -83.4686 -56.468 -16.3814
-44.7428 -52.4319 -162.136 -83.6277 -56.5942 -16.0878
-45.1614 -52.7151 -162.215 -83.7865 -56.7201 -15.7924
-45.5807 -52.9991 -162.293 -83.9448 -56.8458 -15.4951
-46.0008 -53.2836 -162.37 -84.1026 -56.9713 -15.196
-46.4217 -53.5688 -162.445 -84.26 -57.0965 -14.895
-46.8434 -53.8546 -162.519 -84.4168 -57.2215 -14.5922
-47.2659 -54.141 -162.591 -84.5732 -57.3462 -14.2875
-47.6891 -54.428 -162.662 -84.7291 -57.4707 -13.9809
-48.1132 -54.7157 -162.731 -84.8845 -57.5949 -13.6724
-48.538 -55.004 -162.799 -85.0393 -57.7189 -13.362
-48.9636 -55.2929 -162.865 -85.1937 -57.8425 -13.0497
-49.3899 -55.5824 -162.929 -85.3474 -57.9659 -12.7355
-49.817 -55.8725 -162.992 -85.5007 -58.0889 -12.4194
-50.2449 -56.1633 -163.053 -85.6533 -58.2116 -12.1014
-50.6736 -56.4546 -163.113 -85.8054 -58.3341 -11.7814
-51.103 -56.7466 -163.171 -85.9569 -58.4562 -11.4594
-51.5331 -57.0392 -163.228 -86.1078 -58.5779 -11.1355
-51.964 -57.3324 -163.283 -86.2581 -58.6993 -10.8097
-52.3957 -57.6262 -163.336 -86.4078 -58.8204 -10.4818
-52.8281 -57.9206 -163.387 -86.5569 -58.9411 -10.152
-53.2613 -58.2156 -163.437 -86.7053 -59.0614 -9.8202
-53.6952 -58.5112 -163.486 -86.8531 -59.1813 -9.48639
-54.1298 -58.8074 -163.532 -87.0002 -59.3008 -9.15057
-54.5652 -59.1042 -163.577 -87.1466 -59.42 -8.81274
-55.0013 -59.4016 -163.62 -87.2923 -59.5387 -8.47288
-55.4381 -59.6996 -163.662 -87.4374 -59.657 -8.13099
-55.8756 -59.9982 -163.702 -87.5817 -59.7748 -7.78705
-56.3139 -60.2974 -163.74 -87.7253 -59.8922 -7.44107
-56.7529 -60.5971 -163.776 -87.8682 -60.0092 -7.09303
-57.1926 -60.8975 -163.811 -88.0104 -60.1257 -6.74291
-57.633 -61.1984 -163.844 -88.1517 -60.2417 -6.39073
-58.0741 -61.4999 -163.875 -88.2924 -60.3573 -6.03646
-58.5159 -61.8019 -163.904 -88.4322 -60.4723 -5.68009
-58.9584 -62.1046 -163.931 -88.5712 -60.5868 -5.32162
-59.4016 -62.4078 -163.957 -88.7095 -60.7008 -4.96104
-59.8455 -62.7116 -163.981 -88.8469 -60.8143 -4.59834
-60.2901 -63.016 -164.003 -88.9835 -60.9272 -4.23351
-60.7354 -63.3209 -164.023 -89.1192 -61.0396 -3.86655
-61.1813 -63.6263 -164.042 -89.2541 -61.1514 -3.49743
-61.6279 -63.9324 -164.058 -89.3881 -61.2626 -3.12616
-62.0752 -64.239 -164.073 -89.5212 -61.3732 -2.75273
-62.5231 -64.5461 -164.086 -89.6535 -61.4833 -2.37711
-62.9717 -64.8538 -164.097 -89.7848 -61.5927 -1.99932
-63.421 -65.162 -164.106 -89.9152 -61.7015 -1.61933
-63.8709 -65.4708 -164.113 -90.0447 -61.8096 -1.23713
-64.3214 -65.7801 -164.118 -90.1732 -61.9171 -0.85272
-64.7726 -66.09 -164.121 -90.3008 -62.0239 -0.466085
-65.2244 -66.4004 -164.123 -90.4273 -62.1301 -0.0772159
-65.6769 -66.7113 -164.122 -90.553 -62.2355 0.313899
-66.13 -67.0227 -164.12 -90.6776 -62.3402 0.70727
-66.5836 -67.3347 -164.115 -90.8011 -62.4442 1.10291
-67.038 -67.6472 -164.109 -90.9237 -62.5475 1.50083
-67.4929 -67.9602 -164.1 -91.0452 -62.65 1.90103
-67.9484 -68.2737 -164.09 -91.1657 -62.7518 2.30354
-68.4045 -68.5877 -164.077 -91.2851 -62.8528 2.70836
-68.8613 -68.9022 -164.063 -91.4034 -62.953 3.11551
-69.3186 -69.2172 -164.046 -91.5206 -63.0524 3.525
-69.7765 -69.5327 -164.027 -91.6368 -63.1509 3.93685
-70.2349 -69.8487 -164.007 -91.7517 -63.2487 4.35106
-70.694 -70.1652 -163.984 -91.8656 -63.3455 4.76765
-71.1536 -70.4822 -163.959 -91.9783 -63.4415 5.18663
-71.6138 -70.7996 -163.932 -92.0898 -63.5367 5.60803
-72.0745 -71.1175 -163.903 -92.2002 -63.6309 6.03186
-72.5358 -71.4359 -163.872 -92.3094 -63.7243 6.45813
-72.9976 -71.7548 -163.838 -92.4173 -63.8167 6.88686
-73.4599 -72.0741 -163.803 -92.524 -63.9082 7.31807
-73.9228 -72.3939 -163.765 -92.6295 -63.9987 7.75177
-74.3862 -72.7141 -163.725 -92.7338 -64.0883 8.188
-74.8502 -73.0347 -163.683 -92.8367 -64.1769 8.62676
-75.3146 -73.3559 -163.639 -92.9384 -64.2645 9.06808
-75.7796 -73.6774 -163.593 -93.0388 -64.3511 9.51198
-76.245 -73.9994 -163.544 -93.1378 -64.4366 9.95849
-76.7109 -74.3218 -163.493 -93.2356 -64.5212 10.4076
-77.1774 -74.6446 -163.44 -93.3319 -64.6047 10.8594
-77.6443 -74.9678 -163.384 -93.4269 -64.6871 11.3139
-78.1116 -75.2914 -163.327 -93.5205 -64.7685 11.7711
-78.5795 -75.6155 -163.267 -93.6127 -64.8488 12.231
-79.0478 -75.9399 -163.204 -93.7035 -64.9281 12.6937
-79.5165 -76.2648 -163.14 -93.7928 -65.0062 13.1591
-79.9857 -76.59 -163.073 -93.8806 -65.0832 13.6275
-80.4553 -76.9156 -163.003 -93.9669 -65.1592 14.0986
-80.9253 -77.2416 -162.932 -94.0517 -65.234 14.5727
-81.3958 -77.5679 -162.858 -94.135 -65.3077 15.0497
-81.8667 -77.8947 -162.781 -94.2166 -65.3803 15.5297
-82.338 -78.2217 -162.702 -94.2967 -65.4518 16.0127
-82.8097 -78.5492 -162.621 -94.375 -65.5221 16.4987
-83.2817 -78.877 -162.537 -94.4517 -65.5914 16.9879
-83.7542 -79.2051 -162.451 -94.5267 -65.6596 17.4801
-84.227 -79.5336 -162.363 -94.5999 -65.7266 17.9756
-84.7002 -79.8624 -162.272 -94.6713 -65.7926 18.4742
-85.1737 -80.1915 -162.178 -94.7408 -65.8576 18.9761
-85.6476 -80.5209 -162.082 -94.8085 -65.9215 19.4812
-86.1218 -80.8507 -161.983 -94.8741 -65.9844 19.9897
-86.5963 -81.1808 -161.882 -94.9377 -66.0462 20.5016
-87.0712 -81.5112 -161.778 -94.9992 -66.1071 21.0168
-87.5463 -81.8419 -161.672 -95.0585 -66.1671 21.5354
-88.0218 -82.1728 -161.563 -95.1156 -66.2262 22.0574
-88.4975 -82.5041 -161.451 -95.1703 -66.2844 22.5829
-88.9735 -82.8357 -161.337 -95.2227 -66.3419 23.1118
-89.4497 -83.1675 -161.22 -95.2725 -66.3985 23.6442
-89.9262 -83.4997 -161.1 -95.3197 -66.4544 24.18
-90.4029 -83.8321 -160.978 -95.3642 -66.5097 24.7192
-90.8798 -84.1648 -160.853 -95.4059 -66.5643 25.2618
-91.357 -84.4977 -160.726 -95.4447 -66.6184 25.8077
-91.8343 -84.831 -160.595 -95.4805 -66.6719 26.3569
-92.3118 -85.1645 -160.462 -95.5131 -66.725 26.9093
-92.7894 -85.4982 -160.326 -95.5425 -66.7777 27.4648
-93.2672 -85.8322 -160.187 -95.5686 -66.83 28.0232
-93.7451 -86.1665 -160.046 -95.5912 -66.8819 28.5846
-94.2231 -86.5011 -159.902 -95.6103 -66.9335 29.1487
-94.7012 -86.8359 -159.754 -95.6257 -66.9849 29.7153
-95.1794 -87.1709 -159.604 -95.6374 -67.036 30.2844
-95.6576 -87.5062 -159.452 -95.6454 -67.0868 30.8557
-96.1358 -87.8418 -159.296 -95.6494 -67.1373 31.429
-96.6141 -88.1776 -159.137 -95.6496 -67.1875 32.0042
-97.0923 -88.5137 -158.976 -95.6458 -67.2374 32.5811
-97.5705 -88.85 -158.811 -95.6381 -67.2869 33.1594
-98.0487 -89.1865 -158.644 -95.6264 -67.336 33.739
-98.5268 -89.5234 -158.474 -95.6107 -67.3845 34.3197
-99.0048 -89.8604 -158.301 -95.5911 -67.4325 34.9012
-99.4827 -90.1977 -158.125 -95.5675 -67.4799 35.4835
-99.9605 -90.5352 -157.946 -95.54 -67.5265 36.0663
-100.438 -90.8729 -157.764 -95.5087 -67.5722 36.6495
-100.916 -91.2109 -157.58 -95.4735 -67.617 37.2329
-101.393 -91.5491 -157.392 -95.4347 -67.6607 37.8164
-101.87 -91.8875 -157.202 -95.3922 -67.7032 38.4
-102.347 -92.2262 -157.008 -95.346 -67.7444 38.9835
-102.823 -92.565 -156.812 -95.2964 -67.7843 39.5669
-103.3 -92.904 -156.612 -95.2433 -67.8226 40.15
-103.776 -93.2432 -156.41 -95.1868 -67.8593 40.7329
-104.252 -93.5826 -156.205 -95.127 -67.8943 41.3156
-104.727 -93.9222 -155.997 -95.0639 -67.9276 41.8979
-105.202 -94.2619 -155.786 -94.9977 -67.9589 42.4799
-105.677 -94.6017 -155.572 -94.9283 -67.9883 43.0616
-106.152 -94.9418 -155.355 -94.8558 -68.0156 43.6429
-106.626 -95.2819 -155.136 -94.7802 -68.0408 44.224
-107.099 -95.6222 -154.913 -94.7017 -68.0638 44.8048
-107.573 -95.9625 -154.688 -94.6201 -68.0846 45.3853
-108.046 -96.303 -154.459 -94.5357 -68.1032 45.9656
-108.518 -96.6436 -154.228 -94.4483 -68.1193 46.5457
-108.99 -96.9842 -153.994 -94.358 -68.1332 47.1256
-109.462 -97.3249 -153.757 -94.2647 -68.1445 47.7054
-109.933 -97.6656 -153.517 -94.1687 -68.1535 48.285
-110.403 -98.0064 -153.274 -94.0697 -68.1599 48.8645
-110.873 -98.3472 -153.028 -93.9678 -68.1639 49.444
-111.343 -98.6881 -152.78 -93.8631 -68.1653 50.0234
-111.812 -99.0289 -152.528 -93.7555 -68.1642 50.6027
-112.281 -99.3697 -152.274 -93.645 -68.1605 51.182
-112.748 -99.7105 -152.016 -93.5316 -68.1542 51.7614
-113.216 -100.051 -151.756 -93.4153 -68.1453 52.3407
-113.683 -100.392 -151.493 -93.296 -68.1338 52.9201
-114.149 -100.733 -151.227 -93.1739 -68.1197 53.4995
-114.614 -101.073 -150.958 -93.0487 -68.1029 54.0789
-115.079 -101.414 -150.686 -92.9206 -68.0835 54.6583
-115.544 -101.754 -150.411 -92.7895 -68.0614 55.2378
-116.007 -102.094 -150.134 -92.6554 -68.0367 55.8174
-116.47 -102.434 -149.853 -92.5183 -68.0093 56.3969
-116.932 -102.774 -149.57 -92.3782 -67.9792 56.9765
-117.394 -103.114 -149.283 -92.2349 -67.9465 57.5561
-117.855 -103.454 -148.994 -92.0886 -67.911 58.1357
-118.315 -103.793 -148.702 -91.9392 -67.8729 58.7153
-118.774 -104.133 -148.407 -91.7867 -67.8321 59.2948
-119.233 -104.472 -148.109 -91.631 -67.7886 59.8743
-119.69 -104.81 -147.808 -91.4721 -67.7424 60.4538
-120.147 -105.149 -147.504 -91.3101 -67.6935 61.0331
-120.604 -105.487 -147.198 -91.1449 -67.6418 61.6123
-121.059 -105.825 -146.888 -90.9765 -67.5875 62.1914
-121.513 -106.163 -146.576 -90.8048 -67.5305 62.7703
-121.967 -106.501 -146.261 -90.6299 -67.4707 63.349
-122.42 -106.838 -145.942 -90.4518 -67.4082 63.9275
-122.871 -107.175 -145.621 -90.2703 -67.343 64.5057
-123.322 -107.511 -145.297 -90.0856 -67.2751 65.0836
-123.772 -107.848 -144.971 -89.8975 -67.2044 65.6612
-124.221 -108.183 -144.641 -89.7061 -67.1311 66.2385
-124.669 -108.519 -144.308 -89.5114 -67.0549 66.8153
-125.116 -108.854 -143.973 -89.3134 -66.9761 67.3917
-125.562 -109.189 -143.634 -89.112 -66.8945 67.9676
-126.008 -109.523 -143.293 -88.9072 -66.8102 68.543
-126.452 -109.857 -142.949 -88.699 -66.7232 69.1179
-126.894 -110.19 -142.602 -88.4875 -66.6334 69.6921
-127.336 -110.523 -142.252 -88.2725 -66.5408 70.2658
-127.777 -110.856 -141.899 -88.0542 -66.4456 70.8387
-128.217 -111.188 -141.544 -87.8324 -66.3476 71.4109
-128.656 -111.519 -141.185 -87.6073 -66.2468 71.9823
-129.093 -111.85 -140.824 -87.3787 -66.1433 72.5529
-129.529 -112.18 -140.46 -87.1466 -66.0371 73.1227
-129.964 -112.51 -140.092 -86.9112 -65.9282 73.6916
-130.398 -112.84 -139.723 -86.6723 -65.8165 74.2594
-130.831 -113.169 -139.35 -86.4299 -65.702 74.8263
-131.263 -113.497 -138.974 -86.1842 -65.5849 75.3922
-131.693 -113.824 -138.596 -85.935 -65.465 75.9569
-132.122 -114.151 -138.215 -85.6823 -65.3424 76.5205
-132.55 -114.478 -137.831 -85.4262 -65.217 77.0829
-132.976 -114.804 -137.444 -85.1667 -65.0889 77.644
-133.402 -115.129 -137.054 -84.9038 -64.9581 78.2039
-133.825 -115.453 -136.662 -84.6374 -64.8246 78.7624
-134.248 -115.777 -136.267 -84.3676 -64.6884 79.3195
-134.669 -116.1 -135.869 -84.0944 -64.5495 79.8752
-135.089 -116.422 -135.468 -83.8177 -64.4078 80.4293
-135.507 -116.744 -135.064 -83.5377 -64.2635 80.9819
-135.924 -117.065 -134.658 -83.2542 -64.1164 81.5329
-136.34 -117.385 -134.249 -82.9674 -63.9667 82.0823
-136.754 -117.705 -133.837 -82.6772 -63.8143 82.6299
-137.167 -118.023 -133.423 -82.3836 -63.6593 83.1758
-137.578 -118.341 -133.006 -82.0866 -63.5015 83.7199
-137.987 -118.658 -132.586 -81.7863 -63.3411 84.2621
-138.396 -118.975 -132.163 -81.4827 -63.1781 84.8024
-138.802 -119.29 -131.738 -81.1757 -63.0124 85.3408
-139.207 -119.605 -131.31 -80.8655 -62.8441 85.8771
-139.611 -119.919 -130.879 -80.5519 -62.6732 86.4114
-140.013 -120.232 -130.445 -80.2351 -62.4996 86.9435
-140.413 -120.544 -130.009 -79.915 -62.3235 87.4735
-140.812 -120.855 -129.571 -79.5916 -62.1447 88.0013
-141.209 -121.165 -129.129 -79.265 -61.9634 88.5268
-141.605 -121.474 -128.685 -78.9353 -61.7795 89.05
-141.999 -121.783 -128.239 -78.6023 -61.5931 89.5708
-142.391 -122.09 -127.79 -78.2662 -61.4041 90.0891
-142.781 -122.397 -127.338 -77.9269 -61.2126 90.6051
-143.17 -122.703 -126.884 -77.5845 -61.0186 91.1184
-143.557 -123.007 -126.427 -77.2389 -60.822 91.6292
-143.942 -123.311 -125.967 -76.8903 -60.623 92.1374
-144.326 -123.613 -125.505 -76.5387 -60.4215 92.643
-144.708 -123.915 -125.041 -76.184 -60.2176 93.1458
-145.088 -124.216 -124.574 -75.8263 -60.0112 93.6458
-145.466 -124.515 -124.104 -75.4657 -59.8025 94.143
-145.842 -124.814 -123.633 -75.102 -59.5913 94.6374
-146.217 -125.111 -123.158 -74.7355 -59.3777 95.1288
-146.59 -125.407 -122.681 -74.3661 -59.1617 95.6173
-146.961 -125.703 -122.202 -73.9937 -58.9434 96.1028
-147.33 -125.997 -121.72 -73.6186 -58.7228 96.5852
-147.697 -126.29 -121.236 -73.2406 -58.4998 97.0646
-148.062 -126.582 -120.75 -72.8599 -58.2746 97.5408
-148.426 -126.873 -120.261 -72.4764 -58.0471 98.0138
-148.787 -127.162 -119.769 -72.0902 -57.8173 98.4837
-149.146 -127.451 -119.276 -71.7013 -57.5853 98.9502
-149.504 -127.738 -118.78 -71.3098 -57.3511 99.4134
-149.86 -128.024 -118.282 -70.9157 -57.1147 99.8733
-150.213 -128.309 -117.781 -70.5189 -56.8762 100.33
-150.565 -128.593 -117.278 -70.1197 -56.6355 100.783
-150.914 -128.876 -116.773 -69.7179 -56.3927 101.232
-151.262 -129.157 -116.266 -69.3136 -56.1478 101.679
-151.607 -129.437 -115.757 -68.9069 -55.9008 102.121
-151.951 -129.716 -115.245 -68.4978 -55.6517 102.56
-152.292 -129.994 -114.731 -68.0863 -55.4007 102.995
-152.632 -130.27 -114.215 -67.6725 -55.1476 103.427
-152.969 -130.545 -113.697 -67.2564 -54.8926 103.855
-153.304 -130.819 -113.176 -66.8381 -54.6356 104.279
-153.638 -131.091 -112.654 -66.4175 -54.3767 104.7
-153.969 -131.363 -112.129 -65.9948 -54.1159 105.117
-154.297 -131.633 -111.603 -65.57 -53.8533 105.529
-154.624 -131.901 -111.074 -65.143 -53.5888 105.938
-154.949 -132.168 -110.543 -64.714 -53.3225 106.344
-155.271 -132.434 -110.011 -64.283 -53.0544 106.745
-155.592 -132.699 -109.476 -63.85 -52.7845 107.142
-155.91 -132.962 -108.939 -63.4151 -52.5129 107.535
-156.226 -133.224 -108.401 -62.9783 -52.2396 107.925
-156.54 -133.485 -107.86 -62.5396 -51.9646 108.31
-156.851 -133.744 -107.317 -62.0992 -51.688 108.691
-157.161 -134.002 -106.773 -61.6569 -51.4097 109.068
-157.468 -134.258 -106.227 -61.213 -51.1299 109.441
-157.773 -134.513 -105.679 -60.7674 -50.8485 109.81
-158.076 -134.766 -105.129 -60.3202 -50.5656 110.175
-158.376 -135.018 -104.577 -59.8713 -50.2812 110.535
-158.674 -135.269 -104.023 -59.4209 -49.9953 110.892
-158.97 -135.518 -103.468 -58.9691 -49.7079 111.244
-159.264 -135.766 -102.911 -58.5157 -49.4192 111.592
-159.555 -136.013 -102.352 -58.061 -49.129 111.936
-159.845 -136.258 -101.792 -57.6048 -48.8376 112.275
-160.131 -136.501 -101.229 -57.1474 -48.5448 112.61
-160.416 -136.743 -100.665 -56.6887 -48.2507 112.941
-160.698 -136.984 -100.1 -56.2287 -47.9553 113.268
-160.978 -137.223 -99.5327 -55.7675 -47.6587 113.59
-161.256 -137.46 -98.964 -55.3052 -47.361 113.908
-161.531 -137.696 -98.3937 -54.8418 -47.062 114.222
-161.804 -137.931 -97.8218 -54.3773 -46.7619 114.531
-162.075 -138.164 -97.2484 -53.9117 -46.4607 114.836
-162.344 -138.395 -96.6734 -53.4453 -46.1585 115.136
-162.61 -138.625 -96.097 -52.9778 -45.8552 115.432
-162.873 -138.854 -95.5191 -52.5095 -45.5509 115.724
-163.135 -139.081 -94.9398 -52.0404 -45.2456 116.011
-163.394 -139.306 -94.359 -51.5704 -44.9393 116.294
-163.65 -139.53 -93.7768 -51.0997 -44.6322 116.573
-163.905 -139.753 -93.1933 -50.6283 -44.3241 116.847
-164.157 -139.974 -92.6083 -50.1562 -44.0152 117.117
-164.406 -140.193 -92.0221 -49.6835 -43.7054 117.382
-164.654 -140.411 -91.4345 -49.2102 -43.3949 117.643
-164.898 -140.627 -90.8457 -48.7364 -43.0836 117.899
-165.141 -140.841 -90.2555 -48.2621 -42.7716 118.151
-165.381 -141.054 -89.6642 -47.7873 -42.4588 118.399
-165.619 -141.266 -89.0715 -47.3121 -42.1454 118.642
-165.854 -141.476 -88.4777 -46.8365 -41.8313 118.881
-166.087 -141.684 -87.8827 -46.3606 -41.5167 119.116
-166.318 -141.891 -87.2866 -45.8844 -41.2014 119.346
-166.546 -142.096 -86.6893 -45.408 -40.8856 119.571
-166.772 -142.3 -86.0909 -44.9313 -40.5692 119.793
-166.995 -142.502 -85.4913 -44.4545 -40.2524 120.009
-167.216 -142.702 -84.8908 -43.9776 -39.9351 120.222
-167.435 -142.901 -84.2891 -43.5005 -39.6174 120.43
-167.651 -143.099 -83.6865 -43.0235 -39.2992 120.634
-167.865 -143.294 -83.0828 -42.5464 -38.9807 120.833
-168.077 -143.488 -82.4781 -42.0693 -38.6619 121.028
-168.286 -143.681 -81.8725 -41.5923 -38.3427 121.219
-168.493 -143.872 -81.2659 -41.1155 -38.0232 121.406
-168.697 -144.061 -80.6584 -40.6388 -37.7034 121.588
-168.899 -144.249 -80.0501 -40.1622 -37.3835 121.766
-169.099 -144.435 -79.4408 -39.6859 -37.0633 121.939
-169.296 -144.62 -78.8307 -39.2098 -36.7429 122.109
-169.491 -144.802 -78.2197 -38.7341 -36.4224 122.274
-169.683 -144.984 -77.6079 -38.2587 -36.1017 122.435
-169.873 -145.163 -76.9954 -37.7836 -35.781 122.591
-170.061 -145.342 -76.382 -37.3089 -35.4602 122.744
-170.247 -145.518 -75.7679 -36.8347 -35.1393 122.892
-170.43 -145.693 -75.1531 -36.3609 -34.8184 123.036
-170.61 -145.866 -74.5376 -35.8877 -34.4975 123.176
-170.788 -146.038 -73.9213 -35.415 -34.1766 123.312
-170.964 -146.208 -73.3044 -34.9428 -33.8558 123.444
-171.138 -146.377 -72.6869 -34.4713 -33.5351 123.572
-171.309 -146.543 -72.0687 -34.0004 -33.2145 123.695
-171.478 -146.709 -71.4499 -33.5301 -32.894 123.815
-171.644 -146.872 -70.8306 -33.0606 -32.5736 123.93
