75 25 75 0 0 -49
74.9999 25 74.7549 -0.0504724 -0.0185537 -49.0485
74.9995 24.9998 74.5095 -0.10102 -0.0371592 -49.097
74.9989 24.9996 74.2639 -0.151644 -0.0558166 -49.1456
74.998 24.9993 74.0181 -0.202344 -0.0745262 -49.1941
74.9968 24.9988 73.772 -0.25312 -0.0932881 -49.2427
74.9954 24.9983 73.5256 -0.303973 -0.112102 -49.2913
74.9938 24.9977 73.2791 -0.354902 -0.13097 -49.3399
74.9919 24.997 73.0322 -0.405909 -0.14989 -49.3885
74.9897 24.9962 72.7852 -0.456993 -0.168863 -49.4371
74.9873 24.9953 72.5379 -0.508155 -0.187889 -49.4857
74.9847 24.9943 72.2903 -0.559395 -0.206968 -49.5344
74.9817 24.9933 72.0425 -0.610713 -0.226102 -49.583
74.9786 24.9921 71.7945 -0.66211 -0.245289 -49.6317
74.9751 24.9908 71.5462 -0.713586 -0.26453 -49.6804
74.9714 24.9894 71.2977 -0.76514 -0.283825 -49.7291
74.9675 24.988 71.0489 -0.816775 -0.303175 -49.7778
74.9633 24.9864 70.7999 -0.868488 -0.322579 -49.8265
74.9588 24.9847 70.5506 -0.920282 -0.342037 -49.8752
74.954 24.983 70.3011 -0.972156 -0.361551 -49.924
74.9491 24.9811 70.0514 -1.02411 -0.38112 -49.9727
74.9438 24.9792 69.8014 -1.07615 -0.400744 -50.0215
74.9383 24.9771 69.5512 -1.12826 -0.420424 -50.0703
74.9325 24.975 69.3007 -1.18046 -0.440159 -50.1191
74.9265 24.9727 69.05 -1.23274 -0.45995 -50.1679
74.9202 24.9704 68.799 -1.2851 -0.479797 -50.2167
74.9136 24.9679 68.5478 -1.33755 -0.499701 -50.2655
74.9068 24.9654 68.2964 -1.39007 -0.519661 -50.3144
74.8997 24.9627 68.0447 -1.44268 -0.539677 -50.3632
74.8924 24.96 67.7928 -1.49537 -0.559751 -50.4121
74.8848 24.9571 67.5406 -1.54815 -0.579881 -50.4609
74.8769 24.9542 67.2881 -1.60101 -0.600069 -50.5098
74.8688 24.9511 67.0355 -1.65396 -0.620314 -50.5587
74.8604 24.948 66.7826 -1.70698 -0.640616 -50.6076
74.8517 24.9447 66.5294 -1.7601 -0.660977 -50.6566
74.8428 24.9414 66.276 -1.81329 -0.681395 -50.7055
74.8336 24.9379 66.0223 -1.86658 -0.701872 -50.7545
74.8241 24.9343 65.7684 -1.91995 -0.722407 -50.8034
74.8144 24.9307 65.5143 -1.9734 -0.743001 -50.8524
74.8044 24.9269 65.2599 -2.02694 -0.763653 -50.9014
74.7941 24.923 65.0053 -2.08057 -0.784365 -50.9504
74.7836 24.9191 64.7504 -2.13429 -0.805135 -50.9994
74.7728 24.915 64.4953 -2.18809 -0.825965 -51.0484
74.7617 24.9108 64.2399 -2.24198 -0.846855 -51.0974
74.7503 24.9065 63.9843 -2.29595 -0.867805 -51.1465
74.7387 24.9021 63.7285 -2.35002 -0.888814 -51.1955
74.7268 24.8976 63.4724 -2.40417 -0.909884 -51.2446
74.7147 24.893 63.216 -2.45841 -0.931014 -51.2937
74.7023 24.8883 62.9594 -2.51274 -0.952205 -51.3428
74.6896 24.8835 62.7026 -2.56716 -0.973456 -51.3919
74.6766 24.8786 62.4455 -2.62167 -0.994769 -51.441
74.6633 24.8736 62.1882 -2.67627 -1.01614 -51.4901
74.6498 24.8684 61.9306 -2.73097 -1.03758 -51.5393
74.636 24.8632 61.6728 -2.78575 -1.05908 -51.5884
74.622 24.8578 61.4147 -2.84062 -1.08063 -51.6376
74.6076 24.8524 61.1564 -2.89558 -1.10225 -51.6867
74.593 24.8468 60.8979 -2.95064 -1.12394 -51.7359
74.5781 24.8411 60.6391 -3.00578 -1.14568 -51.7851
74.563 24.8354 60.38 -3.06102 -1.16749 -51.8343
74.5475 24.8295 60.1207 -3.11635 -1.18936 -51.8835
74.5318 24.8235 59.8612 -3.17178 -1.2113 -51.9328
74.5158 24.8173 59.6014 -3.2273 -1.2333 -51.982
74.4995 24.8111 59.3414 -3.28291 -1.25536 -52.0313
74.483 24.8048 59.0811 -3.33862 -1.27748 -52.0805
74.4661 24.7983 58.8205 -3.39441 -1.29967 -52.1298
74.449 24.7918 58.5598 -3.45031 -1.32193 -52.1791
74.4316 24.7851 58.2988 -3.5063 -1.34424 -52.2284
74.414 24.7784 58.0375 -3.56238 -1.36663 -52.2777
74.396 24.7715 57.776 -3.61856 -1.38907 -52.327
74.3778 24.7645 57.5142 -3.67484 -1.41159 -52.3763
74.3593 24.7573 57.2522 -3.73121 -1.43416 -52.4257
74.3405 24.7501 56.99 -3.78768 -1.45681 -52.475
74.3214 24.7428 56.7275 -3.84425 -1.47952 -52.5244
74.302 24.7353 56.4647 -3.90091 -1.50229 -52.5738
74.2824 24.7278 56.2017 -3.95768 -1.52513 -52.6232
74.2624 24.7201 55.9385 -4.01453 -1.54804 -52.6726
74.2422 24.7123 55.675 -4.07149 -1.57101 -52.722
74.2217 24.7044 55.4113 -4.12855 -1.59406 -52.7714
74.2009 24.6963 55.1473 -4.18571 -1.61716 -52.8208
74.1799 24.6882 54.8831 -4.24296 -1.64034 -52.8702
74.1585 24.6799 54.6186 -4.30032 -1.66358 -52.9197
74.1369 24.6716 54.3539 -4.35777 -1.68689 -52.9691
74.1149 24.6631 54.0889 -4.41533 -1.71027 -53.0186
74.0927 24.6545 53.8237 -4.47299 -1.73372 -53.0681
74.0702 24.6457 53.5582 -4.53074 -1.75724 -53.1176
74.0474 24.6369 53.2925 -4.5886 -1.78082 -53.1671
74.0243 24.6279 53.0265 -4.64657 -1.80447 -53.2166
74.0009 24.6188 52.7603 -4.70463 -1.8282 -53.2661
73.9773 24.6096 52.4939 -4.7628 -1.85199 -53.3156
73.9533 24.6003 52.2272 -4.82107 -1.87585 -53.3652
73.9291 24.5909 51.9602 -4.87944 -1.89978 -53.4147
73.9045 24.5813 51.693 -4.93792 -1.92378 -53.4643
73.8797 24.5716 51.4256 -4.9965 -1.94786 -53.5139
73.8546 24.5618 51.1579 -5.05519 -1.972 -53.5635
73.8291 24.5519 50.89 -5.11398 -1.99621 -53.613
73.8034 24.5419 50.6218 -5.17288 -2.0205 -53.6626
73.7774 24.5317 50.3533 -5.23188 -2.04485 -53.7123
73.7511 24.5214 50.0846 -5.29099 -2.06928 -53.7619
73.7245 24.511 49.8157 -5.3502 -2.09378 -53.8115
73.6976 24.5005 49.5465 -5.40953 -2.11835 -53.8611
73.6704 24.4898 49.2771 -5.46895 -2.143 -53.9108
73.6429 24.4791 49.0074 -5.52849 -2.16771 -53.9605
73.6151 24.4682 48.7375 -5.58814 -2.1925 -54.0101
73.587 24.4571 48.4673 -5.64789 -2.21736 -54.0598
73.5586 24.446 48.1969 -5.70775 -2.2423 -54.1095
73.5299 24.4347 47.9262 -5.76772 -2.26731 -54.1592
73.501 24.4233 47.6553 -5.82781 -2.29239 -54.2089
73.4717 24.4118 47.3841 -5.888 -2.31755 -54.2586
73.4421 24.4001 47.1127 -5.9483 -2.34278 -54.3083
73.4122 24.3884 46.841 -6.00871 -2.36809 -54.3581
73.382 24.3765 46.5691 -6.06923 -2.39347 -54.4078
73.3515 24.3644 46.297 -6.12987 -2.41892 -54.4575
73.3207 24.3523 46.0246 -6.19062 -2.44445 -54.5073
73.2896 24.34 45.7519 -6.25148 -2.47006 -54.5571
73.2582 24.3276 45.479 -6.31245 -2.49574 -54.6069
73.2265 24.315 45.2058 -6.37354 -2.5215 -54.6566
73.1944 24.3023 44.9324 -6.43473 -2.54734 -54.7064
73.1621 24.2895 44.6588 -6.49605 -2.57325 -54.7562
73.1295 24.2766 44.3849 -6.55748 -2.59924 -54.806
73.0965 24.2636 44.1107 -6.61902 -2.6253 -54.8559
73.0633 24.2504 43.8363 -6.68068 -2.65145 -54.9057
73.0297 24.237 43.5616 -6.74245 -2.67767 -54.9555
72.9959 24.2236 43.2867 -6.80434 -2.70397 -55.0054
72.9617 24.21 43.0116 -6.86635 -2.73034 -55.0552
72.9272 24.1963 42.7362 -6.92847 -2.7568 -55.1051
72.8924 24.1824 42.4605 -6.99071 -2.78333 -55.1549
72.8573 24.1684 42.1846 -7.05307 -2.80995 -55.2048
72.8219 24.1543 41.9085 -7.11554 -2.83664 -55.2547
72.7861 24.1401 41.6321 -7.17814 -2.86341 -55.3046
72.7501 24.1257 41.3554 -7.24085 -2.89027 -55.3545
72.7137 24.1112 41.0786 -7.30369 -2.9172 -55.4044
72.6771 24.0965 40.8014 -7.36664 -2.94421 -55.4543
72.6401 24.0817 40.524 -7.42972 -2.9713 -55.5042
72.6028 24.0668 40.2464 -7.49291 -2.99848 -55.5541
72.5651 24.0517 39.9685 -7.55623 -3.02573 -55.6041
72.5272 24.0366 39.6903 -7.61966 -3.05307 -55.654
72.4889 24.0212 39.4119 -7.68322 -3.08049 -55.7039
72.4504 24.0057 39.1333 -7.74691 -3.10799 -55.7539
72.4115 23.9901 38.8544 -7.81071 -3.13558 -55.8039
72.3723 23.9744 38.5752 -7.87464 -3.16324 -55.8538
72.3327 23.9585 38.2958 -7.93869 -3.19099 -55.9038
72.2929 23.9425 38.0162 -8.00287 -3.21882 -55.9538
72.2527 23.9263 37.7363 -8.06717 -3.24674 -56.0038
72.2122 23.91 37.4562 -8.1316 -3.27474 -56.0537
72.1714 23.8936 37.1758 -8.19615 -3.30282 -56.1037
72.1302 23.877 36.8951 -8.26083 -3.33099 -56.1537
72.0888 23.8603 36.6142 -8.32564 -3.35925 -56.2038
72.047 23.8434 36.3331 -8.39057 -3.38758 -56.2538
72.0049 23.8264 36.0517 -8.45563 -3.41601 -56.3038
71.9624 23.8092 35.7701 -8.52082 -3.44452 -56.3538
71.9197 23.7919 35.4882 -8.58614 -3.47311 -56.4038
71.8766 23.7745 35.206 -8.65158 -3.50179 -56.4539
71.8331 23.7569 34.9236 -8.71716 -3.53056 -56.5039
71.7894 23.7392 34.641 -8.78286 -3.55941 -56.554
71.7453 23.7213 34.3581 -8.8487 -3.58835 -56.604
71.7009 23.7033 34.0749 -8.91466 -3.61738 -56.6541
71.6562 23.6852 33.7915 -8.98076 -3.6465 -56.7041
71.6111 23.6668 33.5079 -9.04699 -3.6757 -56.7542
71.5657 23.6484 33.224 -9.11335 -3.705 -56.8043
71.52 23.6298 32.9399 -9.17984 -3.73438 -56.8543
71.4739 23.611 32.6555 -9.24647 -3.76385 -56.9044
71.4275 23.5922 32.3708 -9.31323 -3.79341 -56.9545
71.3808 23.5731 32.0859 -9.38012 -3.82306 -57.0046
71.3337 23.5539 31.8008 -9.44715 -3.8528 -57.0547
71.2863 23.5346 31.5154 -9.51432 -3.88263 -57.1048
71.2386 23.5151 31.2297 -9.58162 -3.91255 -57.1549
71.1905 23.4955 30.9438 -9.64905 -3.94256 -57.205
71.1421 23.4757 30.6577 -9.71662 -3.97266 -57.2551
71.0933 23.4557 30.3713 -9.78433 -4.00285 -57.3052
71.0442 23.4356 30.0846 -9.85218 -4.03314 -57.3553
70.9948 23.4154 29.7977 -9.92017 -4.06351 -57.4054
70.945 23.395 29.5106 -9.98829 -4.09398 -57.4555
70.8949 23.3745 29.2232 -10.0566 -4.12454 -57.5056
70.8445 23.3538 28.9355 -10.125 -4.1552 -57.5557
70.7937 23.3329 28.6476 -10.1935 -4.18595 -57.6059
70.7425 23.3119 28.3594 -10.2622 -4.21679 -57.656
70.691 23.2907 28.071 -10.331 -4.24773 -57.7061
70.6392 23.2694 27.7824 -10.4 -4.27876 -57.7562
70.587 23.248 27.4935 -10.4691 -4.30988 -57.8064
70.5345 23.2263 27.2043 -10.5383 -4.3411 -57.8565
70.4817 23.2045 26.9149 -10.6077 -4.37242 -57.9066
70.4284 23.1826 26.6253 -10.6773 -4.40383 -57.9568
70.3749 23.1605 26.3353 -10.7469 -4.43534 -58.0069
70.321 23.1382 26.0452 -10.8168 -4.46694 -58.057
70.2667 23.1158 25.7548 -10.8867 -4.49864 -58.1072
70.2121 23.0933 25.4641 -10.9569 -4.53044 -58.1573
70.1572 23.0705 25.1732 -11.0271 -4.56233 -58.2075
70.1018 23.0476 24.882 -11.0975 -4.59433 -58.2576
70.0462 23.0246 24.5906 -11.1681 -4.62642 -58.3077
69.9902 23.0014 24.299 -11.2388 -4.6586 -58.3579
69.9338 22.978 24.007 -11.3097 -4.69089 -58.408
69.8771 22.9545 23.7149 -11.3807 -4.72328 -58.4581
69.82 22.9308 23.4225 -11.4518 -4.75577 -58.5083
69.7625 22.9069 23.1298 -11.5231 -4.78835 -58.5584
69.7048 22.8829 22.8369 -11.5946 -4.82104 -58.6085
69.6466 22.8587 22.5437 -11.6662 -4.85383 -58.6587
69.5881 22.8343 22.2503 -11.7379 -4.88671 -58.7088
69.5292 22.8098 21.9566 -11.8098 -4.9197 -58.7589
69.47 22.7851 21.6627 -11.8819 -4.95279 -58.8091
69.4104 22.7603 21.3685 -11.9541 -4.98598 -58.8592
69.3504 22.7353 21.0741 -12.0265 -5.01928 -58.9093
69.2901 22.7101 20.7794 -12.099 -5.05268 -58.9594
69.2295 22.6848 20.4845 -12.1717 -5.08618 -59.0096
69.1684 22.6592 20.1893 -12.2445 -5.11978 -59.0597
69.107 22.6336 19.8939 -12.3175 -5.15349 -59.1098
69.0452 22.6077 19.5982 -12.3907 -5.1873 -59.1599
68.9831 22.5817 19.3023 -12.464 -5.22121 -59.21
68.9206 22.5555 19.0061 -12.5374 -5.25524 -59.2601
68.8577 22.5291 18.7097 -12.611 -5.28936 -59.3102
68.7945 22.5026 18.413 -12.6848 -5.32359 -59.3603
68.7309 22.4759 18.1161 -12.7588 -5.35793 -59.4104
68.6669 22.449 17.8189 -12.8329 -5.39237 -59.4605
68.6026 22.422 17.5215 -12.9071 -5.42692 -59.5106
68.5378 22.3948 17.2238 -12.9815 -5.46158 -59.5606
68.4727 22.3674 16.9259 -13.0561 -5.49635 -59.6107
68.4073 22.3398 16.6277 -13.1309 -5.53122 -59.6608
68.3414 22.312 16.3293 -13.2058 -5.5662 -59.7108
68.2752 22.2841 16.0306 -13.2809 -5.60129 -59.7609
68.2086 22.256 15.7317 -13.3561 -5.63649 -59.8109
68.1417 22.2278 15.4325 -13.4315 -5.67179 -59.861
68.0743 22.1993 15.1331 -13.5071 -5.70721 -59.911
68.0066 22.1707 14.8334 -13.5828 -5.74274 -59.961
67.9385 22.1419 14.5335 -13.6587 -5.77837 -60.011
67.87 22.1129 14.2333 -13.7348 -5.81412 -60.0611
67.8011 22.0837 13.9329 -13.811 -5.84998 -60.1111
67.7319 22.0544 13.6322 -13.8874 -5.88595 -60.1611
67.6623 22.0249 13.3313 -13.964 -5.92204 -60.211
67.5923 21.9952 13.0301 -14.0407 -5.95823 -60.261
67.5219 21.9653 12.7286 -14.1176 -5.99454 -60.311
67.4511 21.9352 12.427 -14.1947 -6.03096 -60.361
67.3799 21.905 12.125 -14.272 -6.06749 -60.4109
67.3084 21.8746 11.8229 -14.3494 -6.10414 -60.4608
67.2364 21.844 11.5204 -14.427 -6.14091 -60.5108
67.1641 21.8132 11.2177 -14.5048 -6.17778 -60.5607
67.0914 21.7822 10.9148 -14.5827 -6.21478 -60.6106
67.0183 21.751 10.6116 -14.6609 -6.25188 -60.6605
66.9448 21.7197 10.3082 -14.7392 -6.28911 -60.7104
66.8709 21.6881 10.0045 -14.8176 -6.32645 -60.7603
66.7966 21.6564 9.70061 -14.8963 -6.36391 -60.8102
66.7219 21.6245 9.39643 -14.9751 -6.40148 -60.86
66.6468 21.5924 9.09201 -15.0541 -6.43917 -60.9099
66.5714 21.5601 8.78733 -15.1333 -6.47698 -60.9597
66.4955 21.5276 8.48241 -15.2127 -6.51491 -61.0095
66.4192 21.4949 8.17724 -15.2922 -6.55296 -61.0593
66.3426 21.4621 7.87182 -15.372 -6.59112 -61.1091
66.2655 21.429 7.56615 -15.4519 -6.62941 -61.1589
66.1881 21.3958 7.26023 -15.5319 -6.66781 -61.2086
66.1102 21.3623 6.95406 -15.6122 -6.70634 -61.2584
66.0319 21.3287 6.64764 -15.6927 -6.74498 -61.3081
65.9533 21.2949 6.34098 -15.7733 -6.78375 -61.3578
65.8742 21.2609 6.03407 -15.8541 -6.82264 -61.4075
65.7947 21.2267 5.7269 -15.9352 -6.86165 -61.4572
65.7149 21.1923 5.41949 -16.0163 -6.90079 -61.5069
65.6346 21.1577 5.11183 -16.0977 -6.94004 -61.5566
65.5539 21.1229 4.80393 -16.1793 -6.97942 -61.6062
65.4728 21.0879 4.49577 -16.2611 -7.01892 -61.6558
65.3913 21.0527 4.18737 -16.343 -7.05855 -61.7054
65.3093 21.0173 3.87872 -16.4251 -7.0983 -61.755
65.227 20.9817 3.56982 -16.5075 -7.13818 -61.8046
65.1443 20.9459 3.26067 -16.59 -7.17818 -61.8541
65.0611 20.9099 2.95128 -16.6727 -7.21831 -61.9036
64.9775 20.8737 2.64164 -16.7556 -7.25856 -61.9532
64.8936 20.8373 2.33175 -16.8387 -7.29894 -62.0026
64.8092 20.8007 2.02161 -16.922 -7.33945 -62.0521
64.7243 20.7639 1.71123 -17.0055 -7.38008 -62.1016
64.6391 20.7269 1.40059 -17.0891 -7.42084 -62.151
64.5534 20.6897 1.08972 -17.173 -7.46173 -62.2004
64.4674 20.6523 0.778591 -17.2571 -7.50275 -62.2498
64.3809 20.6147 0.467218 -17.3413 -7.5439 -62.2991
64.294 20.5769 0.155599 -17.4258 -7.58518 -62.3485
64.2066 20.5388 -0.156266 -17.5105 -7.62659 -62.3978
64.1189 20.5006 -0.468379 -17.5953 -7.66812 -62.4471
64.0307 20.4622 -0.780737 -17.6804 -7.70979 -62.4963
63.942 20.4235 -1.09334 -17.7657 -7.75159 -62.5456
63.853 20.3846 -1.40619 -17.8511 -7.79352 -62.5948
63.7635 20.3456 -1.71929 -17.9368 -7.83559 -62.644
63.6736 20.3063 -2.03263 -18.0227 -7.87778 -62.6932
63.5833 20.2668 -2.34622 -18.1087 -7.92011 -62.7423
63.4926 20.2271 -2.66006 -18.195 -7.96257 -62.7914
63.4014 20.1872 -2.97414 -18.2815 -8.00517 -62.8405
63.3097 20.147 -3.28846 -18.3682 -8.0479 -62.8896
63.2177 20.1067 -3.60303 -18.4551 -8.09076 -62.9386
63.1252 20.0661 -3.91785 -18.5422 -8.13376 -62.9876
63.0323 20.0253 -4.23291 -18.6295 -8.17689 -63.0366
62.9389 19.9844 -4.54821 -18.717 -8.22016 -63.0855
62.8451 19.9431 -4.86376 -18.8048 -8.26357 -63.1344
62.7508 19.9017 -5.17956 -18.8927 -8.30711 -63.1833
62.6562 19.8601 -5.4956 -18.9809 -8.35079 -63.2322
62.561 19.8182 -5.81188 -19.0692 -8.39461 -63.281
62.4655 19.7761 -6.12841 -19.1578 -8.43856 -63.3298
62.3695 19.7338 -6.44518 -19.2466 -8.48265 -63.3786
62.273 19.6913 -6.76219 -19.3356 -8.52689 -63.4273
62.1761 19.6486 -7.07945 -19.4249 -8.57126 -63.476
62.0788 19.6056 -7.39695 -19.5143 -8.61577 -63.5246
61.981 19.5624 -7.7147 -19.604 -8.66041 -63.5733
61.8827 19.519 -8.03269 -19.6938 -8.7052 -63.6219
61.784 19.4753 -8.35092 -19.7839 -8.75014 -63.6704
61.6849 19.4315 -8.66939 -19.8742 -8.79521 -63.7189
61.5853 19.3874 -8.98811 -19.9648 -8.84042 -63.7674
61.4852 19.3431 -9.30706 -20.0555 -8.88577 -63.8159
61.3847 19.2985 -9.62626 -20.1465 -8.93127 -63.8643
61.2838 19.2538 -9.94571 -20.2377 -8.97691 -63.9127
61.1823 19.2088 -10.2654 -20.3291 -9.02269 -63.961
61.0805 19.1635 -10.5853 -20.4208 -9.06862 -64.0093
60.9781 19.1181 -10.9055 -20.5127 -9.11469 -64.0576
60.8753 19.0724 -11.2259 -20.6048 -9.1609 -64.1058
60.7721 19.0265 -11.5465 -20.6971 -9.20726 -64.1539
60.6684 18.9803 -11.8674 -20.7896 -9.25376 -64.2021
60.5642 18.9339 -12.1886 -20.8824 -9.30041 -64.2502
60.4595 18.8873 -12.5099 -20.9754 -9.3472 -64.2982
60.3544 18.8405 -12.8315 -21.0687 -9.39414 -64.3462
60.2489 18.7934 -13.1534 -21.1621 -9.44122 -64.3942
60.1428 18.746 -13.4755 -21.2558 -9.48846 -64.4421
60.0363 18.6985 -13.7978 -21.3497 -9.53584 -64.49
59.9293 18.6507 -14.1204 -21.4439 -9.58336 -64.5378
59.8219 18.6026 -14.4432 -21.5383 -9.63104 -64.5856
59.7139 18.5544 -14.7662 -21.6329 -9.67887 -64.6334
59.6055 18.5059 -15.0895 -21.7278 -9.72684 -64.6811
59.4967 18.4571 -15.4131 -21.8229 -9.77496 -64.7287
59.3873 18.4081 -15.7368 -21.9182 -9.82323 -64.7763
59.2775 18.3589 -16.0608 -22.0137 -9.87166 -64.8239
59.1672 18.3094 -16.3851 -22.1095 -9.92023 -64.8714
59.0564 18.2597 -16.7095 -22.2056 -9.96896 -64.9188
58.9451 18.2097 -17.0342 -22.3019 -10.0178 -64.9662
58.8334 18.1595 -17.3592 -22.3984 -10.0669 -65.0136
58.7211 18.109 -17.6844 -22.4951 -10.116 -65.0608
58.6084 18.0583 -18.0098 -22.5921 -10.1654 -65.1081
58.4952 18.0074 -18.3355 -22.6894 -10.2149 -65.1553
58.3815 17.9562 -18.6614 -22.7868 -10.2645 -65.2024
58.2673 17.9047 -18.9875 -22.8846 -10.3143 -65.2495
58.1527 17.853 -19.3138 -22.9825 -10.3642 -65.2965
58.0375 17.8011 -19.6404 -23.0807 -10.4143 -65.3434
57.9219 17.7489 -19.9673 -23.1792 -10.4646 -65.3903
57.8057 17.6964 -20.2944 -23.2779 -10.515 -65.4372
57.6891 17.6437 -20.6217 -23.3768 -10.5656 -65.484
57.572 17.5908 -20.9492 -23.476 -10.6163 -65.5307
57.4543 17.5376 -21.277 -23.5755 -10.6672 -65.5773
57.3362 17.4841 -21.605 -23.6751 -10.7182 -65.6239
57.2176 17.4304 -21.9332 -23.7751 -10.7694 -65.6705
57.0985 17.3764 -22.2617 -23.8753 -10.8208 -65.7169
56.9788 17.3222 -22.5904 -23.9757 -10.8723 -65.7633
56.8587 17.2677 -22.9193 -24.0764 -10.924 -65.8097
56.7381 17.2129 -23.2485 -24.1774 -10.9758 -65.856
56.6169 17.1579 -23.5779 -24.2786 -11.0278 -65.9022
56.4953 17.1027 -23.9075 -24.38 -11.08 -65.9483
56.3731 17.0471 -24.2373 -24.4817 -11.1323 -65.9944
56.2505 16.9913 -24.5674 -24.5837 -11.1848 -66.0404
56.1273 16.9353 -24.8978 -24.6859 -11.2374 -66.0863
56.0036 16.879 -25.2283 -24.7884 -11.2902 -66.1321
55.8794 16.8224 -25.5591 -24.8911 -11.3432 -66.1779
55.7547 16.7655 -25.8901 -24.9941 -11.3963 -66.2236
55.6295 16.7084 -26.2213 -25.0974 -11.4496 -66.2693
55.5037 16.651 -26.5528 -25.2009 -11.5031 -66.3148
55.3775 16.5934 -26.8845 -25.3047 -11.5567 -66.3603
55.2507 16.5355 -27.2164 -25.4087 -11.6105 -66.4057
55.1234 16.4773 -27.5485 -25.513 -11.6644 -66.451
54.9955 16.4188 -27.8809 -25.6176 -11.7185 -66.4962
54.8672 16.3601 -28.2135 -25.7224 -11.7728 -66.5414
54.7383 16.3011 -28.5463 -25.8275 -11.8272 -66.5865
54.6089 16.2418 -28.8793 -25.9329 -11.8818 -66.6315
54.479 16.1823 -29.2126 -26.0385 -11.9366 -66.6764
54.3485 16.1225 -29.5461 -26.1444 -11.9916 -66.7212
54.2175 16.0624 -29.8798 -26.2506 -12.0467 -66.7659
54.086 16.002 -30.2138 -26.357 -12.1019 -66.8106
53.954 15.9413 -30.5479 -26.4638 -12.1574 -66.8551
53.8214 15.8804 -30.8823 -26.5707 -12.213 -66.8996
53.6883 15.8192 -31.2169 -26.678 -12.2688 -66.944
53.5546 15.7577 -31.5518 -26.7855 -12.3248 -66.9883
53.4204 15.696 -31.8868 -26.8933 -12.3809 -67.0325
53.2857 15.6339 -32.2221 -27.0014 -12.4372 -67.0766
53.1504 15.5716 -32.5576 -27.1097 -12.4936 -67.1206
53.0146 15.509 -32.8933 -27.2184 -12.5503 -67.1645
52.8782 15.4461 -33.2292 -27.3273 -12.6071 -67.2083
52.7413 15.3829 -33.5654 -27.4364 -12.6641 -67.252
52.6038 15.3194 -33.9017 -27.5459 -12.7212 -67.2956
52.4658 15.2557 -34.2383 -27.6556 -12.7785 -67.3391
52.3273 15.1917 -34.5751 -27.7656 -12.836 -67.3825
52.1882 15.1273 -34.9121 -27.8759 -12.8937 -67.4258
52.0485 15.0627 -35.2494 -27.9865 -12.9515 -67.469
51.9083 14.9978 -35.5868 -28.0974 -13.0096 -67.5121
51.7676 14.9326 -35.9245 -28.2085 -13.0677 -67.555
51.6262 14.8671 -36.2624 -28.3199 -13.1261 -67.5979
51.4844 14.8014 -36.6005 -28.4316 -13.1847 -67.6406
51.3419 14.7353 -36.9388 -28.5436 -13.2434 -67.6833
51.1989 14.6689 -37.2773 -28.6559 -13.3023 -67.7258
51.0554 14.6023 -37.6161 -28.7685 -13.3613 -67.7682
50.9112 14.5353 -37.955 -28.8813 -13.4206 -67.8105
50.7665 14.4681 -38.2942 -28.9945 -13.48 -67.8527
50.6213 14.4005 -38.6335 -29.1079 -13.5396 -67.8947
50.4755 14.3327 -38.9731 -29.2216 -13.5994 -67.9367
50.3291 14.2645 -39.3129 -29.3356 -13.6593 -67.9785
50.1821 14.1961 -39.6529 -29.4499 -13.7195 -68.0202
50.0346 14.1273 -39.9931 -29.5645 -13.7798 -68.0617
49.8865 14.0583 -40.3335 -29.6794 -13.8403 -68.1031
49.7378 13.9889 -40.6741 -29.7946 -13.9009 -68.1444
49.5885 13.9193 -41.015 -29.9101 -13.9618 -68.1856
49.4387 13.8493 -41.356 -30.0259 -14.0228 -68.2266
49.2883 13.779 -41.6972 -30.1419 -14.084 -68.2675
49.1373 13.7085 -42.0387 -30.2583 -14.1454 -68.3083
48.9857 13.6376 -42.3803 -30.375 -14.207 -68.3489
48.8335 13.5664 -42.7221 -30.4919 -14.2687 -68.3894
48.6808 13.4949 -43.0642 -30.6092 -14.3307 -68.4298
48.5274 13.4231 -43.4064 -30.7268 -14.3928 -68.47
48.3735 13.351 -43.7489 -30.8446 -14.4551 -68.51
48.219 13.2785 -44.0915 -30.9628 -14.5176 -68.5499
48.0639 13.2058 -44.4344 -31.0813 -14.5802 -68.5897
47.9082 13.1327 -44.7774 -31.2 -14.6431 -68.6293
47.7519 13.0594 -45.1207 -31.3191 -14.7061 -68.6688
47.595 12.9857 -45.4641 -31.4385 -14.7693 -68.7081
47.4375 12.9117 -45.8078 -31.5582 -14.8327 -68.7472
47.2794 12.8373 -46.1516 -31.6781 -14.8963 -68.7862
47.1207 12.7627 -46.4956 -31.7984 -14.9601 -68.825
46.9614 12.6877 -46.8399 -31.9191 -15.0241 -68.8637
46.8015 12.6125 -47.1843 -32.04 -15.0882 -68.9022
46.641 12.5369 -47.5289 -32.1612 -15.1525 -68.9406
46.4799 12.4609 -47.8737 -32.2827 -15.2171 -68.9787
46.3182 12.3847 -48.2187 -32.4046 -15.2818 -69.0167
46.1559 12.3081 -48.5638 -32.5267 -15.3467 -69.0546
45.9929 12.2312 -48.9092 -32.6492 -15.4118 -69.0922
45.8294 12.154 -49.2548 -32.772 -15.477 -69.1297
45.6652 12.0765 -49.6005 -32.8951 -15.5425 -69.167
45.5004 11.9986 -49.9464 -33.0185 -15.6082 -69.2041
45.335 11.9204 -50.2925 -33.1422 -15.674 -69.2411
45.169 11.8418 -50.6388 -33.2662 -15.74 -69.2778
45.0023 11.763 -50.9853 -33.3906 -15.8063 -69.3144
44.8351 11.6838 -51.332 -33.5153 -15.8727 -69.3508
44.6672 11.6042 -51.6788 -33.6403 -15.9393 -69.387
44.4987 11.5244 -52.0259 -33.7656 -16.0061 -69.423
44.3295 11.4442 -52.3731 -33.8912 -16.0731 -69.4588
44.1598 11.3636 -52.7204 -34.0172 -16.1403 -69.4944
43.9894 11.2828 -53.068 -34.1435 -16.2077 -69.5298
43.8183 11.2016 -53.4157 -34.2701 -16.2753 -69.565
43.6467 11.12 -53.7637 -34.397 -16.343 -69.6
43.4744 11.0381 -54.1117 -34.5242 -16.411 -69.6348
43.3014 10.9559 -54.46 -34.6518 -16.4792 -69.6694
43.1278 10.8733 -54.8084 -34.7797 -16.5475 -69.7037
42.9536 10.7904 -55.157 -34.9079 -16.6161 -69.7379
42.7788 10.7072 -55.5058 -35.0365 -16.6849 -69.7718
42.6033 10.6236 -55.8548 -35.1654 -16.7538 -69.8055
42.4271 10.5396 -56.2039 -35.2946 -16.823 -69.839
42.2503 10.4554 -56.5532 -35.4241 -16.8923 -69.8723
42.0729 10.3707 -56.9026 -35.554 -16.9619 -69.9053
41.8948 10.2857 -57.2522 -35.6842 -17.0316 -69.9382
41.716 10.2004 -57.602 -35.8147 -17.1016 -69.9707
41.5366 10.1147 -57.9519 -35.9456 -17.1717 -70.0031
41.3566 10.0287 -58.302 -36.0768 -17.2421 -70.0352
41.1759 9.9423 -58.6523 -36.2083 -17.3127 -70.0671
40.9945 9.85556 -59.0027 -36.3402 -17.3834 -70.0987
40.8125 9.76846 -59.3533 -36.4724 -17.4544 -70.1301
40.6298 9.68101 -59.704 -36.6049 -17.5255 -70.1612
40.4464 9.5932 -60.0549 -36.7378 -17.5969 -70.1921
40.2624 9.50504 -60.4059 -36.871 -17.6685 -70.2228
40.0777 9.41652 -60.7571 -37.0046 -17.7403 -70.2532
39.8923 9.32764 -61.1084 -37.1385 -17.8123 -70.2833
39.7063 9.23839 -61.4599 -37.2727 -17.8845 -70.3132
39.5196 9.14879 -61.8116 -37.4073 -17.9569 -70.3428
39.3322 9.05882 -62.1634 -37.5422 -18.0295 -70.3721
39.1442 8.9685 -62.5153 -37.6774 -18.1023 -70.4012
38.9555 8.8778 -62.8674 -37.8131 -18.1754 -70.43
38.7661 8.78674 -63.2196 -37.949 -18.2486 -70.4585
38.576 8.69531 -63.5719 -38.0853 -18.322 -70.4867
38.3852 8.60352 -63.9245 -38.2219 -18.3957 -70.5147
38.1938 8.51136 -64.2771 -38.3589 -18.4696 -70.5424
38.0016 8.41882 -64.6299 -38.4963 -18.5437 -70.5698
37.8088 8.32592 -64.9828 -38.6339 -18.618 -70.5969
37.6153 8.23264 -65.3358 -38.772 -18.6925 -70.6238
37.4211 8.13899 -65.689 -38.9103 -18.7672 -70.6503
37.2262 8.04497 -66.0424 -39.0491 -18.8421 -70.6766
37.0306 7.95057 -66.3958 -39.1882 -18.9173 -70.7025
36.8343 7.8558 -66.7494 -39.3276 -18.9927 -70.7282
36.6373 7.76064 -67.1031 -39.4674 -19.0682 -70.7535
36.4396 7.66511 -67.4569 -39.6075 -19.144 -70.7786
36.2412 7.5692 -67.8109 -39.748 -19.2201 -70.8033
36.0421 7.47291 -68.1649 -39.8888 -19.2963 -70.8277
35.8423 7.37624 -68.5191 -40.03 -19.3727 -70.8518
35.6418 7.27918 -68.8735 -40.1716 -19.4494 -70.8756
35.4406 7.18174 -69.2279 -40.3135 -19.5263 -70.8991
35.2387 7.08392 -69.5825 -40.4558 -19.6034 -70.9223
35.0361 6.98571 -69.9371 -40.5984 -19.6807 -70.9451
34.8327 6.88711 -70.2919 -40.7414 -19.7582 -70.9676
34.6287 6.78812 -70.6468 -40.8847 -19.836 -70.9898
34.4239 6.68875 -71.0018 -41.0284 -19.914 -71.0116
34.2184 6.58898 -71.3569 -41.1725 -19.9922 -71.0331
34.0121 6.48883 -71.7121 -41.3169 -20.0706 -71.0543
33.8052 6.38828 -72.0675 -41.4616 -20.1492 -71.0751
33.5975 6.28733 -72.4229 -41.6068 -20.2281 -71.0956
33.3891 6.18599 -72.7784 -41.7523 -20.3072 -71.1157
33.18 6.08426 -73.134 -41.8981 -20.3865 -71.1355
32.9702 5.98213 -73.4898 -42.0443 -20.466 -71.155
32.7596 5.8796 -73.8456 -42.1909 -20.5457 -71.1741
32.5482 5.77667 -74.2015 -42.3379 -20.6257 -71.1928
32.3362 5.67334 -74.5575 -42.4852 -20.7059 -71.2112
32.1234 5.56961 -74.9136 -42.6328 -20.7863 -71.2292
31.9099 5.46548 -75.2698 -42.7808 -20.8669 -71.2469
31.6956 5.36094 -75.6261 -42.9292 -20.9477 -71.2642
31.4806 5.256 -75.9825 -43.078 -21.0288 -71.2811
31.2648 5.15065 -76.3389 -43.2271 -21.1101 -71.2976
31.0483 5.0449 -76.6954 -43.3766 -21.1916 -71.3138
30.831 4.93874 -77.052 -43.5264 -21.2733 -71.3296
30.613 4.83216 -77.4087 -43.6766 -21.3552 -71.345
30.3943 4.72518 -77.7655 -43.8271 -21.4374 -71.36
30.1748 4.61779 -78.1223 -43.9781 -21.5198 -71.3747
29.9545 4.50998 -78.4792 -44.1293 -21.6024 -71.3889
29.7335 4.40176 -78.8362 -44.281 -21.6852 -71.4028
29.5117 4.29313 -79.1933 -44.433 -21.7682 -71.4163
29.2891 4.18408 -79.5504 -44.5854 -21.8514 -71.4293
29.0658 4.07461 -79.9076 -44.7381 -21.9349 -71.442
28.8418 3.96473 -80.2648 -44.8912 -22.0185 -71.4543
28.6169 3.85443 -80.6221 -45.0446 -22.1024 -71.4662
28.3913 3.74371 -80.9795 -45.1984 -22.1865 -71.4776
28.1649 3.63256 -81.3369 -45.3526 -22.2708 -71.4887
27.9378 3.521 -81.6943 -45.5071 -22.3553 -71.4993
27.7099 3.40901 -82.0519 -45.662 -22.4401 -71.5096
27.4812 3.29659 -82.4094 -45.8172 -22.525 -71.5194
27.2517 3.18376 -82.7671 -45.9728 -22.6101 -71.5287
27.0214 3.07049 -83.1247 -46.1288 -22.6955 -71.5377
26.7904 2.9568 -83.4824 -46.2851 -22.781 -71.5462
26.5586 2.84268 -83.8402 -46.4417 -22.8668 -71.5544
26.326 2.72813 -84.198 -46.5987 -22.9527 -71.562
26.0926 2.61315 -84.5558 -46.7561 -23.0389 -71.5693
25.8584 2.49774 -84.9137 -46.9138 -23.1252 -71.5761
25.6235 2.3819 -85.2716 -47.0719 -23.2118 -71.5824
25.3877 2.26562 -85.6295 -47.2303 -23.2985 -71.5884
25.1512 2.14891 -85.9875 -47.389 -23.3855 -71.5938
24.9138 2.03177 -86.3454 -47.5481 -23.4726 -71.5988
24.6757 1.91418 -86.7035 -47.7076 -23.5599 -71.6034
24.4367 1.79616 -87.0615 -47.8673 -23.6474 -71.6075
24.197 1.67771 -87.4195 -48.0275 -23.7351 -71.6112
23.9565 1.55881 -87.7776 -48.1879 -23.823 -71.6144
23.7151 1.43948 -88.1357 -48.3487 -23.9111 -71.6171
23.473 1.3197 -88.4938 -48.5098 -23.9993 -71.6193
23.23 1.19948 -88.8519 -48.6713 -24.0877 -71.6211
22.9863 1.07882 -89.21 -48.8331 -24.1763 -71.6224
22.7417 0.957717 -89.5681 -48.9952 -24.2651 -71.6233
22.4963 0.836169 -89.9262 -49.1577 -24.354 -71.6236
22.2501 0.714176 -90.2843 -49.3205 -24.4431 -71.6235
22.0031 0.591736 -90.6424 -49.4836 -24.5324 -71.6229
21.7553 0.46885 -91.0006 -49.647 -24.6218 -71.6218
21.5066 0.345517 -91.3587 -49.8107 -24.7114 -71.6202
21.2572 0.221735 -91.7168 -49.9747 -24.8012 -71.6181
21.0069 0.0975036 -92.0748 -50.1391 -24.8911 -71.6155
20.7558 -0.0271775 -92.4329 -50.3038 -24.9811 -71.6124
20.5038 -0.152309 -92.791 -50.4688 -25.0713 -71.6088
20.2511 -0.277892 -93.149 -50.634 -25.1617 -71.6046
19.9975 -0.403927 -93.507 -50.7996 -25.2522 -71.6
19.7431 -0.530415 -93.865 -50.9655 -25.3428 -71.5949
19.4878 -0.657357 -94.223 -51.1317 -25.4336 -71.5892
19.2318 -0.784753 -94.5809 -51.2981 -25.5245 -71.583
18.9749 -0.912603 -94.9388 -51.4649 -25.6155 -71.5763
18.7171 -1.04091 -95.2967 -51.6319 -25.7066 -71.569
18.4585 -1.16967 -95.6545 -51.7992 -25.7979 -71.5612
18.1991 -1.29889 -96.0123 -51.9668 -25.8893 -71.5529
17.9389 -1.42857 -96.37 -52.1346 -25.9808 -71.544
17.6778 -1.5587 -96.7277 -52.3028 -26.0724 -71.5346
17.4158 -1.68929 -97.0854 -52.4711 -26.1641 -71.5246
17.1531 -1.82034 -97.443 -52.6398 -26.256 -71.5141
16.8895 -1.95185 -97.8005 -52.8087 -26.3479 -71.5031
16.625 -2.08382 -98.158 -52.9778 -26.4399 -71.4914
16.3597 -2.21625 -98.5154 -53.1472 -26.532 -71.4792
16.0935 -2.34914 -98.8728 -53.3169 -26.6242 -71.4665
15.8265 -2.4825 -99.2301 -53.4867 -26.7164 -71.4531
15.5586 -2.61631 -99.5873 -53.6568 -26.8088 -71.4392
15.2899 -2.75058 -99.9445 -53.8272 -26.9012 -71.4247
15.0204 -2.88532 -100.302 -53.9977 -26.9937 -71.4096
14.75 -3.02052 -100.659 -54.1685 -27.0862 -71.394
14.4787 -3.15619 -101.016 -54.3394 -27.1788 -71.3777
14.2066 -3.29231 -101.372 -54.5106 -27.2714 -71.3608
13.9336 -3.4289 -101.729 -54.682 -27.3641 -71.3434
13.6597 -3.56595 -102.086 -54.8536 -27.4569 -71.3253
13.385 -3.70347 -102.442 -55.0253 -27.5496 -71.3066
13.1095 -3.84145 -102.799 -55.1972 -27.6424 -71.2874
12.8331 -3.9799 -103.155 -55.3693 -27.7353 -71.2675
12.5558 -4.11881 -103.512 -55.5416 -27.8281 -71.2469
12.2776 -4.25818 -103.868 -55.714 -27.921 -71.2258
11.9986 -4.39802 -104.224 -55.8866 -28.0139 -71.204
11.7188 -4.53832 -104.58 -56.0593 -28.1068 -71.1816
11.4381 -4.67909 -104.936 -56.2321 -28.1996 -71.1585
11.1565 -4.82032 -105.291 -56.4051 -28.2925 -71.1348
10.874 -4.96201 -105.647 -56.5782 -28.3854 -71.1105
10.5907 -5.10417 -106.002 -56.7514 -28.4782 -71.0855
10.3065 -5.2468 -106.358 -56.9247 -28.571 -71.0598
10.0214 -5.38989 -106.713 -57.0981 -28.6638 -71.0335
9.7355 -5.53344 -107.068 -57.2716 -28.7566 -71.0065
9.44871 -5.67745 -107.423 -57.4452 -28.8493 -70.9788
9.16105 -5.82193 -107.778 -57.6188 -28.942 -70.9505
8.87252 -5.96687 -108.133 -57.7925 -29.0346 -70.9215
8.58312 -6.11228 -108.487 -57.9663 -29.1271 -70.8918
8.29286 -6.25815 -108.842 -58.1401 -29.2196 -70.8614
8.00172 -6.40448 -109.196 -58.3139 -29.312 -70.8303
7.70972 -6.55127 -109.55 -58.4877 -29.4043 -70.7985
7.41684 -6.69852 -109.904 -58.6616 -29.4966 -70.766
7.1231 -6.84623 -110.258 -58.8355 -29.5887 -70.7327
6.82849 -6.99441 -110.611 -59.0093 -29.6808 -70.6988
6.533 -7.14304 -110.965 -59.1831 -29.7727 -70.6642
6.23665 -7.29214 -111.318 -59.3569 -29.8645 -70.6288
5.93943 -7.44169 -111.671 -59.5307 -29.9562 -70.5927
5.64134 -7.5917 -112.024 -59.7044 -30.0478 -70.5558
5.34239 -7.74217 -112.376 -59.878 -30.1392 -70.5182
5.04256 -7.89309 -112.729 -60.0515 -30.2305 -70.4798
4.74187 -8.04447 -113.081 -60.225 -30.3217 -70.4407
4.44031 -8.19631 -113.433 -60.3983 -30.4127 -70.4009
4.13789 -8.3486 -113.785 -60.5716 -30.5035 -70.3602
3.83459 -8.50135 -114.137 -60.7447 -30.5942 -70.3188
3.53044 -8.65454 -114.488 -60.9176 -30.6847 -70.2766
3.22542 -8.80819 -114.84 -61.0904 -30.775 -70.2336
2.91953 -8.9623 -115.191 -61.263 -30.8652 -70.1899
2.61278 -9.11685 -115.542 -61.4354 -30.9551 -70.1453
2.30517 -9.27185 -115.892 -61.6076 -31.0448 -70.0999
1.99671 -9.4273 -116.243 -61.7796 -31.1343 -70.0538
1.68738 -9.58319 -116.593 -61.9514 -31.2236 -70.0068
1.37719 -9.73953 -116.943 -62.1229 -31.3127 -69.959
1.06614 -9.89632 -117.292 -62.2942 -31.4016 -69.9103
0.754245 -10.0535 -117.642 -62.4652 -31.4902 -69.8608
0.441491 -10.2112 -117.991 -62.6358 -31.5786 -69.8105
0.127885 -10.3693 -118.34 -62.8062 -31.6667 -69.7593
-0.186573 -10.5279 -118.688 -62.9762 -31.7545 -69.7073
-0.50188 -10.6869 -119.037 -63.1459 -31.8422 -69.6544
-0.818034 -10.8463 -119.385 -63.3152 -31.9295 -69.6006
-1.13503 -11.0062 -119.733 -63.4841 -32.0165 -69.5459
-1.45288 -11.1665 -120.081 -63.6527 -32.1033 -69.4904
-1.77156 -11.3272 -120.428 -63.8208 -32.1898 -69.434
-2.09109 -11.4884 -120.775 -63.9884 -32.276 -69.3766
-2.41145 -11.65 -121.122 -64.1556 -32.3619 -69.3184
-2.73265 -11.812 -121.468 -64.3224 -32.4475 -69.2592
-3.05468 -11.9744 -121.814 -64.4886 -32.5328 -69.1991
-3.37753 -12.1373 -122.16 -64.6543 -32.6177 -69.1381
-3.70122 -12.3006 -122.506 -64.8194 -32.7024 -69.0761
-4.02573 -12.4643 -122.851 -64.984 -32.7867 -69.0132
-4.35106 -12.6285 -123.196 -65.1481 -32.8707 -68.9493
-4.67721 -12.793 -123.54 -65.3115 -32.9543 -68.8844
-5.00418 -12.958 -123.885 -65.4743 -33.0376 -68.8185
-5.33196 -13.1234 -124.228 -65.6364 -33.1206 -68.7517
-5.66055 -13.2892 -124.572 -65.7979 -33.2032 -68.6839
-5.98994 -13.4555 -124.915 -65.9587 -33.2855 -68.615
-6.32013 -13.6221 -125.258 -66.1187 -33.3674 -68.5452
-6.65113 -13.7891 -125.601 -66.2781 -33.449 -68.4743
-6.98292 -13.9566 -125.943 -66.4366 -33.5302 -68.4023
-7.3155 -14.1244 -126.285 -66.5944 -33.611 -68.3293
-7.64886 -14.2927 -126.626 -66.7514 -33.6915 -68.2553
-7.98301 -14.4613 -126.967 -66.9076 -33.7716 -68.1802
-8.31794 -14.6304 -127.308 -67.0629 -33.8513 -68.104
-8.65364 -14.7999 -127.648 -67.2173 -33.9307 -68.0267
-8.99011 -14.9697 -127.988 -67.3708 -34.0097 -67.9483
-9.32735 -15.1399 -128.328 -67.5234 -34.0883 -67.8687
-9.66535 -15.3106 -128.667 -67.6751 -34.1666 -67.7881
-10.0041 -15.4816 -129.006 -67.8257 -34.2445 -67.7063
-10.3436 -15.653 -129.344 -67.9754 -34.322 -67.6234
-10.6839 -15.8248 -129.682 -68.124 -34.3991 -67.5392
-11.0249 -15.997 -130.02 -68.2716 -34.4759 -67.454
-11.3666 -16.1696 -130.357 -68.4181 -34.5524 -67.3675
-11.709 -16.3425 -130.693 -68.5636 -34.6284 -67.2798
-12.0522 -16.5159 -131.029 -68.7079 -34.7041 -67.1909
-12.3961 -16.6896 -131.365 -68.851 -34.7795 -67.1007
-12.7407 -16.8637 -131.7 -68.993 -34.8545 -67.0093
-13.086 -17.0381 -132.035 -69.1338 -34.9292 -66.9167
-13.4321 -17.2129 -132.37 -69.2733 -35.0036 -66.8228
-13.7788 -17.3881 -132.703 -69.4116 -35.0776 -66.7276
-14.1262 -17.5637 -133.037 -69.5486 -35.1513 -66.6311
-14.4743 -17.7396 -133.37 -69.6844 -35.2247 -66.5332
-14.823 -17.916 -133.702 -69.8188 -35.2978 -66.4341
-15.1725 -18.0926 -134.034 -69.9518 -35.3705 -66.3336
-15.5225 -18.2697 -134.366 -70.0835 -35.443 -66.2317
-15.8733 -18.447 -134.696 -70.2138 -35.5153 -66.1284
-16.2247 -18.6248 -135.027 -70.3427 -35.5872 -66.0238
-16.5767 -18.8029 -135.357 -70.4702 -35.6589 -65.9178
-16.9294 -18.9814 -135.686 -70.5962 -35.7304 -65.8103
-17.2827 -19.1602 -136.015 -70.7207 -35.8016 -65.7014
-17.6366 -19.3394 -136.343 -70.8437 -35.8726 -65.591
-17.9911 -19.5189 -136.671 -70.9652 -35.9434 -65.4791
-18.3462 -19.6988 -136.998 -71.0851 -36.014 -65.3658
-18.702 -19.8791 -137.324 -71.2035 -36.0844 -65.2509
-19.0583 -20.0597 -137.65 -71.3203 -36.1547 -65.1346
-19.4152 -20.2406 -137.976 -71.4355 -36.2249 -65.0167
-19.7726 -20.4219 -138.301 -71.5491 -36.2949 -64.8972
-20.1306 -20.6035 -138.625 -71.661 -36.3648 -64.7762
-20.4892 -20.7855 -138.948 -71.7713 -36.4346 -64.6536
-20.8484 -20.9679 -139.271 -71.88 -36.5043 -64.5294
-21.208 -21.1506 -139.594 -71.9869 -36.574 -64.4035
-21.5682 -21.3336 -139.915 -72.0922 -36.6437 -64.2761
-21.9289 -21.517 -140.236 -72.1957 -36.7133 -64.1469
-22.2902 -21.7007 -140.557 -72.2975 -36.783 -64.0161
-22.6519 -21.8848 -140.877 -72.3976 -36.8527 -63.8837
-23.0141 -22.0692 -141.196 -72.4959 -36.9224 -63.7495
-23.3769 -22.254 -141.514 -72.5925 -36.9923 -63.6136
-23.7401 -22.4392 -141.832 -72.6873 -37.0622 -63.476
-24.1037 -22.6246 -142.149 -72.7804 -37.1322 -63.3366
-24.4679 -22.8105 -142.465 -72.8717 -37.2024 -63.1955
-24.8324 -22.9967 -142.781 -72.9611 -37.2727 -63.0526
-25.1975 -23.1832 -143.096 -73.0488 -37.3433 -62.9079
-25.5629 -23.3701 -143.41 -73.1347 -37.414 -62.7615
-25.9288 -23.5573 -143.723 -73.2189 -37.485 -62.6132
-26.2951 -23.7449 -144.036 -73.3012 -37.5563 -62.463
-26.6618 -23.9329 -144.348 -73.3817 -37.6278 -62.3111
-27.0289 -24.1212 -144.659 -73.4604 -37.6997 -62.1573
-27.3964 -24.3099 -144.97 -73.5373 -37.7719 -62.0016
-27.7643 -24.4989 -145.279 -73.6125 -37.8444 -61.844
-28.1325 -24.6883 -145.588 -73.6858 -37.9174 -61.6846
-28.5011 -24.8781 -145.896 -73.7574 -37.9908 -61.5232
-28.8701 -25.0682 -146.203 -73.8272 -38.0646 -61.36
-29.2394 -25.2587 -146.51 -73.8952 -38.1388 -61.1948
-29.609 -25.4496 -146.815 -73.9614 -38.2136 -61.0277
-29.979 -25.6408 -147.12 -74.0259 -38.2888 -60.8587
-30.3493 -25.8324 -147.424 -74.0887 -38.3646 -60.6877
-30.7199 -26.0244 -147.727 -74.1497 -38.441 -60.5148
-31.0907 -26.2168 -148.029 -74.209 -38.5179 -60.3399
-31.4619 -26.4096 -148.33 -74.2666 -38.5955 -60.163
-31.8334 -26.6028 -148.631 -74.3225 -38.6736 -59.9842
-32.2051 -26.7963 -148.93 -74.3767 -38.7524 -59.8034
-32.5772 -26.9903 -149.229 -74.4293 -38.8319 -59.6207
-32.9494 -27.1847 -149.526 -74.4802 -38.9121 -59.4359
-33.3219 -27.3794 -149.823 -74.5295 -38.993 -59.2492
-33.6947 -27.5746 -150.119 -74.5772 -39.0746 -59.0605
-34.0677 -27.7701 -150.414 -74.6232 -39.157 -58.8698
-34.4409 -27.9661 -150.708 -74.6677 -39.2401 -58.6772
-34.8144 -28.1625 -151 -74.7107 -39.324 -58.4825
-35.188 -28.3594 -151.292 -74.7521 -39.4088 -58.2859
-35.5619 -28.5566 -151.583 -74.792 -39.4943 -58.0873
-35.9359 -28.7543 -151.873 -74.8304 -39.5807 -57.8867
-36.3101 -28.9524 -152.162 -74.8674 -39.668 -57.6841
-36.6846 -29.151 -152.45 -74.9029 -39.7561 -57.4796
-37.0592 -29.35 -152.737 -74.9369 -39.845 -57.2731
-37.4339 -29.5494 -153.023 -74.9696 -39.9349 -57.0646
-37.8088 -29.7493 -153.308 -75.0009 -40.0257 -56.8542
-38.1839 -29.9497 -153.591 -75.0309 -40.1174 -56.6418
-38.5591 -30.1505 -153.874 -75.0595 -40.21 -56.4274
-38.9345 -30.3517 -154.156 -75.0868 -40.3035 -56.2112
-39.31 -30.5535 -154.436 -75.1128 -40.398 -55.993
-39.6856 -30.7557 -154.716 -75.1376 -40.4934 -55.7729
-40.0613 -30.9584 -154.994 -75.1612 -40.5897 -55.5509
-40.4372 -31.1616 -155.271 -75.1835 -40.6871 -55.327
-40.8131 -31.3653 -155.547 -75.2047 -40.7853 -55.1012
-41.1892 -31.5695 -155.822 -75.2247 -40.8846 -54.8735
-41.5654 -31.7741 -156.096 -75.2435 -40.9848 -54.644
-41.9416 -31.9793 -156.369 -75.2613 -41.086 -54.4126
-42.318 -32.185 -156.64 -75.278 -41.1881 -54.1794
-42.6944 -32.3912 -156.91 -75.2936 -41.2912 -53.9443
-43.0709 -32.5979 -157.18 -75.3082 -41.3953 -53.7075
-43.4474 -32.8051 -157.448 -75.3217 -41.5004 -53.4688
-43.8241 -33.0129 -157.714 -75.3343 -41.6064 -53.2284
-44.2008 -33.2212 -157.98 -75.3459 -41.7133 -52.9862
-44.5775 -33.43 -158.244 -75.3566 -41.8212 -52.7423
-44.9543 -33.6394 -158.507 -75.3663 -41.9301 -52.4966
-45.3311 -33.8493 -158.769 -75.3751 -42.0399 -52.2492
-45.708 -34.0598 -159.03 -75.383 -42.1506 -52.0001
-46.0849 -34.2708 -159.289 -75.3901 -42.2623 -51.7493
-46.4619 -34.4824 -159.547 -75.3963 -42.3748 -51.4969
-46.8389 -34.6946 -159.804 -75.4017 -42.4883 -51.2428
-47.2159 -34.9073 -160.06 -75.4063 -42.6027 -50.9871
-47.5929 -35.1206 -160.314 -75.4101 -42.718 -50.7297
-47.97 -35.3345 -160.567 -75.4131 -42.8341 -50.4708
-48.347 -35.5489 -160.819 -75.4154 -42.9511 -50.2103
-48.7241 -35.764 -161.069 -75.417 -43.069 -49.9482
-49.1012 -35.9796 -161.318 -75.4178 -43.1877 -49.6846
-49.4783 -36.1958 -161.566 -75.4179 -43.3072 -49.4195
-49.8553 -36.4127 -161.812 -75.4174 -43.4275 -49.1529
-50.2324 -36.6301 -162.057 -75.4161 -43.5487 -48.8848
-50.6095 -36.8482 -162.301 -75.4142 -43.6706 -48.6152
-50.9865 -37.0668 -162.544 -75.4117 -43.7932 -48.3442
-51.3636 -37.2861 -162.785 -75.4085 -43.9167 -48.0718
-51.7406 -37.506 -163.024 -75.4047 -44.0408 -47.798
-52.1176 -37.7265 -163.263 -75.4003 -44.1657 -47.5228
-52.4946 -37.9476 -163.5 -75.3954 -44.2913 -47.2462
-52.8715 -38.1694 -163.735 -75.3898 -44.4175 -46.9683
-53.2485 -38.3918 -163.969 -75.3837 -44.5445 -46.6891
-53.6254 -38.6149 -164.202 -75.377 -44.672 -46.4085
-54.0022 -38.8385 -164.433 -75.3697 -44.8002 -46.1267
-54.379 -39.0629 -164.663 -75.3619 -44.9291 -45.8436
-54.7558 -39.2878 -164.892 -75.3536 -45.0585 -45.5593
-55.1325 -39.5135 -165.119 -75.3447 -45.1884 -45.2737
-55.5092 -39.7397 -165.344 -75.3354 -45.319 -44.9869
-55.8859 -39.9666 -165.569 -75.3255 -45.45 -44.699
-56.2625 -40.1942 -165.791 -75.3151 -45.5816 -44.4098
-56.639 -40.4225 -166.013 -75.3043 -45.7137 -44.1195
-57.0155 -40.6514 -166.233 -75.2929 -45.8462 -43.8281
-57.3919 -40.8809 -166.451 -75.2811 -45.9792 -43.5356
-57.7683 -41.1112 -166.668 -75.2688 -46.1127 -43.2419
-58.1446 -41.3421 -166.883 -75.2561 -46.2465 -42.9472
-58.5208 -41.5736 -167.097 -75.2429 -46.3808 -42.6514
-58.897 -41.8059 -167.31 -75.2292 -46.5154 -42.3546
-59.2731 -42.0388 -167.521 -75.2151 -46.6504 -42.0568
-59.6491 -42.2724 -167.731 -75.2005 -46.7858 -41.7579
-60.0251 -42.5067 -167.939 -75.1855 -46.9214 -41.458
-60.401 -42.7416 -168.145 -75.1701 -47.0574 -41.1572
-60.7768 -42.9772 -168.35 -75.1542 -47.1936 -40.8554
-61.1525 -43.2135 -168.554 -75.1379 -47.3302 -40.5527
-61.5281 -43.4505 -168.756 -75.1212 -47.4669 -40.2491
-61.9037 -43.6882 -168.956 -75.104 -47.6039 -39.9445
-62.2792 -43.9266 -169.155 -75.0864 -47.7411 -39.6391
-62.6546 -44.1656 -169.353 -75.0685 -47.8785 -39.3327
-63.0298 -44.4054 -169.548 -75.0501 -48.0161 -39.0256
-63.405 -44.6458 -169.743 -75.0313 -48.1538 -38.7175
-63.7801 -44.8869 -169.936 -75.0121 -48.2916 -38.4087
-64.1551 -45.1287 -170.127 -74.9924 -48.4296 -38.099
-64.5301 -45.3712 -170.317 -74.9724 -48.5677 -37.7885
-64.9049 -45.6144 -170.505 -74.952 -48.7059 -37.4772
-65.2796 -45.8583 -170.691 -74.9312 -48.8441 -37.1652
-65.6542 -46.1029 -170.876 -74.91 -48.9824 -36.8524
-66.0286 -46.3481 -171.06 -74.8884 -49.1207 -36.5388
-66.403 -46.5941 -171.242 -74.8664 -49.2591 -36.2245
-66.7773 -46.8407 -171.422 -74.844 -49.3974 -35.9095
-67.1515 -47.0881 -171.601 -74.8212 -49.5357 -35.5938
-67.5255 -47.3361 -171.778 -74.798 -49.674 -35.2775
-67.8994 -47.5848 -171.954 -74.7745 -49.8123 -34.9604
-68.2732 -47.8342 -172.128 -74.7505 -49.9505 -34.6426
-68.6469 -48.0843 -172.3 -74.7262 -50.0886 -34.3242
-69.0205 -48.3351 -172.471 -74.7014 -50.2267 -34.0052
-69.3939 -48.5866 -172.64 -74.6763 -50.3646 -33.6855
-69.7672 -48.8388 -172.808 -74.6508 -50.5025 -33.3652
-70.1404 -49.0916 -172.974 -74.6249 -50.6402 -33.0444
-70.5135 -49.3452 -173.138 -74.5987 -50.7778 -32.7229
-70.8864 -49.5994 -173.301 -74.572 -50.9152 -32.4008
-71.2592 -49.8543 -173.462 -74.545 -51.0524 -32.0782
-71.6318 -50.1099 -173.622 -74.5175 -51.1895 -31.7549
-72.0044 -50.3662 -173.78 -74.4897 -51.3263 -31.4312
-72.3767 -50.6232 -173.936 -74.4615 -51.463 -31.1069
-72.749 -50.8809 -174.091 -74.4329 -51.5994 -30.7821
-73.121 -51.1392 -174.244 -74.404 -51.7357 -30.4567
-73.493 -51.3982 -174.395 -74.3746 -51.8716 -30.1309
-73.8648 -51.6579 -174.545 -74.3449 -52.0074 -29.8045
-74.2364 -51.9183 -174.693 -74.3147 -52.1428 -29.4777
-74.6079 -52.1794 -174.84 -74.2842 -52.278 -29.1503
-74.9793 -52.4411 -174.985 -74.2533 -52.4129 -28.8225
-75.3505 -52.7035 -175.128 -74.222 -52.5475 -28.4943
-75.7215 -52.9666 -175.27 -74.1903 -52.6818 -28.1656
-76.0924 -53.2303 -175.41 -74.1583 -52.8158 -27.8364
-76.4631 -53.4948 -175.548 -74.1258 -52.9494 -27.5069
-76.8336 -53.7598 -175.685 -74.0929 -53.0827 -27.1768
-77.204 -54.0256 -175.82 -74.0597 -53.2157 -26.8464
-77.5742 -54.292 -175.953 -74.0261 -53.3483 -26.5156
-77.9442 -54.5591 -176.085 -73.992 -53.4805 -26.1844
-78.3141 -54.8268 -176.215 -73.9576 -53.6124 -25.8528
-78.6838 -55.0952 -176.344 -73.9228 -53.7439 -25.5208
-79.0533 -55.3643 -176.471 -73.8876 -53.8749 -25.1884
-79.4227 -55.634 -176.596 -73.852 -54.0056 -24.8557
-79.7918 -55.9043 -176.719 -73.816 -54.1359 -24.5226
-80.1608 -56.1753 -176.841 -73.7796 -54.2658 -24.1891
-80.5296 -56.447 -176.961 -73.7429 -54.3952 -23.8554
-80.8983 -56.7193 -177.079 -73.7057 -54.5242 -23.5212
-81.2667 -56.9922 -177.196 -73.6681 -54.6527 -23.1868
-81.6349 -57.2658 -177.311 -73.6301 -54.7808 -22.8521
-82.003 -57.5401 -177.425 -73.5917 -54.9085 -22.517
-82.3708 -57.8149 -177.536 -73.5529 -55.0356 -22.1816
-82.7385 -58.0904 -177.646 -73.5137 -55.1623 -21.846
-83.106 -58.3665 -177.755 -73.4742 -55.2885 -21.51
-83.4733 -58.6433 -177.862 -73.4342 -55.4143 -21.1738
-83.8403 -58.9207 -177.967 -73.3938 -55.5395 -20.8373
-84.2072 -59.1987 -178.07 -73.353 -55.6642 -20.5005
-84.5738 -59.4773 -178.172 -73.3118 -55.7885 -20.1635
-84.9403 -59.7566 -178.272 -73.2702 -55.9122 -19.8262
-85.3065 -60.0365 -178.37 -73.2281 -56.0353 -19.4887
-85.6726 -60.317 -178.466 -73.1857 -56.158 -19.1509
-86.0384 -60.5981 -178.561 -73.1429 -56.2801 -18.8129
-86.404 -60.8798 -178.655 -73.0996 -56.4017 -18.4747
-86.7694 -61.1621 -178.746 -73.056 -56.5227 -18.1363
-87.1346 -61.445 -178.836 -73.0119 -56.6432 -17.7976
-87.4995 -61.7285 -178.924 -72.9674 -56.7631 -17.4588
-87.8642 -62.0126 -179.011 -72.9225 -56.8824 -17.1197
-88.2287 -62.2974 -179.095 -72.8772 -57.0012 -16.7804
-88.593 -62.5827 -179.178 -72.8315 -57.1194 -16.441
-88.9571 -62.8686 -179.26 -72.7853 -57.237 -16.1014
-89.3209 -63.155 -179.339 -72.7388 -57.354 -15.7616
-89.6844 -63.4421 -179.417 -72.6918 -57.4704 -15.4217
-90.0478 -63.7297 -179.494 -72.6444 -57.5862 -15.0815
-90.4109 -64.018 -179.568 -72.5966 -57.7014 -14.7413
-90.7737 -64.3068 -179.641 -72.5484 -57.816 -14.4008
-91.1364 -64.5961 -179.712 -72.4998 -57.93 -14.0603
-91.4987 -64.8861 -179.782 -72.4507 -58.0433 -13.7196
-91.8609 -65.1766 -179.849 -72.4012 -58.156 -13.3787
-92.2228 -65.4676 -179.915 -72.3513 -58.2681 -13.0378
-92.5844 -65.7593 -179.98 -72.301 -58.3796 -12.6967
-92.9458 -66.0514 -180.042 -72.2502 -58.4904 -12.3555
-93.3069 -66.3442 -180.103 -72.1991 -58.6005 -12.0142
-93.6678 -66.6375 -180.162 -72.1475 -58.71 -11.6728
-94.0284 -66.9313 -180.22 -72.0954 -58.8189 -11.3313
-94.3887 -67.2256 -180.276 -72.043 -58.9271 -10.9897
-94.7488 -67.5206 -180.33 -71.9901 -59.0346 -10.648
-95.1086 -67.816 -180.382 -71.9368 -59.1414 -10.3063
-95.4682 -68.112 -180.433 -71.8831 -59.2476 -9.96447
-95.8274 -68.4085 -180.482 -71.8289 -59.3531 -9.62258
-96.1865 -68.7055 -180.529 -71.7744 -59.4578 -9.28062
-96.5452 -69.0031 -180.575 -71.7193 -59.5619 -8.93861
-96.9037 -69.3011 -180.619 -71.6639 -59.6654 -8.59654
-97.2618 -69.5997 -180.661 -71.608 -59.7681 -8.25443
-97.6197 -69.8988 -180.701 -71.5517 -59.8701 -7.91228
-97.9774 -70.1984 -180.74 -71.495 -59.9714 -7.57009
-98.3347 -70.4985 -180.777 -71.4378 -60.0719 -7.22788
-98.6917 -70.7991 -180.812 -71.3802 -60.1718 -6.88564
-99.0485 -71.1003 -180.846 -71.3222 -60.2709 -6.54338
-99.405 -71.4019 -180.878 -71.2637 -60.3694 -6.2011
-99.7611 -71.704 -180.908 -71.2048 -60.467 -5.85882
-100.117 -72.0065 -180.936 -71.1455 -60.564 -5.51653
-100.473 -72.3096 -180.963 -71.0857 -60.6602 -5.17425
-100.828 -72.6131 -180.988 -71.0255 -60.7557 -4.83198
-101.183 -72.9172 -181.011 -70.9649 -60.8504 -4.48971
-101.538 -73.2217 -181.033 -70.9038 -60.9444 -4.14747
-101.892 -73.5266 -181.053 -70.8423 -61.0376 -3.80524
-102.246 -73.832 -181.071 -70.7804 -61.1301 -3.46305
-102.6 -74.1379 -181.087 -70.718 -61.2218 -3.12089
-102.953 -74.4443 -181.102 -70.6552 -61.3127 -2.77876
-103.306 -74.751 -181.115 -70.5919 -61.4029 -2.43668
-103.659 -75.0583 -181.126 -70.5282 -61.4923 -2.09465
-104.012 -75.366 -181.136 -70.464 -61.581 -1.75267
-104.364 -75.6741 -181.144 -70.3995 -61.6688 -1.41075
-104.716 -75.9827 -181.15 -70.3344 -61.7559 -1.0689
-105.067 -76.2917 -181.155 -70.269 -61.8422 -0.727111
-105.418 -76.6011 -181.157 -70.203 -61.9277 -0.385397
-105.769 -76.9109 -181.158 -70.1367 -62.0124 -0.0437617
-106.12 -77.2212 -181.158 -70.0699 -62.0963 0.29779
-106.47 -77.5319 -181.155 -70.0026 -62.1794 0.639253
-106.82 -77.843 -181.151 -69.9349 -62.2617 0.980623
-107.169 -78.1545 -181.146 -69.8668 -62.3432 1.32189
-107.518 -78.4664 -181.138 -69.7982 -62.4239 1.66306
-107.867 -78.7788 -181.129 -69.7292 -62.5038 2.00412
-108.216 -79.0915 -181.118 -69.6597 -62.5828 2.34507
-108.564 -79.4046 -181.106 -69.5898 -62.6611 2.6859
-108.911 -79.7181 -181.091 -69.5194 -62.7385 3.0266
-109.259 -80.032 -181.075 -69.4486 -62.8151 3.36718
-109.606 -80.3463 -181.058 -69.3773 -62.8909 3.70763
-109.953 -80.6609 -181.038 -69.3056 -62.9658 4.04794
-110.299 -80.9759 -181.017 -69.2334 -63.04 4.3881
-110.645 -81.2913 -180.994 -69.1608 -63.1132 4.72812
-110.991 -81.6071 -180.97 -69.0877 -63.1857 5.06799
-111.336 -81.9232 -180.944 -69.0142 -63.2573 5.4077
-111.681 -82.2396 -180.916 -68.9402 -63.328 5.74725
-112.025 -82.5564 -180.886 -68.8658 -63.3979 6.08664
-112.369 -82.8736 -180.855 -68.7909 -63.467 6.42585
-112.713 -83.1911 -180.822 -68.7156 -63.5352 6.76489
-113.057 -83.509 -180.787 -68.6398 -63.6026 7.10375
-113.4 -83.8271 -180.751 -68.5635 -63.6691 7.44242
-113.742 -84.1457 -180.713 -68.4868 -63.7347 7.7809
-114.084 -84.4645 -180.673 -68.4096 -63.7995 8.11919
-114.426 -84.7837 -180.632 -68.332 -63.8634 8.45728
-114.768 -85.1031 -180.589 -68.2539 -63.9265 8.79517
-115.109 -85.4229 -180.544 -68.1754 -63.9886 9.13285
-115.45 -85.743 -180.497 -68.0964 -64.0499 9.47032
-115.79 -86.0634 -180.449 -68.0169 -64.1104 9.80757
-116.13 -86.3841 -180.399 -67.937 -64.1699 10.1446
-116.469 -86.7051 -180.348 -67.8566 -64.2286 10.4814
-116.808 -87.0264 -180.294 -67.7757 -64.2864 10.818
-117.147 -87.348 -180.239 -67.6944 -64.3434 11.1543
-117.485 -87.6698 -180.183 -67.6126 -64.3994 11.4904
-117.823 -87.992 -180.124 -67.5304 -64.4546 11.8262
-118.161 -88.3144 -180.065 -67.4476 -64.5088 12.1618
-118.498 -88.6371 -180.003 -67.3645 -64.5622 12.4972
-118.834 -88.96 -179.94 -67.2808 -64.6147 12.8323
-119.17 -89.2832 -179.875 -67.1967 -64.6663 13.1671
-119.506 -89.6067 -179.808 -67.1121 -64.717 13.5017
-119.842 -89.9304 -179.74 -67.0271 -64.7668 13.8359
-120.176 -90.2543 -179.67 -66.9415 -64.8158 14.1699
-120.511 -90.5785 -179.598 -66.8556 -64.8638 14.5037
-120.845 -90.903 -179.524 -66.7691 -64.9109 14.8371
-121.179 -91.2277 -179.449 -66.6822 -64.9571 15.1703
-121.512 -91.5526 -179.373 -66.5948 -65.0024 15.5031
-121.845 -91.8777 -179.294 -66.5069 -65.0468 15.8357
-122.177 -92.203 -179.214 -66.4185 -65.0903 16.1679
-122.509 -92.5286 -179.133 -66.3297 -65.1329 16.4999
-122.84 -92.8544 -179.049 -66.2404 -65.1746 16.8315
-123.171 -93.1803 -178.964 -66.1506 -65.2154 17.1628
-123.502 -93.5065 -178.878 -66.0604 -65.2553 17.4939
-123.832 -93.8329 -178.79 -65.9697 -65.2942 17.8245
-124.161 -94.1595 -178.7 -65.8785 -65.3323 18.1549
-124.491 -94.4862 -178.608 -65.7868 -65.3694 18.4849
-124.819 -94.8131 -178.515 -65.6946 -65.4056 18.8146
-125.148 -95.1403 -178.42 -65.602 -65.4409 19.1439
-125.475 -95.4676 -178.323 -65.5089 -65.4753 19.4729
-125.803 -95.795 -178.225 -65.4153 -65.5088 19.8015
-126.129 -96.1226 -178.125 -65.3212 -65.5414 20.1298
-126.456 -96.4504 -178.024 -65.2267 -65.573 20.4577
-126.782 -96.7784 -177.921 -65.1316 -65.6037 20.7853
-127.107 -97.1065 -177.816 -65.0361 -65.6335 21.1125
-127.432 -97.4347 -177.71 -64.9401 -65.6624 21.4393
-127.757 -97.7631 -177.602 -64.8437 -65.6903 21.7657
-128.081 -98.0916 -177.492 -64.7467 -65.7174 22.0918
-128.404 -98.4203 -177.381 -64.6493 -65.7435 22.4174
-128.727 -98.749 -177.268 -64.5513 -65.7687 22.7427
-129.05 -99.0779 -177.153 -64.4529 -65.7929 23.0676
-129.372 -99.407 -177.037 -64.354 -65.8163 23.3921
-129.693 -99.7361 -176.919 -64.2546 -65.8387 23.7162
-130.014 -100.065 -176.8 -64.1548 -65.8602 24.0399
-130.335 -100.395 -176.679 -64.0544 -65.8808 24.3632
-130.655 -100.724 -176.556 -63.9536 -65.9004 24.686
-130.974 -101.054 -176.432 -63.8523 -65.9192 25.0085
-131.293 -101.383 -176.306 -63.7504 -65.937 25.3305
-131.612 -101.713 -176.179 -63.6481 -65.9539 25.6521
-131.93 -102.043 -176.05 -63.5454 -65.9698 25.9733
-132.247 -102.373 -175.919 -63.4421 -65.9849 26.294
-132.564 -102.703 -175.787 -63.3383 -65.999 26.6143
-132.881 -103.033 -175.653 -63.2341 -66.0122 26.9342
-133.196 -103.363 -175.517 -63.1294 -66.0244 27.2536
-133.512 -103.693 -175.38 -63.0241 -66.0358 27.5725
-133.827 -104.023 -175.242 -62.9184 -66.0462 27.891
-134.141 -104.353 -175.101 -62.8122 -66.0557 28.2091
-134.455 -104.684 -174.96 -62.7055 -66.0643 28.5267
-134.768 -105.014 -174.816 -62.5984 -66.0719 28.8438
-135.081 -105.344 -174.671 -62.4907 -66.0787 29.1604
-135.393 -105.675 -174.525 -62.3825 -66.0845 29.4766
-135.705 -106.005 -174.376 -62.2739 -66.0894 29.7923
-136.016 -106.336 -174.227 -62.1648 -66.0934 30.1075
-136.326 -106.666 -174.075 -62.0552 -66.0964 30.4222
-136.636 -106.997 -173.922 -61.9451 -66.0986 30.7365
-136.946 -107.327 -173.768 -61.8345 -66.0998 31.0502
