25 50 75 0 0 -49
24.9999 49.9999 74.7548 -0.0238882 -0.0405196 -49.0638
24.9998 49.9996 74.5094 -0.0478634 -0.0811181 -49.1277
24.9995 49.9991 74.2636 -0.0719259 -0.121796 -49.1916
24.999 49.9984 74.0174 -0.0960759 -0.162553 -49.2554
24.9985 49.9975 73.771 -0.120314 -0.203391 -49.3193
24.9978 49.9963 73.5243 -0.144639 -0.244308 -49.3832
24.9971 49.995 73.2772 -0.169053 -0.285307 -49.4471
24.9961 49.9935 73.0298 -0.193554 -0.326386 -49.511
24.9951 49.9918 72.7821 -0.218144 -0.367548 -49.5749
24.994 49.9898 72.534 -0.242823 -0.408791 -49.6388
24.9927 49.9877 72.2857 -0.267591 -0.450116 -49.7027
24.9913 49.9853 72.037 -0.292448 -0.491524 -49.7666
24.9898 49.9828 71.788 -0.317394 -0.533015 -49.8306
24.9881 49.98 71.5387 -0.342429 -0.574589 -49.8945
24.9863 49.977 71.2891 -0.367554 -0.616247 -49.9585
24.9844 49.9738 71.0391 -0.392769 -0.657989 -50.0224
24.9824 49.9704 70.7888 -0.418074 -0.699816 -50.0864
24.9803 49.9668 70.5383 -0.44347 -0.741728 -50.1504
24.978 49.963 70.2873 -0.468955 -0.783725 -50.2144
24.9756 49.959 70.0361 -0.494532 -0.825808 -50.2784
24.973 49.9548 69.7846 -0.520199 -0.867976 -50.3424
24.9704 49.9503 69.5327 -0.545958 -0.910232 -50.4064
24.9676 49.9456 69.2805 -0.571808 -0.952574 -50.4704
24.9646 49.9408 69.028 -0.59775 -0.995004 -50.5344
24.9616 49.9357 68.7751 -0.623783 -1.03752 -50.5985
24.9584 49.9304 68.522 -0.649908 -1.08013 -50.6625
24.9551 49.9249 68.2685 -0.676126 -1.12282 -50.7266
24.9516 49.9192 68.0147 -0.702436 -1.1656 -50.7907
24.9481 49.9132 67.7606 -0.728839 -1.20847 -50.8547
24.9444 49.9071 67.5062 -0.755335 -1.25144 -50.9188
24.9405 49.9007 67.2514 -0.781924 -1.29449 -50.9829
24.9365 49.8941 66.9964 -0.808606 -1.33763 -51.047
24.9324 49.8874 66.741 -0.835382 -1.38086 -51.1112
24.9282 49.8803 66.4852 -0.862252 -1.42419 -51.1753
24.9238 49.8731 66.2292 -0.889215 -1.4676 -51.2394
24.9193 49.8657 65.9728 -0.916274 -1.51111 -51.3036
24.9146 49.858 65.7162 -0.943426 -1.55471 -51.3677
24.9099 49.8501 65.4592 -0.970674 -1.5984 -51.4319
24.9049 49.842 65.2019 -0.998016 -1.64219 -51.4961
24.8999 49.8337 64.9442 -1.02545 -1.68607 -51.5603
24.8947 49.8252 64.6862 -1.05299 -1.73004 -51.6245
24.8893 49.8164 64.428 -1.08062 -1.77411 -51.6887
24.8839 49.8074 64.1694 -1.10834 -1.81827 -51.7529
24.8783 49.7982 63.9104 -1.13616 -1.86253 -51.8171
24.8725 49.7888 63.6512 -1.16408 -1.90689 -51.8814
24.8666 49.7791 63.3916 -1.1921 -1.95134 -51.9456
24.8606 49.7693 63.1317 -1.22021 -1.99589 -52.0099
24.8544 49.7592 62.8715 -1.24842 -2.04053 -52.0741
24.8481 49.7489 62.611 -1.27672 -2.08527 -52.1384
24.8416 49.7383 62.3501 -1.30513 -2.13011 -52.2027
24.8351 49.7276 62.089 -1.33363 -2.17505 -52.267
24.8283 49.7166 61.8275 -1.36223 -2.22009 -52.3313
24.8214 49.7054 61.5657 -1.39093 -2.26522 -52.3957
24.8144 49.6939 61.3035 -1.41973 -2.31046 -52.46
24.8072 49.6823 61.0411 -1.44862 -2.35579 -52.5244
24.7999 49.6704 60.7783 -1.47762 -2.40123 -52.5887
24.7925 49.6582 60.5152 -1.50672 -2.44676 -52.6531
24.7848 49.6459 60.2517 -1.53591 -2.4924 -52.7175
24.7771 49.6333 59.988 -1.56521 -2.53814 -52.7819
24.7692 49.6205 59.7239 -1.5946 -2.58398 -52.8463
24.7611 49.6075 59.4595 -1.6241 -2.62993 -52.9107
24.753 49.5942 59.1948 -1.6537 -2.67597 -52.9751
24.7446 49.5807 58.9298 -1.6834 -2.72212 -53.0396
24.7361 49.567 58.6644 -1.7132 -2.76838 -53.104
24.7275 49.553 58.3987 -1.7431 -2.81474 -53.1685
24.7187 49.5389 58.1327 -1.77311 -2.8612 -53.233
24.7097 49.5244 57.8664 -1.80322 -2.90777 -53.2975
24.7007 49.5098 57.5998 -1.83343 -2.95444 -53.3619
24.6914 49.4949 57.3328 -1.86374 -3.00122 -53.4265
24.682 49.4798 57.0655 -1.89415 -3.04811 -53.491
24.6725 49.4644 56.7979 -1.92467 -3.09511 -53.5555
24.6628 49.4488 56.5299 -1.9553 -3.14221 -53.6201
24.6529 49.433 56.2617 -1.98603 -3.18942 -53.6846
24.6429 49.4169 55.9931 -2.01686 -3.23673 -53.7492
24.6327 49.4006 55.7242 -2.04779 -3.28416 -53.8138
24.6224 49.3841 55.455 -2.07884 -3.3317 -53.8784
24.612 49.3673 55.1854 -2.10998 -3.37934 -53.943
24.6013 49.3503 54.9155 -2.14124 -3.4271 -54.0076
24.5905 49.333 54.6453 -2.1726 -3.47497 -54.0722
24.5796 49.3155 54.3748 -2.20406 -3.52294 -54.1368
24.5685 49.2978 54.104 -2.23563 -3.57103 -54.2015
24.5572 49.2798 53.8328 -2.26731 -3.61924 -54.2662
24.5458 49.2616 53.5613 -2.2991 -3.66755 -54.3308
24.5343 49.2431 53.2895 -2.33099 -3.71598 -54.3955
24.5225 49.2244 53.0173 -2.36299 -3.76452 -54.4602
24.5106 49.2055 52.7449 -2.3951 -3.81317 -54.5249
24.4986 49.1863 52.4721 -2.42732 -3.86194 -54.5896
24.4863 49.1669 52.199 -2.45964 -3.91083 -54.6544
24.474 49.1472 51.9256 -2.49208 -3.95983 -54.7191
24.4614 49.1273 51.6518 -2.52462 -4.00894 -54.7839
24.4487 49.1071 51.3777 -2.55727 -4.05818 -54.8486
24.4359 49.0867 51.1033 -2.59004 -4.10752 -54.9134
24.4228 49.066 50.8286 -2.62291 -4.15699 -54.9782
24.4096 49.0451 50.5535 -2.6559 -4.20658 -55.043
24.3963 49.024 50.2781 -2.689 -4.25628 -55.1078
24.3827 49.0026 50.0024 -2.7222 -4.3061 -55.1727
24.369 48.9809 49.7264 -2.75552 -4.35604 -55.2375
24.3552 48.959 49.4501 -2.78895 -4.4061 -55.3023
24.3412 48.9369 49.1734 -2.8225 -4.45628 -55.3672
24.327 48.9144 48.8964 -2.85615 -4.50658 -55.4321
24.3126 48.8918 48.6191 -2.88992 -4.55701 -55.4969
24.2981 48.8689 48.3414 -2.92381 -4.60755 -55.5618
24.2834 48.8457 48.0635 -2.9578 -4.65822 -55.6267
24.2685 48.8223 47.7852 -2.99191 -4.70901 -55.6917
24.2534 48.7986 47.5065 -3.02614 -4.75993 -55.7566
24.2382 48.7747 47.2276 -3.06048 -4.81096 -55.8215
24.2228 48.7505 46.9483 -3.09494 -4.86212 -55.8865
24.2073 48.7261 46.6687 -3.12951 -4.91341 -55.9514
24.1915 48.7014 46.3888 -3.16419 -4.96482 -56.0164
24.1756 48.6764 46.1086 -3.199 -5.01636 -56.0814
24.1595 48.6512 45.828 -3.23392 -5.06803 -56.1464
24.1433 48.6257 45.5471 -3.26895 -5.11982 -56.2114
24.1268 48.6 45.2659 -3.30411 -5.17174 -56.2764
24.1102 48.574 44.9843 -3.33938 -5.22379 -56.3414
24.0935 48.5478 44.7025 -3.37477 -5.27596 -56.4065
24.0765 48.5213 44.4203 -3.41028 -5.32827 -56.4715
24.0594 48.4945 44.1378 -3.4459 -5.3807 -56.5366
24.042 48.4675 43.8549 -3.48165 -5.43327 -56.6016
24.0245 48.4402 43.5717 -3.51752 -5.48596 -56.6667
24.0069 48.4126 43.2882 -3.5535 -5.53879 -56.7318
23.989 48.3848 43.0044 -3.58961 -5.59175 -56.7969
23.971 48.3567 42.7203 -3.62584 -5.64484 -56.862
23.9527 48.3283 42.4358 -3.66218 -5.69807 -56.9271
23.9343 48.2997 42.151 -3.69865 -5.75142 -56.9923
23.9158 48.2708 41.8659 -3.73524 -5.80492 -57.0574
23.897 48.2417 41.5804 -3.77196 -5.85854 -57.1225
23.878 48.2122 41.2947 -3.8088 -5.9123 -57.1877
23.8589 48.1825 41.0086 -3.84576 -5.9662 -57.2529
23.8396 48.1526 40.7221 -3.88284 -6.02024 -57.318
23.8201 48.1223 40.4354 -3.92005 -6.07441 -57.3832
23.8004 48.0918 40.1483 -3.95738 -6.12871 -57.4484
23.7805 48.061 39.8609 -3.99483 -6.18316 -57.5136
23.7604 48.03 39.5732 -4.03242 -6.23774 -57.5788
23.7402 47.9987 39.2851 -4.07012 -6.29247 -57.6441
23.7197 47.9671 38.9967 -4.10796 -6.34733 -57.7093
23.6991 47.9352 38.708 -4.14591 -6.40233 -57.7745
23.6783 47.903 38.419 -4.184 -6.45748 -57.8398
23.6572 47.8706 38.1296 -4.22221 -6.51276 -57.905
23.636 47.8379 37.8399 -4.26055 -6.56819 -57.9703
23.6146 47.8049 37.5499 -4.29902 -6.62376 -58.0356
23.5931 47.7717 37.2596 -4.33762 -6.67947 -58.1008
23.5713 47.7381 36.9689 -4.37635 -6.73533 -58.1661
23.5493 47.7043 36.6779 -4.4152 -6.79133 -58.2314
23.5271 47.6702 36.3866 -4.45419 -6.84747 -58.2967
23.5047 47.6358 36.0949 -4.49331 -6.90377 -58.362
23.4822 47.6012 35.803 -4.53255 -6.9602 -58.4273
23.4594 47.5662 35.5107 -4.57193 -7.01679 -58.4927
23.4365 47.531 35.218 -4.61144 -7.07352 -58.558
23.4133 47.4955 34.9251 -4.65108 -7.1304 -58.6233
23.3899 47.4597 34.6318 -4.69085 -7.18743 -58.6887
23.3664 47.4236 34.3382 -4.73076 -7.2446 -58.754
23.3426 47.3873 34.0443 -4.7708 -7.30193 -58.8194
23.3187 47.3506 33.75 -4.81097 -7.35941 -58.8847
23.2945 47.3137 33.4554 -4.85128 -7.41703 -58.9501
23.2702 47.2764 33.1605 -4.89173 -7.47481 -59.0155
23.2456 47.2389 32.8653 -4.9323 -7.53275 -59.0809
23.2208 47.2011 32.5697 -4.97302 -7.59083 -59.1462
23.1959 47.163 32.2738 -5.01387 -7.64907 -59.2116
23.1707 47.1246 31.9776 -5.05485 -7.70746 -59.277
23.1453 47.0859 31.681 -5.09598 -7.76601 -59.3424
23.1197 47.047 31.3842 -5.13724 -7.82471 -59.4078
23.094 47.0077 31.0869 -5.17864 -7.88357 -59.4732
23.068 46.9681 30.7894 -5.22018 -7.94258 -59.5386
23.0418 46.9283 30.4916 -5.26185 -8.00176 -59.6041
23.0153 46.8881 30.1934 -5.30367 -8.06109 -59.6695
22.9887 46.8477 29.8949 -5.34562 -8.12058 -59.7349
22.9619 46.8069 29.596 -5.38772 -8.18022 -59.8003
22.9348 46.7659 29.2969 -5.42996 -8.24003 -59.8658
22.9076 46.7245 28.9974 -5.47234 -8.3 -59.9312
22.8801 46.6829 28.6976 -5.51486 -8.36013 -59.9966
22.8524 46.6409 28.3974 -5.55752 -8.42042 -60.062
22.8245 46.5986 28.0969 -5.60033 -8.48088 -60.1275
22.7964 46.5561 27.7961 -5.64328 -8.54149 -60.1929
22.7681 46.5132 27.495 -5.68637 -8.60228 -60.2584
22.7396 46.4701 27.1935 -5.72961 -8.66322 -60.3238
22.7108 46.4266 26.8918 -5.77299 -8.72433 -60.3892
22.6818 46.3828 26.5897 -5.81652 -8.78561 -60.4547
22.6526 46.3387 26.2872 -5.8602 -8.84705 -60.5201
22.6232 46.2944 25.9845 -5.90402 -8.90866 -60.5856
22.5936 46.2497 25.6814 -5.94799 -8.97044 -60.651
22.5638 46.2047 25.3779 -5.9921 -9.03239 -60.7164
22.5337 46.1593 25.0742 -6.03637 -9.09451 -60.7819
22.5034 46.1137 24.7701 -6.08078 -9.15679 -60.8473
22.4729 46.0678 24.4657 -6.12534 -9.21925 -60.9128
22.4421 46.0215 24.161 -6.17006 -9.28188 -60.9782
22.4112 45.9749 23.8559 -6.21492 -9.34468 -61.0436
22.38 45.9281 23.5506 -6.25993 -9.40765 -61.1091
22.3486 45.8809 23.2449 -6.3051 -9.4708 -61.1745
22.3169 45.8334 22.9388 -6.35041 -9.53412 -61.2399
22.2851 45.7855 22.6325 -6.39588 -9.59762 -61.3053
22.253 45.7374 22.3258 -6.4415 -9.66129 -61.3708
22.2207 45.6889 22.0187 -6.48728 -9.72514 -61.4362
22.1881 45.6401 21.7114 -6.53321 -9.78916 -61.5016
22.1553 45.591 21.4037 -6.57929 -9.85336 -61.567
22.1223 45.5416 21.0957 -6.62554 -9.91775 -61.6324
22.0891 45.4918 20.7874 -6.67193 -9.98231 -61.6978
22.0556 45.4418 20.4788 -6.71848 -10.047 -61.7632
22.0219 45.3914 20.1698 -6.76519 -10.112 -61.8286
21.9879 45.3407 19.8605 -6.81206 -10.1771 -61.8939
21.9538 45.2896 19.5508 -6.85909 -10.2424 -61.9593
21.9193 45.2382 19.2409 -6.90627 -10.3078 -62.0247
21.8847 45.1865 18.9306 -6.95362 -10.3735 -62.09
21.8498 45.1345 18.62 -7.00112 -10.4393 -62.1554
21.8147 45.0821 18.309 -7.04878 -10.5053 -62.2207
21.7793 45.0294 17.9978 -7.09661 -10.5715 -62.286
21.7437 44.9764 17.6862 -7.1446 -10.6379 -62.3514
21.7079 44.9231 17.3743 -7.19275 -10.7045 -62.4167
21.6718 44.8694 17.062 -7.24106 -10.7713 -62.482
21.6355 44.8153 16.7494 -7.28954 -10.8383 -62.5473
21.5989 44.761 16.4365 -7.33818 -10.9054 -62.6125
21.5621 44.7063 16.1233 -7.38699 -10.9727 -62.6778
21.525 44.6513 15.8098 -7.43596 -11.0403 -62.7431
21.4877 44.5959 15.4959 -7.48509 -11.108 -62.8083
21.4502 44.5402 15.1817 -7.5344 -11.1759 -62.8735
21.4124 44.4841 14.8671 -7.58387 -11.244 -62.9387
21.3743 44.4277 14.5523 -7.63351 -11.3123 -63.0039
21.336 44.371 14.2371 -7.68332 -11.3808 -63.0691
21.2975 44.3139 13.9216 -7.7333 -11.4495 -63.1343
21.2587 44.2565 13.6058 -7.78345 -11.5184 -63.1995
21.2197 44.1987 13.2896 -7.83377 -11.5875 -63.2646
21.1804 44.1406 12.9731 -7.88426 -11.6568 -63.3297
21.1408 44.0822 12.6563 -7.93492 -11.7263 -63.3948
21.101 44.0234 12.3392 -7.98575 -11.796 -63.4599
21.061 43.9642 12.0217 -8.03676 -11.8659 -63.525
21.0207 43.9047 11.7039 -8.08794 -11.9359 -63.5901
20.9801 43.8449 11.3858 -8.1393 -12.0062 -63.6551
20.9393 43.7847 11.0674 -8.19083 -12.0767 -63.7201
20.8982 43.7241 10.7486 -8.24254 -12.1474 -63.7851
20.8568 43.6632 10.4295 -8.29443 -12.2183 -63.8501
20.8152 43.6019 10.1101 -8.34649 -12.2895 -63.9151
20.7734 43.5403 9.79036 -8.39873 -12.3608 -63.98
20.7312 43.4783 9.4703 -8.45115 -12.4323 -64.0449
20.6889 43.416 9.14991 -8.50375 -12.504 -64.1098
20.6462 43.3533 8.8292 -8.55653 -12.576 -64.1747
20.6033 43.2902 8.50817 -8.60949 -12.6481 -64.2395
20.5601 43.2268 8.18681 -8.66263 -12.7205 -64.3043
20.5167 43.163 7.86512 -8.71595 -12.7931 -64.3691
20.473 43.0988 7.54311 -8.76946 -12.8659 -64.4339
20.429 43.0343 7.22078 -8.82315 -12.9389 -64.4986
20.3847 42.9695 6.89813 -8.87703 -13.0121 -64.5633
20.3402 42.9042 6.57515 -8.93109 -13.0855 -64.628
20.2954 42.8386 6.25185 -8.98533 -13.1592 -64.6927
20.2503 42.7726 5.92822 -9.03977 -13.233 -64.7573
20.205 42.7063 5.60428 -9.09439 -13.3071 -64.8219
20.1594 42.6396 5.28 -9.1492 -13.3814 -64.8864
20.1135 42.5725 4.95541 -9.2042 -13.4559 -64.951
20.0674 42.505 4.63049 -9.25938 -13.5307 -65.0155
20.0209 42.4372 4.30526 -9.31476 -13.6057 -65.0799
19.9742 42.3689 3.9797 -9.37033 -13.6808 -65.1444
19.9272 42.3003 3.65381 -9.42609 -13.7563 -65.2088
19.8799 42.2314 3.32761 -9.48205 -13.8319 -65.2731
19.8324 42.162 3.00108 -9.5382 -13.9077 -65.3375
19.7846 42.0923 2.67423 -9.59454 -13.9838 -65.4018
19.7365 42.0222 2.34706 -9.65108 -14.0601 -65.466
19.6881 41.9517 2.01957 -9.70781 -14.1367 -65.5302
19.6394 41.8808 1.69176 -9.76475 -14.2135 -65.5944
19.5904 41.8096 1.36363 -9.82188 -14.2904 -65.6586
19.5412 41.7379 1.03517 -9.8792 -14.3677 -65.7227
19.4916 41.6659 0.706401 -9.93673 -14.4451 -65.7867
19.4418 41.5935 0.377307 -9.99446 -14.5228 -65.8507
19.3917 41.5207 0.0478931 -10.0524 -14.6008 -65.9147
19.3413 41.4475 -0.28184 -10.1105 -14.6789 -65.9786
19.2906 41.3739 -0.611894 -10.1688 -14.7573 -66.0425
19.2396 41.2999 -0.942266 -10.2274 -14.8359 -66.1064
19.1883 41.2255 -1.27296 -10.2861 -14.9148 -66.1702
19.1367 41.1507 -1.60397 -10.3451 -14.9939 -66.2339
19.0848 41.0756 -1.9353 -10.4042 -15.0733 -66.2976
19.0327 41 -2.26694 -10.4636 -15.1529 -66.3613
18.9802 40.924 -2.59891 -10.5232 -15.2327 -66.4249
18.9274 40.8477 -2.93119 -10.5829 -15.3128 -66.4884
18.8744 40.7709 -3.26379 -10.6429 -15.3931 -66.5519
18.821 40.6937 -3.59671 -10.7031 -15.4736 -66.6154
18.7673 40.6162 -3.92995 -10.7635 -15.5544 -66.6787
18.7134 40.5382 -4.2635 -10.8241 -15.6355 -66.7421
18.6591 40.4598 -4.59737 -10.885 -15.7168 -66.8054
18.6045 40.381 -4.93155 -10.946 -15.7983 -66.8686
18.5496 40.3018 -5.26605 -11.0073 -15.8801 -66.9318
18.4944 40.2222 -5.60087 -11.0688 -15.9621 -66.9949
18.439 40.1422 -5.936 -11.1305 -16.0444 -67.0579
18.3831 40.0618 -6.27145 -11.1924 -16.127 -67.1209
18.327 39.9809 -6.60721 -11.2545 -16.2098 -67.1838
18.2706 39.8997 -6.94329 -11.3169 -16.2928 -67.2467
18.2139 39.818 -7.27968 -11.3794 -16.3761 -67.3095
18.1568 39.7359 -7.61638 -11.4422 -16.4597 -67.3722
18.0994 39.6534 -7.9534 -11.5052 -16.5435 -67.4349
18.0418 39.5705 -8.29073 -11.5685 -16.6276 -67.4975
17.9837 39.4871 -8.62838 -11.6319 -16.7119 -67.56
17.9254 39.4034 -8.96633 -11.6956 -16.7965 -67.6225
17.8668 39.3192 -9.3046 -11.7596 -16.8814 -67.6849
17.8078 39.2346 -9.64318 -11.8237 -16.9665 -67.7472
17.7486 39.1495 -9.98207 -11.8881 -17.0519 -67.8095
17.689 39.064 -10.3213 -11.9527 -17.1375 -67.8717
17.629 38.9781 -10.6608 -12.0175 -17.2234 -67.9338
17.5688 38.8918 -11.0006 -12.0826 -17.3096 -67.9958
17.5082 38.805 -11.3407 -12.1479 -17.396 -68.0577
17.4473 38.7178 -11.6812 -12.2134 -17.4827 -68.1196
17.3861 38.6302 -12.0219 -12.2792 -17.5697 -68.1814
17.3245 38.5421 -12.363 -12.3452 -17.657 -68.2431
17.2626 38.4536 -12.7044 -12.4114 -17.7445 -68.3048
17.2004 38.3647 -13.0461 -12.4779 -17.8323 -68.3663
17.1378 38.2753 -13.388 -12.5446 -17.9204 -68.4278
17.0749 38.1855 -13.7303 -12.6116 -18.0087 -68.4892
17.0117 38.0952 -14.0729 -12.6788 -18.0973 -68.5505
16.9482 38.0045 -14.4158 -12.7462 -18.1862 -68.6117
16.8843 37.9134 -14.759 -12.8139 -18.2754 -68.6728
16.82 37.8218 -15.1026 -12.8819 -18.3648 -68.7338
16.7554 37.7297 -15.4464 -12.95 -18.4545 -68.7947
16.6905 37.6372 -15.7905 -13.0184 -18.5445 -68.8556
16.6253 37.5443 -16.1349 -13.0871 -18.6348 -68.9163
16.5596 37.4509 -16.4797 -13.156 -18.7254 -68.977
16.4937 37.357 -16.8247 -13.2252 -18.8162 -69.0375
16.4274 37.2627 -17.1701 -13.2946 -18.9074 -69.098
16.3607 37.1679 -17.5157 -13.3642 -18.9988 -69.1583
16.2937 37.0727 -17.8616 -13.4342 -19.0905 -69.2186
16.2264 36.977 -18.2079 -13.5043 -19.1825 -69.2787
16.1587 36.8809 -18.5544 -13.5747 -19.2747 -69.3388
16.0907 36.7843 -18.9013 -13.6454 -19.3673 -69.3987
16.0223 36.6872 -19.2484 -13.7163 -19.4602 -69.4585
15.9535 36.5897 -19.5959 -13.7875 -19.5533 -69.5183
15.8844 36.4917 -19.9436 -13.8589 -19.6467 -69.5779
15.8149 36.3932 -20.2916 -13.9306 -19.7405 -69.6374
15.7451 36.2943 -20.64 -14.0026 -19.8345 -69.6967
15.6749 36.1949 -20.9886 -14.0748 -19.9288 -69.756
15.6043 36.095 -21.3375 -14.1472 -20.0234 -69.8151
15.5334 35.9946 -21.6868 -14.22 -20.1184 -69.8741
15.4621 35.8938 -22.0363 -14.2929 -20.2136 -69.933
15.3905 35.7925 -22.3861 -14.3662 -20.3091 -69.9918
15.3185 35.6907 -22.7362 -14.4397 -20.4049 -70.0505
15.2461 35.5885 -23.0866 -14.5135 -20.501 -70.109
15.1733 35.4857 -23.4373 -14.5876 -20.5974 -70.1674
15.1002 35.3825 -23.7883 -14.6619 -20.6942 -70.2256
15.0267 35.2788 -24.1395 -14.7365 -20.7912 -70.2838
14.9528 35.1746 -24.4911 -14.8113 -20.8885 -70.3417
14.8786 35.0699 -24.843 -14.8864 -20.9862 -70.3996
14.804 34.9647 -25.1951 -14.9618 -21.0841 -70.4573
14.729 34.859 -25.5475 -15.0375 -21.1824 -70.5149
14.6536 34.7529 -25.9002 -15.1135 -21.2809 -70.5723
14.5778 34.6462 -26.2532 -15.1897 -21.3798 -70.6296
14.5017 34.5391 -26.6065 -15.2662 -21.479 -70.6867
14.4252 34.4314 -26.9601 -15.343 -21.5785 -70.7437
14.3483 34.3233 -27.314 -15.42 -21.6784 -70.8005
14.271 34.2147 -27.6681 -15.4974 -21.7785 -70.8572
14.1933 34.1055 -28.0225 -15.575 -21.879 -70.9137
14.1152 33.9959 -28.3773 -15.6529 -21.9798 -70.9701
14.0368 33.8857 -28.7323 -15.731 -22.0809 -71.0263
13.9579 33.7751 -29.0875 -15.8095 -22.1823 -71.0823
13.8787 33.6639 -29.4431 -15.8883 -22.284 -71.1382
13.799 33.5522 -29.7989 -15.9673 -22.3861 -71.1939
13.719 33.44 -30.155 -16.0466 -22.4885 -71.2495
13.6386 33.3273 -30.5114 -16.1262 -22.5912 -71.3048
13.5577 33.2141 -30.8681 -16.2062 -22.6942 -71.36
13.4765 33.1004 -31.225 -16.2863 -22.7976 -71.415
13.3949 32.9861 -31.5822 -16.3668 -22.9013 -71.4699
13.3128 32.8714 -31.9397 -16.4476 -23.0054 -71.5245
13.2304 32.7561 -32.2975 -16.5287 -23.1097 -71.579
13.1475 32.6403 -32.6555 -16.6101 -23.2144 -71.6333
13.0643 32.5239 -33.0138 -16.6917 -23.3195 -71.6874
12.9806 32.4071 -33.3724 -16.7737 -23.4248 -71.7413
12.8966 32.2897 -33.7312 -16.856 -23.5305 -71.795
12.8121 32.1718 -34.0903 -16.9386 -23.6366 -71.8485
12.7272 32.0533 -34.4497 -17.0214 -23.743 -71.9018
12.6419 31.9344 -34.8093 -17.1046 -23.8497 -71.955
12.5561 31.8148 -35.1692 -17.1881 -23.9568 -72.0079
12.47 31.6948 -35.5294 -17.2719 -24.0642 -72.0606
12.3834 31.5742 -35.8898 -17.356 -24.1719 -72.1131
12.2964 31.4531 -36.2505 -17.4404 -24.28 -72.1654
12.209 31.3314 -36.6115 -17.5251 -24.3885 -72.2174
12.1212 31.2092 -36.9727 -17.6102 -24.4973 -72.2693
12.0329 31.0864 -37.3342 -17.6955 -24.6064 -72.3209
11.9442 30.9631 -37.6959 -17.7812 -24.7159 -72.3723
11.8551 30.8393 -38.0579 -17.8672 -24.8258 -72.4235
11.7655 30.7149 -38.4202 -17.9534 -24.936 -72.4744
11.6755 30.5899 -38.7827 -18.0401 -25.0465 -72.5252
11.5851 30.4644 -39.1454 -18.127 -25.1574 -72.5756
11.4943 30.3383 -39.5084 -18.2142 -25.2687 -72.6259
11.403 30.2117 -39.8717 -18.3018 -25.3803 -72.6759
11.3113 30.0845 -40.2352 -18.3897 -25.4923 -72.7257
11.2191 29.9568 -40.5989 -18.478 -25.6046 -72.7752
11.1265 29.8285 -40.9629 -18.5665 -25.7173 -72.8244
11.0334 29.6996 -41.3272 -18.6554 -25.8304 -72.8734
10.9399 29.5702 -41.6917 -18.7446 -25.9438 -72.9222
10.846 29.4402 -42.0564 -18.8341 -26.0576 -72.9707
10.7516 29.3096 -42.4214 -18.924 -26.1718 -73.0189
10.6567 29.1785 -42.7866 -19.0142 -26.2863 -73.0669
10.5614 29.0467 -43.152 -19.1048 -26.4012 -73.1145
10.4657 28.9144 -43.5177 -19.1957 -26.5165 -73.162
10.3695 28.7816 -43.8837 -19.2869 -26.6322 -73.2091
10.2728 28.6481 -44.2498 -19.3785 -26.7482 -73.256
10.1757 28.5141 -44.6162 -19.4704 -26.8646 -73.3025
10.0781 28.3795 -44.9829 -19.5626 -26.9813 -73.3488
9.98008 28.2443 -45.3497 -19.6552 -27.0985 -73.3948
9.88157 28.1085 -45.7168 -19.7481 -27.216 -73.4405
9.78259 27.9721 -46.0841 -19.8414 -27.3339 -73.4859
9.68315 27.8351 -46.4517 -19.9351 -27.4522 -73.531
9.58324 27.6976 -46.8194 -20.0291 -27.5709 -73.5758
9.48286 27.5594 -47.1874 -20.1234 -27.6899 -73.6203
9.38201 27.4207 -47.5556 -20.2181 -27.8094 -73.6645
9.28068 27.2813 -47.9241 -20.3132 -27.9292 -73.7084
9.17888 27.1414 -48.2927 -20.4086 -28.0494 -73.7519
9.07659 27.0008 -48.6616 -20.5043 -28.17 -73.7951
8.97383 26.8597 -49.0307 -20.6005 -28.291 -73.838
8.87059 26.7179 -49.4 -20.697 -28.4124 -73.8806
8.76686 26.5756 -49.7695 -20.7938 -28.5342 -73.9228
8.66265 26.4326 -50.1392 -20.891 -28.6563 -73.9647
8.55795 26.289 -50.5091 -20.9886 -28.7789 -74.0062
8.45277 26.1448 -50.8793 -21.0866 -28.9019 -74.0474
8.34709 26 -51.2496 -21.1849 -29.0253 -74.0883
8.24092 25.8546 -51.6201 -21.2836 -29.149 -74.1288
8.13425 25.7085 -51.9909 -21.3827 -29.2732 -74.1689
8.02709 25.5618 -52.3618 -21.4822 -29.3978 -74.2087
7.91943 25.4145 -52.733 -21.582 -29.5228 -74.2481
7.81127 25.2666 -53.1043 -21.6822 -29.6481 -74.2871
7.70261 25.118 -53.4758 -21.7828 -29.7739 -74.3257
7.59344 24.9689 -53.8476 -21.8838 -29.9001 -74.364
7.48377 24.819 -54.2195 -21.9851 -30.0267 -74.4019
7.37359 24.6686 -54.5916 -22.0869 -30.1538 -74.4394
7.2629 24.5175 -54.9639 -22.189 -30.2812 -74.4765
7.1517 24.3658 -55.3364 -22.2915 -30.409 -74.5132
7.03998 24.2134 -55.709 -22.3945 -30.5373 -74.5495
6.92775 24.0604 -56.0818 -22.4978 -30.666 -74.5854
6.81501 23.9067 -56.4549 -22.6015 -30.7951 -74.6208
6.70174 23.7524 -56.8281 -22.7056 -30.9246 -74.6559
6.58795 23.5975 -57.2014 -22.8101 -31.0546 -74.6906
6.47364 23.4419 -57.575 -22.915 -31.1849 -74.7248
6.3588 23.2857 -57.9487 -23.0203 -31.3157 -74.7586
6.24344 23.1287 -58.3225 -23.126 -31.4469 -74.7919
6.12754 22.9712 -58.6966 -23.2321 -31.5786 -74.8248
6.01112 22.813 -59.0708 -23.3387 -31.7107 -74.8573
5.89415 22.6541 -59.4452 -23.4456 -31.8432 -74.8893
5.77666 22.4945 -59.8197 -23.553 -31.9761 -74.9209
5.65863 22.3343 -60.1944 -23.6607 -32.1095 -74.952
5.54005 22.1734 -60.5692 -23.7689 -32.2433 -74.9826
5.42094 22.0119 -60.9442 -23.8775 -32.3775 -75.0128
5.30128 21.8497 -61.3193 -23.9865 -32.5122 -75.0425
5.18107 21.6868 -61.6946 -24.096 -32.6473 -75.0717
5.06032 21.5232 -62.0701 -24.2059 -32.7829 -75.1005
4.93901 21.3589 -62.4456 -24.3162 -32.9189 -75.1287
4.81716 21.194 -62.8213 -24.4269 -33.0553 -75.1565
4.69474 21.0284 -63.1972 -24.538 -33.1922 -75.1837
4.57178 20.8621 -63.5732 -24.6496 -33.3295 -75.2105
4.44825 20.6951 -63.9493 -24.7616 -33.4673 -75.2367
4.32416 20.5274 -64.3256 -24.8741 -33.6055 -75.2625
4.19951 20.359 -64.7019 -24.987 -33.7442 -75.2877
4.07429 20.19 -65.0784 -25.1003 -33.8833 -75.3124
3.9485 20.0202 -65.4551 -25.2141 -34.0229 -75.3365
3.82215 19.8497 -65.8318 -25.3283 -34.1629 -75.3601
3.69522 19.6786 -66.2087 -25.443 -34.3034 -75.3832
3.56772 19.5067 -66.5856 -25.5581 -34.4444 -75.4057
3.43964 19.3341 -66.9627 -25.6737 -34.5858 -75.4277
3.31098 19.1608 -67.3399 -25.7897 -34.7277 -75.4491
3.18174 18.9868 -67.7172 -25.9062 -34.87 -75.47
3.05192 18.8121 -68.0946 -26.0231 -35.0128 -75.4903
2.92151 18.6367 -68.4721 -26.1405 -35.1561 -75.51
2.79051 18.4606 -68.8497 -26.2584 -35.2998 -75.5291
2.65893 18.2837 -69.2274 -26.3767 -35.444 -75.5477
2.52675 18.1061 -69.6052 -26.4955 -35.5886 -75.5656
2.39397 17.9278 -69.9831 -26.6147 -35.7338 -75.583
2.2606 17.7488 -70.361 -26.7344 -35.8794 -75.5997
2.12663 17.569 -70.7391 -26.8546 -36.0254 -75.6159
1.99205 17.3885 -71.1172 -26.9753 -36.172 -75.6314
1.85688 17.2073 -71.4954 -27.0964 -36.319 -75.6463
1.72109 17.0254 -71.8736 -27.218 -36.4665 -75.6606
1.5847 16.8427 -72.252 -27.3401 -36.6145 -75.6743
1.44769 16.6592 -72.6304 -27.4626 -36.7629 -75.6873
1.31007 16.475 -73.0088 -27.5857 -36.9119 -75.6997
1.17183 16.2901 -73.3874 -27.7092 -37.0613 -75.7114
1.03298 16.1044 -73.766 -27.8332 -37.2112 -75.7225
0.893502 15.918 -74.1446 -27.9577 -37.3616 -75.7329
0.753401 15.7308 -74.5233 -28.0827 -37.5124 -75.7426
0.612675 15.5429 -74.902 -28.2082 -37.6638 -75.7517
0.471319 15.3542 -75.2808 -28.3342 -37.8156 -75.76
0.329333 15.1647 -75.6596 -28.4607 -37.968 -75.7677
0.186713 14.9745 -76.0385 -28.5876 -38.1208 -75.7747
0.043457 14.7835 -76.4174 -28.7151 -38.2741 -75.781
-0.100438 14.5917 -76.7963 -28.8431 -38.4279 -75.7866
-0.244973 14.3992 -77.1752 -28.9715 -38.5822 -75.7915
-0.390153 14.2059 -77.5542 -29.1005 -38.737 -75.7957
-0.535978 14.0118 -77.9332 -29.23 -38.8923 -75.7991
-0.682453 13.817 -78.3122 -29.36 -39.0481 -75.8018
-0.829578 13.6214 -78.6912 -29.4905 -39.2043 -75.8038
-0.977357 13.4249 -79.0702 -29.6215 -39.3611 -75.805
-1.12579 13.2277 -79.4493 -29.753 -39.5184 -75.8055
-1.27489 13.0298 -79.8283 -29.8851 -39.6762 -75.8052
-1.42464 12.831 -80.2073 -30.0176 -39.8344 -75.8042
-1.57506 12.6314 -80.5863 -30.1507 -39.9932 -75.8023
-1.72615 12.4311 -80.9653 -30.2843 -40.1525 -75.7998
-1.87791 12.2299 -81.3443 -30.4184 -40.3123 -75.7964
-2.03033 12.0279 -81.7233 -30.5531 -40.4725 -75.7922
-2.18344 11.8252 -82.1023 -30.6882 -40.6333 -75.7872
-2.33722 11.6216 -82.4812 -30.8239 -40.7946 -75.7815
-2.49168 11.4172 -82.8601 -30.9602 -40.9564 -75.7749
-2.64682 11.212 -83.2389 -31.0969 -41.1187 -75.7675
-2.80264 11.006 -83.6177 -31.2342 -41.2815 -75.7593
-2.95916 10.7992 -83.9965 -31.372 -41.4449 -75.7502
-3.11636 10.5916 -84.3753 -31.5103 -41.6087 -75.7403
-3.27426 10.3831 -84.7539 -31.6492 -41.773 -75.7296
-3.43286 10.1739 -85.1325 -31.7886 -41.9379 -75.718
-3.59215 9.96376 -85.5111 -31.9286 -42.1032 -75.7055
-3.75214 9.75283 -85.8896 -32.0691 -42.2691 -75.6922
-3.91284 9.54107 -86.268 -32.2101 -42.4355 -75.678
-4.07424 9.32847 -86.6464 -32.3517 -42.6023 -75.6629
-4.23635 9.11504 -87.0247 -32.4938 -42.7697 -75.6469
-4.39918 8.90077 -87.4029 -32.6364 -42.9376 -75.63
-4.56272 8.68567 -87.781 -32.7796 -43.1061 -75.6123
-4.72697 8.46971 -88.159 -32.9234 -43.275 -75.5936
-4.89195 8.25292 -88.5369 -33.0676 -43.4444 -75.574
-5.05765 8.03527 -88.9147 -33.2125 -43.6144 -75.5534
-5.22407 7.81677 -89.2924 -33.3579 -43.7849 -75.532
-5.39123 7.59742 -89.67 -33.5038 -43.9558 -75.5095
-5.55911 7.37721 -90.0475 -33.6503 -44.1273 -75.4862
-5.72773 7.15615 -90.4249 -33.7973 -44.2993 -75.4619
-5.89708 6.93422 -90.8021 -33.9449 -44.4719 -75.4366
-6.06718 6.71143 -91.1793 -34.093 -44.6449 -75.4103
-6.23801 6.48777 -91.5563 -34.2417 -44.8184 -75.3831
-6.4096 6.26325 -91.9331 -34.391 -44.9925 -75.3549
-6.58192 6.03785 -92.3098 -34.5408 -45.167 -75.3256
-6.755 5.81158 -92.6864 -34.6911 -45.3421 -75.2954
-6.92883 5.58443 -93.0628 -34.842 -45.5177 -75.2642
-7.10342 5.3564 -93.439 -34.9935 -45.6938 -75.2319
-7.27877 5.12749 -93.8151 -35.1455 -45.8704 -75.1986
-7.45488 4.8977 -94.191 -35.2981 -46.0475 -75.1643
-7.63175 4.66702 -94.5667 -35.4512 -46.2251 -75.129
-7.80939 4.43545 -94.9423 -35.6049 -46.4032 -75.0925
-7.9878 4.20298 -95.3176 -35.7592 -46.5818 -75.0551
-8.16698 3.96963 -95.6928 -35.914 -46.761 -75.0165
-8.34694 3.73537 -96.0678 -36.0693 -46.9406 -74.9769
-8.52767 3.50022 -96.4426 -36.2253 -47.1207 -74.9362
-8.70919 3.26417 -96.8172 -36.3817 -47.3014 -74.8944
-8.89149 3.02721 -97.1915 -36.5388 -47.4825 -74.8515
-9.07458 2.78934 -97.5657 -36.6964 -47.6642 -74.8075
-9.25845 2.55057 -97.9396 -36.8545 -47.8463 -74.7623
-9.44312 2.31088 -98.3133 -37.0132 -48.029 -74.7161
-9.62858 2.07028 -98.6868 -37.1725 -48.2121 -74.6687
-9.81485 1.82876 -99.06 -37.3323 -48.3958 -74.6201
-10.0019 1.58632 -99.433 -37.4927 -48.5799 -74.5704
-10.1898 1.34296 -99.8057 -37.6536 -48.7645 -74.5196
-10.3784 1.09868 -100.178 -37.8151 -48.9496 -74.4675
-10.5679 0.853464 -100.55 -37.9772 -49.1352 -74.4143
-10.7582 0.607323 -100.922 -38.1398 -49.3213 -74.3599
-10.9493 0.360251 -101.294 -38.3029 -49.5079 -74.3043
-11.1412 0.112244 -101.665 -38.4666 -49.695 -74.2475
-11.334 -0.136699 -102.036 -38.6309 -49.8825 -74.1895
-11.5276 -0.386581 -102.407 -38.7957 -50.0706 -74.1303
-11.7219 -0.637404 -102.778 -38.9611 -50.2591 -74.0698
-11.9172 -0.889171 -103.148 -39.127 -50.4481 -74.0081
-12.1132 -1.14188 -103.518 -39.2934 -50.6375 -73.9451
-12.3101 -1.39555 -103.887 -39.4604 -50.8275 -73.8809
-12.5078 -1.65016 -104.257 -39.628 -51.0179 -73.8154
-12.7064 -1.90572 -104.626 -39.7961 -51.2087 -73.7487
-12.9058 -2.16225 -104.994 -39.9647 -51.4001 -73.6806
-13.106 -2.41972 -105.362 -40.1339 -51.5919 -73.6113
-13.3071 -2.67816 -105.73 -40.3036 -51.7842 -73.5406
-13.5091 -2.93757 -106.098 -40.4739 -51.9769 -73.4686
-13.7119 -3.19793 -106.465 -40.6447 -52.1701 -73.3953
-13.9155 -3.45927 -106.832 -40.8161 -52.3637 -73.3207
-14.12 -3.72157 -107.198 -40.9879 -52.5578 -73.2447
-14.3254 -3.98484 -107.564 -41.1603 -52.7523 -73.1674
-14.5316 -4.24909 -107.93 -41.3333 -52.9473 -73.0887
-14.7387 -4.51432 -108.295 -41.5067 -53.1427 -73.0087
-14.9467 -4.78052 -108.66 -41.6807 -53.3385 -72.9272
-15.1555 -5.0477 -109.024 -41.8552 -53.5348 -72.8444
-15.3652 -5.31586 -109.388 -42.0303 -53.7315 -72.7602
-15.5758 -5.58501 -109.752 -42.2058 -53.9286 -72.6745
-15.7873 -5.85515 -110.115 -42.3819 -54.1262 -72.5875
-15.9996 -6.12628 -110.478 -42.5585 -54.3241 -72.499
-16.2129 -6.39839 -110.84 -42.7356 -54.5225 -72.4091
-16.427 -6.6715 -111.202 -42.9132 -54.7213 -72.3177
-16.642 -6.9456 -111.563 -43.0913 -54.9205 -72.2249
-16.8579 -7.2207 -111.924 -43.27 -55.1202 -72.1306
-17.0747 -7.4968 -112.285 -43.4491 -55.3202 -72.0348
-17.2924 -7.77391 -112.644 -43.6287 -55.5206 -71.9376
-17.511 -8.05201 -113.004 -43.8088 -55.7214 -71.8388
-17.7305 -8.33112 -113.363 -43.9894 -55.9226 -71.7385
-17.9509 -8.61124 -113.721 -44.1706 -56.1241 -71.6368
-18.1722 -8.89236 -114.079 -44.3521 -56.3261 -71.5335
-18.3944 -9.1745 -114.437 -44.5342 -56.5284 -71.4286
-18.6175 -9.45764 -114.794 -44.7168 -56.731 -71.3223
-18.8416 -9.7418 -115.15 -44.8998 -56.9341 -71.2143
-19.0665 -10.027 -115.506 -45.0833 -57.1375 -71.1048
-19.2924 -10.3132 -115.861 -45.2672 -57.3412 -70.9937
-19.5192 -10.6004 -116.216 -45.4517 -57.5453 -70.8811
-19.7469 -10.8886 -116.57 -45.6366 -57.7498 -70.7668
-19.9756 -11.1779 -116.923 -45.8219 -57.9545 -70.651
-20.2051 -11.4682 -117.276 -46.0077 -58.1596 -70.5335
-20.4356 -11.7595 -117.629 -46.194 -58.3651 -70.4144
-20.6671 -12.0518 -117.98 -46.3806 -58.5708 -70.2937
-20.8994 -12.3452 -118.332 -46.5678 -58.7769 -70.1713
-21.1328 -12.6396 -118.682 -46.7553 -58.9832 -70.0473
-21.367 -12.935 -119.032 -46.9433 -59.1899 -69.9216
-21.6022 -13.2315 -119.381 -47.1317 -59.3968 -69.7942
-21.8383 -13.529 -119.73 -47.3206 -59.6041 -69.6652
-22.0754 -13.8275 -120.078 -47.5098 -59.8116 -69.5344
-22.3134 -14.1271 -120.425 -47.6995 -60.0194 -69.402
-22.5524 -14.4277 -120.772 -47.8896 -60.2275 -69.2678
-22.7923 -14.7294 -121.118 -48.08 -60.4358 -69.132
-23.0332 -15.0321 -121.463 -48.2709 -60.6444 -68.9943
-23.275 -15.3358 -121.808 -48.4622 -60.8532 -68.855
-23.5178 -15.6406 -122.152 -48.6538 -61.0623 -68.7139
-23.7616 -15.9464 -122.495 -48.8458 -61.2716 -68.571
-24.0063 -16.2533 -122.838 -49.0382 -61.4811 -68.4264
-24.2519 -16.5613 -123.179 -49.231 -61.6909 -68.28
-24.4986 -16.8702 -123.52 -49.4241 -61.9008 -68.1317
-24.7462 -17.1803 -123.861 -49.6175 -62.111 -67.9817
-24.9947 -17.4913 -124.2 -49.8114 -62.3213 -67.8299
-25.2443 -17.8035 -124.539 -50.0055 -62.5318 -67.6763
-25.4948 -18.1167 -124.877 -50.2 -62.7426 -67.5208
-25.7463 -18.4309 -125.214 -50.3948 -62.9534 -67.3635
-25.9987 -18.7462 -125.551 -50.59 -63.1645 -67.2043
-26.2522 -19.0625 -125.886 -50.7854 -63.3757 -67.0433
-26.5066 -19.38 -126.221 -50.9812 -63.587 -66.8804
-26.762 -19.6984 -126.555 -51.1773 -63.7985 -66.7157
-27.0184 -20.0179 -126.888 -51.3736 -64.0101 -66.549
-27.2757 -20.3385 -127.221 -51.5703 -64.2218 -66.3805
-27.5341 -20.6602 -127.552 -51.7672 -64.4336 -66.2101
-27.7934 -20.9829 -127.883 -51.9644 -64.6455 -66.0377
-28.0537 -21.3066 -128.212 -52.1619 -64.8575 -65.8634
-28.315 -21.6314 -128.541 -52.3596 -65.0696 -65.6872
-28.5773 -21.9573 -128.869 -52.5576 -65.2817 -65.5091
-28.8406 -22.2842 -129.196 -52.7558 -65.4939 -65.329
-29.1049 -22.6122 -129.523 -52.9543 -65.7062 -65.1469
-29.3701 -22.9413 -129.848 -53.1529 -65.9185 -64.9629
-29.6364 -23.2714 -130.172 -53.3518 -66.1308 -64.7769
-29.9037 -23.6026 -130.496 -53.5509 -66.3432 -64.5889
-30.1719 -23.9349 -130.818 -53.7502 -66.5555 -64.3989
-30.4412 -24.2682 -131.14 -53.9497 -66.7679 -64.207
-30.7114 -24.6025 -131.46 -54.1494 -66.9802 -64.013
-30.9827 -24.938 -131.78 -54.3492 -67.1925 -63.817
-31.2549 -25.2745 -132.098 -54.5492 -67.4048 -63.619
-31.5281 -25.612 -132.416 -54.7494 -67.617 -63.4189
-31.8024 -25.9506 -132.732 -54.9497 -67.8292 -63.2168
-32.0776 -26.2903 -133.048 -55.1502 -68.0413 -63.0126
-32.3539 -26.631 -133.363 -55.3508 -68.2533 -62.8064
-32.6311 -26.9728 -133.676 -55.5515 -68.4652 -62.5981
-32.9094 -27.3157 -133.989 -55.7523 -68.677 -62.3878
-33.1887 -27.6596 -134.3 -55.9532 -68.8887 -62.1753
-33.4689 -28.0046 -134.61 -56.1542 -69.1003 -61.9608
-33.7502 -28.3506 -134.92 -56.3552 -69.3117 -61.7442
-34.0325 -28.6977 -135.228 -56.5564 -69.523 -61.5255
-34.3158 -29.0458 -135.535 -56.7576 -69.7341 -61.3047
-34.6001 -29.395 -135.841 -56.9588 -69.945 -61.0817
-34.8854 -29.7453 -136.146 -57.1601 -70.1558 -60.8566
-35.1717 -30.0966 -136.449 -57.3614 -70.3663 -60.6294
-35.459 -30.4489 -136.752 -57.5628 -70.5766 -60.4001
-35.7473 -30.8024 -137.053 -57.7641 -70.7867 -60.1686
-36.0366 -31.1568 -137.354 -57.9654 -70.9965 -59.935
-36.3269 -31.5123 -137.653 -58.1667 -71.2061 -59.6992
-36.6183 -31.8689 -137.951 -58.368 -71.4154 -59.4613
-36.9106 -32.2265 -138.247 -58.5693 -71.6244 -59.2211
-37.204 -32.5851 -138.543 -58.7705 -71.8331 -58.9789
-37.4983 -32.9448 -138.837 -58.9716 -72.0415 -58.7344
-37.7937 -33.3055 -139.13 -59.1727 -72.2496 -58.4877
-38.0901 -33.6673 -139.422 -59.3736 -72.4573 -58.2389
-38.3874 -34.0301 -139.713 -59.5745 -72.6647 -57.9879
-38.6858 -34.3939 -140.002 -59.7753 -72.8717 -57.7346
-38.9852 -34.7588 -140.29 -59.9759 -73.0783 -57.4792
-39.2856 -35.1247 -140.577 -60.1764 -73.2846 -57.2215
-39.5869 -35.4917 -140.862 -60.3768 -73.4904 -56.9617
-39.8893 -35.8596 -141.146 -60.577 -73.6957 -56.6996
-40.1927 -36.2286 -141.429 -60.7771 -73.9007 -56.4353
-40.4971 -36.5986 -141.711 -60.9769 -74.1051 -56.1688
-40.8025 -36.9697 -141.991 -61.1766 -74.3091 -55.9
-41.1089 -37.3417 -142.27 -61.376 -74.5126 -55.629
-41.4162 -37.7148 -142.547 -61.5753 -74.7156 -55.3558
-41.7246 -38.0889 -142.823 -61.7743 -74.9181 -55.0803
-42.034 -38.464 -143.098 -61.973 -75.12 -54.8026
-42.3443 -38.8401 -143.371 -62.1715 -75.3214 -54.5227
-42.6557 -39.2172 -143.643 -62.3697 -75.5222 -54.2405
-42.968 -39.5953 -143.914 -62.5677 -75.7225 -53.956
-43.2814 -39.9744 -144.183 -62.7653 -75.9221 -53.6693
-43.5957 -40.3545 -144.45 -62.9626 -76.1211 -53.3804
-43.911 -40.7356 -144.717 -63.1596 -76.3195 -53.0891
-44.2273 -41.1177 -144.981 -63.3563 -76.5172 -52.7957
-44.5446 -41.5008 -145.244 -63.5526 -76.7142 -52.5
-44.8628 -41.8849 -145.506 -63.7485 -76.9106 -52.202
-45.182 -42.2699 -145.766 -63.9441 -77.1063 -51.9017
-45.5023 -42.6559 -146.025 -64.1392 -77.3012 -51.5992
-45.8234 -43.0429 -146.282 -64.334 -77.4954 -51.2945
-46.1456 -43.4309 -146.538 -64.5283 -77.6889 -50.9874
-46.4687 -43.8198 -146.792 -64.7222 -77.8816 -50.6782
-46.7928 -44.2097 -147.045 -64.9156 -78.0735 -50.3666
-47.1179 -44.6005 -147.296 -65.1086 -78.2646 -50.0528
-47.4439 -44.9923 -147.546 -65.3011 -78.4549 -49.7368
-47.7709 -45.3851 -147.793 -65.4931 -78.6443 -49.4184
-48.0988 -45.7788 -148.04 -65.6846 -78.8329 -49.0979
-48.4277 -46.1734 -148.284 -65.8756 -79.0206 -48.775
-48.7576 -46.569 -148.527 -66.066 -79.2075 -48.4499
-49.0884 -46.9655 -148.769 -66.2559 -79.3934 -48.1226
-49.4201 -47.3629 -149.009 -66.4452 -79.5784 -47.793
-49.7528 -47.7613 -149.247 -66.6339 -79.7624 -47.4612
-50.0865 -48.1605 -149.483 -66.8221 -79.9455 -47.1271
-50.4211 -48.5607 -149.718 -67.0096 -80.1276 -46.7908
-50.7566 -48.9618 -149.951 -67.1965 -80.3087 -46.4523
-51.093 -49.3638 -150.183 -67.3828 -80.4888 -46.1115
-51.4304 -49.7667 -150.412 -67.5684 -80.6679 -45.7685
-51.7687 -50.1705 -150.64 -67.7533 -80.8459 -45.4232
-52.1079 -50.5752 -150.867 -67.9376 -81.0228 -45.0758
-52.4481 -50.9807 -151.091 -68.1212 -81.1987 -44.7261
-52.7891 -51.3871 -151.314 -68.304 -81.3734 -44.3742
-53.1311 -51.7944 -151.535 -68.4862 -81.5471 -44.0201
-53.474 -52.2026 -151.754 -68.6676 -81.7195 -43.6639
-53.8178 -52.6116 -151.971 -68.8482 -81.8909 -43.3054
-54.1625 -53.0215 -152.187 -69.0281 -82.061 -42.9447
-54.5081 -53.4323 -152.401 -69.2071 -82.23 -42.5818
-54.8546 -53.8438 -152.613 -69.3854 -82.3977 -42.2168
-55.2019 -54.2562 -152.823 -69.5629 -82.5642 -41.8496
-55.5502 -54.6695 -153.031 -69.7396 -82.7295 -41.4802
-55.8993 -55.0835 -153.238 -69.9154 -82.8935 -41.1087
-56.2493 -55.4984 -153.442 -70.0903 -83.0562 -40.735
-56.6002 -55.9141 -153.645 -70.2644 -83.2176 -40.3592
-56.952 -56.3306 -153.846 -70.4376 -83.3777 -39.9813
-57.3046 -56.7479 -154.045 -70.6099 -83.5364 -39.6012
-57.6581 -57.1659 -154.242 -70.7813 -83.6938 -39.219
-58.0124 -57.5848 -154.437 -70.9517 -83.8498 -38.8347
-58.3676 -58.0044 -154.63 -71.1212 -84.0044 -38.4483
-58.7236 -58.4248 -154.822 -71.2898 -84.1576 -38.0598
-59.0805 -58.846 -155.011 -71.4574 -84.3094 -37.6692
-59.4382 -59.2679 -155.198 -71.624 -84.4597 -37.2766
-59.7967 -59.6906 -155.384 -71.7896 -84.6085 -36.8818
-60.1561 -60.114 -155.567 -71.9542 -84.7559 -36.4851
-60.5163 -60.5382 -155.749 -72.1178 -84.9018 -36.0863
-60.8773 -60.963 -155.928 -72.2803 -85.0461 -35.6854
-61.2391 -61.3886 -156.105 -72.4418 -85.189 -35.2826
-61.6017 -61.8149 -156.281 -72.6022 -85.3302 -34.8777
-61.9651 -62.2419 -156.454 -72.7615 -85.4699 -34.4708
-62.3293 -62.6696 -156.626 -72.9198 -85.608 -34.0619
-62.6943 -63.098 -156.795 -73.0769 -85.7446 -33.651
-63.0601 -63.5271 -156.962 -73.233 -85.8794 -33.2382
-63.4266 -63.9568 -157.127 -73.3879 -86.0127 -32.8234
-63.794 -64.3872 -157.29 -73.5416 -86.1443 -32.4067
-64.162 -64.8182 -157.451 -73.6943 -86.2742 -31.988
-64.5309 -65.2499 -157.61 -73.8457 -86.4025 -31.5674
-64.9005 -65.6823 -157.767 -73.996 -86.529 -31.1449
-65.2709 -66.1152 -157.922 -74.145 -86.6538 -30.7205
-65.642 -66.5488 -158.074 -74.2929 -86.7769 -30.2942
-66.0138 -66.983 -158.225 -74.4395 -86.8983 -29.866
-66.3864 -67.4178 -158.373 -74.585 -87.0178 -29.436
-66.7596 -67.8532 -158.519 -74.7291 -87.1356 -29.0041
-67.1336 -68.2891 -158.663 -74.8721 -87.2516 -28.5704
-67.5084 -68.7257 -158.805 -75.0137 -87.3658 -28.1348
-67.8838 -69.1628 -158.944 -75.1541 -87.4782 -27.6974
-68.2599 -69.6005 -159.082 -75.2932 -87.5887 -27.2582
-68.6367 -70.0387 -159.217 -75.431 -87.6974 -26.8172
-69.0142 -70.4774 -159.35 -75.5675 -87.8042 -26.3744
-69.3924 -70.9167 -159.481 -75.7027 -87.9091 -25.9299
-69.7712 -71.3565 -159.609 -75.8366 -88.0121 -25.4836
-70.1508 -71.7968 -159.735 -75.9691 -88.1132 -25.0355
-70.5309 -72.2377 -159.859 -76.1002 -88.2124 -24.5857
-70.9118 -72.679 -159.981 -76.23 -88.3097 -24.1342
-71.2932 -73.1208 -160.101 -76.3584 -88.405 -23.6809
-71.6753 -73.563 -160.218 -76.4854 -88.4984 -23.226
-72.0581 -74.0057 -160.333 -76.611 -88.5898 -22.7694
-72.4414 -74.4489 -160.446 -76.7352 -88.6792 -22.3111
-72.8254 -74.8925 -160.556 -76.858 -88.7667 -21.8511
-73.21 -75.3366 -160.664 -76.9794 -88.8521 -21.3894
-73.5952 -75.7811 -160.77 -77.0993 -88.9356 -20.9261
-73.981 -76.2259 -160.874 -77.2177 -89.017 -20.4612
-74.3674 -76.6712 -160.975 -77.3347 -89.0964 -19.9946
-74.7544 -77.1169 -161.073 -77.4502 -89.1738 -19.5264
-75.1419 -77.563 -161.17 -77.5642 -89.2491 -19.0566
-75.53 -78.0094 -161.264 -77.6767 -89.3224 -18.5852
-75.9187 -78.4562 -161.356 -77.7877 -89.3937 -18.1122
-76.3079 -78.9033 -161.445 -77.8971 -89.4629 -17.6376
-76.6976 -79.3508 -161.532 -78.005 -89.53 -17.1615
-77.0879 -79.7986 -161.617 -78.1113 -89.5951 -16.6837
-77.4788 -80.2468 -161.699 -78.216 -89.6581 -16.2045
-77.8701 -80.6952 -161.779 -78.3192 -89.7191 -15.7237
-78.262 -81.144 -161.856 -78.4207 -89.778 -15.2413
-78.6543 -81.593 -161.931 -78.5206 -89.8348 -14.7574
-79.0472 -82.0423 -162.004 -78.6189 -89.8896 -14.272
-79.4405 -82.4919 -162.074 -78.7155 -89.9423 -13.7851
-79.8343 -82.9417 -162.142 -78.8104 -89.993 -13.2967
-80.2286 -83.3918 -162.207 -78.9036 -90.0416 -12.8069
-80.6234 -83.8421 -162.27 -78.995 -90.0881 -12.3155
-81.0186 -84.2927 -162.33 -79.0848 -90.1326 -11.8227
-81.4142 -84.7435 -162.388 -79.1727 -90.1751 -11.3285
-81.8103 -85.1945 -162.443 -79.2588 -90.2155 -10.8328
-82.2068 -85.6456 -162.496 -79.3432 -90.254 -10.3357
-82.6037 -86.097 -162.547 -79.4256 -90.2904 -9.83727
-83.001 -86.5485 -162.595 -79.5062 -90.3248 -9.33742
-83.3988 -87.0002 -162.64 -79.5849 -90.3573 -8.83621
-83.7969 -87.4521 -162.683 -79.6616 -90.3878 -8.33368
-84.1954 -87.9041 -162.723 -79.7364 -90.4163 -7.82983
-84.5943 -88.3563 -162.761 -79.8091 -90.4429 -7.32471
-84.9935 -88.8086 -162.797 -79.8798 -90.4676 -6.81834
-85.3931 -89.261 -162.83 -79.9485 -90.4904 -6.31075
-85.793 -89.7135 -162.86 -80.015 -90.5112 -5.80198
-86.1932 -90.1661 -162.888 -80.0794 -90.5303 -5.29207
-86.5938 -90.6188 -162.913 -80.1417 -90.5474 -4.78105
-86.9946 -91.0715 -162.935 -80.2017 -90.5627 -4.26897
-87.3958 -91.5244 -162.955 -80.2595 -90.5763 -3.75588
-87.7972 -91.9773 -162.973 -80.315 -90.588 -3.24183
-88.1989 -92.4303 -162.988 -80.3682 -90.5979 -2.72687
-88.6009 -92.8833 -163 -80.419 -90.6061 -2.21107
-89.0031 -93.3363 -163.01 -80.4675 -90.6125 -1.69447
-89.4056 -93.7894 -163.017 -80.5135 -90.6172 -1.17716
-89.8083 -94.2425 -163.022 -80.5571 -90.6202 -0.659184
-90.2111 -94.6956 -163.024 -80.5983 -90.6215 -0.140627
-90.6142 -95.1487 -163.023 -80.6369 -90.6211 0.378442
-91.0175 -95.6018 -163.02 -80.673 -90.6191 0.897946
-91.421 -96.0549 -163.014 -80.7066 -90.6153 1.41781
-91.8246 -96.508 -163.006 -80.7376 -90.6099 1.93795
-92.2283 -96.961 -162.995 -80.7661 -90.6029 2.45828
-92.6322 -97.414 -162.981 -80.7919 -90.5942 2.97873
-93.0363 -97.867 -162.965 -80.8151 -90.5839 3.4992
-93.4404 -98.3199 -162.946 -80.8358 -90.5719 4.01962
-93.8446 -98.7727 -162.925 -80.8538 -90.5582 4.5399
-94.2489 -99.2254 -162.901 -80.8692 -90.543 5.05995
-94.6533 -99.6781 -162.874 -80.882 -90.526 5.5797
-95.0577 -100.131 -162.845 -80.8922 -90.5074 6.09905
-95.4622 -100.583 -162.813 -80.8998 -90.4872 6.61794
-95.8667 -101.036 -162.779 -80.9049 -90.4652 7.13627
-96.2713 -101.488 -162.742 -80.9073 -90.4416 7.65398
-96.6758 -101.94 -162.702 -80.9072 -90.4163 8.17099
-97.0804 -102.392 -162.66 -80.9046 -90.3892 8.68722
-97.4849 -102.844 -162.615 -80.8995 -90.3604 9.20262
-97.8893 -103.296 -162.568 -80.8919 -90.3299 9.71711
-98.2938 -103.747 -162.518 -80.8819 -90.2976 10.2306
-98.6982 -104.199 -162.466 -80.8694 -90.2635 10.7431
-99.1025 -104.65 -162.411 -80.8545 -90.2277 11.2546
-99.5067 -105.101 -162.353 -80.8372 -90.19 11.7648
-99.9109 -105.552 -162.293 -80.8176 -90.1505 12.2739
-100.315 -106.002 -162.231 -80.7957 -90.1092 12.7818
-100.719 -106.453 -162.165 -80.7716 -90.066 13.2884
-101.123 -106.903 -162.098 -80.7451 -90.0209 13.7937
-101.526 -107.353 -162.027 -80.7165 -89.974 14.2977
-101.93 -107.803 -161.955 -80.6857 -89.9252 14.8003
-102.333 -108.252 -161.879 -80.6528 -89.8744 15.3015
-102.736 -108.702 -161.802 -80.6177 -89.8218 15.8012
-103.139 -109.151 -161.721 -80.5805 -89.7672 16.2995
-103.542 -109.599 -161.639 -80.5413 -89.7107 16.7963
-103.945 -110.048 -161.553 -80.5001 -89.6522 17.2916
-104.347 -110.496 -161.466 -80.4568 -89.5918 17.7854
-104.749 -110.944 -161.376 -80.4116 -89.5295 18.2776
-105.151 -111.391 -161.283 -80.3645 -89.4652 18.7683
-105.553 -111.838 -161.188 -80.3154 -89.3989 19.2574
-105.954 -112.285 -161.09 -80.2644 -89.3307 19.745
-106.356 -112.732 -160.99 -80.2116 -89.2605 20.2309
-106.756 -113.178 -160.888 -80.157 -89.1883 20.7152
-107.157 -113.623 -160.783 -80.1005 -89.1142 21.1979
-107.557 -114.069 -160.676 -80.0422 -89.0381 21.679
-107.958 -114.514 -160.567 -79.9821 -88.9601 22.1584
-108.357 -114.958 -160.455 -79.9203 -88.8801 22.6362
-108.757 -115.403 -160.34 -79.8568 -88.7981 23.1124
-109.156 -115.846 -160.223 -79.7915 -88.7142 23.5868
-109.555 -116.29 -160.104 -79.7246 -88.6284 24.0596
-109.953 -116.733 -159.983 -79.6559 -88.5406 24.5307
-110.351 -117.175 -159.859 -79.5856 -88.4509 25.0002
-110.749 -117.617 -159.733 -79.5137 -88.3593 25.4679
-111.146 -118.059 -159.604 -79.4401 -88.2658 25.934
-111.543 -118.5 -159.474 -79.3649 -88.1704 26.3983
-111.94 -118.94 -159.34 -79.2882 -88.0731 26.861
-112.336 -119.381 -159.205 -79.2098 -87.974 27.3219
-112.732 -119.82 -159.067 -79.1299 -87.8729 27.781
-113.128 -120.259 -158.927 -79.0484 -87.77 28.2385
-113.523 -120.698 -158.785 -78.9654 -87.6653 28.6942
-113.917 -121.136 -158.64 -78.8808 -87.5587 29.1482
-114.311 -121.573 -158.493 -78.7948 -87.4504 29.6004
-114.705 -122.01 -158.344 -78.7072 -87.3402 30.0508
-115.098 -122.447 -158.193 -78.6182 -87.2282 30.4995
-115.491 -122.883 -158.039 -78.5277 -87.1145 30.9464
-115.884 -123.318 -157.883 -78.4357 -86.999 31.3915
-116.276 -123.753 -157.725 -78.3423 -86.8817 31.8349
-116.667 -124.187 -157.565 -78.2475 -86.7627 32.2764
-117.058 -124.62 -157.402 -78.1512 -86.642 32.7161
-117.449 -125.053 -157.238 -78.0535 -86.5196 33.1541
-117.839 -125.486 -157.071 -77.9544 -86.3955 33.5902
-118.228 -125.917 -156.902 -77.854 -86.2698 34.0244
-118.617 -126.348 -156.731 -77.7522 -86.1424 34.4569
-119.006 -126.779 -156.557 -77.649 -86.0133 34.8875
-119.394 -127.208 -156.382 -77.5444 -85.8826 35.3162
-119.781 -127.637 -156.204 -77.4386 -85.7503 35.7431
-120.168 -128.066 -156.024 -77.3314 -85.6164 36.1682
-120.555 -128.494 -155.842 -77.2229 -85.481 36.5913
-120.94 -128.921 -155.658 -77.1131 -85.344 37.0126
-121.326 -129.347 -155.472 -77.002 -85.2054 37.432
-121.71 -129.773 -155.284 -76.8896 -85.0653 37.8495
-122.095 -130.198 -155.094 -76.776 -84.9237 38.2651
-122.478 -130.622 -154.902 -76.6611 -84.7806 38.6788
-122.861 -131.046 -154.707 -76.5449 -84.636 39.0906
-123.244 -131.468 -154.511 -76.4276 -84.49 39.5004
-123.625 -131.89 -154.312 -76.309 -84.3425 39.9084
-124.007 -132.312 -154.112 -76.1892 -84.1936 40.3143
-124.387 -132.732 -153.909 -76.0683 -84.0433 40.7184
-124.767 -133.152 -153.704 -75.9461 -83.8916 41.1205
-125.147 -133.571 -153.498 -75.8228 -83.7386 41.5206
-125.526 -133.99 -153.289 -75.6984 -83.5841 41.9188
-125.904 -134.407 -153.079 -75.5727 -83.4284 42.315
-126.281 -134.824 -152.866 -75.446 -83.2713 42.7093
-126.658 -135.24 -152.651 -75.3182 -83.1129 43.1015
-127.035 -135.655 -152.435 -75.1892 -82.9532 43.4918
-127.41 -136.069 -152.217 -75.0591 -82.7922 43.8801
-127.785 -136.483 -151.996 -74.928 -82.63 44.2664
-128.159 -136.896 -151.774 -74.7958 -82.4665 44.6507
-128.533 -137.308 -151.55 -74.6625 -82.3019 45.0329
-128.906 -137.719 -151.324 -74.5282 -82.136 45.4132
-129.278 -138.129 -151.096 -74.3929 -81.9689 45.7914
-129.65 -138.538 -150.866 -74.2566 -81.8007 46.1677
-130.021 -138.947 -150.634 -74.1192 -81.6313 46.5419
-130.391 -139.355 -150.4 -73.9809 -81.4608 46.914
-130.761 -139.762 -150.165 -73.8415 -81.2891 47.2842
-131.13 -140.168 -149.927 -73.7012 -81.1164 47.6523
-131.498 -140.573 -149.688 -73.56 -80.9425 48.0183
-131.865 -140.977 -149.447 -73.4178 -80.7676 48.3823
-132.232 -141.38 -149.204 -73.2747 -80.5917 48.7443
-132.598 -141.783 -148.96 -73.1306 -80.4147 49.1042
-132.963 -142.185 -148.713 -72.9857 -80.2367 49.462
-133.328 -142.585 -148.465 -72.8398 -80.0577 49.8178
-133.692 -142.985 -148.215 -72.6931 -79.8777 50.1715
-134.055 -143.384 -147.963 -72.5455 -79.6967 50.5232
-134.417 -143.782 -147.71 -72.3971 -79.5148 50.8728
-134.779 -144.179 -147.455 -72.2478 -79.3319 51.2203
-135.14 -144.575 -147.198 -72.0976 -79.1481 51.5658
-135.5 -144.971 -146.939 -71.9467 -78.9634 51.9092
-135.859 -145.365 -146.679 -71.795 -78.7779 52.2505
-136.218 -145.758 -146.417 -71.6424 -78.5914 52.5897
-136.575 -146.151 -146.153 -71.4891 -78.4041 52.9269
-136.933 -146.542 -145.887 -71.335 -78.216 53.262
-137.289 -146.933 -145.62 -71.1802 -78.027 53.595
-137.644 -147.323 -145.351 -71.0246 -77.8372 53.926
-137.999 -147.711 -145.081 -70.8683 -77.6466 54.2548
-138.353 -148.099 -144.809 -70.7113 -77.4553 54.5816
-138.706 -148.486 -144.535 -70.5535 -77.2631 54.9063
-139.059 -148.872 -144.26 -70.3951 -77.0703 55.229
-139.41 -149.257 -143.983 -70.236 -76.8767 55.5495
-139.761 -149.641 -143.704 -70.0762 -76.6823 55.868
-140.111 -150.024 -143.424 -69.9157 -76.4873 56.1844
-140.46 -150.405 -143.142 -69.7546 -76.2916 56.4987
-140.808 -150.786 -142.859 -69.5929 -76.0952 56.811
-141.156 -151.166 -142.574 -69.4306 -75.8982 57.1212
-141.503 -151.545 -142.288 -69.2676 -75.7005 57.4293
-141.849 -151.923 -142 -69.104 -75.5022 57.7354
-142.194 -152.3 -141.711 -68.9399 -75.3032 58.0393
-142.538 -152.676 -141.42 -68.7752 -75.1037 58.3413
-142.882 -153.052 -141.127 -68.6099 -74.9036 58.6411
-143.224 -153.426 -140.833 -68.444 -74.7029 58.9389
-143.566 -153.799 -140.538 -68.2776 -74.5016 59.2346
-143.907 -154.171 -140.241 -68.1107 -74.2998 59.5283
-144.247 -154.542 -139.942 -67.9433 -74.0975 59.82
-144.586 -154.912 -139.643 -67.7754 -73.8947 60.1096
-144.925 -155.28 -139.341 -67.6069 -73.6913 60.3971
-145.262 -155.648 -139.039 -67.438 -73.4875 60.6826
-145.599 -156.015 -138.735 -67.2686 -73.2832 60.9661
-145.935 -156.381 -138.429 -67.0987 -73.0784 61.2475
-146.27 -156.746 -138.122 -66.9284 -72.8732 61.5269
-146.604 -157.11 -137.814 -66.7577 -72.6675 61.8042
-146.938 -157.473 -137.504 -66.5865 -72.4614 62.0796
-147.27 -157.835 -137.193 -66.4149 -72.2549 62.3529
-147.602 -158.195 -136.88 -66.2429 -72.048 62.6242
-147.933 -158.555 -136.567 -66.0705 -71.8407 62.8935
-148.263 -158.914 -136.252 -65.8977 -71.633 63.1608
-148.592 -159.271 -135.935 -65.7245 -71.425 63.4261
-148.92 -159.628 -135.617 -65.5509 -71.2166 63.6894
-149.247 -159.984 -135.298 -65.377 -71.0079 63.9507
-149.574 -160.338 -134.978 -65.2028 -70.7989 64.21
-149.899 -160.692 -134.656 -65.0282 -70.5895 64.4674
-150.224 -161.044 -134.333 -64.8533 -70.3799 64.7227
-150.548 -161.395 -134.009 -64.678 -70.1699 64.9761
-150.871 -161.746 -133.683 -64.5025 -69.9597 65.2275
-151.193 -162.095 -133.357 -64.3267 -69.7492 65.477
-151.514 -162.443 -133.029 -64.1505 -69.5385 65.7245
-151.834 -162.79 -132.699 -63.9741 -69.3275 65.9701
-152.154 -163.136 -132.369 -63.7974 -69.1163 66.2137
-152.472 -163.482 -132.037 -63.6205 -68.9048 66.4554
-152.79 -163.826 -131.704 -63.4433 -68.6932 66.6952
-153.107 -164.168 -131.37 -63.2659 -68.4813 66.933
-153.423 -164.51 -131.035 -63.0882 -68.2692 67.169
-153.738 -164.851 -130.699 -62.9103 -68.057 67.403
-154.052 -165.191 -130.361 -62.7322 -67.8446 67.6351
-154.365 -165.53 -130.022 -62.5539 -67.632 67.8653
-154.677 -165.867 -129.682 -62.3754 -67.4193 68.0936
-154.989 -166.204 -129.341 -62.1967 -67.2065 68.3201
-155.299 -166.539 -128.999 -62.0179 -66.9935 68.5447
-155.609 -166.874 -128.656 -61.8388 -66.7804 68.7674
-155.918 -167.207 -128.311 -61.6596 -66.5672 68.9882
-156.225 -167.539 -127.966 -61.4803 -66.3539 69.2072
-156.532 -167.871 -127.619 -61.3008 -66.1405 69.4243
-156.838 -168.201 -127.272 -61.1211 -65.927 69.6396
-157.144 -168.53 -126.923 -60.9413 -65.7134 69.8531
-157.448 -168.858 -126.573 -60.7614 -65.4998 70.0647
-157.751 -169.185 -126.222 -60.5814 -65.2861 70.2745
-158.054 -169.511 -125.87 -60.4013 -65.0724 70.4825
-158.355 -169.836 -125.517 -60.2211 -64.8586 70.6887
-158.656 -170.159 -125.164 -60.0408 -64.6448 70.8931
-158.956 -170.482 -124.809 -59.8604 -64.431 71.0957
-159.254 -170.804 -124.453 -59.6799 -64.2172 71.2966
-159.552 -171.124 -124.096 -59.4994 -64.0034 71.4956
-159.849 -171.444 -123.738 -59.3188 -63.7895 71.6929
-160.146 -171.762 -123.379 -59.1382 -63.5757 71.8885
-160.441 -172.079 -123.019 -58.9575 -63.3619 72.0823
-160.735 -172.396 -122.658 -58.7767 -63.1482 72.2743
-161.029 -172.711 -122.296 -58.596 -62.9344 72.4646
-161.321 -173.025 -121.933 -58.4152 -62.7208 72.6532
-161.613 -173.338 -121.569 -58.2344 -62.5071 72.8401
-161.904 -173.65 -121.205 -58.0535 -62.2936 73.0253
-162.193 -173.961 -120.839 -57.8727 -62.0801 73.2087
-162.482 -174.271 -120.473 -57.6919 -61.8666 73.3905
-162.77 -174.58 -120.105 -57.511 -61.6533 73.5706
-163.057 -174.888 -119.737 -57.3302 -61.44 73.749
-163.344 -175.194 -119.368 -57.1494 -61.2269 73.9257
-163.629 -175.5 -118.998 -56.9686 -61.0138 74.1008
