75 50 75 0 0 -49
74.9999 49.9999 74.7549 -0.0504967 -0.0260411 -49.0484
74.9995 49.9997 74.5095 -0.101068 -0.0521255 -49.0968
74.9989 49.9994 74.2639 -0.151715 -0.0782533 -49.1452
74.998 49.999 74.0181 -0.202436 -0.104425 -49.1937
74.9968 49.9984 73.772 -0.253233 -0.13064 -49.2422
74.9954 49.9977 73.5256 -0.304106 -0.156899 -49.2907
74.9938 49.9968 73.2791 -0.355054 -0.183203 -49.3393
74.9919 49.9958 73.0322 -0.406078 -0.209551 -49.3878
74.9897 49.9947 72.7852 -0.457178 -0.235943 -49.4364
74.9873 49.9935 72.5379 -0.508355 -0.262381 -49.4851
74.9847 49.9921 72.2903 -0.559608 -0.288863 -49.5337
74.9817 49.9906 72.0425 -0.610938 -0.315391 -49.5824
74.9785 49.9889 71.7945 -0.662344 -0.341964 -49.6311
74.9751 49.9872 71.5462 -0.713828 -0.368582 -49.6798
74.9714 49.9852 71.2977 -0.765389 -0.395247 -49.7286
74.9675 49.9832 71.049 -0.817028 -0.421957 -49.7774
74.9632 49.981 70.7999 -0.868744 -0.448714 -49.8262
74.9588 49.9787 70.5507 -0.920538 -0.475517 -49.8751
74.954 49.9763 70.3012 -0.972411 -0.502367 -49.9239
74.949 49.9737 70.0514 -1.02436 -0.529263 -49.9729
74.9438 49.971 69.8015 -1.07639 -0.556207 -50.0218
74.9383 49.9681 69.5512 -1.1285 -0.583198 -50.0707
74.9325 49.9651 69.3008 -1.18069 -0.610236 -50.1197
74.9265 49.962 69.05 -1.23295 -0.637322 -50.1687
74.9202 49.9588 68.7991 -1.2853 -0.664456 -50.2178
74.9136 49.9554 68.5479 -1.33772 -0.691638 -50.2668
74.9068 49.9519 68.2964 -1.39023 -0.718868 -50.3159
74.8997 49.9482 68.0447 -1.44281 -0.746147 -50.3651
74.8924 49.9444 67.7928 -1.49548 -0.773474 -50.4142
74.8848 49.9405 67.5406 -1.54822 -0.800851 -50.4634
74.8769 49.9364 67.2881 -1.60105 -0.828276 -50.5126
74.8688 49.9322 67.0354 -1.65396 -0.855751 -50.5618
74.8604 49.9278 66.7825 -1.70695 -0.883276 -50.6111
74.8517 49.9233 66.5293 -1.76002 -0.91085 -50.6604
74.8428 49.9187 66.2759 -1.81317 -0.938474 -50.7097
74.8336 49.914 66.0222 -1.8664 -0.966149 -50.759
74.8241 49.9091 65.7683 -1.91972 -0.993874 -50.8084
74.8144 49.904 65.5141 -1.97312 -1.02165 -50.8578
74.8044 49.8988 65.2597 -2.0266 -1.04948 -50.9072
74.7941 49.8935 65.0051 -2.08016 -1.07735 -50.9567
74.7836 49.8881 64.7502 -2.1338 -1.10528 -51.0062
74.7728 49.8825 64.495 -2.18753 -1.13326 -51.0557
74.7617 49.8767 64.2396 -2.24135 -1.1613 -51.1052
74.7503 49.8709 63.984 -2.29524 -1.18938 -51.1548
74.7387 49.8648 63.7281 -2.34922 -1.21752 -51.2044
74.7269 49.8587 63.4719 -2.40329 -1.24571 -51.254
74.7147 49.8524 63.2155 -2.45743 -1.27395 -51.3036
74.7023 49.8459 62.9589 -2.51167 -1.30224 -51.3533
74.6896 49.8394 62.702 -2.56599 -1.33059 -51.403
74.6766 49.8326 62.4448 -2.62039 -1.35899 -51.4527
74.6634 49.8258 62.1875 -2.67488 -1.38745 -51.5025
74.6499 49.8188 61.9298 -2.72945 -1.41596 -51.5523
74.6361 49.8116 61.6719 -2.78411 -1.44452 -51.6021
74.622 49.8043 61.4138 -2.83886 -1.47314 -51.6519
74.6077 49.7969 61.1554 -2.89369 -1.50181 -51.7018
74.5931 49.7893 60.8968 -2.94861 -1.53054 -51.7517
74.5782 49.7816 60.6379 -3.00361 -1.55932 -51.8016
74.5631 49.7737 60.3788 -3.05871 -1.58815 -51.8516
74.5476 49.7657 60.1194 -3.11389 -1.61705 -51.9015
74.5319 49.7575 59.8598 -3.16915 -1.646 -51.9515
74.5159 49.7492 59.5999 -3.22451 -1.675 -52.0016
74.4997 49.7408 59.3397 -3.27995 -1.70406 -52.0516
74.4831 49.7322 59.0794 -3.33549 -1.73318 -52.1017
74.4663 49.7235 58.8187 -3.39111 -1.76235 -52.1518
74.4492 49.7146 58.5578 -3.44682 -1.79158 -52.202
74.4319 49.7055 58.2967 -3.50261 -1.82087 -52.2522
74.4142 49.6964 58.0353 -3.5585 -1.85022 -52.3024
74.3963 49.687 57.7737 -3.61448 -1.87962 -52.3526
74.3781 49.6776 57.5118 -3.67055 -1.90908 -52.4028
74.3596 49.6679 57.2496 -3.7267 -1.9386 -52.4531
74.3408 49.6582 56.9873 -3.78295 -1.96818 -52.5034
74.3217 49.6483 56.7246 -3.83929 -1.99782 -52.5538
74.3024 49.6382 56.4617 -3.89572 -2.02751 -52.6042
74.2828 49.628 56.1986 -3.95224 -2.05727 -52.6545
74.2629 49.6176 55.9352 -4.00886 -2.08708 -52.705
74.2427 49.6071 55.6715 -4.06556 -2.11696 -52.7554
74.2222 49.5965 55.4076 -4.12236 -2.14689 -52.8059
74.2015 49.5856 55.1435 -4.17925 -2.17688 -52.8564
74.1804 49.5747 54.8791 -4.23623 -2.20694 -52.9069
74.1591 49.5636 54.6144 -4.2933 -2.23705 -52.9575
74.1375 49.5523 54.3495 -4.35047 -2.26723 -53.0081
74.1156 49.5409 54.0843 -4.40773 -2.29747 -53.0587
74.0934 49.5293 53.8189 -4.46509 -2.32777 -53.1094
74.071 49.5176 53.5532 -4.52254 -2.35813 -53.16
74.0482 49.5058 53.2873 -4.58008 -2.38856 -53.2108
74.0252 49.4937 53.0211 -4.63772 -2.41904 -53.2615
74.0018 49.4816 52.7547 -4.69545 -2.44959 -53.3122
73.9782 49.4692 52.488 -4.75328 -2.4802 -53.363
73.9543 49.4568 52.221 -4.81121 -2.51088 -53.4138
73.9301 49.4441 51.9539 -4.86923 -2.54162 -53.4647
73.9056 49.4314 51.6864 -4.92734 -2.57242 -53.5156
73.8808 49.4184 51.4187 -4.98555 -2.60328 -53.5665
73.8557 49.4053 51.1507 -5.04386 -2.63421 -53.6174
73.8304 49.3921 50.8825 -5.10227 -2.66521 -53.6684
73.8047 49.3787 50.6141 -5.16077 -2.69627 -53.7193
73.7788 49.3651 50.3453 -5.21938 -2.72739 -53.7703
73.7525 49.3514 50.0764 -5.27808 -2.75858 -53.8214
73.726 49.3375 49.8071 -5.33687 -2.78984 -53.8725
73.6992 49.3235 49.5376 -5.39577 -2.82116 -53.9236
73.672 49.3093 49.2679 -5.45477 -2.85255 -53.9747
73.6446 49.295 48.9979 -5.51386 -2.884 -54.0258
73.6169 49.2805 48.7276 -5.57305 -2.91553 -54.077
73.5889 49.2658 48.4571 -5.63235 -2.94711 -54.1282
73.5606 49.251 48.1863 -5.69174 -2.97877 -54.1795
73.532 49.236 47.9153 -5.75124 -3.01049 -54.2307
73.5031 49.2209 47.644 -5.81083 -3.04228 -54.282
73.4739 49.2056 47.3725 -5.87053 -3.07414 -54.3333
73.4444 49.1902 47.1007 -5.93033 -3.10607 -54.3847
73.4146 49.1745 46.8286 -5.99023 -3.13807 -54.4361
73.3845 49.1588 46.5563 -6.05023 -3.17014 -54.4875
73.3541 49.1428 46.2838 -6.11033 -3.20227 -54.5389
73.3234 49.1268 46.011 -6.17054 -3.23448 -54.5904
73.2923 49.1105 45.7379 -6.23085 -3.26675 -54.6419
73.261 49.0941 45.4645 -6.29126 -3.2991 -54.6934
73.2294 49.0775 45.1909 -6.35178 -3.33151 -54.745
73.1975 49.0608 44.9171 -6.4124 -3.364 -54.7965
73.1653 49.0439 44.643 -6.47313 -3.39656 -54.8481
73.1328 49.0268 44.3686 -6.53396 -3.42919 -54.8998
73.1 49.0096 44.094 -6.59489 -3.46189 -54.9514
73.0668 48.9922 43.8191 -6.65594 -3.49466 -55.0031
73.0334 48.9746 43.5439 -6.71708 -3.52751 -55.0548
72.9997 48.9569 43.2685 -6.77834 -3.56043 -55.1066
72.9656 48.939 42.9929 -6.8397 -3.59342 -55.1584
72.9313 48.921 42.717 -6.90116 -3.62648 -55.2102
72.8966 48.9028 42.4408 -6.96274 -3.65962 -55.262
72.8617 48.8844 42.1643 -7.02442 -3.69283 -55.3139
72.8264 48.8658 41.8876 -7.08621 -3.72612 -55.3658
72.7908 48.8471 41.6107 -7.14811 -3.75948 -55.4177
72.7549 48.8282 41.3335 -7.21011 -3.79292 -55.4696
72.7187 48.8092 41.056 -7.27223 -3.82643 -55.5216
72.6822 48.79 40.7782 -7.33445 -3.86002 -55.5736
72.6453 48.7706 40.5002 -7.39679 -3.89368 -55.6256
72.6082 48.751 40.222 -7.45923 -3.92742 -55.6777
72.5708 48.7313 39.9435 -7.52179 -3.96123 -55.7298
72.533 48.7114 39.6647 -7.58445 -3.99512 -55.7819
72.4949 48.6914 39.3857 -7.64723 -4.02909 -55.8341
72.4565 48.6711 39.1064 -7.71012 -4.06314 -55.8862
72.4178 48.6507 38.8268 -7.77312 -4.09726 -55.9384
72.3788 48.6302 38.547 -7.83623 -4.13147 -55.9907
72.3395 48.6094 38.2669 -7.89946 -4.16575 -56.0429
72.2998 48.5885 37.9865 -7.9628 -4.20011 -56.0952
72.2598 48.5674 37.7059 -8.02625 -4.23455 -56.1475
72.2195 48.5462 37.4251 -8.08982 -4.26906 -56.1999
72.1789 48.5247 37.1439 -8.1535 -4.30366 -56.2523
72.138 48.5031 36.8625 -8.21729 -4.33834 -56.3047
72.0968 48.4813 36.5809 -8.28121 -4.3731 -56.3571
72.0552 48.4594 36.299 -8.34523 -4.40794 -56.4096
72.0133 48.4373 36.0168 -8.40937 -4.44286 -56.4621
71.9711 48.415 35.7343 -8.47363 -4.47786 -56.5146
71.9286 48.3925 35.4516 -8.53801 -4.51294 -56.5671
71.8857 48.3698 35.1687 -8.6025 -4.54811 -56.6197
71.8425 48.347 34.8854 -8.66711 -4.58335 -56.6723
71.799 48.324 34.602 -8.73184 -4.61869 -56.725
71.7552 48.3008 34.3182 -8.79668 -4.6541 -56.7776
71.7111 48.2775 34.0342 -8.86165 -4.6896 -56.8303
71.6666 48.2539 33.7499 -8.92673 -4.72518 -56.883
71.6218 48.2302 33.4653 -8.99193 -4.76084 -56.9358
71.5767 48.2063 33.1805 -9.05726 -4.79659 -56.9886
71.5312 48.1822 32.8955 -9.1227 -4.83243 -57.0414
71.4855 48.158 32.6101 -9.18826 -4.86835 -57.0942
71.4394 48.1336 32.3245 -9.25395 -4.90435 -57.1471
71.3929 48.1089 32.0387 -9.31976 -4.94044 -57.2
71.3462 48.0841 31.7525 -9.38568 -4.97662 -57.2529
71.2991 48.0592 31.4661 -9.45174 -5.01289 -57.3059
71.2516 48.034 31.1795 -9.51791 -5.04924 -57.3589
71.2039 48.0087 30.8925 -9.58421 -5.08568 -57.4119
71.1558 47.9832 30.6053 -9.65063 -5.1222 -57.4649
71.1074 47.9575 30.3179 -9.71718 -5.15882 -57.518
71.0586 47.9316 30.0302 -9.78385 -5.19552 -57.5711
71.0095 47.9055 29.7422 -9.85064 -5.23231 -57.6242
70.9601 47.8793 29.4539 -9.91756 -5.2692 -57.6774
70.9104 47.8528 29.1654 -9.98461 -5.30617 -57.7306
70.8603 47.8262 28.8766 -10.0518 -5.34323 -57.7838
70.8099 47.7994 28.5876 -10.1191 -5.38038 -57.837
70.7591 47.7724 28.2983 -10.1865 -5.41762 -57.8903
70.708 47.7452 28.0087 -10.2541 -5.45495 -57.9436
70.6566 47.7178 27.7188 -10.3218 -5.49238 -57.9969
70.6048 47.6903 27.4287 -10.3896 -5.52989 -58.0503
70.5527 47.6625 27.1383 -10.4575 -5.5675 -58.1037
70.5002 47.6346 26.8477 -10.5256 -5.6052 -58.1571
70.4474 47.6065 26.5567 -10.5938 -5.643 -58.2106
70.3943 47.5782 26.2656 -10.6621 -5.68088 -58.264
70.3408 47.5497 25.9741 -10.7306 -5.71886 -58.3175
70.287 47.521 25.6824 -10.7992 -5.75694 -58.3711
70.2328 47.4921 25.3904 -10.8679 -5.79511 -58.4246
70.1783 47.463 25.0981 -10.9368 -5.83337 -58.4782
70.1234 47.4338 24.8056 -11.0058 -5.87173 -58.5319
70.0682 47.4043 24.5128 -11.0749 -5.91019 -58.5855
70.0127 47.3747 24.2198 -11.1441 -5.94874 -58.6392
69.9568 47.3448 23.9264 -11.2135 -5.98739 -58.6929
69.9005 47.3148 23.6328 -11.2831 -6.02613 -58.7467
69.844 47.2846 23.339 -11.3527 -6.06497 -58.8004
69.787 47.2541 23.0448 -11.4225 -6.10391 -58.8543
69.7297 47.2235 22.7504 -11.4925 -6.14295 -58.9081
69.6721 47.1927 22.4557 -11.5626 -6.18208 -58.9619
69.6141 47.1617 22.1608 -11.6328 -6.22132 -59.0158
69.5558 47.1305 21.8656 -11.7031 -6.26065 -59.0698
69.4971 47.0991 21.5701 -11.7736 -6.30009 -59.1237
69.438 47.0675 21.2743 -11.8442 -6.33962 -59.1777
69.3786 47.0357 20.9783 -11.915 -6.37925 -59.2317
69.3189 47.0037 20.682 -11.9859 -6.41899 -59.2858
69.2588 46.9715 20.3855 -12.057 -6.45882 -59.3398
69.1983 46.9391 20.0886 -12.1281 -6.49876 -59.3939
69.1375 46.9065 19.7915 -12.1995 -6.5388 -59.4481
69.0763 46.8737 19.4942 -12.2709 -6.57894 -59.5022
69.0148 46.8407 19.1965 -12.3426 -6.61919 -59.5564
68.9529 46.8075 18.8986 -12.4143 -6.65954 -59.6106
68.8906 46.7741 18.6004 -12.4862 -6.69999 -59.6649
68.828 46.7405 18.3019 -12.5583 -6.74054 -59.7192
68.7651 46.7067 18.0032 -12.6305 -6.7812 -59.7735
68.7017 46.6727 17.7042 -12.7028 -6.82197 -59.8278
68.638 46.6385 17.4049 -12.7753 -6.86284 -59.8822
68.574 46.6041 17.1054 -12.8479 -6.90382 -59.9366
68.5096 46.5695 16.8056 -12.9207 -6.9449 -59.991
68.4448 46.5347 16.5055 -12.9936 -6.98609 -60.0455
68.3796 46.4996 16.2051 -13.0667 -7.02739 -60.1
68.3141 46.4644 15.9045 -13.1399 -7.06879 -60.1545
68.2482 46.4289 15.6036 -13.2133 -7.11031 -60.209
68.182 46.3933 15.3024 -13.2868 -7.15193 -60.2636
68.1154 46.3574 15.0009 -13.3605 -7.19366 -60.3182
68.0484 46.3213 14.6992 -13.4343 -7.23549 -60.3729
67.981 46.2851 14.3972 -13.5083 -7.27744 -60.4275
67.9133 46.2486 14.0949 -13.5824 -7.3195 -60.4823
67.8452 46.2119 13.7924 -13.6567 -7.36167 -60.537
67.7767 46.1749 13.4896 -13.7311 -7.40395 -60.5918
67.7079 46.1378 13.1865 -13.8057 -7.44634 -60.6465
67.6387 46.1005 12.8831 -13.8804 -7.48885 -60.7014
67.5691 46.0629 12.5795 -13.9553 -7.53146 -60.7562
67.4991 46.0252 12.2755 -14.0304 -7.57419 -60.8111
67.4288 45.9872 11.9713 -14.1056 -7.61703 -60.866
67.3581 45.949 11.6669 -14.181 -7.65999 -60.921
67.287 45.9106 11.3621 -14.2565 -7.70306 -60.976
67.2155 45.872 11.0571 -14.3322 -7.74624 -61.031
67.1436 45.8331 10.7518 -14.408 -7.78954 -61.086
67.0714 45.7941 10.4463 -14.484 -7.83296 -61.1411
66.9988 45.7548 10.1404 -14.5602 -7.87649 -61.1962
66.9258 45.7153 9.8343 -14.6365 -7.92013 -61.2513
66.8524 45.6756 9.5279 -14.713 -7.9639 -61.3065
66.7787 45.6357 9.22123 -14.7896 -8.00778 -61.3617
66.7045 45.5955 8.91429 -14.8664 -8.05178 -61.4169
66.63 45.5551 8.60706 -14.9434 -8.09589 -61.4722
66.5551 45.5146 8.29956 -15.0205 -8.14013 -61.5275
66.4798 45.4737 7.99179 -15.0978 -8.18448 -61.5828
66.4041 45.4327 7.68374 -15.1753 -8.22896 -61.6381
66.3281 45.3915 7.37541 -15.2529 -8.27355 -61.6935
66.2516 45.35 7.0668 -15.3307 -8.31827 -61.7489
66.1748 45.3083 6.75792 -15.4087 -8.3631 -61.8044
66.0975 45.2663 6.44876 -15.4868 -8.40806 -61.8599
66.0199 45.2242 6.13932 -15.5651 -8.45314 -61.9154
65.9419 45.1818 5.82961 -15.6435 -8.49834 -61.9709
65.8635 45.1392 5.51961 -15.7222 -8.54367 -62.0265
65.7847 45.0964 5.20934 -15.801 -8.58911 -62.0821
65.7055 45.0533 4.89879 -15.88 -8.63468 -62.1377
65.6259 45.01 4.58797 -15.9591 -8.68038 -62.1934
65.5459 44.9665 4.27686 -16.0384 -8.7262 -62.2491
65.4655 44.9228 3.96548 -16.1179 -8.77215 -62.3048
65.3847 44.8788 3.65381 -16.1976 -8.81822 -62.3606
65.3035 44.8346 3.34187 -16.2775 -8.86441 -62.4164
65.2219 44.7901 3.02965 -16.3575 -8.91074 -62.4722
65.1399 44.7455 2.71715 -16.4377 -8.95719 -62.5281
65.0575 44.7006 2.40437 -16.5181 -9.00377 -62.584
64.9747 44.6554 2.09131 -16.5986 -9.05048 -62.6399
64.8915 44.6101 1.77797 -16.6793 -9.09731 -62.6959
64.808 44.5645 1.46435 -16.7602 -9.14428 -62.7519
64.7239 44.5186 1.15045 -16.8413 -9.19137 -62.8079
64.6395 44.4726 0.836275 -16.9226 -9.23859 -62.8639
64.5547 44.4262 0.521816 -17.0041 -9.28595 -62.92
64.4695 44.3797 0.207076 -17.0857 -9.33343 -62.9762
64.3839 44.3329 -0.107945 -17.1675 -9.38105 -63.0323
64.2978 44.2859 -0.423247 -17.2495 -9.4288 -63.0885
64.2114 44.2386 -0.738829 -17.3317 -9.47668 -63.1447
64.1245 44.1911 -1.05469 -17.4141 -9.5247 -63.201
64.0372 44.1434 -1.37084 -17.4966 -9.57284 -63.2573
63.9495 44.0954 -1.68727 -17.5793 -9.62112 -63.3136
63.8614 44.0472 -2.00397 -17.6623 -9.66954 -63.37
63.7729 43.9987 -2.32096 -17.7454 -9.71809 -63.4264
63.684 43.95 -2.63824 -17.8287 -9.76678 -63.4828
63.5946 43.901 -2.95579 -17.9122 -9.8156 -63.5392
63.5049 43.8518 -3.27363 -17.9959 -9.86456 -63.5957
63.4147 43.8024 -3.59175 -18.0798 -9.91365 -63.6523
63.3241 43.7527 -3.91015 -18.1638 -9.96289 -63.7088
63.233 43.7027 -4.22883 -18.2481 -10.0123 -63.7654
63.1416 43.6526 -4.5478 -18.3326 -10.0618 -63.8221
63.0497 43.6021 -4.86705 -18.4172 -10.1114 -63.8787
62.9574 43.5514 -5.18659 -18.5021 -10.1612 -63.9354
62.8647 43.5005 -5.50641 -18.5871 -10.2111 -63.9922
62.7716 43.4493 -5.82651 -18.6723 -10.2612 -64.0489
62.678 43.3979 -6.1469 -18.7578 -10.3114 -64.1058
62.584 43.3462 -6.46757 -18.8434 -10.3618 -64.1626
62.4895 43.2943 -6.78852 -18.9293 -10.4122 -64.2195
62.3947 43.2421 -7.10976 -19.0153 -10.4629 -64.2764
62.2994 43.1897 -7.43128 -19.1015 -10.5136 -64.3333
62.2037 43.137 -7.75309 -19.188 -10.5646 -64.3903
62.1075 43.084 -8.07519 -19.2746 -10.6156 -64.4474
62.0109 43.0308 -8.39757 -19.3615 -10.6668 -64.5044
61.9139 42.9773 -8.72023 -19.4485 -10.7182 -64.5615
61.8164 42.9236 -9.04318 -19.5358 -10.7697 -64.6187
61.7185 42.8696 -9.36642 -19.6233 -10.8213 -64.6758
61.6202 42.8154 -9.68994 -19.7109 -10.8731 -64.733
61.5214 42.7609 -10.0137 -19.7988 -10.925 -64.7903
61.4222 42.7062 -10.3378 -19.8869 -10.9771 -64.8476
61.3226 42.6511 -10.6622 -19.9752 -11.0294 -64.9049
61.2225 42.5959 -10.9869 -20.0637 -11.0817 -64.9623
61.1219 42.5403 -11.3118 -20.1525 -11.1343 -65.0197
61.0209 42.4845 -11.6371 -20.2414 -11.1869 -65.0771
60.9195 42.4285 -11.9626 -20.3306 -11.2398 -65.1346
60.8176 42.3721 -12.2884 -20.4199 -11.2927 -65.1921
60.7153 42.3155 -12.6145 -20.5095 -11.3459 -65.2497
60.6125 42.2587 -12.9409 -20.5993 -11.3991 -65.3073
60.5093 42.2015 -13.2676 -20.6893 -11.4526 -65.3649
60.4057 42.1441 -13.5946 -20.7796 -11.5061 -65.4226
60.3015 42.0865 -13.9218 -20.87 -11.5599 -65.4803
60.197 42.0285 -14.2494 -20.9607 -11.6137 -65.5381
60.0919 41.9703 -14.5772 -21.0516 -11.6678 -65.5959
59.9864 41.9119 -14.9053 -21.1427 -11.722 -65.6538
59.8805 41.8531 -15.2337 -21.2341 -11.7763 -65.7116
59.7741 41.7941 -15.5624 -21.3256 -11.8308 -65.7696
59.6672 41.7348 -15.8914 -21.4174 -11.8854 -65.8275
59.5599 41.6752 -16.2207 -21.5094 -11.9403 -65.8856
59.4522 41.6154 -16.5503 -21.6016 -11.9952 -65.9436
59.3439 41.5553 -16.8802 -21.6941 -12.0503 -66.0017
59.2352 41.4949 -17.2103 -21.7868 -12.1056 -66.0599
59.126 41.4342 -17.5408 -21.8797 -12.161 -66.1181
59.0164 41.3733 -17.8715 -21.9729 -12.2166 -66.1763
58.9063 41.3121 -18.2025 -22.0662 -12.2724 -66.2346
58.7958 41.2506 -18.5338 -22.1599 -12.3283 -66.2929
58.6847 41.1888 -18.8654 -22.2537 -12.3844 -66.3513
58.5732 41.1267 -19.1973 -22.3478 -12.4406 -66.4097
58.4612 41.0644 -19.5295 -22.4421 -12.497 -66.4681
58.3488 41.0017 -19.862 -22.5366 -12.5535 -66.5266
58.2359 40.9388 -20.1948 -22.6314 -12.6102 -66.5852
58.1225 40.8756 -20.5279 -22.7264 -12.6671 -66.6438
58.0086 40.8122 -20.8612 -22.8217 -12.7241 -66.7024
57.8943 40.7484 -21.1949 -22.9172 -12.7813 -66.7611
57.7795 40.6844 -21.5288 -23.0129 -12.8387 -66.8198
57.6641 40.62 -21.8631 -23.1089 -12.8962 -66.8786
57.5484 40.5554 -22.1976 -23.2051 -12.9539 -66.9375
57.4321 40.4905 -22.5325 -23.3016 -13.0118 -66.9963
57.3153 40.4253 -22.8676 -23.3983 -13.0698 -67.0553
57.1981 40.3598 -23.203 -23.4952 -13.128 -67.1142
57.0804 40.294 -23.5387 -23.5924 -13.1863 -67.1733
56.9622 40.2279 -23.8748 -23.6899 -13.2448 -67.2324
56.8435 40.1615 -24.2111 -23.7876 -13.3035 -67.2915
56.7243 40.0949 -24.5477 -23.8855 -13.3624 -67.3507
56.6046 40.0279 -24.8846 -23.9837 -13.4214 -67.4099
56.4845 39.9607 -25.2218 -24.0822 -13.4806 -67.4692
56.3638 39.8931 -25.5593 -24.1809 -13.5399 -67.5285
56.2427 39.8253 -25.897 -24.2798 -13.5994 -67.5879
56.121 39.7571 -26.2351 -24.379 -13.6591 -67.6473
55.9989 39.6887 -26.5735 -24.4785 -13.719 -67.7068
55.8762 39.6199 -26.9122 -24.5782 -13.779 -67.7664
55.7531 39.5509 -27.2512 -24.6782 -13.8392 -67.826
55.6295 39.4815 -27.5905 -24.7784 -13.8996 -67.8856
55.5053 39.4119 -27.93 -24.8789 -13.9602 -67.9454
55.3807 39.3419 -28.2699 -24.9797 -14.0209 -68.0051
55.2555 39.2717 -28.6101 -25.0807 -14.0818 -68.065
55.1299 39.2011 -28.9506 -25.182 -14.1429 -68.1248
55.0037 39.1302 -29.2913 -25.2836 -14.2041 -68.1848
54.877 39.0591 -29.6324 -25.3854 -14.2655 -68.2448
54.7499 38.9876 -29.9738 -25.4875 -14.3271 -68.3048
54.6222 38.9158 -30.3155 -25.5898 -14.3889 -68.365
54.494 38.8437 -30.6574 -25.6925 -14.4508 -68.4251
54.3652 38.7713 -30.9997 -25.7954 -14.5129 -68.4854
54.236 38.6986 -31.3423 -25.8985 -14.5752 -68.5457
54.1063 38.6255 -31.6852 -26.002 -14.6377 -68.606
53.976 38.5522 -32.0283 -26.1057 -14.7003 -68.6665
53.8452 38.4785 -32.3718 -26.2097 -14.7631 -68.7269
53.7139 38.4046 -32.7156 -26.3139 -14.8261 -68.7875
53.5821 38.3303 -33.0597 -26.4185 -14.8893 -68.8481
53.4497 38.2557 -33.4041 -26.5233 -14.9527 -68.9088
53.3168 38.1807 -33.7488 -26.6284 -15.0162 -68.9695
53.1834 38.1055 -34.0938 -26.7338 -15.0799 -69.0303
53.0495 38.0299 -34.4391 -26.8395 -15.1438 -69.0912
52.915 37.9541 -34.7847 -26.9455 -15.2079 -69.1522
52.78 37.8779 -35.1306 -27.0517 -15.2722 -69.2132
52.6445 37.8013 -35.4768 -27.1582 -15.3366 -69.2743
52.5085 37.7245 -35.8233 -27.2651 -15.4012 -69.3354
52.3719 37.6473 -36.1702 -27.3722 -15.466 -69.3966
52.2347 37.5698 -36.5173 -27.4796 -15.531 -69.4579
52.0971 37.492 -36.8647 -27.5873 -15.5961 -69.5193
51.9589 37.4139 -37.2125 -27.6953 -15.6615 -69.5807
51.8201 37.3354 -37.5606 -27.8036 -15.727 -69.6423
51.6808 37.2566 -37.9089 -27.9121 -15.7927 -69.7038
51.541 37.1775 -38.2576 -28.021 -15.8586 -69.7655
51.4006 37.098 -38.6066 -28.1302 -15.9247 -69.8272
51.2597 37.0182 -38.9559 -28.2397 -15.991 -69.8891
51.1182 36.9381 -39.3055 -28.3495 -16.0574 -69.951
50.9762 36.8577 -39.6554 -28.4596 -16.1241 -70.0129
50.8336 36.7769 -40.0056 -28.57 -16.1909 -70.075
50.6905 36.6957 -40.3561 -28.6807 -16.2579 -70.1371
50.5468 36.6143 -40.707 -28.7917 -16.3251 -70.1993
50.4026 36.5325 -41.0581 -28.903 -16.3925 -70.2616
50.2578 36.4504 -41.4096 -29.0146 -16.46 -70.324
50.1125 36.3679 -41.7613 -29.1266 -16.5278 -70.3865
49.9665 36.2851 -42.1134 -29.2389 -16.5958 -70.449
49.8201 36.2019 -42.4658 -29.3514 -16.6639 -70.5117
49.673 36.1184 -42.8185 -29.4643 -16.7322 -70.5744
49.5254 36.0346 -43.1716 -29.5776 -16.8007 -70.6372
49.3773 35.9504 -43.5249 -29.6911 -16.8694 -70.7001
49.2285 35.8659 -43.8786 -29.805 -16.9383 -70.7631
49.0792 35.781 -44.2325 -29.9192 -17.0074 -70.8262
48.9293 35.6958 -44.5868 -30.0337 -17.0767 -70.8893
48.7789 35.6103 -44.9414 -30.1485 -17.1461 -70.9526
48.6279 35.5244 -45.2964 -30.2637 -17.2158 -71.016
48.4762 35.4381 -45.6516 -30.3792 -17.2856 -71.0794
48.3241 35.3515 -46.0071 -30.4951 -17.3557 -71.143
48.1713 35.2646 -46.363 -30.6113 -17.4259 -71.2067
48.018 35.1773 -46.7192 -30.7278 -17.4964 -71.2704
47.864 35.0896 -47.0757 -30.8446 -17.567 -71.3343
47.7095 35.0016 -47.4325 -30.9619 -17.6378 -71.3982
47.5544 34.9132 -47.7897 -31.0794 -17.7088 -71.4623
47.3987 34.8245 -48.1472 -31.1973 -17.78 -71.5265
47.2424 34.7354 -48.505 -31.3156 -17.8514 -71.5907
47.0856 34.646 -48.8631 -31.4342 -17.923 -71.6551
46.9281 34.5562 -49.2215 -31.5531 -17.9948 -71.7196
46.77 34.466 -49.5803 -31.6724 -18.0668 -71.7842
46.6114 34.3755 -49.9393 -31.7921 -18.139 -71.8489
46.4521 34.2846 -50.2988 -31.9121 -18.2114 -71.9138
46.2923 34.1934 -50.6585 -32.0325 -18.284 -71.9787
46.1318 34.1018 -51.0185 -32.1533 -18.3569 -72.0438
45.9707 34.0098 -51.3789 -32.2744 -18.4299 -72.109
45.8091 33.9175 -51.7396 -32.3959 -18.5031 -72.1743
45.6468 33.8248 -52.1007 -32.5178 -18.5765 -72.2397
45.4839 33.7317 -52.462 -32.64 -18.6501 -72.3052
45.3204 33.6383 -52.8237 -32.7627 -18.7239 -72.3709
45.1563 33.5445 -53.1857 -32.8857 -18.798 -72.4367
44.9915 33.4503 -53.5481 -33.0091 -18.8722 -72.5027
44.8262 33.3558 -53.9107 -33.1329 -18.9466 -72.5687
44.6602 33.2608 -54.2738 -33.2571 -19.0213 -72.6349
44.4936 33.1656 -54.6371 -33.3816 -19.0962 -72.7013
44.3264 33.0699 -55.0008 -33.5066 -19.1713 -72.7677
44.1585 32.9738 -55.3648 -33.632 -19.2466 -72.8343
43.9901 32.8774 -55.7291 -33.7578 -19.3221 -72.9011
43.821 32.7806 -56.0938 -33.884 -19.3978 -72.968
43.6512 32.6834 -56.4588 -34.0106 -19.4737 -73.0351
43.4809 32.5859 -56.8241 -34.1376 -19.5499 -73.1023
43.3099 32.4879 -57.1898 -34.265 -19.6263 -73.1696
43.1382 32.3896 -57.5558 -34.3929 -19.7029 -73.2372
42.9659 32.2909 -57.9222 -34.5212 -19.7797 -73.3048
42.793 32.1918 -58.2889 -34.6499 -19.8568 -73.3727
42.6194 32.0923 -58.6559 -34.7791 -19.9341 -73.4407
42.4452 31.9925 -59.0233 -34.9087 -20.0116 -73.5089
42.2703 31.8922 -59.391 -35.0388 -20.0894 -73.5772
42.0948 31.7916 -59.759 -35.1693 -20.1673 -73.6457
41.9187 31.6905 -60.1274 -35.3002 -20.2456 -73.7145
41.7418 31.5891 -60.4962 -35.4317 -20.324 -73.7834
41.5643 31.4873 -60.8653 -35.5635 -20.4027 -73.8525
41.3862 31.3851 -61.2347 -35.6959 -20.4816 -73.9217
41.2074 31.2825 -61.6045 -35.8287 -20.5608 -73.9912
41.0279 31.1795 -61.9746 -35.9621 -20.6403 -74.0609
40.8478 31.0761 -62.3451 -36.0959 -20.7199 -74.1308
40.667 30.9723 -62.7159 -36.2302 -20.7999 -74.2009
40.4855 30.8681 -63.0871 -36.365 -20.8801 -74.2713
40.3033 30.7635 -63.4586 -36.5003 -20.9605 -74.3418
40.1205 30.6585 -63.8305 -36.6361 -21.0412 -74.4126
39.937 30.5531 -64.2027 -36.7724 -21.1222 -74.4837
39.7528 30.4473 -64.5753 -36.9093 -21.2034 -74.5549
39.5679 30.341 -64.9483 -37.0466 -21.2849 -74.6265
39.3823 30.2344 -65.3216 -37.1846 -21.3667 -74.6983
39.196 30.1274 -65.6952 -37.323 -21.4487 -74.7703
39.0091 30.0199 -66.0693 -37.4621 -21.5311 -74.8426
38.8214 29.912 -66.4437 -37.6017 -21.6137 -74.9153
38.6331 29.8038 -66.8184 -37.7418 -21.6966 -74.9882
38.444 29.6951 -67.1935 -37.8825 -21.7798 -75.0614
38.2542 29.586 -67.569 -38.0238 -21.8633 -75.1349
38.0638 29.4764 -67.9449 -38.1657 -21.947 -75.2087
37.8726 29.3665 -68.3211 -38.3083 -22.0311 -75.2829
37.6807 29.2561 -68.6977 -38.4514 -22.1155 -75.3574
37.4881 29.1453 -69.0747 -38.5951 -22.2002 -75.4322
37.2947 29.0341 -69.452 -38.7394 -22.2852 -75.5074
37.1007 28.9225 -69.8297 -38.8844 -22.3705 -75.583
36.9059 28.8104 -70.2078 -39.0301 -22.4562 -75.659
36.7104 28.6979 -70.5863 -39.1764 -22.5421 -75.7354
36.5141 28.585 -70.9652 -39.3233 -22.6284 -75.8122
36.3172 28.4716 -71.3444 -39.471 -22.7151 -75.8894
36.1194 28.3578 -71.7241 -39.6193 -22.802 -75.9671
35.921 28.2436 -72.1041 -39.7683 -22.8893 -76.0452
35.7218 28.1289 -72.4845 -39.918 -22.977 -76.1238
35.5218 28.0138 -72.8653 -40.0685 -23.065 -76.2028
35.3211 27.8983 -73.2465 -40.2196 -23.1534 -76.2824
35.1196 27.7823 -73.6282 -40.3715 -23.2421 -76.3625
34.9174 27.6659 -74.0102 -40.5242 -23.3312 -76.4432
34.7144 27.549 -74.3926 -40.6777 -23.4207 -76.5244
34.5106 27.4317 -74.7754 -40.8319 -23.5105 -76.6061
34.3061 27.3139 -75.1586 -40.9869 -23.6007 -76.6885
34.1007 27.1957 -75.5423 -41.1427 -23.6913 -76.7715
33.8946 27.077 -75.9263 -41.2993 -23.7823 -76.8552
33.6877 26.9578 -76.3108 -41.4568 -23.8737 -76.9395
33.4801 26.8382 -76.6957 -41.6151 -23.9655 -77.0245
33.2716 26.7182 -77.0811 -41.7742 -24.0578 -77.1103
33.0623 26.5976 -77.4668 -41.9343 -24.1504 -77.1967
32.8523 26.4767 -77.853 -42.0952 -24.2434 -77.284
32.6414 26.3552 -78.2396 -42.2571 -24.3369 -77.372
32.4297 26.2333 -78.6267 -42.4199 -24.4308 -77.4609
32.2172 26.1109 -79.0142 -42.5836 -24.5252 -77.5506
32.0039 25.988 -79.4022 -42.7482 -24.62 -77.6412
31.7897 25.8647 -79.7906 -42.9139 -24.7152 -77.7328
31.5747 25.7409 -80.1795 -43.0806 -24.811 -77.8253
31.3589 25.6166 -80.5689 -43.2482 -24.9071 -77.9188
31.1423 25.4918 -80.9587 -43.4169 -25.0038 -78.0133
30.9248 25.3665 -81.349 -43.5867 -25.1009 -78.1089
30.7064 25.2408 -81.7398 -43.7575 -25.1986 -78.2056
30.4872 25.1145 -82.131 -43.9294 -25.2967 -78.3034
30.2671 24.9878 -82.5228 -44.1025 -25.3954 -78.4025
30.0462 24.8606 -82.9151 -44.2767 -25.4945 -78.5028
29.8244 24.7329 -83.3078 -44.4521 -25.5942 -78.6043
29.6017 24.6046 -83.7011 -44.6286 -25.6944 -78.7072
29.3781 24.4759 -84.0949 -44.8064 -25.7952 -78.8115
29.1536 24.3467 -84.4892 -44.9854 -25.8966 -78.9173
28.9282 24.2169 -84.884 -45.1657 -25.9985 -79.0245
28.702 24.0867 -85.2794 -45.3473 -26.101 -79.1333
28.4748 23.9559 -85.6754 -45.5303 -26.204 -79.2437
28.2467 23.8247 -86.0718 -45.7146 -26.3077 -79.3558
28.0176 23.6929 -86.4689 -45.9003 -26.412 -79.4697
27.7877 23.5605 -86.8665 -46.0874 -26.517 -79.5854
27.5568 23.4277 -87.2647 -46.276 -26.6226 -79.703
27.3249 23.2943 -87.6635 -46.4662 -26.7289 -79.8225
27.0921 23.1604 -88.0629 -46.6578 -26.8358 -79.9442
26.8584 23.0259 -88.463 -46.8511 -26.9435 -80.0679
26.6236 22.8909 -88.8636 -47.0459 -27.0519 -80.1939
26.3879 22.7554 -89.2649 -47.2425 -27.161 -80.3223
26.1512 22.6193 -89.6668 -47.4407 -27.2709 -80.453
25.9135 22.4827 -90.0694 -47.6408 -27.3816 -80.5863
25.6748 22.3455 -90.4726 -47.8426 -27.4931 -80.7223
25.4351 22.2078 -90.8766 -48.0464 -27.6054 -80.861
25.1944 22.0694 -91.2812 -48.252 -27.7186 -81.0026
24.9526 21.9306 -91.6866 -48.4597 -27.8327 -81.1473
24.7098 21.7911 -92.0927 -48.6694 -27.9478 -81.2951
24.4659 21.6511 -92.4995 -48.8812 -28.0638 -81.4462
24.221 21.5105 -92.9071 -49.0952 -28.1808 -81.6008
23.975 21.3693 -93.3155 -49.3115 -28.2989 -81.759
23.7279 21.2275 -93.7247 -49.5301 -28.418 -81.921
23.4797 21.0851 -94.1347 -49.7511 -28.5384 -82.087
23.2304 20.9421 -94.5455 -49.9747 -28.6599 -82.2573
22.98 20.7985 -94.9572 -50.2008 -28.7826 -82.4319
22.7284 20.6543 -95.3698 -50.4297 -28.9067 -82.6111
22.4757 20.5094 -95.7833 -50.6614 -29.0321 -82.7953
22.2218 20.3639 -96.1977 -50.8959 -29.159 -82.9846
21.9667 20.2178 -96.6131 -51.1336 -29.2874 -83.1792
21.7105 20.071 -97.0294 -51.3744 -29.4174 -83.3796
21.453 19.9236 -97.4468 -51.6184 -29.5491 -83.5861
21.1943 19.7755 -97.8653 -51.866 -29.6826 -83.7989
20.9344 19.6268 -98.2848 -52.1171 -29.8181 -84.0184
20.6732 19.4774 -98.7054 -52.372 -29.9556 -84.2451
20.4107 19.3272 -99.1272 -52.6308 -30.0952 -84.4794
20.1469 19.1764 -99.5501 -52.8938 -30.2372 -84.7218
19.8818 19.0249 -99.9743 -53.1611 -30.3817 -84.9726
19.6153 18.8726 -100.4 -53.433 -30.5288 -85.2326
19.3475 18.7196 -100.827 -53.7097 -30.6788 -85.5023
19.0783 18.5658 -101.255 -53.9914 -30.8319 -85.7824
18.8076 18.4112 -101.684 -54.2785 -30.9883 -86.0736
18.5355 18.2559 -102.115 -54.5712 -31.1484 -86.3766
18.2619 18.0997 -102.548 -54.87 -31.3125 -86.6924
17.9868 17.9428 -102.982 -55.1751 -31.4808 -87.0219
17.7102 17.7849 -103.418 -55.4869 -31.6538 -87.3662
17.432 17.6262 -103.856 -55.806 -31.8321 -87.7264
17.1522 17.4666 -104.295 -56.1327 -32.016 -88.1038
16.8707 17.306 -104.737 -56.4676 -32.2061 -88.4999
16.5876 17.1445 -105.18 -56.8113 -32.4033 -88.9164
16.3027 16.982 -105.626 -57.1645 -32.6082 -89.355
16.016 16.8184 -106.074 -57.5279 -32.8218 -89.8179
15.7275 16.6538 -106.524 -57.9022 -33.0451 -90.3074
15.437 16.488 -106.976 -58.2885 -33.2794 -90.8262
15.1447 16.321 -107.432 -58.6876 -33.5262 -91.3773
14.8502 16.1527 -107.89 -59.1009 -33.7872 -91.9644
14.5537 15.9831 -108.351 -59.5295 -34.0645 -92.5915
14.255 15.8121 -108.816 -59.975 -34.3605 -93.2635
13.9541 15.6396 -109.284 -60.4391 -34.6785 -93.986
13.6507 15.4654 -109.755 -60.9236 -35.0221 -94.7656
13.345 15.2894 -110.231 -61.431 -35.396 -95.6105
13.0366 15.1115 -110.711 -61.9637 -35.806 -96.5302
12.7255 14.9314 -111.196 -62.5249 -36.2595 -97.5366
12.4115 14.749 -111.686 -63.118 -36.7663 -98.6443
12.0944 14.5639 -112.182 -63.7472 -37.3389 -99.8715
11.7742 14.3757 -112.684 -64.4173 -37.9941 -101.241
11.4505 14.1841 -113.193 -65.134 -38.7553 -102.784
11.1231 13.9885 -113.711 -65.9037 -39.6549 -104.539
10.7917 13.788 -114.238 -66.7332 -40.7403 -106.56
10.456 13.5817 -114.775 -67.6295 -42.0827 -108.922
10.1157 13.368 -115.325 -68.5967 -43.7947 -111.73
9.77033 13.145 -115.89 -69.6298 -46.0642 -115.142
9.41959 12.9093 -116.473 -70.6947 -49.2289 -119.396
9.06332 12.656 -117.079 -71.6642 -53.9526 -124.865
8.70208 12.3757 -117.716 -72.0847 -61.6945 -132.067
8.33902 12.0505 -118.392 -70.1937 -75.9669 -141.132
7.98737 11.6404 -119.119 -59.5099 -102.855 -146.411
7.70008 11.0568 -119.877 -39.2571 -128.334 -132.507
7.59054 10.2196 -120.478 -16.4008 -160.978 -107.089
7.562 9.49926 -120.784 -4.74288 -137.349 -55.2011
7.5299 8.88542 -121.009 -6.65794 -117.781 -42.3106
7.48698 8.33613 -121.205 -9.13355 -106.188 -37.8815
7.43363 7.82978 -121.389 -11.2808 -98.4838 -35.9823
7.37111 7.35426 -121.567 -13.1011 -92.9212 -35.0977
7.3006 6.9021 -121.741 -14.663 -88.6754 -34.6943
7.22307 6.46833 -121.915 -16.0249 -85.3056 -34.5432
7.13932 6.04949 -122.088 -17.2303 -82.5529 -34.5329
7.04999 5.64304 -122.261 -18.3109 -80.254 -34.6037
6.95561 5.24706 -122.434 -19.2906 -78.3003 -34.7222
6.85662 4.86008 -122.608 -20.187 -76.6163 -34.8683
6.75336 4.48089 -122.783 -21.014 -75.1479 -35.0296
6.64616 4.10856 -122.959 -21.7823 -73.8551 -35.1985
6.53528 3.74229 -123.136 -22.5006 -72.7073 -35.3698
6.42093 3.38143 -123.313 -23.1757 -71.6811 -35.5404
6.30333 3.02541 -123.491 -23.8132 -70.7581 -35.7082
6.18264 2.67378 -123.67 -24.4179 -69.9234 -35.8718
6.05901 2.32611 -123.85 -24.9935 -69.1652 -36.0304
5.93258 1.98205 -124.031 -25.5434 -68.4737 -36.1834
5.80347 1.6413 -124.212 -26.0703 -67.8406 -36.3306
5.67178 1.30358 -124.394 -26.5766 -67.2592 -36.4718
5.53761 0.968644 -124.577 -27.0643 -66.7238 -36.607
5.40106 0.636277 -124.76 -27.5352 -66.2295 -36.7362
5.26219 0.306286 -124.944 -27.9909 -65.7722 -36.8595
5.12109 -0.0215045 -125.129 -28.4326 -65.3481 -36.9771
4.97781 -0.347253 -125.314 -28.8616 -64.9542 -37.0891
4.83242 -0.671103 -125.5 -29.279 -64.5879 -37.1957
4.68497 -0.993185 -125.686 -29.6856 -64.2465 -37.297
4.53552 -1.31362 -125.873 -30.0823 -63.9282 -37.3931
4.38411 -1.63252 -126.06 -30.4698 -63.631 -37.4844
4.23078 -1.94998 -126.248 -30.8489 -63.3532 -37.5708
4.07558 -2.2661 -126.436 -31.2201 -63.0934 -37.6527
3.91855 -2.58096 -126.624 -31.584 -62.8502 -37.73
3.75971 -2.89464 -126.813 -31.941 -62.6225 -37.8031
3.59911 -3.20722 -127.003 -32.2917 -62.4092 -37.872
3.43677 -3.51877 -127.192 -32.6364 -62.2093 -37.9368
3.27272 -3.82935 -127.382 -32.9755 -62.0219 -37.9977
3.10699 -4.13903 -127.572 -33.3093 -61.8463 -38.0549
2.9396 -4.44785 -127.762 -33.6383 -61.6816 -38.1083
2.77058 -4.75588 -127.953 -33.9626 -61.5274 -38.1582
2.59996 -5.06316 -128.144 -34.2825 -61.3828 -38.2047
2.42774 -5.36974 -128.335 -34.5984 -61.2474 -38.2478
2.25395 -5.67567 -128.527 -34.9103 -61.1207 -38.2876
2.07862 -5.98098 -128.718 -35.2186 -61.0022 -38.3243
1.90175 -6.28572 -128.91 -35.5234 -60.8914 -38.3578
1.72337 -6.58992 -129.102 -35.825 -60.7879 -38.3884
1.54349 -6.89363 -129.294 -36.1234 -60.6914 -38.416
1.36212 -7.19686 -129.486 -36.4189 -60.6015 -38.4408
1.17928 -7.49967 -129.678 -36.7115 -60.518 -38.4628
0.994992 -7.80207 -129.871 -37.0016 -60.4403 -38.482
0.809256 -8.1041 -130.063 -37.289 -60.3685 -38.4986
0.62209 -8.40578 -130.256 -37.5741 -60.302 -38.5126
0.433504 -8.70714 -130.448 -37.8569 -60.2407 -38.524
0.24351 -9.00821 -130.641 -38.1375 -60.1844 -38.533
0.0521178 -9.30901 -130.834 -38.4161 -60.1329 -38.5395
-0.140661 -9.60956 -131.026 -38.6926 -60.0859 -38.5436
-0.334818 -9.90989 -131.219 -38.9673 -60.0433 -38.5454
-0.530344 -10.21 -131.412 -39.2402 -60.0048 -38.5448
-0.727229 -10.51 -131.604 -39.5113 -59.9703 -38.542
-0.925466 -10.8097 -131.797 -39.7808 -59.9397 -38.537
-1.12505 -11.1094 -131.99 -40.0487 -59.9128 -38.5298
-1.32596 -11.4089 -132.182 -40.3152 -59.8895 -38.5204
-1.52821 -11.7083 -132.375 -40.5802 -59.8695 -38.5089
-1.73177 -12.0076 -132.568 -40.8438 -59.8529 -38.4953
-1.93665 -12.3068 -132.76 -41.1061 -59.8394 -38.4797
-2.14284 -12.606 -132.952 -41.3672 -59.829 -38.462
-2.35033 -12.9051 -133.145 -41.627 -59.8216 -38.4424
-2.55912 -13.2042 -133.337 -41.8857 -59.8169 -38.4207
-2.76919 -13.5033 -133.529 -42.1433 -59.8151 -38.3971
-2.98056 -13.8024 -133.721 -42.3998 -59.8159 -38.3716
-3.1932 -14.1015 -133.913 -42.6553 -59.8192 -38.3442
-3.40712 -14.4006 -134.104 -42.9099 -59.8251 -38.3149
-3.6223 -14.6998 -134.296 -43.1635 -59.8333 -38.2838
-3.83876 -14.999 -134.487 -43.4162 -59.8438 -38.2508
-4.05647 -15.2982 -134.678 -43.6681 -59.8566 -38.216
-4.27544 -15.5975 -134.869 -43.9191 -59.8716 -38.1794
-4.49567 -15.897 -135.06 -44.1693 -59.8887 -38.1409
-4.71714 -16.1964 -135.251 -44.4188 -59.9078 -38.1008
-4.93986 -16.496 -135.441 -44.6675 -59.929 -38.0588
-5.16382 -16.7958 -135.631 -44.9156 -59.952 -38.0152
-5.38902 -17.0956 -135.821 -45.163 -59.9769 -37.9698
-5.61546 -17.3955 -136.011 -45.4097 -60.0036 -37.9227
-5.84313 -17.6956 -136.2 -45.6558 -60.0321 -37.8738
-6.07202 -17.9959 -136.39 -45.9013 -60.0623 -37.8233
-6.30214 -18.2963 -136.579 -46.1462 -60.0941 -37.7712
-6.53349 -18.5968 -136.767 -46.3906 -60.1276 -37.7173
-6.76605 -18.8976 -136.956 -46.6345 -60.1626 -37.6618
-6.99984 -19.1985 -137.144 -46.8779 -60.1992 -37.6046
-7.23484 -19.4996 -137.332 -47.1207 -60.2372 -37.5458
-7.47105 -19.8008 -137.519 -47.3631 -60.2767 -37.4854
-7.70847 -20.1023 -137.707 -47.6051 -60.3176 -37.4234
-7.94711 -20.404 -137.894 -47.8466 -60.3598 -37.3597
-8.18694 -20.7059 -138.08 -48.0877 -60.4034 -37.2944
-8.42799 -21.0081 -138.267 -48.3284 -60.4483 -37.2275
-8.67023 -21.3104 -138.453 -48.5687 -60.4944 -37.1591
-8.91368 -21.613 -138.638 -48.8087 -60.5418 -37.089
-9.15832 -21.9159 -138.824 -49.0483 -60.5903 -37.0174
-9.40416 -22.2189 -139.008 -49.2875 -60.64 -36.9441
-9.6512 -22.5223 -139.193 -49.5264 -60.6909 -36.8693
-9.89943 -22.8259 -139.377 -49.765 -60.7429 -36.7929
-10.1489 -23.1297 -139.561 -50.0034 -60.7959 -36.715
-10.3995 -23.4338 -139.744 -50.2414 -60.85 -36.6355
-10.6513 -23.7382 -139.927 -50.4791 -60.9051 -36.5544
-10.9043 -24.0429 -140.11 -50.7166 -60.9612 -36.4718
-11.1584 -24.3478 -140.292 -50.9538 -61.0183 -36.3876
-11.4138 -24.6531 -140.474 -51.1907 -61.0764 -36.3019
-11.6704 -24.9586 -140.655 -51.4274 -61.1354 -36.2146
-11.9281 -25.2644 -140.836 -51.6639 -61.1952 -36.1258
-12.187 -25.5706 -141.016 -51.9002 -61.256 -36.0354
-12.4471 -25.877 -141.196 -52.1362 -61.3176 -35.9435
-12.7084 -26.1838 -141.376 -52.372 -61.3801 -35.85
-12.9708 -26.4908 -141.555 -52.6077 -61.4433 -35.755
-13.2344 -26.7982 -141.733 -52.8431 -61.5074 -35.6585
-13.4992 -27.1059 -141.911 -53.0784 -61.5722 -35.5604
-13.7652 -27.4139 -142.089 -53.3135 -61.6378 -35.4608
-14.0324 -27.7223 -142.266 -53.5484 -61.7042 -35.3596
-14.3007 -28.031 -142.442 -53.7831 -61.7712 -35.2569
-14.5702 -28.34 -142.618 -54.0177 -61.839 -35.1527
-14.8409 -28.6494 -142.794 -54.2521 -61.9075 -35.0469
-15.1127 -28.9591 -142.969 -54.4863 -61.9766 -34.9396
-15.3858 -29.2692 -143.143 -54.7205 -62.0463 -34.8307
-15.66 -29.5796 -143.317 -54.9544 -62.1167 -34.7203
-15.9353 -29.8903 -143.491 -55.1883 -62.1878 -34.6083
-16.2118 -30.2015 -143.663 -55.4219 -62.2594 -34.4948
-16.4895 -30.5129 -143.836 -55.6555 -62.3316 -34.3798
-16.7684 -30.8248 -144.007 -55.8889 -62.4044 -34.2632
-17.0484 -31.137 -144.178 -56.1223 -62.4777 -34.145
-17.3296 -31.4496 -144.349 -56.3554 -62.5516 -34.0253
-17.612 -31.7625 -144.518 -56.5885 -62.626 -33.904
-17.8955 -32.0758 -144.688 -56.8214 -62.7009 -33.7812
-18.1802 -32.3895 -144.856 -57.0543 -62.7763 -33.6568
-18.4661 -32.7036 -145.024 -57.287 -62.8522 -33.5309
-18.7531 -33.0181 -145.192 -57.5196 -62.9286 -33.4034
-19.0413 -33.3329 -145.358 -57.7521 -63.0054 -33.2743
-19.3306 -33.6481 -145.524 -57.9845 -63.0826 -33.1437
-19.6211 -33.9637 -145.69 -58.2167 -63.1603 -33.0115
-19.9128 -34.2797 -145.854 -58.4489 -63.2384 -32.8777
-20.2056 -34.5961 -146.018 -58.681 -63.3169 -32.7424
-20.4996 -34.9129 -146.182 -58.9129 -63.3959 -32.6054
-20.7947 -35.2301 -146.344 -59.1447 -63.4751 -32.4669
-21.091 -35.5477 -146.506 -59.3765 -63.5548 -32.3268
-21.3885 -35.8656 -146.668 -59.6081 -63.6348 -32.1851
-21.6871 -36.184 -146.828 -59.8396 -63.7151 -32.0418
-21.9869 -36.5028 -146.988 -60.071 -63.7958 -31.8969
-22.2878 -36.822 -147.147 -60.3023 -63.8768 -31.7503
-22.5899 -37.1416 -147.306 -60.5335 -63.9581 -31.6022
-22.8932 -37.4616 -147.463 -60.7645 -64.0397 -31.4525
-23.1976 -37.782 -147.62 -60.9955 -64.1216 -31.3012
-23.5031 -38.1028 -147.776 -61.2263 -64.2038 -31.1482
-23.8098 -38.424 -147.932 -61.457 -64.2862 -30.9936
-24.1177 -38.7457 -148.086 -61.6876 -64.3689 -30.8374
-24.4267 -39.0677 -148.24 -61.9181 -64.4518 -30.6796
-24.7369 -39.3902 -148.393 -62.1485 -64.5349 -30.5201
-25.0482 -39.7131 -148.545 -62.3787 -64.6182 -30.359
-25.3607 -40.0364 -148.697 -62.6088 -64.7018 -30.1963
-25.6743 -40.3601 -148.847 -62.8387 -64.7856 -30.0319
-25.9891 -40.6842 -148.997 -63.0685 -64.8695 -29.8658
-26.305 -41.0088 -149.146 -63.2982 -64.9536 -29.6981
-26.622 -41.3338 -149.294 -63.5277 -65.0379 -29.5288
-26.9403 -41.6592 -149.441 -63.7571 -65.1223 -29.3577
-27.2596 -41.985 -149.588 -63.9863 -65.2069 -29.185
-27.5801 -42.3112 -149.733 -64.2154 -65.2915 -29.0106
-27.9018 -42.6379 -149.878 -64.4443 -65.3764 -28.8346
-28.2246 -42.965 -150.021 -64.6731 -65.4613 -28.6568
-28.5485 -43.2925 -150.164 -64.9016 -65.5463 -28.4774
-28.8736 -43.6205 -150.306 -65.13 -65.6314 -28.2962
-29.1998 -43.9489 -150.447 -65.3582 -65.7166 -28.1134
-29.5272 -44.2777 -150.587 -65.5863 -65.8019 -27.9289
-29.8557 -44.6069 -150.726 -65.8141 -65.8872 -27.7426
-30.1853 -44.9365 -150.865 -66.0417 -65.9725 -27.5547
-30.5161 -45.2666 -151.002 -66.2692 -66.0579 -27.365
-30.848 -45.5971 -151.138 -66.4964 -66.1433 -27.1736
-31.1811 -45.9281 -151.274 -66.7234 -66.2288 -26.9805
-31.5152 -46.2594 -151.408 -66.9502 -66.3142 -26.7856
-31.8506 -46.5912 -151.542 -67.1767 -66.3997 -26.589
-32.187 -46.9234 -151.674 -67.403 -66.4851 -26.3906
-32.5246 -47.2561 -151.806 -67.6291 -66.5705 -26.1906
-32.8633 -47.5891 -151.936 -67.8549 -66.6558 -25.9887
-33.2032 -47.9226 -152.065 -68.0805 -66.7411 -25.7851
-33.5441 -48.2565 -152.194 -68.3058 -66.8263 -25.5797
-33.8862 -48.5909 -152.321 -68.5308 -66.9115 -25.3726
-34.2294 -48.9257 -152.448 -68.7555 -66.9966 -25.1637
-34.5738 -49.2609 -152.573 -68.98 -67.0816 -24.953
-34.9192 -49.5965 -152.697 -69.2041 -67.1665 -24.7405
-35.2658 -49.9325 -152.82 -69.4279 -67.2513 -24.5263
-35.6135 -50.269 -152.942 -69.6515 -67.3359 -24.3102
-35.9623 -50.6059 -153.063 -69.8747 -67.4205 -24.0924
-36.3123 -50.9432 -153.183 -70.0975 -67.5048 -23.8728
-36.6633 -51.2809 -153.302 -70.32 -67.5891 -23.6513
-37.0155 -51.6191 -153.42 -70.5422 -67.6731 -23.4281
-37.3687 -51.9577 -153.536 -70.764 -67.757 -23.203
-37.7231 -52.2967 -153.652 -70.9854 -67.8407 -22.9761
-38.0786 -52.6361 -153.766 -71.2064 -67.9242 -22.7474
-38.4352 -52.9759 -153.879 -71.427 -68.0074 -22.5168
-38.7929 -53.3162 -153.991 -71.6473 -68.0905 -22.2845
-39.1517 -53.6568 -154.102 -71.8671 -68.1733 -22.0503
-39.5115 -53.9979 -154.212 -72.0865 -68.2558 -21.8142
-39.8725 -54.3394 -154.32 -72.3054 -68.3382 -21.5763
-40.2346 -54.6813 -154.428 -72.5239 -68.4202 -21.3366
-40.5978 -55.0236 -154.534 -72.7419 -68.5019 -21.095
-40.962 -55.3663 -154.639 -72.9595 -68.5834 -20.8515
-41.3274 -55.7094 -154.742 -73.1766 -68.6645 -20.6062
-41.6938 -56.053 -154.845 -73.3931 -68.7454 -20.359
-42.0613 -56.3969 -154.946 -73.6092 -68.8259 -20.11
-42.4299 -56.7412 -155.046 -73.8247 -68.9061 -19.8591
-42.7995 -57.086 -155.144 -74.0398 -68.9859 -19.6063
-43.1703 -57.4311 -155.242 -74.2542 -69.0653 -19.3516
-43.5421 -57.7766 -155.338 -74.4681 -69.1444 -19.0951
-43.915 -58.1225 -155.433 -74.6814 -69.223 -18.8367
-44.2889 -58.4689 -155.526 -74.8942 -69.3013 -18.5764
-44.6639 -58.8156 -155.618 -75.1063 -69.3792 -18.3141
-45.04 -59.1626 -155.709 -75.3178 -69.4566 -18.05
-45.4171 -59.5101 -155.799 -75.5287 -69.5336 -17.7841
-45.7953 -59.858 -155.887 -75.739 -69.6101 -17.5162
-46.1745 -60.2062 -155.974 -75.9486 -69.6862 -17.2464
-46.5548 -60.5549 -156.06 -76.1575 -69.7618 -16.9747
-46.9361 -60.9039 -156.144 -76.3658 -69.8369 -16.7011
-47.3184 -61.2532 -156.227 -76.5733 -69.9115 -16.4256
-47.7018 -61.603 -156.308 -76.7801 -69.9856 -16.1482
-48.0862 -61.9531 -156.388 -76.9862 -70.0591 -15.8688
-48.4717 -62.3036 -156.467 -77.1916 -70.1321 -15.5876
-48.8581 -62.6544 -156.544 -77.3962 -70.2046 -15.3044
-49.2456 -63.0056 -156.62 -77.6 -70.2764 -15.0194
-49.6341 -63.3572 -156.694 -77.803 -70.3477 -14.7324
-50.0237 -63.7091 -156.767 -78.0053 -70.4184 -14.4435
-50.4142 -64.0614 -156.839 -78.2067 -70.4885 -14.1527
-50.8057 -64.414 -156.909 -78.4072 -70.558 -13.86
-51.1983 -64.7669 -156.977 -78.6069 -70.6268 -13.5653
-51.5918 -65.1203 -157.044 -78.8058 -70.695 -13.2687
-51.9863 -65.4739 -157.11 -79.0037 -70.7625 -12.9702
-52.3818 -65.8279 -157.174 -79.2008 -70.8293 -12.6698
-52.7783 -66.1822 -157.237 -79.3969 -70.8954 -12.3675
-53.1758 -66.5368 -157.298 -79.5921 -70.9608 -12.0633
-53.5743 -66.8918 -157.357 -79.7864 -71.0255 -11.7571
-53.9737 -67.2471 -157.415 -79.9796 -71.0895 -11.449
-54.3741 -67.6027 -157.472 -80.1719 -71.1527 -11.139
-54.7754 -67.9586 -157.527 -80.3632 -71.2152 -10.8271
-55.1777 -68.3149 -157.58 -80.5535 -71.2769 -10.5133
-55.5809 -68.6714 -157.632 -80.7427 -71.3378 -10.1975
-55.9851 -69.0282 -157.682 -80.9309 -71.3979 -9.87986
-56.3903 -69.3854 -157.731 -81.118 -71.4571 -9.5603
-56.7963 -69.7428 -157.778 -81.304 -71.5156 -9.23883
-57.2033 -70.1005 -157.823 -81.4889 -71.5732 -8.91546
-57.6112 -70.4586 -157.867 -81.6726 -71.6299 -8.59018
-58.02 -70.8168 -157.909 -81.8553 -71.6858 -8.26301
-58.4298 -71.1754 -157.949 -82.0367 -71.7408 -7.93394
-58.8404 -71.5343 -157.988 -82.217 -71.7948 -7.60298
-59.2519 -71.8934 -158.025 -82.3961 -71.848 -7.27012
-59.6644 -72.2527 -158.061 -82.5739 -71.9002 -6.93538
-60.0777 -72.6124 -158.095 -82.7505 -71.9515 -6.59877
-60.4919 -72.9723 -158.127 -82.9259 -72.0018 -6.26027
-60.9069 -73.3324 -158.157 -83.1 -72.0512 -5.9199
-61.3229 -73.6928 -158.186 -83.2728 -72.0996 -5.57766
-61.7397 -74.0534 -158.213 -83.4443 -72.147 -5.23356
-62.1573 -74.4142 -158.239 -83.6144 -72.1933 -4.88759
-62.5758 -74.7753 -158.262 -83.7832 -72.2387 -4.53978
-62.9952 -75.1366 -158.284 -83.9507 -72.283 -4.19012
-63.4153 -75.4982 -158.304 -84.1167 -72.3262 -3.83861
-63.8363 -75.8599 -158.322 -84.2813 -72.3684 -3.48527
-64.2582 -76.2218 -158.339 -84.4445 -72.4095 -3.1301
-64.6808 -76.584 -158.354 -84.6063 -72.4495 -2.77311
-65.1042 -76.9463 -158.367 -84.7666 -72.4884 -2.4143
-65.5285 -77.3089 -158.378 -84.9254 -72.5261 -2.05368
-65.9535 -77.6716 -158.387 -85.0827 -72.5628 -1.69126
-66.3793 -78.0345 -158.395 -85.2385 -72.5983 -1.32705
-66.8059 -78.3976 -158.4 -85.3927 -72.6326 -0.961046
-67.2332 -78.7608 -158.404 -85.5454 -72.6658 -0.593268
-67.6613 -79.1242 -158.406 -85.6965 -72.6977 -0.22372
-68.0902 -79.4878 -158.407 -85.846 -72.7285 0.147588
-68.5198 -79.8515 -158.405 -85.9938 -72.7581 0.520648
-68.9501 -80.2154 -158.401 -86.14 -72.7864 0.895451
-69.3812 -80.5794 -158.396 -86.2846 -72.8135 1.27199
-69.813 -80.9435 -158.389 -86.4275 -72.8394 1.65025
-70.2455 -81.3078 -158.379 -86.5686 -72.8639 2.03022
-70.6787 -81.6722 -158.368 -86.7081 -72.8873 2.41189
-71.1126 -82.0367 -158.355 -86.8458 -72.9093 2.79526
-71.5471 -82.4013 -158.34 -86.9817 -72.93 3.18031
-71.9824 -82.766 -158.324 -87.1159 -72.9494 3.56703
-72.4183 -83.1308 -158.305 -87.2483 -72.9675 3.95541
-72.8549 -83.4957 -158.284 -87.3788 -72.9843 4.34543
-73.2921 -83.8606 -158.261 -87.5075 -72.9997 4.73709
-73.7299 -84.2257 -158.237 -87.6344 -73.0137 5.13037
-74.1684 -84.5908 -158.21 -87.7593 -73.0264 5.52527
-74.6075 -84.9559 -158.181 -87.8824 -73.0377 5.92176
-75.0473 -85.3211 -158.151 -88.0035 -73.0476 6.31983
-75.4876 -85.6864 -158.118 -88.1227 -73.0561 6.71947
-75.9285 -86.0517 -158.084 -88.24 -73.0632 7.12067
-76.37 -86.417 -158.047 -88.3552 -73.0689 7.52341
-76.8121 -86.7824 -158.008 -88.4685 -73.0731 7.92768
-77.2547 -87.1478 -157.968 -88.5797 -73.0759 8.33346
-77.6979 -87.5131 -157.925 -88.689 -73.0772 8.74075
-78.1416 -87.8785 -157.88 -88.7961 -73.0771 9.14951
-78.5858 -88.2439 -157.833 -88.9012 -73.0754 9.55974
-79.0306 -88.6093 -157.785 -89.0042 -73.0723 9.97143
-79.4759 -88.9746 -157.734 -89.1051 -73.0677 10.3845
-79.9216 -89.34 -157.681 -89.2039 -73.0616 10.7991
-80.3679 -89.7053 -157.626 -89.3005 -73.054 11.215
-80.8147 -90.0705 -157.569 -89.3949 -73.0449 11.6324
-81.2619 -90.4357 -157.509 -89.4872 -73.0342 12.051
-81.7095 -90.8009 -157.448 -89.5772 -73.022 12.4711
-82.1576 -91.1659 -157.385 -89.6651 -73.0082 12.8925
-82.6062 -91.5309 -157.319 -89.7507 -72.9929 13.3152
-83.0551 -91.8959 -157.252 -89.834 -72.976 13.7392
-83.5045 -92.2607 -157.182 -89.9151 -72.9575 14.1644
-83.9543 -92.6254 -157.11 -89.9939 -72.9374 14.5909
-84.4045 -92.9901 -157.036 -90.0704 -72.9158 15.0187
-84.855 -93.3546 -156.96 -90.1445 -72.8925 15.4477
-85.3059 -93.719 -156.881 -90.2163 -72.8677 15.8779
-85.7572 -94.0833 -156.801 -90.2858 -72.8412 16.3092
-86.2088 -94.4474 -156.718 -90.3529 -72.8131 16.7418
-86.6607 -94.8114 -156.634 -90.4176 -72.7834 17.1754
-87.113 -95.1752 -156.547 -90.4799 -72.752 17.6102
-87.5655 -95.5389 -156.458 -90.5398 -72.719 18.0461
-88.0184 -95.9024 -156.366 -90.5972 -72.6844 18.483
-88.4715 -96.2658 -156.273 -90.6522 -72.6481 18.921
-88.9249 -96.6289 -156.177 -90.7047 -72.6101 19.3601
-89.3785 -96.9919 -156.079 -90.7548 -72.5705 19.8001
-89.8324 -97.3546 -155.979 -90.8023 -72.5292 20.2412
-90.2866 -97.7172 -155.877 -90.8474 -72.4862 20.6832
-90.7409 -98.0795 -155.772 -90.8899 -72.4416 21.1261
-91.1955 -98.4416 -155.665 -90.93 -72.3952 21.5699
-91.6502 -98.8034 -155.556 -90.9674 -72.3472 22.0147
-92.1052 -99.1651 -155.445 -91.0023 -72.2974 22.4603
-92.5603 -99.5264 -155.332 -91.0347 -72.246 22.9068
-93.0155 -99.8875 -155.216 -91.0644 -72.1929 23.3541
-93.4709 -100.248 -155.098 -91.0916 -72.138 23.8022
-93.9264 -100.609 -154.978 -91.1161 -72.0815 24.251
-94.3821 -100.969 -154.856 -91.1381 -72.0232 24.7006
-94.8378 -101.329 -154.731 -91.1574 -71.9632 25.1509
-95.2936 -101.689 -154.604 -91.1741 -71.9015 25.602
-95.7496 -102.048 -154.475 -91.1881 -71.838 26.0537
-96.2055 -102.407 -154.344 -91.1995 -71.7728 26.506
-96.6616 -102.766 -154.21 -91.2082 -71.7059 26.959
-97.1176 -103.124 -154.074 -91.2143 -71.6373 27.4125
-97.5737 -103.482 -153.936 -91.2177 -71.5669 27.8666
-98.0298 -103.84 -153.796 -91.2183 -71.4948 28.3213
-98.4859 -104.197 -153.653 -91.2163 -71.4209 28.7765
-98.942 -104.554 -153.508 -91.2116 -71.3454 29.2321
-99.398 -104.911 -153.361 -91.2042 -71.268 29.6883
-99.854 -105.267 -153.211 -91.194 -71.1889 30.1448
-100.31 -105.623 -153.059 -91.1812 -71.1081 30.6018
-100.766 -105.978 -152.905 -91.1656 -71.0256 31.0591
-101.222 -106.333 -152.748 -91.1472 -70.9413 31.5168
-101.677 -106.687 -152.59 -91.1262 -70.8552 31.9748
-102.133 -107.041 -152.429 -91.1024 -70.7674 32.4331
-102.588 -107.395 -152.265 -91.0758 -70.6779 32.8917
-103.044 -107.748 -152.1 -91.0465 -70.5866 33.3504
-103.499 -108.101 -151.932 -91.0144 -70.4936 33.8095
-103.954 -108.453 -151.762 -90.9796 -70.3988 34.2686
-104.409 -108.805 -151.589 -90.942 -70.3023 34.728
-104.863 -109.156 -151.414 -90.9017 -70.2041 35.1874
-105.318 -109.507 -151.237 -90.8586 -70.1041 35.647
-105.772 -109.857 -151.058 -90.8128 -70.0024 36.1066
-106.226 -110.207 -150.876 -90.7641 -69.8989 36.5662
-106.679 -110.556 -150.692 -90.7128 -69.7937 37.0259
-107.133 -110.905 -150.506 -90.6586 -69.6868 37.4855
-107.586 -111.253 -150.317 -90.6017 -69.5781 37.945
-108.039 -111.601 -150.127 -90.542 -69.4678 38.4045
-108.491 -111.948 -149.933 -90.4796 -69.3557 38.8639
-108.944 -112.294 -149.738 -90.4144 -69.2419 39.3231
-109.396 -112.64 -149.54 -90.3464 -69.1264 39.7822
-109.847 -112.985 -149.34 -90.2757 -69.0091 40.241
-110.298 -113.33 -149.138 -90.2023 -68.8902 40.6996
-110.749 -113.674 -148.933 -90.1261 -68.7695 41.1579
-111.2 -114.018 -148.726 -90.0471 -68.6472 41.616
-111.65 -114.361 -148.517 -89.9655 -68.5231 42.0737
-112.099 -114.703 -148.306 -89.881 -68.3974 42.5311
-112.548 -115.045 -148.092 -89.7939 -68.27 42.9881
-112.997 -115.386 -147.876 -89.704 -68.1409 43.4447
-113.446 -115.726 -147.657 -89.6114 -68.0101 43.9008
-113.893 -116.066 -147.437 -89.5161 -67.8777 44.3565
-114.341 -116.405 -147.214 -89.4181 -67.7436 44.8116
-114.788 -116.743 -146.989 -89.3174 -67.6078 45.2662
-115.234 -117.081 -146.761 -89.214 -67.4704 45.7203
-115.68 -117.418 -146.531 -89.1079 -67.3313 46.1738
-116.125 -117.754 -146.299 -88.9992 -67.1906 46.6266
-116.57 -118.09 -146.065 -88.8877 -67.0483 47.0788
-117.014 -118.425 -145.829 -88.7736 -66.9043 47.5303
-117.457 -118.759 -145.59 -88.6569 -66.7588 47.9811
-117.9 -119.092 -145.349 -88.5375 -66.6116 48.4312
-118.343 -119.425 -145.105 -88.4155 -66.4628 48.8805
-118.785 -119.757 -144.86 -88.2909 -66.3124 49.329
-119.226 -120.088 -144.612 -88.1637 -66.1604 49.7766
-119.666 -120.419 -144.362 -88.0339 -66.0068 50.2234
-120.106 -120.748 -144.11 -87.9015 -65.8517 50.6694
-120.545 -121.077 -143.856 -87.7665 -65.695 51.1144
-120.984 -121.405 -143.599 -87.6289 -65.5367 51.5584
-121.422 -121.733 -143.34 -87.4888 -65.3769 52.0015
-121.859 -122.059 -143.079 -87.3462 -65.2156 52.4436
-122.295 -122.385 -142.815 -87.201 -65.0527 52.8846
-122.731 -122.71 -142.55 -87.0533 -64.8883 53.3246
-123.166 -123.034 -142.282 -86.9032 -64.7224 53.7635
-123.6 -123.357 -142.012 -86.7505 -64.5549 54.2013
-124.033 -123.679 -141.74 -86.5954 -64.386 54.638
-124.466 -124.001 -141.466 -86.4378 -64.2156 55.0735
-124.897 -124.321 -141.19 -86.2778 -64.0437 55.5078
-125.328 -124.641 -140.911 -86.1153 -63.8704 55.9408
-125.759 -124.96 -140.63 -85.9504 -63.6956 56.3727
-126.188 -125.278 -140.347 -85.7832 -63.5194 56.8032
-126.616 -125.595 -140.062 -85.6135 -63.3417 57.2324
-127.044 -125.911 -139.775 -85.4415 -63.1626 57.6604
-127.471 -126.227 -139.485 -85.2672 -62.9822 58.0869
-127.897 -126.541 -139.194 -85.0905 -62.8003 58.5121
-128.322 -126.855 -138.9 -84.9114 -62.617 58.9359
-128.746 -127.167 -138.605 -84.7301 -62.4323 59.3582
-129.169 -127.479 -138.307 -84.5466 -62.2463 59.7791
-129.591 -127.79 -138.007 -84.3607 -62.0589 60.1985
-130.013 -128.1 -137.705 -84.1726 -61.8702 60.6164
-130.433 -128.409 -137.401 -83.9823 -61.6801 61.0328
-130.852 -128.717 -137.094 -83.7897 -61.4887 61.4476
-131.271 -129.024 -136.786 -83.595 -61.296 61.8609
-131.688 -129.33 -136.476 -83.3981 -61.1021 62.2725
