75 75 75 0 0 -49
74.9999 74.9999 74.7549 -0.0342472 -0.0323591 -49.0322
74.9997 74.9997 74.5097 -0.0685559 -0.0647794 -49.0644
74.9992 74.9993 74.2643 -0.102926 -0.097261 -49.0966
74.9986 74.9987 74.0187 -0.137358 -0.129804 -49.1288
74.9979 74.998 73.773 -0.171852 -0.162408 -49.1611
74.9969 74.9971 73.5271 -0.206408 -0.195075 -49.1934
74.9958 74.996 73.2811 -0.241025 -0.227802 -49.2256
74.9945 74.9948 73.0348 -0.275705 -0.260592 -49.2579
74.993 74.9934 72.7885 -0.310448 -0.293444 -49.2903
74.9914 74.9919 72.5419 -0.345252 -0.326357 -49.3226
74.9896 74.9902 72.2952 -0.380119 -0.359333 -49.3549
74.9876 74.9883 72.0484 -0.415049 -0.392371 -49.3873
74.9854 74.9862 71.8014 -0.450041 -0.425472 -49.4197
74.9831 74.984 71.5542 -0.485097 -0.458635 -49.4521
74.9806 74.9816 71.3069 -0.520215 -0.491861 -49.4845
74.9779 74.9791 71.0594 -0.555396 -0.52515 -49.5169
74.975 74.9764 70.8117 -0.590641 -0.558501 -49.5493
74.972 74.9735 70.5639 -0.625948 -0.591916 -49.5818
74.9688 74.9705 70.3159 -0.66132 -0.625393 -49.6143
74.9654 74.9673 70.0677 -0.696754 -0.658934 -49.6467
74.9618 74.9639 69.8194 -0.732253 -0.692538 -49.6792
74.9581 74.9603 69.5709 -0.767815 -0.726206 -49.7118
74.9541 74.9566 69.3223 -0.803441 -0.759937 -49.7443
74.95 74.9527 69.0735 -0.839131 -0.793732 -49.7768
74.9457 74.9487 68.8245 -0.874885 -0.827591 -49.8094
74.9413 74.9445 68.5754 -0.910704 -0.861513 -49.842
74.9366 74.9401 68.3261 -0.946587 -0.8955 -49.8746
74.9318 74.9355 68.0766 -0.982534 -0.929551 -49.9072
74.9268 74.9308 67.827 -1.01855 -0.963666 -49.9398
74.9216 74.9259 67.5772 -1.05462 -0.997846 -49.9724
74.9163 74.9208 67.3273 -1.09076 -1.03209 -50.0051
74.9107 74.9156 67.0772 -1.12697 -1.0664 -50.0377
74.905 74.9101 66.8269 -1.16324 -1.10077 -50.0704
74.8991 74.9045 66.5765 -1.19958 -1.13521 -50.1031
74.893 74.8988 66.3259 -1.23598 -1.16972 -50.1358
74.8867 74.8928 66.0751 -1.27245 -1.20428 -50.1685
74.8803 74.8867 65.8242 -1.30898 -1.23892 -50.2013
74.8736 74.8805 65.5731 -1.34558 -1.27362 -50.234
74.8668 74.874 65.3219 -1.38225 -1.30838 -50.2668
74.8598 74.8674 65.0704 -1.41898 -1.34321 -50.2996
74.8526 74.8606 64.8189 -1.45577 -1.37811 -50.3324
74.8453 74.8536 64.5671 -1.49264 -1.41307 -50.3652
74.8377 74.8464 64.3152 -1.52956 -1.4481 -50.398
74.83 74.8391 64.0631 -1.56656 -1.4832 -50.4309
74.822 74.8316 63.8109 -1.60362 -1.51836 -50.4637
74.8139 74.8239 63.5585 -1.64075 -1.55358 -50.4966
74.8056 74.8161 63.3059 -1.67795 -1.58888 -50.5295
74.7971 74.808 63.0532 -1.71521 -1.62424 -50.5624
74.7885 74.7998 62.8003 -1.75254 -1.65967 -50.5953
74.7796 74.7914 62.5473 -1.78994 -1.69516 -50.6282
74.7706 74.7829 62.294 -1.8274 -1.73072 -50.6612
74.7613 74.7741 62.0406 -1.86493 -1.76635 -50.6941
74.7519 74.7652 61.7871 -1.90253 -1.80204 -50.7271
74.7423 74.7561 61.5334 -1.9402 -1.83781 -50.7601
74.7325 74.7468 61.2795 -1.97793 -1.87364 -50.7931
74.7225 74.7374 61.0254 -2.01574 -1.90954 -50.8261
74.7124 74.7277 60.7712 -2.05361 -1.9455 -50.8591
74.702 74.7179 60.5169 -2.09155 -1.98154 -50.8921
74.6915 74.7079 60.2623 -2.12956 -2.01764 -50.9252
74.6807 74.6978 60.0076 -2.16763 -2.05381 -50.9582
74.6698 74.6874 59.7527 -2.20578 -2.09005 -50.9913
74.6587 74.6769 59.4977 -2.24399 -2.12636 -51.0244
74.6473 74.6661 59.2425 -2.28227 -2.16273 -51.0575
74.6358 74.6552 58.9871 -2.32062 -2.19918 -51.0906
74.6241 74.6441 58.7316 -2.35905 -2.23569 -51.1238
74.6122 74.6329 58.4759 -2.39754 -2.27227 -51.1569
74.6002 74.6214 58.22 -2.43609 -2.30893 -51.1901
74.5879 74.6098 57.964 -2.47472 -2.34565 -51.2232
74.5754 74.598 57.7078 -2.51342 -2.38244 -51.2564
74.5627 74.586 57.4514 -2.55219 -2.4193 -51.2896
74.5499 74.5738 57.1949 -2.59103 -2.45623 -51.3228
74.5368 74.5614 56.9382 -2.62994 -2.49323 -51.356
74.5236 74.5488 56.6813 -2.66892 -2.5303 -51.3893
74.5101 74.5361 56.4243 -2.70797 -2.56744 -51.4225
74.4965 74.5232 56.1671 -2.74709 -2.60465 -51.4558
74.4827 74.51 55.9097 -2.78628 -2.64193 -51.4891
74.4686 74.4967 55.6522 -2.82554 -2.67928 -51.5223
74.4544 74.4833 55.3945 -2.86487 -2.7167 -51.5556
74.44 74.4696 55.1366 -2.90427 -2.75419 -51.589
74.4254 74.4557 54.8786 -2.94375 -2.79176 -51.6223
74.4106 74.4417 54.6204 -2.98329 -2.82939 -51.6556
74.3955 74.4274 54.3621 -3.02291 -2.8671 -51.689
74.3803 74.413 54.1035 -3.0626 -2.90487 -51.7223
74.3649 74.3984 53.8448 -3.10236 -2.94272 -51.7557
74.3493 74.3836 53.586 -3.14219 -2.98064 -51.7891
74.3335 74.3686 53.327 -3.1821 -3.01863 -51.8225
74.3175 74.3534 53.0678 -3.22207 -3.0567 -51.8559
74.3013 74.338 52.8084 -3.26212 -3.09484 -51.8893
74.2849 74.3224 52.5489 -3.30224 -3.13304 -51.9227
74.2683 74.3067 52.2892 -3.34244 -3.17132 -51.9562
74.2514 74.2907 52.0293 -3.38271 -3.20968 -51.9896
74.2344 74.2746 51.7693 -3.42305 -3.2481 -52.0231
74.2172 74.2582 51.5091 -3.46346 -3.2866 -52.0566
74.1998 74.2417 51.2487 -3.50394 -3.32518 -52.0901
74.1822 74.225 50.9882 -3.5445 -3.36382 -52.1236
74.1644 74.2081 50.7275 -3.58514 -3.40254 -52.1571
74.1463 74.191 50.4666 -3.62584 -3.44133 -52.1906
74.1281 74.1737 50.2056 -3.66662 -3.4802 -52.2241
74.1097 74.1562 49.9444 -3.70748 -3.51914 -52.2577
74.091 74.1385 49.683 -3.74841 -3.55815 -52.2912
74.0722 74.1206 49.4214 -3.78941 -3.59724 -52.3248
74.0531 74.1025 49.1597 -3.83049 -3.6364 -52.3584
74.0339 74.0842 48.8979 -3.87164 -3.67563 -52.3919
74.0144 74.0657 48.6358 -3.91287 -3.71494 -52.4255
73.9947 74.0471 48.3736 -3.95417 -3.75433 -52.4591
73.9749 74.0282 48.1112 -3.99554 -3.79379 -52.4928
73.9548 74.0091 47.8487 -4.03699 -3.83332 -52.5264
73.9345 73.9899 47.586 -4.07852 -3.87293 -52.56
73.914 73.9704 47.3231 -4.12012 -3.91262 -52.5937
73.8933 73.9507 47.06 -4.1618 -3.95238 -52.6273
73.8724 73.9309 46.7968 -4.20355 -3.99221 -52.661
73.8513 73.9108 46.5334 -4.24538 -4.03213 -52.6947
73.8299 73.8906 46.2699 -4.28729 -4.07211 -52.7284
73.8084 73.8701 46.0061 -4.32927 -4.11218 -52.7621
73.7866 73.8494 45.7422 -4.37133 -4.15232 -52.7958
73.7647 73.8286 45.4782 -4.41346 -4.19253 -52.8295
73.7425 73.8075 45.2139 -4.45567 -4.23283 -52.8632
73.7201 73.7862 44.9495 -4.49796 -4.2732 -52.8969
73.6975 73.7648 44.685 -4.54033 -4.31364 -52.9307
73.6747 73.7431 44.4202 -4.58277 -4.35417 -52.9644
73.6517 73.7212 44.1553 -4.62529 -4.39477 -52.9982
73.6285 73.6992 43.8903 -4.66789 -4.43544 -53.032
73.605 73.6769 43.625 -4.71056 -4.4762 -53.0657
73.5814 73.6544 43.3596 -4.75331 -4.51703 -53.0995
73.5575 73.6317 43.094 -4.79614 -4.55794 -53.1333
73.5334 73.6088 42.8283 -4.83905 -4.59893 -53.1671
73.5091 73.5857 42.5623 -4.88204 -4.64 -53.2009
73.4846 73.5624 42.2963 -4.9251 -4.68115 -53.2348
73.4598 73.5389 42.03 -4.96825 -4.72237 -53.2686
73.4349 73.5152 41.7636 -5.01147 -4.76367 -53.3024
73.4097 73.4913 41.497 -5.05477 -4.80505 -53.3363
73.3844 73.4671 41.2302 -5.09815 -4.84652 -53.3701
73.3588 73.4428 40.9633 -5.14161 -4.88805 -53.404
73.3329 73.4183 40.6962 -5.18515 -4.92967 -53.4378
73.3069 73.3935 40.4289 -5.22877 -4.97137 -53.4717
73.2806 73.3686 40.1615 -5.27247 -5.01315 -53.5056
73.2542 73.3434 39.8938 -5.31625 -5.05501 -53.5395
73.2275 73.318 39.6261 -5.36011 -5.09695 -53.5734
73.2006 73.2924 39.3581 -5.40405 -5.13897 -53.6073
73.1734 73.2666 39.09 -5.44807 -5.18106 -53.6412
73.1461 73.2406 38.8217 -5.49217 -5.22324 -53.6751
73.1185 73.2144 38.5532 -5.53635 -5.2655 -53.709
73.0907 73.188 38.2846 -5.58061 -5.30784 -53.743
73.0627 73.1613 38.0158 -5.62495 -5.35027 -53.7769
73.0345 73.1344 37.7468 -5.66937 -5.39277 -53.8108
73.006 73.1074 37.4777 -5.71388 -5.43535 -53.8448
72.9773 73.0801 37.2084 -5.75847 -5.47802 -53.8787
72.9484 73.0526 36.9389 -5.80314 -5.52077 -53.9127
72.9193 73.0249 36.6693 -5.84789 -5.5636 -53.9467
72.89 72.997 36.3994 -5.89272 -5.60651 -53.9806
72.8604 72.9688 36.1295 -5.93764 -5.64951 -54.0146
72.8306 72.9405 35.8593 -5.98263 -5.69258 -54.0486
72.8006 72.9119 35.589 -6.02771 -5.73574 -54.0826
72.7703 72.8831 35.3185 -6.07288 -5.77899 -54.1166
72.7398 72.8541 35.0478 -6.11812 -5.82231 -54.1506
72.7091 72.8249 34.777 -6.16345 -5.86572 -54.1846
72.6782 72.7955 34.506 -6.20887 -5.90921 -54.2186
72.647 72.7658 34.2348 -6.25436 -5.95279 -54.2526
72.6157 72.7359 33.9634 -6.29994 -5.99645 -54.2866
72.584 72.7058 33.6919 -6.34561 -6.04019 -54.3206
72.5522 72.6755 33.4202 -6.39135 -6.08402 -54.3546
72.5201 72.645 33.1484 -6.43719 -6.12793 -54.3887
72.4878 72.6142 32.8763 -6.4831 -6.17193 -54.4227
72.4553 72.5833 32.6041 -6.52911 -6.21601 -54.4567
72.4225 72.5521 32.3318 -6.57519 -6.26018 -54.4908
72.3895 72.5207 32.0592 -6.62136 -6.30443 -54.5248
72.3563 72.489 31.7865 -6.66762 -6.34877 -54.5589
72.3229 72.4572 31.5136 -6.71396 -6.39319 -54.5929
72.2892 72.4251 31.2406 -6.76039 -6.4377 -54.627
72.2553 72.3928 30.9674 -6.8069 -6.48229 -54.661
72.2211 72.3603 30.694 -6.8535 -6.52697 -54.6951
72.1867 72.3275 30.4204 -6.90019 -6.57174 -54.7291
72.1521 72.2946 30.1467 -6.94696 -6.61659 -54.7632
72.1173 72.2614 29.8728 -6.99382 -6.66153 -54.7973
72.0822 72.228 29.5987 -7.04076 -6.70655 -54.8313
72.0469 72.1943 29.3245 -7.08779 -6.75167 -54.8654
72.0113 72.1604 29.0501 -7.13491 -6.79687 -54.8995
71.9755 72.1263 28.7755 -7.18212 -6.84216 -54.9336
71.9395 72.092 28.5007 -7.22941 -6.88753 -54.9676
71.9032 72.0575 28.2258 -7.27679 -6.93299 -55.0017
71.8667 72.0227 27.9507 -7.32426 -6.97855 -55.0358
71.83 71.9877 27.6754 -7.37182 -7.02418 -55.0699
71.793 71.9524 27.4 -7.41946 -7.06991 -55.1039
71.7558 71.917 27.1244 -7.4672 -7.11573 -55.138
71.7183 71.8813 26.8486 -7.51502 -7.16164 -55.1721
71.6806 71.8454 26.5727 -7.56293 -7.20763 -55.2062
71.6427 71.8092 26.2966 -7.61093 -7.25371 -55.2403
71.6045 71.7728 26.0203 -7.65902 -7.29989 -55.2743
71.5661 71.7362 25.7438 -7.7072 -7.34615 -55.3084
71.5274 71.6994 25.4672 -7.75547 -7.3925 -55.3425
71.4886 71.6623 25.1904 -7.80382 -7.43894 -55.3766
71.4494 71.625 24.9134 -7.85227 -7.48548 -55.4107
71.41 71.5874 24.6363 -7.90081 -7.5321 -55.4447
71.3704 71.5497 24.359 -7.94944 -7.57882 -55.4788
71.3305 71.5116 24.0815 -7.99816 -7.62562 -55.5129
71.2904 71.4734 23.8039 -8.04697 -7.67252 -55.547
71.2501 71.4349 23.526 -8.09587 -7.7195 -55.581
71.2095 71.3962 23.248 -8.14486 -7.76658 -55.6151
71.1686 71.3573 22.9699 -8.19394 -7.81375 -55.6492
71.1275 71.3181 22.6916 -8.24312 -7.86102 -55.6832
71.0862 71.2786 22.4131 -8.29238 -7.90837 -55.7173
71.0446 71.239 22.1344 -8.34174 -7.95582 -55.7514
71.0028 71.1991 21.8555 -8.39119 -8.00336 -55.7854
70.9607 71.159 21.5765 -8.44074 -8.05099 -55.8195
70.9184 71.1186 21.2973 -8.49037 -8.09872 -55.8536
70.8758 71.078 21.018 -8.5401 -8.14654 -55.8876
70.833 71.0371 20.7385 -8.58992 -8.19445 -55.9217
70.7899 70.996 20.4588 -8.63984 -8.24245 -55.9557
70.7466 70.9547 20.1789 -8.68985 -8.29055 -55.9897
70.703 70.9131 19.8989 -8.73995 -8.33875 -56.0238
70.6592 70.8713 19.6187 -8.79014 -8.38704 -56.0578
70.6151 70.8293 19.3383 -8.84043 -8.43542 -56.0918
70.5708 70.787 19.0578 -8.89082 -8.4839 -56.1259
70.5262 70.7444 18.777 -8.9413 -8.53247 -56.1599
70.4813 70.7016 18.4962 -8.99187 -8.58114 -56.1939
70.4363 70.6586 18.2151 -9.04254 -8.6299 -56.2279
70.3909 70.6153 17.9339 -9.0933 -8.67876 -56.2619
70.3453 70.5718 17.6525 -9.14416 -8.72771 -56.2959
70.2995 70.5281 17.3709 -9.19512 -8.77676 -56.3299
70.2534 70.484 17.0892 -9.24617 -8.82591 -56.3639
70.207 70.4398 16.8073 -9.29731 -8.87515 -56.3979
70.1604 70.3953 16.5252 -9.34856 -8.92449 -56.4319
70.1135 70.3506 16.243 -9.39989 -8.97393 -56.4658
70.0664 70.3056 15.9606 -9.45133 -9.02347 -56.4998
70.019 70.2603 15.678 -9.50286 -9.0731 -56.5337
69.9714 70.2148 15.3952 -9.55449 -9.12283 -56.5677
69.9235 70.1691 15.1123 -9.60622 -9.17266 -56.6016
69.8753 70.1231 14.8292 -9.65804 -9.22258 -56.6356
69.8269 70.0769 14.5459 -9.70997 -9.27261 -56.6695
69.7782 70.0304 14.2625 -9.76199 -9.32273 -56.7034
69.7293 69.9836 13.9789 -9.81411 -9.37295 -56.7373
69.6801 69.9366 13.6951 -9.86632 -9.42327 -56.7712
69.6306 69.8894 13.4112 -9.91864 -9.47369 -56.8051
69.5809 69.8419 13.1271 -9.97105 -9.52421 -56.839
69.5309 69.7942 12.8428 -10.0236 -9.57483 -56.8729
69.4807 69.7462 12.5584 -10.0762 -9.62555 -56.9068
69.4301 69.6979 12.2737 -10.1289 -9.67637 -56.9406
69.3794 69.6494 11.9889 -10.1817 -9.72729 -56.9745
69.3283 69.6006 11.704 -10.2346 -9.77831 -57.0083
69.277 69.5516 11.4189 -10.2876 -9.82943 -57.0421
69.2255 69.5023 11.1336 -10.3407 -9.88065 -57.076
69.1736 69.4528 10.8481 -10.394 -9.93197 -57.1098
69.1215 69.403 10.5625 -10.4473 -9.9834 -57.1436
69.0691 69.353 10.2767 -10.5007 -10.0349 -57.1773
69.0165 69.3027 9.9907 -10.5542 -10.0866 -57.2111
68.9636 69.2521 9.70456 -10.6078 -10.1383 -57.2449
68.9104 69.2013 9.41825 -10.6615 -10.1901 -57.2786
68.857 69.1502 9.13177 -10.7154 -10.2421 -57.3124
68.8033 69.0989 8.84512 -10.7693 -10.2941 -57.3461
68.7493 69.0473 8.55831 -10.8233 -10.3462 -57.3798
68.695 68.9954 8.27133 -10.8775 -10.3985 -57.4135
68.6405 68.9433 7.98418 -10.9317 -10.4508 -57.4472
68.5857 68.8909 7.69686 -10.986 -10.5033 -57.4809
68.5307 68.8383 7.40937 -11.0405 -10.5559 -57.5145
68.4753 68.7853 7.12171 -11.095 -10.6085 -57.5482
68.4197 68.7322 6.83388 -11.1497 -10.6613 -57.5818
68.3638 68.6787 6.54589 -11.2044 -10.7142 -57.6155
68.3077 68.625 6.25773 -11.2593 -10.7671 -57.6491
68.2512 68.5711 5.9694 -11.3142 -10.8202 -57.6827
68.1945 68.5168 5.6809 -11.3693 -10.8734 -57.7162
68.1375 68.4623 5.39224 -11.4245 -10.9267 -57.7498
68.0803 68.4076 5.10341 -11.4798 -10.9801 -57.7833
68.0227 68.3525 4.81441 -11.5351 -11.0336 -57.8169
67.9649 68.2972 4.52524 -11.5906 -11.0872 -57.8504
67.9068 68.2417 4.2359 -11.6462 -11.141 -57.8839
67.8485 68.1858 3.9464 -11.7019 -11.1948 -57.9174
67.7898 68.1297 3.65673 -11.7577 -11.2487 -57.9509
67.7309 68.0733 3.36689 -11.8137 -11.3028 -57.9843
67.6717 68.0167 3.07689 -11.8697 -11.3569 -58.0177
67.6122 67.9598 2.78671 -11.9258 -11.4112 -58.0512
67.5524 67.9026 2.49637 -11.9821 -11.4655 -58.0846
67.4924 67.8451 2.20587 -12.0384 -11.52 -58.1179
67.432 67.7874 1.9152 -12.0949 -11.5746 -58.1513
67.3714 67.7294 1.62436 -12.1514 -11.6293 -58.1847
67.3105 67.6711 1.33335 -12.2081 -11.6841 -58.218
67.2494 67.6125 1.04218 -12.2649 -11.739 -58.2513
67.1879 67.5537 0.750837 -12.3218 -11.794 -58.2846
67.1261 67.4946 0.459331 -12.3788 -11.8492 -58.3179
67.0641 67.4352 0.167659 -12.4359 -11.9044 -58.3511
67.0018 67.3755 -0.12418 -12.4931 -11.9598 -58.3843
66.9392 67.3156 -0.416184 -12.5504 -12.0152 -58.4175
66.8763 67.2554 -0.708355 -12.6079 -12.0708 -58.4507
66.8131 67.1949 -1.00069 -12.6654 -12.1265 -58.4839
66.7496 67.1341 -1.29319 -12.7231 -12.1823 -58.5171
66.6859 67.0731 -1.58586 -12.7809 -12.2382 -58.5502
66.6218 67.0117 -1.8787 -12.8387 -12.2943 -58.5833
66.5575 66.9501 -2.17169 -12.8967 -12.3504 -58.6164
66.4928 66.8882 -2.46486 -12.9549 -12.4066 -58.6495
66.4279 66.8261 -2.75819 -13.0131 -12.463 -58.6825
66.3627 66.7636 -3.05168 -13.0714 -12.5195 -58.7155
66.2972 66.7009 -3.34534 -13.1299 -12.5761 -58.7485
66.2314 66.6378 -3.63917 -13.1884 -12.6328 -58.7815
66.1653 66.5745 -3.93316 -13.2471 -12.6896 -58.8145
66.0989 66.511 -4.22731 -13.3059 -12.7465 -58.8474
66.0323 66.4471 -4.52163 -13.3648 -12.8036 -58.8803
65.9653 66.3829 -4.81612 -13.4238 -12.8607 -58.9132
65.898 66.3185 -5.11076 -13.4829 -12.918 -58.946
65.8305 66.2537 -5.40558 -13.5422 -12.9754 -58.9789
65.7626 66.1887 -5.70055 -13.6016 -13.0329 -59.0117
65.6945 66.1234 -5.99569 -13.661 -13.0905 -59.0445
65.626 66.0578 -6.291 -13.7206 -13.1482 -59.0772
65.5572 65.9919 -6.58646 -13.7803 -13.2061 -59.11
65.4882 65.9258 -6.8821 -13.8402 -13.264 -59.1427
65.4188 65.8593 -7.17789 -13.9001 -13.3221 -59.1754
65.3492 65.7925 -7.47385 -13.9602 -13.3803 -59.208
65.2792 65.7255 -7.76997 -14.0203 -13.4386 -59.2407
65.209 65.6581 -8.06626 -14.0806 -13.4971 -59.2733
65.1384 65.5905 -8.3627 -14.141 -13.5556 -59.3059
65.0676 65.5226 -8.65931 -14.2016 -13.6143 -59.3384
64.9964 65.4544 -8.95609 -14.2622 -13.673 -59.371
64.925 65.3859 -9.25302 -14.323 -13.7319 -59.4035
64.8532 65.3171 -9.55012 -14.3838 -13.791 -59.4359
64.7811 65.248 -9.84738 -14.4448 -13.8501 -59.4684
64.7087 65.1786 -10.1448 -14.5059 -13.9093 -59.5008
64.6361 65.1089 -10.4424 -14.5672 -13.9687 -59.5332
64.5631 65.0389 -10.7401 -14.6285 -14.0282 -59.5656
64.4898 64.9686 -11.038 -14.69 -14.0878 -59.5979
64.4162 64.898 -11.3361 -14.7516 -14.1475 -59.6302
64.3423 64.8271 -11.6343 -14.8133 -14.2074 -59.6625
64.268 64.7559 -11.9327 -14.8751 -14.2673 -59.6948
64.1935 64.6844 -12.2313 -14.937 -14.3274 -59.727
64.1187 64.6126 -12.53 -14.9991 -14.3876 -59.7592
64.0435 64.5406 -12.8289 -15.0613 -14.4479 -59.7913
63.9681 64.4682 -13.1279 -15.1236 -14.5084 -59.8235
63.8923 64.3955 -13.4271 -15.186 -14.569 -59.8556
63.8162 64.3225 -13.7265 -15.2485 -14.6296 -59.8876
63.7398 64.2492 -14.026 -15.3112 -14.6904 -59.9197
63.6631 64.1756 -14.3257 -15.374 -14.7514 -59.9517
63.5861 64.1017 -14.6255 -15.4369 -14.8124 -59.9837
63.5087 64.0274 -14.9255 -15.4999 -14.8736 -60.0156
63.4311 63.9529 -15.2257 -15.563 -14.9349 -60.0475
63.3531 63.8781 -15.526 -15.6263 -14.9963 -60.0794
63.2748 63.803 -15.8265 -15.6897 -15.0578 -60.1112
63.1962 63.7275 -16.1271 -15.7532 -15.1195 -60.143
63.1173 63.6518 -16.4279 -15.8168 -15.1812 -60.1748
63.038 63.5757 -16.7288 -15.8805 -15.2431 -60.2066
62.9585 63.4993 -17.03 -15.9444 -15.3051 -60.2383
62.8786 63.4227 -17.3312 -16.0084 -15.3673 -60.27
62.7984 63.3457 -17.6327 -16.0725 -15.4295 -60.3016
62.7179 63.2684 -17.9342 -16.1367 -15.4919 -60.3332
62.637 63.1907 -18.236 -16.2011 -15.5544 -60.3648
62.5559 63.1128 -18.5379 -16.2656 -15.6171 -60.3963
62.4744 63.0346 -18.84 -16.3302 -15.6798 -60.4278
62.3926 62.956 -19.1422 -16.3949 -15.7427 -60.4593
62.3104 62.8772 -19.4445 -16.4597 -15.8057 -60.4907
62.228 62.798 -19.7471 -16.5247 -15.8688 -60.5221
62.1452 62.7185 -20.0498 -16.5898 -15.9321 -60.5535
62.0621 62.6386 -20.3526 -16.655 -15.9955 -60.5848
61.9786 62.5585 -20.6556 -16.7203 -16.0589 -60.6161
61.8949 62.4781 -20.9588 -16.7857 -16.1226 -60.6474
61.8108 62.3973 -21.2621 -16.8513 -16.1863 -60.6786
61.7263 62.3162 -21.5656 -16.917 -16.2502 -60.7098
61.6416 62.2348 -21.8692 -16.9828 -16.3142 -60.7409
61.5565 62.1531 -22.173 -17.0488 -16.3783 -60.772
61.4711 62.071 -22.4769 -17.1148 -16.4425 -60.8031
61.3854 61.9886 -22.781 -17.181 -16.5069 -60.8341
61.2993 61.9059 -23.0852 -17.2473 -16.5714 -60.8651
61.2129 61.8229 -23.3896 -17.3138 -16.636 -60.8961
61.1262 61.7396 -23.6942 -17.3803 -16.7007 -60.927
61.0391 61.6559 -23.9989 -17.447 -16.7656 -60.9578
60.9517 61.5719 -24.3038 -17.5138 -16.8306 -60.9887
60.864 61.4876 -24.6088 -17.5807 -16.8957 -61.0195
60.7759 61.403 -24.914 -17.6478 -16.9609 -61.0502
60.6875 61.318 -25.2193 -17.7149 -17.0263 -61.0809
60.5987 61.2327 -25.5248 -17.7822 -17.0918 -61.1116
60.5097 61.1471 -25.8304 -17.8497 -17.1574 -61.1422
60.4202 61.0611 -26.1362 -17.9172 -17.2231 -61.1728
60.3305 60.9748 -26.4421 -17.9849 -17.289 -61.2034
60.2404 60.8882 -26.7482 -18.0526 -17.3549 -61.2339
60.15 60.8013 -27.0545 -18.1205 -17.421 -61.2644
60.0592 60.714 -27.3609 -18.1886 -17.4873 -61.2948
59.9681 60.6264 -27.6674 -18.2567 -17.5536 -61.3252
59.8766 60.5385 -27.9741 -18.325 -17.6201 -61.3555
59.7848 60.4502 -28.281 -18.3934 -17.6867 -61.3859
59.6927 60.3616 -28.588 -18.4619 -17.7534 -61.4161
59.6002 60.2727 -28.8952 -18.5305 -17.8203 -61.4463
59.5074 60.1834 -29.2025 -18.5993 -17.8873 -61.4765
59.4142 60.0938 -29.5099 -18.6681 -17.9543 -61.5067
59.3207 60.0039 -29.8175 -18.7371 -18.0216 -61.5368
59.2268 59.9136 -30.1253 -18.8063 -18.0889 -61.5668
59.1326 59.823 -30.4332 -18.8755 -18.1564 -61.5968
59.0381 59.732 -30.7413 -18.9449 -18.224 -61.6268
58.9432 59.6408 -31.0495 -19.0143 -18.2917 -61.6567
58.8479 59.5491 -31.3578 -19.0839 -18.3595 -61.6866
58.7524 59.4572 -31.6663 -19.1536 -18.4274 -61.7164
58.6564 59.3649 -31.975 -19.2235 -18.4955 -61.7462
58.5601 59.2722 -32.2838 -19.2934 -18.5637 -61.776
58.4635 59.1792 -32.5927 -19.3635 -18.632 -61.8057
58.3665 59.0859 -32.9018 -19.4337 -18.7004 -61.8353
58.2691 58.9922 -33.2111 -19.504 -18.769 -61.8649
58.1714 58.8982 -33.5205 -19.5744 -18.8377 -61.8945
58.0734 58.8038 -33.83 -19.6449 -18.9065 -61.924
57.975 58.7091 -34.1397 -19.7156 -18.9754 -61.9535
57.8762 58.6141 -34.4496 -19.7864 -19.0444 -61.983
57.7771 58.5187 -34.7596 -19.8572 -19.1135 -62.0123
57.6777 58.4229 -35.0697 -19.9282 -19.1828 -62.0417
57.5779 58.3269 -35.38 -19.9993 -19.2522 -62.071
57.4777 58.2304 -35.6904 -20.0706 -19.3217 -62.1002
57.3771 58.1336 -36.001 -20.1419 -19.3913 -62.1294
57.2763 58.0365 -36.3117 -20.2133 -19.461 -62.1586
57.175 57.939 -36.6226 -20.2849 -19.5308 -62.1877
57.0734 57.8412 -36.9336 -20.3565 -19.6008 -62.2168
56.9714 57.743 -37.2447 -20.4283 -19.6708 -62.2458
56.8691 57.6445 -37.556 -20.5002 -19.741 -62.2748
56.7664 57.5456 -37.8675 -20.5722 -19.8113 -62.3037
56.6634 57.4464 -38.1791 -20.6443 -19.8817 -62.3326
56.56 57.3468 -38.4908 -20.7165 -19.9522 -62.3614
56.4562 57.2469 -38.8027 -20.7888 -20.0228 -62.3902
56.3521 57.1466 -39.1147 -20.8612 -20.0935 -62.4189
56.2476 57.0459 -39.4269 -20.9337 -20.1643 -62.4476
56.1428 56.9449 -39.7392 -21.0063 -20.2353 -62.4762
56.0376 56.8436 -40.0516 -21.079 -20.3063 -62.5048
55.932 56.7419 -40.3642 -21.1518 -20.3774 -62.5333
55.8261 56.6398 -40.677 -21.2247 -20.4487 -62.5618
55.7197 56.5374 -40.9898 -21.2977 -20.52 -62.5902
55.6131 56.4346 -41.3029 -21.3708 -20.5915 -62.6186
55.506 56.3315 -41.616 -21.444 -20.663 -62.6469
55.3986 56.228 -41.9293 -21.5173 -20.7346 -62.6752
55.2909 56.1241 -42.2428 -21.5907 -20.8063 -62.7034
55.1827 56.0199 -42.5564 -21.6642 -20.8782 -62.7315
55.0742 55.9153 -42.8701 -21.7377 -20.9501 -62.7596
54.9654 55.8104 -43.184 -21.8114 -21.0221 -62.7877
54.8561 55.7051 -43.498 -21.8851 -21.0942 -62.8156
54.7465 55.5995 -43.8121 -21.9589 -21.1664 -62.8436
54.6365 55.4935 -44.1264 -22.0328 -21.2386 -62.8714
54.5262 55.3871 -44.4408 -22.1068 -21.311 -62.8992
54.4155 55.2804 -44.7554 -22.1808 -21.3834 -62.927
54.3044 55.1733 -45.0701 -22.2549 -21.456 -62.9547
54.1929 55.0658 -45.3849 -22.3291 -21.5286 -62.9823
54.0811 54.958 -45.6999 -22.4034 -21.6012 -63.0098
53.9689 54.8498 -46.015 -22.4777 -21.674 -63.0373
53.8563 54.7412 -46.3303 -22.5522 -21.7468 -63.0647
53.7434 54.6323 -46.6457 -22.6266 -21.8197 -63.092
53.63 54.523 -46.9612 -22.7012 -21.8927 -63.1193
53.5163 54.4134 -47.2769 -22.7758 -21.9657 -63.1465
53.4023 54.3034 -47.5927 -22.8505 -22.0388 -63.1736
53.2878 54.193 -47.9086 -22.9252 -22.112 -63.2006
53.173 54.0823 -48.2247 -23 -22.1852 -63.2276
53.0578 53.9711 -48.5409 -23.0748 -22.2585 -63.2545
52.9423 53.8597 -48.8572 -23.1497 -22.3319 -63.2813
52.8263 53.7478 -49.1737 -23.2246 -22.4053 -63.3079
52.71 53.6356 -49.4903 -23.2996 -22.4788 -63.3345
52.5934 53.523 -49.8071 -23.3746 -22.5523 -63.361
52.4763 53.4101 -50.1239 -23.4497 -22.6258 -63.3875
52.3589 53.2968 -50.4409 -23.5248 -22.6994 -63.4138
52.241 53.1831 -50.7581 -23.5999 -22.7731 -63.44
52.1229 53.0691 -51.0753 -23.6751 -22.8468 -63.466
52.0043 52.9546 -51.3927 -23.7503 -22.9205 -63.492
51.8854 52.8399 -51.7102 -23.8256 -22.9943 -63.5179
51.766 52.7247 -52.0279 -23.9008 -23.0681 -63.5436
51.6463 52.6092 -52.3457 -23.9761 -23.1419 -63.5692
51.5263 52.4933 -52.6636 -24.0514 -23.2158 -63.5947
51.4058 52.377 -52.9816 -24.1268 -23.2897 -63.62
51.285 52.2604 -53.2998 -24.2021 -23.3636 -63.6452
51.1638 52.1434 -53.6181 -24.2775 -23.4375 -63.6703
51.0422 52.026 -53.9365 -24.3529 -23.5115 -63.6952
50.9203 51.9083 -54.255 -24.4283 -23.5855 -63.7199
50.798 51.7902 -54.5737 -24.5037 -23.6595 -63.7444
50.6752 51.6717 -54.8925 -24.5791 -23.7336 -63.7688
50.5522 51.5528 -55.2114 -24.6546 -23.8076 -63.793
50.4287 51.4336 -55.5304 -24.73 -23.8817 -63.817
50.3049 51.314 -55.8496 -24.8055 -23.9558 -63.8409
50.1806 51.194 -56.1688 -24.8809 -24.0299 -63.8645
50.0561 51.0737 -56.4882 -24.9564 -24.104 -63.8879
49.9311 50.953 -56.8077 -25.0319 -24.1781 -63.9111
49.8057 50.8319 -57.1273 -25.1073 -24.2522 -63.934
49.68 50.7105 -57.447 -25.1828 -24.3264 -63.9567
49.5539 50.5887 -57.7669 -25.2583 -24.4006 -63.9792
49.4274 50.4665 -58.0868 -25.3338 -24.4747 -64.0014
49.3006 50.3439 -58.4069 -25.4093 -24.5489 -64.0234
49.1733 50.221 -58.7271 -25.4848 -24.6232 -64.045
49.0457 50.0977 -59.0473 -25.5603 -24.6974 -64.0664
48.9177 49.974 -59.3677 -25.6358 -24.7717 -64.0875
48.7894 49.85 -59.6882 -25.7113 -24.8459 -64.1083
48.6606 49.7256 -60.0088 -25.7869 -24.9202 -64.1288
48.5315 49.6008 -60.3295 -25.8625 -24.9946 -64.149
48.402 49.4756 -60.6503 -25.9381 -25.0689 -64.1688
48.2721 49.3501 -60.9712 -26.0137 -25.1433 -64.1883
48.1419 49.2242 -61.2922 -26.0893 -25.2178 -64.2074
48.0112 49.0979 -61.6133 -26.165 -25.2923 -64.2262
47.8802 48.9713 -61.9344 -26.2408 -25.3668 -64.2446
47.7488 48.8442 -62.2557 -26.3165 -25.4414 -64.2626
47.6171 48.7168 -62.5771 -26.3924 -25.5161 -64.2802
47.4849 48.5891 -62.8985 -26.4683 -25.5908 -64.2974
47.3524 48.4609 -63.22 -26.5442 -25.6656 -64.3142
47.2195 48.3324 -63.5416 -26.6203 -25.7404 -64.3306
47.0862 48.2035 -63.8633 -26.6964 -25.8154 -64.3466
46.9525 48.0743 -64.1851 -26.7726 -25.8905 -64.3621
46.8184 47.9446 -64.507 -26.8489 -25.9656 -64.3772
46.684 47.8146 -64.8289 -26.9253 -26.0409 -64.3918
46.5492 47.6842 -65.1509 -27.0018 -26.1163 -64.406
46.414 47.5534 -65.4729 -27.0784 -26.1918 -64.4198
46.2784 47.4223 -65.7951 -27.1552 -26.2675 -64.433
46.1424 47.2908 -66.1173 -27.2321 -26.3433 -64.4458
46.0061 47.1589 -66.4395 -27.3091 -26.4192 -64.4582
45.8694 47.0266 -66.7619 -27.3863 -26.4954 -64.47
45.7322 46.8939 -67.0842 -27.4637 -26.5716 -64.4814
45.5947 46.7609 -67.4067 -27.5413 -26.6481 -64.4923
45.4568 46.6274 -67.7292 -27.619 -26.7248 -64.5027
45.3185 46.4936 -68.0517 -27.697 -26.8017 -64.5126
45.1798 46.3594 -68.3743 -27.7751 -26.8788 -64.5221
45.0408 46.2248 -68.6969 -27.8535 -26.9561 -64.531
44.9013 46.0899 -69.0196 -27.9321 -27.0336 -64.5395
44.7615 45.9545 -69.3423 -28.0109 -27.1114 -64.5475
44.6212 45.8187 -69.6651 -28.09 -27.1894 -64.555
44.4806 45.6826 -69.9879 -28.1694 -27.2677 -64.562
44.3395 45.5461 -70.3107 -28.249 -27.3463 -64.5686
44.1981 45.4091 -70.6335 -28.3288 -27.4251 -64.5747
44.0562 45.2718 -70.9564 -28.409 -27.5042 -64.5803
43.914 45.1341 -71.2793 -28.4894 -27.5836 -64.5855
43.7713 44.996 -71.6023 -28.5701 -27.6633 -64.5902
43.6283 44.8575 -71.9252 -28.6512 -27.7433 -64.5945
43.4848 44.7186 -72.2482 -28.7325 -27.8236 -64.5983
43.341 44.5792 -72.5712 -28.8142 -27.9042 -64.6016
43.1967 44.4395 -72.8942 -28.8962 -27.9852 -64.6046
43.052 44.2994 -73.2173 -28.9785 -28.0664 -64.6071
42.9069 44.1588 -73.5403 -29.0611 -28.148 -64.6092
42.7614 44.0179 -73.8634 -29.1441 -28.23 -64.6109
42.6155 43.8765 -74.1864 -29.2274 -28.3122 -64.6121
42.4691 43.7348 -74.5095 -29.311 -28.3948 -64.613
42.3223 43.5926 -74.8325 -29.395 -28.4778 -64.6135
42.1752 43.45 -75.1556 -29.4794 -28.5611 -64.6136
42.0276 43.307 -75.4787 -29.5641 -28.6448 -64.6133
41.8795 43.1636 -75.8017 -29.6492 -28.7288 -64.6126
41.7311 43.0197 -76.1248 -29.7346 -28.8132 -64.6116
41.5822 42.8754 -76.4479 -29.8204 -28.8979 -64.6102
41.4329 42.7307 -76.7709 -29.9065 -28.983 -64.6085
41.2831 42.5856 -77.0939 -29.993 -29.0684 -64.6064
41.1329 42.44 -77.417 -30.0798 -29.1542 -64.604
40.9823 42.2941 -77.74 -30.1671 -29.2404 -64.6012
40.8313 42.1476 -78.063 -30.2546 -29.3269 -64.5981
40.6798 42.0008 -78.386 -30.3426 -29.4138 -64.5947
40.5278 41.8535 -78.7089 -30.4309 -29.5011 -64.591
40.3755 41.7058 -79.0319 -30.5195 -29.5887 -64.587
40.2226 41.5576 -79.3548 -30.6086 -29.6766 -64.5826
40.0694 41.409 -79.6777 -30.6979 -29.7649 -64.578
39.9157 41.26 -80.0006 -30.7877 -29.8536 -64.5731
39.7615 41.1105 -80.3234 -30.8777 -29.9426 -64.5678
39.6069 40.9605 -80.6463 -30.9682 -30.032 -64.5623
39.4518 40.8102 -80.9691 -31.059 -30.1217 -64.5565
39.2963 40.6593 -81.2918 -31.1501 -30.2118 -64.5504
39.1403 40.508 -81.6146 -31.2416 -30.3022 -64.544
38.9839 40.3563 -81.9373 -31.3334 -30.393 -64.5374
38.827 40.2041 -82.2599 -31.4256 -30.4841 -64.5305
38.6696 40.0515 -82.5826 -31.5181 -30.5755 -64.5233
38.5118 39.8984 -82.9052 -31.611 -30.6673 -64.5158
38.3535 39.7448 -83.2277 -31.7042 -30.7594 -64.5081
38.1948 39.5908 -83.5502 -31.7977 -30.8519 -64.5001
38.0355 39.4363 -83.8727 -31.8915 -30.9446 -64.4919
37.8758 39.2813 -84.1952 -31.9857 -31.0377 -64.4834
37.7157 39.1259 -84.5176 -32.0802 -31.1311 -64.4746
37.555 38.97 -84.8399 -32.175 -31.2249 -64.4655
37.3939 38.8136 -85.1622 -32.2701 -31.3189 -64.4563
37.2323 38.6568 -85.4845 -32.3656 -31.4133 -64.4467
37.0703 38.4995 -85.8067 -32.4613 -31.508 -64.4369
36.9077 38.3417 -86.1288 -32.5574 -31.603 -64.4268
36.7447 38.1835 -86.4509 -32.6537 -31.6983 -64.4165
36.5812 38.0248 -86.773 -32.7504 -31.7939 -64.4059
36.4172 37.8655 -87.095 -32.8474 -31.8898 -64.395
36.2527 37.7059 -87.4169 -32.9447 -31.986 -64.3839
36.0878 37.5457 -87.7388 -33.0422 -32.0825 -64.3726
35.9223 37.385 -88.0607 -33.1401 -32.1792 -64.3609
35.7564 37.2239 -88.3824 -33.2382 -32.2763 -64.349
35.5899 37.0623 -88.7042 -33.3367 -32.3737 -64.3368
35.423 36.9002 -89.0258 -33.4354 -32.4713 -64.3244
35.2556 36.7376 -89.3474 -33.5344 -32.5692 -64.3117
35.0876 36.5745 -89.6689 -33.6336 -32.6675 -64.2987
34.9192 36.4109 -89.9904 -33.7332 -32.7659 -64.2854
34.7503 36.2468 -90.3118 -33.833 -32.8647 -64.2719
34.5809 36.0822 -90.6331 -33.9331 -32.9637 -64.2581
34.411 35.9172 -90.9544 -34.0335 -33.063 -64.244
34.2406 35.7516 -91.2756 -34.1341 -33.1626 -64.2296
34.0696 35.5855 -91.5967 -34.235 -33.2625 -64.215
33.8982 35.419 -91.9177 -34.3362 -33.3626 -64.2
33.7263 35.2519 -92.2387 -34.4376 -33.463 -64.1848
33.5538 35.0844 -92.5595 -34.5393 -33.5636 -64.1693
33.3809 34.9163 -92.8804 -34.6413 -33.6645 -64.1534
33.2074 34.7477 -93.2011 -34.7435 -33.7656 -64.1373
33.0335 34.5786 -93.5217 -34.8459 -33.8671 -64.1209
32.859 34.409 -93.8423 -34.9486 -33.9687 -64.1042
32.684 34.2389 -94.1628 -35.0516 -34.0707 -64.0872
32.5085 34.0683 -94.4832 -35.1548 -34.1728 -64.0699
32.3324 33.8972 -94.8035 -35.2583 -34.2753 -64.0523
32.1559 33.7256 -95.1237 -35.362 -34.3779 -64.0344
31.9788 33.5534 -95.4438 -35.466 -34.4809 -64.0161
31.8012 33.3808 -95.7638 -35.5702 -34.5841 -63.9976
31.6231 33.2076 -96.0838 -35.6746 -34.6875 -63.9787
31.4445 33.0339 -96.4036 -35.7793 -34.7911 -63.9595
31.2653 32.8597 -96.7234 -35.8842 -34.895 -63.94
31.0856 32.6849 -97.043 -35.9894 -34.9992 -63.9202
30.9054 32.5097 -97.3626 -36.0948 -35.1036 -63.9
30.7247 32.3339 -97.682 -36.2004 -35.2082 -63.8795
30.5434 32.1576 -98.0014 -36.3063 -35.3131 -63.8587
30.3616 31.9808 -98.3206 -36.4124 -35.4182 -63.8375
30.1793 31.8034 -98.6398 -36.5188 -35.5235 -63.816
29.9964 31.6255 -98.9588 -36.6253 -35.6291 -63.7942
29.813 31.4471 -99.2777 -36.7322 -35.7349 -63.772
29.6291 31.2682 -99.5965 -36.8392 -35.841 -63.7495
29.4446 31.0887 -99.9152 -36.9465 -35.9473 -63.7266
29.2596 30.9087 -100.234 -37.054 -36.0538 -63.7033
29.0741 30.7282 -100.552 -37.1617 -36.1605 -63.6797
28.888 30.5471 -100.871 -37.2696 -36.2675 -63.6558
28.7014 30.3655 -101.189 -37.3778 -36.3747 -63.6315
28.5143 30.1834 -101.507 -37.4862 -36.4821 -63.6068
28.3265 30.0007 -101.825 -37.5948 -36.5898 -63.5818
28.1383 29.8175 -102.143 -37.7037 -36.6977 -63.5564
27.9495 29.6337 -102.46 -37.8127 -36.8058 -63.5306
27.7602 29.4494 -102.778 -37.922 -36.9141 -63.5045
27.5703 29.2646 -103.095 -38.0315 -37.0226 -63.4779
27.3799 29.0792 -103.413 -38.1412 -37.1314 -63.451
27.1889 28.8933 -103.73 -38.2512 -37.2404 -63.4237
26.9974 28.7068 -104.047 -38.3613 -37.3496 -63.3961
26.8053 28.5198 -104.364 -38.4717 -37.4591 -63.368
26.6126 28.3322 -104.681 -38.5823 -37.5687 -63.3395
26.4194 28.1441 -104.997 -38.6931 -37.6786 -63.3107
26.2257 27.9554 -105.314 -38.8041 -37.7887 -63.2815
26.0314 27.7662 -105.63 -38.9153 -37.899 -63.2518
25.8366 27.5764 -105.946 -39.0268 -38.0096 -63.2218
25.6411 27.3861 -106.262 -39.1384 -38.1203 -63.1913
25.4452 27.1952 -106.578 -39.2503 -38.2313 -63.1605
25.2486 27.0038 -106.894 -39.3624 -38.3424 -63.1292
25.0515 26.8118 -107.21 -39.4746 -38.4538 -63.0975
24.8539 26.6193 -107.525 -39.5871 -38.5654 -63.0654
24.6557 26.4261 -107.84 -39.6998 -38.6773 -63.0329
24.4569 26.2325 -108.155 -39.8127 -38.7893 -63
24.2575 26.0383 -108.47 -39.9258 -38.9015 -62.9666
24.0576 25.8435 -108.785 -40.0392 -39.014 -62.9328
23.8572 25.6481 -109.099 -40.1527 -39.1266 -62.8986
23.6561 25.4522 -109.414 -40.2664 -39.2395 -62.8639
23.4545 25.2557 -109.728 -40.3803 -39.3526 -62.8288
23.2523 25.0587 -110.042 -40.4944 -39.4659 -62.7933
23.0496 24.8611 -110.356 -40.6088 -39.5793 -62.7573
22.8462 24.6629 -110.67 -40.7233 -39.693 -62.7209
22.6423 24.4641 -110.983 -40.838 -39.8069 -62.684
22.4378 24.2648 -111.297 -40.953 -39.9211 -62.6467
22.2328 24.0649 -111.61 -41.0681 -40.0354 -62.609
22.0272 23.8645 -111.923 -41.1834 -40.1499 -62.5707
21.821 23.6634 -112.235 -41.2989 -40.2646 -62.532
21.6142 23.4618 -112.548 -41.4147 -40.3795 -62.4929
21.4068 23.2596 -112.86 -41.5306 -40.4946 -62.4533
21.1989 23.0569 -113.173 -41.6467 -40.61 -62.4132
20.9903 22.8535 -113.485 -41.763 -40.7255 -62.3726
20.7812 22.6496 -113.796 -41.8795 -40.8412 -62.3316
20.5716 22.4451 -114.108 -41.9962 -40.9571 -62.2901
20.3613 22.24 -114.419 -42.113 -41.0733 -62.2481
20.1504 22.0344 -114.73 -42.2301 -41.1896 -62.2057
19.939 21.8282 -115.041 -42.3474 -41.3061 -62.1627
19.7269 21.6213 -115.352 -42.4648 -41.4228 -62.1193
19.5143 21.4139 -115.662 -42.5824 -41.5397 -62.0753
19.3011 21.2059 -115.973 -42.7003 -41.6568 -62.0309
19.0873 20.9974 -116.283 -42.8183 -41.7741 -61.986
18.8729 20.7882 -116.593 -42.9365 -41.8916 -61.9406
18.658 20.5784 -116.902 -43.0548 -42.0093 -61.8946
18.4424 20.3681 -117.211 -43.1734 -42.1271 -61.8482
18.2262 20.1572 -117.521 -43.2921 -42.2452 -61.8013
18.0095 19.9456 -117.83 -43.4111 -42.3634 -61.7538
17.7921 19.7335 -118.138 -43.5302 -42.4819 -61.7059
17.5742 19.5208 -118.447 -43.6495 -42.6005 -61.6574
17.3556 19.3075 -118.755 -43.7689 -42.7193 -61.6084
17.1365 19.0936 -119.063 -43.8886 -42.8383 -61.5588
16.9167 18.8791 -119.37 -44.0084 -42.9575 -61.5088
16.6964 18.6641 -119.678 -44.1284 -43.0769 -61.4582
16.4755 18.4484 -119.985 -44.2486 -43.1964 -61.4071
16.2539 18.2321 -120.292 -44.3689 -43.3162 -61.3554
16.0318 18.0152 -120.598 -44.4894 -43.4361 -61.3032
15.809 17.7977 -120.905 -44.6101 -43.5562 -61.2505
15.5857 17.5797 -121.211 -44.731 -43.6765 -61.1972
15.3617 17.361 -121.517 -44.852 -43.7969 -61.1434
15.1371 17.1417 -121.822 -44.9732 -43.9176 -61.089
14.912 16.9218 -122.128 -45.0946 -44.0384 -61.0341
14.6862 16.7013 -122.433 -45.2161 -44.1594 -60.9786
14.4598 16.4802 -122.737 -45.3378 -44.2805 -60.9225
14.2328 16.2585 -123.042 -45.4597 -44.4019 -60.8659
14.0052 16.0362 -123.346 -45.5818 -44.5234 -60.8087
13.777 15.8133 -123.65 -45.7039 -44.6451 -60.751
13.5482 15.5897 -123.954 -45.8263 -44.767 -60.6927
13.3187 15.3656 -124.257 -45.9488 -44.889 -60.6338
13.0887 15.1409 -124.56 -46.0715 -45.0112 -60.5743
12.858 14.9155 -124.863 -46.1943 -45.1336 -60.5142
12.6268 14.6895 -125.165 -46.3173 -45.2561 -60.4536
12.3949 14.4629 -125.467 -46.4405 -45.3788 -60.3924
12.1624 14.2357 -125.769 -46.5638 -45.5017 -60.3306
11.9292 14.0079 -126.071 -46.6872 -45.6248 -60.2681
11.6955 13.7795 -126.372 -46.8108 -45.748 -60.2051
11.4611 13.5504 -126.673 -46.9346 -45.8713 -60.1415
11.2261 13.3208 -126.973 -47.0585 -45.9949 -60.0773
10.9905 13.0905 -127.273 -47.1825 -46.1185 -60.0125
10.7543 12.8596 -127.573 -47.3067 -46.2424 -59.9471
10.5175 12.6281 -127.873 -47.4311 -46.3664 -59.8811
10.28 12.3959 -128.172 -47.5556 -46.4906 -59.8144
10.0419 12.1632 -128.471 -47.6802 -46.6149 -59.7471
9.8032 11.9298 -128.77 -47.805 -46.7393 -59.6793
9.56386 11.6958 -129.068 -47.9299 -46.864 -59.6108
9.3239 11.4611 -129.366 -48.0549 -46.9887 -59.5416
9.08331 11.2259 -129.663 -48.1801 -47.1137 -59.4718
8.8421 10.99 -129.96 -48.3054 -47.2387 -59.4014
8.60026 10.7535 -130.257 -48.4309 -47.364 -59.3304
8.35779 10.5164 -130.554 -48.5565 -47.4893 -59.2587
8.1147 10.2786 -130.85 -48.6822 -47.6148 -59.1864
7.87097 10.0402 -131.146 -48.808 -47.7405 -59.1135
7.62662 9.80119 -131.441 -48.934 -47.8663 -59.0398
7.38163 9.56155 -131.736 -49.0601 -47.9922 -58.9656
7.13602 9.32127 -132.031 -49.1863 -48.1183 -58.8907
6.88977 9.08036 -132.325 -49.3127 -48.2445 -58.8151
6.64289 8.83883 -132.619 -49.4391 -48.3709 -58.7388
6.39538 8.59666 -132.912 -49.5657 -48.4974 -58.6619
6.14723 8.35385 -133.205 -49.6924 -48.624 -58.5844
5.89845 8.11042 -133.498 -49.8192 -48.7507 -58.5061
5.64904 7.86635 -133.79 -49.9462 -48.8776 -58.4272
5.39899 7.62164 -134.082 -50.0732 -49.0046 -58.3476
5.14831 7.3763 -134.374 -50.2003 -49.1318 -58.2674
4.89699 7.13033 -134.665 -50.3276 -49.259 -58.1864
4.64504 6.88371 -134.956 -50.455 -49.3864 -58.1048
4.39244 6.63646 -135.246 -50.5824 -49.5139 -58.0224
4.13921 6.38857 -135.536 -50.71 -49.6415 -57.9394
3.88534 6.14005 -135.825 -50.8377 -49.7693 -57.8557
3.63084 5.89088 -136.115 -50.9655 -49.8971 -57.7713
3.37569 5.64108 -136.403 -51.0933 -50.0251 -57.6862
3.1199 5.39063 -136.691 -51.2213 -50.1532 -57.6004
2.86348 5.13955 -136.979 -51.3493 -50.2814 -57.5139
2.60641 4.88782 -137.267 -51.4775 -50.4097 -57.4266
2.3487 4.63545 -137.553 -51.6057 -50.5381 -57.3387
2.09035 4.38244 -137.84 -51.734 -50.6667 -57.25
1.83136 4.12878 -138.126 -51.8625 -50.7953 -57.1606
1.57173 3.87448 -138.412 -51.9909 -50.924 -57.0705
1.31145 3.61954 -138.697 -52.1195 -51.0529 -56.9797
1.05054 3.36396 -138.981 -52.2482 -51.1818 -56.8881
0.788974 3.10773 -139.266 -52.3769 -51.3108 -56.7958
0.526768 2.85085 -139.549 -52.5057 -51.4399 -56.7028
0.263917 2.59333 -139.833 -52.6346 -51.5691 -56.6091
0.000422793 2.33516 -140.115 -52.7635 -51.6984 -56.5146
-0.263717 2.07634 -140.398 -52.8925 -51.8278 -56.4193
-0.528501 1.81688 -140.68 -53.0216 -51.9573 -56.3233
-0.793932 1.55677 -140.961 -53.1507 -52.0869 -56.2266
-1.06001 1.29601 -141.242 -53.2799 -52.2165 -56.1291
-1.32673 1.03461 -141.522 -53.4092 -52.3462 -56.0308
-1.5941 0.772552 -141.802 -53.5385 -52.476 -55.9318
-1.86211 0.509848 -142.082 -53.6678 -52.6059 -55.832
-2.13078 0.246494 -142.36 -53.7972 -52.7358 -55.7315
-2.40009 -0.0175097 -142.639 -53.9267 -52.8658 -55.6302
-2.67004 -0.282164 -142.917 -54.0562 -52.9959 -55.5281
-2.94065 -0.547468 -143.194 -54.1857 -53.1261 -55.4253
-3.2119 -0.813424 -143.471 -54.3153 -53.2563 -55.3216
-3.4838 -1.08003 -143.747 -54.445 -53.3865 -55.2172
-3.75635 -1.34729 -144.023 -54.5746 -53.5169 -55.1121
-4.02954 -1.6152 -144.298 -54.7043 -53.6472 -55.0061
-4.30339 -1.88376 -144.573 -54.834 -53.7777 -54.8993
-4.57788 -2.15297 -144.847 -54.9638 -53.9082 -54.7918
-4.85303 -2.42284 -145.121 -55.0936 -54.0387 -54.6834
-5.12882 -2.69336 -145.394 -55.2234 -54.1693 -54.5743
-5.40526 -2.96453 -145.667 -55.3532 -54.2999 -54.4643
-5.68235 -3.23636 -145.939 -55.483 -54.4306 -54.3536
-5.96009 -3.50884 -146.21 -55.6129 -54.5613 -54.2421
-6.23848 -3.78197 -146.481 -55.7427 -54.692 -54.1297
-6.51752 -4.05576 -146.752 -55.8726 -54.8228 -54.0165
-6.7972 -4.3302 -147.022 -56.0024 -54.9536 -53.9026
-7.07754 -4.60529 -147.291 -56.1323 -55.0844 -53.7878
-7.35852 -4.88104 -147.559 -56.2622 -55.2152 -53.6722
-7.64016 -5.15744 -147.827 -56.3921 -55.3461 -53.5557
-7.92244 -5.4345 -148.095 -56.5219 -55.477 -53.4385
-8.20538 -5.71221 -148.362 -56.6518 -55.6079 -53.3204
-8.48896 -5.99058 -148.628 -56.7816 -55.7388 -53.2015
-8.77319 -6.2696 -148.894 -56.9114 -55.8697 -53.0817
-9.05808 -6.54928 -149.159 -57.0413 -56.0007 -52.9612
-9.34361 -6.82961 -149.423 -57.171 -56.1316 -52.8397
-9.62978 -7.11059 -149.687 -57.3008 -56.2625 -52.7175
-9.91661 -7.39223 -149.951 -57.4305 -56.3935 -52.5944
-10.2041 -7.67453 -150.213 -57.5602 -56.5244 -52.4704
-10.4922 -7.95747 -150.475 -57.6899 -56.6553 -52.3457
-10.781 -8.24108 -150.737 -57.8195 -56.7862 -52.22
-11.0704 -8.52534 -150.998 -57.9491 -56.9171 -52.0935
-11.3605 -8.81025 -151.258 -58.0787 -57.048 -51.9662
-11.6512 -9.09582 -151.517 -58.2082 -57.1788 -51.838
-11.9426 -9.38204 -151.776 -58.3376 -57.3097 -51.7089
-12.2346 -9.66891 -152.034 -58.467 -57.4405 -51.579
-12.5272 -9.95644 -152.292 -58.5963 -57.5712 -51.4482
-12.8205 -10.2446 -152.549 -58.7256 -57.702 -51.3165
-13.1145 -10.5335 -152.805 -58.8548 -57.8326 -51.184
-13.4091 -10.8229 -153.061 -58.984 -57.9633 -51.0506
-13.7043 -11.1131 -153.316 -59.1131 -58.0939 -50.9164
-14.0002 -11.4039 -153.57 -59.2421 -58.2245 -50.7812
-14.2967 -11.6953 -153.823 -59.371 -58.355 -50.6452
-14.5939 -11.9874 -154.076 -59.4998 -58.4854 -50.5083
-14.8917 -12.2802 -154.328 -59.6286 -58.6158 -50.3705
-15.1902 -12.5736 -154.58 -59.7573 -58.7461 -50.2318
-15.4893 -12.8676 -154.831 -59.8858 -58.8764 -50.0923
-15.7891 -13.1624 -155.081 -60.0143 -59.0066 -49.9518
-16.0895 -13.4577 -155.33 -60.1427 -59.1367 -49.8105
-16.3905 -13.7537 -155.579 -60.271 -59.2668 -49.6683
-16.6922 -14.0504 -155.827 -60.3992 -59.3967 -49.5252
-16.9945 -14.3477 -156.074 -60.5272 -59.5266 -49.3811
-17.2974 -14.6456 -156.321 -60.6552 -59.6564 -49.2362
-17.601 -14.9443 -156.567 -60.783 -59.7861 -49.0904
-17.9053 -15.2435 -156.812 -60.9107 -59.9157 -48.9437
-18.2101 -15.5434 -157.056 -61.0383 -60.0452 -48.7961
-18.5156 -15.844 -157.3 -61.1658 -60.1746 -48.6476
-18.8218 -16.1452 -157.543 -61.2931 -60.3039 -48.4981
-19.1286 -16.447 -157.785 -61.4203 -60.4331 -48.3478
-19.436 -16.7495 -158.026 -61.5474 -60.5621 -48.1966
-19.744 -17.0526 -158.267 -61.6743 -60.6911 -48.0444
-20.0527 -17.3564 -158.506 -61.801 -60.8199 -47.8913
-20.3621 -17.6608 -158.746 -61.9276 -60.9486 -47.7373
-20.672 -17.9659 -158.984 -62.0541 -61.0771 -47.5824
-20.9826 -18.2716 -159.221 -62.1804 -61.2056 -47.4266
-21.2938 -18.5779 -159.458 -62.3065 -61.3339 -47.2699
-21.6057 -18.8849 -159.694 -62.4325 -61.462 -47.1122
-21.9181 -19.1926 -159.929 -62.5583 -61.59 -46.9536
-22.2312 -19.5008 -160.164 -62.6839 -61.7179 -46.7941
-22.545 -19.8097 -160.397 -62.8093 -61.8456 -46.6337
-22.8593 -20.1193 -160.63 -62.9346 -61.9731 -46.4723
-23.1743 -20.4295 -160.862 -63.0596 -62.1005 -46.3101
-23.4899 -20.7403 -161.093 -63.1845 -62.2276 -46.1469
-23.8062 -21.0517 -161.323 -63.3092 -62.3547 -45.9827
-24.123 -21.3638 -161.553 -63.4337 -62.4815 -45.8176
-24.4405 -21.6766 -161.782 -63.5579 -62.6082 -45.6516
-24.7586 -21.9899 -162.009 -63.682 -62.7347 -45.4847
-25.0773 -22.3039 -162.236 -63.8058 -62.861 -45.3169
-25.3967 -22.6185 -162.463 -63.9295 -62.9871 -45.1481
-25.7166 -22.9338 -162.688 -64.0529 -63.113 -44.9783
-26.0372 -23.2496 -162.912 -64.1761 -63.2387 -44.8077
-26.3584 -23.5662 -163.136 -64.299 -63.3641 -44.6361
-26.6802 -23.8833 -163.359 -64.4217 -63.4894 -44.4635
-27.0026 -24.201 -163.581 -64.5442 -63.6145 -44.2901
-27.3256 -24.5194 -163.802 -64.6664 -63.7393 -44.1156
-27.6493 -24.8384 -164.022 -64.7884 -63.8639 -43.9403
-27.9735 -25.1581 -164.241 -64.9102 -63.9883 -43.764
-28.2984 -25.4783 -164.459 -65.0317 -64.1125 -43.5868
-28.6238 -25.7992 -164.677 -65.1529 -64.2364 -43.4086
-28.9499 -26.1207 -164.893 -65.2738 -64.36 -43.2295
-29.2766 -26.4428 -165.109 -65.3945 -64.4834 -43.0495
-29.6038 -26.7655 -165.324 -65.5149 -64.6066 -42.8685
-29.9317 -27.0889 -165.538 -65.6351 -64.7295 -42.6866
-30.2602 -27.4128 -165.751 -65.7549 -64.8522 -42.5037
-30.5893 -27.7374 -165.963 -65.8745 -64.9745 -42.3199
-30.9189 -28.0626 -166.174 -65.9937 -65.0966 -42.1352
-31.2492 -28.3883 -166.384 -66.1127 -65.2185 -41.9495
-31.58 -28.7147 -166.593 -66.2314 -65.34 -41.7629
-31.9115 -29.0417 -166.802 -66.3497 -65.4613 -41.5753
-32.2435 -29.3694 -167.009 -66.4678 -65.5822 -41.3868
-32.5762 -29.6976 -167.216 -66.5855 -65.7029 -41.1974
-32.9094 -30.0264 -167.421 -66.7029 -65.8233 -41.007
-33.2432 -30.3558 -167.626 -66.82 -65.9434 -40.8157
-33.5776 -30.6858 -167.829 -66.9368 -66.0631 -40.6235
-33.9126 -31.0164 -168.032 -67.0532 -66.1826 -40.4303
-34.2481 -31.3476 -168.234 -67.1693 -66.3017 -40.2362
-34.5843 -31.6794 -168.434 -67.2851 -66.4205 -40.0411
-34.921 -32.0118 -168.634 -67.4005 -66.539 -39.8451
-35.2583 -32.3448 -168.833 -67.5155 -66.6571 -39.6482
-35.5961 -32.6784 -169.031 -67.6302 -66.7749 -39.4504
-35.9346 -33.0126 -169.227 -67.7445 -66.8924 -39.2516
-36.2736 -33.3473 -169.423 -67.8585 -67.0095 -39.0519
-36.6132 -33.6827 -169.618 -67.9721 -67.1262 -38.8512
-36.9533 -34.0186 -169.812 -68.0853 -67.2426 -38.6497
-37.294 -34.3551 -170.004 -68.1981 -67.3587 -38.4472
-37.6353 -34.6922 -170.196 -68.3106 -67.4743 -38.2437
-37.9771 -35.0298 -170.387 -68.4226 -67.5896 -38.0394
-38.3195 -35.3681 -170.576 -68.5343 -67.7046 -37.8341
-38.6625 -35.7069 -170.765 -68.6455 -67.8191 -37.6279
-39.006 -36.0463 -170.953 -68.7564 -67.9332 -37.4208
-39.35 -36.3862 -171.139 -68.8668 -68.047 -37.2128
-39.6946 -36.7267 -171.325 -68.9769 -68.1603 -37.0039
-40.0398 -37.0678 -171.509 -69.0865 -68.2733 -36.794
-40.3855 -37.4095 -171.693 -69.1956 -68.3858 -36.5832
-40.7317 -37.7517 -171.875 -69.3044 -68.498 -36.3715
-41.0785 -38.0944 -172.057 -69.4127 -68.6097 -36.1589
-41.4259 -38.4378 -172.237 -69.5206 -68.721 -35.9454
-41.7737 -38.7817 -172.416 -69.628 -68.8318 -35.731
-42.1221 -39.1261 -172.594 -69.735 -68.9423 -35.5157
-42.4711 -39.4711 -172.771 -69.8415 -69.0523 -35.2995
-42.8206 -39.8166 -172.947 -69.9476 -69.1618 -35.0824
-43.1706 -40.1627 -173.122 -70.0532 -69.2709 -34.8644
-43.5211 -40.5093 -173.296 -70.1584 -69.3795 -34.6455
-43.8721 -40.8565 -173.468 -70.263 -69.4877 -34.4258
-44.2237 -41.2042 -173.64 -70.3672 -69.5955 -34.2051
-44.5758 -41.5524 -173.81 -70.4709 -69.7027 -33.9835
-44.9284 -41.9012 -173.98 -70.5742 -69.8095 -33.7611
-45.2816 -42.2505 -174.148 -70.6769 -69.9158 -33.5378
-45.6352 -42.6004 -174.315 -70.7791 -70.0217 -33.3136
-45.9894 -42.9508 -174.481 -70.8808 -70.127 -33.0885
-46.344 -43.3017 -174.646 -70.982 -70.2318 -32.8626
-46.6992 -43.6531 -174.81 -71.0828 -70.3362 -32.6358
-47.0548 -44.005 -174.972 -71.1829 -70.44 -32.4081
-47.411 -44.3575 -175.134 -71.2826 -70.5434 -32.1796
-47.7677 -44.7104 -175.294 -71.3817 -70.6462 -31.9502
-48.1248 -45.0639 -175.453 -71.4804 -70.7485 -31.72
-48.4825 -45.4179 -175.611 -71.5784 -70.8503 -31.4889
-48.8406 -45.7724 -175.768 -71.676 -70.9516 -31.2569
-49.1992 -46.1274 -175.924 -71.7729 -71.0523 -31.0242
-49.5583 -46.483 -176.079 -71.8694 -71.1525 -30.7905
-49.9179 -46.839 -176.232 -71.9653 -71.2521 -30.5561
-50.278 -47.1955 -176.384 -72.0606 -71.3512 -30.3208
-50.6385 -47.5525 -176.535 -72.1553 -71.4498 -30.0847
-50.9995 -47.91 -176.685 -72.2495 -71.5478 -29.8477
-51.361 -48.268 -176.834 -72.3431 -71.6452 -29.61
-51.723 -48.6264 -176.981 -72.4361 -71.7421 -29.3714
-52.0854 -48.9854 -177.127 -72.5286 -71.8384 -29.132
-52.4482 -49.3448 -177.272 -72.6204 -71.9341 -28.8918
-52.8116 -49.7047 -177.416 -72.7117 -72.0292 -28.6508
-53.1754 -50.0651 -177.559 -72.8024 -72.1238 -28.4091
-53.5396 -50.426 -177.7 -72.8924 -72.2178 -28.1665
-53.9043 -50.7873 -177.841 -72.9819 -72.3111 -27.9231
-54.2694 -51.1491 -177.98 -73.0707 -72.4039 -27.6789
-54.635 -51.5113 -178.117 -73.1589 -72.4961 -27.434
-55.001 -51.874 -178.254 -73.2465 -72.5876 -27.1883
-55.3675 -52.2372 -178.389 -73.3335 -72.6786 -26.9418
-55.7343 -52.6008 -178.523 -73.4199 -72.7689 -26.6946
-56.1017 -52.9649 -178.656 -73.5056 -72.8586 -26.4466
-56.4694 -53.3294 -178.788 -73.5907 -72.9477 -26.1978
-56.8376 -53.6944 -178.918 -73.6751 -73.0361 -25.9483
-57.2061 -54.0598 -179.047 -73.7589 -73.1239 -25.6981
-57.5752 -54.4256 -179.175 -73.842 -73.2111 -25.4471
-57.9446 -54.7919 -179.302 -73.9245 -73.2976 -25.1954
-58.3144 -55.1586 -179.427 -74.0063 -73.3835 -24.9429
-58.6846 -55.5257 -179.551 -74.0874 -73.4687 -24.6898
-59.0553 -55.8933 -179.674 -74.1679 -73.5533 -24.4359
-59.4263 -56.2612 -179.796 -74.2477 -73.6372 -24.1813
-59.7977 -56.6296 -179.916 -74.3268 -73.7204 -23.926
-60.1696 -56.9984 -180.035 -74.4053 -73.8029 -23.67
-60.5418 -57.3677 -180.153 -74.483 -73.8848 -23.4133
-60.9144 -57.7373 -180.269 -74.5601 -73.966 -23.156
-61.2874 -58.1073 -180.384 -74.6365 -74.0465 -22.8979
-61.6608 -58.4778 -180.498 -74.7121 -74.1264 -22.6392
-62.0345 -58.8486 -180.61 -74.7871 -74.2055 -22.3798
-62.4086 -59.2198 -180.722 -74.8614 -74.2839 -22.1198
-62.7831 -59.5914 -180.832 -74.9349 -74.3617 -21.8591
-63.158 -59.9634 -180.94 -75.0077 -74.4387 -21.5977
-63.5332 -60.3358 -181.048 -75.0798 -74.515 -21.3357
-63.9088 -60.7086 -181.154 -75.1512 -74.5906 -21.0731
-64.2847 -61.0817 -181.258 -75.2219 -74.6655 -20.8098
-64.661 -61.4552 -181.362 -75.2918 -74.7397 -20.546
-65.0376 -61.8291 -181.464 -75.361 -74.8131 -20.2815
-65.4146 -62.2034 -181.565 -75.4295 -74.8858 -20.0164
-65.7919 -62.578 -181.664 -75.4972 -74.9578 -19.7507
-66.1696 -62.9529 -181.762 -75.5642 -75.0291 -19.4844
-66.5476 -63.3283 -181.859 -75.6304 -75.0996 -19.2175
-66.9259 -63.7039 -181.954 -75.6959 -75.1693 -18.95
-67.3045 -64.0799 -182.048 -75.7606 -75.2383 -18.682
-67.6835 -64.4563 -182.141 -75.8245 -75.3066 -18.4134
-68.0628 -64.833 -182.232 -75.8877 -75.3741 -18.1442
-68.4424 -65.2101 -182.323 -75.9502 -75.4409 -17.8745
-68.8223 -65.5874 -182.411 -76.0118 -75.5069 -17.6043
-69.2025 -65.9651 -182.499 -76.0727 -75.5721 -17.3335
-69.583 -66.3431 -182.585 -76.1328 -75.6365 -17.0622
-69.9638 -66.7215 -182.669 -76.1921 -75.7002 -16.7903
-70.3449 -67.1001 -182.752 -76.2507 -75.7631 -16.518
-70.7263 -67.4791 -182.834 -76.3084 -75.8253 -16.2451
-71.108 -67.8584 -182.915 -76.3654 -75.8866 -15.9718
-71.49 -68.238 -182.994 -76.4216 -75.9472 -15.698
-71.8722 -68.6179 -183.072 -76.477 -76.007 -15.4236
-72.2547 -68.9981 -183.148 -76.5315 -76.066 -15.1488
-72.6375 -69.3785 -183.223 -76.5853 -76.1242 -14.8736
-73.0206 -69.7593 -183.297 -76.6383 -76.1816 -14.5979
-73.4039 -70.1403 -183.369 -76.6905 -76.2382 -14.3217
-73.7875 -70.5217 -183.44 -76.7418 -76.294 -14.0451
-74.1713 -70.9033 -183.51 -76.7924 -76.3489 -13.7681
-74.5554 -71.2852 -183.578 -76.8421 -76.4031 -13.4906
-74.9398 -71.6673 -183.645 -76.8911 -76.4565 -13.2127
-75.3243 -72.0497 -183.71 -76.9392 -76.5091 -12.9344
-75.7091 -72.4324 -183.774 -76.9864 -76.5608 -12.6557
-76.0942 -72.8153 -183.837 -77.0329 -76.6117 -12.3766
-76.4795 -73.1985 -183.898 -77.0785 -76.6619 -12.0972
-76.865 -73.582 -183.958 -77.1233 -76.7111 -11.8173
-77.2507 -73.9656 -184.016 -77.1673 -76.7596 -11.5371
-77.6367 -74.3495 -184.073 -77.2104 -76.8072 -11.2566
-78.0228 -74.7337 -184.129 -77.2527 -76.854 -10.9757
-78.4092 -75.1181 -184.183 -77.2942 -76.9 -10.6944
-78.7958 -75.5027 -184.236 -77.3348 -76.9452 -10.4128
-79.1825 -75.8875 -184.287 -77.3746 -76.9895 -10.1309
-79.5695 -76.2726 -184.337 -77.4136 -77.0329 -9.8487
-79.9567 -76.6579 -184.385 -77.4517 -77.0756 -9.56618
-80.344 -77.0434 -184.432 -77.4889 -77.1173 -9.28335
-80.7316 -77.429 -184.478 -77.5253 -77.1583 -9.00025
-81.1193 -77.8149 -184.522 -77.5609 -77.1984 -8.71686
-81.5072 -78.201 -184.565 -77.5956 -77.2376 -8.4332
-81.8952 -78.5873 -184.607 -77.6294 -77.276 -8.14928
-82.2835 -78.9738 -184.647 -77.6624 -77.3136 -7.86511
-82.6718 -79.3604 -184.685 -77.6945 -77.3503 -7.5807
-83.0604 -79.7473 -184.723 -77.7258 -77.3861 -7.29605
-83.4491 -80.1343 -184.758 -77.7562 -77.4211 -7.01118
-83.838 -80.5215 -184.793 -77.7858 -77.4553 -6.72609
-84.227 -80.9089 -184.826 -77.8145 -77.4886 -6.4408
-84.6161 -81.2964 -184.857 -77.8423 -77.521 -6.15531
-85.0054 -81.6841 -184.887 -77.8693 -77.5525 -5.86963
-85.3948 -82.0719 -184.916 -77.8954 -77.5832 -5.58377
-85.7843 -82.4599 -184.943 -77.9207 -77.6131 -5.29774
-86.174 -82.848 -184.969 -77.9451 -77.6421 -5.01154
-86.5638 -83.2363 -184.993 -77.9686 -77.6702 -4.7252
-86.9537 -83.6247 -185.016 -77.9912 -77.6974 -4.43872
-87.3437 -84.0133 -185.038 -78.013 -77.7238 -4.1521
-87.7338 -84.402 -185.058 -78.0339 -77.7493 -3.86535
-88.124 -84.7908 -185.076 -78.054 -77.774 -3.57849
-88.5144 -85.1797 -185.093 -78.0732 -77.7978 -3.29153
-88.9048 -85.5688 -185.109 -78.0915 -77.8207 -3.00447
-89.2953 -85.9579 -185.123 -78.1089 -77.8428 -2.71732
-89.6859 -86.3472 -185.136 -78.1255 -77.864 -2.43009
-90.0765 -86.7366 -185.148 -78.1412 -77.8843 -2.14279
-90.4673 -87.126 -185.158 -78.156 -77.9037 -1.85544
-90.8581 -87.5156 -185.166 -78.17 -77.9223 -1.56803
-91.249 -87.9053 -185.173 -78.183 -77.94 -1.28058
-91.6399 -88.295 -185.179 -78.1953 -77.9569 -0.993102
